version https://git-lfs.github.com/spec/v1
oid sha256:61a893dba6c6f3b5be1dd3aa6593ea3b5a21ab6970d114af4e13df31672ebb8f
size 6742643
