Timestamp,CoG Acceleration/X,CoG Acceleration/Y,CoG position/X,CoG position/Y,CoG position/Roll,CoG position/Pitch,CoG position/Yaw,Horizontal tangential speed,Over-steering criteria2,Pitch %ground,Pitch acceleration,Pitch speed,Roll %ground,Roll acceleration,Roll speed,Slope force,Speed/X,Speed/Y,Tangent Acceleration/X,Tangent Acceleration/Y,Tangential speed,Yaw %ground,Yaw acceleration,Yaw speed,Brake pedal force,Gas pedal,Steering wheel angle,Steering wheel speed,Intersection Id,Lane gap,CoG Acceleration/X.1,CoG Acceleration/Y.1,CoG position/X.1,CoG position/Y.1,Pitch acceleration.1,Pitch speed.1,Roll acceleration.1,Roll speed.1,Speed/X.1,Speed/Y.1,Tangential speed.1,Yaw acceleration.1,Yaw speed.1,CoG Acceleration/X.2,CoG Acceleration/Y.2,CoG position/X.2,CoG position/Y.2,Pitch acceleration.2,Pitch speed.2,Roll acceleration.2,Roll speed.2,Speed/X.2,Speed/Y.2,Tangential speed.2,Yaw acceleration.2,Yaw speed.2,CoG Acceleration/X.3,CoG Acceleration/Y.3,CoG position/X.3,CoG position/Y.3,Pitch acceleration.3,Pitch speed.3,Roll acceleration.3,Roll speed.3,Speed/X.3,Speed/Y.3,Tangential speed.3,Yaw acceleration.3,Yaw speed.3,CoG Acceleration/X.4,CoG Acceleration/Y.4,CoG position/X.4,CoG position/Y.4,Pitch acceleration.4,Pitch speed.4,Roll acceleration.4,Roll speed.4,Speed/X.4,Speed/Y.4,Tangential speed.4,Yaw acceleration.4,Yaw speed.4,ExportChannel/1,ExportChannel/4,ExportChannel/3,distance_to_inter_1,Type_gaze,Data Gaze2D X,Data Gaze2D Y,Data Gaze3D X,Data Gaze3D Y,Data Gaze3D Z,Data Eyeleft Gazeorigin X,Data Eyeleft Gazeorigin Y,Data Eyeleft Gazeorigin Z,Data Eyeleft Gazedirection X,Data Eyeleft Gazedirection Y,Data Eyeleft Gazedirection Z,Data Eyeleft Pupildiameter,Data Eyeright Gazeorigin X,Data Eyeright Gazeorigin Y,Data Eyeright Gazeorigin Z,Data Eyeright Gazedirection X,Data Eyeright Gazedirection Y,Data Eyeright Gazedirection Z,Data Eyeright Pupildiameter,Avg_Gazeorigin_X,Avg_Gazeorigin_Y,Avg_Gazeorigin_Z,Avg_Gazedirection_X,Avg_Gazedirection_Y,Avg_Gazedirection_Z,Avg_Pupildiameter,Velocity,Is_Fixation,Fixation_ID,Type_imu,Data Accelerometer X,Data Accelerometer Y,Data Accelerometer Z,Data Gyroscope X,Data Gyroscope Y,Data Gyroscope Z,Data Magnetometer X,Data Magnetometer Y,Data Magnetometer Z
228.128,0.121466,0.0374955,4565.91,7.4765,0.00489086,-0.437494,179.797,17507.9,-0.000182112,-0.437409,-0.614741,0.0779034,0.00489086,-0.394101,0.128886,-0.00280149,63.0266,0.00592536,0.121508,0.0374845,63.0284,-180.203,0.774384,0.158937,0.0,0.128276,0.873,0.0,-1.0,-0.146292,0.0,0.0,1779.95,-3.30369,0.0,0.0,0.0,0.0,0.0,0.0,0.0,0.0,0.0,0.0,0.0,1256.09,-0.0966621,0.0,0.0,0.0,0.0,0.0,0.0,0.0,0.0,0.0,0.0931326,0.368474,5715.32,-162.57,0.0,1.91e-07,0.0,-4.46e-09,53.3505,-0.0331609,53.3505,0.0,1.4246,1.19809,5.4e-07,4476.3,27.6329,0.0,4.72e-21,0.0,-1.48e-14,0.24637,-5.38e-08,0.24637,0.0,0.000399293,999.0,999.0,999.0,89.90106668582955,gaze,0.531385154661948,0.4043109025397598,-16.83156255075362,35.85089705960504,263.1314866822287,28.42578050011812,0.2021037251785485,-34.36169025751452,-0.0501154085004964,0.1429395792025751,0.9884617961905352,5.276469707489014,-29.91232041534709,-1.704934037976215,-33.66922104706882,-0.0571781858964273,0.1011629952724967,0.9932254041480668,5.122965812683105,-0.7432699576144852,-0.7514151563988333,-34.015455652291664,-0.0536467971984618,0.1220512872375359,0.9908436001693012,5.19971776008606,9.63599110250017,True,0.0,imu,-0.3995660704000001,-9.648802816800002,2.269989876,4.74046841,2.29490136,-3.87770441,73.4385044,-2.850411600000013,0.4211631999999965
228.144,0.115978,0.0374714,4565.63,7.47746,0.00691509,-0.436331,179.8,17509.8,-0.000226493,-0.436247,-0.527558,0.0686209,0.00691509,-0.907304,0.123465,-0.00279586,63.0335,0.00519657,0.115987,0.0374619,63.0353,-180.2,-0.211447,0.168784,0.0,0.134858,0.882,0.0,-1.0,-0.147307,0.0,0.0,1779.95,-3.30369,0.0,0.0,0.0,0.0,0.0,0.0,0.0,0.0,0.0,0.0,0.0,1256.09,-0.0966621,0.0,0.0,0.0,0.0,0.0,0.0,0.0,0.0,0.0,0.0923802,0.368549,5715.35,-162.806,0.0,1.9e-07,0.0,-4.47e-09,53.3558,-0.0331672,53.3558,0.0,1.42475,1.27256,9.69e-07,4476.3,27.6309,0.0,3.58e-21,0.0,-9.25e-15,0.326791,-1e-07,0.326791,0.0,0.000532082,999.0,999.0,999.0,89.62106572637717,gaze,0.531385154661948,0.4043109025397598,-16.83156255075362,35.85089705960504,263.1314866822287,28.42578050011812,0.2021037251785485,-34.36169025751452,-0.0501154085004964,0.1429395792025751,0.9884617961905352,5.276469707489014,-29.91232041534709,-1.704934037976215,-33.66922104706882,-0.0571781858964273,0.1011629952724967,0.9932254041480668,5.122965812683105,-0.7432699576144852,-0.7514151563988333,-34.015455652291664,-0.0536467971984618,0.1220512872375359,0.9908436001693012,5.19971776008606,9.63599110250017,True,0.0,imu,-0.3995660704000001,-9.648802816800002,2.269989876,4.74046841,2.29490136,-3.87770441,73.4385044,-2.850411600000013,0.4211631999999965
228.16,0.133072,0.0417127,4565.35,7.47841,0.00882393,-0.4353,179.803,17511.7,-0.00015604,-0.435216,-0.584656,0.0607881,0.00882393,-0.338472,0.115517,-0.00279088,63.0404,0.00446931,0.133125,0.0417042,63.0422,-180.197,0.218439,0.177836,0.0,0.138149,0.891,0.0,-1.0,-0.148317,0.0,0.0,1779.95,-3.30369,0.0,0.0,0.0,0.0,0.0,0.0,0.0,0.0,0.0,0.0,0.0,1256.09,-0.0966621,0.0,0.0,0.0,0.0,0.0,0.0,0.0,0.0,0.0,0.0916278,0.368623,5715.37,-163.042,0.0,1.89e-07,0.0,-4.48e-09,53.361,-0.0331736,53.361,0.0,1.4249,1.34704,1.4e-06,4476.3,27.6288,0.0,2.4400000000000002e-21,0.0,-3.71e-15,0.407212,-1.47e-07,0.407212,0.0,0.000664872,999.0,4.0,999.0,89.34106478326841,gaze,0.531385154661948,0.4043109025397598,-16.83156255075362,35.85089705960504,263.1314866822287,28.42578050011812,0.2021037251785485,-34.36169025751452,-0.0501154085004964,0.1429395792025751,0.9884617961905352,5.276469707489014,-29.91232041534709,-1.704934037976215,-33.66922104706882,-0.0571781858964273,0.1011629952724967,0.9932254041480668,5.122965812683105,-0.7432699576144852,-0.7514151563988333,-34.015455652291664,-0.0536467971984618,0.1220512872375359,0.9908436001693012,5.19971776008606,9.63599110250017,True,0.0,imu,-0.3995660704000001,-9.648802816800002,2.269989876,4.74046841,2.29490136,-3.87770441,73.4385044,-2.850411600000013,0.4211631999999965
228.176,0.110626,0.0454474,4565.07,7.47935,0.0106404,-0.434374,179.806,17513.6,-0.000163158,-0.43429,-0.134935,0.0555138,0.0106404,-0.0452142,0.111043,-0.00278676,63.0472,0.00375758,0.110676,0.0454419,63.049,-180.194,0.743825,0.185808,0.0,0.144732,0.9,0.0,-1.0,-0.149322,0.0,0.0,1779.95,-3.30369,0.0,0.0,0.0,0.0,0.0,0.0,0.0,0.0,0.0,0.0,0.0,1256.09,-0.0966621,0.0,0.0,0.0,0.0,0.0,0.0,0.0,0.0,0.0,0.0908815,0.368697,5715.4,-163.277,0.0,1.89e-07,0.0,-4.5e-09,53.3662,-0.0331788,53.3662,0.0,1.42504,1.40173,1.95e-06,4476.3,27.6264,0.0,1.9300000000000007e-21,0.0,-5.94e-19,0.488532,-2.01e-07,0.488532,0.0,0.000800548,999.0,4.0,999.0,89.06106385633649,gaze,0.531385154661948,0.4043109025397598,-16.83156255075362,35.85089705960504,263.1314866822287,28.42578050011812,0.2021037251785485,-34.36169025751452,-0.0501154085004964,0.1429395792025751,0.9884617961905352,5.276469707489014,-29.91232041534709,-1.704934037976215,-33.66922104706882,-0.0571781858964273,0.1011629952724967,0.9932254041480668,5.122965812683105,-0.7432699576144852,-0.7514151563988333,-34.015455652291664,-0.0536467971984618,0.1220512872375359,0.9908436001693012,5.19971776008606,9.63599110250017,True,0.0,imu,-0.3995660704000001,-9.648802816800002,2.269989876,4.74046841,2.29490136,-3.87770441,73.4385044,-2.850411600000013,0.4211631999999965
228.192,0.13089,0.0464043,4564.79,7.48028,0.0123848,-0.433527,179.809,17515.5,-0.000156779,-0.433443,-0.591551,0.0509212,0.0123848,-0.780436,0.107038,-0.00278291,63.054,0.0030631,0.130894,0.0463979,63.0559,-180.191,-0.0585053,0.192538,0.0,0.148023,0.9,0.0,-1.0,-0.150319,0.0,0.0,1779.95,-3.30369,0.0,0.0,0.0,0.0,0.0,0.0,0.0,0.0,0.0,0.0,0.0,1256.09,-0.0966621,0.0,0.0,0.0,0.0,0.0,0.0,0.0,0.0,0.0,0.0901477,0.36877,5715.42,-163.513,0.0,1.88e-07,0.0,-4.51e-09,53.3713,-0.033182,53.3713,0.0,1.42519,1.41664,2.75e-06,4476.3,27.6232,0.0,2.67e-21,0.0,-8.59e-19,0.571659,-2.72e-07,0.571659,0.0,0.00094203,999.0,4.0,999.0,88.78106294541867,gaze,0.531385154661948,0.4043109025397598,-16.83156255075362,35.85089705960504,263.1314866822287,28.42578050011812,0.2021037251785485,-34.36169025751452,-0.0501154085004964,0.1429395792025751,0.9884617961905352,5.276469707489014,-29.91232041534709,-1.704934037976215,-33.66922104706882,-0.0571781858964273,0.1011629952724967,0.9932254041480668,5.122965812683105,-0.7432699576144852,-0.7514151563988333,-34.015455652291664,-0.0536467971984618,0.1220512872375359,0.9908436001693012,5.19971776008606,9.63599110250017,True,0.0,imu,-0.3995660704000001,-9.648802816800002,2.269989876,4.74046841,2.29490136,-3.87770441,73.4385044,-2.850411600000013,0.4211631999999965
228.208,0.115501,0.0459697,4564.51,7.48119,0.0140552,-0.432736,179.812,17517.3,-0.000119327,-0.432652,-0.196497,0.0480103,0.0140552,-0.625239,0.103224,-0.00277925,63.0606,0.00239527,0.115507,0.0459654,63.0624,-180.188,-0.371638,0.19813,0.0,0.154605,0.909,0.0,-1.0,-0.151307,0.0,0.0,1779.95,-3.30369,0.0,0.0,0.0,0.0,0.0,0.0,0.0,0.0,0.0,0.0,0.0,1256.09,-0.0966621,0.0,0.0,0.0,0.0,0.0,0.0,0.0,0.0,0.0,0.0894138,0.368842,5715.45,-163.749,0.0,1.87e-07,0.0,-4.52e-09,53.3765,-0.0331851,53.3765,0.0,1.42533,1.43154,3.54e-06,4476.3,27.62,0.0,3.4e-21,0.0,-1.12e-18,0.654787,-3.42e-07,0.654787,0.0,0.00108351,999.0,4.0,999.0,88.501062062193,gaze,0.531385154661948,0.4043109025397598,-16.83156255075362,35.85089705960504,263.1314866822287,28.42578050011812,0.2021037251785485,-34.36169025751452,-0.0501154085004964,0.1429395792025751,0.9884617961905352,5.276469707489014,-29.91232041534709,-1.704934037976215,-33.66922104706882,-0.0571781858964273,0.1011629952724967,0.9932254041480668,5.122965812683105,-0.7432699576144852,-0.7514151563988333,-34.015455652291664,-0.0536467971984618,0.1220512872375359,0.9908436001693012,5.19971776008606,9.63599110250017,True,0.0,imu,-0.3995660704000001,-9.648802816800002,2.269989876,4.74046841,2.29490136,-3.87770441,73.4385044,-2.850411600000013,0.4211631999999965
228.224,0.113723,0.0507355,4564.23,7.4821,0.0156849,-0.431978,179.815,17519.1,-9.4e-05,-0.431895,-0.0595178,0.0466435,0.0156849,0.0472715,0.100002,-0.00277627,63.0671,0.00174297,0.113756,0.0507334,63.0689,-180.185,0.98638,0.203495,0.0,0.157896,0.909,0.0,-1.0,-0.152286,0.0,0.0,1779.95,-3.30369,0.0,0.0,0.0,0.0,0.0,0.0,0.0,0.0,0.0,0.0,0.0,1256.09,-0.0966621,0.0,0.0,0.0,0.0,0.0,0.0,0.0,0.0,0.0,0.0886868,0.368914,5715.48,-163.984,0.0,1.86e-07,0.0,-4.53e-09,53.3815,-0.0331914,53.3815,0.0,1.42547,1.44396,4.42e-06,4476.3,27.6165,0.0,4.170000000000001e-21,0.0,-1.45e-18,0.737692,-4.17e-07,0.737692,0.0,0.00122621,999.0,4.0,999.0,88.22106118274661,gaze,0.531385154661948,0.4043109025397598,-16.83156255075362,35.85089705960504,263.1314866822287,28.42578050011812,0.2021037251785485,-34.36169025751452,-0.0501154085004964,0.1429395792025751,0.9884617961905352,5.276469707489014,-29.91232041534709,-1.704934037976215,-33.66922104706882,-0.0571781858964273,0.1011629952724967,0.9932254041480668,5.122965812683105,-0.7432699576144852,-0.7514151563988333,-34.015455652291664,-0.0536467971984618,0.1220512872375359,0.9908436001693012,5.19971776008606,9.63599110250017,True,0.0,imu,-0.3995660704000001,-9.648802816800002,2.269989876,4.74046841,2.29490136,-3.87770441,73.4385044,-2.850411600000013,0.4211631999999965
228.24,0.112899,0.0537128,4563.95,7.48299,0.0172569,-0.431242,179.818,17520.9,-0.000111672,-0.431159,-0.0490494,0.0455038,0.0172569,-0.198633,0.0964239,-0.00277329,63.0735,0.00113512,0.112926,0.0537117,63.0753,-180.182,0.0222189,0.207468,0.0,0.161187,0.918,0.0,-1.0,-0.153254,0.0,0.0,1779.95,-3.30369,0.0,0.0,0.0,0.0,0.0,0.0,0.0,0.0,0.0,0.0,0.0,1256.09,-0.0966621,0.0,0.0,0.0,0.0,0.0,0.0,0.0,0.0,0.0,0.087986,0.368983,5715.5,-164.215,0.0,1.84e-07,0.0,-4.55e-09,53.3864,-0.0332097,53.3864,0.0,1.42561,1.44688,5.6e-06,4476.3,27.6123,0.0,5.060000000000001e-21,0.0,-2.02e-18,0.81975,-5.09e-07,0.81975,0.0,0.00137354,999.0,4.0,999.0,87.94106033054221,gaze,0.531385154661948,0.4043109025397598,-16.83156255075362,35.85089705960504,263.1314866822287,28.42578050011812,0.2021037251785485,-34.36169025751452,-0.0501154085004964,0.1429395792025751,0.9884617961905352,5.276469707489014,-29.91232041534709,-1.704934037976215,-33.66922104706882,-0.0571781858964273,0.1011629952724967,0.9932254041480668,5.122965812683105,-0.7432699576144852,-0.7514151563988333,-34.015455652291664,-0.0536467971984618,0.1220512872375359,0.9908436001693012,5.19971776008606,9.63599110250017,True,0.0,imu,-0.3995660704000001,-9.648802816800002,2.269989876,4.74046841,2.29490136,-3.87770441,73.4385044,-2.850411600000013,0.4211631999999965
228.256,0.100918,0.0565852,4563.67,7.48386,0.0187712,-0.43052,179.822,17522.7,-0.000150329,-0.430437,0.0977322,0.0449344,0.0187712,0.501486,0.0937586,-0.00277031,63.0798,0.000584087,0.10091,0.0565838,63.0816,-180.178,0.197666,0.211252,0.0,0.164478,0.927,0.0,-1.0,-0.154211,0.0,0.0,1779.95,-3.30369,0.0,0.0,0.0,0.0,0.0,0.0,0.0,0.0,0.0,0.0,0.0,1256.09,-0.0966621,0.0,0.0,0.0,0.0,0.0,0.0,0.0,0.0,0.0,0.0872851,0.369053,5715.53,-164.446,0.0,1.82e-07,0.0,-4.56e-09,53.3913,-0.0332279,53.3913,0.0,1.42575,1.4498,6.78e-06,4476.31,27.608,0.0,5.9500000000000004e-21,0.0,-2.59e-18,0.901809,-6.01e-07,0.901809,0.0,0.00152087,999.0,4.0,999.0,87.66105950523077,gaze,0.531385154661948,0.4043109025397598,-16.83156255075362,35.85089705960504,263.1314866822287,28.42578050011812,0.2021037251785485,-34.36169025751452,-0.0501154085004964,0.1429395792025751,0.9884617961905352,5.276469707489014,-29.91232041534709,-1.704934037976215,-33.66922104706882,-0.0571781858964273,0.1011629952724967,0.9932254041480668,5.122965812683105,-0.7432699576144852,-0.7514151563988333,-34.015455652291664,-0.0536467971984618,0.1220512872375359,0.9908436001693012,5.19971776008606,9.63599110250017,True,0.0,imu,-0.3995660704000001,-9.648802816800002,2.269989876,4.74046841,2.29490136,-3.87770441,73.4385044,-2.850411600000013,0.4211631999999965
228.272,0.0750493,0.0589818,4563.39,7.48472,0.0202457,-0.429801,179.825,17524.4,-9.51e-05,-0.429718,0.432831,0.04502,0.0202457,0.0103841,0.0915682,-0.00276751,63.0859,0.000100269,0.0750324,0.0589808,63.0877,-180.175,0.0387554,0.215171,0.0,0.167769,0.945,0.0,-1.0,-0.155156,0.0,0.0,1779.95,-3.30369,0.0,0.0,0.0,0.0,0.0,0.0,0.0,0.0,0.0,0.0,0.0,1256.09,-0.0966621,0.0,0.0,0.0,0.0,0.0,0.0,0.0,0.0,0.0,0.0865845,0.369122,5715.55,-164.678,0.0,1.81e-07,0.0,-4.57e-09,53.3962,-0.0332458,53.3962,0.0,1.42589,1.45268,7.96e-06,4476.31,27.6037,0.0,6.840000000000001e-21,0.0,-3.15e-18,0.983869,-6.94e-07,0.983869,0.0,0.00166864,999.0,4.0,999.0,87.38105869488224,gaze,0.531385154661948,0.4043109025397598,-16.83156255075362,35.85089705960504,263.1314866822287,28.42578050011812,0.2021037251785485,-34.36169025751452,-0.0501154085004964,0.1429395792025751,0.9884617961905352,5.276469707489014,-29.91232041534709,-1.704934037976215,-33.66922104706882,-0.0571781858964273,0.1011629952724967,0.9932254041480668,5.122965812683105,-0.7432699576144852,-0.7514151563988333,-34.015455652291664,-0.0536467971984618,0.1220512872375359,0.9908436001693012,5.19971776008606,9.63599110250017,True,0.0,imu,-0.3995660704000001,-9.648802816800002,2.269989876,4.74046841,2.29490136,-3.87770441,73.4385044,-2.850411600000013,0.4211631999999965
228.288,0.0844521,0.0598148,4563.11,7.48557,0.0217018,-0.429081,179.829,17526.0,-8e-05,-0.428998,0.332454,0.0449777,0.0217018,-0.0590702,0.0912799,-0.00276457,63.0919,-0.000353486,0.0844596,0.0598155,63.0937,-180.171,0.139956,0.218678,0.0,0.174351,0.954,0.0,-1.0,-0.156089,0.0,0.0,1779.95,-3.30369,0.0,0.0,0.0,0.0,0.0,0.0,0.0,0.0,0.0,0.0,0.0,1256.09,-0.0966621,0.0,0.0,0.0,0.0,0.0,0.0,0.0,0.0,0.0,0.0859005,0.369189,5715.58,-164.909,0.0,1.79e-07,0.0,-4.58e-09,53.401,-0.0332438,53.401,0.0,1.42601,1.45327,9.65e-06,4476.31,27.5983,0.0,7.960000000000001e-21,0.0,-3.69e-18,1.06602,-8.45e-07,1.06602,0.0,0.00183886,999.0,4.0,999.0,87.1010578993438,gaze,0.531385154661948,0.4043109025397598,-16.83156255075362,35.85089705960504,263.1314866822287,28.42578050011812,0.2021037251785485,-34.36169025751452,-0.0501154085004964,0.1429395792025751,0.9884617961905352,5.276469707489014,-29.91232041534709,-1.704934037976215,-33.66922104706882,-0.0571781858964273,0.1011629952724967,0.9932254041480668,5.122965812683105,-0.7432699576144852,-0.7514151563988333,-34.015455652291664,-0.0536467971984618,0.1220512872375359,0.9908436001693012,5.19971776008606,9.63599110250017,True,0.0,imu,-0.3995660704000001,-9.648802816800002,2.269989876,4.74046841,2.29490136,-3.87770441,73.4385044,-2.850411600000013,0.4211631999999965
228.304,0.129447,0.0624798,4562.83,7.4864,0.0231386,-0.428363,179.832,17527.7,-7.41e-05,-0.42828,-0.328175,0.0450831,0.0231386,-0.192526,0.0882335,-0.00276189,63.0979,-0.000753401,0.129453,0.0624815,63.0997,-180.168,0.167188,0.221956,0.0,0.174351,0.972,6.0,-1.0,-0.157007,0.0,0.0,1779.95,-3.30369,0.0,0.0,0.0,0.0,0.0,0.0,0.0,0.0,0.0,0.0,0.0,1256.09,-0.0966621,0.0,0.0,0.0,0.0,0.0,0.0,0.0,0.0,0.0,0.0852165,0.369255,5715.61,-165.14,0.0,1.78e-07,0.0,-4.59e-09,53.4057,-0.0332419,53.4057,0.0,1.42614,1.45385,1.13e-05,4476.31,27.5928,0.0,9.09e-21,0.0,-4.24e-18,1.14817,-9.97e-07,1.14817,0.0,0.00200908,999.0,4.0,999.0,86.82105712993815,gaze,0.531385154661948,0.4043109025397598,-16.83156255075362,35.85089705960504,263.1314866822287,28.42578050011812,0.2021037251785485,-34.36169025751452,-0.0501154085004964,0.1429395792025751,0.9884617961905352,5.276469707489014,-29.91232041534709,-1.704934037976215,-33.66922104706882,-0.0571781858964273,0.1011629952724967,0.9932254041480668,5.122965812683105,-0.7432699576144852,-0.7514151563988333,-34.015455652291664,-0.0536467971984618,0.1220512872375359,0.9908436001693012,5.19971776008606,9.63599110250017,True,0.0,imu,-0.3995660704000001,-9.648802816800002,2.269989876,4.74046841,2.29490136,-3.87770441,73.4385044,-2.850411600000013,0.4211631999999965
228.32,0.11377,0.0609928,4562.55,7.48722,0.0245314,-0.427625,179.836,17529.3,-0.000108063,-0.427542,-0.0288149,0.0468395,0.0245314,-0.250389,0.0857558,-0.00275964,63.1035,-0.00110263,0.113804,0.0609967,63.1053,-180.164,0.0250653,0.225275,0.0,0.177642,0.981,0.0,-1.0,-0.157912,0.0,0.0,1779.95,-3.30369,0.0,0.0,0.0,0.0,0.0,0.0,0.0,0.0,0.0,0.0,0.0,1256.09,-0.0966621,0.0,0.0,0.0,0.0,0.0,0.0,0.0,0.0,0.0,0.0845325,0.369322,5715.63,-165.371,0.0,1.76e-07,0.0,-4.61e-09,53.4105,-0.0332399,53.4105,0.0,1.42627,1.45444,1.3e-05,4476.31,27.5874,0.0,1.02e-20,0.0,-4.78e-18,1.23032,-1.15e-06,1.23032,0.0,0.0021793,999.0,4.0,999.0,86.54105637492779,gaze,0.531385154661948,0.4043109025397598,-16.83156255075362,35.85089705960504,263.1314866822287,28.42578050011812,0.2021037251785485,-34.36169025751452,-0.0501154085004964,0.1429395792025751,0.9884617961905352,5.276469707489014,-29.91232041534709,-1.704934037976215,-33.66922104706882,-0.0571781858964273,0.1011629952724967,0.9932254041480668,5.122965812683105,-0.7432699576144852,-0.7514151563988333,-34.015455652291664,-0.0536467971984618,0.1220512872375359,0.9908436001693012,5.19971776008606,9.63599110250017,True,0.0,imu,-0.3995660704000001,-9.648802816800002,2.269989876,4.74046841,2.29490136,-3.87770441,73.4385044,-2.850411600000013,0.4211631999999965
228.336,0.073498,0.0650849,4562.27,7.48802,0.0258867,-0.426866,179.839,17530.8,-7.68e-05,-0.426783,0.406742,0.0481177,0.0258867,-0.312852,0.0835359,-0.00275714,63.109,-0.00138796,0.073502,0.0650867,63.1108,-180.161,0.133519,0.228864,0.0,0.180933,0.999,0.0,-1.0,-0.158803,0.0,0.0,1779.95,-3.30369,0.0,0.0,0.0,0.0,0.0,0.0,0.0,0.0,0.0,0.0,0.0,1256.09,-0.0966621,0.0,0.0,0.0,0.0,0.0,0.0,0.0,0.0,0.0,0.0838284,0.36939,5715.66,-165.615,0.0,1.74e-07,0.0,-4.62e-09,53.4154,-0.0332433,53.4154,0.0,1.42641,1.45464,1.53e-05,4476.31,27.5807,0.0,1.17e-20,0.0,-5.39e-18,1.31674,-1.38e-06,1.31674,0.0,0.00237257,999.0,4.0,999.0,86.26105564552564,gaze,0.531385154661948,0.4043109025397598,-16.83156255075362,35.85089705960504,263.1314866822287,28.42578050011812,0.2021037251785485,-34.36169025751452,-0.0501154085004964,0.1429395792025751,0.9884617961905352,5.276469707489014,-29.91232041534709,-1.704934037976215,-33.66922104706882,-0.0571781858964273,0.1011629952724967,0.9932254041480668,5.122965812683105,-0.7432699576144852,-0.7514151563988333,-34.015455652291664,-0.0536467971984618,0.1220512872375359,0.9908436001693012,5.19971776008606,9.63599110250017,True,0.0,imu,-0.3995660704000001,-9.648802816800002,2.269989876,4.74046841,2.29490136,-3.87770441,73.4385044,-2.850411600000013,0.4211631999999965
228.352,0.0764182,0.0671651,4561.99,7.4888,0.0271947,-0.426085,179.843,17532.3,-6.15e-05,-0.426002,0.458722,0.0498972,0.0271947,-0.33871,0.0803565,-0.00275478,63.1144,-0.00162468,0.0764233,0.0671674,63.1162,-180.157,0.366955,0.232413,0.0,0.180933,1.017,0.0,-1.0,-0.159678,0.0,0.0,1779.95,-3.30369,0.0,0.0,0.0,0.0,0.0,0.0,0.0,0.0,0.0,0.0,0.0,1256.09,-0.0966621,0.0,0.0,0.0,0.0,0.0,0.0,0.0,0.0,0.0,0.0831202,0.369459,5715.69,-165.86,0.0,1.72e-07,0.0,-4.63e-09,53.4204,-0.0332478,53.4204,0.0,1.42654,1.45476,1.77e-05,4476.31,27.5737,0.0,1.32e-20,0.0,-6.02e-18,1.40402,-1.64e-06,1.40402,0.0,0.00257049,999.0,4.0,999.0,85.98105494142277,gaze,0.531385154661948,0.4043109025397598,-16.83156255075362,35.85089705960504,263.1314866822287,28.42578050011812,0.2021037251785485,-34.36169025751452,-0.0501154085004964,0.1429395792025751,0.9884617961905352,5.276469707489014,-29.91232041534709,-1.704934037976215,-33.66922104706882,-0.0571781858964273,0.1011629952724967,0.9932254041480668,5.122965812683105,-0.7432699576144852,-0.7514151563988333,-34.015455652291664,-0.0536467971984618,0.1220512872375359,0.9908436001693012,5.19971776008606,9.63599110250017,True,0.0,imu,-0.3995660704000001,-9.648802816800002,2.269989876,4.74046841,2.29490136,-3.87770441,73.4385044,-2.850411600000013,0.4211631999999965
228.368,0.102713,0.0696287,4561.71,7.48956,0.0284472,-0.425282,179.847,17533.7,-6.62e-05,-0.425199,-0.125471,0.05096,0.0284472,-0.442467,0.0759504,-0.00275187,63.1196,-0.00179956,0.10273,0.0696327,63.1213,-180.153,0.769686,0.23633,0.0,0.180933,1.044,0.0,-1.0,-0.160539,0.0,0.0,1779.95,-3.30369,0.0,0.0,0.0,0.0,0.0,0.0,0.0,0.0,0.0,0.0,0.0,1256.09,-0.0966621,0.0,0.0,0.0,0.0,0.0,0.0,0.0,0.0,0.0,0.0824121,0.369528,5715.72,-166.106,0.0,1.7e-07,0.0,-4.64e-09,53.4253,-0.0332523,53.4253,0.0,1.42668,1.45489,2.01e-05,4476.31,27.5668,0.0,1.47e-20,0.0,-6.65e-18,1.49131,-1.89e-06,1.49131,0.0,0.00276841,999.0,4.0,999.0,85.70105426232284,gaze,0.531385154661948,0.4043109025397598,-16.83156255075362,35.85089705960504,263.1314866822287,28.42578050011812,0.2021037251785485,-34.36169025751452,-0.0501154085004964,0.1429395792025751,0.9884617961905352,5.276469707489014,-29.91232041534709,-1.704934037976215,-33.66922104706882,-0.0571781858964273,0.1011629952724967,0.9932254041480668,5.122965812683105,-0.7432699576144852,-0.7514151563988333,-34.015455652291664,-0.0536467971984618,0.1220512872375359,0.9908436001693012,5.19971776008606,9.63599110250017,True,0.0,imu,-0.3995660704000001,-9.648802816800002,2.269989876,4.74046841,2.29490136,-3.87770441,73.4385044,-2.850411600000013,0.4211631999999965
228.384,-0.0079564,0.0722202,4561.43,7.49031,0.0296348,-0.424385,179.851,17534.3,-0.00012361,-0.424303,1.4689,0.0652484,0.0296348,0.484347,0.0739612,-0.00274863,63.1217,-0.00193408,-0.00795711,0.0722201,63.1235,-180.149,0.211363,0.239709,0.0,0.180933,1.062,0.0,-1.0,-0.161384,0.0,0.0,1779.95,-3.30369,0.0,0.0,0.0,0.0,0.0,0.0,0.0,0.0,0.0,0.0,0.0,1256.09,-0.0966621,0.0,0.0,0.0,0.0,0.0,0.0,0.0,0.0,0.0,0.081742,0.369593,5715.74,-166.344,0.0,1.69e-07,0.0,-4.66e-09,53.43,-0.033257,53.43,0.0,1.4268,1.45493,2.29e-05,4476.31,27.5591,0.0,1.63e-20,0.0,-7.3e-18,1.57567,-2.11e-06,1.57567,0.0,0.00297971,999.0,4.0,999.0,85.42105359673427,gaze,0.531385154661948,0.4043109025397598,-16.83156255075362,35.85089705960504,263.1314866822287,28.42578050011812,0.2021037251785485,-34.36169025751452,-0.0501154085004964,0.1429395792025751,0.9884617961905352,5.276469707489014,-29.91232041534709,-1.704934037976215,-33.66922104706882,-0.0571781858964273,0.1011629952724967,0.9932254041480668,5.122965812683105,-0.7432699576144852,-0.7514151563988333,-34.015455652291664,-0.0536467971984618,0.1220512872375359,0.9908436001693012,5.19971776008606,9.63599110250017,True,0.0,imu,-0.3995660704000001,-9.648802816800002,2.269989876,4.74046841,2.29490136,-3.87770441,73.4385044,-2.850411600000013,0.4211631999999965
228.4,-0.0125429,0.0731662,4561.15,7.49104,0.0308173,-0.423128,179.854,17534.1,-0.000115146,-0.423045,1.50495,0.0900281,0.0308173,0.135075,0.0735797,-0.00274453,63.121,-0.00203747,-0.0125288,0.073167,63.1227,-180.146,0.293057,0.24386,0.0,0.184224,1.089,0.0,-1.0,-0.162213,0.0,0.0,1779.95,-3.30369,0.0,0.0,0.0,0.0,0.0,0.0,0.0,0.0,0.0,0.0,0.0,1256.09,-0.0966621,0.0,0.0,0.0,0.0,0.0,0.0,0.0,0.0,0.0,0.0810795,0.369656,5715.77,-166.579,0.0,1.67e-07,0.0,-4.67e-09,53.4346,-0.0332617,53.4346,0.0,1.42692,1.45495,2.59e-05,4476.31,27.5512,0.0,1.79e-20,0.0,-7.97e-18,1.65945,-2.32e-06,1.65945,0.0,0.0031937,999.0,4.0,999.0,85.14105295567782,gaze,0.531385154661948,0.4043109025397598,-16.83156255075362,35.85089705960504,263.1314866822287,28.42578050011812,0.2021037251785485,-34.36169025751452,-0.0501154085004964,0.1429395792025751,0.9884617961905352,5.276469707489014,-29.91232041534709,-1.704934037976215,-33.66922104706882,-0.0571781858964273,0.1011629952724967,0.9932254041480668,5.122965812683105,-0.7432699576144852,-0.7514151563988333,-34.015455652291664,-0.0536467971984618,0.1220512872375359,0.9908436001693012,5.19971776008606,9.63599110250017,True,0.0,imu,-0.3995660704000001,-9.648802816800002,2.269989876,4.74046841,2.29490136,-3.87770441,73.4385044,-2.850411600000013,0.4211631999999965
228.416,-0.00686422,0.0749421,4560.87,7.49175,0.0319667,-0.421517,179.858,17533.9,-0.000130495,-0.421434,1.10393,0.110158,0.0319667,-0.241342,0.0699532,-0.00273906,63.1203,-0.00208947,-0.00686301,0.0749422,63.122,-180.142,0.830443,0.248598,0.0,0.167769,1.125,6.0,-1.0,-0.163025,0.0,0.0,1779.95,-3.30369,0.0,0.0,0.0,0.0,0.0,0.0,0.0,0.0,0.0,0.0,0.0,1256.09,-0.0966621,0.0,0.0,0.0,0.0,0.0,0.0,0.0,0.0,0.0,0.080417,0.36972,5715.8,-166.815,0.0,1.66e-07,0.0,-4.68e-09,53.4392,-0.0332664,53.4392,0.0,1.42705,1.45497,2.89e-05,4476.31,27.5434,0.0,1.95e-20,0.0,-8.63e-18,1.74323,-2.53e-06,1.74323,0.0,0.0034077,999.0,4.0,999.0,84.86105233888205,gaze,0.531385154661948,0.4043109025397598,-16.83156255075362,35.85089705960504,263.1314866822287,28.42578050011812,0.2021037251785485,-34.36169025751452,-0.0501154085004964,0.1429395792025751,0.9884617961905352,5.276469707489014,-29.91232041534709,-1.704934037976215,-33.66922104706882,-0.0571781858964273,0.1011629952724967,0.9932254041480668,5.122965812683105,-0.7432699576144852,-0.7514151563988333,-34.015455652291664,-0.0536467971984618,0.1220512872375359,0.9908436001693012,5.19971776008606,9.63599110250017,True,0.0,imu,-0.3995660704000001,-9.648802816800002,2.269989876,4.74046841,2.29490136,-3.87770441,73.4385044,-2.850411600000013,0.4211631999999965
228.432,-0.0114917,0.0770567,4560.59,7.49244,0.0330308,-0.419602,179.862,17533.6,-0.000176672,-0.41952,0.776778,0.12717,0.0330308,0.424812,0.0654454,-0.00273292,63.1193,-0.00210243,-0.0114983,0.0770561,63.121,-180.138,0.459088,0.253095,0.0,0.184224,1.143,0.0,-1.0,-0.163821,0.0,0.0,1779.95,-3.30369,0.0,0.0,0.0,0.0,0.0,0.0,0.0,0.0,0.0,0.0,0.0,1256.09,-0.0966621,0.0,0.0,0.0,0.0,0.0,0.0,0.0,0.0,0.0,0.0797663,0.369783,5715.83,-167.051,0.0,1.65e-07,0.0,-4.69e-09,53.4437,-0.0332752,53.4437,0.0,1.42717,1.45498,3.24e-05,4476.31,27.5347,0.0,2.13e-20,0.0,-9.32e-18,1.82705,-2.85e-06,1.82705,0.0,0.00364398,999.0,4.0,999.0,84.5810517460833,gaze,0.531385154661948,0.4043109025397598,-16.83156255075362,35.85089705960504,263.1314866822287,28.42578050011812,0.2021037251785485,-34.36169025751452,-0.0501154085004964,0.1429395792025751,0.9884617961905352,5.276469707489014,-29.91232041534709,-1.704934037976215,-33.66922104706882,-0.0571781858964273,0.1011629952724967,0.9932254041480668,5.122965812683105,-0.7432699576144852,-0.7514151563988333,-34.015455652291664,-0.0536467971984618,0.1220512872375359,0.9908436001693012,5.19971776008606,9.63599110250017,True,0.0,imu,-0.3995660704000001,-9.648802816800002,2.269989876,4.74046841,2.29490136,-3.87770441,73.4385044,-2.850411600000013,0.4211631999999965
228.448,-0.0184332,0.0800717,4560.31,7.49311,0.0340781,-0.417468,179.866,17533.4,-0.0001443,-0.417386,0.652343,0.138073,0.0340781,0.34298,0.0655158,-0.00272627,63.1186,-0.00208339,-0.018429,0.0800716,63.1203,-180.134,0.639066,0.258427,0.0,0.187515,1.179,0.0,-1.0,-0.164599,0.0,0.0,1779.95,-3.30369,0.0,0.0,0.0,0.0,0.0,0.0,0.0,0.0,0.0,0.0,0.0,1256.09,-0.0966621,0.0,0.0,0.0,0.0,0.0,0.0,0.0,0.0,0.0,0.0791204,0.369846,5715.85,-167.287,0.0,1.65e-07,0.0,-4.7e-09,53.4483,-0.0332855,53.4483,0.0,1.42729,1.45499,3.63e-05,4476.31,27.5257,0.0,2.33e-20,0.0,-1e-17,1.91088,-3.22e-06,1.91088,0.0,0.00388951,999.0,4.0,999.0,84.3010511770296,gaze,0.531385154661948,0.4043109025397598,-16.83156255075362,35.85089705960504,263.1314866822287,28.42578050011812,0.2021037251785485,-34.36169025751452,-0.0501154085004964,0.1429395792025751,0.9884617961905352,5.276469707489014,-29.91232041534709,-1.704934037976215,-33.66922104706882,-0.0571781858964273,0.1011629952724967,0.9932254041480668,5.122965812683105,-0.7432699576144852,-0.7514151563988333,-34.015455652291664,-0.0536467971984618,0.1220512872375359,0.9908436001693012,5.19971776008606,9.63599110250017,True,0.0,imu,-0.3995660704000001,-9.648802816800002,2.269989876,4.74046841,2.29490136,-3.87770441,73.4385044,-2.850411600000013,0.4211631999999965
228.464,-0.00445978,0.0785367,4560.03,7.49377,0.0351393,-0.4152,179.871,17533.3,-0.000131425,-0.415118,0.234305,0.144184,0.0351393,0.0519072,0.0667267,-0.00271895,63.118,-0.00205388,-0.00446952,0.078536,63.1197,-180.129,0.894803,0.264114,0.0,0.187515,1.215,0.0,-1.0,-0.165359,0.0,0.0,1779.95,-3.30369,0.0,0.0,0.0,0.0,0.0,0.0,0.0,0.0,0.0,0.0,0.0,1256.09,-0.0966621,0.0,0.0,0.0,0.0,0.0,0.0,0.0,0.0,0.0,0.0784745,0.369908,5715.88,-167.523,0.0,1.65e-07,0.0,-4.72e-09,53.4528,-0.0332959,53.4528,0.0,1.42741,1.45499,4.01e-05,4476.31,27.5166,0.0,2.52e-20,0.0,-1.08e-17,1.99472,-3.59e-06,1.99472,0.0,0.00413503,999.0,4.0,999.0,84.02105062050138,gaze,0.531385154661948,0.4043109025397598,-16.83156255075362,35.85089705960504,263.1314866822287,28.42578050011812,0.2021037251785485,-34.36169025751452,-0.0501154085004964,0.1429395792025751,0.9884617961905352,5.276469707489014,-29.91232041534709,-1.704934037976215,-33.66922104706882,-0.0571781858964273,0.1011629952724967,0.9932254041480668,5.122965812683105,-0.7432699576144852,-0.7514151563988333,-34.015455652291664,-0.0536467971984618,0.1220512872375359,0.9908436001693012,5.19971776008606,9.63599110250017,True,0.0,imu,-0.3995660704000001,-9.648802816800002,2.269989876,4.74046841,2.29490136,-3.87770441,73.4385044,-2.850411600000013,0.4211631999999965
228.48,0.00161733,0.083001,4559.75,7.4944,0.0361774,-0.412883,179.875,17533.1,-0.000153781,-0.412802,-0.330232,0.144676,0.0361774,-0.401813,0.0647886,-0.00271037,63.1175,-0.00199233,0.00154865,0.0829953,63.1192,-180.125,-0.000286588,0.270042,0.0,0.187515,1.242,0.0,-1.0,-0.166101,0.0,0.0,1779.95,-3.30369,0.0,0.0,0.0,0.0,0.0,0.0,0.0,0.0,0.0,0.0,0.0,1256.09,-0.0966621,0.0,0.0,0.0,0.0,0.0,0.0,0.0,0.0,0.0,0.0778522,0.36997,5715.91,-167.754,0.0,1.63e-07,0.0,-4.73e-09,53.4571,-0.0333063,53.4571,0.0,1.42753,1.455,4.44e-05,4476.31,27.5072,0.0,2.73e-20,0.0,-1.16e-17,2.07667,-4.02e-06,2.07667,0.0,0.00439642,999.0,4.0,999.0,83.74105009826422,gaze,0.531385154661948,0.4043109025397598,-16.83156255075362,35.85089705960504,263.1314866822287,28.42578050011812,0.2021037251785485,-34.36169025751452,-0.0501154085004964,0.1429395792025751,0.9884617961905352,5.276469707489014,-29.91232041534709,-1.704934037976215,-33.66922104706882,-0.0571781858964273,0.1011629952724967,0.9932254041480668,5.122965812683105,-0.7432699576144852,-0.7514151563988333,-34.015455652291664,-0.0536467971984618,0.1220512872375359,0.9908436001693012,5.19971776008606,9.63599110250017,True,0.0,imu,-0.3995660704000001,-9.648802816800002,2.269989876,4.74046841,2.29490136,-3.87770441,73.4385044,-2.850411600000013,0.4211631999999965
228.496,-0.0130667,0.0880396,4559.47,7.495,0.0372272,-0.410577,179.879,17532.9,-0.000171447,-0.410496,-0.12364,0.143149,0.0372272,0.515619,0.0665859,-0.00270235,63.1169,-0.00192056,-0.013086,0.0880377,63.1186,-180.121,0.607082,0.276434,0.0,0.194097,1.287,6.0,-1.0,-0.166824,0.0,0.0,1779.95,-3.30369,0.0,0.0,0.0,0.0,0.0,0.0,0.0,0.0,0.0,0.0,0.0,1256.09,-0.0966621,0.0,0.0,0.0,0.0,0.0,0.0,0.0,0.0,0.0,0.0772469,0.37003,5715.93,-167.981,0.0,1.61e-07,0.0,-4.74e-09,53.4613,-0.0333166,53.4613,0.0,1.42765,1.455,4.91e-05,4476.31,27.4974,0.0,2.96e-20,0.0,-1.25e-17,2.15726,-4.48e-06,2.15726,0.0,0.00466918,999.0,4.0,999.0,83.46104960998298,gaze,0.531385154661948,0.4043109025397598,-16.83156255075362,35.85089705960504,263.1314866822287,28.42578050011812,0.2021037251785485,-34.36169025751452,-0.0501154085004964,0.1429395792025751,0.9884617961905352,5.276469707489014,-29.91232041534709,-1.704934037976215,-33.66922104706882,-0.0571781858964273,0.1011629952724967,0.9932254041480668,5.122965812683105,-0.7432699576144852,-0.7514151563988333,-34.015455652291664,-0.0536467971984618,0.1220512872375359,0.9908436001693012,5.19971776008606,9.63599110250017,True,0.0,imu,-0.3995660704000001,-9.648802816800002,2.269989876,4.74046841,2.29490136,-3.87770441,73.4385044,-2.850411600000013,0.4211631999999965
228.512,0.00224049,0.0879177,4559.18,7.49559,0.0383089,-0.408331,179.884,17532.8,-0.000179549,-0.408251,-0.429137,0.137447,0.0383089,0.0773565,0.0683805,-0.00269381,63.1166,-0.00184017,0.00224493,0.0879184,63.1182,-180.116,0.29806,0.283338,0.0,0.194097,1.323,0.0,-1.0,-0.167528,0.0,0.0,1779.95,-3.30369,0.0,0.0,0.0,0.0,0.0,0.0,0.0,0.0,0.0,0.0,0.0,1256.09,-0.0966621,0.0,0.0,0.0,0.0,0.0,0.0,0.0,0.0,0.0,0.0766415,0.370091,5715.96,-168.208,0.0,1.59e-07,0.0,-4.75e-09,53.4655,-0.0333269,53.4655,0.0,1.42777,1.455,5.38e-05,4476.31,27.4876,0.0,3.18e-20,0.0,-1.34e-17,2.23785,-4.94e-06,2.23785,0.0,0.00494194,999.0,4.0,999.0,83.17104913951817,gaze,0.531385154661948,0.4043109025397598,-16.83156255075362,35.85089705960504,263.1314866822287,28.42578050011812,0.2021037251785485,-34.36169025751452,-0.0501154085004964,0.1429395792025751,0.9884617961905352,5.276469707489014,-29.91232041534709,-1.704934037976215,-33.66922104706882,-0.0571781858964273,0.1011629952724967,0.9932254041480668,5.122965812683105,-0.7432699576144852,-0.7514151563988333,-34.015455652291664,-0.0536467971984618,0.1220512872375359,0.9908436001693012,5.19971776008606,9.63599110250017,True,0.0,imu,-0.3995660704000001,-9.648802816800002,2.269989876,4.74046841,2.29490136,-3.87770441,73.4385044,-2.850411600000013,0.4211631999999965
228.528,-0.0274774,0.0874376,4558.9,7.49615,0.0394163,-0.406185,179.888,17532.7,-0.000133762,-0.406104,-0.0543201,0.131356,0.0394163,-0.937133,0.0689423,-0.00268611,63.1162,-0.0017597,-0.0275106,0.0874339,63.1178,-180.112,0.107463,0.290985,0.0,0.194097,1.359,0.0,-1.0,-0.168212,0.0,0.0,1779.95,-3.30369,0.0,0.0,0.0,0.0,0.0,0.0,0.0,0.0,0.0,0.0,0.0,1256.09,-0.0966621,0.0,0.0,0.0,0.0,0.0,0.0,0.0,0.0,0.0,0.0760373,0.370151,5715.99,-168.436,0.0,1.58e-07,0.0,-4.76e-09,53.4698,-0.0333328,53.4698,0.0,1.42789,1.455,5.9e-05,4476.31,27.4773,0.0,3.42e-20,0.0,-1.43e-17,2.31897,-5.44e-06,2.31897,0.0,0.00523948,999.0,4.0,999.0,82.89104869660196,gaze,0.531385154661948,0.4043109025397598,-16.83156255075362,35.85089705960504,263.1314866822287,28.42578050011812,0.2021037251785485,-34.36169025751452,-0.0501154085004964,0.1429395792025751,0.9884617961905352,5.276469707489014,-29.91232041534709,-1.704934037976215,-33.66922104706882,-0.0571781858964273,0.1011629952724967,0.9932254041480668,5.122965812683105,-0.7432699576144852,-0.7514151563988333,-34.015455652291664,-0.0536467971984618,0.1220512872375359,0.9908436001693012,5.19971776008606,9.63599110250017,True,0.0,imu,-0.3995660704000001,-9.648802816800002,2.269989876,4.74046841,2.29490136,-3.87770441,73.4385044,-2.850411600000013,0.4211631999999965
228.544,-0.00480586,0.0938742,4558.62,7.49669,0.0405064,-0.404147,179.893,17532.6,-0.000172849,-0.404067,-0.539421,0.123741,0.0405064,0.451726,0.0677693,-0.00267836,63.1158,-0.00166077,-0.0048335,0.0938715,63.1174,-180.107,1.30635,0.298809,0.0,0.197388,1.404,6.0,-1.0,-0.168877,0.0,0.0,1779.95,-3.30369,0.0,0.0,0.0,0.0,0.0,0.0,0.0,0.0,0.0,0.0,0.0,1256.09,-0.0966621,0.0,0.0,0.0,0.0,0.0,0.0,0.0,0.0,0.0,0.0754353,0.370208,5716.02,-168.668,0.0,1.57e-07,0.0,-4.78e-09,53.474,-0.0333299,53.474,0.0,1.428,1.455,6.54e-05,4476.31,27.4662,0.0,3.69e-20,0.0,-1.51e-17,2.40112,-6.01e-06,2.40112,0.0,0.00558717,999.0,4.0,999.0,82.61104827609972,gaze,0.531385154661948,0.4043109025397598,-16.83156255075362,35.85089705960504,263.1314866822287,28.42578050011812,0.2021037251785485,-34.36169025751452,-0.0501154085004964,0.1429395792025751,0.9884617961905352,5.276469707489014,-29.91232041534709,-1.704934037976215,-33.66922104706882,-0.0571781858964273,0.1011629952724967,0.9932254041480668,5.122965812683105,-0.7432699576144852,-0.7514151563988333,-34.015455652291664,-0.0536467971984618,0.1220512872375359,0.9908436001693012,5.19971776008606,9.63599110250017,True,0.0,imu,-0.3995660704000001,-9.648802816800002,2.269989876,4.74046841,2.29490136,-3.87770441,73.4385044,-2.850411600000013,0.4211631999999965
228.56,0.0194765,0.0959849,4558.34,7.49721,0.0415941,-0.402235,179.898,17532.5,-0.000196703,-0.402155,-0.834127,0.115466,0.0415941,0.118773,0.0682122,-0.00267114,63.1155,-0.00157379,0.0194866,0.0959866,63.1171,-180.102,0.62051,0.306713,0.0,0.20068,1.44,0.0,-1.0,-0.169521,0.0,0.0,1779.95,-3.30369,0.0,0.0,0.0,0.0,0.0,0.0,0.0,0.0,0.0,0.0,0.0,1256.09,-0.0966621,0.0,0.0,0.0,0.0,0.0,0.0,0.0,0.0,0.0,0.0748333,0.370265,5716.04,-168.899,0.0,1.57e-07,0.0,-4.79e-09,53.4781,-0.0333269,53.4781,0.0,1.42811,1.455,7.17e-05,4476.31,27.4551,0.0,3.96e-20,0.0,-1.59e-17,2.48327,-6.57e-06,2.48327,0.0,0.00593486,999.0,4.0,2.0,82.3310478778457,gaze,0.531385154661948,0.4043109025397598,-16.83156255075362,35.85089705960504,263.1314866822287,28.42578050011812,0.2021037251785485,-34.36169025751452,-0.0501154085004964,0.1429395792025751,0.9884617961905352,5.276469707489014,-29.91232041534709,-1.704934037976215,-33.66922104706882,-0.0571781858964273,0.1011629952724967,0.9932254041480668,5.122965812683105,-0.7432699576144852,-0.7514151563988333,-34.015455652291664,-0.0536467971984618,0.1220512872375359,0.9908436001693012,5.19971776008606,9.63599110250017,True,0.0,imu,-0.3995660704000001,-9.648802816800002,2.269989876,4.74046841,2.29490136,-3.87770441,73.4385044,-2.850411600000013,0.4211631999999965
228.576,-0.0185686,0.101848,4558.06,7.4977,0.0427029,-0.400455,179.903,17532.5,-0.000225273,-0.400375,-0.17292,0.107859,0.0427029,0.295446,0.0698152,-0.00266491,63.1153,-0.00150123,-0.0185684,0.101848,63.1169,-180.097,0.109724,0.314858,0.0,0.203971,1.476,0.0,-1.0,-0.170145,0.0,0.0,1779.95,-3.30369,0.0,0.0,0.0,0.0,0.0,0.0,0.0,0.0,0.0,0.0,0.0,1256.09,-0.0966621,0.0,0.0,0.0,0.0,0.0,0.0,0.0,0.0,0.0,0.0742282,0.370323,5716.07,-169.133,0.0,1.56e-07,0.0,-4.8e-09,53.4824,-0.0333245,53.4824,0.0,1.42822,1.455,7.83e-05,4476.31,27.4437,0.0,4.24e-20,0.0,-1.67e-17,2.56616,-7.17e-06,2.56616,0.0,0.0062916,999.0,4.0,2.0,82.05104751244839,gaze,0.531385154661948,0.4043109025397598,-16.83156255075362,35.85089705960504,263.1314866822287,28.42578050011812,0.2021037251785485,-34.36169025751452,-0.0501154085004964,0.1429395792025751,0.9884617961905352,5.276469707489014,-29.91232041534709,-1.704934037976215,-33.66922104706882,-0.0571781858964273,0.1011629952724967,0.9932254041480668,5.122965812683105,-0.7432699576144852,-0.7514151563988333,-34.015455652291664,-0.0536467971984618,0.1220512872375359,0.9908436001693012,5.19971776008606,9.63599110250017,True,0.0,imu,-0.3995660704000001,-9.648802816800002,2.269989876,4.74046841,2.29490136,-3.87770441,73.4385044,-2.850411600000013,0.4211631999999965
228.592,-0.00419552,0.0993693,4557.78,7.49817,0.0438511,-0.398801,179.908,17532.4,-0.0002179,-0.398721,-0.472929,0.0995996,0.0438511,0.566131,0.0736971,-0.00265907,63.1153,-0.00146593,-0.00421759,0.099367,63.1168,-180.092,0.548251,0.323228,0.0,0.203971,1.512,0.0,-1.0,-0.170747,0.0,0.0,1779.95,-3.30369,0.0,0.0,0.0,0.0,0.0,0.0,0.0,0.0,0.0,0.0,0.0,1256.09,-0.0966621,0.0,0.0,0.0,0.0,0.0,0.0,0.0,0.0,0.0,0.0736048,0.370385,5716.1,-169.378,0.0,1.56e-07,0.0,-4.81e-09,53.4867,-0.0333248,53.4867,0.0,1.42834,1.455,8.66e-05,4476.31,27.4307,0.0,4.58e-20,0.0,-1.76e-17,2.65343,-7.91e-06,2.65343,0.0,0.00670256,999.0,4.0,2.0,81.7710471689635,gaze,0.531385154661948,0.4043109025397598,-16.83156255075362,35.85089705960504,263.1314866822287,28.42578050011812,0.2021037251785485,-34.36169025751452,-0.0501154085004964,0.1429395792025751,0.9884617961905352,5.276469707489014,-29.91232041534709,-1.704934037976215,-33.66922104706882,-0.0571781858964273,0.1011629952724967,0.9932254041480668,5.122965812683105,-0.7432699576144852,-0.7514151563988333,-34.015455652291664,-0.0536467971984618,0.1220512872375359,0.9908436001693012,5.19971776008606,9.63599110250017,True,0.0,imu,-0.3995660704000001,-9.648802816800002,2.269989876,4.74046841,2.29490136,-3.87770441,73.4385044,-2.850411600000013,0.4211631999999965
228.608,-0.0106227,0.10303,4557.5,7.49861,0.0450382,-0.397277,179.913,17532.4,-0.000185915,-0.397198,-0.260517,0.0918007,0.0450382,0.41426,0.0748978,-0.00265375,63.1151,-0.00146246,-0.0106108,0.103031,63.1166,-180.087,0.666264,0.331701,0.0,0.203971,1.539,0.0,-1.0,-0.171327,0.0,0.0,1779.95,-3.30369,0.0,0.0,0.0,0.0,0.0,0.0,0.0,0.0,0.0,0.0,0.0,1256.09,-0.0966621,0.0,0.0,0.0,0.0,0.0,0.0,0.0,0.0,0.0,0.0729813,0.370447,5716.13,-169.624,0.0,1.55e-07,0.0,-4.82e-09,53.4911,-0.0333252,53.4911,0.0,1.42847,1.455,9.48e-05,4476.31,27.4176,0.0,4.91e-20,0.0,-1.85e-17,2.7407,-8.66e-06,2.7407,0.0,0.00711353,999.0,4.0,2.0,81.49104685799598,gaze,0.531385154661948,0.4043109025397598,-16.83156255075362,35.85089705960504,263.1314866822287,28.42578050011812,0.2021037251785485,-34.36169025751452,-0.0501154085004964,0.1429395792025751,0.9884617961905352,5.276469707489014,-29.91232041534709,-1.704934037976215,-33.66922104706882,-0.0571781858964273,0.1011629952724967,0.9932254041480668,5.122965812683105,-0.7432699576144852,-0.7514151563988333,-34.015455652291664,-0.0536467971984618,0.1220512872375359,0.9908436001693012,5.19971776008606,9.63599110250017,True,0.0,imu,-0.3995660704000001,-9.648802816800002,2.269989876,4.74046841,2.29490136,-3.87770441,73.4385044,-2.850411600000013,0.4211631999999965
228.624,-0.0175413,0.103086,4557.22,7.49903,0.0462349,-0.39587,179.919,17532.4,-0.000201993,-0.395791,-0.136699,0.0846689,0.0462349,-0.151879,0.0743075,-0.00264913,63.1151,-0.00148817,-0.01753,0.103088,63.1166,-180.081,0.450159,0.339955,0.0,0.210553,1.575,0.0,-1.0,-0.171884,0.0,0.0,1779.95,-3.30369,0.0,0.0,0.0,0.0,0.0,0.0,0.0,0.0,0.0,0.0,0.0,1256.09,-0.0966621,0.0,0.0,0.0,0.0,0.0,0.0,0.0,0.0,0.0,0.072362,0.370509,5716.16,-169.869,0.0,1.55e-07,0.0,-4.84e-09,53.4954,-0.0333281,53.4954,0.0,1.42859,1.455,0.000103346,4476.31,27.4045,0.0,5.25e-20,0.0,-1.93e-17,2.82773,-9.42e-06,2.82773,0.0,0.00753252,999.0,4.0,2.0,81.21104656868387,gaze,0.531385154661948,0.4043109025397598,-16.83156255075362,35.85089705960504,263.1314866822287,28.42578050011812,0.2021037251785485,-34.36169025751452,-0.0501154085004964,0.1429395792025751,0.9884617961905352,5.276469707489014,-29.91232041534709,-1.704934037976215,-33.66922104706882,-0.0571781858964273,0.1011629952724967,0.9932254041480668,5.122965812683105,-0.7432699576144852,-0.7514151563988333,-34.015455652291664,-0.0536467971984618,0.1220512872375359,0.9908436001693012,5.19971776008606,9.63599110250017,True,0.0,imu,-0.3995660704000001,-9.648802816800002,2.269989876,4.74046841,2.29490136,-3.87770441,73.4385044,-2.850411600000013,0.4211631999999965
228.64,0.0301137,0.109767,4556.94,7.49942,0.0474014,-0.394575,179.924,17532.4,-0.000209435,-0.394496,-0.79012,0.0781266,0.0474014,0.00619512,0.0716769,-0.00264514,63.1153,-0.00153835,0.0301334,0.10977,63.1168,-180.076,0.11832,0.347885,0.0,0.213844,1.593,0.0,-1.0,-0.172419,0.0,0.0,1779.95,-3.30369,0.0,0.0,0.0,0.0,0.0,0.0,0.0,0.0,0.0,0.0,0.0,1256.09,-0.0966621,0.0,0.0,0.0,0.0,0.0,0.0,0.0,0.0,0.0,0.071767,0.370568,5716.19,-170.11,0.0,1.52e-07,0.0,-4.85e-09,53.4995,-0.0333461,53.4995,0.0,1.42871,1.455,0.000113407,4476.31,27.3905,0.0,5.63e-20,0.0,-2.02e-17,2.91327,-1.03e-05,2.91327,0.0,0.00799934,999.0,4.0,2.0,80.931046311637,gaze,0.531385154661948,0.4043109025397598,-16.83156255075362,35.85089705960504,263.1314866822287,28.42578050011812,0.2021037251785485,-34.36169025751452,-0.0501154085004964,0.1429395792025751,0.9884617961905352,5.276469707489014,-29.91232041534709,-1.704934037976215,-33.66922104706882,-0.0571781858964273,0.1011629952724967,0.9932254041480668,5.122965812683105,-0.7432699576144852,-0.7514151563988333,-34.015455652291664,-0.0536467971984618,0.1220512872375359,0.9908436001693012,5.19971776008606,9.63599110250017,True,0.0,imu,-0.3995660704000001,-9.648802816800002,2.269989876,4.74046841,2.29490136,-3.87770441,73.4385044,-2.850411600000013,0.4211631999999965
228.656,-0.00878016,0.104469,4556.66,7.49978,0.0485481,-0.39338,179.93,17532.5,-0.000179486,-0.393301,-0.217332,0.0720096,0.0485481,-0.738523,0.0713994,-0.00264149,63.1154,-0.00163854,-0.00876219,0.104471,63.1169,-180.07,0.121718,0.35552,0.0,0.207262,1.62,0.0,-1.0,-0.172931,0.0,0.0,1779.95,-3.30369,0.0,0.0,0.0,0.0,0.0,0.0,0.0,0.0,0.0,0.0,0.0,1256.09,-0.0966621,0.0,0.0,0.0,0.0,0.0,0.0,0.0,0.0,0.0,0.0711721,0.370628,5716.22,-170.351,0.0,1.5e-07,0.0,-4.86e-09,53.5037,-0.0333641,53.5037,0.0,1.42883,1.455,0.000123468,4476.31,27.3766,0.0,6.01e-20,0.0,-2.1e-17,2.99881,-1.11e-05,2.99881,0.0,0.00846616,999.0,4.0,2.0,80.65104608675807,gaze,0.531385154661948,0.4043109025397598,-16.83156255075362,35.85089705960504,263.1314866822287,28.42578050011812,0.2021037251785485,-34.36169025751452,-0.0501154085004964,0.1429395792025751,0.9884617961905352,5.276469707489014,-29.91232041534709,-1.704934037976215,-33.66922104706882,-0.0571781858964273,0.1011629952724967,0.9932254041480668,5.122965812683105,-0.7432699576144852,-0.7514151563988333,-34.015455652291664,-0.0536467971984618,0.1220512872375359,0.9908436001693012,5.19971776008606,9.63599110250017,True,0.0,imu,-0.3995660704000001,-9.648802816800002,2.269989876,4.74046841,2.29490136,-3.87770441,73.4385044,-2.850411600000013,0.4211631999999965
228.672,-0.0139715,0.105829,4556.38,7.50011,0.049675,-0.392272,179.936,17532.5,-0.0001919,-0.392193,-0.134304,0.0672865,0.049675,-0.17695,0.0703025,-0.00263833,63.1155,-0.00177138,-0.0139709,0.105829,63.117,-180.064,0.195457,0.362409,0.0,0.220426,1.629,0.0,-1.0,-0.173419,0.0,0.0,1779.95,-3.30369,0.0,0.0,0.0,0.0,0.0,0.0,0.0,0.0,0.0,0.0,0.0,1256.09,-0.0966621,0.0,0.0,0.0,0.0,0.0,0.0,0.0,0.0,0.0,0.0705792,0.370687,5716.25,-170.592,0.0,1.48e-07,0.0,-4.87e-09,53.5078,-0.0333805,53.5078,0.0,1.42894,1.455,0.000133705,4476.31,27.3625,0.0,6.39e-20,0.0,-2.19e-17,3.08421,-1.2e-05,3.08421,0.0,0.00893837,999.0,4.0,2.0,80.37104589397923,gaze,0.531385154661948,0.4043109025397598,-16.83156255075362,35.85089705960504,263.1314866822287,28.42578050011812,0.2021037251785485,-34.36169025751452,-0.0501154085004964,0.1429395792025751,0.9884617961905352,5.276469707489014,-29.91232041534709,-1.704934037976215,-33.66922104706882,-0.0571781858964273,0.1011629952724967,0.9932254041480668,5.122965812683105,-0.7432699576144852,-0.7514151563988333,-34.015455652291664,-0.0536467971984618,0.1220512872375359,0.9908436001693012,5.19971776008606,9.63599110250017,True,0.0,imu,-0.3995660704000001,-9.648802816800002,2.269989876,4.74046841,2.29490136,-3.87770441,73.4385044,-2.850411600000013,0.4211631999999965
228.688,0.0193977,0.109967,4556.1,7.50042,0.0507672,-0.391242,179.941,17532.6,-0.000148632,-0.391163,-0.45753,0.0618038,0.0507672,-0.127858,0.066358,-0.0026354,63.1158,-0.0019757,0.0194381,0.109973,63.1173,-180.059,0.324216,0.368578,0.0,0.223717,1.629,0.0,-1.0,-0.173882,0.0,0.0,1779.95,-3.30369,0.0,0.0,0.0,0.0,0.0,0.0,0.0,0.0,0.0,0.0,0.0,1256.09,-0.0966621,0.0,0.0,0.0,0.0,0.0,0.0,0.0,0.0,0.0,0.0700102,0.370741,5716.28,-170.828,0.0,1.47e-07,0.0,-4.89e-09,53.5118,-0.0333782,53.5118,0.0,1.42905,1.455,0.000145963,4476.31,27.3477,0.0,6.83e-20,0.0,-2.28e-17,3.16803,-1.31e-05,3.16803,0.0,0.0094722,999.0,4.0,2.0,80.09104572258035,gaze,0.531385154661948,0.4043109025397598,-16.83156255075362,35.85089705960504,263.1314866822287,28.42578050011812,0.2021037251785485,-34.36169025751452,-0.0501154085004964,0.1429395792025751,0.9884617961905352,5.276469707489014,-29.91232041534709,-1.704934037976215,-33.66922104706882,-0.0571781858964273,0.1011629952724967,0.9932254041480668,5.122965812683105,-0.7432699576144852,-0.7514151563988333,-34.015455652291664,-0.0536467971984618,0.1220512872375359,0.9908436001693012,5.19971776008606,9.63599110250017,True,0.0,imu,-0.3995660704000001,-9.648802816800002,2.269989876,4.74046841,2.29490136,-3.87770441,73.4385044,-2.850411600000013,0.4211631999999965
228.704,-0.0085237,0.109062,4555.82,7.5007,0.0517837,-0.390302,179.947,17532.7,-0.000128872,-0.390222,-0.264455,0.0563506,0.0517837,-0.532383,0.060354,-0.00263235,63.1162,-0.00222641,-0.00855913,0.109057,63.1177,-180.053,0.727949,0.373898,0.0,0.220426,1.629,0.0,-1.0,-0.174321,0.0,0.0,1779.95,-3.30369,0.0,0.0,0.0,0.0,0.0,0.0,0.0,0.0,0.0,0.0,0.0,1256.09,-0.0966621,0.0,0.0,0.0,0.0,0.0,0.0,0.0,0.0,0.0,0.0694413,0.370795,5716.31,-171.064,0.0,1.47e-07,0.0,-4.9e-09,53.5158,-0.033376,53.5158,0.0,1.42915,1.455,0.000158221,4476.31,27.3328,0.0,7.26e-20,0.0,-2.36e-17,3.25186,-1.41e-05,3.25186,0.0,0.010006,999.0,4.0,2.0,79.81104558323962,gaze,0.531385154661948,0.4043109025397598,-16.83156255075362,35.85089705960504,263.1314866822287,28.42578050011812,0.2021037251785485,-34.36169025751452,-0.0501154085004964,0.1429395792025751,0.9884617961905352,5.276469707489014,-29.91232041534709,-1.704934037976215,-33.66922104706882,-0.0571781858964273,0.1011629952724967,0.9932254041480668,5.122965812683105,-0.7432699576144852,-0.7514151563988333,-34.015455652291664,-0.0536467971984618,0.1220512872375359,0.9908436001693012,5.19971776008606,9.63599110250017,True,0.0,imu,-0.3995660704000001,-9.648802816800002,2.269989876,4.74046841,2.29490136,-3.87770441,73.4385044,-2.850411600000013,0.4211631999999965
228.72,0.0151399,0.113024,4555.54,7.50095,0.0527114,-0.389444,179.953,17532.7,-0.000153566,-0.389365,-0.422835,0.0516151,0.0527114,0.371931,0.0567028,-0.00262938,63.1164,-0.00250259,0.0151418,0.113025,63.1179,-180.047,0.57712,0.377958,0.0,0.223717,1.629,0.0,-1.0,-0.174734,0.0,0.0,1779.95,-3.30369,0.0,0.0,0.0,0.0,0.0,0.0,0.0,0.0,0.0,0.0,0.0,1256.09,-0.0966621,0.0,0.0,0.0,0.0,0.0,0.0,0.0,0.0,0.0,0.0688723,0.370849,5716.34,-171.3,0.0,1.46e-07,0.0,-4.91e-09,53.5197,-0.0333738,53.5197,0.0,1.42925,1.455,0.000170479,4476.31,27.318,0.0,7.7e-20,0.0,-2.45e-17,3.33569,-1.52e-05,3.33569,0.0,0.0105399,999.0,4.0,2.0,79.53104547598058,gaze,0.531385154661948,0.4043109025397598,-16.83156255075362,35.85089705960504,263.1314866822287,28.42578050011812,0.2021037251785485,-34.36169025751452,-0.0501154085004964,0.1429395792025751,0.9884617961905352,5.276469707489014,-29.91232041534709,-1.704934037976215,-33.66922104706882,-0.0571781858964273,0.1011629952724967,0.9932254041480668,5.122965812683105,-0.7432699576144852,-0.7514151563988333,-34.015455652291664,-0.0536467971984618,0.1220512872375359,0.9908436001693012,5.19971776008606,9.63599110250017,True,0.0,imu,-0.3995660704000001,-9.648802816800002,2.269989876,4.74046841,2.29490136,-3.87770441,73.4385044,-2.850411600000013,0.4211631999999965
228.736,0.0166255,0.112671,4555.26,7.50117,0.0536059,-0.388638,179.959,17532.8,-0.000120138,-0.388559,-0.313181,0.0491871,0.0536059,-0.13579,0.0542555,-0.00262732,63.1165,-0.00280516,0.0166581,0.112677,63.118,-180.041,0.241974,0.381437,0.0,0.227008,1.629,0.0,-1.0,-0.175122,0.0,0.0,1779.95,-3.30369,0.0,0.0,0.0,0.0,0.0,0.0,0.0,0.0,0.0,0.0,0.0,1256.09,-0.0966621,0.0,0.0,0.0,0.0,0.0,0.0,0.0,0.0,0.0,0.0683279,0.370903,5716.37,-171.532,0.0,1.45e-07,0.0,-4.92e-09,53.5235,-0.0333826,53.5235,0.0,1.42936,1.455,0.000185209,4476.31,27.3023,0.0,8.2e-20,0.0,-2.53e-17,3.41792,-1.66e-05,3.41792,0.0,0.0111457,999.0,4.0,2.0,79.25104540085849,gaze,0.531385154661948,0.4043109025397598,-16.83156255075362,35.85089705960504,263.1314866822287,28.42578050011812,0.2021037251785485,-34.36169025751452,-0.0501154085004964,0.1429395792025751,0.9884617961905352,5.276469707489014,-29.91232041534709,-1.704934037976215,-33.66922104706882,-0.0571781858964273,0.1011629952724967,0.9932254041480668,5.122965812683105,-0.7432699576144852,-0.7514151563988333,-34.015455652291664,-0.0536467971984618,0.1220512872375359,0.9908436001693012,5.19971776008606,9.63599110250017,True,0.0,imu,-0.3995660704000001,-9.648802816800002,2.269989876,4.74046841,2.29490136,-3.87770441,73.4385044,-2.850411600000013,0.4211631999999965
228.752,-0.0107783,0.114592,4554.98,7.50137,0.0544465,-0.387868,179.966,17532.8,-0.000107861,-0.387789,-0.017438,0.0474196,0.0544465,0.364723,0.0516348,-0.00262535,63.1166,-0.00312395,-0.01078,0.114592,63.118,-180.034,0.38986,0.384165,0.0,0.227008,1.62,0.0,-1.0,-0.175482,0.0,0.0,1779.95,-3.30369,0.0,0.0,0.0,0.0,0.0,0.0,0.0,0.0,0.0,0.0,0.0,1256.09,-0.0966621,0.0,0.0,0.0,0.0,0.0,0.0,0.0,0.0,0.0,0.0677846,0.370957,5716.39,-171.763,0.0,1.45e-07,0.0,-4.93e-09,53.5273,-0.0333918,53.5273,0.0,1.42946,1.455,0.000200052,4476.31,27.2866,0.0,8.7e-20,0.0,-2.62e-17,3.50008,-1.81e-05,3.50008,0.0,0.0117549,999.0,4.0,2.0,78.97104534724627,gaze,0.531385154661948,0.4043109025397598,-16.83156255075362,35.85089705960504,263.1314866822287,28.42578050011812,0.2021037251785485,-34.36169025751452,-0.0501154085004964,0.1429395792025751,0.9884617961905352,5.276469707489014,-29.91232041534709,-1.704934037976215,-33.66922104706882,-0.0571781858964273,0.1011629952724967,0.9932254041480668,5.122965812683105,-0.7432699576144852,-0.7514151563988333,-34.015455652291664,-0.0536467971984618,0.1220512872375359,0.9908436001693012,5.19971776008606,9.63599110250017,True,0.0,imu,-0.3995660704000001,-9.648802816800002,2.269989876,4.74046841,2.29490136,-3.87770441,73.4385044,-2.850411600000013,0.4211631999999965
228.768,-0.00719107,0.113749,4554.7,7.50153,0.0552843,-0.387122,179.972,17532.7,-0.000129645,-0.387044,-0.0949296,0.0456774,0.0552843,0.0536155,0.0504162,-0.00262308,63.1164,-0.00346566,-0.0072047,0.113748,63.1179,-180.028,0.149494,0.386149,0.0,0.230299,1.62,0.0,-1.0,-0.175816,0.0,0.0,1779.95,-3.30369,0.0,0.0,0.0,0.0,0.0,0.0,0.0,0.0,0.0,0.0,0.0,1256.09,-0.0966621,0.0,0.0,0.0,0.0,0.0,0.0,0.0,0.0,0.0,0.0672413,0.371011,5716.42,-171.995,0.0,1.44e-07,0.0,-4.95e-09,53.5311,-0.0334011,53.5311,0.0,1.42957,1.455,0.000214896,4476.31,27.271,0.0,9.21e-20,0.0,-2.71e-17,3.58224,-1.95e-05,3.58224,0.0,0.012364,999.0,4.0,2.0,78.69104533668916,gaze,0.531385154661948,0.4043109025397598,-16.83156255075362,35.85089705960504,263.1314866822287,28.42578050011812,0.2021037251785485,-34.36169025751452,-0.0501154085004964,0.1429395792025751,0.9884617961905352,5.276469707489014,-29.91232041534709,-1.704934037976215,-33.66922104706882,-0.0571781858964273,0.1011629952724967,0.9932254041480668,5.122965812683105,-0.7432699576144852,-0.7514151563988333,-34.015455652291664,-0.0536467971984618,0.1220512872375359,0.9908436001693012,5.19971776008606,9.63599110250017,True,0.0,imu,-0.3995660704000001,-9.648802816800002,2.269989876,4.74046841,2.29490136,-3.87770441,73.4385044,-2.850411600000013,0.4211631999999965
228.784,-0.0198082,0.115607,4554.42,7.50167,0.0560219,-0.386401,179.978,17532.6,-8.54e-05,-0.386322,0.226288,0.0449378,0.0560219,0.148209,0.0423524,-0.00262046,63.116,-0.00378552,-0.019803,0.115608,63.1174,-180.022,0.188449,0.387641,0.0,0.23359,1.611,0.0,-1.0,-0.176122,0.0,0.0,1779.95,-3.30369,0.0,0.0,0.0,0.0,0.0,0.0,0.0,0.0,0.0,0.0,0.0,1256.09,-0.0966621,0.0,0.0,0.0,0.0,0.0,0.0,0.0,0.0,0.0,0.0667082,0.371064,5716.45,-172.226,0.0,1.43e-07,0.0,-4.96e-09,53.5348,-0.0333997,53.5348,0.0,1.42967,1.455,0.000232344,4476.31,27.2544,0.0,9.78e-20,0.0,-2.79e-17,3.66439,-2.1e-05,3.66439,0.0,0.013049,999.0,4.0,2.0,78.41104534789031,gaze,0.531385154661948,0.4043109025397598,-16.83156255075362,35.85089705960504,263.1314866822287,28.42578050011812,0.2021037251785485,-34.36169025751452,-0.0501154085004964,0.1429395792025751,0.9884617961905352,5.276469707489014,-29.91232041534709,-1.704934037976215,-33.66922104706882,-0.0571781858964273,0.1011629952724967,0.9932254041480668,5.122965812683105,-0.7432699576144852,-0.7514151563988333,-34.015455652291664,-0.0536467971984618,0.1220512872375359,0.9908436001693012,5.19971776008606,9.63599110250017,True,0.0,imu,-0.3995660704000001,-9.648802816800002,2.269989876,4.74046841,2.29490136,-3.87770441,73.4385044,-2.850411600000013,0.4211631999999965
228.8,-0.0233613,0.112251,4554.14,7.50177,0.0566696,-0.385668,179.984,17532.4,-4.58e-05,-0.385589,0.324909,0.0467487,0.0566696,-0.24137,0.0389316,-0.00261809,63.1151,-0.00409438,-0.0233645,0.11225,63.1166,-180.016,0.296846,0.38855,0.0,0.23359,1.602,0.0,-1.0,-0.1764,0.0,0.0,1779.95,-3.30369,0.0,0.0,0.0,0.0,0.0,0.0,0.0,0.0,0.0,0.0,0.0,1256.09,-0.0966621,0.0,0.0,0.0,0.0,0.0,0.0,0.0,0.0,0.0,0.0661782,0.371116,5716.48,-172.457,0.0,1.43e-07,0.0,-4.97e-09,53.5385,-0.033395,53.5385,0.0,1.42978,1.455,0.000250583,4476.31,27.2376,0.0,1.04e-19,0.0,-2.88e-17,3.74653,-2.26e-05,3.74653,0.0,0.0137569,999.0,4.0,2.0,78.13104540253477,gaze,0.531385154661948,0.4043109025397598,-16.83156255075362,35.85089705960504,263.1314866822287,28.42578050011812,0.2021037251785485,-34.36169025751452,-0.0501154085004964,0.1429395792025751,0.9884617961905352,5.276469707489014,-29.91232041534709,-1.704934037976215,-33.66922104706882,-0.0571781858964273,0.1011629952724967,0.9932254041480668,5.122965812683105,-0.7432699576144852,-0.7514151563988333,-34.015455652291664,-0.0536467971984618,0.1220512872375359,0.9908436001693012,5.19971776008606,9.63599110250017,True,0.0,imu,-0.3995660704000001,-9.648802816800002,2.269989876,4.74046841,2.29490136,-3.87770441,73.4385044,-2.850411600000013,0.4211631999999965
228.816,-0.0303013,0.11822,4553.86,7.50185,0.0572591,-0.38489,179.99,17532.0,-5e-05,-0.384812,0.352954,0.0509395,0.0572591,0.540916,0.036005,-0.0026156,63.1137,-0.00438561,-0.0303149,0.118218,63.1151,-180.01,0.644326,0.388908,0.0,0.23359,1.593,0.0,-1.0,-0.17665,0.0,0.0,1779.95,-3.30369,0.0,0.0,0.0,0.0,0.0,0.0,0.0,0.0,0.0,0.0,0.0,1256.09,-0.0966621,0.0,0.0,0.0,0.0,0.0,0.0,0.0,0.0,0.0,0.0656482,0.371169,5716.51,-172.689,0.0,1.42e-07,0.0,-4.98e-09,53.5422,-0.0333903,53.5422,0.0,1.42988,1.455,0.000268821,4476.31,27.2207,0.0,1.1e-19,0.0,-2.96e-17,3.82867,-2.42e-05,3.82867,0.0,0.0144647,999.0,4.0,2.0,77.85104547931547,gaze,0.531385154661948,0.4043109025397598,-16.83156255075362,35.85089705960504,263.1314866822287,28.42578050011812,0.2021037251785485,-34.36169025751452,-0.0501154085004964,0.1429395792025751,0.9884617961905352,5.276469707489014,-29.91232041534709,-1.704934037976215,-33.66922104706882,-0.0571781858964273,0.1011629952724967,0.9932254041480668,5.122965812683105,-0.7432699576144852,-0.7514151563988333,-34.015455652291664,-0.0536467971984618,0.1220512872375359,0.9908436001693012,5.19971776008606,9.63599110250017,True,0.0,imu,-0.3995660704000001,-9.648802816800002,2.269989876,4.74046841,2.29490136,-3.87770441,73.4385044,-2.850411600000013,0.4211631999999965
228.832,-0.0387593,0.11434,4553.57,7.5019,0.0578255,-0.384018,179.997,17531.4,-7.5e-05,-0.383939,0.401724,0.058213,0.0578255,0.227133,0.0350482,-0.00261295,63.1115,-0.0046852,-0.038767,0.114338,63.1129,-180.003,0.401784,0.388652,0.0,0.236881,1.575,0.0,-1.0,-0.176872,0.0,0.0,1779.95,-3.30369,0.0,0.0,0.0,0.0,0.0,0.0,0.0,0.0,0.0,0.0,0.0,1256.09,-0.0966621,0.0,0.0,0.0,0.0,0.0,0.0,0.0,0.0,0.0,0.0651074,0.371223,5716.54,-172.929,0.0,1.41e-07,0.0,-4.99e-09,53.546,-0.0333984,53.546,0.0,1.42999,1.455,0.000290223,4476.31,27.2026,0.0,1.16e-19,0.0,-3.05e-17,3.91383,-2.61e-05,3.91383,0.0,0.0152678,999.0,4.0,2.0,77.56104559513076,gaze,0.531385154661948,0.4043109025397598,-16.83156255075362,35.85089705960504,263.1314866822287,28.42578050011812,0.2021037251785485,-34.36169025751452,-0.0501154085004964,0.1429395792025751,0.9884617961905352,5.276469707489014,-29.91232041534709,-1.704934037976215,-33.66922104706882,-0.0571781858964273,0.1011629952724967,0.9932254041480668,5.122965812683105,-0.7432699576144852,-0.7514151563988333,-34.015455652291664,-0.0536467971984618,0.1220512872375359,0.9908436001693012,5.19971776008606,9.63599110250017,True,0.0,imu,-0.3995660704000001,-9.648802816800002,2.269989876,4.74046841,2.29490136,-3.87770441,73.4385044,-2.850411600000013,0.4211631999999965
228.848,-0.0702206,0.111944,4553.29,7.50192,0.058352,-0.383002,-179.997,17530.5,4.82e-06,-0.382923,0.742105,0.0681278,0.058352,-0.592973,0.0303857,-0.00260983,63.1083,-0.00499395,-0.0702373,0.111937,63.1097,-179.997,0.147396,0.387817,0.0,0.240172,1.557,0.0,-1.0,-0.177064,0.0,0.0,1779.95,-3.30369,0.0,0.0,0.0,0.0,0.0,0.0,0.0,0.0,0.0,0.0,0.0,1256.09,-0.0966621,0.0,0.0,0.0,0.0,0.0,0.0,0.0,0.0,0.0,0.0645588,0.371278,5716.57,-173.175,0.0,1.4e-07,0.0,-5.01e-09,53.5498,-0.0334158,53.5498,0.0,1.4301,1.455,0.000313908,4476.31,27.1835,0.0,1.23e-19,0.0,-3.15e-17,4.00116,-2.82e-05,4.00116,0.0,0.0161396,999.0,4.0,2.0,77.2810457385664,gaze,0.531385154661948,0.4043109025397598,-16.83156255075362,35.85089705960504,263.1314866822287,28.42578050011812,0.2021037251785485,-34.36169025751452,-0.0501154085004964,0.1429395792025751,0.9884617961905352,5.276469707489014,-29.91232041534709,-1.704934037976215,-33.66922104706882,-0.0571781858964273,0.1011629952724967,0.9932254041480668,5.122965812683105,-0.7432699576144852,-0.7514151563988333,-34.015455652291664,-0.0536467971984618,0.1220512872375359,0.9908436001693012,5.19971776008606,9.63599110250017,True,0.0,imu,-0.3995660704000001,-9.648802816800002,2.269989876,4.74046841,2.29490136,-3.87770441,73.4385044,-2.850411600000013,0.4211631999999965
228.864,-0.0630611,0.113888,4553.01,7.50191,0.0587889,-0.381816,-179.991,17529.3,-6.1e-05,-0.381738,0.636645,0.0798773,0.0587889,-0.298825,0.0253208,-0.00260604,63.1042,-0.0052921,-0.063056,0.113885,63.1057,-179.991,-0.594276,0.385905,0.0,0.240172,1.539,0.0,-1.0,-0.177227,0.0,0.0,1779.95,-3.30369,0.0,0.0,0.0,0.0,0.0,0.0,0.0,0.0,0.0,0.0,0.0,1256.09,-0.0966621,0.0,0.0,0.0,0.0,0.0,0.0,0.0,0.0,0.0,0.0640103,0.371332,5716.6,-173.421,0.0,1.39e-07,0.0,-5.02e-09,53.5536,-0.0334332,53.5536,0.0,1.43021,1.455,0.000337593,4476.31,27.1644,0.0,1.31e-19,0.0,-3.24e-17,4.08849,-3.03e-05,4.08849,0.0,0.0170114,999.0,4.0,2.0,77.00104591580644,gaze,0.531385154661948,0.4043109025397598,-16.83156255075362,35.85089705960504,263.1314866822287,28.42578050011812,0.2021037251785485,-34.36169025751452,-0.0501154085004964,0.1429395792025751,0.9884617961905352,5.276469707489014,-29.91232041534709,-1.704934037976215,-33.66922104706882,-0.0571781858964273,0.1011629952724967,0.9932254041480668,5.122965812683105,-0.7432699576144852,-0.7514151563988333,-34.015455652291664,-0.0536467971984618,0.1220512872375359,0.9908436001693012,5.19971776008606,9.63599110250017,True,0.0,imu,-0.3995660704000001,-9.648802816800002,2.269989876,4.74046841,2.29490136,-3.87770441,73.4385044,-2.850411600000013,0.4211631999999965
228.88,-0.0949368,0.109917,4552.73,7.50188,0.0591604,-0.380443,-179.985,17528.1,9.11e-06,-0.380365,0.876269,0.0906817,0.0591604,-0.967955,0.0206682,-0.00260162,63.0998,-0.00557586,-0.0949609,0.109907,63.1012,-179.985,-0.483025,0.383913,0.0,0.243463,1.521,0.0,-1.0,-0.177362,0.0,0.0,1779.95,-3.30369,0.0,0.0,0.0,0.0,0.0,0.0,0.0,0.0,0.0,0.0,0.0,1256.09,-0.0966621,0.0,0.0,0.0,0.0,0.0,0.0,0.0,0.0,0.0,0.0634877,0.371384,5716.63,-173.658,0.0,1.38e-07,0.0,-5.03e-09,53.5573,-0.0334376,53.5573,0.0,1.43031,1.455,0.000363267,4476.31,27.1453,0.0,1.38e-19,0.0,-3.33e-17,4.17283,-3.26e-05,4.17283,0.0,0.0179282,999.0,4.0,2.0,76.72104611626676,gaze,0.531385154661948,0.4043109025397598,-16.83156255075362,35.85089705960504,263.1314866822287,28.42578050011812,0.2021037251785485,-34.36169025751452,-0.0501154085004964,0.1429395792025751,0.9884617961905352,5.276469707489014,-29.91232041534709,-1.704934037976215,-33.66922104706882,-0.0571781858964273,0.1011629952724967,0.9932254041480668,5.122965812683105,-0.7432699576144852,-0.7514151563988333,-34.015455652291664,-0.0536467971984618,0.1220512872375359,0.9908436001693012,5.19971776008606,9.63599110250017,True,0.0,imu,-0.3995660704000001,-9.648802816800002,2.269989876,4.74046841,2.29490136,-3.87770441,73.4385044,-2.850411600000013,0.4211631999999965
228.896,-0.077307,0.108763,4552.45,7.50181,0.0594363,-0.378933,-179.979,17526.9,3.39e-05,-0.378855,0.241031,0.0969375,0.0594363,-0.562478,0.0141909,-0.00259625,63.0956,-0.0058853,-0.0773475,0.108752,63.097,-179.979,-0.152258,0.380849,0.0,0.240172,1.467,-6.0,-1.0,-0.177467,0.0,0.0,1779.95,-3.30369,0.0,0.0,0.0,0.0,0.0,0.0,0.0,0.0,0.0,0.0,0.0,1256.09,-0.0966621,0.0,0.0,0.0,0.0,0.0,0.0,0.0,0.0,0.0,0.0629839,0.371433,5716.66,-173.89,0.0,1.37e-07,0.0,-5.04e-09,53.5608,-0.0334327,53.5608,0.0,1.4304,1.455,0.000390381,4476.31,27.1262,0.0,1.46e-19,0.0,-3.41e-17,4.255,-3.5e-05,4.255,0.0,0.0188775,999.0,4.0,2.0,76.44104636225272,gaze,0.531385154661948,0.4043109025397598,-16.83156255075362,35.85089705960504,263.1314866822287,28.42578050011812,0.2021037251785485,-34.36169025751452,-0.0501154085004964,0.1429395792025751,0.9884617961905352,5.276469707489014,-29.91232041534709,-1.704934037976215,-33.66922104706882,-0.0571781858964273,0.1011629952724967,0.9932254041480668,5.122965812683105,-0.7432699576144852,-0.7514151563988333,-34.015455652291664,-0.0536467971984618,0.1220512872375359,0.9908436001693012,5.19971776008606,9.63599110250017,True,0.0,imu,-0.3995660704000001,-9.648802816800002,2.269989876,4.74046841,2.29490136,-3.87770441,73.4385044,-2.850411600000013,0.4211631999999965
228.912,-0.0693252,0.107706,4552.17,7.50171,0.0596151,-0.377353,-179.973,17525.8,2.15e-05,-0.377275,0.166816,0.0997916,0.0596151,-0.840495,0.00740361,-0.00259046,63.0916,-0.00624729,-0.0693423,0.107698,63.093,-179.973,-0.623755,0.376228,0.0,0.243463,1.422,-6.0,-1.0,-0.177543,0.0,0.0,1779.95,-3.30369,0.0,0.0,0.0,0.0,0.0,0.0,0.0,0.0,0.0,0.0,0.0,1256.09,-0.0966621,0.0,0.0,0.0,0.0,0.0,0.0,0.0,0.0,0.0,0.0624802,0.371483,5716.69,-174.122,0.0,1.36e-07,0.0,-5.05e-09,53.5643,-0.0334277,53.5643,0.0,1.4305,1.455,0.000417495,4476.31,27.1071,0.0,1.54e-19,0.0,-3.5e-17,4.33716,-3.74e-05,4.33716,0.0,0.0198269,999.0,4.0,2.0,76.16104664330781,gaze,0.531385154661948,0.4043109025397598,-16.83156255075362,35.85089705960504,263.1314866822287,28.42578050011812,0.2021037251785485,-34.36169025751452,-0.0501154085004964,0.1429395792025751,0.9884617961905352,5.276469707489014,-29.91232041534709,-1.704934037976215,-33.66922104706882,-0.0571781858964273,0.1011629952724967,0.9932254041480668,5.122965812683105,-0.7432699576144852,-0.7514151563988333,-34.015455652291664,-0.0536467971984618,0.1220512872375359,0.9908436001693012,5.19971776008606,9.63599110250017,True,0.0,imu,-0.3995660704000001,-9.648802816800002,2.269989876,4.74046841,2.29490136,-3.87770441,73.4385044,-2.850411600000013,0.4211631999999965
228.928,-0.0611838,0.108409,4551.89,7.50159,0.0596696,-0.375762,-179.967,17524.8,3.34e-05,-0.375684,-0.285201,0.0986214,0.0596696,-0.0969534,-0.000356281,-0.00258404,63.0878,-0.00657482,-0.0612327,0.108396,63.0892,-179.967,0.448836,0.370991,0.0,0.243463,1.395,0.0,-1.0,-0.17759,0.0,0.0,1779.95,-3.30369,0.0,0.0,0.0,0.0,0.0,0.0,0.0,0.0,0.0,0.0,0.0,1256.09,-0.0966621,0.0,0.0,0.0,0.0,0.0,0.0,0.0,0.0,0.0,0.0619777,0.371532,5716.72,-174.355,0.0,1.35e-07,0.0,-5.07e-09,53.5678,-0.0334292,53.5678,0.0,1.4306,1.455,0.000447088,4476.31,27.0873,0.0,1.63e-19,0.0,-3.58e-17,4.41997,-4.01e-05,4.41997,0.0,0.0208413,999.0,4.0,2.0,75.88104694881422,gaze,0.531385154661948,0.4043109025397598,-16.83156255075362,35.85089705960504,263.1314866822287,28.42578050011812,0.2021037251785485,-34.36169025751452,-0.0501154085004964,0.1429395792025751,0.9884617961905352,5.276469707489014,-29.91232041534709,-1.704934037976215,-33.66922104706882,-0.0571781858964273,0.1011629952724967,0.9932254041480668,5.122965812683105,-0.7432699576144852,-0.7514151563988333,-34.015455652291664,-0.0536467971984618,0.1220512872375359,0.9908436001693012,5.19971776008606,9.63599110250017,True,0.0,imu,-0.3995660704000001,-9.648802816800002,2.269989876,4.74046841,2.29490136,-3.87770441,73.4385044,-2.850411600000013,0.4211631999999965
228.944,-0.0368797,0.107169,4551.61,7.50144,0.0596002,-0.374214,-179.961,17523.8,8.51e-05,-0.374137,-0.645723,0.0942159,0.0596002,-0.278656,-0.0065984,-0.00257734,63.0843,-0.00685728,-0.0369028,0.107163,63.0856,-179.961,-0.20177,0.365165,0.0,0.243463,1.368,0.0,-1.0,-0.177608,0.0,0.0,1779.95,-3.30369,0.0,0.0,0.0,0.0,0.0,0.0,0.0,0.0,0.0,0.0,0.0,1256.09,-0.0966621,0.0,0.0,0.0,0.0,0.0,0.0,0.0,0.0,0.0,0.0614773,0.371582,5716.75,-174.591,0.0,1.34e-07,0.0,-5.08e-09,53.5713,-0.0334407,53.5713,0.0,1.4307,1.455,0.000480503,4476.31,27.0667,0.0,1.73e-19,0.0,-3.67e-17,4.50378,-4.32e-05,4.50378,0.0,0.0219561,999.0,4.0,2.0,75.6010472903223,gaze,0.531385154661948,0.4043109025397598,-16.83156255075362,35.85089705960504,263.1314866822287,28.42578050011812,0.2021037251785485,-34.36169025751452,-0.0501154085004964,0.1429395792025751,0.9884617961905352,5.276469707489014,-29.91232041534709,-1.704934037976215,-33.66922104706882,-0.0571781858964273,0.1011629952724967,0.9932254041480668,5.122965812683105,-0.7432699576144852,-0.7514151563988333,-34.015455652291664,-0.0536467971984618,0.1220512872375359,0.9908436001693012,5.19971776008606,9.63599110250017,True,0.0,imu,-0.3995660704000001,-9.648802816800002,2.269989876,4.74046841,2.29490136,-3.87770441,73.4385044,-2.850411600000013,0.4211631999999965
228.96,-0.0446256,0.108993,4551.33,7.50126,0.0594707,-0.372755,-179.955,17522.9,3.33e-05,-0.372678,-0.588019,0.0879251,0.0594707,0.167899,-0.01035,-0.00257089,63.081,-0.00709046,-0.0446477,0.108987,63.0823,-179.955,-0.241998,0.359123,0.0,0.243463,1.332,-6.0,-1.0,-0.177597,0.0,0.0,1779.95,-3.30369,0.0,0.0,0.0,0.0,0.0,0.0,0.0,0.0,0.0,0.0,0.0,1256.09,-0.0966621,0.0,0.0,0.0,0.0,0.0,0.0,0.0,0.0,0.0,0.0609769,0.371632,5716.78,-174.827,0.0,1.33e-07,0.0,-5.09e-09,53.5748,-0.0334521,53.5748,0.0,1.4308,1.455,0.000513917,4476.31,27.046,0.0,1.82e-19,0.0,-3.76e-17,4.58758,-4.63e-05,4.58758,0.0,0.0230708,999.0,4.0,2.0,75.32104766841462,gaze,0.531385154661948,0.4043109025397598,-16.83156255075362,35.85089705960504,263.1314866822287,28.42578050011812,0.2021037251785485,-34.36169025751452,-0.0501154085004964,0.1429395792025751,0.9884617961905352,5.276469707489014,-29.91232041534709,-1.704934037976215,-33.66922104706882,-0.0571781858964273,0.1011629952724967,0.9932254041480668,5.122965812683105,-0.7432699576144852,-0.7514151563988333,-34.015455652291664,-0.0536467971984618,0.1220512872375359,0.9908436001693012,5.19971776008606,9.63599110250017,True,0.0,imu,-0.3995660704000001,-9.648802816800002,2.269989876,4.74046841,2.29490136,-3.87770441,73.4385044,-2.850411600000013,0.4211631999999965
228.976,-0.0452119,0.10651,4551.05,7.50106,0.0592497,-0.371408,-179.949,17522.0,5.55e-05,-0.371331,-0.541987,0.0807563,0.0592497,-0.140145,-0.0164741,-0.00256457,63.0779,-0.00728392,-0.0452326,0.106503,63.0792,-179.949,0.0282604,0.352978,0.0,0.243463,1.305,0.0,-1.0,-0.177557,0.0,0.0,1779.95,-3.30369,0.0,0.0,0.0,0.0,0.0,0.0,0.0,0.0,0.0,0.0,0.0,1256.09,-0.0966621,0.0,0.0,0.0,0.0,0.0,0.0,0.0,0.0,0.0,0.0604771,0.371682,5716.82,-175.064,0.0,1.32e-07,0.0,-5.1e-09,53.5783,-0.0334593,53.5783,0.0,1.43089,1.455,0.000549361,4476.31,27.0249,0.0,1.92e-19,0.0,-3.85e-17,4.67183,-4.95e-05,4.67183,0.0,0.0242368,999.0,4.0,2.0,75.04104807239585,gaze,0.531385154661948,0.4043109025397598,-16.83156255075362,35.85089705960504,263.1314866822287,28.42578050011812,0.2021037251785485,-34.36169025751452,-0.0501154085004964,0.1429395792025751,0.9884617961905352,5.276469707489014,-29.91232041534709,-1.704934037976215,-33.66922104706882,-0.0571781858964273,0.1011629952724967,0.9932254041480668,5.122965812683105,-0.7432699576144852,-0.7514151563988333,-34.015455652291664,-0.0536467971984618,0.1220512872375359,0.9908436001693012,5.19971776008606,9.63599110250017,True,0.0,imu,-0.3995660704000001,-9.648802816800002,2.269989876,4.74046841,2.29490136,-3.87770441,73.4385044,-2.850411600000013,0.4211631999999965
228.992,-0.0631322,0.104005,4550.77,7.50083,0.058913,-0.370184,-179.944,17521.2,7.05e-05,-0.370107,-0.406128,0.0728688,0.058913,-0.199426,-0.0234917,-0.00255853,63.0751,-0.00747108,-0.0631902,0.10399,63.0764,-179.944,-0.319955,0.346084,0.0,0.246754,1.251,-6.0,-1.0,-0.177488,0.0,0.0,1779.95,-3.30369,0.0,0.0,0.0,0.0,0.0,0.0,0.0,0.0,0.0,0.0,0.0,1256.09,-0.0966621,0.0,0.0,0.0,0.0,0.0,0.0,0.0,0.0,0.0,0.0599791,0.371731,5716.85,-175.305,0.0,1.3e-07,0.0,-5.11e-09,53.5817,-0.0334547,53.5817,0.0,1.43099,1.455,0.000590362,4476.31,27.0027,0.0,2.03e-19,0.0,-3.93e-17,4.7573,-5.31e-05,4.7573,0.0,0.0255432,999.0,4.0,2.0,74.76104851410902,gaze,0.531385154661948,0.4043109025397598,-16.83156255075362,35.85089705960504,263.1314866822287,28.42578050011812,0.2021037251785485,-34.36169025751452,-0.0501154085004964,0.1429395792025751,0.9884617961905352,5.276469707489014,-29.91232041534709,-1.704934037976215,-33.66922104706882,-0.0571781858964273,0.1011629952724967,0.9932254041480668,5.122965812683105,-0.7432699576144852,-0.7514151563988333,-34.015455652291664,-0.0536467971984618,0.1220512872375359,0.9908436001693012,5.19971776008606,9.63599110250017,True,0.0,imu,-0.3995660704000001,-9.648802816800002,2.269989876,4.74046841,2.29490136,-3.87770441,73.4385044,-2.850411600000013,0.4211631999999965
229.008,-0.033678,0.0990146,4550.49,7.50057,0.0584919,-0.369087,-179.938,17520.5,0.000126371,-0.36901,-0.754609,0.0642461,0.0584919,0.0224441,-0.0288148,-0.00255294,63.0725,-0.00770834,-0.0336985,0.0990092,63.0738,-179.938,-0.164231,0.337944,0.0,0.243463,1.188,-6.0,-1.0,-0.17739,0.0,0.0,1779.95,-3.30369,0.0,0.0,0.0,0.0,0.0,0.0,0.0,0.0,0.0,0.0,0.0,1256.09,-0.0966621,0.0,0.0,0.0,0.0,0.0,0.0,0.0,0.0,0.0,0.0594811,0.37178,5716.88,-175.546,0.0,1.28e-07,0.0,-5.13e-09,53.5852,-0.0334502,53.5852,0.0,1.43109,1.455,0.000631364,4476.31,26.9804,0.0,2.15e-19,0.0,-4.02e-17,4.84277,-5.68e-05,4.84277,0.0,0.0268497,999.0,4.0,2.0,74.48104899425668,gaze,0.531385154661948,0.4043109025397598,-16.83156255075362,35.85089705960504,263.1314866822287,28.42578050011812,0.2021037251785485,-34.36169025751452,-0.0501154085004964,0.1429395792025751,0.9884617961905352,5.276469707489014,-29.91232041534709,-1.704934037976215,-33.66922104706882,-0.0571781858964273,0.1011629952724967,0.9932254041480668,5.122965812683105,-0.7432699576144852,-0.7514151563988333,-34.015455652291664,-0.0536467971984618,0.1220512872375359,0.9908436001693012,5.19971776008606,9.63599110250017,True,0.0,imu,-0.3995660704000001,-9.648802816800002,2.269989876,4.74046841,2.29490136,-3.87770441,73.4385044,-2.850411600000013,0.4211631999999965
229.024,-0.0548736,0.0941401,4550.21,7.50029,0.0580032,-0.368129,-179.933,17519.8,8.59e-05,-0.368052,-0.232962,0.0558806,0.0580032,-0.368752,-0.0326615,-0.00254803,63.0702,-0.00798456,-0.0548919,0.0941322,63.0715,-179.933,-0.797744,0.328358,0.0,0.243463,1.125,0.0,-1.0,-0.177264,0.0,0.0,1779.95,-3.30369,0.0,0.0,0.0,0.0,0.0,0.0,0.0,0.0,0.0,0.0,0.0,1256.09,-0.0966621,0.0,0.0,0.0,0.0,0.0,0.0,0.0,0.0,0.0,0.0589896,0.371828,5716.91,-175.785,0.0,1.26e-07,0.0,-5.14e-09,53.5886,-0.0334498,53.5886,0.0,1.43118,1.455,0.00067362,4476.31,26.9581,0.0,2.26e-19,0.0,-4.11e-17,4.92757,-6.06e-05,4.92757,0.0,0.0281827,999.0,4.0,2.0,74.20104950203941,gaze,0.531385154661948,0.4043109025397598,-16.83156255075362,35.85089705960504,263.1314866822287,28.42578050011812,0.2021037251785485,-34.36169025751452,-0.0501154085004964,0.1429395792025751,0.9884617961905352,5.276469707489014,-29.91232041534709,-1.704934037976215,-33.66922104706882,-0.0571781858964273,0.1011629952724967,0.9932254041480668,5.122965812683105,-0.7432699576144852,-0.7514151563988333,-34.015455652291664,-0.0536467971984618,0.1220512872375359,0.9908436001693012,5.19971776008606,9.63599110250017,True,0.0,imu,-0.3995660704000001,-9.648802816800002,2.269989876,4.74046841,2.29490136,-3.87770441,73.4385044,-2.850411600000013,0.4211631999999965
229.04,-0.00127275,0.0918183,4549.93,7.49998,0.0574129,-0.367317,-179.928,17519.3,0.000116461,-0.36724,-1.07429,0.0463561,0.0574129,-0.576787,-0.0408634,-0.00254308,63.0682,-0.0082701,-0.00127967,0.0918189,63.0694,-179.928,-0.458822,0.318153,0.0,0.250045,1.071,0.0,-1.0,-0.17711,0.0,0.0,1779.95,-3.30369,0.0,0.0,0.0,0.0,0.0,0.0,0.0,0.0,0.0,0.0,0.0,1256.09,-0.0966621,0.0,0.0,0.0,0.0,0.0,0.0,0.0,0.0,0.0,0.0585234,0.371872,5716.94,-176.017,0.0,1.25e-07,0.0,-5.15e-09,53.5919,-0.0334653,53.5919,0.0,1.43126,1.455,0.000720743,4476.31,26.9356,0.0,2.39e-19,0.0,-4.21e-17,5.00976,-6.49e-05,5.00976,0.0,0.0296186,999.0,4.0,2.0,73.92105004963364,gaze,0.531385154661948,0.4043109025397598,-16.83156255075362,35.85089705960504,263.1314866822287,28.42578050011812,0.2021037251785485,-34.36169025751452,-0.0501154085004964,0.1429395792025751,0.9884617961905352,5.276469707489014,-29.91232041534709,-1.704934037976215,-33.66922104706882,-0.0571781858964273,0.1011629952724967,0.9932254041480668,5.122965812683105,-0.7432699576144852,-0.7514151563988333,-34.015455652291664,-0.0536467971984618,0.1220512872375359,0.9908436001693012,5.19971776008606,9.63599110250017,True,0.0,imu,-0.3995660704000001,-9.648802816800002,2.269989876,4.74046841,2.29490136,-3.87770441,73.4385044,-2.850411600000013,0.4211631999999965
229.056,-0.0164803,0.0947286,4549.65,7.49965,0.0566821,-0.366651,-179.923,17518.8,0.000105779,-0.366575,-0.826505,0.037313,0.0566821,0.41709,-0.0471739,-0.00253852,63.0663,-0.00847783,-0.0164932,0.0947263,63.0676,-179.923,-0.397827,0.30749,0.0,0.236881,1.035,0.0,-1.0,-0.176928,0.0,0.0,1779.95,-3.30369,0.0,0.0,0.0,0.0,0.0,0.0,0.0,0.0,0.0,0.0,0.0,1256.09,-0.0966621,0.0,0.0,0.0,0.0,0.0,0.0,0.0,0.0,0.0,0.0580572,0.371916,5716.97,-176.248,0.0,1.24e-07,0.0,-5.16e-09,53.5951,-0.0334808,53.5951,0.0,1.43135,1.455,0.000767867,4476.32,26.913,0.0,2.51e-19,0.0,-4.32e-17,5.09194,-6.92e-05,5.09194,0.0,0.0310545,999.0,4.0,2.0,73.64105062614496,gaze,0.531385154661948,0.4043109025397598,-16.83156255075362,35.85089705960504,263.1314866822287,28.42578050011812,0.2021037251785485,-34.36169025751452,-0.0501154085004964,0.1429395792025751,0.9884617961905352,5.276469707489014,-29.91232041534709,-1.704934037976215,-33.66922104706882,-0.0571781858964273,0.1011629952724967,0.9932254041480668,5.122965812683105,-0.7432699576144852,-0.7514151563988333,-34.015455652291664,-0.0536467971984618,0.1220512872375359,0.9908436001693012,5.19971776008606,9.63599110250017,True,0.0,imu,-0.3995660704000001,-9.648802816800002,2.269989876,4.74046841,2.29490136,-3.87770441,73.4385044,-2.850411600000013,0.4211631999999965
229.072,-0.0321179,0.0938039,4549.37,7.49929,0.0558778,-0.366131,-179.918,17518.3,0.000110362,-0.366055,-0.508832,0.0282403,0.0558778,-0.111529,-0.0535037,-0.00253443,63.0647,-0.0085736,-0.0321294,0.0937998,63.066,-179.918,-0.713389,0.297249,0.0,0.230299,1.008,0.0,-1.0,-0.176719,0.0,0.0,1779.95,-3.30369,0.0,0.0,0.0,0.0,0.0,0.0,0.0,0.0,0.0,0.0,0.0,1256.09,-0.0966621,0.0,0.0,0.0,0.0,0.0,0.0,0.0,0.0,0.0,0.0575909,0.371961,5717.0,-176.48,0.0,1.23e-07,0.0,-5.17e-09,53.5984,-0.033496,53.5984,0.0,1.43143,1.455,0.000815214,4476.32,26.8904,0.0,2.64e-19,0.0,-4.42e-17,5.17419,-7.35e-05,5.17419,0.0,0.0324964,999.0,4.0,2.0,73.36105124399515,gaze,0.531385154661948,0.4043109025397598,-16.83156255075362,35.85089705960504,263.1314866822287,28.42578050011812,0.2021037251785485,-34.36169025751452,-0.0501154085004964,0.1429395792025751,0.9884617961905352,5.276469707489014,-29.91232041534709,-1.704934037976215,-33.66922104706882,-0.0571781858964273,0.1011629952724967,0.9932254041480668,5.122965812683105,-0.7432699576144852,-0.7514151563988333,-34.015455652291664,-0.0536467971984618,0.1220512872375359,0.9908436001693012,5.19971776008606,9.63599110250017,True,0.0,imu,-0.3995660704000001,-9.648802816800002,2.269989876,4.74046841,2.29490136,-3.87770441,73.4385044,-2.850411600000013,0.4211631999999965
229.088,-0.0257615,0.0884515,4549.09,7.49892,0.055,-0.365755,-179.913,17518.0,5.5e-05,-0.365679,-0.469967,0.0192992,0.055,-0.120901,-0.0561127,-0.00253077,63.0634,-0.00856172,-0.0257531,0.0884511,63.0647,-179.913,-0.604368,0.287754,0.0,0.210553,0.99,0.0,-1.0,-0.176484,0.0,0.0,1779.95,-3.30369,0.0,0.0,0.0,0.0,0.0,0.0,0.0,0.0,0.0,0.0,0.0,1256.09,-0.0966621,0.0,0.0,0.0,0.0,0.0,0.0,0.0,0.0,0.0,0.0571179,0.372008,5717.03,-176.721,0.0,1.23e-07,0.0,-5.19e-09,53.6017,-0.0334919,53.6017,0.0,1.43152,1.455,0.000875952,4476.32,26.8658,0.0,2.79e-19,0.0,-4.5e-17,5.25963,-7.9e-05,5.25963,0.0,0.0342912,999.0,4.0,2.0,73.08105188026798,gaze,0.531385154661948,0.4043109025397598,-16.83156255075362,35.85089705960504,263.1314866822287,28.42578050011812,0.2021037251785485,-34.36169025751452,-0.0501154085004964,0.1429395792025751,0.9884617961905352,5.276469707489014,-29.91232041534709,-1.704934037976215,-33.66922104706882,-0.0571781858964273,0.1011629952724967,0.9932254041480668,5.122965812683105,-0.7432699576144852,-0.7514151563988333,-34.015455652291664,-0.0536467971984618,0.1220512872375359,0.9908436001693012,5.19971776008606,9.63599110250017,True,0.0,imu,-0.3995660704000001,-9.648802816800002,2.269989876,4.74046841,2.29490136,-3.87770441,73.4385044,-2.850411600000013,0.4211631999999965
229.104,-0.0337945,0.0880319,4548.81,7.49852,0.0540842,-0.365526,-179.909,17517.6,8.96e-05,-0.36545,-0.26749,0.0105112,0.0540842,0.336867,-0.0570565,-0.0025275,63.0622,-0.00844487,-0.0338082,0.0880272,63.0634,-179.909,-0.149431,0.27918,0.0,0.197388,0.972,0.0,-1.0,-0.176222,0.0,0.0,1779.95,-3.30369,0.0,0.0,0.0,0.0,0.0,0.0,0.0,0.0,0.0,0.0,0.0,1256.09,-0.0966621,0.0,0.0,0.0,0.0,0.0,0.0,0.0,0.0,0.0,0.0566448,0.372054,5717.07,-176.962,0.0,1.22e-07,0.0,-5.2e-09,53.605,-0.0334878,53.605,0.0,1.43161,1.455,0.000936691,4476.32,26.8412,0.0,2.95e-19,0.0,-4.58e-17,5.34508,-8.44e-05,5.34508,0.0,0.0360859,999.0,4.0,2.0,72.80105255935834,gaze,0.531385154661948,0.4043109025397598,-16.83156255075362,35.85089705960504,263.1314866822287,28.42578050011812,0.2021037251785485,-34.36169025751452,-0.0501154085004964,0.1429395792025751,0.9884617961905352,5.276469707489014,-29.91232041534709,-1.704934037976215,-33.66922104706882,-0.0571781858964273,0.1011629952724967,0.9932254041480668,5.122965812683105,-0.7432699576144852,-0.7514151563988333,-34.015455652291664,-0.0536467971984618,0.1220512872375359,0.9908436001693012,5.19971776008606,9.63599110250017,True,0.0,imu,-0.3995660704000001,-9.648802816800002,2.269989876,4.74046841,2.29490136,-3.87770441,73.4385044,-2.850411600000013,0.4211631999999965
229.12,-0.0235234,0.0872447,4548.53,7.49809,0.0531896,-0.36542,-179.904,17517.3,6.2e-05,-0.365344,-0.339084,0.00346155,0.0531896,0.253703,-0.0554033,-0.00252553,63.0611,-0.00828461,-0.0235227,0.0872434,63.0624,-179.904,-0.252826,0.271199,0.0,0.197388,0.954,0.0,-1.0,-0.175933,0.0,0.0,1779.95,-3.30369,0.0,0.0,0.0,0.0,0.0,0.0,0.0,0.0,0.0,0.0,0.0,1256.09,-0.0966621,0.0,0.0,0.0,0.0,0.0,0.0,0.0,0.0,0.0,0.0561717,0.372101,5717.1,-177.202,0.0,1.21e-07,0.0,-5.21e-09,53.6083,-0.0334838,53.6083,0.0,1.43171,1.455,0.000997429,4476.32,26.8166,0.0,3.1e-19,0.0,-4.67e-17,5.43053,-8.98e-05,5.43053,0.0,0.0378807,999.0,4.0,2.0,72.5210532822577,gaze,0.531385154661948,0.4043109025397598,-16.83156255075362,35.85089705960504,263.1314866822287,28.42578050011812,0.2021037251785485,-34.36169025751452,-0.0501154085004964,0.1429395792025751,0.9884617961905352,5.276469707489014,-29.91232041534709,-1.704934037976215,-33.66922104706882,-0.0571781858964273,0.1011629952724967,0.9932254041480668,5.122965812683105,-0.7432699576144852,-0.7514151563988333,-34.015455652291664,-0.0536467971984618,0.1220512872375359,0.9908436001693012,5.19971776008606,9.63599110250017,True,0.0,imu,-0.3995660704000001,-9.648802816800002,2.269989876,4.74046841,2.29490136,-3.87770441,73.4385044,-2.850411600000013,0.4211631999999965
229.136,-0.0223672,0.0849274,4548.25,7.49765,0.0522877,-0.365418,-179.9,17517.1,8.73e-05,-0.365342,-0.152733,-0.00254226,0.0522877,-0.355724,-0.0575694,-0.00252388,63.0601,-0.00808355,-0.0223579,0.0849275,63.0614,-179.9,-0.964965,0.263687,0.0,0.197388,0.927,-6.0,-1.0,-0.17562,0.0,0.0,1779.95,-3.30369,0.0,0.0,0.0,0.0,0.0,0.0,0.0,0.0,0.0,0.0,0.0,1256.09,-0.0966621,0.0,0.0,0.0,0.0,0.0,0.0,0.0,0.0,0.0,0.0557352,0.372144,5717.13,-177.43,0.0,1.2e-07,0.0,-5.22e-09,53.6113,-0.0334891,53.6113,0.0,1.43179,1.455,0.00106292,4476.32,26.7922,0.0,3.27e-19,0.0,-4.74e-17,5.51135,-9.57e-05,5.51135,0.0,0.0397214,999.0,4.0,2.0,72.24105402555044,gaze,0.531385154661948,0.4043109025397598,-16.83156255075362,35.85089705960504,263.1314866822287,28.42578050011812,0.2021037251785485,-34.36169025751452,-0.0501154085004964,0.1429395792025751,0.9884617961905352,5.276469707489014,-29.91232041534709,-1.704934037976215,-33.66922104706882,-0.0571781858964273,0.1011629952724967,0.9932254041480668,5.122965812683105,-0.7432699576144852,-0.7514151563988333,-34.015455652291664,-0.0536467971984618,0.1220512872375359,0.9908436001693012,5.19971776008606,9.63599110250017,True,0.0,imu,-0.3995660704000001,-9.648802816800002,2.269989876,4.74046841,2.29490136,-3.87770441,73.4385044,-2.850411600000013,0.4211631999999965
229.152,0.0028691,0.0840767,4547.97,7.49718,0.0513358,-0.365504,-179.896,17516.8,0.000121787,-0.365428,-0.566945,-0.00777322,0.0513358,-0.0565958,-0.0612529,-0.00252228,63.0593,-0.00786575,0.00288448,0.0840807,63.0606,-179.896,0.073621,0.256713,0.0,0.197388,0.9,-6.0,-1.0,-0.175281,0.0,0.0,1779.95,-3.30369,0.0,0.0,0.0,0.0,0.0,0.0,0.0,0.0,0.0,0.0,0.0,1256.09,-0.0966621,0.0,0.0,0.0,0.0,0.0,0.0,0.0,0.0,0.0,0.0553005,0.372187,5717.16,-177.657,0.0,1.19e-07,0.0,-5.23e-09,53.6144,-0.033495,53.6144,0.0,1.43187,1.455,0.00112865,4476.32,26.7679,0.0,3.43e-19,0.0,-4.82e-17,5.59194,-0.000101688,5.59194,0.0,0.0415643,999.0,4.0,2.0,71.96105481433992,gaze,0.531385154661948,0.4043109025397598,-16.83156255075362,35.85089705960504,263.1314866822287,28.42578050011812,0.2021037251785485,-34.36169025751452,-0.0501154085004964,0.1429395792025751,0.9884617961905352,5.276469707489014,-29.91232041534709,-1.704934037976215,-33.66922104706882,-0.0571781858964273,0.1011629952724967,0.9932254041480668,5.122965812683105,-0.7432699576144852,-0.7514151563988333,-34.015455652291664,-0.0536467971984618,0.1220512872375359,0.9908436001693012,5.19971776008606,9.63599110250017,True,0.0,imu,-0.3995660704000001,-9.648802816800002,2.269989876,4.74046841,2.29490136,-3.87770441,73.4385044,-2.850411600000013,0.4211631999999965
229.168,-0.00164229,0.0807807,4547.69,7.4967,0.0503142,-0.365671,-179.892,17516.6,9.02e-05,-0.365595,-0.547902,-0.0131911,0.0503142,0.352277,-0.0643416,-0.0025206,63.0586,-0.0076538,-0.00166554,0.0807786,63.0599,-179.892,-0.0494959,0.249212,0.0,0.194097,0.873,0.0,-1.0,-0.174919,0.0,0.0,1779.95,-3.30369,0.0,0.0,0.0,0.0,0.0,0.0,0.0,0.0,0.0,0.0,0.0,1256.09,-0.0966621,0.0,0.0,0.0,0.0,0.0,0.0,0.0,0.0,0.0,0.0548657,0.37223,5717.19,-177.884,0.0,1.18e-07,0.0,-5.24e-09,53.6174,-0.0335009,53.6174,0.0,1.43196,1.455,0.00119438,4476.32,26.7435,0.0,3.6e-19,0.0,-4.9e-17,5.67253,-0.000107632,5.67253,0.0,0.0434073,999.0,4.0,2.0,71.68105562482978,gaze,0.531385154661948,0.4043109025397598,-16.83156255075362,35.85089705960504,263.1314866822287,28.42578050011812,0.2021037251785485,-34.36169025751452,-0.0501154085004964,0.1429395792025751,0.9884617961905352,5.276469707489014,-29.91232041534709,-1.704934037976215,-33.66922104706882,-0.0571781858964273,0.1011629952724967,0.9932254041480668,5.122965812683105,-0.7432699576144852,-0.7514151563988333,-34.015455652291664,-0.0536467971984618,0.1220512872375359,0.9908436001693012,5.19971776008606,9.63599110250017,True,0.0,imu,-0.3995660704000001,-9.648802816800002,2.269989876,4.74046841,2.29490136,-3.87770441,73.4385044,-2.850411600000013,0.4211631999999965
229.184,-0.00678756,0.0760242,4547.41,7.49619,0.0492699,-0.365914,-179.888,17516.4,6.57e-05,-0.365839,-0.204359,-0.0167967,0.0492699,-0.509263,-0.0672847,-0.00251996,63.0579,-0.00746739,-0.0067797,0.0760256,63.0592,-179.888,-0.971744,0.24158,0.0,0.203971,0.837,0.0,-1.0,-0.174534,0.0,0.0,1779.95,-3.30369,0.0,0.0,0.0,0.0,0.0,0.0,0.0,0.0,0.0,0.0,0.0,1256.09,-0.0966621,0.0,0.0,0.0,0.0,0.0,0.0,0.0,0.0,0.0,0.0544138,0.372274,5717.22,-178.125,0.0,1.17e-07,0.0,-5.26e-09,53.6205,-0.0335051,53.6205,0.0,1.43204,1.455,0.00127276,4476.32,26.7169,0.0,3.8e-19,0.0,-4.97e-17,5.75784,-0.000114615,5.75784,0.0,0.0455394,999.0,4.0,2.0,71.40105648263251,gaze,0.531385154661948,0.4043109025397598,-16.83156255075362,35.85089705960504,263.1314866822287,28.42578050011812,0.2021037251785485,-34.36169025751452,-0.0501154085004964,0.1429395792025751,0.9884617961905352,5.276469707489014,-29.91232041534709,-1.704934037976215,-33.66922104706882,-0.0571781858964273,0.1011629952724967,0.9932254041480668,5.122965812683105,-0.7432699576144852,-0.7514151563988333,-34.015455652291664,-0.0536467971984618,0.1220512872375359,0.9908436001693012,5.19971776008606,9.63599110250017,True,0.0,imu,-0.3995660704000001,-9.648802816800002,2.269989876,4.74046841,2.29490136,-3.87770441,73.4385044,-2.850411600000013,0.4211631999999965
229.2,-0.00914808,0.0746353,4547.13,7.49566,0.0481789,-0.366198,-179.884,17516.3,4.12e-05,-0.366123,-0.0674088,-0.0186518,0.0481789,0.0521621,-0.068775,-0.00251991,63.0573,-0.00728016,-0.00913509,0.0746371,63.0586,-179.884,-0.271398,0.234245,0.0,0.207262,0.81,0.0,-1.0,-0.174126,0.0,0.0,1779.95,-3.30369,0.0,0.0,0.0,0.0,0.0,0.0,0.0,0.0,0.0,0.0,0.0,1256.09,-0.0966621,0.0,0.0,0.0,0.0,0.0,0.0,0.0,0.0,0.0,0.0539546,0.372319,5717.26,-178.371,0.0,1.15e-07,0.0,-5.27e-09,53.6237,-0.0335086,53.6237,0.0,1.43213,1.455,0.00135651,4476.32,26.6893,0.0,4e-19,0.0,-5.05e-17,5.84515,-0.000122039,5.84515,0.0,0.0477944,999.0,4.0,2.0,71.12105737624837,gaze,0.531385154661948,0.4043109025397598,-16.83156255075362,35.85089705960504,263.1314866822287,28.42578050011812,0.2021037251785485,-34.36169025751452,-0.0501154085004964,0.1429395792025751,0.9884617961905352,5.276469707489014,-29.91232041534709,-1.704934037976215,-33.66922104706882,-0.0571781858964273,0.1011629952724967,0.9932254041480668,5.122965812683105,-0.7432699576144852,-0.7514151563988333,-34.015455652291664,-0.0536467971984618,0.1220512872375359,0.9908436001693012,5.19971776008606,9.63599110250017,True,0.0,imu,-0.3995660704000001,-9.648802816800002,2.269989876,4.74046841,2.29490136,-3.87770441,73.4385044,-2.850411600000013,0.4211631999999965
229.216,-0.00467021,0.0769305,4546.85,7.49512,0.0470489,-0.366523,-179.88,17516.2,7.41e-05,-0.366447,-0.24883,-0.0214704,0.0470489,0.231608,-0.0728232,-0.00251905,63.0569,-0.0070974,-0.00469131,0.0769284,63.0582,-179.88,0.0183381,0.226949,0.0,0.217135,0.774,0.0,-1.0,-0.173696,0.0,0.0,1779.95,-3.30369,0.0,0.0,0.0,0.0,0.0,0.0,0.0,0.0,0.0,0.0,0.0,1256.09,-0.0966621,0.0,0.0,0.0,0.0,0.0,0.0,0.0,0.0,0.0,0.0534954,0.372364,5717.29,-178.617,0.0,1.13e-07,0.0,-5.28e-09,53.6269,-0.0335121,53.6269,0.0,1.43222,1.455,0.00144026,4476.32,26.6617,0.0,4.21e-19,0.0,-5.13e-17,5.93246,-0.000129463,5.93246,0.0,0.0500494,999.0,4.0,2.0,70.84105829372152,gaze,0.531385154661948,0.4043109025397598,-16.83156255075362,35.85089705960504,263.1314866822287,28.42578050011812,0.2021037251785485,-34.36169025751452,-0.0501154085004964,0.1429395792025751,0.9884617961905352,5.276469707489014,-29.91232041534709,-1.704934037976215,-33.66922104706882,-0.0571781858964273,0.1011629952724967,0.9932254041480668,5.122965812683105,-0.7432699576144852,-0.7514151563988333,-34.015455652291664,-0.0536467971984618,0.1220512872375359,0.9908436001693012,5.19971776008606,9.63599110250017,True,0.0,imu,-0.3995660704000001,-9.648802816800002,2.269989876,4.74046841,2.29490136,-3.87770441,73.4385044,-2.850411600000013,0.4211631999999965
229.232,-0.0135821,0.0679314,4546.57,7.49455,0.0458438,-0.366889,-179.877,17516.1,9.06e-05,-0.366813,-0.0154977,-0.0242975,0.0458438,-0.697427,-0.077418,-0.00251773,63.0566,-0.00692092,-0.0135855,0.0679305,63.0579,-179.877,-0.744948,0.219244,0.0,0.223717,0.738,0.0,-1.0,-0.173244,0.0,0.0,1779.95,-3.30369,0.0,0.0,0.0,0.0,0.0,0.0,0.0,0.0,0.0,0.0,0.0,1256.09,-0.0966621,0.0,0.0,0.0,0.0,0.0,0.0,0.0,0.0,0.0,0.0530627,0.372405,5717.32,-178.853,0.0,1.13e-07,0.0,-5.29e-09,53.63,-0.033518,53.63,0.0,1.4323,1.455,0.00153013,4476.32,26.6345,0.0,4.43e-19,0.0,-5.21e-17,6.01621,-0.000137522,6.01621,0.0,0.052403,999.0,4.0,2.0,70.56105926148258,gaze,0.531385154661948,0.4043109025397598,-16.83156255075362,35.85089705960504,263.1314866822287,28.42578050011812,0.2021037251785485,-34.36169025751452,-0.0501154085004964,0.1429395792025751,0.9884617961905352,5.276469707489014,-29.91232041534709,-1.704934037976215,-33.66922104706882,-0.0571781858964273,0.1011629952724967,0.9932254041480668,5.122965812683105,-0.7432699576144852,-0.7514151563988333,-34.015455652291664,-0.0536467971984618,0.1220512872375359,0.9908436001693012,5.19971776008606,9.63599110250017,True,0.0,imu,-0.3995660704000001,-9.648802816800002,2.269989876,4.74046841,2.29490136,-3.87770441,73.4385044,-2.850411600000013,0.4211631999999965
229.248,0.00438454,0.0619093,4546.29,7.49397,0.0445629,-0.367287,-179.873,17516.0,0.000112679,-0.367211,-0.104266,-0.0253401,0.0445629,-0.668579,-0.081916,-0.0025177,63.0565,-0.00677144,0.00438692,0.0619109,63.0578,-179.873,-0.374092,0.21128,0.0,0.23359,0.693,0.0,-1.0,-0.172772,0.0,0.0,1779.95,-3.30369,0.0,0.0,0.0,0.0,0.0,0.0,0.0,0.0,0.0,0.0,0.0,1256.09,-0.0966621,0.0,0.0,0.0,0.0,0.0,0.0,0.0,0.0,0.0,0.0526413,0.372445,5717.35,-179.085,0.0,1.13e-07,0.0,-5.3e-09,53.6329,-0.033525,53.6329,0.0,1.43237,1.455,0.00162258,4476.32,26.6073,0.0,4.65e-19,0.0,-5.28e-17,6.09845,-0.000145849,6.09845,0.0,0.0547983,999.0,4.0,2.0,70.2810602546724,gaze,0.531385154661948,0.4043109025397598,-16.83156255075362,35.85089705960504,263.1314866822287,28.42578050011812,0.2021037251785485,-34.36169025751452,-0.0501154085004964,0.1429395792025751,0.9884617961905352,5.276469707489014,-29.91232041534709,-1.704934037976215,-33.66922104706882,-0.0571781858964273,0.1011629952724967,0.9932254041480668,5.122965812683105,-0.7432699576144852,-0.7514151563988333,-34.015455652291664,-0.0536467971984618,0.1220512872375359,0.9908436001693012,5.19971776008606,9.63599110250017,True,0.0,imu,-0.3995660704000001,-9.648802816800002,2.269989876,4.74046841,2.29490136,-3.87770441,73.4385044,-2.850411600000013,0.4211631999999965
229.264,-0.0155839,0.0669736,4546.01,7.49337,0.0432259,-0.367704,-179.87,17516.1,0.000100704,-0.367629,0.0575378,-0.0267809,0.0432259,0.0353723,-0.0848978,-0.00251733,63.0565,-0.0066626,-0.0156218,0.0669683,63.0578,-179.87,-0.554155,0.202596,0.0,0.246754,0.639,0.0,-1.0,-0.17228,0.0,0.0,1779.95,-3.30369,0.0,0.0,0.0,0.0,0.0,0.0,0.0,0.0,0.0,0.0,0.0,1256.09,-0.0966621,0.0,0.0,0.0,0.0,0.0,0.0,0.0,0.0,0.0,0.0522199,0.372486,5717.39,-179.316,0.0,1.13e-07,0.0,-5.32e-09,53.6358,-0.033532,53.6358,0.0,1.43245,1.455,0.00171504,4476.32,26.5802,0.0,4.87e-19,0.0,-5.35e-17,6.18068,-0.000154175,6.18068,0.0,0.0571936,999.0,4.0,2.0,70.00106128707571,gaze,0.531385154661948,0.4043109025397598,-16.83156255075362,35.85089705960504,263.1314866822287,28.42578050011812,0.2021037251785485,-34.36169025751452,-0.0501154085004964,0.1429395792025751,0.9884617961905352,5.276469707489014,-29.91232041534709,-1.704934037976215,-33.66922104706882,-0.0571781858964273,0.1011629952724967,0.9932254041480668,5.122965812683105,-0.7432699576144852,-0.7514151563988333,-34.015455652291664,-0.0536467971984618,0.1220512872375359,0.9908436001693012,5.19971776008606,9.63599110250017,True,0.0,imu,-0.3995660704000001,-9.648802816800002,2.269989876,4.74046841,2.29490136,-3.87770441,73.4385044,-2.850411600000013,0.4211631999999965
229.28,0.0211948,0.059711,4545.73,7.49276,0.041822,-0.368147,-179.867,17516.1,0.000151294,-0.368071,-0.47656,-0.0287866,0.041822,-0.0179237,-0.0899635,-0.0025167,63.0567,-0.00664588,0.021171,0.0597112,63.058,-179.867,-0.266565,0.19281,0.0,0.250045,0.567,0.0,-1.0,-0.171768,0.0,0.0,1779.95,-3.30369,0.0,0.0,0.0,0.0,0.0,0.0,0.0,0.0,0.0,0.0,0.0,1256.09,-0.0966621,0.0,0.0,0.0,0.0,0.0,0.0,0.0,0.0,0.0,0.0518042,0.372527,5717.42,-179.548,0.0,1.12e-07,0.0,-5.33e-09,53.6387,-0.0335367,53.6387,0.0,1.43253,1.455,0.00181541,4476.32,26.5525,0.0,5.11e-19,0.0,-5.42e-17,6.26285,-0.000163238,6.26285,0.0,0.0597411,999.0,4.0,2.0,69.72106234630635,gaze,0.531385154661948,0.4043109025397598,-16.83156255075362,35.85089705960504,263.1314866822287,28.42578050011812,0.2021037251785485,-34.36169025751452,-0.0501154085004964,0.1429395792025751,0.9884617961905352,5.276469707489014,-29.91232041534709,-1.704934037976215,-33.66922104706882,-0.0571781858964273,0.1011629952724967,0.9932254041480668,5.122965812683105,-0.7432699576144852,-0.7514151563988333,-34.015455652291664,-0.0536467971984618,0.1220512872375359,0.9908436001693012,5.19971776008606,9.63599110250017,True,0.0,imu,-0.3995660704000001,-9.648802816800002,2.269989876,4.74046841,2.29490136,-3.87770441,73.4385044,-2.850411600000013,0.4211631999999965
229.296,0.0238287,0.0553134,4545.45,7.49213,0.0403286,-0.368623,-179.864,17516.2,0.000125365,-0.368547,-0.283287,-0.0304414,0.0403286,-0.298573,-0.0964498,-0.00251615,63.0571,-0.00671122,0.0238348,0.0553172,63.0584,-179.864,-1.13143,0.181291,0.0,0.266501,0.477,-6.0,-1.0,-0.171237,0.0,0.0,1779.95,-3.30369,0.0,0.0,0.0,0.0,0.0,0.0,0.0,0.0,0.0,0.0,0.0,1256.09,-0.0966621,0.0,0.0,0.0,0.0,0.0,0.0,0.0,0.0,0.0,0.0513939,0.372569,5717.45,-179.779,0.0,1.11e-07,0.0,-5.34e-09,53.6416,-0.0335394,53.6416,0.0,1.43261,1.455,0.00192316,4476.32,26.5243,0.0,5.37e-19,0.0,-5.49e-17,6.34494,-0.000172989,6.34494,0.0,0.0624309,999.0,4.0,2.0,69.44106344647145,gaze,0.531385154661948,0.4043109025397598,-16.83156255075362,35.85089705960504,263.1314866822287,28.42578050011812,0.2021037251785485,-34.36169025751452,-0.0501154085004964,0.1429395792025751,0.9884617961905352,5.276469707489014,-29.91232041534709,-1.704934037976215,-33.66922104706882,-0.0571781858964273,0.1011629952724967,0.9932254041480668,5.122965812683105,-0.7432699576144852,-0.7514151563988333,-34.015455652291664,-0.0536467971984618,0.1220512872375359,0.9908436001693012,5.19971776008606,9.63599110250017,True,0.0,imu,-0.3995660704000001,-9.648802816800002,2.269989876,4.74046841,2.29490136,-3.87770441,73.4385044,-2.850411600000013,0.4211631999999965
229.312,-0.00704519,0.0472472,4545.16,7.49148,0.038712,-0.369117,-179.861,17516.3,0.000224103,-0.369041,0.353606,-0.0307562,0.038712,-0.627555,-0.10547,-0.00251555,63.0574,-0.00689279,-0.00705621,0.0472458,63.0587,-179.861,-0.931915,0.168239,0.0,0.273083,0.378,-6.0,-1.0,-0.170688,0.0,0.0,1779.95,-3.30369,0.0,0.0,0.0,0.0,0.0,0.0,0.0,0.0,0.0,0.0,0.0,1256.09,-0.0966621,0.0,0.0,0.0,0.0,0.0,0.0,0.0,0.0,0.0,0.0509835,0.372611,5717.48,-180.011,0.0,1.09e-07,0.0,-5.35e-09,53.6445,-0.033542,53.6445,0.0,1.4327,1.455,0.00203092,4476.32,26.4961,0.0,5.62e-19,0.0,-5.56e-17,6.42703,-0.00018274,6.42703,0.0,0.0651208,999.0,4.0,2.0,69.15106459795379,gaze,0.531385154661948,0.4043109025397598,-16.83156255075362,35.85089705960504,263.1314866822287,28.42578050011812,0.2021037251785485,-34.36169025751452,-0.0501154085004964,0.1429395792025751,0.9884617961905352,5.276469707489014,-29.91232041534709,-1.704934037976215,-33.66922104706882,-0.0571781858964273,0.1011629952724967,0.9932254041480668,5.122965812683105,-0.7432699576144852,-0.7514151563988333,-34.015455652291664,-0.0536467971984618,0.1220512872375359,0.9908436001693012,5.19971776008606,9.63599110250017,True,0.0,imu,-0.3995660704000001,-9.648802816800002,2.269989876,4.74046841,2.29490136,-3.87770441,73.4385044,-2.850411600000013,0.4211631999999965
229.328,-0.0151043,0.0412601,4544.88,7.49083,0.0369234,-0.369608,-179.859,17516.4,0.000307763,-0.369533,0.311548,-0.0303272,0.0369234,-0.621243,-0.117007,-0.0025146,63.0578,-0.00714951,-0.0151425,0.0412551,63.0591,-179.859,-0.653033,0.153222,0.0,0.286247,0.27,-6.0,-1.0,-0.170122,0.0,0.0,1779.95,-3.30369,0.0,0.0,0.0,0.0,0.0,0.0,0.0,0.0,0.0,0.0,0.0,1256.09,-0.0966621,0.0,0.0,0.0,0.0,0.0,0.0,0.0,0.0,0.0,0.0505682,0.372652,5717.51,-180.247,0.0,1.08e-07,0.0,-5.36e-09,53.6474,-0.0335442,53.6474,0.0,1.43278,1.455,0.002147,4476.32,26.4669,0.0,5.89e-19,0.0,-5.63e-17,6.51086,-0.000193191,6.51086,0.0,0.0679798,999.0,4.0,2.0,68.87106575572149,gaze,0.531385154661948,0.4043109025397598,-16.83156255075362,35.85089705960504,263.1314866822287,28.42578050011812,0.2021037251785485,-34.36169025751452,-0.0501154085004964,0.1429395792025751,0.9884617961905352,5.276469707489014,-29.91232041534709,-1.704934037976215,-33.66922104706882,-0.0571781858964273,0.1011629952724967,0.9932254041480668,5.122965812683105,-0.7432699576144852,-0.7514151563988333,-34.015455652291664,-0.0536467971984618,0.1220512872375359,0.9908436001693012,5.19971776008606,9.63599110250017,True,0.0,imu,-0.3995660704000001,-9.648802816800002,2.269989876,4.74046841,2.29490136,-3.87770441,73.4385044,-2.850411600000013,0.4211631999999965
229.344,-0.000495734,0.0378357,4544.6,7.49016,0.0349752,-0.370083,-179.856,17516.5,0.000289282,-0.370007,0.253858,-0.0288054,0.0349752,-0.253228,-0.125988,-0.00251428,63.0582,-0.00744752,-0.000498644,0.0378358,63.0596,-179.856,-0.948694,0.135933,0.0,0.305993,0.171,0.0,-1.0,-0.169539,0.0,0.0,1779.95,-3.30369,0.0,0.0,0.0,0.0,0.0,0.0,0.0,0.0,0.0,0.0,0.0,1256.09,-0.0966621,0.0,0.0,0.0,0.0,0.0,0.0,0.0,0.0,0.0,0.0501423,0.372693,5717.55,-180.493,0.0,1.08e-07,0.0,-5.38e-09,53.6503,-0.0335454,53.6503,0.0,1.43286,1.455,0.00228026,4476.32,26.4356,0.0,6.2e-19,0.0,-5.7e-17,6.59825,-0.000205089,6.59825,0.0,0.0711881,999.0,4.0,2.0,68.59106695704367,gaze,0.531385154661948,0.4043109025397598,-16.83156255075362,35.85089705960504,263.1314866822287,28.42578050011812,0.2021037251785485,-34.36169025751452,-0.0501154085004964,0.1429395792025751,0.9884617961905352,5.276469707489014,-29.91232041534709,-1.704934037976215,-33.66922104706882,-0.0571781858964273,0.1011629952724967,0.9932254041480668,5.122965812683105,-0.7432699576144852,-0.7514151563988333,-34.015455652291664,-0.0536467971984618,0.1220512872375359,0.9908436001693012,5.19971776008606,9.63599110250017,True,0.0,imu,-0.3995660704000001,-9.648802816800002,2.269989876,4.74046841,2.29490136,-3.87770441,73.4385044,-2.850411600000013,0.4211631999999965
229.36,0.00802386,0.030245,4544.32,7.48949,0.0328836,-0.370529,-179.854,17516.7,0.0003485,-0.370453,0.187111,-0.0272767,0.0328836,-0.675844,-0.13561,-0.00251373,63.0588,-0.0077408,0.00800798,0.0302448,63.0601,-179.854,-0.649773,0.117881,0.0,0.312575,0.072,0.0,-1.0,-0.168941,0.0,0.0,1779.95,-3.30369,0.0,0.0,0.0,0.0,0.0,0.0,0.0,0.0,0.0,0.0,0.0,1256.09,-0.0966621,0.0,0.0,0.0,0.0,0.0,0.0,0.0,0.0,0.0,0.0497165,0.372733,5717.58,-180.739,0.0,1.08e-07,0.0,-5.39e-09,53.6533,-0.0335466,53.6533,0.0,1.43294,1.455,0.00241353,4476.32,26.4044,0.0,6.51e-19,0.0,-5.77e-17,6.68565,-0.000216987,6.68565,0.0,0.0743964,999.0,4.0,2.0,68.31106817478452,gaze,0.531385154661948,0.4043109025397598,-16.83156255075362,35.85089705960504,263.1314866822287,28.42578050011812,0.2021037251785485,-34.36169025751452,-0.0501154085004964,0.1429395792025751,0.9884617961905352,5.276469707489014,-29.91232041534709,-1.704934037976215,-33.66922104706882,-0.0571781858964273,0.1011629952724967,0.9932254041480668,5.122965812683105,-0.7432699576144852,-0.7514151563988333,-34.015455652291664,-0.0536467971984618,0.1220512872375359,0.9908436001693012,5.19971776008606,9.63599110250017,True,0.0,imu,-0.3995660704000001,-9.648802816800002,2.269989876,4.74046841,2.29490136,-3.87770441,73.4385044,-2.850411600000013,0.4211631999999965
229.376,0.0164671,0.0237962,4544.04,7.4888,0.0306198,-0.370955,-179.853,17516.9,0.000316723,-0.370879,-0.019982,-0.0260873,0.0306198,-1.03676,-0.146249,-0.00251308,63.0595,-0.00796056,0.0164603,0.0237979,63.0608,-179.853,-1.88205,0.0987842,0.0,0.332322,-0.009,-6.0,-1.0,-0.168328,0.0,0.0,1779.95,-3.30369,0.0,0.0,0.0,0.0,0.0,0.0,0.0,0.0,0.0,0.0,0.0,1256.09,-0.0966621,0.0,0.0,0.0,0.0,0.0,0.0,0.0,0.0,0.0,0.0492999,0.372773,5717.62,-180.982,0.0,1.07e-07,0.0,-5.4e-09,53.6562,-0.0335472,53.6562,0.0,1.43301,1.455,0.00255155,4476.32,26.3732,0.0,6.82e-19,0.0,-5.84e-17,6.77183,-0.000229393,6.77183,0.0,0.077679,999.0,4.0,2.0,68.03106943772083,gaze,0.531385154661948,0.4043109025397598,-16.83156255075362,35.85089705960504,263.1314866822287,28.42578050011812,0.2021037251785485,-34.36169025751452,-0.0501154085004964,0.1429395792025751,0.9884617961905352,5.276469707489014,-29.91232041534709,-1.704934037976215,-33.66922104706882,-0.0571781858964273,0.1011629952724967,0.9932254041480668,5.122965812683105,-0.7432699576144852,-0.7514151563988333,-34.015455652291664,-0.0536467971984618,0.1220512872375359,0.9908436001693012,5.19971776008606,9.63599110250017,True,0.0,imu,-0.3995660704000001,-9.648802816800002,2.269989876,4.74046841,2.29490136,-3.87770441,73.4385044,-2.850411600000013,0.4211631999999965
229.392,0.0176198,0.0241069,4543.76,7.48811,0.0282239,-0.371367,-179.851,17517.1,0.000324985,-0.371292,-0.00908865,-0.0255541,0.0282239,-0.488003,-0.151989,-0.00251324,63.0604,-0.00803737,0.0176112,0.0241087,63.0617,-179.851,-1.2709,0.0805404,0.0,0.338904,-0.072,-6.0,-1.0,-0.167701,0.0,0.0,1779.95,-3.30369,0.0,0.0,0.0,0.0,0.0,0.0,0.0,0.0,0.0,0.0,0.0,1256.09,-0.0966621,0.0,0.0,0.0,0.0,0.0,0.0,0.0,0.0,0.0,0.0489022,0.372813,5717.65,-181.218,0.0,1.05e-07,0.0,-5.41e-09,53.659,-0.0335466,53.659,0.0,1.43309,1.455,0.00269924,4476.32,26.3421,0.0,7.16e-19,0.0,-5.91e-17,6.85555,-0.000242834,6.85555,0.0,0.0811127,999.0,4.0,2.0,67.75107071812319,gaze,0.531385154661948,0.4043109025397598,-16.83156255075362,35.85089705960504,263.1314866822287,28.42578050011812,0.2021037251785485,-34.36169025751452,-0.0501154085004964,0.1429395792025751,0.9884617961905352,5.276469707489014,-29.91232041534709,-1.704934037976215,-33.66922104706882,-0.0571781858964273,0.1011629952724967,0.9932254041480668,5.122965812683105,-0.7432699576144852,-0.7514151563988333,-34.015455652291664,-0.0536467971984618,0.1220512872375359,0.9908436001693012,5.19971776008606,9.63599110250017,True,0.0,imu,-0.3995660704000001,-9.648802816800002,2.269989876,4.74046841,2.29490136,-3.87770441,73.4385044,-2.850411600000013,0.4211631999999965
229.408,0.0290918,0.0201606,4543.48,7.48742,0.0257779,-0.371777,-179.85,17517.4,0.000333575,-0.371701,0.0106305,-0.0256549,0.0257779,-0.199355,-0.152926,-0.00251342,63.0615,-0.00798562,0.0290935,0.0201646,63.0628,-179.85,-1.26523,0.0625746,0.0,0.348777,-0.108,0.0,-1.0,-0.16706,0.0,0.0,1779.95,-3.30369,0.0,0.0,0.0,0.0,0.0,0.0,0.0,0.0,0.0,0.0,0.0,1256.09,-0.0966621,0.0,0.0,0.0,0.0,0.0,0.0,0.0,0.0,0.0,0.0485044,0.372853,5717.68,-181.454,0.0,1.04e-07,0.0,-5.42e-09,53.6617,-0.0335459,53.6617,0.0,1.43317,1.455,0.00284694,4476.32,26.311,0.0,7.49e-19,0.0,-5.97e-17,6.93926,-0.000256276,6.93926,0.0,0.0845464,999.0,4.0,2.0,67.4710720162081,gaze,0.531385154661948,0.4043109025397598,-16.83156255075362,35.85089705960504,263.1314866822287,28.42578050011812,0.2021037251785485,-34.36169025751452,-0.0501154085004964,0.1429395792025751,0.9884617961905352,5.276469707489014,-29.91232041534709,-1.704934037976215,-33.66922104706882,-0.0571781858964273,0.1011629952724967,0.9932254041480668,5.122965812683105,-0.7432699576144852,-0.7514151563988333,-34.015455652291664,-0.0536467971984618,0.1220512872375359,0.9908436001693012,5.19971776008606,9.63599110250017,True,0.0,imu,-0.3995660704000001,-9.648802816800002,2.269989876,4.74046841,2.29490136,-3.87770441,73.4385044,-2.850411600000013,0.4211631999999965
229.424,0.0119944,0.0198024,4543.2,7.48671,0.023345,-0.372186,-179.849,17517.8,0.00025745,-0.37211,0.287967,-0.025422,0.023345,0.208703,-0.151054,-0.00251374,63.0628,-0.00774538,0.0119841,0.0198033,63.0642,-179.849,-0.801372,0.0466435,0.0,0.35865,-0.126,0.0,-1.0,-0.166405,0.0,0.0,1779.95,-3.30369,0.0,0.0,0.0,0.0,0.0,0.0,0.0,0.0,0.0,0.0,0.0,1256.09,-0.0966621,0.0,0.0,0.0,0.0,0.0,0.0,0.0,0.0,0.0,0.0481103,0.372893,5717.72,-181.689,0.0,1.02e-07,0.0,-5.44e-09,53.6645,-0.0335479,53.6645,0.0,1.43325,1.455,0.0029985,4476.33,26.2798,0.0,7.83e-19,0.0,-6.03e-17,7.02266,-0.000270046,7.02266,0.0,0.0880434,999.0,4.0,2.0,67.19107336175003,gaze,0.531385154661948,0.4043109025397598,-16.83156255075362,35.85089705960504,263.1314866822287,28.42578050011812,0.2021037251785485,-34.36169025751452,-0.0501154085004964,0.1429395792025751,0.9884617961905352,5.276469707489014,-29.91232041534709,-1.704934037976215,-33.66922104706882,-0.0571781858964273,0.1011629952724967,0.9932254041480668,5.122965812683105,-0.7432699576144852,-0.7514151563988333,-34.015455652291664,-0.0536467971984618,0.1220512872375359,0.9908436001693012,5.19971776008606,9.63599110250017,True,0.0,imu,-0.3995660704000001,-9.648802816800002,2.269989876,4.74046841,2.29490136,-3.87770441,73.4385044,-2.850411600000013,0.4211631999999965
229.44,0.0598435,0.0165005,4542.92,7.48601,0.0209609,-0.372603,-179.849,17518.3,0.00022713,-0.372528,-0.556414,-0.0266291,0.0209609,0.343143,-0.147355,-0.00251409,63.0646,-0.00736241,0.0598406,0.0165074,63.0659,-179.849,-0.609903,0.0323987,0.0,0.361941,-0.144,0.0,-1.0,-0.165739,0.0,0.0,1779.95,-3.30369,0.0,0.0,0.0,0.0,0.0,0.0,0.0,0.0,0.0,0.0,0.0,1256.09,-0.0966621,0.0,0.0,0.0,0.0,0.0,0.0,0.0,0.0,0.0,0.0477302,0.372929,5717.75,-181.92,0.0,1.02e-07,0.0,-5.45e-09,53.6671,-0.0335601,53.6671,0.0,1.43332,1.455,0.00316526,4476.33,26.2481,0.0,8.21e-19,0.0,-6.09e-17,7.10481,-0.000285115,7.10481,0.0,0.0917893,999.0,4.0,2.0,66.9110747111426,gaze,0.531385154661948,0.4043109025397598,-16.83156255075362,35.85089705960504,263.1314866822287,28.42578050011812,0.2021037251785485,-34.36169025751452,-0.0501154085004964,0.1429395792025751,0.9884617961905352,5.276469707489014,-29.91232041534709,-1.704934037976215,-33.66922104706882,-0.0571781858964273,0.1011629952724967,0.9932254041480668,5.122965812683105,-0.7432699576144852,-0.7514151563988333,-34.015455652291664,-0.0536467971984618,0.1220512872375359,0.9908436001693012,5.19971776008606,9.63599110250017,True,0.0,imu,-0.3995660704000001,-9.648802816800002,2.269989876,4.74046841,2.29490136,-3.87770441,73.4385044,-2.850411600000013,0.4211631999999965
229.456,0.0462247,0.0164277,4542.64,7.4853,0.01868,-0.373048,-179.848,17518.9,0.00016378,-0.372973,-0.320807,-0.0287204,0.01868,0.868483,-0.138722,-0.00251449,63.0665,-0.00687619,0.0462093,0.016432,63.0679,-179.848,-0.354806,0.0201095,0.0,0.365232,-0.153,0.0,-1.0,-0.165061,0.0,0.0,1779.95,-3.30369,0.0,0.0,0.0,0.0,0.0,0.0,0.0,0.0,0.0,0.0,0.0,1256.09,-0.0966621,0.0,0.0,0.0,0.0,0.0,0.0,0.0,0.0,0.0,0.0473502,0.372965,5717.78,-182.152,0.0,1.01e-07,0.0,-5.46e-09,53.6698,-0.0335724,53.6698,0.0,1.43338,1.455,0.00333201,4476.33,26.2165,0.0,8.58e-19,0.0,-6.15e-17,7.18695,-0.000300183,7.18695,0.0,0.0955353,999.0,4.0,2.0,66.63107609434235,gaze,0.531385154661948,0.4043109025397598,-16.83156255075362,35.85089705960504,263.1314866822287,28.42578050011812,0.2021037251785485,-34.36169025751452,-0.0501154085004964,0.1429395792025751,0.9884617961905352,5.276469707489014,-29.91232041534709,-1.704934037976215,-33.66922104706882,-0.0571781858964273,0.1011629952724967,0.9932254041480668,5.122965812683105,-0.7432699576144852,-0.7514151563988333,-34.015455652291664,-0.0536467971984618,0.1220512872375359,0.9908436001693012,5.19971776008606,9.63599110250017,True,0.0,imu,-0.3995660704000001,-9.648802816800002,2.269989876,4.74046841,2.29490136,-3.87770441,73.4385044,-2.850411600000013,0.4211631999999965
229.472,0.0528929,0.0116702,4542.36,7.48458,0.0165213,-0.373522,-179.848,17519.5,0.000175312,-0.373446,-0.217568,-0.0307274,0.0165213,0.263778,-0.131235,-0.00251567,63.0689,-0.00632351,0.0528975,0.0116757,63.0702,-179.848,-0.763886,0.00952321,0.0,0.368523,-0.162,0.0,-1.0,-0.164373,0.0,0.0,1779.95,-3.30369,0.0,0.0,0.0,0.0,0.0,0.0,0.0,0.0,0.0,0.0,0.0,1256.09,-0.0966621,0.0,0.0,0.0,0.0,0.0,0.0,0.0,0.0,0.0,0.0469702,0.373001,5717.82,-182.383,0.0,1.01e-07,0.0,-5.47e-09,53.6725,-0.0335844,53.6725,0.0,1.43345,1.455,0.00349913,4476.33,26.1848,0.0,8.95e-19,0.0,-6.21e-17,7.26912,-0.000315283,7.26912,0.0,0.0992877,999.0,4.0,2.0,66.35107751209738,gaze,0.531385154661948,0.4043109025397598,-16.83156255075362,35.85089705960504,263.1314866822287,28.42578050011812,0.2021037251785485,-34.36169025751452,-0.0501154085004964,0.1429395792025751,0.9884617961905352,5.276469707489014,-29.91232041534709,-1.704934037976215,-33.66922104706882,-0.0571781858964273,0.1011629952724967,0.9932254041480668,5.122965812683105,-0.7432699576144852,-0.7514151563988333,-34.015455652291664,-0.0536467971984618,0.1220512872375359,0.9908436001693012,5.19971776008606,9.63599110250017,True,0.0,imu,-0.3995660704000001,-9.648802816800002,2.269989876,4.74046841,2.29490136,-3.87770441,73.4385044,-2.850411600000013,0.4211631999999965
229.488,0.063461,0.00620053,4542.08,7.48386,0.0144776,-0.374044,-179.848,17520.3,0.000161657,-0.373968,-0.494942,-0.0344917,0.0144776,-0.180165,-0.124884,-0.00251644,63.0716,-0.00571721,0.063451,0.00620586,63.0729,-179.848,-0.717745,0.000526582,0.0,0.368523,-0.162,0.0,-1.0,-0.163676,0.0,0.0,1779.95,-3.30369,0.0,0.0,0.0,0.0,0.0,0.0,0.0,0.0,0.0,0.0,0.0,1256.09,-0.0966621,0.0,0.0,0.0,0.0,0.0,0.0,0.0,0.0,0.0,0.0465918,0.373038,5717.85,-182.62,0.0,1.01e-07,0.0,-5.48e-09,53.6751,-0.0335826,53.6751,0.0,1.43353,1.455,0.00369444,4476.33,26.1513,0.0,9.38e-19,0.0,-6.26e-17,7.35293,-0.000332873,7.35293,0.0,0.103533,999.0,4.0,2.0,66.07107894971588,gaze,0.531385154661948,0.4043109025397598,-16.83156255075362,35.85089705960504,263.1314866822287,28.42578050011812,0.2021037251785485,-34.36169025751452,-0.0501154085004964,0.1429395792025751,0.9884617961905352,5.276469707489014,-29.91232041534709,-1.704934037976215,-33.66922104706882,-0.0571781858964273,0.1011629952724967,0.9932254041480668,5.122965812683105,-0.7432699576144852,-0.7514151563988333,-34.015455652291664,-0.0536467971984618,0.1220512872375359,0.9908436001693012,5.19971776008606,9.63599110250017,True,0.0,imu,-0.3995660704000001,-9.648802816800002,2.269989876,4.74046841,2.29490136,-3.87770441,73.4385044,-2.850411600000013,0.4211631999999965
229.504,0.060549,0.00965838,4541.8,7.48314,0.012546,-0.37463,-179.848,17521.1,0.000115469,-0.374555,-0.212287,-0.0384668,0.012546,0.587379,-0.116724,-0.00251764,63.0746,-0.00507521,0.0605614,0.00966365,63.0759,-179.848,-0.512719,-0.00712917,0.0,0.371814,-0.162,0.0,-1.0,-0.162972,0.0,0.0,1779.95,-3.30369,0.0,0.0,0.0,0.0,0.0,0.0,0.0,0.0,0.0,0.0,0.0,1256.09,-0.0966621,0.0,0.0,0.0,0.0,0.0,0.0,0.0,0.0,0.0,0.0462135,0.373075,5717.88,-182.856,0.0,1.01e-07,0.0,-5.49e-09,53.6777,-0.0335807,53.6777,0.0,1.4336,1.455,0.00388974,4476.33,26.1178,0.0,9.8e-19,0.0,-6.32e-17,7.43674,-0.000350462,7.43674,0.0,0.107779,999.0,4.0,2.0,65.79108040745054,gaze,0.531385154661948,0.4043109025397598,-16.83156255075362,35.85089705960504,263.1314866822287,28.42578050011812,0.2021037251785485,-34.36169025751452,-0.0501154085004964,0.1429395792025751,0.9884617961905352,5.276469707489014,-29.91232041534709,-1.704934037976215,-33.66922104706882,-0.0571781858964273,0.1011629952724967,0.9932254041480668,5.122965812683105,-0.7432699576144852,-0.7514151563988333,-34.015455652291664,-0.0536467971984618,0.1220512872375359,0.9908436001693012,5.19971776008606,9.63599110250017,True,0.0,imu,-0.3995660704000001,-9.648802816800002,2.269989876,4.74046841,2.29490136,-3.87770441,73.4385044,-2.850411600000013,0.4211631999999965
229.52,0.0575677,0.00801893,4541.52,7.48242,0.010744,-0.375272,-179.848,17522.0,0.000124904,-0.375196,-0.0546993,-0.041515,0.010744,0.195898,-0.109296,-0.00251996,63.078,-0.0044446,0.0575739,0.00802314,63.0793,-179.848,-0.847626,-0.0134576,0.0,0.368523,-0.162,0.0,-1.0,-0.162261,0.0,0.0,1779.95,-3.30369,0.0,0.0,0.0,0.0,0.0,0.0,0.0,0.0,0.0,0.0,0.0,1256.09,-0.0966621,0.0,0.0,0.0,0.0,0.0,0.0,0.0,0.0,0.0,0.0458352,0.373113,5717.92,-183.092,0.0,1.01e-07,0.0,-5.51e-09,53.6804,-0.0335789,53.6804,0.0,1.43367,1.455,0.00408505,4476.33,26.0844,0.0,1.02e-18,0.0,-6.37e-17,7.52055,-0.000368051,7.52055,0.0,0.112024,999.0,4.0,2.0,65.51108188555929,gaze,0.531385154661948,0.4043109025397598,-16.83156255075362,35.85089705960504,263.1314866822287,28.42578050011812,0.2021037251785485,-34.36169025751452,-0.0501154085004964,0.1429395792025751,0.9884617961905352,5.276469707489014,-29.91232041534709,-1.704934037976215,-33.66922104706882,-0.0571781858964273,0.1011629952724967,0.9932254041480668,5.122965812683105,-0.7432699576144852,-0.7514151563988333,-34.015455652291664,-0.0536467971984618,0.1220512872375359,0.9908436001693012,5.19971776008606,9.63599110250017,True,0.0,imu,-0.3995660704000001,-9.648802816800002,2.269989876,4.74046841,2.29490136,-3.87770441,73.4385044,-2.850411600000013,0.4211631999999965
229.536,0.062896,0.00527197,4541.24,7.48169,0.00905383,-0.375969,-179.848,17523.1,9.73e-05,-0.375893,-0.102332,-0.0455064,0.00905383,0.412412,-0.102726,-0.00252213,63.0817,-0.00379858,0.0628912,0.00527561,63.0831,-179.848,-0.285122,-0.0183873,0.0,0.371814,-0.153,0.0,-1.0,-0.161545,0.0,0.0,1779.95,-3.30369,0.0,0.0,0.0,0.0,0.0,0.0,0.0,0.0,0.0,0.0,0.0,1256.09,-0.0966621,0.0,0.0,0.0,0.0,0.0,0.0,0.0,0.0,0.0,0.0454715,0.37315,5717.95,-183.324,0.0,1.01e-07,0.0,-5.52e-09,53.6829,-0.0335836,53.6829,0.0,1.43375,1.455,0.00430131,4476.33,26.0505,0.0,1.07e-18,0.0,-6.42e-17,7.60297,-0.000387385,7.60297,0.0,0.116591,999.0,4.0,2.0,65.23108340029368,gaze,0.531385154661948,0.4043109025397598,-16.83156255075362,35.85089705960504,263.1314866822287,28.42578050011812,0.2021037251785485,-34.36169025751452,-0.0501154085004964,0.1429395792025751,0.9884617961905352,5.276469707489014,-29.91232041534709,-1.704934037976215,-33.66922104706882,-0.0571781858964273,0.1011629952724967,0.9932254041480668,5.122965812683105,-0.7432699576144852,-0.7514151563988333,-34.015455652291664,-0.0536467971984618,0.1220512872375359,0.9908436001693012,5.19971776008606,9.63599110250017,True,0.0,imu,-0.3995660704000001,-9.648802816800002,2.269989876,4.74046841,2.29490136,-3.87770441,73.4385044,-2.850411600000013,0.4211631999999965
229.552,0.0396069,0.00311339,4540.96,7.48097,0.00746946,-0.376735,-179.849,17524.2,9.03e-05,-0.376659,0.257934,-0.0494595,0.00746946,0.387013,-0.096807,-0.00252479,63.0858,-0.00318596,0.0395866,0.00311498,63.0872,-179.849,-0.256213,-0.0224882,0.0,0.371814,-0.162,0.0,-1.0,-0.160824,0.0,0.0,1779.95,-3.30369,0.0,0.0,0.0,0.0,0.0,0.0,0.0,0.0,0.0,0.0,0.0,1256.09,-0.0966621,0.0,0.0,0.0,0.0,0.0,0.0,0.0,0.0,0.0,0.0451097,0.373187,5717.99,-183.556,0.0,1.01e-07,0.0,-5.53e-09,53.6854,-0.0335892,53.6854,0.0,1.43382,1.455,0.00452021,4476.33,26.0165,0.0,1.12e-18,0.0,-6.47e-17,7.68522,-0.000406938,7.68522,0.0,0.121198,999.0,4.0,2.0,64.95108492012203,gaze,0.531385154661948,0.4043109025397598,-16.83156255075362,35.85089705960504,263.1314866822287,28.42578050011812,0.2021037251785485,-34.36169025751452,-0.0501154085004964,0.1429395792025751,0.9884617961905352,5.276469707489014,-29.91232041534709,-1.704934037976215,-33.66922104706882,-0.0571781858964273,0.1011629952724967,0.9932254041480668,5.122965812683105,-0.7432699576144852,-0.7514151563988333,-34.015455652291664,-0.0536467971984618,0.1220512872375359,0.9908436001693012,5.19971776008606,9.63599110250017,True,0.0,imu,-0.3995660704000001,-9.648802816800002,2.269989876,4.74046841,2.29490136,-3.87770441,73.4385044,-2.850411600000013,0.4211631999999965
229.568,0.10406,0.00215325,4540.68,7.48024,0.00595432,-0.377561,-179.849,17525.5,6.68e-05,-0.377485,-0.635261,-0.0537089,0.00595432,0.308896,-0.0926672,-0.00252778,63.0903,-0.00262914,0.104078,0.00215784,63.0917,-179.849,-0.257881,-0.026093,0.0,0.368523,-0.162,0.0,-1.0,-0.1601,0.0,0.0,1779.95,-3.30369,0.0,0.0,0.0,0.0,0.0,0.0,0.0,0.0,0.0,0.0,0.0,1256.09,-0.0966621,0.0,0.0,0.0,0.0,0.0,0.0,0.0,0.0,0.0,0.0447479,0.373225,5718.02,-183.788,0.0,1.01e-07,0.0,-5.54e-09,53.6879,-0.0335949,53.6879,0.0,1.4339,1.455,0.00473911,4476.33,25.9825,0.0,1.16e-18,0.0,-6.52e-17,7.76747,-0.000426492,7.76747,0.0,0.125805,999.0,4.0,2.0,64.67108647747953,gaze,0.531385154661948,0.4043109025397598,-16.83156255075362,35.85089705960504,263.1314866822287,28.42578050011812,0.2021037251785485,-34.36169025751452,-0.0501154085004964,0.1429395792025751,0.9884617961905352,5.276469707489014,-29.91232041534709,-1.704934037976215,-33.66922104706882,-0.0571781858964273,0.1011629952724967,0.9932254041480668,5.122965812683105,-0.7432699576144852,-0.7514151563988333,-34.015455652291664,-0.0536467971984618,0.1220512872375359,0.9908436001693012,5.19971776008606,9.63599110250017,True,0.0,imu,-0.3995660704000001,-9.648802816800002,2.269989876,4.74046841,2.29490136,-3.87770441,73.4385044,-2.850411600000013,0.4211631999999965
229.584,0.0951759,-0.00430515,4540.4,7.47951,0.00452013,-0.378451,-179.849,17526.8,-6.11e-05,-0.378375,-0.422785,-0.0577247,0.00452013,0.319457,-0.0867049,-0.00253137,63.0952,-0.00211354,0.0951751,-0.004302,63.0965,-179.849,0.438421,-0.0289846,0.0,0.368523,-0.162,0.0,-1.0,-0.159373,0.0,0.0,1779.95,-3.30369,0.0,0.0,0.0,0.0,0.0,0.0,0.0,0.0,0.0,0.0,0.0,1256.09,-0.0966621,0.0,0.0,0.0,0.0,0.0,0.0,0.0,0.0,0.0,0.0443877,0.373262,5718.05,-184.022,0.0,1.01e-07,0.0,-5.55e-09,53.6905,-0.0335925,53.6905,0.0,1.43397,1.455,0.00498262,4476.33,25.9473,0.0,1.22e-18,0.0,-6.57e-17,7.85078,-0.000448345,7.85078,0.0,0.130815,999.0,4.0,2.0,64.39108805665619,gaze,0.531385154661948,0.4043109025397598,-16.83156255075362,35.85089705960504,263.1314866822287,28.42578050011812,0.2021037251785485,-34.36169025751452,-0.0501154085004964,0.1429395792025751,0.9884617961905352,5.276469707489014,-29.91232041534709,-1.704934037976215,-33.66922104706882,-0.0571781858964273,0.1011629952724967,0.9932254041480668,5.122965812683105,-0.7432699576144852,-0.7514151563988333,-34.015455652291664,-0.0536467971984618,0.1220512872375359,0.9908436001693012,5.19971776008606,9.63599110250017,True,0.0,imu,-0.3995660704000001,-9.648802816800002,2.269989876,4.74046841,2.29490136,-3.87770441,73.4385044,-2.850411600000013,0.4211631999999965
229.6,0.088954,-0.00396285,4540.12,7.47878,0.00319532,-0.379419,-179.85,17528.3,-2.47e-05,-0.379343,-0.198256,-0.06277,0.00319532,-0.0371016,-0.0795486,-0.00253491,63.1004,-0.00164717,0.0889605,-0.00396049,63.1018,-179.85,-0.658176,-0.0315799,0.0,0.371814,-0.171,0.0,-1.0,-0.158644,0.0,0.0,1779.95,-3.30369,0.0,0.0,0.0,0.0,0.0,0.0,0.0,0.0,0.0,0.0,0.0,1256.09,-0.0966621,0.0,0.0,0.0,0.0,0.0,0.0,0.0,0.0,0.0,0.0440283,0.373298,5718.09,-184.258,0.0,1.01e-07,0.0,-5.56e-09,53.693,-0.0335868,53.693,0.0,1.43405,1.455,0.00523652,4476.33,25.9115,0.0,1.27e-18,0.0,-6.61e-17,7.93454,-0.000471171,7.93454,0.0,0.135995,999.0,4.0,2.0,64.11108965793971,gaze,0.531385154661948,0.4043109025397598,-16.83156255075362,35.85089705960504,263.1314866822287,28.42578050011812,0.2021037251785485,-34.36169025751452,-0.0501154085004964,0.1429395792025751,0.9884617961905352,5.276469707489014,-29.91232041534709,-1.704934037976215,-33.66922104706882,-0.0571781858964273,0.1011629952724967,0.9932254041480668,5.122965812683105,-0.7432699576144852,-0.7514151563988333,-34.015455652291664,-0.0536467971984618,0.1220512872375359,0.9908436001693012,5.19971776008606,9.63599110250017,True,0.0,imu,-0.3995660704000001,-9.648802816800002,2.269989876,4.74046841,2.29490136,-3.87770441,73.4385044,-2.850411600000013,0.4211631999999965
229.616,0.101479,-0.00642619,4539.84,7.47806,0.00197011,-0.380456,-179.85,17529.8,-2.47e-05,-0.380379,-0.328845,-0.0667206,0.00197011,0.0202692,-0.073941,-0.0025392,63.106,-0.00125564,0.101479,-0.00642419,63.1074,-179.85,-0.971145,-0.0342096,0.0,0.371814,-0.18,0.0,-1.0,-0.157914,0.0,0.0,1779.95,-3.30369,0.0,0.0,0.0,0.0,0.0,0.0,0.0,0.0,0.0,0.0,0.0,1256.09,-0.0966621,0.0,0.0,0.0,0.0,0.0,0.0,0.0,0.0,0.0,0.0436688,0.373335,5718.12,-184.494,0.0,1e-07,0.0,-5.58e-09,53.6955,-0.0335811,53.6955,0.0,1.43412,1.455,0.00549042,4476.33,25.8757,0.0,1.32e-18,0.0,-6.66e-17,8.0183,-0.000493996,8.0183,0.0,0.141175,999.0,4.0,2.0,63.83109126470906,gaze,0.531385154661948,0.4043109025397598,-16.83156255075362,35.85089705960504,263.1314866822287,28.42578050011812,0.2021037251785485,-34.36169025751452,-0.0501154085004964,0.1429395792025751,0.9884617961905352,5.276469707489014,-29.91232041534709,-1.704934037976215,-33.66922104706882,-0.0571781858964273,0.1011629952724967,0.9932254041480668,5.122965812683105,-0.7432699576144852,-0.7514151563988333,-34.015455652291664,-0.0536467971984618,0.1220512872375359,0.9908436001693012,5.19971776008606,9.63599110250017,True,0.0,imu,-0.3995660704000001,-9.648802816800002,2.269989876,4.74046841,2.29490136,-3.87770441,73.4385044,-2.850411600000013,0.4211631999999965
229.632,0.10071,-0.00697168,4539.56,7.47733,0.00082606,-0.381564,-179.851,17531.5,1.97e-06,-0.381487,-0.204168,-0.0713512,0.00082606,0.175337,-0.0700088,-0.00254363,63.112,-0.000925971,0.100716,-0.00697019,63.1134,-179.851,-0.345435,-0.0362955,0.0,0.371814,-0.189,0.0,-1.0,-0.157183,0.0,0.0,1779.95,-3.30369,0.0,0.0,0.0,0.0,0.0,0.0,0.0,0.0,0.0,0.0,0.0,1256.09,-0.0966621,0.0,0.0,0.0,0.0,0.0,0.0,0.0,0.0,0.0,0.0433064,0.373372,5718.16,-184.736,0.0,9.97e-08,0.0,-5.59e-09,53.698,-0.0335878,53.698,0.0,1.4342,1.455,0.00577068,4476.33,25.8384,0.0,1.38e-18,0.0,-6.7e-17,8.10407,-0.000519235,8.10407,0.0,0.146786,999.0,4.0,2.0,63.55109291089296,gaze,0.531385154661948,0.4043109025397598,-16.83156255075362,35.85089705960504,263.1314866822287,28.42578050011812,0.2021037251785485,-34.36169025751452,-0.0501154085004964,0.1429395792025751,0.9884617961905352,5.276469707489014,-29.91232041534709,-1.704934037976215,-33.66922104706882,-0.0571781858964273,0.1011629952724967,0.9932254041480668,5.122965812683105,-0.7432699576144852,-0.7514151563988333,-34.015455652291664,-0.0536467971984618,0.1220512872375359,0.9908436001693012,5.19971776008606,9.63599110250017,True,0.0,imu,-0.3995660704000001,-9.648802816800002,2.269989876,4.74046841,2.29490136,-3.87770441,73.4385044,-2.850411600000013,0.4211631999999965
229.648,0.10878,-0.00584481,4539.28,7.47661,-0.000265237,-0.382732,-179.852,17533.3,-8.44e-06,-0.382656,-0.115795,-0.0745137,-0.000265237,0.513323,-0.0662664,-0.00254937,63.1183,-0.000661604,0.108808,-0.00584369,63.1197,-179.852,-0.130631,-0.0386343,0.0,0.368523,-0.207,0.0,-1.0,-0.156452,0.0,0.0,1779.95,-3.30369,0.0,0.0,0.0,0.0,0.0,0.0,0.0,0.0,0.0,0.0,0.0,1256.09,-0.0966621,0.0,0.0,0.0,0.0,0.0,0.0,0.0,0.0,0.0,0.0429419,0.373409,5718.19,-184.982,0.0,9.84e-08,0.0,-5.6e-09,53.7005,-0.0336036,53.7005,0.0,1.43427,1.455,0.00607019,4476.33,25.7999,0.0,1.44e-18,0.0,-6.74e-17,8.19131,-0.000546236,8.19131,0.0,0.152711,999.0,4.0,2.0,63.27109456277856,gaze,0.531385154661948,0.4043109025397598,-16.83156255075362,35.85089705960504,263.1314866822287,28.42578050011812,0.2021037251785485,-34.36169025751452,-0.0501154085004964,0.1429395792025751,0.9884617961905352,5.276469707489014,-29.91232041534709,-1.704934037976215,-33.66922104706882,-0.0571781858964273,0.1011629952724967,0.9932254041480668,5.122965812683105,-0.7432699576144852,-0.7514151563988333,-34.015455652291664,-0.0536467971984618,0.1220512872375359,0.9908436001693012,5.19971776008606,9.63599110250017,True,0.0,imu,-0.3995660704000001,-9.648802816800002,2.269989876,4.74046841,2.29490136,-3.87770441,73.4385044,-2.850411600000013,0.4211631999999965
229.664,0.132501,-0.0107637,4539.0,7.47589,-0.00130011,-0.383962,-179.852,17535.1,-0.000100544,-0.383885,-0.469048,-0.0788676,-0.00130011,-0.0929274,-0.064465,-0.00255473,63.1251,-0.000494596,0.13251,-0.0107627,63.1265,-179.852,0.301581,-0.0413175,0.0,0.371814,-0.243,-6.0,-1.0,-0.155721,0.0,0.0,1779.95,-3.30369,0.0,0.0,0.0,0.0,0.0,0.0,0.0,0.0,0.0,0.0,0.0,1256.09,-0.0966621,0.0,0.0,0.0,0.0,0.0,0.0,0.0,0.0,0.0,0.0425774,0.373447,5718.23,-185.228,0.0,9.72e-08,0.0,-5.61e-09,53.7031,-0.0336193,53.7031,0.0,1.43435,1.455,0.00636969,4476.33,25.7615,0.0,1.51e-18,0.0,-6.78e-17,8.27855,-0.000573238,8.27855,0.0,0.158636,999.0,4.0,2.0,62.991096237580265,gaze,0.531385154661948,0.4043109025397598,-16.83156255075362,35.85089705960504,263.1314866822287,28.42578050011812,0.2021037251785485,-34.36169025751452,-0.0501154085004964,0.1429395792025751,0.9884617961905352,5.276469707489014,-29.91232041534709,-1.704934037976215,-33.66922104706882,-0.0571781858964273,0.1011629952724967,0.9932254041480668,5.122965812683105,-0.7432699576144852,-0.7514151563988333,-34.015455652291664,-0.0536467971984618,0.1220512872375359,0.9908436001693012,5.19971776008606,9.63599110250017,True,0.0,imu,-0.3995660704000001,-9.648802816800002,2.269989876,4.74046841,2.29490136,-3.87770441,73.4385044,-2.850411600000013,0.4211631999999965
229.68,0.141916,-0.0127483,4538.72,7.47517,-0.00234078,-0.385264,-179.853,17537.1,-9.9e-05,-0.385187,-0.621581,-0.0838431,-0.00234078,0.326597,-0.064813,-0.00256011,63.1323,-0.000425281,0.141912,-0.0127473,63.1337,-179.853,0.0361497,-0.0454307,0.0,0.375106,-0.279,0.0,-1.0,-0.154991,0.0,0.0,1779.95,-3.30369,0.0,0.0,0.0,0.0,0.0,0.0,0.0,0.0,0.0,0.0,0.0,1256.09,-0.0966621,0.0,0.0,0.0,0.0,0.0,0.0,0.0,0.0,0.0,0.0422337,0.373481,5718.27,-185.463,0.0,9.6e-08,0.0,-5.62e-09,53.7055,-0.0336275,53.7055,0.0,1.43442,1.455,0.00667685,4476.33,25.724,0.0,1.57e-18,0.0,-6.82e-17,8.36198,-0.000600906,8.36198,0.0,0.164609,999.0,4.0,2.0,62.71109793560412,gaze,0.531385154661948,0.4043109025397598,-16.83156255075362,35.85089705960504,263.1314866822287,28.42578050011812,0.2021037251785485,-34.36169025751452,-0.0501154085004964,0.1429395792025751,0.9884617961905352,5.276469707489014,-29.91232041534709,-1.704934037976215,-33.66922104706882,-0.0571781858964273,0.1011629952724967,0.9932254041480668,5.122965812683105,-0.7432699576144852,-0.7514151563988333,-34.015455652291664,-0.0536467971984618,0.1220512872375359,0.9908436001693012,5.19971776008606,9.63599110250017,True,0.0,imu,-0.3995660704000001,-9.648802816800002,2.269989876,4.74046841,2.29490136,-3.87770441,73.4385044,-2.850411600000013,0.4211631999999965
229.696,0.144654,-0.0178089,4538.44,7.47445,-0.00337054,-0.386645,-179.854,17539.2,-0.000109477,-0.386568,-0.291997,-0.0885141,-0.00337054,-0.261423,-0.0645811,-0.00256579,63.1399,-0.000476247,0.144652,-0.0178078,63.1413,-179.854,-0.658728,-0.0506944,0.0,0.394852,-0.333,0.0,-1.0,-0.154263,0.0,0.0,1779.95,-3.30369,0.0,0.0,0.0,0.0,0.0,0.0,0.0,0.0,0.0,0.0,0.0,1256.09,-0.0966621,0.0,0.0,0.0,0.0,0.0,0.0,0.0,0.0,0.0,0.0419052,0.373513,5718.3,-185.69,0.0,9.47e-08,0.0,-5.64e-09,53.7078,-0.0336301,53.7078,0.0,1.43448,1.455,0.00698967,4476.34,25.6874,0.0,1.63e-18,0.0,-6.85e-17,8.44257,-0.000629069,8.44257,0.0,0.170617,999.0,4.0,2.0,62.43109965716164,gaze,0.531385154661948,0.4043109025397598,-16.83156255075362,35.85089705960504,263.1314866822287,28.42578050011812,0.2021037251785485,-34.36169025751452,-0.0501154085004964,0.1429395792025751,0.9884617961905352,5.276469707489014,-29.91232041534709,-1.704934037976215,-33.66922104706882,-0.0571781858964273,0.1011629952724967,0.9932254041480668,5.122965812683105,-0.7432699576144852,-0.7514151563988333,-34.015455652291664,-0.0536467971984618,0.1220512872375359,0.9908436001693012,5.19971776008606,9.63599110250017,True,0.0,imu,-0.3995660704000001,-9.648802816800002,2.269989876,4.74046841,2.29490136,-3.87770441,73.4385044,-2.850411600000013,0.4211631999999965
229.712,0.149242,-0.0209332,4538.16,7.47374,-0.00442422,-0.388093,-179.855,17541.5,-0.000151578,-0.388015,-0.417805,-0.0926398,-0.00442422,-0.534739,-0.0670414,-0.00257247,63.1479,-0.000616722,0.14925,-0.0209318,63.1494,-179.855,-0.760274,-0.0570394,0.0,0.371814,-0.396,0.0,-1.0,-0.153536,0.0,0.0,1779.95,-3.30369,0.0,0.0,0.0,0.0,0.0,0.0,0.0,0.0,0.0,0.0,0.0,1256.09,-0.0966621,0.0,0.0,0.0,0.0,0.0,0.0,0.0,0.0,0.0,0.0415768,0.373546,5718.33,-185.917,0.0,9.35e-08,0.0,-5.65e-09,53.7101,-0.0336327,53.7101,0.0,1.43454,1.455,0.00730249,4476.34,25.6507,0.0,1.7e-18,0.0,-6.88e-17,8.52317,-0.000657232,8.52317,0.0,0.176625,999.0,4.0,2.0,62.15110138450951,gaze,0.531385154661948,0.4043109025397598,-16.83156255075362,35.85089705960504,263.1314866822287,28.42578050011812,0.2021037251785485,-34.36169025751452,-0.0501154085004964,0.1429395792025751,0.9884617961905352,5.276469707489014,-29.91232041534709,-1.704934037976215,-33.66922104706882,-0.0571781858964273,0.1011629952724967,0.9932254041480668,5.122965812683105,-0.7432699576144852,-0.7514151563988333,-34.015455652291664,-0.0536467971984618,0.1220512872375359,0.9908436001693012,5.19971776008606,9.63599110250017,True,0.0,imu,-0.3995660704000001,-9.648802816800002,2.269989876,4.74046841,2.29490136,-3.87770441,73.4385044,-2.850411600000013,0.4211631999999965
229.728,0.153511,-0.0254511,4537.87,7.47303,-0.00553633,-0.389615,-179.856,17543.8,-0.000190948,-0.389537,-0.277113,-0.0971969,-0.00553633,-0.251643,-0.0711855,-0.00257938,63.1563,-0.00082109,0.153531,-0.0254493,63.1578,-179.856,-0.620447,-0.0650754,0.0,0.375106,-0.459,0.0,-1.0,-0.152812,0.0,0.0,1779.95,-3.30369,0.0,0.0,0.0,0.0,0.0,0.0,0.0,0.0,0.0,0.0,0.0,1256.09,-0.0966621,0.0,0.0,0.0,0.0,0.0,0.0,0.0,0.0,0.0,0.0412422,0.373578,5718.37,-186.15,0.0,9.22e-08,0.0,-5.66e-09,53.7124,-0.033634,53.7124,0.0,1.4346,1.455,0.00763772,4476.34,25.6127,0.0,1.77e-18,0.0,-6.91e-17,8.60596,-0.000687401,8.60596,0.0,0.182996,999.0,4.0,2.0,61.86110315231119,gaze,0.531385154661948,0.4043109025397598,-16.83156255075362,35.85089705960504,263.1314866822287,28.42578050011812,0.2021037251785485,-34.36169025751452,-0.0501154085004964,0.1429395792025751,0.9884617961905352,5.276469707489014,-29.91232041534709,-1.704934037976215,-33.66922104706882,-0.0571781858964273,0.1011629952724967,0.9932254041480668,5.122965812683105,-0.7432699576144852,-0.7514151563988333,-34.015455652291664,-0.0536467971984618,0.1220512872375359,0.9908436001693012,5.19971776008606,9.63599110250017,True,0.0,imu,-0.3995660704000001,-9.648802816800002,2.269989876,4.74046841,2.29490136,-3.87770441,73.4385044,-2.850411600000013,0.4211631999999965
229.744,0.139424,-0.0283287,4537.59,7.47233,-0.00671451,-0.391208,-179.857,17546.3,-0.000171656,-0.39113,0.040489,-0.101686,-0.00671451,-0.276249,-0.076036,-0.0025866,63.1653,-0.00108174,0.139411,-0.0283261,63.1667,-179.857,-0.857825,-0.0745004,0.0,0.371814,-0.522,0.0,-1.0,-0.152091,0.0,0.0,1779.95,-3.30369,0.0,0.0,0.0,0.0,0.0,0.0,0.0,0.0,0.0,0.0,0.0,1256.09,-0.0966621,0.0,0.0,0.0,0.0,0.0,0.0,0.0,0.0,0.0,0.0408948,0.373612,5718.4,-186.396,0.0,9.1e-08,0.0,-5.67e-09,53.7148,-0.0336324,53.7148,0.0,1.43467,1.455,0.00801979,4476.34,25.5717,0.0,1.84e-18,0.0,-6.94e-17,8.69337,-0.000721761,8.69337,0.0,0.190124,999.0,4.0,2.0,61.58110490945186,gaze,0.531385154661948,0.4043109025397598,-16.83156255075362,35.85089705960504,263.1314866822287,28.42578050011812,0.2021037251785485,-34.36169025751452,-0.0501154085004964,0.1429395792025751,0.9884617961905352,5.276469707489014,-29.91232041534709,-1.704934037976215,-33.66922104706882,-0.0571781858964273,0.1011629952724967,0.9932254041480668,5.122965812683105,-0.7432699576144852,-0.7514151563988333,-34.015455652291664,-0.0536467971984618,0.1220512872375359,0.9908436001693012,5.19971776008606,9.63599110250017,True,0.0,imu,-0.3995660704000001,-9.648802816800002,2.269989876,4.74046841,2.29490136,-3.87770441,73.4385044,-2.850411600000013,0.4211631999999965
229.76,0.169504,-0.0292232,4537.31,7.47164,-0.007974,-0.392869,-179.858,17548.9,-0.000150829,-0.392791,-0.212561,-0.105793,-0.007974,-0.215257,-0.081545,-0.00259424,63.1745,-0.0013483,0.169523,-0.0292199,63.176,-179.858,-0.923904,-0.0847702,0.0,0.368523,-0.585,-6.0,-1.0,-0.151373,0.0,0.0,1779.95,-3.30369,0.0,0.0,0.0,0.0,0.0,0.0,0.0,0.0,0.0,0.0,0.0,1256.09,-0.0966621,0.0,0.0,0.0,0.0,0.0,0.0,0.0,0.0,0.0,0.0405474,0.373646,5718.44,-186.643,0.0,8.98e-08,0.0,-5.68e-09,53.7172,-0.0336308,53.7172,0.0,1.43473,1.455,0.00840185,4476.34,25.5307,0.0,1.92e-18,0.0,-6.97e-17,8.78078,-0.000756122,8.78078,0.0,0.197253,999.0,4.0,2.0,61.30110667198144,gaze,0.531385154661948,0.4043109025397598,-16.83156255075362,35.85089705960504,263.1314866822287,28.42578050011812,0.2021037251785485,-34.36169025751452,-0.0501154085004964,0.1429395792025751,0.9884617961905352,5.276469707489014,-29.91232041534709,-1.704934037976215,-33.66922104706882,-0.0571781858964273,0.1011629952724967,0.9932254041480668,5.122965812683105,-0.7432699576144852,-0.7514151563988333,-34.015455652291664,-0.0536467971984618,0.1220512872375359,0.9908436001693012,5.19971776008606,9.63599110250017,True,0.0,imu,-0.3995660704000001,-9.648802816800002,2.269989876,4.74046841,2.29490136,-3.87770441,73.4385044,-2.850411600000013,0.4211631999999965
229.776,0.162406,-0.0349408,4537.03,7.47095,-0.00931712,-0.394595,-179.859,17551.6,-0.000205097,-0.394516,-0.158323,-0.109624,-0.00931712,-0.0483929,-0.0857145,-0.00260221,63.1843,-0.00160452,0.162405,-0.0349365,63.1858,-179.859,-0.497288,-0.0958921,0.0,0.365232,-0.639,0.0,-1.0,-0.150659,0.0,0.0,1779.95,-3.30369,0.0,0.0,0.0,0.0,0.0,0.0,0.0,0.0,0.0,0.0,0.0,1256.09,-0.0966621,0.0,0.0,0.0,0.0,0.0,0.0,0.0,0.0,0.0,0.0402116,0.373678,5718.48,-186.883,0.0,8.85e-08,0.0,-5.69e-09,53.7196,-0.0336289,53.7196,0.0,1.4348,1.455,0.0087881,4476.34,25.4905,0.0,2e-18,0.0,-6.99e-17,8.86592,-0.000790865,8.86592,0.0,0.204392,999.0,4.0,2.0,61.02110845848728,gaze,0.531385154661948,0.4043109025397598,-16.83156255075362,35.85089705960504,263.1314866822287,28.42578050011812,0.2021037251785485,-34.36169025751452,-0.0501154085004964,0.1429395792025751,0.9884617961905352,5.276469707489014,-29.91232041534709,-1.704934037976215,-33.66922104706882,-0.0571781858964273,0.1011629952724967,0.9932254041480668,5.122965812683105,-0.7432699576144852,-0.7514151563988333,-34.015455652291664,-0.0536467971984618,0.1220512872375359,0.9908436001693012,5.19971776008606,9.63599110250017,True,0.0,imu,-0.3995660704000001,-9.648802816800002,2.269989876,4.74046841,2.29490136,-3.87770441,73.4385044,-2.850411600000013,0.4211631999999965
229.792,0.16995,-0.0355134,4536.75,7.47028,-0.0107199,-0.396384,-179.861,17554.4,-0.000216138,-0.396305,-0.234845,-0.11389,-0.0107199,-0.0820741,-0.0889789,-0.00261018,63.1943,-0.00181106,0.169946,-0.0355083,63.1959,-179.861,-0.793278,-0.107211,0.0,0.365232,-0.693,0.0,-1.0,-0.149949,0.0,0.0,1779.95,-3.30369,0.0,0.0,0.0,0.0,0.0,0.0,0.0,0.0,0.0,0.0,0.0,1256.09,-0.0966621,0.0,0.0,0.0,0.0,0.0,0.0,0.0,0.0,0.0,0.0398996,0.373708,5718.51,-187.109,0.0,8.72e-08,0.0,-5.71e-09,53.7218,-0.0336265,53.7218,0.0,1.43485,1.455,0.00918296,4476.34,25.4516,0.0,2.08e-18,0.0,-7.01e-17,8.94643,-0.000826394,8.94643,0.0,0.211554,999.0,4.0,2.0,60.74111023119678,gaze,0.531385154661948,0.4043109025397598,-16.83156255075362,35.85089705960504,263.1314866822287,28.42578050011812,0.2021037251785485,-34.36169025751452,-0.0501154085004964,0.1429395792025751,0.9884617961905352,5.276469707489014,-29.91232041534709,-1.704934037976215,-33.66922104706882,-0.0571781858964273,0.1011629952724967,0.9932254041480668,5.122965812683105,-0.7432699576144852,-0.7514151563988333,-34.015455652291664,-0.0536467971984618,0.1220512872375359,0.9908436001693012,5.19971776008606,9.63599110250017,True,0.0,imu,-0.3995660704000001,-9.648802816800002,2.269989876,4.74046841,2.29490136,-3.87770441,73.4385044,-2.850411600000013,0.4211631999999965
229.808,0.179715,-0.0385641,4536.47,7.46961,-0.0121631,-0.398226,-179.863,17557.3,-0.000238622,-0.398147,-0.212555,-0.116649,-0.0121631,-0.195895,-0.0915461,-0.00261871,63.2048,-0.00195832,0.179716,-0.0385584,63.2063,-179.863,-0.660597,-0.118636,0.0,0.361941,-0.738,-6.0,-1.0,-0.149243,0.0,0.0,1779.95,-3.30369,0.0,0.0,0.0,0.0,0.0,0.0,0.0,0.0,0.0,0.0,0.0,1256.09,-0.0966621,0.0,0.0,0.0,0.0,0.0,0.0,0.0,0.0,0.0,0.0395877,0.373739,5718.55,-187.336,0.0,8.59e-08,0.0,-5.72e-09,53.7239,-0.0336241,53.7239,0.0,1.43491,1.455,0.00957782,4476.34,25.4128,0.0,2.16e-18,0.0,-7.03e-17,9.02693,-0.000861923,9.02693,0.0,0.218715,999.0,4.0,2.0,60.46111202774995,gaze,0.531385154661948,0.4043109025397598,-16.83156255075362,35.85089705960504,263.1314866822287,28.42578050011812,0.2021037251785485,-34.36169025751452,-0.0501154085004964,0.1429395792025751,0.9884617961905352,5.276469707489014,-29.91232041534709,-1.704934037976215,-33.66922104706882,-0.0571781858964273,0.1011629952724967,0.9932254041480668,5.122965812683105,-0.7432699576144852,-0.7514151563988333,-34.015455652291664,-0.0536467971984618,0.1220512872375359,0.9908436001693012,5.19971776008606,9.63599110250017,True,0.0,imu,-0.3995660704000001,-9.648802816800002,2.269989876,4.74046841,2.29490136,-3.87770441,73.4385044,-2.850411600000013,0.4211631999999965
229.824,0.199567,-0.0404667,4536.19,7.46895,-0.013654,-0.400126,-179.865,17560.3,-0.000244308,-0.400047,-0.417963,-0.1205,-0.013654,-0.461584,-0.0947032,-0.00262686,63.2157,-0.0020143,0.199572,-0.0404603,63.2172,-179.865,-0.948637,-0.129682,0.0,0.352068,-0.774,-6.0,-1.0,-0.148542,0.0,0.0,1779.95,-3.30369,0.0,0.0,0.0,0.0,0.0,0.0,0.0,0.0,0.0,0.0,0.0,1256.09,-0.0966621,0.0,0.0,0.0,0.0,0.0,0.0,0.0,0.0,0.0,0.0392749,0.373769,5718.58,-187.564,0.0,8.47e-08,0.0,-5.73e-09,53.7261,-0.0336231,53.7261,0.0,1.43497,1.455,0.00997826,4476.34,25.3736,0.0,2.24e-18,0.0,-7.05e-17,9.10781,-0.000897968,9.10781,0.0,0.22596,999.0,4.0,2.0,60.181113829028206,gaze,0.531385154661948,0.4043109025397598,-16.83156255075362,35.85089705960504,263.1314866822287,28.42578050011812,0.2021037251785485,-34.36169025751452,-0.0501154085004964,0.1429395792025751,0.9884617961905352,5.276469707489014,-29.91232041534709,-1.704934037976215,-33.66922104706882,-0.0571781858964273,0.1011629952724967,0.9932254041480668,5.122965812683105,-0.7432699576144852,-0.7514151563988333,-34.015455652291664,-0.0536467971984618,0.1220512872375359,0.9908436001693012,5.19971776008606,9.63599110250017,True,0.0,imu,-0.3995660704000001,-9.648802816800002,2.269989876,4.74046841,2.29490136,-3.87770441,73.4385044,-2.850411600000013,0.4211631999999965
229.84,0.2119,-0.0424461,4535.91,7.4683,-0.0152009,-0.402081,-179.867,17563.4,-0.000174794,-0.402002,-0.431202,-0.123202,-0.0152009,-0.121905,-0.097235,-0.00263602,63.2269,-0.00197204,0.211912,-0.0424397,63.2284,-179.867,-1.1493,-0.140623,0.0,0.361941,-0.801,0.0,-1.0,-0.147847,0.0,0.0,1779.95,-3.30369,0.0,0.0,0.0,0.0,0.0,0.0,0.0,0.0,0.0,0.0,0.0,1256.09,-0.0966621,0.0,0.0,0.0,0.0,0.0,0.0,0.0,0.0,0.0,0.0389525,0.3738,5718.62,-187.805,0.0,8.46e-08,0.0,-5.74e-09,53.7284,-0.0336384,53.7284,0.0,1.43503,1.455,0.0104466,4476.34,25.3312,0.0,2.33e-18,0.0,-7.07e-17,9.19329,-0.000940291,9.19329,0.0,0.234221,999.0,4.0,2.0,59.90111563476911,gaze,0.531385154661948,0.4043109025397598,-16.83156255075362,35.85089705960504,263.1314866822287,28.42578050011812,0.2021037251785485,-34.36169025751452,-0.0501154085004964,0.1429395792025751,0.9884617961905352,5.276469707489014,-29.91232041534709,-1.704934037976215,-33.66922104706882,-0.0571781858964273,0.1011629952724967,0.9932254041480668,5.122965812683105,-0.7432699576144852,-0.7514151563988333,-34.015455652291664,-0.0536467971984618,0.1220512872375359,0.9908436001693012,5.19971776008606,9.63599110250017,True,0.0,imu,-0.3995660704000001,-9.648802816800002,2.269989876,4.74046841,2.29490136,-3.87770441,73.4385044,-2.850411600000013,0.4211631999999965
229.856,0.200212,-0.040566,4535.63,7.46767,-0.0167388,-0.404065,-179.869,17566.6,-0.000203658,-0.403986,-0.0758981,-0.125028,-0.0167388,0.639192,-0.0942428,-0.00264519,63.2383,-0.00186905,0.200217,-0.04056,63.2399,-179.869,-0.166732,-0.150443,0.0,0.361941,-0.828,-6.0,-1.0,-0.147158,0.0,0.0,1779.95,-3.30369,0.0,0.0,0.0,0.0,0.0,0.0,0.0,0.0,0.0,0.0,0.0,1256.09,-0.0966621,0.0,0.0,0.0,0.0,0.0,0.0,0.0,0.0,0.0,0.03863,0.37383,5718.65,-188.045,0.0,8.44e-08,0.0,-5.75e-09,53.7306,-0.0336538,53.7306,0.0,1.43509,1.455,0.010915,4476.34,25.2888,0.0,2.42e-18,0.0,-7.08e-17,9.27877,-0.000982615,9.27877,0.0,0.242482,999.0,4.0,2.0,59.62111742485972,gaze,0.531385154661948,0.4043109025397598,-16.83156255075362,35.85089705960504,263.1314866822287,28.42578050011812,0.2021037251785485,-34.36169025751452,-0.0501154085004964,0.1429395792025751,0.9884617961905352,5.276469707489014,-29.91232041534709,-1.704934037976215,-33.66922104706882,-0.0571781858964273,0.1011629952724967,0.9932254041480668,5.122965812683105,-0.7432699576144852,-0.7514151563988333,-34.015455652291664,-0.0536467971984618,0.1220512872375359,0.9908436001693012,5.19971776008606,9.63599110250017,True,0.0,imu,-0.3995660704000001,-9.648802816800002,2.269989876,4.74046841,2.29490136,-3.87770441,73.4385044,-2.850411600000013,0.4211631999999965
229.872,0.224532,-0.0485873,4535.35,7.46704,-0.0182082,-0.406086,-179.872,17569.9,-0.000173846,-0.406006,-0.300621,-0.127168,-0.0182082,0.0316835,-0.0897013,-0.00265413,63.2502,-0.00171861,0.22456,-0.0485821,63.2518,-179.872,-0.571686,-0.159985,0.0,0.35865,-0.846,-6.0,-1.0,-0.146475,0.0,0.0,1779.95,-3.30369,0.0,0.0,0.0,0.0,0.0,0.0,0.0,0.0,0.0,0.0,0.0,1256.09,-0.0966621,0.0,0.0,0.0,0.0,0.0,0.0,0.0,0.0,0.0,0.0383076,0.373861,5718.69,-188.286,0.0,8.42e-08,0.0,-5.76e-09,53.7329,-0.0336689,53.7329,0.0,1.43514,1.455,0.0113839,4476.34,25.2463,0.0,2.51e-18,0.0,-7.09e-17,9.36425,-0.00102498,9.36425,0.0,0.25075,999.0,4.0,2.0,59.34111923853174,gaze,0.531385154661948,0.4043109025397598,-16.83156255075362,35.85089705960504,263.1314866822287,28.42578050011812,0.2021037251785485,-34.36169025751452,-0.0501154085004964,0.1429395792025751,0.9884617961905352,5.276469707489014,-29.91232041534709,-1.704934037976215,-33.66922104706882,-0.0571781858964273,0.1011629952724967,0.9932254041480668,5.122965812683105,-0.7432699576144852,-0.7514151563988333,-34.015455652291664,-0.0536467971984618,0.1220512872375359,0.9908436001693012,5.19971776008606,9.63599110250017,True,0.0,imu,-0.3995660704000001,-9.648802816800002,2.269989876,4.74046841,2.29490136,-3.87770441,73.4385044,-2.850411600000013,0.4211631999999965
229.888,0.211713,-0.0485099,4535.07,7.46643,-0.0196109,-0.408136,-179.874,17573.3,-0.000188516,-0.408056,-0.00350991,-0.128804,-0.0196109,-0.309254,-0.0867723,-0.00266323,63.2624,-0.00148901,0.211718,-0.0485048,63.264,-179.874,-0.650292,-0.168119,0.0,0.35865,-0.855,0.0,-1.0,-0.145799,0.0,0.0,1779.95,-3.30369,0.0,0.0,0.0,0.0,0.0,0.0,0.0,0.0,0.0,0.0,0.0,1256.09,-0.0966621,0.0,0.0,0.0,0.0,0.0,0.0,0.0,0.0,0.0,0.0379923,0.373893,5718.73,-188.527,0.0,8.31e-08,0.0,-5.78e-09,53.7351,-0.0336583,53.7351,0.0,1.43521,1.455,0.0119077,4476.34,25.2026,0.0,2.61e-18,0.0,-7.1e-17,9.44984,-0.00107173,9.44984,0.0,0.259744,999.0,4.0,2.0,59.061121035626,gaze,0.531385154661948,0.4043109025397598,-16.83156255075362,35.85089705960504,263.1314866822287,28.42578050011812,0.2021037251785485,-34.36169025751452,-0.0501154085004964,0.1429395792025751,0.9884617961905352,5.276469707489014,-29.91232041534709,-1.704934037976215,-33.66922104706882,-0.0571781858964273,0.1011629952724967,0.9932254041480668,5.122965812683105,-0.7432699576144852,-0.7514151563988333,-34.015455652291664,-0.0536467971984618,0.1220512872375359,0.9908436001693012,5.19971776008606,9.63599110250017,True,0.0,imu,-0.3995660704000001,-9.648802816800002,2.269989876,4.74046841,2.29490136,-3.87770441,73.4385044,-2.850411600000013,0.4211631999999965
229.904,0.228774,-0.0483223,4534.78,7.46582,-0.0209772,-0.410198,-179.877,17576.8,-0.000157351,-0.410118,-0.0749936,-0.128612,-0.0209772,0.195942,-0.0841417,-0.00267353,63.275,-0.00118743,0.228811,-0.0483196,63.2766,-179.877,-0.421806,-0.175678,0.0,0.355359,-0.855,0.0,-1.0,-0.145131,0.0,0.0,1779.95,-3.30369,0.0,0.0,0.0,0.0,0.0,0.0,0.0,0.0,0.0,0.0,0.0,1256.09,-0.0966621,0.0,0.0,0.0,0.0,0.0,0.0,0.0,0.0,0.0,0.037677,0.373925,5718.77,-188.768,0.0,8.2e-08,0.0,-5.79e-09,53.7373,-0.0336478,53.7373,0.0,1.43527,1.455,0.0124314,4476.34,25.159,0.0,2.72e-18,0.0,-7.1e-17,9.53543,-0.00111847,9.53543,0.0,0.268738,999.0,4.0,2.0,58.77112287707602,gaze,0.531385154661948,0.4043109025397598,-16.83156255075362,35.85089705960504,263.1314866822287,28.42578050011812,0.2021037251785485,-34.36169025751452,-0.0501154085004964,0.1429395792025751,0.9884617961905352,5.276469707489014,-29.91232041534709,-1.704934037976215,-33.66922104706882,-0.0571781858964273,0.1011629952724967,0.9932254041480668,5.122965812683105,-0.7432699576144852,-0.7514151563988333,-34.015455652291664,-0.0536467971984618,0.1220512872375359,0.9908436001693012,5.19971776008606,9.63599110250017,True,0.0,imu,-0.3995660704000001,-9.648802816800002,2.269989876,4.74046841,2.29490136,-3.87770441,73.4385044,-2.850411600000013,0.4211631999999965
229.92,0.205347,-0.0491691,4534.5,7.46523,-0.0222896,-0.412257,-179.88,17580.4,-7.94e-05,-0.412177,0.31074,-0.128945,-0.0222896,0.436436,-0.0795356,-0.00268321,63.2879,-0.000827767,0.205349,-0.0491661,63.2895,-179.88,-0.2949,-0.181858,0.0,0.355359,-0.855,0.0,-1.0,-0.144472,0.0,0.0,1779.95,-3.30369,0.0,0.0,0.0,0.0,0.0,0.0,0.0,0.0,0.0,0.0,0.0,1256.09,-0.0966621,0.0,0.0,0.0,0.0,0.0,0.0,0.0,0.0,0.0,0.0373617,0.373957,5718.8,-189.01,0.0,8.09e-08,0.0,-5.8e-09,53.7395,-0.0336372,53.7395,0.0,1.43534,1.455,0.0129551,4476.35,25.1153,0.0,2.82e-18,0.0,-7.11e-17,9.62103,-0.00116522,9.62103,0.0,0.277733,999.0,4.0,2.0,58.49112468052652,gaze,0.531385154661948,0.4043109025397598,-16.83156255075362,35.85089705960504,263.1314866822287,28.42578050011812,0.2021037251785485,-34.36169025751452,-0.0501154085004964,0.1429395792025751,0.9884617961905352,5.276469707489014,-29.91232041534709,-1.704934037976215,-33.66922104706882,-0.0571781858964273,0.1011629952724967,0.9932254041480668,5.122965812683105,-0.7432699576144852,-0.7514151563988333,-34.015455652291664,-0.0536467971984618,0.1220512872375359,0.9908436001693012,5.19971776008606,9.63599110250017,True,0.0,imu,-0.3995660704000001,-9.648802816800002,2.269989876,4.74046841,2.29490136,-3.87770441,73.4385044,-2.850411600000013,0.4211631999999965
229.936,0.224352,-0.0532367,4534.22,7.46466,-0.0235212,-0.414329,-179.883,17584.1,-4.57e-05,-0.414248,0.0857877,-0.129858,-0.0235212,0.0312677,-0.0748164,-0.00269247,63.3011,-0.000446208,0.22435,-0.0532347,63.3028,-179.883,-1.10415,-0.187232,0.0,0.35865,-0.855,0.0,-1.0,-0.143822,0.0,0.0,1779.95,-3.30369,0.0,0.0,0.0,0.0,0.0,0.0,0.0,0.0,0.0,0.0,0.0,1256.09,-0.0966621,0.0,0.0,0.0,0.0,0.0,0.0,0.0,0.0,0.0,0.0370604,0.373986,5718.84,-189.246,0.0,8.02e-08,0.0,-5.81e-09,53.7416,-0.0336494,53.7416,0.0,1.43539,1.455,0.0135223,4476.35,25.0713,0.0,2.93e-18,0.0,-7.11e-17,9.70494,-0.00121662,9.70494,0.0,0.287227,999.0,4.0,2.0,58.211126465613326,gaze,0.531385154661948,0.4043109025397598,-16.83156255075362,35.85089705960504,263.1314866822287,28.42578050011812,0.2021037251785485,-34.36169025751452,-0.0501154085004964,0.1429395792025751,0.9884617961905352,5.276469707489014,-29.91232041534709,-1.704934037976215,-33.66922104706882,-0.0571781858964273,0.1011629952724967,0.9932254041480668,5.122965812683105,-0.7432699576144852,-0.7514151563988333,-34.015455652291664,-0.0536467971984618,0.1220512872375359,0.9908436001693012,5.19971776008606,9.63599110250017,True,0.0,imu,-0.3995660704000001,-9.648802816800002,2.269989876,4.74046841,2.29490136,-3.87770441,73.4385044,-2.850411600000013,0.4211631999999965
229.952,0.231113,-0.0536593,4533.94,7.46409,-0.0246859,-0.416407,-179.886,17587.9,-8.39e-05,-0.416325,0.0562287,-0.129903,-0.0246859,-0.0654499,-0.0714845,-0.00270211,63.3146,-4.63e-05,0.231114,-0.0536588,63.3163,-179.886,-1.03338,-0.191444,0.0,0.345486,-0.855,0.0,-1.0,-0.143182,0.0,0.0,1779.95,-3.30369,0.0,0.0,0.0,0.0,0.0,0.0,0.0,0.0,0.0,0.0,0.0,1256.09,-0.0966621,0.0,0.0,0.0,0.0,0.0,0.0,0.0,0.0,0.0,0.0367598,0.374015,5718.88,-189.482,0.0,7.96e-08,0.0,-5.82e-09,53.7437,-0.0336626,53.7437,0.0,1.43545,1.455,0.0140917,4476.35,25.0274,0.0,3.04e-18,0.0,-7.11e-17,9.78877,-0.00126826,9.78877,0.0,0.296747,999.0,4.0,2.0,57.93112827356336,gaze,0.531385154661948,0.4043109025397598,-16.83156255075362,35.85089705960504,263.1314866822287,28.42578050011812,0.2021037251785485,-34.36169025751452,-0.0501154085004964,0.1429395792025751,0.9884617961905352,5.276469707489014,-29.91232041534709,-1.704934037976215,-33.66922104706882,-0.0571781858964273,0.1011629952724967,0.9932254041480668,5.122965812683105,-0.7432699576144852,-0.7514151563988333,-34.015455652291664,-0.0536467971984618,0.1220512872375359,0.9908436001693012,5.19971776008606,9.63599110250017,True,0.0,imu,-0.3995660704000001,-9.648802816800002,2.269989876,4.74046841,2.29490136,-3.87770441,73.4385044,-2.850411600000013,0.4211631999999965
229.968,0.232121,-0.0540705,4533.66,7.46354,-0.0257727,-0.418486,-179.889,17591.7,-9.67e-05,-0.418404,0.160473,-0.129867,-0.0257727,0.651022,-0.0641455,-0.00271168,63.3284,0.000346002,0.232125,-0.0540716,63.33,-179.889,0.61969,-0.194553,0.0,0.338904,-0.855,0.0,-1.0,-0.142553,0.0,0.0,1779.95,-3.30369,0.0,0.0,0.0,0.0,0.0,0.0,0.0,0.0,0.0,0.0,0.0,1256.09,-0.0966621,0.0,0.0,0.0,0.0,0.0,0.0,0.0,0.0,0.0,0.0364592,0.374044,5718.91,-189.718,0.0,7.9e-08,0.0,-5.84e-09,53.7458,-0.0336759,53.7458,0.0,1.4355,1.455,0.014661,4476.35,24.9835,0.0,3.14e-18,0.0,-7.1e-17,9.8726,-0.0013199,9.8726,0.0,0.306266,999.0,4.0,2.0,57.651130062224986,gaze,0.531385154661948,0.4043109025397598,-16.83156255075362,35.85089705960504,263.1314866822287,28.42578050011812,0.2021037251785485,-34.36169025751452,-0.0501154085004964,0.1429395792025751,0.9884617961905352,5.276469707489014,-29.91232041534709,-1.704934037976215,-33.66922104706882,-0.0571781858964273,0.1011629952724967,0.9932254041480668,5.122965812683105,-0.7432699576144852,-0.7514151563988333,-34.015455652291664,-0.0536467971984618,0.1220512872375359,0.9908436001693012,5.19971776008606,9.63599110250017,True,0.0,imu,-0.3995660704000001,-9.648802816800002,2.269989876,4.74046841,2.29490136,-3.87770441,73.4385044,-2.850411600000013,0.4211631999999965
229.984,0.24633,-0.0527821,4533.38,7.463,-0.0267368,-0.420556,-179.892,17595.6,-6.53e-05,-0.420475,0.0704923,-0.128964,-0.0267368,0.569184,-0.0568036,-0.00272121,63.3423,0.000705956,0.246344,-0.0527854,63.344,-179.892,-0.0666855,-0.197658,0.0,0.342195,-0.855,0.0,-1.0,-0.141935,0.0,0.0,1779.95,-3.30369,0.0,0.0,0.0,0.0,0.0,0.0,0.0,0.0,0.0,0.0,0.0,1256.09,-0.0966621,0.0,0.0,0.0,0.0,0.0,0.0,0.0,0.0,0.0,0.0361647,0.374073,5718.95,-189.954,0.0,7.78e-08,0.0,-5.85e-09,53.7478,-0.0336754,53.7478,0.0,1.43556,1.455,0.0152913,4476.35,24.9386,0.0,3.26e-18,0.0,-7.09e-17,9.95641,-0.00137636,9.95641,0.0,0.316619,999.0,4.0,2.0,57.37113185217815,gaze,0.531385154661948,0.4043109025397598,-16.83156255075362,35.85089705960504,263.1314866822287,28.42578050011812,0.2021037251785485,-34.36169025751452,-0.0501154085004964,0.1429395792025751,0.9884617961905352,5.276469707489014,-29.91232041534709,-1.704934037976215,-33.66922104706882,-0.0571781858964273,0.1011629952724967,0.9932254041480668,5.122965812683105,-0.7432699576144852,-0.7514151563988333,-34.015455652291664,-0.0536467971984618,0.1220512872375359,0.9908436001693012,5.19971776008606,9.63599110250017,True,0.0,imu,-0.3995660704000001,-9.648802816800002,2.269989876,4.74046841,2.29490136,-3.87770441,73.4385044,-2.850411600000013,0.4211631999999965
230.0,0.265901,-0.0550809,4533.1,7.46248,-0.0276015,-0.42261,-179.896,17599.5,-5.27e-05,-0.422528,-0.264106,-0.127761,-0.0276015,0.584647,-0.0520853,-0.0027305,63.3565,0.00104716,0.2659,-0.0550848,63.3582,-179.896,0.421618,-0.200138,0.0,0.338904,-0.855,0.0,-1.0,-0.141329,0.0,0.0,1779.95,-3.30369,0.0,0.0,0.0,0.0,0.0,0.0,0.0,0.0,0.0,0.0,0.0,1256.09,-0.0966621,0.0,0.0,0.0,0.0,0.0,0.0,0.0,0.0,0.0,0.0358715,0.374101,5718.99,-190.19,0.0,7.66e-08,0.0,-5.86e-09,53.7498,-0.0336721,53.7498,0.0,1.43561,1.455,0.0159344,4476.35,24.8935,0.0,3.38e-18,0.0,-7.08e-17,10.0402,-0.00143383,10.0402,0.0,0.327146,999.0,4.0,2.0,57.09113362152165,gaze,0.531385154661948,0.4043109025397598,-16.83156255075362,35.85089705960504,263.1314866822287,28.42578050011812,0.2021037251785485,-34.36169025751452,-0.0501154085004964,0.1429395792025751,0.9884617961905352,5.276469707489014,-29.91232041534709,-1.704934037976215,-33.66922104706882,-0.0571781858964273,0.1011629952724967,0.9932254041480668,5.122965812683105,-0.7432699576144852,-0.7514151563988333,-34.015455652291664,-0.0536467971984618,0.1220512872375359,0.9908436001693012,5.19971776008606,9.63599110250017,True,0.0,imu,-0.3995660704000001,-9.648802816800002,2.269989876,4.74046841,2.29490136,-3.87770441,73.4385044,-2.850411600000013,0.4211631999999965
230.016,0.249869,-0.0581544,4532.81,7.46197,-0.028393,-0.424637,-179.899,17603.5,-0.000116033,-0.424554,0.120329,-0.12576,-0.028393,-0.0686173,-0.0466751,-0.00273956,63.3707,0.00137228,0.249876,-0.0581598,63.3725,-179.899,-0.0650035,-0.201602,0.0,0.338904,-0.846,0.0,-1.0,-0.140735,0.0,0.0,1779.95,-3.30369,0.0,0.0,0.0,0.0,0.0,0.0,0.0,0.0,0.0,0.0,0.0,1256.09,-0.0966621,0.0,0.0,0.0,0.0,0.0,0.0,0.0,0.0,0.0,0.0355782,0.37413,5719.02,-190.426,0.0,7.53e-08,0.0,-5.87e-09,53.7519,-0.0336687,53.7519,0.0,1.43567,1.455,0.0165775,4476.35,24.8484,0.0,3.5e-18,0.0,-7.07e-17,10.124,-0.0014913,10.124,0.0,0.337674,999.0,4.0,2.0,56.80113541506846,gaze,0.531385154661948,0.4043109025397598,-16.83156255075362,35.85089705960504,263.1314866822287,28.42578050011812,0.2021037251785485,-34.36169025751452,-0.0501154085004964,0.1429395792025751,0.9884617961905352,5.276469707489014,-29.91232041534709,-1.704934037976215,-33.66922104706882,-0.0571781858964273,0.1011629952724967,0.9932254041480668,5.122965812683105,-0.7432699576144852,-0.7514151563988333,-34.015455652291664,-0.0536467971984618,0.1220512872375359,0.9908436001693012,5.19971776008606,9.63599110250017,True,0.0,imu,-0.3995660704000001,-9.648802816800002,2.269989876,4.74046841,2.29490136,-3.87770441,73.4385044,-2.850411600000013,0.4211631999999965
230.032,0.25271,-0.0571211,4532.53,7.46147,-0.0291119,-0.42662,-179.902,17607.5,-0.000111559,-0.426538,0.254508,-0.122482,-0.0291119,0.0336246,-0.0430239,-0.00274888,63.3852,0.00168853,0.252725,-0.0571285,63.3869,-179.902,-0.220236,-0.202981,0.0,0.342195,-0.846,0.0,-1.0,-0.140154,0.0,0.0,1779.95,-3.30369,0.0,0.0,0.0,0.0,0.0,0.0,0.0,0.0,0.0,0.0,0.0,1256.09,-0.0966621,0.0,0.0,0.0,0.0,0.0,0.0,0.0,0.0,0.0,0.0352942,0.374158,5719.06,-190.659,0.0,7.5e-08,0.0,-5.88e-09,53.7539,-0.0336717,53.7539,0.0,1.43572,1.455,0.0172746,4476.35,24.8031,0.0,3.63e-18,0.0,-7.05e-17,10.2067,-0.00155426,10.2067,0.0,0.348938,999.0,4.0,2.0,56.5211371853121,gaze,0.531385154661948,0.4043109025397598,-16.83156255075362,35.85089705960504,263.1314866822287,28.42578050011812,0.2021037251785485,-34.36169025751452,-0.0501154085004964,0.1429395792025751,0.9884617961905352,5.276469707489014,-29.91232041534709,-1.704934037976215,-33.66922104706882,-0.0571781858964273,0.1011629952724967,0.9932254041480668,5.122965812683105,-0.7432699576144852,-0.7514151563988333,-34.015455652291664,-0.0536467971984618,0.1220512872375359,0.9908436001693012,5.19971776008606,9.63599110250017,True,0.0,imu,-0.3995660704000001,-9.648802816800002,2.269989876,4.74046841,2.29490136,-3.87770441,73.4385044,-2.850411600000013,0.4211631999999965
230.048,0.231721,-0.0611378,4532.25,7.46099,-0.0297626,-0.42855,-179.905,17611.6,-2.1e-05,-0.428467,0.542767,-0.118917,-0.0297626,0.144207,-0.0387935,-0.00275799,63.3999,0.00196371,0.231705,-0.0611436,63.4017,-179.905,-0.277088,-0.20448,0.0,0.342195,-0.846,0.0,-1.0,-0.139587,0.0,0.0,1779.95,-3.30369,0.0,0.0,0.0,0.0,0.0,0.0,0.0,0.0,0.0,0.0,0.0,1256.09,-0.0966621,0.0,0.0,0.0,0.0,0.0,0.0,0.0,0.0,0.0,0.0350141,0.374184,5719.1,-190.89,0.0,7.5e-08,0.0,-5.89e-09,53.7558,-0.0336773,53.7558,0.0,1.43577,1.455,0.0179948,4476.35,24.7577,0.0,3.76e-18,0.0,-7.03e-17,10.2888,-0.00161955,10.2888,0.0,0.360516,999.0,4.0,2.0,56.24113893316972,gaze,0.531385154661948,0.4043109025397598,-16.83156255075362,35.85089705960504,263.1314866822287,28.42578050011812,0.2021037251785485,-34.36169025751452,-0.0501154085004964,0.1429395792025751,0.9884617961905352,5.276469707489014,-29.91232041534709,-1.704934037976215,-33.66922104706882,-0.0571781858964273,0.1011629952724967,0.9932254041480668,5.122965812683105,-0.7432699576144852,-0.7514151563988333,-34.015455652291664,-0.0536467971984618,0.1220512872375359,0.9908436001693012,5.19971776008606,9.63599110250017,True,0.0,imu,-0.3995660704000001,-9.648802816800002,2.269989876,4.74046841,2.29490136,-3.87770441,73.4385044,-2.850411600000013,0.4211631999999965
230.064,0.264578,-0.0595562,4531.97,7.46053,-0.0303591,-0.430429,-179.909,17615.7,-3.08e-05,-0.430346,0.0487823,-0.116069,-0.0303591,-0.0777501,-0.0362602,-0.00276606,63.4148,0.00224397,0.264576,-0.0595651,63.4166,-179.909,-1.04323,-0.204982,0.0,0.335613,-0.837,0.0,-1.0,-0.139033,0.0,0.0,1779.95,-3.30369,0.0,0.0,0.0,0.0,0.0,0.0,0.0,0.0,0.0,0.0,0.0,1256.09,-0.0966621,0.0,0.0,0.0,0.0,0.0,0.0,0.0,0.0,0.0,0.034734,0.37421,5719.13,-191.122,0.0,7.51e-08,0.0,-5.9e-09,53.7578,-0.0336829,53.7578,0.0,1.43582,1.455,0.0187149,4476.35,24.7124,0.0,3.89e-18,0.0,-7.02e-17,10.371,-0.00168483,10.371,0.0,0.372093,999.0,4.0,2.0,55.96114065778973,gaze,0.531385154661948,0.4043109025397598,-16.83156255075362,35.85089705960504,263.1314866822287,28.42578050011812,0.2021037251785485,-34.36169025751452,-0.0501154085004964,0.1429395792025751,0.9884617961905352,5.276469707489014,-29.91232041534709,-1.704934037976215,-33.66922104706882,-0.0571781858964273,0.1011629952724967,0.9932254041480668,5.122965812683105,-0.7432699576144852,-0.7514151563988333,-34.015455652291664,-0.0536467971984618,0.1220512872375359,0.9908436001693012,5.19971776008606,9.63599110250017,True,0.0,imu,-0.3995660704000001,-9.648802816800002,2.269989876,4.74046841,2.29490136,-3.87770441,73.4385044,-2.850411600000013,0.4211631999999965
230.08,0.263644,-0.0602287,4531.69,7.46008,-0.0308997,-0.43226,-179.912,17619.9,6.96e-06,-0.432177,0.278315,-0.112673,-0.0308997,-0.012037,-0.032014,-0.00277462,63.43,0.00248958,0.263669,-0.0602404,63.4318,-179.912,-0.617218,-0.205126,0.0,0.342195,-0.828,0.0,-1.0,-0.138494,0.0,0.0,1779.95,-3.30369,0.0,0.0,0.0,0.0,0.0,0.0,0.0,0.0,0.0,0.0,0.0,1256.09,-0.0966621,0.0,0.0,0.0,0.0,0.0,0.0,0.0,0.0,0.0,0.0344575,0.374237,5719.17,-191.353,0.0,7.5e-08,0.0,-5.92e-09,53.7597,-0.0336857,53.7597,0.0,1.43587,1.455,0.0194735,4476.36,24.6665,0.0,4.02e-18,0.0,-6.99e-17,10.4531,-0.00175323,10.4531,0.0,0.384124,999.0,4.0,2.0,55.681142380938574,gaze,0.531385154661948,0.4043109025397598,-16.83156255075362,35.85089705960504,263.1314866822287,28.42578050011812,0.2021037251785485,-34.36169025751452,-0.0501154085004964,0.1429395792025751,0.9884617961905352,5.276469707489014,-29.91232041534709,-1.704934037976215,-33.66922104706882,-0.0571781858964273,0.1011629952724967,0.9932254041480668,5.122965812683105,-0.7432699576144852,-0.7514151563988333,-34.015455652291664,-0.0536467971984618,0.1220512872375359,0.9908436001693012,5.19971776008606,9.63599110250017,True,0.0,imu,-0.3995660704000001,-9.648802816800002,2.269989876,4.74046841,2.29490136,-3.87770441,73.4385044,-2.850411600000013,0.4211631999999965
230.096,0.314673,-0.0582327,4531.4,7.45964,-0.0313779,-0.434043,-179.915,17624.4,3.25e-06,-0.433959,-0.513012,-0.111826,-0.0313779,0.202653,-0.0283055,-0.00278297,63.4459,0.00271816,0.314691,-0.0582469,63.4478,-179.915,-0.358514,-0.205056,0.0,0.345486,-0.819,6.0,-1.0,-0.137969,0.0,0.0,1779.95,-3.30369,0.0,0.0,0.0,0.0,0.0,0.0,0.0,0.0,0.0,0.0,0.0,1256.09,-0.0966621,0.0,0.0,0.0,0.0,0.0,0.0,0.0,0.0,0.0,0.0341845,0.374265,5719.21,-191.584,0.0,7.49e-08,0.0,-5.93e-09,53.7616,-0.033686,53.7616,0.0,1.43593,1.455,0.0202686,4476.36,24.62,0.0,4.17e-18,0.0,-6.96e-17,10.5353,-0.00182457,10.5353,0.0,0.396583,999.0,4.0,2.0,55.39114412836729,gaze,0.531385154661948,0.4043109025397598,-16.83156255075362,35.85089705960504,263.1314866822287,28.42578050011812,0.2021037251785485,-34.36169025751452,-0.0501154085004964,0.1429395792025751,0.9884617961905352,5.276469707489014,-29.91232041534709,-1.704934037976215,-33.66922104706882,-0.0571781858964273,0.1011629952724967,0.9932254041480668,5.122965812683105,-0.7432699576144852,-0.7514151563988333,-34.015455652291664,-0.0536467971984618,0.1220512872375359,0.9908436001693012,5.19971776008606,9.63599110250017,True,0.0,imu,-0.3995660704000001,-9.648802816800002,2.269989876,4.74046841,2.29490136,-3.87770441,73.4385044,-2.850411600000013,0.4211631999999965
230.112,0.457254,-0.0576402,4531.12,7.45922,-0.0317951,-0.43598,-179.918,17630.4,-1.94e-05,-0.435896,-2.84753,-0.135345,-0.0317951,0.737315,-0.0234351,-0.00279241,63.4675,0.00294166,0.457238,-0.0576594,63.4693,-179.918,1.17649,-0.204154,0.0,0.338904,-0.801,0.0,-1.0,-0.137458,0.0,0.0,1779.95,-3.30369,0.0,0.0,0.0,0.0,0.0,0.0,0.0,0.0,0.0,0.0,0.0,1256.09,-0.0966621,0.0,0.0,0.0,0.0,0.0,0.0,0.0,0.0,0.0,0.0339115,0.374293,5719.24,-191.815,0.0,7.47e-08,0.0,-5.94e-09,53.7635,-0.0336862,53.7635,0.0,1.43598,1.455,0.0210637,4476.36,24.5735,0.0,4.31e-18,0.0,-6.93e-17,10.6174,-0.00189591,10.6174,0.0,0.409043,999.0,4.0,2.0,55.11114582521749,gaze,0.531385154661948,0.4043109025397598,-16.83156255075362,35.85089705960504,263.1314866822287,28.42578050011812,0.2021037251785485,-34.36169025751452,-0.0501154085004964,0.1429395792025751,0.9884617961905352,5.276469707489014,-29.91232041534709,-1.704934037976215,-33.66922104706882,-0.0571781858964273,0.1011629952724967,0.9932254041480668,5.122965812683105,-0.7432699576144852,-0.7514151563988333,-34.015455652291664,-0.0536467971984618,0.1220512872375359,0.9908436001693012,5.19971776008606,9.63599110250017,True,0.0,imu,-0.3995660704000001,-9.648802816800002,2.269989876,4.74046841,2.29490136,-3.87770441,73.4385044,-2.850411600000013,0.4211631999999965
230.128,0.68334,-0.0577642,4530.84,7.45881,-0.0321228,-0.4387,-179.922,17639.6,3.32e-05,-0.438616,-6.31841,-0.210347,-0.0321228,0.394213,-0.0179936,-0.00280498,63.5008,0.00316516,0.683276,-0.0577924,63.5026,-179.922,-0.350511,-0.203563,0.0,0.338904,-0.783,0.0,-1.0,-0.136963,0.0,0.0,1779.95,-3.30369,0.0,0.0,0.0,0.0,0.0,0.0,0.0,0.0,0.0,0.0,0.0,1256.09,-0.0966621,0.0,0.0,0.0,0.0,0.0,0.0,0.0,0.0,0.0,0.033636,0.374321,5719.28,-192.051,0.0,7.43e-08,0.0,-5.95e-09,53.7654,-0.0336879,53.7654,0.0,1.43604,1.455,0.0219005,4476.36,24.5258,0.0,4.46e-18,0.0,-6.9e-17,10.701,-0.00197114,10.701,0.0,0.422039,999.0,4.0,2.0,54.83114751941741,gaze,0.531385154661948,0.4043109025397598,-16.83156255075362,35.85089705960504,263.1314866822287,28.42578050011812,0.2021037251785485,-34.36169025751452,-0.0501154085004964,0.1429395792025751,0.9884617961905352,5.276469707489014,-29.91232041534709,-1.704934037976215,-33.66922104706882,-0.0571781858964273,0.1011629952724967,0.9932254041480668,5.122965812683105,-0.7432699576144852,-0.7514151563988333,-34.015455652291664,-0.0536467971984618,0.1220512872375359,0.9908436001693012,5.19971776008606,9.63599110250017,True,0.0,imu,-0.3995660704000001,-9.648802816800002,2.269989876,4.74046841,2.29490136,-3.87770441,73.4385044,-2.850411600000013,0.4211631999999965
230.144,1.01108,-0.059866,4530.56,7.45842,-0.032357,-0.443171,-179.925,17653.3,-2.84e-05,-0.443086,-10.8931,-0.35029,-0.032357,0.268932,-0.0121282,-0.00282457,63.55,0.00337426,1.01103,-0.0599138,63.5519,-179.925,0.644496,-0.20162,0.0,0.342195,-0.765,0.0,-1.0,-0.136481,0.0,0.0,1779.95,-3.30369,0.0,0.0,0.0,0.0,0.0,0.0,0.0,0.0,0.0,0.0,0.0,1256.09,-0.0966621,0.0,0.0,0.0,0.0,0.0,0.0,0.0,0.0,0.0,0.0333552,0.37435,5719.32,-192.295,0.0,7.33e-08,0.0,-5.96e-09,53.7674,-0.0336927,53.7674,0.0,1.4361,1.455,0.0228241,4476.36,24.4756,0.0,4.62e-18,0.0,-6.87e-17,10.7876,-0.00205448,10.7876,0.0,0.436153,999.0,4.0,2.0,54.55114918731265,gaze,0.531385154661948,0.4043109025397598,-16.83156255075362,35.85089705960504,263.1314866822287,28.42578050011812,0.2021037251785485,-34.36169025751452,-0.0501154085004964,0.1429395792025751,0.9884617961905352,5.276469707489014,-29.91232041534709,-1.704934037976215,-33.66922104706882,-0.0571781858964273,0.1011629952724967,0.9932254041480668,5.122965812683105,-0.7432699576144852,-0.7514151563988333,-34.015455652291664,-0.0536467971984618,0.1220512872375359,0.9908436001693012,5.19971776008606,9.63599110250017,True,0.0,imu,-0.3995660704000001,-9.648802816800002,2.269989876,4.74046841,2.29490136,-3.87770441,73.4385044,-2.850411600000013,0.4211631999999965
230.16,1.23145,-0.0574383,4530.28,7.45805,-0.0325023,-0.450374,-179.928,17671.3,4.8e-05,-0.450288,-13.2059,-0.544511,-0.0325023,0.286439,-0.00578731,-0.00285389,63.6146,0.00362975,1.23138,-0.0575007,63.6166,-179.928,0.128044,-0.199066,0.0,0.338904,-0.711,6.0,-1.0,-0.136015,0.0,0.0,1779.95,-3.30369,0.0,0.0,0.0,0.0,0.0,0.0,0.0,0.0,0.0,0.0,0.0,1256.09,-0.0966621,0.0,0.0,0.0,0.0,0.0,0.0,0.0,0.0,0.0,0.0330744,0.374378,5719.36,-192.539,0.0,7.23e-08,0.0,-5.97e-09,53.7694,-0.0336974,53.7694,0.0,1.43615,1.455,0.0237478,4476.36,24.4253,0.0,4.79e-18,0.0,-6.84e-17,10.8743,-0.00213782,10.8743,0.0,0.450267,999.0,4.0,2.0,54.271150828064,gaze,0.531385154661948,0.4043109025397598,-16.83156255075362,35.85089705960504,263.1314866822287,28.42578050011812,0.2021037251785485,-34.36169025751452,-0.0501154085004964,0.1429395792025751,0.9884617961905352,5.276469707489014,-29.91232041534709,-1.704934037976215,-33.66922104706882,-0.0571781858964273,0.1011629952724967,0.9932254041480668,5.122965812683105,-0.7432699576144852,-0.7514151563988333,-34.015455652291664,-0.0536467971984618,0.1220512872375359,0.9908436001693012,5.19971776008606,9.63599110250017,True,0.0,imu,-0.3995660704000001,-9.648802816800002,2.269989876,4.74046841,2.29490136,-3.87770441,73.4385044,-2.850411600000013,0.4211631999999965
230.176,1.30348,-0.0529794,4529.99,7.45768,-0.032522,-0.460903,-179.931,17691.9,5.4e-05,-0.460816,-12.6201,-0.757141,-0.032522,0.577078,0.0030884,-0.00289481,63.6888,0.00401502,1.30337,-0.0530507,63.6908,-179.931,0.464224,-0.19395,0.0,0.365232,-0.639,6.0,-1.0,-0.135562,0.0,0.0,1779.95,-3.30369,0.0,0.0,0.0,0.0,0.0,0.0,0.0,0.0,0.0,0.0,0.0,1256.09,-0.0966621,0.0,0.0,0.0,0.0,0.0,0.0,0.0,0.0,0.0,0.032801,0.374405,5719.4,-192.778,0.0,7.15e-08,0.0,-5.99e-09,53.7713,-0.0337005,53.7713,0.0,1.43621,1.455,0.0246863,4476.36,24.3757,0.0,4.95e-18,0.0,-6.8e-17,10.9593,-0.0022223,10.9593,0.0,0.464524,999.0,4.0,2.0,53.98115251661801,gaze,0.531385154661948,0.4043109025397598,-16.83156255075362,35.85089705960504,263.1314866822287,28.42578050011812,0.2021037251785485,-34.36169025751452,-0.0501154085004964,0.1429395792025751,0.9884617961905352,5.276469707489014,-29.91232041534709,-1.704934037976215,-33.66922104706882,-0.0571781858964273,0.1011629952724967,0.9932254041480668,5.122965812683105,-0.7432699576144852,-0.7514151563988333,-34.015455652291664,-0.0536467971984618,0.1220512872375359,0.9908436001693012,5.19971776008606,9.63599110250017,True,0.0,imu,-0.3995660704000001,-9.648802816800002,2.269989876,4.74046841,2.29490136,-3.87770441,73.4385044,-2.850411600000013,0.4211631999999965
230.192,1.26423,-0.0467191,4529.71,7.45733,-0.0323833,-0.474639,-179.934,17712.8,0.000162188,-0.474551,-9.61063,-0.940517,-0.0323833,0.736326,0.0141238,-0.00294844,63.7641,0.00450667,1.26415,-0.0468003,63.7662,-179.934,0.368778,-0.186106,0.0,0.345486,-0.558,0.0,-1.0,-0.135125,0.0,0.0,1779.95,-3.30369,0.0,0.0,0.0,0.0,0.0,0.0,0.0,0.0,0.0,0.0,0.0,1256.09,-0.0966621,0.0,0.0,0.0,0.0,0.0,0.0,0.0,0.0,0.0,0.0325446,0.37443,5719.43,-193.007,0.0,7.1e-08,0.0,-6e-09,53.773,-0.0336995,53.773,0.0,1.43625,1.455,0.0256592,4476.36,24.3276,0.0,5.12e-18,0.0,-6.75e-17,11.0404,-0.0023094,11.0404,0.0,0.479112,999.0,4.0,2.0,53.701154149318825,gaze,0.531385154661948,0.4043109025397598,-16.83156255075362,35.85089705960504,263.1314866822287,28.42578050011812,0.2021037251785485,-34.36169025751452,-0.0501154085004964,0.1429395792025751,0.9884617961905352,5.276469707489014,-29.91232041534709,-1.704934037976215,-33.66922104706882,-0.0571781858964273,0.1011629952724967,0.9932254041480668,5.122965812683105,-0.7432699576144852,-0.7514151563988333,-34.015455652291664,-0.0536467971984618,0.1220512872375359,0.9908436001693012,5.19971776008606,9.63599110250017,True,0.0,imu,-0.3995660704000001,-9.648802816800002,2.269989876,4.74046841,2.29490136,-3.87770441,73.4385044,-2.850411600000013,0.4211631999999965
230.208,1.10551,-0.0456584,4529.43,7.457,-0.032052,-0.490776,-179.937,17731.8,0.000147078,-0.490686,-4.74711,-1.0553,-0.032052,0.751809,0.0274765,-0.00301276,63.8321,0.0050671,1.1055,-0.0457429,63.8344,-179.937,1.04925,-0.176077,0.0,0.338904,-0.468,0.0,-1.0,-0.134701,0.0,0.0,1779.95,-3.30369,0.0,0.0,0.0,0.0,0.0,0.0,0.0,0.0,0.0,0.0,0.0,1256.09,-0.0966621,0.0,0.0,0.0,0.0,0.0,0.0,0.0,0.0,0.0,0.0322882,0.374455,5719.47,-193.235,0.0,7.05e-08,0.0,-6.01e-09,53.7748,-0.0336985,53.7748,0.0,1.4363,1.455,0.0266321,4476.36,24.2794,0.0,5.29e-18,0.0,-6.7e-17,11.1216,-0.00239651,11.1216,0.0,0.493701,999.0,4.0,2.0,53.421155753128645,gaze,0.531385154661948,0.4043109025397598,-16.83156255075362,35.85089705960504,263.1314866822287,28.42578050011812,0.2021037251785485,-34.36169025751452,-0.0501154085004964,0.1429395792025751,0.9884617961905352,5.276469707489014,-29.91232041534709,-1.704934037976215,-33.66922104706882,-0.0571781858964273,0.1011629952724967,0.9932254041480668,5.122965812683105,-0.7432699576144852,-0.7514151563988333,-34.015455652291664,-0.0536467971984618,0.1220512872375359,0.9908436001693012,5.19971776008606,9.63599110250017,True,0.0,imu,-0.3995660704000001,-9.648802816800002,2.269989876,4.74046841,2.29490136,-3.87770441,73.4385044,-2.850411600000013,0.4211631999999965
230.224,0.890592,-0.0410239,4529.14,7.45667,-0.0314922,-0.508032,-179.94,17747.6,0.00021782,-0.50794,0.473558,-1.0863,-0.0314922,0.830114,0.04143,-0.00308457,63.889,0.00567173,0.890571,-0.0410997,63.8915,-179.94,1.07676,-0.16392,0.0,0.338904,-0.369,0.0,-1.0,-0.134292,0.0,0.0,1779.95,-3.30369,0.0,0.0,0.0,0.0,0.0,0.0,0.0,0.0,0.0,0.0,0.0,1256.09,-0.0966621,0.0,0.0,0.0,0.0,0.0,0.0,0.0,0.0,0.0,0.0320309,0.37448,5719.51,-193.465,0.0,6.99e-08,0.0,-6.02e-09,53.7766,-0.0336983,53.7766,0.0,1.43635,1.455,0.027616,4476.36,24.2308,0.0,5.46e-18,0.0,-6.65e-17,11.2032,-0.0024847,11.2032,0.0,0.508418,999.0,4.0,2.0,53.13115740550862,gaze,0.531385154661948,0.4043109025397598,-16.83156255075362,35.85089705960504,263.1314866822287,28.42578050011812,0.2021037251785485,-34.36169025751452,-0.0501154085004964,0.1429395792025751,0.9884617961905352,5.276469707489014,-29.91232041534709,-1.704934037976215,-33.66922104706882,-0.0571781858964273,0.1011629952724967,0.9932254041480668,5.122965812683105,-0.7432699576144852,-0.7514151563988333,-34.015455652291664,-0.0536467971984618,0.1220512872375359,0.9908436001693012,5.19971776008606,9.63599110250017,True,0.0,imu,-0.3995660704000001,-9.648802816800002,2.269989876,4.74046841,2.29490136,-3.87770441,73.4385044,-2.850411600000013,0.4211631999999965
230.24,0.743961,-0.036513,4528.86,7.45635,-0.0307012,-0.525139,-179.942,17760.7,0.000233125,-0.525044,4.41518,-1.04476,-0.0307012,0.926057,0.0570263,-0.00316117,63.936,0.00631287,0.744021,-0.0365883,63.9387,-179.942,1.15626,-0.149275,0.0,0.338904,-0.252,6.0,-1.0,-0.133896,0.0,0.0,1779.95,-3.30369,0.0,0.0,0.0,0.0,0.0,0.0,0.0,0.0,0.0,0.0,0.0,1256.09,-0.0966621,0.0,0.0,0.0,0.0,0.0,0.0,0.0,0.0,0.0,0.0317621,0.374506,5719.55,-193.711,0.0,6.87e-08,0.0,-6.03e-09,53.7785,-0.0337083,53.7785,0.0,1.4364,1.455,0.0287367,4476.37,24.1778,0.0,5.65e-18,0.0,-6.59e-17,11.2905,-0.0025863,11.2905,0.0,0.524724,999.0,4.0,2.0,52.85115902345439,gaze,0.531385154661948,0.4043109025397598,-16.83156255075362,35.85089705960504,263.1314866822287,28.42578050011812,0.2021037251785485,-34.36169025751452,-0.0501154085004964,0.1429395792025751,0.9884617961905352,5.276469707489014,-29.91232041534709,-1.704934037976215,-33.66922104706882,-0.0571781858964273,0.1011629952724967,0.9932254041480668,5.122965812683105,-0.7432699576144852,-0.7514151563988333,-34.015455652291664,-0.0536467971984618,0.1220512872375359,0.9908436001693012,5.19971776008606,9.63599110250017,True,0.0,imu,-0.3995660704000001,-9.648802816800002,2.269989876,4.74046841,2.29490136,-3.87770441,73.4385044,-2.850411600000013,0.4211631999999965
230.256,0.674505,-0.0306396,4528.57,7.45604,-0.029647,-0.541135,-179.945,17772.0,0.000282597,-0.541038,6.45529,-0.954816,-0.029647,0.853148,0.0735811,-0.00323937,63.9764,0.00695482,0.67465,-0.0307194,63.9792,-179.945,0.735495,-0.132409,0.0,0.338904,-0.144,6.0,-1.0,-0.133514,0.0,0.0,1779.95,-3.30369,0.0,0.0,0.0,0.0,0.0,0.0,0.0,0.0,0.0,0.0,0.0,1256.09,-0.0966621,0.0,0.0,0.0,0.0,0.0,0.0,0.0,0.0,0.0,0.0314932,0.374533,5719.59,-193.957,0.0,6.76e-08,0.0,-6.04e-09,53.7804,-0.0337183,53.7804,0.0,1.43645,1.455,0.0298573,4476.37,24.1247,0.0,5.85e-18,0.0,-6.52e-17,11.3779,-0.00268789,11.3779,0.0,0.541029,999.0,4.0,2.0,52.56116066642334,gaze,0.531385154661948,0.4043109025397598,-16.83156255075362,35.85089705960504,263.1314866822287,28.42578050011812,0.2021037251785485,-34.36169025751452,-0.0501154085004964,0.1429395792025751,0.9884617961905352,5.276469707489014,-29.91232041534709,-1.704934037976215,-33.66922104706882,-0.0571781858964273,0.1011629952724967,0.9932254041480668,5.122965812683105,-0.7432699576144852,-0.7514151563988333,-34.015455652291664,-0.0536467971984618,0.1220512872375359,0.9908436001693012,5.19971776008606,9.63599110250017,True,0.0,imu,-0.3995660704000001,-9.648802816800002,2.269989876,4.74046841,2.29490136,-3.87770441,73.4385044,-2.850411600000013,0.4211631999999965
230.272,0.616809,-0.024864,4528.29,7.45574,-0.0283172,-0.55547,-179.947,17782.3,0.00027079,-0.55537,7.44976,-0.841573,-0.0283172,0.845418,0.0914064,-0.00331389,64.0132,0.00754397,0.616977,-0.024944,64.0162,-179.947,0.980431,-0.113826,0.0,0.335613,-0.036,6.0,-1.0,-0.133145,0.0,0.0,1779.95,-3.30369,0.0,0.0,0.0,0.0,0.0,0.0,0.0,0.0,0.0,0.0,0.0,1256.09,-0.0966621,0.0,0.0,0.0,0.0,0.0,0.0,0.0,0.0,0.0,0.0312261,0.374559,5719.63,-194.201,0.0,6.64e-08,0.0,-6.06e-09,53.7822,-0.0337274,53.7822,0.0,1.4365,1.455,0.0309801,4476.37,24.0718,0.0,6.05e-18,0.0,-6.46e-17,11.4648,-0.00278958,11.4648,0.0,0.557339,999.0,4.0,2.0,52.28116227349575,gaze,0.531385154661948,0.4043109025397598,-16.83156255075362,35.85089705960504,263.1314866822287,28.42578050011812,0.2021037251785485,-34.36169025751452,-0.0501154085004964,0.1429395792025751,0.9884617961905352,5.276469707489014,-29.91232041534709,-1.704934037976215,-33.66922104706882,-0.0571781858964273,0.1011629952724967,0.9932254041480668,5.122965812683105,-0.7432699576144852,-0.7514151563988333,-34.015455652291664,-0.0536467971984618,0.1220512872375359,0.9908436001693012,5.19971776008606,9.63599110250017,True,0.0,imu,-0.3995660704000001,-9.648802816800002,2.269989876,4.74046841,2.29490136,-3.87770441,73.4385044,-2.850411600000013,0.4211631999999965
230.288,0.546849,-0.0221338,4528.0,7.45545,-0.0267216,-0.567896,-179.948,17791.9,0.000312427,-0.567794,8.52643,-0.718369,-0.0267216,1.34494,0.108402,-0.00338283,64.0477,0.00801838,0.546981,-0.0222074,64.0508,-179.948,1.39973,-0.0944177,0.0,0.338904,0.045,0.0,-1.0,-0.132788,0.0,0.0,1779.95,-3.30369,0.0,0.0,0.0,0.0,0.0,0.0,0.0,0.0,0.0,0.0,0.0,1256.09,-0.0966621,0.0,0.0,0.0,0.0,0.0,0.0,0.0,0.0,0.0,0.0309794,0.374582,5719.67,-194.433,0.0,6.54e-08,0.0,-6.07e-09,53.784,-0.0337246,53.784,0.0,1.43655,1.455,0.0321309,4476.37,24.0208,0.0,6.24e-18,0.0,-6.38e-17,11.547,-0.00289247,11.547,0.0,0.573692,999.0,4.0,2.0,51.99116390601867,gaze,0.531385154661948,0.4043109025397598,-16.83156255075362,35.85089705960504,263.1314866822287,28.42578050011812,0.2021037251785485,-34.36169025751452,-0.0501154085004964,0.1429395792025751,0.9884617961905352,5.276469707489014,-29.91232041534709,-1.704934037976215,-33.66922104706882,-0.0571781858964273,0.1011629952724967,0.9932254041480668,5.122965812683105,-0.7432699576144852,-0.7514151563988333,-34.015455652291664,-0.0536467971984618,0.1220512872375359,0.9908436001693012,5.19971776008606,9.63599110250017,True,0.0,imu,-0.3995660704000001,-9.648802816800002,2.269989876,4.74046841,2.29490136,-3.87770441,73.4385044,-2.850411600000013,0.4211631999999965
230.304,0.565624,-0.0215162,4527.72,7.45516,-0.024809,-0.578348,-179.95,17801.3,0.000300241,-0.578244,7.75795,-0.596677,-0.024809,1.19058,0.129486,-0.00344291,64.0815,0.00830019,0.565745,-0.0215936,64.0848,-179.95,1.01049,-0.0750829,0.0,0.329031,0.117,0.0,-1.0,-0.132443,0.0,0.0,1779.95,-3.30369,0.0,0.0,0.0,0.0,0.0,0.0,0.0,0.0,0.0,0.0,0.0,1256.09,-0.0966621,0.0,0.0,0.0,0.0,0.0,0.0,0.0,0.0,0.0,0.0307327,0.374606,5719.7,-194.664,0.0,6.44e-08,0.0,-6.08e-09,53.7857,-0.0337219,53.7857,0.0,1.43659,1.455,0.0332816,4476.37,23.9697,0.0,6.44e-18,0.0,-6.31e-17,11.6292,-0.00299535,11.6292,0.0,0.590045,999.0,4.0,2.0,51.71116552646657,gaze,0.531385154661948,0.4043109025397598,-16.83156255075362,35.85089705960504,263.1314866822287,28.42578050011812,0.2021037251785485,-34.36169025751452,-0.0501154085004964,0.1429395792025751,0.9884617961905352,5.276469707489014,-29.91232041534709,-1.704934037976215,-33.66922104706882,-0.0571781858964273,0.1011629952724967,0.9932254041480668,5.122965812683105,-0.7432699576144852,-0.7514151563988333,-34.015455652291664,-0.0536467971984618,0.1220512872375359,0.9908436001693012,5.19971776008606,9.63599110250017,True,0.0,imu,-0.3995660704000001,-9.648802816800002,2.269989876,4.74046841,2.29490136,-3.87770441,73.4385044,-2.850411600000013,0.4211631999999965
230.32,0.598855,-0.0199651,4527.44,7.45488,-0.0225613,-0.586892,-179.951,17810.5,0.000359661,-0.586787,6.8875,-0.478612,-0.0225613,0.876119,0.148994,-0.00349225,64.1144,0.00837561,0.598954,-0.020046,64.1178,-179.951,0.62894,-0.0563631,0.0,0.332322,0.171,0.0,-1.0,-0.132109,0.0,0.0,1779.95,-3.30369,0.0,0.0,0.0,0.0,0.0,0.0,0.0,0.0,0.0,0.0,0.0,1256.09,-0.0966621,0.0,0.0,0.0,0.0,0.0,0.0,0.0,0.0,0.0,0.030486,0.374629,5719.74,-194.895,0.0,6.34e-08,0.0,-6.09e-09,53.7874,-0.0337191,53.7874,0.0,1.43663,1.455,0.0344323,4476.37,23.9187,0.0,6.64e-18,0.0,-6.24e-17,11.7113,-0.00309824,11.7113,0.0,0.606398,999.0,4.0,2.0,51.431167140697454,gaze,0.531385154661948,0.4043109025397598,-16.83156255075362,35.85089705960504,263.1314866822287,28.42578050011812,0.2021037251785485,-34.36169025751452,-0.0501154085004964,0.1429395792025751,0.9884617961905352,5.276469707489014,-29.91232041534709,-1.704934037976215,-33.66922104706882,-0.0571781858964273,0.1011629952724967,0.9932254041480668,5.122965812683105,-0.7432699576144852,-0.7514151563988333,-34.015455652291664,-0.0536467971984618,0.1220512872375359,0.9908436001693012,5.19971776008606,9.63599110250017,True,0.0,imu,-0.3995660704000001,-9.648802816800002,2.269989876,4.74046841,2.29490136,-3.87770441,73.4385044,-2.850411600000013,0.4211631999999965
230.336,0.569874,-0.0149851,4527.15,7.4546,-0.0200406,-0.593571,-179.951,17819.6,0.000330478,-0.593465,6.87384,-0.364684,-0.0200406,0.605165,0.164044,-0.00353302,64.147,0.00827123,0.569916,-0.0150591,64.1504,-179.951,-0.103239,-0.0379934,0.0,0.338904,0.234,0.0,-1.0,-0.131785,0.0,0.0,1779.95,-3.30369,0.0,0.0,0.0,0.0,0.0,0.0,0.0,0.0,0.0,0.0,0.0,1256.09,-0.0966621,0.0,0.0,0.0,0.0,0.0,0.0,0.0,0.0,0.0,0.0302448,0.374652,5719.78,-195.126,0.0,6.29e-08,0.0,-6.1e-09,53.7891,-0.0337186,53.7891,0.0,1.43667,1.455,0.0356734,4476.37,23.8666,0.0,6.85e-18,0.0,-6.15e-17,11.7935,-0.00321007,11.7935,0.0,0.623672,999.0,4.0,2.0,51.14116880713581,gaze,0.531385154661948,0.4043109025397598,-16.83156255075362,35.85089705960504,263.1314866822287,28.42578050011812,0.2021037251785485,-34.36169025751452,-0.0501154085004964,0.1429395792025751,0.9884617961905352,5.276469707489014,-29.91232041534709,-1.704934037976215,-33.66922104706882,-0.0571781858964273,0.1011629952724967,0.9932254041480668,5.122965812683105,-0.7432699576144852,-0.7514151563988333,-34.015455652291664,-0.0536467971984618,0.1220512872375359,0.9908436001693012,5.19971776008606,9.63599110250017,True,0.0,imu,-0.3995660704000001,-9.648802816800002,2.269989876,4.74046841,2.29490136,-3.87770441,73.4385044,-2.850411600000013,0.4211631999999965
230.352,0.539053,-0.0113586,4526.86,7.45432,-0.0173003,-0.59849,-179.952,17828.7,0.000273743,-0.598383,6.82827,-0.258334,-0.0173003,0.766297,0.177436,-0.00356483,64.1797,0.00800665,0.539005,-0.0114237,64.1832,-179.952,1.14038,-0.0197412,0.0,0.335613,0.288,0.0,-1.0,-0.13147,0.0,0.0,1779.95,-3.30369,0.0,0.0,0.0,0.0,0.0,0.0,0.0,0.0,0.0,0.0,0.0,1256.09,-0.0966621,0.0,0.0,0.0,0.0,0.0,0.0,0.0,0.0,0.0,0.0300044,0.374674,5719.82,-195.357,0.0,6.26e-08,0.0,-6.11e-09,53.7908,-0.0337184,53.7908,0.0,1.43672,1.455,0.0369259,4476.38,23.8144,0.0,7.06e-18,0.0,-6.07e-17,11.8756,-0.00332304,11.8756,0.0,0.641063,999.0,4.0,2.0,50.851170494123,gaze,0.531385154661948,0.4043109025397598,-16.83156255075362,35.85089705960504,263.1314866822287,28.42578050011812,0.2021037251785485,-34.36169025751452,-0.0501154085004964,0.1429395792025751,0.9884617961905352,5.276469707489014,-29.91232041534709,-1.704934037976215,-33.66922104706882,-0.0571781858964273,0.1011629952724967,0.9932254041480668,5.122965812683105,-0.7432699576144852,-0.7514151563988333,-34.015455652291664,-0.0536467971984618,0.1220512872375359,0.9908436001693012,5.19971776008606,9.63599110250017,True,0.0,imu,-0.3995660704000001,-9.648802816800002,2.269989876,4.74046841,2.29490136,-3.87770441,73.4385044,-2.850411600000013,0.4211631999999965
230.368,0.573372,-0.00745839,4526.58,7.45405,-0.0143809,-0.601765,-179.952,17837.6,0.000268964,-0.601657,5.79873,-0.158002,-0.0143809,0.517834,0.185793,-0.00358761,64.2119,0.00759571,0.573314,-0.00752408,64.2154,-179.952,1.19794,-0.00292871,0.0,0.332322,0.324,0.0,-1.0,-0.131165,0.0,0.0,1779.95,-3.30369,0.0,0.0,0.0,0.0,0.0,0.0,0.0,0.0,0.0,0.0,0.0,1256.09,-0.0966621,0.0,0.0,0.0,0.0,0.0,0.0,0.0,0.0,0.0,0.029764,0.374697,5719.86,-195.589,0.0,6.23e-08,0.0,-6.13e-09,53.7924,-0.0337182,53.7924,0.0,1.43676,1.455,0.0381784,4476.38,23.7623,0.0,7.28e-18,0.0,-5.99e-17,11.9577,-0.00343601,11.9577,0.0,0.658454,999.0,4.0,2.0,50.571172141868445,gaze,0.531385154661948,0.4043109025397598,-16.83156255075362,35.85089705960504,263.1314866822287,28.42578050011812,0.2021037251785485,-34.36169025751452,-0.0501154085004964,0.1429395792025751,0.9884617961905352,5.276469707489014,-29.91232041534709,-1.704934037976215,-33.66922104706882,-0.0571781858964273,0.1011629952724967,0.9932254041480668,5.122965812683105,-0.7432699576144852,-0.7514151563988333,-34.015455652291664,-0.0536467971984618,0.1220512872375359,0.9908436001693012,5.19971776008606,9.63599110250017,True,0.0,imu,-0.3995660704000001,-9.648802816800002,2.269989876,4.74046841,2.29490136,-3.87770441,73.4385044,-2.850411600000013,0.4211631999999965
230.384,0.545059,-0.00393765,4526.29,7.45378,-0.0113878,-0.603491,-179.952,17846.4,0.000195236,-0.603383,5.58397,-0.0650724,-0.0113878,0.406464,0.187957,-0.00360273,64.2437,0.00702788,0.544946,-0.00399459,64.2472,-179.952,1.92455,0.0126391,0.0,0.335613,0.342,0.0,-1.0,-0.130868,0.0,0.0,1779.95,-3.30369,0.0,0.0,0.0,0.0,0.0,0.0,0.0,0.0,0.0,0.0,0.0,1256.09,-0.0966621,0.0,0.0,0.0,0.0,0.0,0.0,0.0,0.0,0.0,0.0295212,0.37472,5719.9,-195.826,0.0,6.16e-08,0.0,-6.14e-09,53.7941,-0.0337197,53.7941,0.0,1.4368,1.455,0.0395445,4476.38,23.7078,0.0,7.51e-18,0.0,-5.89e-17,12.0422,-0.00355881,12.0422,0.0,0.677114,999.0,4.0,2.0,50.28117384397857,gaze,0.531385154661948,0.4043109025397598,-16.83156255075362,35.85089705960504,263.1314866822287,28.42578050011812,0.2021037251785485,-34.36169025751452,-0.0501154085004964,0.1429395792025751,0.9884617961905352,5.276469707489014,-29.91232041534709,-1.704934037976215,-33.66922104706882,-0.0571781858964273,0.1011629952724967,0.9932254041480668,5.122965812683105,-0.7432699576144852,-0.7514151563988333,-34.015455652291664,-0.0536467971984618,0.1220512872375359,0.9908436001693012,5.19971776008606,9.63599110250017,True,0.0,imu,-0.3995660704000001,-9.648802816800002,2.269989876,4.74046841,2.29490136,-3.87770441,73.4385044,-2.850411600000013,0.4211631999999965
230.4,0.526455,-0.00217629,4526.01,7.45351,-0.0084139,-0.603819,-179.952,17855.3,0.000184658,-0.603711,5.14663,0.0167278,-0.0084139,-0.683997,0.181999,-0.00361096,64.2755,0.00635445,0.526301,-0.00222577,64.2791,-179.952,1.11903,0.0259923,0.0,0.332322,0.36,0.0,-1.0,-0.130579,0.0,0.0,1779.95,-3.30369,0.0,0.0,0.0,0.0,0.0,0.0,0.0,0.0,0.0,0.0,0.0,1256.09,-0.0966621,0.0,0.0,0.0,0.0,0.0,0.0,0.0,0.0,0.0,0.0292774,0.374744,5719.94,-196.067,0.0,6.09e-08,0.0,-6.15e-09,53.7958,-0.0337221,53.7958,0.0,1.43685,1.455,0.0409596,4476.38,23.6523,0.0,7.75e-18,0.0,-5.79e-17,12.1276,-0.00368584,12.1276,0.0,0.696319,999.0,4.0,2.0,50.00117553218245,gaze,0.531385154661948,0.4043109025397598,-16.83156255075362,35.85089705960504,263.1314866822287,28.42578050011812,0.2021037251785485,-34.36169025751452,-0.0501154085004964,0.1429395792025751,0.9884617961905352,5.276469707489014,-29.91232041534709,-1.704934037976215,-33.66922104706882,-0.0571781858964273,0.1011629952724967,0.9932254041480668,5.122965812683105,-0.7432699576144852,-0.7514151563988333,-34.015455652291664,-0.0536467971984618,0.1220512872375359,0.9908436001693012,5.19971776008606,9.63599110250017,True,0.0,imu,-0.3995660704000001,-9.648802816800002,2.269989876,4.74046841,2.29490136,-3.87770441,73.4385044,-2.850411600000013,0.4211631999999965
230.416,0.526244,-0.00169296,4525.72,7.45324,-0.00559985,-0.60293,-179.951,17864.0,0.000168861,-0.602821,4.34379,0.0882037,-0.00559985,-1.10916,0.169447,-0.00361331,64.3069,0.00560745,0.526147,-0.00173766,64.3104,-179.951,1.00176,0.03749,0.0,0.32574,0.36,0.0,-1.0,-0.130298,0.0,0.0,1779.95,-3.30369,0.0,0.0,0.0,0.0,0.0,0.0,0.0,0.0,0.0,0.0,0.0,1256.09,-0.0966621,0.0,0.0,0.0,0.0,0.0,0.0,0.0,0.0,0.0,0.0290336,0.374768,5719.98,-196.307,0.0,6.01e-08,0.0,-6.16e-09,53.7975,-0.0337244,53.7975,0.0,1.4369,1.455,0.0423746,4476.38,23.5968,0.0,7.98e-18,0.0,-5.69e-17,12.2131,-0.00381287,12.2131,0.0,0.715524,999.0,4.0,2.0,49.71117727652026,gaze,0.531385154661948,0.4043109025397598,-16.83156255075362,35.85089705960504,263.1314866822287,28.42578050011812,0.2021037251785485,-34.36169025751452,-0.0501154085004964,0.1429395792025751,0.9884617961905352,5.276469707489014,-29.91232041534709,-1.704934037976215,-33.66922104706882,-0.0571781858964273,0.1011629952724967,0.9932254041480668,5.122965812683105,-0.7432699576144852,-0.7514151563988333,-34.015455652291664,-0.0536467971984618,0.1220512872375359,0.9908436001693012,5.19971776008606,9.63599110250017,True,0.0,imu,-0.3995660704000001,-9.648802816800002,2.269989876,4.74046841,2.29490136,-3.87770441,73.4385044,-2.850411600000013,0.4211631999999965
230.432,0.544574,0.00108572,4525.44,7.45297,-0.00304911,-0.600997,-179.95,17872.6,-0.000147723,-0.600888,3.28499,0.148004,-0.00304911,-1.25721,0.150256,-0.00361093,64.3378,0.00483931,0.544529,0.00104514,64.3413,-179.95,0.544774,0.0467158,0.0,0.329031,0.36,0.0,-1.0,-0.130024,0.0,0.0,1779.95,-3.30369,0.0,0.0,0.0,0.0,0.0,0.0,0.0,0.0,0.0,0.0,0.0,1256.09,-0.0966621,0.0,0.0,0.0,0.0,0.0,0.0,0.0,0.0,0.0,0.0287966,0.374791,5720.02,-196.545,0.0,6.03e-08,0.0,-6.17e-09,53.7992,-0.0337294,53.7992,0.0,1.43694,1.455,0.0439333,4476.38,23.5413,0.0,8.23e-18,0.0,-5.58e-17,12.2976,-0.00395343,12.2976,0.0,0.736646,999.0,4.0,2.0,49.43117900658307,gaze,0.531385154661948,0.4043109025397598,-16.83156255075362,35.85089705960504,263.1314866822287,28.42578050011812,0.2021037251785485,-34.36169025751452,-0.0501154085004964,0.1429395792025751,0.9884617961905352,5.276469707489014,-29.91232041534709,-1.704934037976215,-33.66922104706882,-0.0571781858964273,0.1011629952724967,0.9932254041480668,5.122965812683105,-0.7432699576144852,-0.7514151563988333,-34.015455652291664,-0.0536467971984618,0.1220512872375359,0.9908436001693012,5.19971776008606,9.63599110250017,True,0.0,imu,-0.3995660704000001,-9.648802816800002,2.269989876,4.74046841,2.29490136,-3.87770441,73.4385044,-2.850411600000013,0.4211631999999965
230.448,0.582817,0.000897672,4525.15,7.4527,-0.000837608,-0.598218,-179.95,17881.2,-0.000146042,-0.59811,1.88799,0.193909,-0.000837608,-1.59624,0.127897,-0.00360457,64.3687,0.00410374,0.582797,0.000860591,64.3722,-179.95,0.344628,0.0544533,0.0,0.352068,0.36,0.0,-1.0,-0.129757,0.0,0.0,1779.95,-3.30369,0.0,0.0,0.0,0.0,0.0,0.0,0.0,0.0,0.0,0.0,0.0,1256.09,-0.0966621,0.0,0.0,0.0,0.0,0.0,0.0,0.0,0.0,0.0,0.0285635,0.374813,5720.06,-196.781,0.0,6.09e-08,0.0,-6.18e-09,53.8008,-0.0337358,53.8008,0.0,1.43698,1.455,0.0455743,4476.38,23.4857,0.0,8.48e-18,0.0,-5.47e-17,12.3814,-0.00410175,12.3814,0.0,0.758866,999.0,4.0,2.0,49.1411807946244,gaze,0.531385154661948,0.4043109025397598,-16.83156255075362,35.85089705960504,263.1314866822287,28.42578050011812,0.2021037251785485,-34.36169025751452,-0.0501154085004964,0.1429395792025751,0.9884617961905352,5.276469707489014,-29.91232041534709,-1.704934037976215,-33.66922104706882,-0.0571781858964273,0.1011629952724967,0.9932254041480668,5.122965812683105,-0.7432699576144852,-0.7514151563988333,-34.015455652291664,-0.0536467971984618,0.1220512872375359,0.9908436001693012,5.19971776008606,9.63599110250017,True,0.0,imu,-0.3995660704000001,-9.648802816800002,2.269989876,4.74046841,2.29490136,-3.87770441,73.4385044,-2.850411600000013,0.4211631999999965
230.464,0.521035,0.00962952,4524.86,7.45243,0.00102214,-0.594878,-179.949,17890.0,-0.000156946,-0.59477,1.8929,0.221836,0.00102214,-1.67299,0.104787,-0.00359547,64.4005,0.00344767,0.521048,0.0096016,64.4039,-179.949,-0.387576,0.0608477,0.0,0.315867,0.36,0.0,-1.0,-0.129495,0.0,0.0,1779.95,-3.30369,0.0,0.0,0.0,0.0,0.0,0.0,0.0,0.0,0.0,0.0,0.0,1256.09,-0.0966621,0.0,0.0,0.0,0.0,0.0,0.0,0.0,0.0,0.0,0.0283304,0.374835,5720.1,-197.017,0.0,6.15e-08,0.0,-6.2e-09,53.8024,-0.0337422,53.8024,0.0,1.43702,1.455,0.0472154,4476.39,23.4301,0.0,8.74e-18,0.0,-5.36e-17,12.4653,-0.00425007,12.4653,0.0,0.781087,999.0,4.0,2.0,48.85118260538701,gaze,0.531385154661948,0.4043109025397598,-16.83156255075362,35.85089705960504,263.1314866822287,28.42578050011812,0.2021037251785485,-34.36169025751452,-0.0501154085004964,0.1429395792025751,0.9884617961905352,5.276469707489014,-29.91232041534709,-1.704934037976215,-33.66922104706882,-0.0571781858964273,0.1011629952724967,0.9932254041480668,5.122965812683105,-0.7432699576144852,-0.7514151563988333,-34.015455652291664,-0.0536467971984618,0.1220512872375359,0.9908436001693012,5.19971776008606,9.63599110250017,True,0.0,imu,-0.3995660704000001,-9.648802816800002,2.269989876,4.74046841,2.29490136,-3.87770441,73.4385044,-2.850411600000013,0.4211631999999965
230.48,0.494997,0.0124681,4524.58,7.45216,0.00250855,-0.591106,-179.948,17898.2,-8.6e-05,-0.590998,1.39532,0.246934,0.00250855,-0.575836,0.0832716,-0.00358432,64.43,0.00287712,0.495022,0.012446,64.4334,-179.948,1.15428,0.0663844,0.0,0.312575,0.36,0.0,-1.0,-0.129236,0.0,0.0,1779.95,-3.30369,0.0,0.0,0.0,0.0,0.0,0.0,0.0,0.0,0.0,0.0,0.0,1256.09,-0.0966621,0.0,0.0,0.0,0.0,0.0,0.0,0.0,0.0,0.0,0.028098,0.374859,5720.14,-197.255,0.0,6.2e-08,0.0,-6.21e-09,53.8041,-0.0337464,53.8041,0.0,1.43707,1.455,0.0489475,4476.39,23.3733,0.0,9e-18,0.0,-5.24e-17,12.55,-0.00440638,12.55,0.0,0.804262,999.0,4.0,2.0,48.571184401305175,gaze,0.531385154661948,0.4043109025397598,-16.83156255075362,35.85089705960504,263.1314866822287,28.42578050011812,0.2021037251785485,-34.36169025751452,-0.0501154085004964,0.1429395792025751,0.9884617961905352,5.276469707489014,-29.91232041534709,-1.704934037976215,-33.66922104706882,-0.0571781858964273,0.1011629952724967,0.9932254041480668,5.122965812683105,-0.7432699576144852,-0.7514151563988333,-34.015455652291664,-0.0536467971984618,0.1220512872375359,0.9908436001693012,5.19971776008606,9.63599110250017,True,0.0,imu,-0.3995660704000001,-9.648802816800002,2.269989876,4.74046841,2.29490136,-3.87770441,73.4385044,-2.850411600000013,0.4211631999999965
230.496,0.452151,0.0152475,4524.29,7.45188,0.00368197,-0.587011,-179.947,17906.1,-6.13e-05,-0.586904,1.43906,0.263386,0.00368197,-0.420443,0.066331,-0.00357096,64.4585,0.0023849,0.452216,0.015231,64.4618,-179.947,0.810146,0.0707963,0.0,0.299411,0.36,0.0,-1.0,-0.128979,0.0,0.0,1779.95,-3.30369,0.0,0.0,0.0,0.0,0.0,0.0,0.0,0.0,0.0,0.0,0.0,1256.09,-0.0966621,0.0,0.0,0.0,0.0,0.0,0.0,0.0,0.0,0.0,0.0278663,0.374883,5720.18,-197.496,0.0,6.24e-08,0.0,-6.22e-09,53.8057,-0.0337485,53.8057,0.0,1.43712,1.455,0.0507666,4476.39,23.3155,0.0,9.28e-18,0.0,-5.11e-17,12.6354,-0.00457032,12.6354,0.0,0.828348,999.0,4.0,2.0,48.2811862859064,gaze,0.531385154661948,0.4043109025397598,-16.83156255075362,35.85089705960504,263.1314866822287,28.42578050011812,0.2021037251785485,-34.36169025751452,-0.0501154085004964,0.1429395792025751,0.9884617961905352,5.276469707489014,-29.91232041534709,-1.704934037976215,-33.66922104706882,-0.0571781858964273,0.1011629952724967,0.9932254041480668,5.122965812683105,-0.7432699576144852,-0.7514151563988333,-34.015455652291664,-0.0536467971984618,0.1220512872375359,0.9908436001693012,5.19971776008606,9.63599110250017,True,0.0,imu,-0.3995660704000001,-9.648802816800002,2.269989876,4.74046841,2.29490136,-3.87770441,73.4385044,-2.850411600000013,0.4211631999999965
230.512,0.448924,0.0176287,4524.01,7.4516,0.00460865,-0.582703,-179.945,17913.6,-8.61e-05,-0.582596,0.631212,0.272865,0.00460865,-0.739384,0.0507555,-0.00355584,64.4858,0.00196404,0.449,0.0176154,64.4891,-179.945,-0.166984,0.0743234,0.0,0.29612,0.369,0.0,-1.0,-0.128723,0.0,0.0,1779.95,-3.30369,0.0,0.0,0.0,0.0,0.0,0.0,0.0,0.0,0.0,0.0,0.0,1256.09,-0.0966621,0.0,0.0,0.0,0.0,0.0,0.0,0.0,0.0,0.0,0.0276347,0.374908,5720.22,-197.736,0.0,6.28e-08,0.0,-6.23e-09,53.8073,-0.0337505,53.8073,0.0,1.43717,1.455,0.0525857,4476.39,23.2576,0.0,9.56e-18,0.0,-4.98e-17,12.7209,-0.00473426,12.7209,0.0,0.852434,999.0,4.0,2.0,48.00118815571151,gaze,0.531385154661948,0.4043109025397598,-16.83156255075362,35.85089705960504,263.1314866822287,28.42578050011812,0.2021037251785485,-34.36169025751452,-0.0501154085004964,0.1429395792025751,0.9884617961905352,5.276469707489014,-29.91232041534709,-1.704934037976215,-33.66922104706882,-0.0571781858964273,0.1011629952724967,0.9932254041480668,5.122965812683105,-0.7432699576144852,-0.7514151563988333,-34.015455652291664,-0.0536467971984618,0.1220512872375359,0.9908436001693012,5.19971776008606,9.63599110250017,True,0.0,imu,-0.3995660704000001,-9.648802816800002,2.269989876,4.74046841,2.29490136,-3.87770441,73.4385044,-2.850411600000013,0.4211631999999965
230.528,0.467913,0.0172461,4523.72,7.45131,0.0053476,-0.578293,-179.944,17920.8,-9.31e-05,-0.578187,-0.309322,0.277563,0.0053476,-0.583567,0.0419011,-0.00353911,64.5118,0.00161326,0.468056,0.0172355,64.515,-179.944,-0.27702,0.0775448,0.0,0.282956,0.369,0.0,-1.0,-0.128466,0.0,0.0,1779.95,-3.30369,0.0,0.0,0.0,0.0,0.0,0.0,0.0,0.0,0.0,0.0,0.0,1256.09,-0.0966621,0.0,0.0,0.0,0.0,0.0,0.0,0.0,0.0,0.0,0.0274094,0.374931,5720.26,-197.972,0.0,6.25e-08,0.0,-6.24e-09,53.8089,-0.0337506,53.8089,0.0,1.43722,1.455,0.0544351,4476.39,23.2003,0.0,9.85e-18,0.0,-4.85e-17,12.8049,-0.00490031,12.8049,0.0,0.876663,999.0,4.0,2.0,47.71119011716353,gaze,0.531385154661948,0.4043109025397598,-16.83156255075362,35.85089705960504,263.1314866822287,28.42578050011812,0.2021037251785485,-34.36169025751452,-0.0501154085004964,0.1429395792025751,0.9884617961905352,5.276469707489014,-29.91232041534709,-1.704934037976215,-33.66922104706882,-0.0571781858964273,0.1011629952724967,0.9932254041480668,5.122965812683105,-0.7432699576144852,-0.7514151563988333,-34.015455652291664,-0.0536467971984618,0.1220512872375359,0.9908436001693012,5.19971776008606,9.63599110250017,True,0.0,imu,-0.3995660704000001,-9.648802816800002,2.269989876,4.74046841,2.29490136,-3.87770441,73.4385044,-2.850411600000013,0.4211631999999965
230.544,0.410116,0.0209881,4523.43,7.45102,0.00593151,-0.573856,-179.943,17927.8,-7.55e-05,-0.57375,0.0697295,0.276213,0.00593151,0.212288,0.0329935,-0.00352124,64.5368,0.00130346,0.41027,0.0209811,64.54,-179.943,0.82174,0.0807023,0.0,0.276374,0.369,0.0,-1.0,-0.128207,0.0,0.0,1779.95,-3.30369,0.0,0.0,0.0,0.0,0.0,0.0,0.0,0.0,0.0,0.0,0.0,1256.09,-0.0966621,0.0,0.0,0.0,0.0,0.0,0.0,0.0,0.0,0.0,0.0271921,0.374954,5720.3,-198.204,0.0,6.14e-08,0.0,-6.25e-09,53.8104,-0.0337482,53.8104,0.0,1.43727,1.455,0.0563219,4476.39,23.1435,0.0,1.01e-17,0.0,-4.71e-17,12.8871,-0.00506899,12.8871,0.0,0.90107,999.0,4.0,2.0,47.421192104379095,gaze,0.531385154661948,0.4043109025397598,-16.83156255075362,35.85089705960504,263.1314866822287,28.42578050011812,0.2021037251785485,-34.36169025751452,-0.0501154085004964,0.1429395792025751,0.9884617961905352,5.276469707489014,-29.91232041534709,-1.704934037976215,-33.66922104706882,-0.0571781858964273,0.1011629952724967,0.9932254041480668,5.122965812683105,-0.7432699576144852,-0.7514151563988333,-34.015455652291664,-0.0536467971984618,0.1220512872375359,0.9908436001693012,5.19971776008606,9.63599110250017,True,0.0,imu,-0.3995660704000001,-9.648802816800002,2.269989876,4.74046841,2.29490136,-3.87770441,73.4385044,-2.850411600000013,0.4211631999999965
230.56,0.421721,0.0205703,4523.14,7.45073,0.0063964,-0.56948,-179.942,17934.6,-4.39e-05,-0.569375,-0.515941,0.270428,0.0063964,0.0998989,0.0268177,-0.00350309,64.5613,0.00101832,0.421893,0.0205654,64.5644,-179.942,0.708345,0.0830258,0.0,0.269792,0.369,0.0,-1.0,-0.127944,0.0,0.0,1779.95,-3.30369,0.0,0.0,0.0,0.0,0.0,0.0,0.0,0.0,0.0,0.0,0.0,1256.09,-0.0966621,0.0,0.0,0.0,0.0,0.0,0.0,0.0,0.0,0.0,0.0269748,0.374977,5720.34,-198.435,0.0,6.03e-08,0.0,-6.26e-09,53.8119,-0.0337458,53.8119,0.0,1.43731,1.455,0.0582088,4476.4,23.0867,0.0,1.04e-17,0.0,-4.57e-17,12.9693,-0.00523766,12.9693,0.0,0.925477,999.0,4.0,2.0,47.131194117833786,gaze,0.531385154661948,0.4043109025397598,-16.83156255075362,35.85089705960504,263.1314866822287,28.42578050011812,0.2021037251785485,-34.36169025751452,-0.0501154085004964,0.1429395792025751,0.9884617961905352,5.276469707489014,-29.91232041534709,-1.704934037976215,-33.66922104706882,-0.0571781858964273,0.1011629952724967,0.9932254041480668,5.122965812683105,-0.7432699576144852,-0.7514151563988333,-34.015455652291664,-0.0536467971984618,0.1220512872375359,0.9908436001693012,5.19971776008606,9.63599110250017,True,0.0,imu,-0.3995660704000001,-9.648802816800002,2.269989876,4.74046841,2.29490136,-3.87770441,73.4385044,-2.850411600000013,0.4211631999999965
230.576,0.444465,0.0235179,4522.86,7.45043,0.0068055,-0.565211,-179.94,17941.1,-7.05e-05,-0.565106,-1.3961,0.262443,0.0068055,-0.00244975,0.0249508,-0.00348506,64.5849,0.000772769,0.444644,0.0235145,64.588,-179.94,0.18067,0.0850458,0.0,0.266501,0.378,0.0,-1.0,-0.127678,0.0,0.0,1779.95,-3.30369,0.0,0.0,0.0,0.0,0.0,0.0,0.0,0.0,0.0,0.0,0.0,1256.09,-0.0966621,0.0,0.0,0.0,0.0,0.0,0.0,0.0,0.0,0.0,0.0267567,0.374999,5720.38,-198.668,0.0,5.92e-08,0.0,-6.28e-09,53.8134,-0.0337456,53.8134,0.0,1.43736,1.455,0.0601541,4476.4,23.029,0.0,1.07e-17,0.0,-4.43e-17,13.0524,-0.00541212,13.0524,0.0,0.950479,999.0,4.0,2.0,46.85119614508116,gaze,0.531385154661948,0.4043109025397598,-16.83156255075362,35.85089705960504,263.1314866822287,28.42578050011812,0.2021037251785485,-34.36169025751452,-0.0501154085004964,0.1429395792025751,0.9884617961905352,5.276469707489014,-29.91232041534709,-1.704934037976215,-33.66922104706882,-0.0571781858964273,0.1011629952724967,0.9932254041480668,5.122965812683105,-0.7432699576144852,-0.7514151563988333,-34.015455652291664,-0.0536467971984618,0.1220512872375359,0.9908436001693012,5.19971776008606,9.63599110250017,True,0.0,imu,-0.3995660704000001,-9.648802816800002,2.269989876,4.74046841,2.29490136,-3.87770441,73.4385044,-2.850411600000013,0.4211631999999965
230.592,0.430123,0.0256303,4522.57,7.45012,0.00720796,-0.561114,-179.939,17947.5,-3.52e-05,-0.56101,-1.33333,0.249547,0.00720796,0.353606,0.0275765,-0.00346628,64.608,0.000538602,0.430348,0.0256293,64.6111,-179.939,0.485496,0.0872156,0.0,0.266501,0.378,0.0,-1.0,-0.127407,0.0,0.0,1779.95,-3.30369,0.0,0.0,0.0,0.0,0.0,0.0,0.0,0.0,0.0,0.0,0.0,1256.09,-0.0966621,0.0,0.0,0.0,0.0,0.0,0.0,0.0,0.0,0.0,0.0265362,0.37502,5720.42,-198.909,0.0,5.8e-08,0.0,-6.29e-09,53.8149,-0.033752,53.8149,0.0,1.4374,1.455,0.0622654,4476.4,22.9687,0.0,1.1e-17,0.0,-4.27e-17,13.1379,-0.00560298,13.1379,0.0,0.977167,999.0,4.0,2.0,46.56119827038789,gaze,0.531385154661948,0.4043109025397598,-16.83156255075362,35.85089705960504,263.1314866822287,28.42578050011812,0.2021037251785485,-34.36169025751452,-0.0501154085004964,0.1429395792025751,0.9884617961905352,5.276469707489014,-29.91232041534709,-1.704934037976215,-33.66922104706882,-0.0571781858964273,0.1011629952724967,0.9932254041480668,5.122965812683105,-0.7432699576144852,-0.7514151563988333,-34.015455652291664,-0.0536467971984618,0.1220512872375359,0.9908436001693012,5.19971776008606,9.63599110250017,True,0.0,imu,-0.3995660704000001,-9.648802816800002,2.269989876,4.74046841,2.29490136,-3.87770441,73.4385044,-2.850411600000013,0.4211631999999965
230.608,0.3718,0.0231923,4522.28,7.44981,0.00764582,-0.557248,-179.937,17953.8,-4.13e-05,-0.557144,-0.592317,0.234704,0.00764582,0.470381,0.0282433,-0.00344765,64.6308,0.000318677,0.37199,0.0231928,64.6338,-179.937,0.728281,0.0889565,0.0,0.259919,0.387,0.0,-1.0,-0.127131,0.0,0.0,1779.95,-3.30369,0.0,0.0,0.0,0.0,0.0,0.0,0.0,0.0,0.0,0.0,0.0,1256.09,-0.0966621,0.0,0.0,0.0,0.0,0.0,0.0,0.0,0.0,0.0,0.0263158,0.375041,5720.46,-199.15,0.0,5.67e-08,0.0,-6.3e-09,53.8165,-0.0337583,53.8165,0.0,1.43744,1.455,0.0643767,4476.4,22.9084,0.0,1.14e-17,0.0,-4.11e-17,13.2235,-0.00579385,13.2235,0.0,1.00385,999.0,4.0,2.0,46.27120042441168,gaze,0.531385154661948,0.4043109025397598,-16.83156255075362,35.85089705960504,263.1314866822287,28.42578050011812,0.2021037251785485,-34.36169025751452,-0.0501154085004964,0.1429395792025751,0.9884617961905352,5.276469707489014,-29.91232041534709,-1.704934037976215,-33.66922104706882,-0.0571781858964273,0.1011629952724967,0.9932254041480668,5.122965812683105,-0.7432699576144852,-0.7514151563988333,-34.015455652291664,-0.0536467971984618,0.1220512872375359,0.9908436001693012,5.19971776008606,9.63599110250017,True,0.0,imu,-0.3995660704000001,-9.648802816800002,2.269989876,4.74046841,2.29490136,-3.87770441,73.4385044,-2.850411600000013,0.4211631999999965
230.624,0.406396,0.0266713,4522.0,7.44949,0.00812802,-0.553618,-179.936,17960.1,-6.03e-05,-0.553514,-1.17775,0.219935,0.00812802,0.202958,0.0313057,-0.0034297,64.6532,0.000133534,0.4066,0.0266731,64.6562,-179.936,0.0512363,0.0910543,0.0,0.259919,0.405,0.0,-1.0,-0.126848,0.0,0.0,1779.95,-3.30369,0.0,0.0,0.0,0.0,0.0,0.0,0.0,0.0,0.0,0.0,0.0,1256.09,-0.0966621,0.0,0.0,0.0,0.0,0.0,0.0,0.0,0.0,0.0,0.0260982,0.375062,5720.5,-199.389,0.0,5.56e-08,0.0,-6.31e-09,53.818,-0.0337638,53.818,0.0,1.43747,1.455,0.0665006,4476.4,22.8484,0.0,9.9e-18,0.0,1.3e-16,13.3084,-0.00598574,13.3084,0.0,1.03058,999.0,4.0,2.0,45.9912025933232,gaze,0.531385154661948,0.4043109025397598,-16.83156255075362,35.85089705960504,263.1314866822287,28.42578050011812,0.2021037251785485,-34.36169025751452,-0.0501154085004964,0.1429395792025751,0.9884617961905352,5.276469707489014,-29.91232041534709,-1.704934037976215,-33.66922104706882,-0.0571781858964273,0.1011629952724967,0.9932254041480668,5.122965812683105,-0.7432699576144852,-0.7514151563988333,-34.015455652291664,-0.0536467971984618,0.1220512872375359,0.9908436001693012,5.19971776008606,9.63599110250017,True,0.0,imu,-0.3995660704000001,-9.648802816800002,2.269989876,4.74046841,2.29490136,-3.87770441,73.4385044,-2.850411600000013,0.4211631999999965
230.64,0.410154,0.0264146,4521.71,7.44916,0.00866287,-0.550246,-179.934,17966.3,-0.00010249,-0.550144,-1.57498,0.202333,0.00866287,-0.469784,0.0338366,-0.00341148,64.6757,-1.33e-05,0.410256,0.026416,64.6787,-179.934,-0.300862,0.0936333,0.0,0.26321,0.432,0.0,-1.0,-0.12656,0.0,0.0,1779.95,-3.30369,0.0,0.0,0.0,0.0,0.0,0.0,0.0,0.0,0.0,0.0,0.0,1256.09,-0.0966621,0.0,0.0,0.0,0.0,0.0,0.0,0.0,0.0,0.0,0.0258919,0.375081,5720.54,-199.62,0.0,5.47e-08,0.0,-6.32e-09,53.8194,-0.0337657,53.8194,0.0,1.43751,1.455,0.0686754,4476.41,22.7894,0.0,1.28e-18,0.0,9.78e-16,13.3906,-0.00618174,13.3906,0.0,1.05746,999.0,4.0,2.0,45.7012048657976,gaze,0.531385154661948,0.4043109025397598,-16.83156255075362,35.85089705960504,263.1314866822287,28.42578050011812,0.2021037251785485,-34.36169025751452,-0.0501154085004964,0.1429395792025751,0.9884617961905352,5.276469707489014,-29.91232041534709,-1.704934037976215,-33.66922104706882,-0.0571781858964273,0.1011629952724967,0.9932254041480668,5.122965812683105,-0.7432699576144852,-0.7514151563988333,-34.015455652291664,-0.0536467971984618,0.1220512872375359,0.9908436001693012,5.19971776008606,9.63599110250017,True,0.0,imu,-0.3995660704000001,-9.648802816800002,2.269989876,4.74046841,2.29490136,-3.87770441,73.4385044,-2.850411600000013,0.4211631999999965
230.656,0.392221,0.0276205,4521.42,7.44883,0.00922723,-0.547158,-179.933,17972.5,-7.26e-05,-0.547056,-0.898796,0.185717,0.00922723,0.232426,0.0377329,-0.00339412,64.6981,-0.000106355,0.392387,0.0276237,64.701,-179.933,0.399378,0.096824,0.0,0.259919,0.459,0.0,-1.0,-0.126265,0.0,0.0,1779.95,-3.30369,0.0,0.0,0.0,0.0,0.0,0.0,0.0,0.0,0.0,0.0,0.0,1256.09,-0.0966621,0.0,0.0,0.0,0.0,0.0,0.0,0.0,0.0,0.0,0.0256855,0.3751,5720.58,-199.851,0.0,5.39e-08,0.0,-6.33e-09,53.8209,-0.0337676,53.8209,0.0,1.43754,1.455,0.0708502,4476.41,22.7303,0.0,-7.33e-18,0.0,1.83e-15,13.4728,-0.00637775,13.4728,0.0,1.08434,999.0,4.0,2.0,45.41120716969441,gaze,0.531385154661948,0.4043109025397598,-16.83156255075362,35.85089705960504,263.1314866822287,28.42578050011812,0.2021037251785485,-34.36169025751452,-0.0501154085004964,0.1429395792025751,0.9884617961905352,5.276469707489014,-29.91232041534709,-1.704934037976215,-33.66922104706882,-0.0571781858964273,0.1011629952724967,0.9932254041480668,5.122965812683105,-0.7432699576144852,-0.7514151563988333,-34.015455652291664,-0.0536467971984618,0.1220512872375359,0.9908436001693012,5.19971776008606,9.63599110250017,True,0.0,imu,-0.3995660704000001,-9.648802816800002,2.269989876,4.74046841,2.29490136,-3.87770441,73.4385044,-2.850411600000013,0.4211631999999965
230.672,0.386206,0.0296261,4521.13,7.44849,0.00986687,-0.544322,-179.931,17978.7,-8.08e-05,-0.544221,-0.685225,0.17033,0.00986687,0.203478,0.0422909,-0.0033774,64.7204,-0.000170473,0.386335,0.0296291,64.7234,-179.931,0.331066,0.100339,0.0,0.259919,0.486,6.0,-1.0,-0.125963,0.0,0.0,1779.95,-3.30369,0.0,0.0,0.0,0.0,0.0,0.0,0.0,0.0,0.0,0.0,0.0,1256.09,-0.0966621,0.0,0.0,0.0,0.0,0.0,0.0,0.0,0.0,0.0,0.0254793,0.375119,5720.62,-200.082,0.0,5.31e-08,0.0,-6.35e-09,53.8223,-0.0337695,53.8223,0.0,1.43758,1.455,0.0730265,4476.41,22.6713,0.0,-1.58e-17,0.0,2.66e-15,13.5549,-0.00657389,13.5549,0.0,1.11124,999.0,4.0,2.0,45.12120953609409,gaze,0.531385154661948,0.4043109025397598,-16.83156255075362,35.85089705960504,263.1314866822287,28.42578050011812,0.2021037251785485,-34.36169025751452,-0.0501154085004964,0.1429395792025751,0.9884617961905352,5.276469707489014,-29.91232041534709,-1.704934037976215,-33.66922104706882,-0.0571781858964273,0.1011629952724967,0.9932254041480668,5.122965812683105,-0.7432699576144852,-0.7514151563988333,-34.015455652291664,-0.0536467971984618,0.1220512872375359,0.9908436001693012,5.19971776008606,9.63599110250017,True,0.0,imu,-0.3995660704000001,-9.648802816800002,2.269989876,4.74046841,2.29490136,-3.87770441,73.4385044,-2.850411600000013,0.4211631999999965
230.688,0.359786,0.0301915,4520.85,7.44814,0.0105401,-0.541722,-179.93,17984.9,-9.94e-05,-0.541621,-0.683537,0.155788,0.0105401,0.102127,0.0421027,-0.00336129,64.7428,-0.000205029,0.359785,0.0301923,64.7458,-179.93,-0.132585,0.104195,0.0,0.259919,0.504,0.0,-1.0,-0.125655,0.0,0.0,1779.95,-3.30369,0.0,0.0,0.0,0.0,0.0,0.0,0.0,0.0,0.0,0.0,0.0,1256.09,-0.0966621,0.0,0.0,0.0,0.0,0.0,0.0,0.0,0.0,0.0,0.0252782,0.375138,5720.66,-200.313,0.0,5.24e-08,0.0,-6.36e-09,53.8237,-0.0337714,53.8237,0.0,1.43761,1.455,0.0753338,4476.41,22.6112,0.0,-1.52e-17,0.0,2.55e-15,13.6371,-0.00678151,13.6371,0.0,1.13908,999.0,4.0,2.0,44.84121191916685,gaze,0.531385154661948,0.4043109025397598,-16.83156255075362,35.85089705960504,263.1314866822287,28.42578050011812,0.2021037251785485,-34.36169025751452,-0.0501154085004964,0.1429395792025751,0.9884617961905352,5.276469707489014,-29.91232041534709,-1.704934037976215,-33.66922104706882,-0.0571781858964273,0.1011629952724967,0.9932254041480668,5.122965812683105,-0.7432699576144852,-0.7514151563988333,-34.015455652291664,-0.0536467971984618,0.1220512872375359,0.9908436001693012,5.19971776008606,9.63599110250017,True,0.0,imu,-0.3995660704000001,-9.648802816800002,2.269989876,4.74046841,2.29490136,-3.87770441,73.4385044,-2.850411600000013,0.4211631999999965
230.704,0.379301,0.0330481,4520.56,7.44779,0.0112683,-0.539347,-179.928,17991.2,-6.04e-05,-0.539246,-0.808834,0.14154,0.0112683,0.201504,0.0488441,-0.00334587,64.7654,-0.000233702,0.379309,0.0330493,64.7683,-179.928,0.722949,0.109274,0.0,0.259919,0.531,0.0,-1.0,-0.125341,0.0,0.0,1779.95,-3.30369,0.0,0.0,0.0,0.0,0.0,0.0,0.0,0.0,0.0,0.0,0.0,1256.09,-0.0966621,0.0,0.0,0.0,0.0,0.0,0.0,0.0,0.0,0.0,0.0250771,0.375157,5720.7,-200.544,0.0,5.18e-08,0.0,-6.37e-09,53.8251,-0.0337733,53.8251,0.0,1.43765,1.455,0.077641,4476.41,22.551,0.0,-1.45e-17,0.0,2.44e-15,13.7192,-0.00698914,13.7192,0.0,1.16692,999.0,4.0,2.0,44.55121438304611,gaze,0.531385154661948,0.4043109025397598,-16.83156255075362,35.85089705960504,263.1314866822287,28.42578050011812,0.2021037251785485,-34.36169025751452,-0.0501154085004964,0.1429395792025751,0.9884617961905352,5.276469707489014,-29.91232041534709,-1.704934037976215,-33.66922104706882,-0.0571781858964273,0.1011629952724967,0.9932254041480668,5.122965812683105,-0.7432699576144852,-0.7514151563988333,-34.015455652291664,-0.0536467971984618,0.1220512872375359,0.9908436001693012,5.19971776008606,9.63599110250017,True,0.0,imu,-0.3995660704000001,-9.648802816800002,2.269989876,4.74046841,2.29490136,-3.87770441,73.4385044,-2.850411600000013,0.4211631999999965
230.72,0.385885,0.0358643,4520.27,7.44742,0.0120795,-0.537188,-179.926,17997.4,-0.000111851,-0.537088,-0.538349,0.129691,0.0120795,-0.0953141,0.0512307,-0.00333158,64.7878,-0.000283829,0.385933,0.0358667,64.7906,-179.926,0.111301,0.113599,0.0,0.259919,0.549,0.0,-1.0,-0.125018,0.0,0.0,1779.95,-3.30369,0.0,0.0,0.0,0.0,0.0,0.0,0.0,0.0,0.0,0.0,0.0,1256.09,-0.0966621,0.0,0.0,0.0,0.0,0.0,0.0,0.0,0.0,0.0,0.024876,0.375175,5720.74,-200.775,0.0,5.12e-08,0.0,-6.38e-09,53.8265,-0.0337752,53.8265,0.0,1.43768,1.455,0.0799482,4476.42,22.4909,0.0,-1.38e-17,0.0,2.32e-15,13.8014,-0.00719676,13.8014,0.0,1.19476,999.0,4.0,2.0,44.26121694459425,gaze,0.531385154661948,0.4043109025397598,-16.83156255075362,35.85089705960504,263.1314866822287,28.42578050011812,0.2021037251785485,-34.36169025751452,-0.0501154085004964,0.1429395792025751,0.9884617961905352,5.276469707489014,-29.91232041534709,-1.704934037976215,-33.66922104706882,-0.0571781858964273,0.1011629952724967,0.9932254041480668,5.122965812683105,-0.7432699576144852,-0.7514151563988333,-34.015455652291664,-0.0536467971984618,0.1220512872375359,0.9908436001693012,5.19971776008606,9.63599110250017,True,0.0,imu,-0.3995660704000001,-9.648802816800002,2.269989876,4.74046841,2.29490136,-3.87770441,73.4385044,-2.850411600000013,0.4211631999999965
230.736,0.393782,0.035908,4519.98,7.44704,0.0129018,-0.535209,-179.924,18003.7,-0.000109068,-0.535109,-0.719014,0.118732,0.0129018,-0.72011,0.050978,-0.00331823,64.8104,-0.000356907,0.3938,0.0359101,64.8132,-179.924,0.161723,0.118271,0.0,0.259919,0.567,0.0,-1.0,-0.124689,0.0,0.0,1779.95,-3.30369,0.0,0.0,0.0,0.0,0.0,0.0,0.0,0.0,0.0,0.0,0.0,1256.09,-0.0966621,0.0,0.0,0.0,0.0,0.0,0.0,0.0,0.0,0.0,0.0246688,0.375195,5720.78,-201.018,0.0,5.15e-08,0.0,-6.39e-09,53.828,-0.0337741,53.828,0.0,1.43772,1.455,0.0824831,4476.42,22.4266,0.0,-1.32e-17,0.0,2.22e-15,13.8878,-0.00742452,13.8878,0.0,1.22472,999.0,4.0,2.0,43.97121957464405,gaze,0.531385154661948,0.4043109025397598,-16.83156255075362,35.85089705960504,263.1314866822287,28.42578050011812,0.2021037251785485,-34.36169025751452,-0.0501154085004964,0.1429395792025751,0.9884617961905352,5.276469707489014,-29.91232041534709,-1.704934037976215,-33.66922104706882,-0.0571781858964273,0.1011629952724967,0.9932254041480668,5.122965812683105,-0.7432699576144852,-0.7514151563988333,-34.015455652291664,-0.0536467971984618,0.1220512872375359,0.9908436001693012,5.19971776008606,9.63599110250017,True,0.0,imu,-0.3995660704000001,-9.648802816800002,2.269989876,4.74046841,2.29490136,-3.87770441,73.4385044,-2.850411600000013,0.4211631999999965
230.752,0.388437,0.0351806,4519.69,7.44666,0.0137087,-0.533394,-179.922,18009.9,-0.000112424,-0.533294,-0.461506,0.108811,0.0137087,-0.486425,0.050444,-0.00330553,64.8329,-0.00043938,0.388437,0.0351828,64.8358,-179.922,-0.643168,0.122099,0.0,0.26321,0.585,6.0,-1.0,-0.124352,0.0,0.0,1779.95,-3.30369,0.0,0.0,0.0,0.0,0.0,0.0,0.0,0.0,0.0,0.0,0.0,1256.09,-0.0966621,0.0,0.0,0.0,0.0,0.0,0.0,0.0,0.0,0.0,0.0244604,0.375215,5720.83,-201.263,0.0,5.19e-08,0.0,-6.4e-09,53.8294,-0.0337724,53.8294,0.0,1.43776,1.455,0.0850672,4476.42,22.3614,0.0,-1.26e-17,0.0,2.11e-15,13.9751,-0.00765663,13.9751,0.0,1.25514,999.0,4.0,2.0,43.68122224292223,gaze,0.531385154661948,0.4043109025397598,-16.83156255075362,35.85089705960504,263.1314866822287,28.42578050011812,0.2021037251785485,-34.36169025751452,-0.0501154085004964,0.1429395792025751,0.9884617961905352,5.276469707489014,-29.91232041534709,-1.704934037976215,-33.66922104706882,-0.0571781858964273,0.1011629952724967,0.9932254041480668,5.122965812683105,-0.7432699576144852,-0.7514151563988333,-34.015455652291664,-0.0536467971984618,0.1220512872375359,0.9908436001693012,5.19971776008606,9.63599110250017,True,0.0,imu,-0.3995660704000001,-9.648802816800002,2.269989876,4.74046841,2.29490136,-3.87770441,73.4385044,-2.850411600000013,0.4211631999999965
230.768,0.379932,0.0370988,4519.41,7.44627,0.0145083,-0.531714,-179.92,18016.2,-8.13e-05,-0.531615,-0.322999,0.101228,0.0145083,-0.121366,0.0493401,-0.00329421,64.8555,-0.000534495,0.379946,0.0371018,64.8584,-179.92,0.325093,0.126703,0.0,0.269792,0.594,0.0,-1.0,-0.124008,0.0,0.0,1779.95,-3.30369,0.0,0.0,0.0,0.0,0.0,0.0,0.0,0.0,0.0,0.0,0.0,1256.09,-0.0966621,0.0,0.0,0.0,0.0,0.0,0.0,0.0,0.0,0.0,0.0242519,0.375235,5720.87,-201.509,0.0,5.23e-08,0.0,-6.42e-09,53.8309,-0.0337706,53.8309,0.0,1.43779,1.455,0.0876512,4476.42,22.2963,0.0,-1.19e-17,0.0,2.01e-15,14.0624,-0.00788873,14.0624,0.0,1.28556,999.0,4.0,2.0,43.401224930557966,gaze,0.531385154661948,0.4043109025397598,-16.83156255075362,35.85089705960504,263.1314866822287,28.42578050011812,0.2021037251785485,-34.36169025751452,-0.0501154085004964,0.1429395792025751,0.9884617961905352,5.276469707489014,-29.91232041534709,-1.704934037976215,-33.66922104706882,-0.0571781858964273,0.1011629952724967,0.9932254041480668,5.122965812683105,-0.7432699576144852,-0.7514151563988333,-34.015455652291664,-0.0536467971984618,0.1220512872375359,0.9908436001693012,5.19971776008606,9.63599110250017,True,0.0,imu,-0.3995660704000001,-9.648802816800002,2.269989876,4.74046841,2.29490136,-3.87770441,73.4385044,-2.850411600000013,0.4211631999999965
230.784,0.423661,0.0421055,4519.12,7.44586,0.0153026,-0.530191,-179.918,18022.7,-9.72e-05,-0.530092,-0.908761,0.0905359,0.0153026,0.203473,0.0498835,-0.00328293,64.8787,-0.000639999,0.423691,0.04211,64.8816,-179.918,0.830846,0.131122,0.0,0.26321,0.603,0.0,-1.0,-0.123655,0.0,0.0,1779.95,-3.30369,0.0,0.0,0.0,0.0,0.0,0.0,0.0,0.0,0.0,0.0,0.0,1256.09,-0.0966621,0.0,0.0,0.0,0.0,0.0,0.0,0.0,0.0,0.0,0.0240609,0.375254,5720.91,-201.739,0.0,5.29e-08,0.0,-6.43e-09,53.8322,-0.0337675,53.8322,0.0,1.43783,1.455,0.0902016,4476.43,22.2344,0.0,-1.14e-17,0.0,1.92e-15,14.1441,-0.00811713,14.1441,0.0,1.31509,999.0,4.0,2.0,43.111227774439335,gaze,0.531385154661948,0.4043109025397598,-16.83156255075362,35.85089705960504,263.1314866822287,28.42578050011812,0.2021037251785485,-34.36169025751452,-0.0501154085004964,0.1429395792025751,0.9884617961905352,5.276469707489014,-29.91232041534709,-1.704934037976215,-33.66922104706882,-0.0571781858964273,0.1011629952724967,0.9932254041480668,5.122965812683105,-0.7432699576144852,-0.7514151563988333,-34.015455652291664,-0.0536467971984618,0.1220512872375359,0.9908436001693012,5.19971776008606,9.63599110250017,True,0.0,imu,-0.3995660704000001,-9.648802816800002,2.269989876,4.74046841,2.29490136,-3.87770441,73.4385044,-2.850411600000013,0.4211631999999965
230.8,0.438648,0.0402964,4518.83,7.44545,0.0160839,-0.528807,-179.916,18029.0,-0.000101217,-0.528709,-1.09404,0.0826722,0.0160839,-0.141578,0.0484628,-0.00327242,64.9016,-0.000777735,0.438674,0.0403019,64.9044,-179.916,0.346481,0.134592,0.0,0.26321,0.612,0.0,-1.0,-0.123295,0.0,0.0,1779.95,-3.30369,0.0,0.0,0.0,0.0,0.0,0.0,0.0,0.0,0.0,0.0,0.0,1256.09,-0.0966621,0.0,0.0,0.0,0.0,0.0,0.0,0.0,0.0,0.0,0.0238737,0.375274,5720.95,-201.965,0.0,5.35e-08,0.0,-6.44e-09,53.8335,-0.0337642,53.8335,0.0,1.43787,1.455,0.0927447,4476.43,22.1733,0.0,-1.09e-17,0.0,1.84e-15,14.2245,-0.00834475,14.2245,0.0,1.34442,999.0,4.0,2.0,42.82123066076561,gaze,0.531385154661948,0.4043109025397598,-16.83156255075362,35.85089705960504,263.1314866822287,28.42578050011812,0.2021037251785485,-34.36169025751452,-0.0501154085004964,0.1429395792025751,0.9884617961905352,5.276469707489014,-29.91232041534709,-1.704934037976215,-33.66922104706882,-0.0571781858964273,0.1011629952724967,0.9932254041480668,5.122965812683105,-0.7432699576144852,-0.7514151563988333,-34.015455652291664,-0.0536467971984618,0.1220512872375359,0.9908436001693012,5.19971776008606,9.63599110250017,True,0.0,imu,-0.3995660704000001,-9.648802816800002,2.269989876,4.74046841,2.29490136,-3.87770441,73.4385044,-2.850411600000013,0.4211631999999965
230.816,0.393632,0.0419185,4518.54,7.44503,0.0168462,-0.527524,-179.914,18035.3,-6.47e-05,-0.527426,-0.248336,0.0779395,0.0168462,0.134646,0.046933,-0.00326303,64.9241,-0.00093728,0.393643,0.0419241,64.9269,-179.914,0.799578,0.138072,0.0,0.26321,0.612,0.0,-1.0,-0.122925,0.0,0.0,1779.95,-3.30369,0.0,0.0,0.0,0.0,0.0,0.0,0.0,0.0,0.0,0.0,0.0,1256.09,-0.0966621,0.0,0.0,0.0,0.0,0.0,0.0,0.0,0.0,0.0,0.0236864,0.375293,5720.99,-202.191,0.0,5.41e-08,0.0,-6.45e-09,53.8348,-0.0337608,53.8348,0.0,1.43791,1.455,0.0952878,4476.43,22.1121,0.0,-1.04e-17,0.0,1.76e-15,14.305,-0.00857236,14.305,0.0,1.37376,999.0,4.0,2.0,42.53123362354889,gaze,0.531385154661948,0.4043109025397598,-16.83156255075362,35.85089705960504,263.1314866822287,28.42578050011812,0.2021037251785485,-34.36169025751452,-0.0501154085004964,0.1429395792025751,0.9884617961905352,5.276469707489014,-29.91232041534709,-1.704934037976215,-33.66922104706882,-0.0571781858964273,0.1011629952724967,0.9932254041480668,5.122965812683105,-0.7432699576144852,-0.7514151563988333,-34.015455652291664,-0.0536467971984618,0.1220512872375359,0.9908436001693012,5.19971776008606,9.63599110250017,True,0.0,imu,-0.3995660704000001,-9.648802816800002,2.269989876,4.74046841,2.29490136,-3.87770441,73.4385044,-2.850411600000013,0.4211631999999965
230.832,0.391073,0.0409885,4518.25,7.44459,0.0175689,-0.52632,-179.912,18041.6,-7.4e-05,-0.526223,-0.200688,0.0728903,0.0175689,-0.172351,0.04396,-0.00325416,64.9469,-0.00112279,0.391096,0.0409955,64.9497,-179.912,0.165482,0.140687,0.0,0.26321,0.612,0.0,-1.0,-0.122547,0.0,0.0,1779.95,-3.30369,0.0,0.0,0.0,0.0,0.0,0.0,0.0,0.0,0.0,0.0,0.0,1256.09,-0.0966621,0.0,0.0,0.0,0.0,0.0,0.0,0.0,0.0,0.0,0.0234952,0.375313,5721.03,-202.425,0.0,5.39e-08,0.0,-6.46e-09,53.8362,-0.0337673,53.8362,0.0,1.43795,1.455,0.0980768,4476.43,22.0481,0.0,-9.97e-18,0.0,1.68e-15,14.3884,-0.00882462,14.3884,0.0,1.40569,999.0,4.0,2.0,42.24123669813774,gaze,0.531385154661948,0.4043109025397598,-16.83156255075362,35.85089705960504,263.1314866822287,28.42578050011812,0.2021037251785485,-34.36169025751452,-0.0501154085004964,0.1429395792025751,0.9884617961905352,5.276469707489014,-29.91232041534709,-1.704934037976215,-33.66922104706882,-0.0571781858964273,0.1011629952724967,0.9932254041480668,5.122965812683105,-0.7432699576144852,-0.7514151563988333,-34.015455652291664,-0.0536467971984618,0.1220512872375359,0.9908436001693012,5.19971776008606,9.63599110250017,True,0.0,imu,-0.3995660704000001,-9.648802816800002,2.269989876,4.74046841,2.29490136,-3.87770441,73.4385044,-2.850411600000013,0.4211631999999965
230.848,0.435578,0.0402659,4517.96,7.44414,0.0182412,-0.525208,-179.91,18047.9,-9.87e-05,-0.525111,-0.871507,0.0665022,0.0182412,-0.162206,0.0413085,-0.00324512,64.9698,-0.00131885,0.435593,0.0402747,64.9726,-179.91,0.37879,0.143169,0.0,0.266501,0.612,0.0,-1.0,-0.12216,0.0,0.0,1779.95,-3.30369,0.0,0.0,0.0,0.0,0.0,0.0,0.0,0.0,0.0,0.0,0.0,1256.09,-0.0966621,0.0,0.0,0.0,0.0,0.0,0.0,0.0,0.0,0.0,0.0233012,0.375334,5721.08,-202.666,0.0,5.31e-08,0.0,-6.47e-09,53.8375,-0.0337812,53.8375,0.0,1.438,1.455,0.101051,4476.44,21.9818,0.0,-9.52e-18,0.0,1.6e-15,14.474,-0.00909546,14.474,0.0,1.43958,999.0,4.0,2.0,41.951239853663466,gaze,0.531385154661948,0.4043109025397598,-16.83156255075362,35.85089705960504,263.1314866822287,28.42578050011812,0.2021037251785485,-34.36169025751452,-0.0501154085004964,0.1429395792025751,0.9884617961905352,5.276469707489014,-29.91232041534709,-1.704934037976215,-33.66922104706882,-0.0571781858964273,0.1011629952724967,0.9932254041480668,5.122965812683105,-0.7432699576144852,-0.7514151563988333,-34.015455652291664,-0.0536467971984618,0.1220512872375359,0.9908436001693012,5.19971776008606,9.63599110250017,True,0.0,imu,-0.3995660704000001,-9.648802816800002,2.269989876,4.74046841,2.29490136,-3.87770441,73.4385044,-2.850411600000013,0.4211631999999965
230.864,0.393139,0.044493,4517.67,7.44369,0.0188745,-0.524194,-179.907,18054.4,-5.85e-05,-0.524097,-0.267303,0.0605279,0.0188745,-0.205253,0.0373356,-0.00323707,64.993,-0.00151664,0.393124,0.0445011,64.9957,-179.907,0.263853,0.145153,0.0,0.269792,0.612,0.0,-1.0,-0.121764,0.0,0.0,1779.95,-3.30369,0.0,0.0,0.0,0.0,0.0,0.0,0.0,0.0,0.0,0.0,0.0,1256.09,-0.0966621,0.0,0.0,0.0,0.0,0.0,0.0,0.0,0.0,0.0,0.0231071,0.375355,5721.12,-202.907,0.0,5.24e-08,0.0,-6.48e-09,53.8389,-0.033795,53.8389,0.0,1.43804,1.455,0.104025,4476.44,21.9156,0.0,-9.06e-18,0.0,1.52e-15,14.5597,-0.00936631,14.5597,0.0,1.47346,999.0,4.0,2.0,41.661243057980215,gaze,0.531385154661948,0.4043109025397598,-16.83156255075362,35.85089705960504,263.1314866822287,28.42578050011812,0.2021037251785485,-34.36169025751452,-0.0501154085004964,0.1429395792025751,0.9884617961905352,5.276469707489014,-29.91232041534709,-1.704934037976215,-33.66922104706882,-0.0571781858964273,0.1011629952724967,0.9932254041480668,5.122965812683105,-0.7432699576144852,-0.7514151563988333,-34.015455652291664,-0.0536467971984618,0.1220512872375359,0.9908436001693012,5.19971776008606,9.63599110250017,True,0.0,imu,-0.3995660704000001,-9.648802816800002,2.269989876,4.74046841,2.29490136,-3.87770441,73.4385044,-2.850411600000013,0.4211631999999965
230.88,0.391213,0.0427312,4517.39,7.44322,0.0194467,-0.523282,-179.905,18060.9,-4.25e-05,-0.523185,-0.361647,0.0538323,0.0194467,-0.123656,0.0352138,-0.00322986,65.0167,-0.00172427,0.391148,0.0427386,65.0194,-179.905,-0.657502,0.146278,0.0,0.273083,0.603,0.0,-1.0,-0.121358,0.0,0.0,1779.95,-3.30369,0.0,0.0,0.0,0.0,0.0,0.0,0.0,0.0,0.0,0.0,0.0,1256.09,-0.0966621,0.0,0.0,0.0,0.0,0.0,0.0,0.0,0.0,0.0,0.0229193,0.375374,5721.16,-203.142,0.0,5.17e-08,0.0,-6.49e-09,53.8402,-0.0337993,53.8402,0.0,1.43808,1.455,0.107081,4476.44,21.8501,0.0,-8.65e-18,0.0,1.45e-15,14.6435,-0.00964185,14.6435,0.0,1.50805,999.0,4.0,2.0,41.38124632159386,gaze,0.531385154661948,0.4043109025397598,-16.83156255075362,35.85089705960504,263.1314866822287,28.42578050011812,0.2021037251785485,-34.36169025751452,-0.0501154085004964,0.1429395792025751,0.9884617961905352,5.276469707489014,-29.91232041534709,-1.704934037976215,-33.66922104706882,-0.0571781858964273,0.1011629952724967,0.9932254041480668,5.122965812683105,-0.7432699576144852,-0.7514151563988333,-34.015455652291664,-0.0536467971984618,0.1220512872375359,0.9908436001693012,5.19971776008606,9.63599110250017,True,0.0,imu,-0.3995660704000001,-9.648802816800002,2.269989876,4.74046841,2.29490136,-3.87770441,73.4385044,-2.850411600000013,0.4211631999999965
230.896,0.457025,0.0450268,4517.1,7.44274,0.0199674,-0.522504,-179.903,18067.7,-1.42e-06,-0.522407,-1.01004,0.0433099,0.0199674,-0.167967,0.0303817,-0.00322267,65.0411,-0.00193136,0.457046,0.0450405,65.0439,-179.903,0.420701,0.147859,0.0,0.279665,0.603,0.0,-1.0,-0.120942,0.0,0.0,1779.95,-3.30369,0.0,0.0,0.0,0.0,0.0,0.0,0.0,0.0,0.0,0.0,0.0,1256.09,-0.0966621,0.0,0.0,0.0,0.0,0.0,0.0,0.0,0.0,0.0,0.0227376,0.375392,5721.2,-203.373,0.0,5.09e-08,0.0,-6.51e-09,53.8414,-0.0337942,53.8414,0.0,1.43811,1.455,0.110216,4476.44,21.7854,0.0,-8.27e-18,0.0,1.39e-15,14.7257,-0.0099219,14.7257,0.0,1.5433,999.0,4.0,2.0,41.09124973066199,gaze,0.531385154661948,0.4043109025397598,-16.83156255075362,35.85089705960504,263.1314866822287,28.42578050011812,0.2021037251785485,-34.36169025751452,-0.0501154085004964,0.1429395792025751,0.9884617961905352,5.276469707489014,-29.91232041534709,-1.704934037976215,-33.66922104706882,-0.0571781858964273,0.1011629952724967,0.9932254041480668,5.122965812683105,-0.7432699576144852,-0.7514151563988333,-34.015455652291664,-0.0536467971984618,0.1220512872375359,0.9908436001693012,5.19971776008606,9.63599110250017,True,0.0,imu,-0.3995660704000001,-9.648802816800002,2.269989876,4.74046841,2.29490136,-3.87770441,73.4385044,-2.850411600000013,0.4211631999999965
230.912,0.4294,0.0439622,4516.81,7.44225,0.0204222,-0.521892,-179.9,18074.7,-3.98e-06,-0.521795,-0.614105,0.0334007,0.0204222,-0.245676,0.0270281,-0.00321687,65.0661,-0.00212018,0.42938,0.0439748,65.0688,-179.9,0.0235692,0.148539,0.0,0.282956,0.603,0.0,-1.0,-0.120515,0.0,0.0,1779.95,-3.30369,0.0,0.0,0.0,0.0,0.0,0.0,0.0,0.0,0.0,0.0,0.0,1256.09,-0.0966621,0.0,0.0,0.0,0.0,0.0,0.0,0.0,0.0,0.0,0.0225558,0.37541,5721.24,-203.604,0.0,5.02e-08,0.0,-6.52e-09,53.8427,-0.0337891,53.8427,0.0,1.43815,1.455,0.11335,4476.45,21.7206,0.0,-7.9e-18,0.0,1.33e-15,14.8079,-0.010202,14.8079,0.0,1.57856,999.0,4.0,2.0,40.801253229068,gaze,0.531385154661948,0.4043109025397598,-16.83156255075362,35.85089705960504,263.1314866822287,28.42578050011812,0.2021037251785485,-34.36169025751452,-0.0501154085004964,0.1429395792025751,0.9884617961905352,5.276469707489014,-29.91232041534709,-1.704934037976215,-33.66922104706882,-0.0571781858964273,0.1011629952724967,0.9932254041480668,5.122965812683105,-0.7432699576144852,-0.7514151563988333,-34.015455652291664,-0.0536467971984618,0.1220512872375359,0.9908436001693012,5.19971776008606,9.63599110250017,True,0.0,imu,-0.3995660704000001,-9.648802816800002,2.269989876,4.74046841,2.29490136,-3.87770441,73.4385044,-2.850411600000013,0.4211631999999965
230.928,0.477925,0.0460285,4516.52,7.44175,0.020821,-0.521444,-179.898,18081.8,-1.77e-05,-0.521347,-1.16517,0.0231809,0.020821,-0.0396663,0.0230745,-0.00321217,65.0916,-0.00227485,0.477939,0.0460451,65.0944,-179.898,0.54045,0.14942,0.0,0.289538,0.603,0.0,-1.0,-0.120078,0.0,0.0,1779.95,-3.30369,0.0,0.0,0.0,0.0,0.0,0.0,0.0,0.0,0.0,0.0,0.0,1256.09,-0.0966621,0.0,0.0,0.0,0.0,0.0,0.0,0.0,0.0,0.0,0.022372,0.375427,5721.29,-203.84,0.0,4.98e-08,0.0,-6.53e-09,53.844,-0.0337876,53.844,0.0,1.43818,1.455,0.116615,4476.45,21.6542,0.0,-7.53e-18,0.0,1.27e-15,14.8917,-0.0104949,14.8917,0.0,1.61503,999.0,4.0,2.0,40.51125681909331,gaze,0.531385154661948,0.4043109025397598,-16.83156255075362,35.85089705960504,263.1314866822287,28.42578050011812,0.2021037251785485,-34.36169025751452,-0.0501154085004964,0.1429395792025751,0.9884617961905352,5.276469707489014,-29.91232041534709,-1.704934037976215,-33.66922104706882,-0.0571781858964273,0.1011629952724967,0.9932254041480668,5.122965812683105,-0.7432699576144852,-0.7514151563988333,-34.015455652291664,-0.0536467971984618,0.1220512872375359,0.9908436001693012,5.19971776008606,9.63599110250017,True,0.0,imu,-0.3995660704000001,-9.648802816800002,2.269989876,4.74046841,2.29490136,-3.87770441,73.4385044,-2.850411600000013,0.4211631999999965
230.944,0.466635,0.0437952,4516.23,7.44124,0.0211771,-0.521178,-179.895,18089.0,-7.27e-05,-0.521081,-0.709846,0.0113599,0.0211771,0.0213898,0.0219736,-0.00320764,65.1176,-0.00241284,0.466658,0.0438127,65.1203,-179.895,-0.239635,0.149612,0.0,0.29612,0.612,0.0,-1.0,-0.11963,0.0,0.0,1779.95,-3.30369,0.0,0.0,0.0,0.0,0.0,0.0,0.0,0.0,0.0,0.0,0.0,1256.09,-0.0966621,0.0,0.0,0.0,0.0,0.0,0.0,0.0,0.0,0.0,0.0221839,0.375445,5721.33,-204.085,0.0,4.98e-08,0.0,-6.54e-09,53.8453,-0.0337933,53.8453,0.0,1.43822,1.455,0.120153,4476.45,21.5843,0.0,-7.18e-18,0.0,1.21e-15,14.979,-0.0108148,14.979,0.0,1.65403,999.0,4.0,2.0,40.22126050309169,gaze,0.531385154661948,0.4043109025397598,-16.83156255075362,35.85089705960504,263.1314866822287,28.42578050011812,0.2021037251785485,-34.36169025751452,-0.0501154085004964,0.1429395792025751,0.9884617961905352,5.276469707489014,-29.91232041534709,-1.704934037976215,-33.66922104706882,-0.0571781858964273,0.1011629952724967,0.9932254041480668,5.122965812683105,-0.7432699576144852,-0.7514151563988333,-34.015455652291664,-0.0536467971984618,0.1220512872375359,0.9908436001693012,5.19971776008606,9.63599110250017,True,0.0,imu,-0.3995660704000001,-9.648802816800002,2.269989876,4.74046841,2.29490136,-3.87770441,73.4385044,-2.850411600000013,0.4211631999999965
230.96,0.469968,0.0461077,4515.94,7.44071,0.021546,-0.521094,-179.893,18096.4,-3.47e-05,-0.520998,-0.775726,-0.000518041,0.021546,0.557752,0.0254508,-0.00320392,65.1442,-0.00252471,0.469963,0.046125,65.147,-179.893,0.468441,0.150691,0.0,0.292829,0.612,0.0,-1.0,-0.119171,0.0,0.0,1779.95,-3.30369,0.0,0.0,0.0,0.0,0.0,0.0,0.0,0.0,0.0,0.0,0.0,1256.09,-0.0966621,0.0,0.0,0.0,0.0,0.0,0.0,0.0,0.0,0.0,0.0219958,0.375463,5721.38,-204.331,0.0,4.98e-08,0.0,-6.55e-09,53.8466,-0.033799,53.8466,0.0,1.43825,1.455,0.123691,4476.46,21.5143,0.0,-6.84e-18,0.0,1.15e-15,15.0663,-0.0111347,15.0663,0.0,1.69303,999.0,4.0,2.0,39.93126431987932,gaze,0.531385154661948,0.4043109025397598,-16.83156255075362,35.85089705960504,263.1314866822287,28.42578050011812,0.2021037251785485,-34.36169025751452,-0.0501154085004964,0.1429395792025751,0.9884617961905352,5.276469707489014,-29.91232041534709,-1.704934037976215,-33.66922104706882,-0.0571781858964273,0.1011629952724967,0.9932254041480668,5.122965812683105,-0.7432699576144852,-0.7514151563988333,-34.015455652291664,-0.0536467971984618,0.1220512872375359,0.9908436001693012,5.19971776008606,9.63599110250017,True,0.0,imu,-0.3995660704000001,-9.648802816800002,2.269989876,4.74046841,2.29490136,-3.87770441,73.4385044,-2.850411600000013,0.4211631999999965
230.976,0.48424,0.048223,4515.65,7.44018,0.0219609,-0.521181,-179.891,18103.8,-2.35e-05,-0.521085,-0.848736,-0.00978593,0.0219609,-0.0201522,0.0261248,-0.0032017,65.171,-0.0026314,0.484268,0.048243,65.1737,-179.891,0.681467,0.151883,0.0,0.299411,0.621,0.0,-1.0,-0.1187,0.0,0.0,1779.95,-3.30369,0.0,0.0,0.0,0.0,0.0,0.0,0.0,0.0,0.0,0.0,0.0,1256.09,-0.0966621,0.0,0.0,0.0,0.0,0.0,0.0,0.0,0.0,0.0,0.0218116,0.375481,5721.42,-204.573,0.0,4.98e-08,0.0,-6.56e-09,53.8479,-0.0338008,53.8479,0.0,1.43828,1.455,0.127252,4476.46,21.4449,0.0,-6.51e-18,0.0,1.09e-15,15.1525,-0.0114552,15.1525,0.0,1.73203,999.0,4.0,2.0,39.64126819959687,gaze,0.531385154661948,0.4043109025397598,-16.83156255075362,35.85089705960504,263.1314866822287,28.42578050011812,0.2021037251785485,-34.36169025751452,-0.0501154085004964,0.1429395792025751,0.9884617961905352,5.276469707489014,-29.91232041534709,-1.704934037976215,-33.66922104706882,-0.0571781858964273,0.1011629952724967,0.9932254041480668,5.122965812683105,-0.7432699576144852,-0.7514151563988333,-34.015455652291664,-0.0536467971984618,0.1220512872375359,0.9908436001693012,5.19971776008606,9.63599110250017,True,0.0,imu,-0.3995660704000001,-9.648802816800002,2.269989876,4.74046841,2.29490136,-3.87770441,73.4385044,-2.850411600000013,0.4211631999999965
230.992,0.437672,0.046202,4515.36,7.43963,0.0223856,-0.521435,-179.888,18111.3,-6.91e-05,-0.521339,0.0831322,-0.0204116,0.0223856,-0.566382,0.0267763,-0.00319952,65.1981,-0.00269877,0.437672,0.0462194,65.2008,-179.888,-0.499192,0.152766,0.0,0.299411,0.639,0.0,-1.0,-0.118216,0.0,0.0,1779.95,-3.30369,0.0,0.0,0.0,0.0,0.0,0.0,0.0,0.0,0.0,0.0,0.0,1256.09,-0.0966621,0.0,0.0,0.0,0.0,0.0,0.0,0.0,0.0,0.0,0.0216355,0.3755,5721.46,-204.808,0.0,4.97e-08,0.0,-6.58e-09,53.8491,-0.0337945,53.8491,0.0,1.43832,1.455,0.130858,4476.46,21.3766,0.0,-6.23e-18,0.0,1.05e-15,15.2363,-0.0117769,15.2363,0.0,1.77102,999.0,4.0,2.0,39.35127221802203,gaze,0.531385154661948,0.4043109025397598,-16.83156255075362,35.85089705960504,263.1314866822287,28.42578050011812,0.2021037251785485,-34.36169025751452,-0.0501154085004964,0.1429395792025751,0.9884617961905352,5.276469707489014,-29.91232041534709,-1.704934037976215,-33.66922104706882,-0.0571781858964273,0.1011629952724967,0.9932254041480668,5.122965812683105,-0.7432699576144852,-0.7514151563988333,-34.015455652291664,-0.0536467971984618,0.1220512872375359,0.9908436001693012,5.19971776008606,9.63599110250017,True,0.0,imu,-0.3995660704000001,-9.648802816800002,2.269989876,4.74046841,2.29490136,-3.87770441,73.4385044,-2.850411600000013,0.4211631999999965
231.008,0.475923,0.0490514,4515.07,7.43907,0.0228222,-0.521819,-179.886,18118.9,-8.06e-05,-0.521723,-0.350385,-0.0268883,0.0228222,0.582073,0.0284127,-0.00319936,65.2254,-0.00271002,0.475965,0.0490722,65.2282,-179.886,0.259249,0.154458,0.0,0.299411,0.666,0.0,-1.0,-0.117721,0.0,0.0,1779.95,-3.30369,0.0,0.0,0.0,0.0,0.0,0.0,0.0,0.0,0.0,0.0,0.0,1256.09,-0.0966621,0.0,0.0,0.0,0.0,0.0,0.0,0.0,0.0,0.0,0.0214594,0.375518,5721.51,-205.043,0.0,4.96e-08,0.0,-6.59e-09,53.8503,-0.0337881,53.8503,0.0,1.43836,1.455,0.134465,4476.47,21.3083,0.0,-5.94e-18,0.0,9.98e-16,15.32,-0.0120986,15.32,0.0,1.81,999.0,4.0,2.0,39.061276341472464,gaze,0.531385154661948,0.4043109025397598,-16.83156255075362,35.85089705960504,263.1314866822287,28.42578050011812,0.2021037251785485,-34.36169025751452,-0.0501154085004964,0.1429395792025751,0.9884617961905352,5.276469707489014,-29.91232041534709,-1.704934037976215,-33.66922104706882,-0.0571781858964273,0.1011629952724967,0.9932254041480668,5.122965812683105,-0.7432699576144852,-0.7514151563988333,-34.015455652291664,-0.0536467971984618,0.1220512872375359,0.9908436001693012,5.19971776008606,9.63599110250017,True,0.0,imu,-0.3995660704000001,-9.648802816800002,2.269989876,4.74046841,2.29490136,-3.87770441,73.4385044,-2.850411600000013,0.4211631999999965
231.024,0.465823,0.0513259,4514.78,7.43849,0.0233008,-0.522304,-179.883,18126.5,-7.86e-05,-0.522208,-0.058114,-0.0328199,0.0233008,0.229745,0.0312051,-0.00319905,65.2527,-0.00266769,0.465861,0.0513458,65.2555,-179.883,-0.170921,0.157217,0.0,0.302702,0.693,0.0,-1.0,-0.117214,0.0,0.0,1779.95,-3.30369,0.0,0.0,0.0,0.0,0.0,0.0,0.0,0.0,0.0,0.0,0.0,1256.09,-0.0966621,0.0,0.0,0.0,0.0,0.0,0.0,0.0,0.0,0.0,0.0212842,0.375536,5721.55,-205.279,0.0,4.93e-08,0.0,-6.6e-09,53.8516,-0.0337845,53.8516,0.0,1.43839,1.455,0.138114,4476.47,21.2398,0.0,-5.66e-18,0.0,9.51e-16,15.4038,-0.012425,15.4038,0.0,1.84928,999.0,4.0,2.0,38.771280610783016,gaze,0.531385154661948,0.4043109025397598,-16.83156255075362,35.85089705960504,263.1314866822287,28.42578050011812,0.2021037251785485,-34.36169025751452,-0.0501154085004964,0.1429395792025751,0.9884617961905352,5.276469707489014,-29.91232041534709,-1.704934037976215,-33.66922104706882,-0.0571781858964273,0.1011629952724967,0.9932254041480668,5.122965812683105,-0.7432699576144852,-0.7514151563988333,-34.015455652291664,-0.0536467971984618,0.1220512872375359,0.9908436001693012,5.19971776008606,9.63599110250017,True,0.0,imu,-0.3995660704000001,-9.648802816800002,2.269989876,4.74046841,2.29490136,-3.87770441,73.4385044,-2.850411600000013,0.4211631999999965
231.04,0.516602,0.0530701,4514.49,7.43791,0.0238347,-0.522866,-179.881,18134.2,-0.000110666,-0.52277,-0.731806,-0.0370592,0.0238347,0.27841,0.0348377,-0.00320059,65.2804,-0.00255305,0.516667,0.0530923,65.2832,-179.881,-0.174586,0.160971,0.0,0.302702,0.747,6.0,-1.0,-0.116695,0.0,0.0,1779.95,-3.30369,0.0,0.0,0.0,0.0,0.0,0.0,0.0,0.0,0.0,0.0,0.0,1256.09,-0.0966621,0.0,0.0,0.0,0.0,0.0,0.0,0.0,0.0,0.0,0.0211127,0.375553,5721.59,-205.514,0.0,4.82e-08,0.0,-6.61e-09,53.8528,-0.0337918,53.8528,0.0,1.43843,1.455,0.141933,4476.47,21.1704,0.0,-5.41e-18,0.0,9.09e-16,15.4876,-0.0127706,15.4876,0.0,1.88977,999.0,4.0,2.0,38.48128495318318,gaze,0.531385154661948,0.4043109025397598,-16.83156255075362,35.85089705960504,263.1314866822287,28.42578050011812,0.2021037251785485,-34.36169025751452,-0.0501154085004964,0.1429395792025751,0.9884617961905352,5.276469707489014,-29.91232041534709,-1.704934037976215,-33.66922104706882,-0.0571781858964273,0.1011629952724967,0.9932254041480668,5.122965812683105,-0.7432699576144852,-0.7514151563988333,-34.015455652291664,-0.0536467971984618,0.1220512872375359,0.9908436001693012,5.19971776008606,9.63599110250017,True,0.0,imu,-0.3995660704000001,-9.648802816800002,2.269989876,4.74046841,2.29490136,-3.87770441,73.4385044,-2.850411600000013,0.4211631999999965
231.056,0.499365,0.0575933,4514.2,7.43731,0.0244211,-0.523496,-179.878,18142.0,-0.000161523,-0.5234,-0.415769,-0.041754,0.0244211,0.569727,0.0385572,-0.00320189,65.3083,-0.00233864,0.49942,0.0576128,65.3111,-179.878,-0.0316259,0.16656,0.0,0.302702,0.801,0.0,-1.0,-0.116163,0.0,0.0,1779.95,-3.30369,0.0,0.0,0.0,0.0,0.0,0.0,0.0,0.0,0.0,0.0,0.0,1256.09,-0.0966621,0.0,0.0,0.0,0.0,0.0,0.0,0.0,0.0,0.0,0.0209412,0.375571,5721.64,-205.749,0.0,4.72e-08,0.0,-6.62e-09,53.854,-0.0337991,53.854,0.0,1.43846,1.455,0.145752,4476.48,21.1009,0.0,-5.16e-18,0.0,8.68e-16,15.5713,-0.0131162,15.5713,0.0,1.93025,999.0,4.0,2.0,38.19128944819859,gaze,0.531385154661948,0.4043109025397598,-16.83156255075362,35.85089705960504,263.1314866822287,28.42578050011812,0.2021037251785485,-34.36169025751452,-0.0501154085004964,0.1429395792025751,0.9884617961905352,5.276469707489014,-29.91232041534709,-1.704934037976215,-33.66922104706882,-0.0571781858964273,0.1011629952724967,0.9932254041480668,5.122965812683105,-0.7432699576144852,-0.7514151563988333,-34.015455652291664,-0.0536467971984618,0.1220512872375359,0.9908436001693012,5.19971776008606,9.63599110250017,True,0.0,imu,-0.3995660704000001,-9.648802816800002,2.269989876,4.74046841,2.29490136,-3.87770441,73.4385044,-2.850411600000013,0.4211631999999965
231.072,0.488587,0.0618194,4513.91,7.43669,0.0251001,-0.524189,-179.875,18149.7,-0.000209804,-0.524093,-0.184601,-0.0439123,0.0251001,0.465774,0.046286,-0.00320395,65.336,-0.00205131,0.488631,0.0618359,65.3388,-179.875,0.218012,0.174033,0.0,0.299411,0.873,0.0,-1.0,-0.115618,0.0,0.0,1779.95,-3.30369,0.0,0.0,0.0,0.0,0.0,0.0,0.0,0.0,0.0,0.0,0.0,1256.09,-0.0966621,0.0,0.0,0.0,0.0,0.0,0.0,0.0,0.0,0.0,0.0207704,0.375588,5721.68,-205.984,0.0,4.62e-08,0.0,-6.63e-09,53.8552,-0.033806,53.8552,0.0,1.4385,1.455,0.149576,4476.48,21.0316,0.0,-4.92e-18,0.0,8.27e-16,15.6548,-0.0134622,15.6548,0.0,1.97073,999.0,4.0,2.0,37.90129410028222,gaze,0.531385154661948,0.4043109025397598,-16.83156255075362,35.85089705960504,263.1314866822287,28.42578050011812,0.2021037251785485,-34.36169025751452,-0.0501154085004964,0.1429395792025751,0.9884617961905352,5.276469707489014,-29.91232041534709,-1.704934037976215,-33.66922104706882,-0.0571781858964273,0.1011629952724967,0.9932254041480668,5.122965812683105,-0.7432699576144852,-0.7514151563988333,-34.015455652291664,-0.0536467971984618,0.1220512872375359,0.9908436001693012,5.19971776008606,9.63599110250017,True,0.0,imu,-0.3995660704000001,-9.648802816800002,2.269989876,4.74046841,2.29490136,-3.87770441,73.4385044,-2.850411600000013,0.4211631999999965
231.088,0.479992,0.0621363,4513.62,7.43606,0.0259063,-0.524904,-179.873,18157.4,-0.000257215,-0.524808,-0.064133,-0.0457393,0.0259063,0.271673,0.0552734,-0.00320668,65.364,-0.00168758,0.479992,0.0621478,65.3667,-179.873,-0.460952,0.182772,0.0,0.305993,0.954,6.0,-1.0,-0.11506,0.0,0.0,1779.95,-3.30369,0.0,0.0,0.0,0.0,0.0,0.0,0.0,0.0,0.0,0.0,0.0,1256.09,-0.0966621,0.0,0.0,0.0,0.0,0.0,0.0,0.0,0.0,0.0,0.0206095,0.375603,5721.72,-206.21,0.0,4.67e-08,0.0,-6.64e-09,53.8563,-0.0338079,53.8563,0.0,1.43853,1.455,0.153467,4476.48,20.9637,0.0,-4.71e-18,0.0,7.92e-16,15.7355,-0.0138134,15.7355,0.0,2.0112,999.0,4.0,2.0,37.61129887418927,gaze,0.531385154661948,0.4043109025397598,-16.83156255075362,35.85089705960504,263.1314866822287,28.42578050011812,0.2021037251785485,-34.36169025751452,-0.0501154085004964,0.1429395792025751,0.9884617961905352,5.276469707489014,-29.91232041534709,-1.704934037976215,-33.66922104706882,-0.0571781858964273,0.1011629952724967,0.9932254041480668,5.122965812683105,-0.7432699576144852,-0.7514151563988333,-34.015455652291664,-0.0536467971984618,0.1220512872375359,0.9908436001693012,5.19971776008606,9.63599110250017,True,0.0,imu,-0.3995660704000001,-9.648802816800002,2.269989876,4.74046841,2.29490136,-3.87770441,73.4385044,-2.850411600000013,0.4211631999999965
231.104,0.467785,0.0655891,4513.33,7.43541,0.0268928,-0.525656,-179.869,18165.3,-0.000214012,-0.52556,0.140279,-0.0482639,0.0268928,0.325682,0.0668009,-0.00320901,65.3921,-0.00132684,0.467764,0.0655965,65.3949,-179.869,1.22665,0.194204,0.0,0.309284,1.026,0.0,-1.0,-0.114487,0.0,0.0,1779.95,-3.30369,0.0,0.0,0.0,0.0,0.0,0.0,0.0,0.0,0.0,0.0,0.0,1256.09,-0.0966621,0.0,0.0,0.0,0.0,0.0,0.0,0.0,0.0,0.0,0.0204486,0.375618,5721.76,-206.437,0.0,4.73e-08,0.0,-6.65e-09,53.8574,-0.0338099,53.8574,0.0,1.43855,1.455,0.157357,4476.49,20.8957,0.0,-4.51e-18,0.0,7.57e-16,15.8161,-0.0141647,15.8161,0.0,2.05167,999.0,4.0,2.0,37.32130381361419,gaze,0.531385154661948,0.4043109025397598,-16.83156255075362,35.85089705960504,263.1314866822287,28.42578050011812,0.2021037251785485,-34.36169025751452,-0.0501154085004964,0.1429395792025751,0.9884617961905352,5.276469707489014,-29.91232041534709,-1.704934037976215,-33.66922104706882,-0.0571781858964273,0.1011629952724967,0.9932254041480668,5.122965812683105,-0.7432699576144852,-0.7514151563988333,-34.015455652291664,-0.0536467971984618,0.1220512872375359,0.9908436001693012,5.19971776008606,9.63599110250017,True,0.0,imu,-0.3995660704000001,-9.648802816800002,2.269989876,4.74046841,2.29490136,-3.87770441,73.4385044,-2.850411600000013,0.4211631999999965
231.12,0.488046,0.0703848,4513.04,7.43474,0.0280254,-0.526455,-179.866,18173.1,-0.000271325,-0.526358,0.0785053,-0.0507474,0.0280254,0.311213,0.0737305,-0.00321189,65.4205,-0.00101299,0.488081,0.0703932,65.4233,-179.866,0.525031,0.20553,0.0,0.305993,1.08,0.0,-1.0,-0.113901,0.0,0.0,1779.95,-3.30369,0.0,0.0,0.0,0.0,0.0,0.0,0.0,0.0,0.0,0.0,0.0,1256.09,-0.0966621,0.0,0.0,0.0,0.0,0.0,0.0,0.0,0.0,0.0,0.0202876,0.375633,5721.8,-206.663,0.0,4.78e-08,0.0,-6.67e-09,53.8585,-0.0338118,53.8585,0.0,1.43858,1.455,0.161248,4476.49,20.8278,0.0,-4.3e-18,0.0,7.23e-16,15.8967,-0.0145159,15.8967,0.0,2.09213,999.0,4.0,2.0,37.03130892349873,gaze,0.531385154661948,0.4043109025397598,-16.83156255075362,35.85089705960504,263.1314866822287,28.42578050011812,0.2021037251785485,-34.36169025751452,-0.0501154085004964,0.1429395792025751,0.9884617961905352,5.276469707489014,-29.91232041534709,-1.704934037976215,-33.66922104706882,-0.0571781858964273,0.1011629952724967,0.9932254041480668,5.122965812683105,-0.7432699576144852,-0.7514151563988333,-34.015455652291664,-0.0536467971984618,0.1220512872375359,0.9908436001693012,5.19971776008606,9.63599110250017,True,0.0,imu,-0.3995660704000001,-9.648802816800002,2.269989876,4.74046841,2.29490136,-3.87770441,73.4385044,-2.850411600000013,0.4211631999999965
231.122843,0.5602814710212515,-0.1987301396352975,4512.992674945903,7.415318960035913,-0.04375179325997455,-0.55304964290308,-179.74702563149802,18174.283170214436,0.0014151634123822311,-0.5529596885050392,0.07606271561998812,-0.055851066745175315,-0.04375179325997455,-0.2423770659561459,-0.47799101352030404,-0.0029934326491542285,65.48930989957388,-0.015373057053655374,0.5599861869194028,-0.19870507481741229,65.4924625750206,-179.83095526346213,0.3590187669851054,-0.44720074968021,0.0,0.3031067852322103,1.6946426807734982,0.5023086099575769,-0.9832769356225999,-0.10768596914447066,0.0,0.0,1779.9499999999991,-3.3036900000000022,0.0,0.0,0.0,0.0,0.0,0.0,0.0,0.0,0.0,0.0,0.0,1256.0900000000001,-0.09666209999999996,0.0,0.0,0.0,0.0,0.0,0.0,0.0,0.0,0.0,0.020250286886600896,0.3756412226113031,5721.814277598623,-206.7194168271394,0.0,4.5575752394507155e-08,0.0,-6.668574334316789e-09,53.858787030333296,-0.033797896636459754,53.858787030333296,0.0,1.4386053936227408,1.6428287553449126,0.12173226401984466,4476.485816359895,20.827801699288433,0.0,-2.5137616397750136e-18,0.0,7.754489388134016e-16,15.584761206960284,-0.010934230443463417,15.584761206960284,0.0,1.878523036085876,999.0000000000005,4.037320116878688,1.9929560132494166,37.00896584285582,gaze,0.531385154661948,0.4043109025397598,-16.83156255075362,35.85089705960504,263.1314866822287,28.42578050011812,0.2021037251785485,-34.36169025751452,-0.0501154085004964,0.1429395792025751,0.9884617961905352,5.276469707489014,-29.91232041534709,-1.704934037976215,-33.66922104706882,-0.0571781858964273,0.1011629952724967,0.9932254041480668,5.122965812683105,-0.7432699576144852,-0.7514151563988333,-34.015455652291664,-0.0536467971984618,0.1220512872375359,0.9908436001693012,5.19971776008606,9.63599110250017,True,0.0,imu,-0.3995660704000001,-9.648802816800002,2.269989876,4.74046841,2.29490136,-3.87770441,73.4385044,-2.850411600000013,0.4211631999999965
231.131291,0.5593162703384232,-0.19827250943946745,4512.839039628161,7.4153356145781055,-0.044086702200617195,-0.553381032758152,-179.74743357063437,18178.446653551375,0.0014017602099024057,-0.5532918869295345,0.09866813045083428,-0.05419772155607182,-0.044086702200617195,-0.25294816363569533,-0.47385336358817887,-0.0029665290312880024,65.50587948840692,-0.01502214923922325,0.5590371631866963,-0.1982458670500914,65.50903406913342,-179.83363145254827,0.34573470206167656,-0.46320568014788843,0.0,0.3020060536773106,1.6902071051441567,0.2111074211814173,-0.9908479823299392,-0.10740780193877349,0.0,0.0,1779.9499999999991,-3.3036900000000027,0.0,0.0,0.0,0.0,0.0,0.0,0.0,0.0,0.0,0.0,0.0,1256.09,-0.09666209999999995,0.0,0.0,0.0,0.0,0.0,0.0,0.0,0.0,0.0,0.020163236712728967,0.3756498419913968,5721.837351670215,-206.84366812866773,0.0,4.5385559936991316e-08,0.0,-6.674602382876497e-09,53.85939407684063,-0.03379877280392217,53.85939407684063,0.0,1.4386221867385711,1.6318731659572565,0.12436049461028516,4476.4878620059135,20.78994779282868,0.0,-2.5414420403225317e-18,0.0,7.788477014807066e-16,15.633252838808714,-0.011170972099391076,15.633252838808714,0.0,1.9029746600832325,999.0000000000001,4.037072477875134,1.9929792050714499,36.85511494608182,gaze,0.531385154661948,0.4043109025397598,-16.83156255075362,35.85089705960504,263.1314866822287,28.42578050011812,0.2021037251785485,-34.36169025751452,-0.0501154085004964,0.1429395792025751,0.9884617961905352,5.276469707489014,-29.91232041534709,-1.704934037976215,-33.66922104706882,-0.0571781858964273,0.1011629952724967,0.9932254041480668,5.122965812683105,-0.7432699576144852,-0.7514151563988333,-34.015455652291664,-0.0536467971984618,0.1220512872375359,0.9908436001693012,5.19971776008606,9.63599110250017,True,0.0,imu,-0.3714528888,-9.5877912312,2.2753732512,4.78532987,2.01825569,-3.63096638,73.4385044,-2.850411600000013,0.4211631999999965
231.136,0.479234,0.0696659,4512.75,7.43406,0.029232,-0.527275,-179.863,18181.0,-0.00018539,-0.527178,-0.0296306,-0.051714,0.029232,-0.0497108,0.0768302,-0.00321447,65.4487,-0.000806371,0.479162,0.0696667,65.4515,-179.863,0.724219,0.217058,0.0,0.309284,1.107,0.0,-1.0,-0.113301,0.0,0.0,1779.95,-3.30369,0.0,0.0,0.0,0.0,0.0,0.0,0.0,0.0,0.0,0.0,0.0,1256.09,-0.0966621,0.0,0.0,0.0,0.0,0.0,0.0,0.0,0.0,0.0,0.0201249,0.37565,5721.85,-206.897,0.0,4.76e-08,0.0,-6.68e-09,53.8597,-0.0338131,53.8597,0.0,1.43862,1.455,0.165454,4476.49,20.7567,0.0,-4.11e-18,0.0,6.91e-16,15.9799,-0.0148944,15.9799,0.0,2.13521,999.0,4.0,2.0,36.74131416761789,gaze,0.531385154661948,0.4043109025397598,-16.83156255075362,35.85089705960504,263.1314866822287,28.42578050011812,0.2021037251785485,-34.36169025751452,-0.0501154085004964,0.1429395792025751,0.9884617961905352,5.276469707489014,-29.91232041534709,-1.704934037976215,-33.66922104706882,-0.0571781858964273,0.1011629952724967,0.9932254041480668,5.122965812683105,-0.7432699576144852,-0.7514151563988333,-34.015455652291664,-0.0536467971984618,0.1220512872375359,0.9908436001693012,5.19971776008606,9.63599110250017,True,0.0,imu,-0.025455258552522175,-9.683945275238164,2.101029968368837,5.666106308207028,2.053149647438373,-3.4144065120398035,73.4385044,-2.850411600000013,0.4211631999999965
231.136896,0.5586495794716904,-0.19791658181081495,4512.737085891268,7.415350714260474,-0.04429962010270938,-0.5535958865726182,-179.747764761628,18181.214443261488,0.0013924489672805394,-0.5535072807674652,0.11313085011928718,-0.05309210410427427,-0.04429962010270938,-0.2599375890557513,-0.4709682297825086,-0.002948560485810844,65.51685693414255,-0.01478369304315013,0.5583813788579861,-0.19788888895025947,65.52001269550183,-179.83542844285898,0.33677238000913723,-0.4737208937800205,0.0,0.30126755213632567,1.6865747112922183,0.06245538684403679,-0.9961625002928061,-0.10722329961118347,0.0,0.0,1779.949999999999,-3.3036900000000013,0.0,0.0,0.0,0.0,0.0,0.0,0.0,0.0,0.0,0.0,0.0,1256.09,-0.09666209999999993,0.0,0.0,0.0,0.0,0.0,0.0,0.0,0.0,0.0,0.020105687526426115,0.3756555404621999,5721.852675358139,-206.9261031672399,0.0,4.5259660610701246e-08,0.0,-6.678601250476751e-09,53.85979539676621,-0.03379935536646177,53.85979539676621,0.0,1.4386332891434372,1.624379099363123,0.12612764377858088,4476.489232768785,20.7647712911802,0.0,-2.5594794605519894e-18,0.0,7.810267771010675e-16,15.665522736965785,-0.011330154796369138,15.665522736965785,0.0,1.9193448915984381,999.0000000000002,4.0368938236721785,1.9929975324287172,36.75301156408787,gaze,0.531385154661948,0.4043109025397598,-16.83156255075362,35.85089705960504,263.1314866822287,28.42578050011812,0.2021037251785485,-34.36169025751452,-0.0501154085004964,0.1429395792025751,0.9884617961905352,5.276469707489014,-29.91232041534709,-1.704934037976215,-33.66922104706882,-0.0571781858964273,0.1011629952724967,0.9932254041480668,5.122965812683105,-0.7432699576144852,-0.7514151563988333,-34.015455652291664,-0.0536467971984618,0.1220512872375359,0.9908436001693012,5.19971776008606,9.63599110250017,True,0.0,imu,-0.027040823370754707,-9.684368994487862,2.0996673163607715,5.741823425440334,1.9778753811520848,-3.445478889665567,73.4385044,-2.850411600000013,0.4211631999999965
231.139739,0.5583033929183695,-0.19771996242106998,4512.685365871503,7.415359595011447,-0.044404731575691636,-0.5537033286694979,-179.7479511135963,18182.619936791645,0.0013875980562895625,-0.553614997825679,0.12030009924264103,-0.05252867031028277,-0.044404731575691636,-0.2634737766271569,-0.46946201390853737,-0.0029394114346711596,65.52241995831724,-0.014661028746519963,0.5580407768654463,-0.19769173564742987,65.52557629300735,-179.83634630828058,0.33218176202677996,-0.4790215204927921,0.0,0.30089046633395944,1.6845211659830184,-0.0006015576599828359,-0.9989495246859215,-0.10712973163336374,0.0,0.0,1779.949999999999,-3.3036900000000022,0.0,0.0,0.0,0.0,0.0,0.0,0.0,0.0,0.0,0.0,0.0,1256.09,-0.09666209999999996,0.0,0.0,0.0,0.0,0.0,0.0,0.0,0.0,0.0,0.02007655975143414,0.37565842472015915,5721.860452414516,-206.9679157101121,0.0,4.51958884223132e-08,0.0,-6.680629406390985e-09,53.85999851942283,-0.033799651240349476,53.85999851942283,0.0,1.4386389086077198,1.6205100054439487,0.12703113444840552,4476.489932209732,20.751982359963527,0.0,-2.5685277724057776e-18,0.0,7.821087276782944e-16,15.681920431541524,-0.011411541422336684,15.681920431541524,0.0,1.9276932647581995,999.0000000000002,4.036798869730561,1.993007718361312,36.701213623583534,gaze,0.6091049729507632,0.3337220870251214,-21.962965146737712,55.37389354910811,413.79137816422366,27.463856966816017,0.7763538229049466,-34.6789812033879,-0.136248621059256,0.2424503824939428,0.9644639914915614,5.236083107469852,-30.906752446531573,-0.4696240787754981,-34.58134832580299,-0.09765532182549787,0.17475758022183036,0.9805036250596899,5.209381504018495,-0.7482529106521173,0.32628551498436137,-34.72236092210154,-0.1292046593510167,0.1949030720442382,0.9726763279137003,5.279474724006058,15.777612612352112,True,-0.08247492697592394,imu,-0.3762381112000001,-9.5447242296,2.25802682,5.23394447,1.9509635,-3.32441307,73.4385044,-2.850411600000013,0.4211631999999965
231.148187,0.557242824248709,-0.19707129255024897,4512.531653707096,7.415390783043855,-0.04470538928435516,-0.5540164544708728,-179.74857738624672,18186.80249410992,0.00137267374075641,-0.5539289446822449,0.14092915684851226,-0.05084398365299862,-0.04470538928435516,-0.2739389722391688,-0.46481577014287906,-0.0029120913345245204,65.53893003774752,-0.014289753297740883,0.556997009357808,-0.19704147521924342,65.54208797449934,-179.83909852581755,0.3183658765355222,-0.4946360064607855,0.0,0.2997600330552661,1.6775775909438264,-0.1437864154109178,-1.0076042996876626,-0.10685175868236829,0.0,0.0,1779.9499999999994,-3.3036900000000022,0.0,0.0,0.0,0.0,0.0,0.0,0.0,0.0,0.0,0.0,0.0,1256.0899999999997,-0.09666209999999995,0.0,0.0,0.0,0.0,0.0,0.0,0.0,0.0,0.0,0.019990254422321472,0.3756669709505192,5721.883579832591,-207.0921595650973,0.0,4.500673282076141e-08,0.0,-6.686655404966838e-09,53.86060036908682,-0.03380053196025856,53.86060036908682,0.0,1.4386555595254924,1.6087466983936336,0.1297443016452392,4476.4920272139025,20.713905436064355,0.0,-2.595011699836114e-18,0.0,7.852303508322943e-16,15.730763589898846,-0.011655949044645293,15.730763589898846,0.0,1.9526793494723433,999.0000000000005,4.036499658429435,1.9930414922780006,36.54726190853403,gaze,0.6037529630883474,0.3366329937992199,-31.066982173610004,89.16476952602457,662.7830300142873,27.52882171389091,0.42112878164512396,-34.55371921828478,-0.12974316579824502,0.23985528339575848,0.964959777693666,5.228866998080929,-30.836896893100736,-0.5399105276928563,-34.523753860694754,-0.09379874009483194,0.1722902926824491,0.9810872919584521,5.198360678656418,-0.7346902584376067,0.2587090209465351,-34.66759833158814,-0.12337757062417293,0.19286538503091274,0.9733059621216138,5.268310625620514,17.623596830028216,True,-0.08185600972211783,imu,-0.3236006648,-9.572837411200002,2.1988096928,5.66760525,1.73413311,-3.24216706,73.4385044,-2.850411600000013,0.4211631999999965
231.152,0.524764,0.07218,4512.46,7.43335,0.0305129,-0.528105,-179.859,18188.9,-0.000222755,-0.528008,-0.485523,-0.0527697,0.0305129,0.317032,0.0817382,-0.00321743,65.4772,-0.000762071,0.524789,0.0721862,65.48,-179.859,0.683245,0.227731,0.0,0.309284,1.125,0.0,-1.0,-0.112687,0.0,0.0,1779.95,-3.30369,0.0,0.0,0.0,0.0,0.0,0.0,0.0,0.0,0.0,0.0,0.0,1256.09,-0.0966621,0.0,0.0,0.0,0.0,0.0,0.0,0.0,0.0,0.0,0.0199618,0.375668,5721.89,-207.132,0.0,4.72e-08,0.0,-6.69e-09,53.8608,-0.0338141,53.8608,0.0,1.43865,1.455,0.169729,4476.5,20.6849,0.0,-3.93e-18,0.0,6.6e-16,16.0637,-0.0152787,16.0637,0.0,2.17885,999.0,4.0,2.0,36.45131963348517,gaze,0.6013817673375221,0.3379160430750516,-33.09715335801531,96.04025386723828,711.392833479789,27.55761248692618,0.2868233336527622,-34.5010489942679,-0.12685697540947977,0.2387125822521779,0.9651781313184421,5.225636387233464,-30.80596631816487,-0.571072083092535,-34.498180860384394,-0.09209697496168784,0.1712035333048796,0.9813443754473323,5.193450735659173,-0.7291959226152046,0.22871310662063798,-34.64324975209351,-0.1207972302914902,0.19196922715540762,0.9735833422351423,5.263334008663132,14.495526486853127,True,-0.08164375797719758,imu,-0.05368139796629955,-9.691327302838644,2.077250049145237,6.4715668814411655,0.8868550259481891,-3.6991817387872503,73.4385044,-2.850411600000013,0.4211631999999965
231.156636,0.5561344207141153,-0.19632520229459965,4512.377884966902,7.415429060425633,-0.04498820947668988,-0.554320368827782,-179.74931152773578,18190.994310883292,0.001356982320147252,-0.5542336859094128,0.16053028125310584,-0.04914353115151118,-0.04498820947668988,-0.2843294561969227,-0.45991289877861513,-0.002884577222756466,65.55541040395343,-0.013908339396706222,0.5559057148273138,-0.19629378869797687,65.55856979046247,-179.84188709117515,0.3042915865376387,-0.5100386317358281,0.0,0.298614629264714,1.669369076562329,-0.2290912866212553,-1.016836841664121,-0.10657385079668891,0.0,0.0,1779.9499999999994,-3.3036900000000022,0.0,0.0,0.0,0.0,0.0,0.0,0.0,0.0,0.0,0.0,0.0,1256.0900000000001,-0.09666209999999996,0.0,0.0,0.0,0.0,0.0,0.0,0.0,0.0,0.0,0.019904309001768795,0.37567548183986743,5721.906736667868,-207.2164143936421,0.0,4.48180658855626e-08,0.0,-6.692681091831477e-09,53.86119970757337,-0.033801415080901565,53.86119970757337,0.0,1.4386721417441946,1.5965899757236806,0.1325004361817157,4476.494147514727,20.67571253298049,0.0,-2.6208898286792276e-18,0.0,7.882112774032901e-16,15.779787665237638,-0.011904234591641439,15.779787665237638,0.0,1.9779363816360873,999.0000000000003,4.03617518269297,1.9930804681164835,36.39324160850537,gaze,0.5985356710507953,0.3394505035059537,-34.52784894229054,100.0142482810831,740.4875457531665,27.59217642972898,0.14375752404326284,-34.440470400762855,-0.12338940169648412,0.2373469455818417,0.9654391159293324,5.221730400581668,-30.768856767279974,-0.6084927102238276,-34.467439143921695,-0.09006018172412811,0.16990445910610139,0.9816516735639347,5.187534471511191,-0.7230122846405576,0.19266212896730697,-34.61395218520616,-0.11770122772782271,0.19089916236929144,0.973914943640584,5.2573349891785455,9.949556630443936,True,-0.08144117110535806,imu,-0.3026653168,-9.5991561344,2.1820614144,6.07135839,1.47991817,-3.07019813,73.4385044,-2.850411600000013,0.4211631999999965
231.156987,0.5560873415669779,-0.19629208337663256,4512.371496064145,7.4154308020323425,-0.04499956467537322,-0.5543327932199373,-179.74934434374273,18191.168635381404,0.0013563138438944726,-0.5542461447709609,0.1613219077900382,-0.04907255288598879,-0.04499956467537322,-0.2847592335410317,-0.4597036603493605,-0.002883430242344864,65.55609435015812,-0.013892276738893976,0.5558593529985986,-0.19626060335610934,65.55925379358754,-179.84200369667911,0.3037014324954892,-0.5106737030991118,0.0,0.29856672451437477,1.6690006362879215,-0.2315347423334349,-1.0172332232855312,-0.10656230769445757,0.0,0.0,1779.949999999999,-3.303690000000002,0.0,0.0,0.0,0.0,0.0,0.0,0.0,0.0,0.0,0.0,0.0,1256.0899999999997,-0.09666209999999993,0.0,0.0,0.0,0.0,0.0,0.0,0.0,0.0,0.0,0.019900746523572058,0.37567583462667165,5721.907699258279,-207.22157627807826,0.0,4.4810239009035766e-08,0.0,-6.692931397042469e-09,53.861224550406476,-0.033801451818566336,53.861224550406476,0.0,1.4386728291008741,1.5960765920267765,0.1326158595693252,4476.494236144741,20.674123459589474,0.0,-2.621951616664768e-18,0.0,7.883320392745205e-16,15.781828072596266,-0.011914632628785348,15.781828072596266,0.0,1.9789914486545597,999.0000000000003,4.036161162736826,1.9930821987986114,36.38684199602312,gaze,0.5232168675113862,0.405069071730133,-34.57282074721639,100.2611080579986,741.7510243317853,28.41655434427672,0.2797509637805886,-34.43917508481778,-0.0478184437640488,0.1403306689411274,0.9889492908084418,5.279861927032471,-29.86939880521239,-1.500520187927449,-33.92301943840934,-0.0385900490614722,0.1171980048558151,0.9923585217910156,5.187395095825195,-0.7348460940411607,-0.6808998842361318,-34.09827645695261,-0.0484255218056111,0.1254078120680035,0.990748753234515,5.216673135757446,9.63599110250017,True,0.0,imu,-0.06244062579702199,-9.693548982782174,2.070075927909619,6.546520260438781,0.5947348054784924,-3.6908142555945216,73.4385044,-2.850411600000013,0.4211631999999965
231.165084,0.5549784400163101,-0.1954806674512315,4512.224096086765,7.415474289943852,-0.04525262073147418,-0.5546149224394332,-179.75015233022455,18195.193899335834,0.0013405246403085437,-0.5545290716485137,0.17907373402728577,-0.04742778818101439,-0.04525262073147418,-0.29462665233550844,-0.4547534792810888,-0.002856887658879155,65.57185588453846,-0.013516944142005285,0.5547671424810827,-0.19544765292725735,65.57501656761244,-179.8447099563907,0.28996874220393176,-0.5252133841384208,0.0,0.29745453999868016,1.6598923490432933,-0.26672678081315193,-1.0266690539463539,-0.10629607450540393,0.0,0.0,1779.949999999999,-3.303690000000002,0.0,0.0,0.0,0.0,0.0,0.0,0.0,0.0,0.0,0.0,0.0,1256.0899999999997,-0.09666209999999993,0.0,0.0,0.0,0.0,0.0,0.0,0.0,0.0,0.0,0.01981874226808882,0.37568395552506445,5721.929917439855,-207.34065077678963,0.0,4.4629927413680307e-08,0.0,-6.698705040720992e-09,53.86179640391897,-0.03380230040387959,53.86179640391897,0.0,1.4386886516310065,1.5840516927661739,0.1352989899524491,4476.4962928554805,20.63741273388773,0.0,-2.6461491295841822e-18,0.0,7.910491928259281e-16,15.828980524698274,-0.012156348673731547,15.828980524698274,0.0,2.0034588071955493,999.0000000000002,4.035825910298693,1.9931245702981901,36.239189229131405,gaze,0.5934525554917451,0.34217542724989786,-35.61764267588604,100.29553356611895,750.6855917886604,27.653927188938756,-0.06412586719368979,-34.34034957152847,-0.11718690257474869,0.23492458767518387,0.9659021205504582,5.214674036175767,-30.702623625386256,-0.6753771069529608,-34.41240233766443,-0.08643883938732508,0.16759931821202792,0.9821969053464562,5.1769031057934045,-0.713066632609406,0.1281409579106931,-34.56142261666538,-0.1121749515118921,0.1890037172688008,0.9745034161094628,5.246548028709991,3.241053737332142,True,-0.08122648764991491,imu,-0.2913004136,-9.5656595776,2.1497611632,6.40781934,1.08364194,-2.56176825,73.4385044,-2.850411600000013,0.4211631999999965
231.168,0.511165,0.071505,4512.16,7.43263,0.0318194,-0.528943,-179.856,18196.8,-0.000216784,-0.528846,-0.0854639,-0.051553,0.0318194,-0.0118161,0.081104,-0.0032215,65.5056,-0.000891604,0.511212,0.0715135,65.5084,-179.856,0.465378,0.237027,0.0,0.309284,1.125,0.0,-1.0,-0.112058,0.0,0.0,1779.95,-3.30369,0.0,0.0,0.0,0.0,0.0,0.0,0.0,0.0,0.0,0.0,0.0,1256.09,-0.0966621,0.0,0.0,0.0,0.0,0.0,0.0,0.0,0.0,0.0,0.0197987,0.375686,5721.93,-207.368,0.0,4.68e-08,0.0,-6.7e-09,53.8619,-0.0338152,53.8619,0.0,1.43869,1.455,0.174004,4476.5,20.6131,0.0,-3.74e-18,0.0,6.29e-16,16.1475,-0.015663,16.1475,0.0,2.2225,999.0,4.0,2.0,36.15132533333859,gaze,0.5917286985219267,0.3430948410575514,-35.827915754883534,99.45239449934056,748.992537256083,27.67487492133137,-0.12121543778830807,-34.3089879949981,-0.11508057543505246,0.2341081041173855,0.966058198611661,5.212256642543348,-30.68017508286206,-0.6980754770212216,-34.393697631050756,-0.08521566197812377,0.16682207939219118,0.9823807218027232,5.173277983834378,-0.7100083782623909,0.10621900599915522,-34.54354642501431,-0.11030176033311916,0.18836563441788098,0.9747018470422304,5.242867756835882,1.8438301965139485,True,-0.08119811313929973,imu,-0.08171756538738663,-9.698323597850093,2.0546285845369976,6.552163479994563,0.0555057039053164,-3.556968222778468,73.4385044,-2.850411600000013,0.4211631999999965
231.173532,0.5537747540728364,-0.19453640764336666,4512.070268908607,7.415526342585059,-0.04549814695672488,-0.5549000738659469,-179.75109876048418,18199.401276633856,0.0013232961955083097,-0.5548150601864354,0.19653898295788097,-0.04569662834575004,-0.04549814695672488,-0.30481507441606387,-0.44933592324643024,-0.0028290317310157654,65.58826716119108,-0.013115594401116253,0.5535811616176324,-0.19450178802490015,65.59142898729459,-179.8475660196945,0.27540251121981546,-0.5401496890904802,0.0,0.2962796465223119,1.649142361019538,-0.2664525349331116,-1.0371267713678525,-0.10601839780462483,0.0,0.0,1779.949999999999,-3.303690000000002,0.0,0.0,0.0,0.0,0.0,0.0,0.0,0.0,0.0,0.0,0.0,1256.0899999999997,-0.09666209999999995,0.0,0.0,0.0,0.0,0.0,0.0,0.0,0.0,0.0,0.019733542468213742,0.3756923931663685,5721.953124888818,-207.46488341532861,0.0,4.4442290267155325e-08,0.0,-6.7047279649807145e-09,53.86239054007045,-0.03380318804226304,53.86239054007045,0.0,1.4387050914436903,1.5711402107694348,0.13814038392024658,4476.498463732095,20.599001570886166,0.0,-2.6707859180254967e-18,0.0,7.937428792095506e-16,15.878347364728981,-0.012412329196046387,15.878347364728981,0.0,2.0292499862703695,999.0000000000002,4.035452207295642,1.9931737341206863,36.08508659769178,gaze,0.5885012275561486,0.34480956984580685,-36.26637491385539,97.68274591205711,744.5182581049322,27.71410250408302,-0.21051483986428748,-34.25413799836063,-0.11113299111798132,0.23258654369482287,0.966349075501763,5.2076960947665425,-30.638164940260026,-0.7405944820709406,-34.35862163294037,-0.08293258425925965,0.1653732679512726,0.9827233223908837,5.16646296485562,-0.704703384165562,0.0651182255742862,-34.509990726087864,-0.10679605337762513,0.1871776700054744,0.9750717385667924,5.235946067358971,0.4813436150573964,True,-0.0812079067422936,imu,-0.251224176,-9.597361676,2.141387024,6.87138776,0.7397040799999997,-2.43466078,73.4385044,-2.850411600000013,0.4211631999999965
231.176968,0.5532715405502683,-0.19412355197680403,4512.007692836133,7.415549433998182,-0.04559248731813373,-0.5550133439177564,-179.75151364203504,18201.114637702543,0.001316067902974962,-0.5549286720500995,0.20332923169075012,-0.04498813180960788,-0.04559248731813373,-0.30892387002048693,-0.4470584064493568,-0.002817657365843793,65.59493193641522,-0.012949525616825261,0.5530852329556628,-0.19408827849627402,65.59809418337719,-179.84873680843054,0.2694100807418641,-0.5461535649809492,0.0,0.29579755872346253,1.6444051020256112,-0.2576251711033234,-1.041564934183545,-0.10590548889461877,0.0,0.0,1779.9499999999994,-3.3036900000000022,0.0,0.0,0.0,0.0,0.0,0.0,0.0,0.0,0.0,0.0,0.0,1256.09,-0.09666209999999995,0.0,0.0,0.0,0.0,0.0,0.0,0.0,0.0,0.0,0.01969899432243284,0.37569581467649904,5721.96257153516,-207.51541067445453,0.0,4.4366116169354714e-08,0.0,-6.707177336627877e-09,53.86263145927451,-0.03380354972962164,53.86263145927451,0.0,1.4387117579217235,1.5657844483971788,0.13930832197231285,4476.499354040554,20.583347001758952,0.0,-2.680626660830676e-18,0.0,7.947968480770792e-16,15.89847563923571,-0.012517550455099606,15.89847563923571,0.0,2.039816829068051,999.0000000000002,4.035293319335934,1.9931951618564883,36.022395076298025,gaze,0.5244978324551337,0.4093065225928664,-36.63273657782739,96.54993481430066,742.1286917938169,28.44722436326227,0.2426952551310935,-34.38412424457567,-0.0487956392024688,0.1427693388070667,0.9885524272851772,5.253433704376221,-29.82186592485311,-1.611046602182804,-33.80156034729008,-0.0429890827664943,0.1055128301186718,0.9934882895350322,5.147927284240723,-0.7190043229592474,-0.6819918139993729,-34.09646506994603,-0.0475811348652346,0.1249855695329587,0.9908392882930448,5.211342255274455,0.1758428060758442,True,0.0,imu,-0.09734617790173887,-9.702079145566996,2.042448156980764,6.477377627755562,-0.28649547613601417,-3.3638049299387873,73.4385044,-2.850411600000013,0.4211631999999965
231.181981,0.5525232171916987,-0.193491098228595,4511.916385258945,7.415585087535396,-0.04572429687574028,-0.5551757765992802,-179.75214975554903,18203.616481859866,0.0013052922915308919,-0.55509160473554,0.21290716679438226,-0.04394991904803201,-0.04572429687574028,-0.31487856894942773,-0.4436585784768153,-0.002801018738908259,65.60464489984668,-0.01270431698219572,0.552347623883043,-0.19345486985583926,65.6078077150496,-179.85045415269227,0.2605982507748172,-0.554836816757588,0.0,0.29508982516323207,1.6371145531327165,-0.23745043117167847,-1.048236825703164,-0.10574078889113993,0.0,0.0,1779.949999999999,-3.3036900000000022,0.0,0.0,0.0,0.0,0.0,0.0,0.0,0.0,0.0,0.0,0.0,1256.0899999999997,-0.09666209999999993,0.0,0.0,0.0,0.0,0.0,0.0,0.0,0.0,0.0,0.019648698029893465,0.3757007959062632,5721.976361767649,-207.58912700844104,0.0,4.4255127631448026e-08,0.0,-6.710750577469358e-09,53.862982196713276,-0.033804078108233764,53.862982196713276,0.0,1.438721463405396,1.5578645308387424,0.141025052233193,4476.5006606538955,20.560474526928378,0.0,-2.69479633597e-18,0.0,7.962910806021306e-16,15.927893396014339,-0.012672215251816867,15.927893396014339,0.0,2.0553133678585507,999.0000000000001,4.035054439913239,1.993227894673814,35.93091552463371,gaze,0.5836793735545428,0.34735468108410417,-37.34378075061266,96.1161384334689,739.9405714082277,27.772729991461386,-0.3029104533765655,-34.182347686637385,-0.10522507402509369,0.2303311985717775,0.9667802555762246,5.200794810711086,-30.575449205043714,-0.8041746443138323,-34.30607591419272,-0.0795393547365134,0.1632247547407539,0.9832312489838422,5.1562105380906,-0.6977799260692245,0.003567497834940798,-34.45963821272999,-0.1015619292459728,0.18541968300800293,0.9756202584909599,5.225525533014129,0.6730575407952216,True,-0.08138149831274254,imu,-0.257205704,-9.632054538400002,2.1497611632,7.26018708,0.1714589200000001,-2.41970696,73.4385044,-2.850411600000013,0.4211631999999965
231.184,0.475314,0.0707515,4511.87,7.43189,0.033091,-0.52978,-179.852,18204.7,-0.000117151,-0.529683,0.328142,-0.0526083,0.033091,-0.81864,0.0770418,-0.00322433,65.5342,-0.00117342,0.47529,0.0707574,65.537,-179.852,-0.331532,0.244687,0.0,0.312575,1.116,0.0,-1.0,-0.111415,0.0,0.0,1779.95,-3.30369,0.0,0.0,0.0,0.0,0.0,0.0,0.0,0.0,0.0,0.0,0.0,1256.09,-0.0966621,0.0,0.0,0.0,0.0,0.0,0.0,0.0,0.0,0.0,0.0196384,0.375702,5721.98,-207.603,0.0,4.67e-08,0.0,-6.71e-09,53.8631,-0.0338144,53.8631,0.0,1.43873,1.455,0.178445,4476.5,20.5405,0.0,-3.57e-18,0.0,6.01e-16,16.2313,-0.0160614,16.2313,0.0,2.26724,999.0,4.0,2.0,35.86133113664482,gaze,0.5825461899625225,0.34794980203040515,-37.68744750825843,96.07188931106944,739.5380129257808,27.7865118865986,-0.31778124984928896,-34.167362923119065,-0.10383480964770295,0.22980438944181186,0.9668809732575336,5.199157023937428,-30.560718955411836,-0.8191269020109889,-34.29370154838477,-0.07874510871820047,0.1627227138119659,0.9833499072997948,5.1537883043109005,-0.6963236686586585,-0.0109239509429976,-34.44776514615531,-0.10033247419160769,0.18500957216895658,0.9757484241702512,5.2230621953714165,0.9475237344572282,True,-0.08145099505659803,imu,-0.10955687216351523,-9.70494169904657,2.033144900745995,6.4133297367578175,-0.500460467554112,-3.1794664030658586,73.4385044,-2.850411600000013,0.4211631999999965
231.190429,0.5512241358908717,-0.19234379469441165,4511.762481609029,7.415650367645627,-0.0459304937565049,-0.5554418861682636,-179.75330379335426,18207.83807637829,0.0012865148509666373,-0.5553585602370773,0.22815585595946072,-0.042188149906162396,-0.0459304937565049,-0.3247967901905993,-0.43772188304287596,-0.0027728682312179393,65.6209839537288,-0.012283290013402628,0.5510668265398523,-0.1923059550012074,65.6241476033854,-179.8533721568376,0.2455668979510407,-0.5692587972903326,0.0,0.2938853776880582,1.6238098279067603,-0.18827895544241074,-1.0600227778535547,-0.10546331468377115,0.0,0.0,1779.949999999999,-3.3036900000000022,0.0,0.0,0.0,0.0,0.0,0.0,0.0,0.0,0.0,0.0,0.0,1256.0899999999997,-0.09666209999999993,0.0,0.0,0.0,0.0,0.0,0.0,0.0,0.0,0.0,0.019564227492048936,0.3757091619050876,5721.999622576907,-207.71335214032263,0.0,4.406847920553502e-08,0.0,-6.716771452646111e-09,53.86357124455522,-0.033804970395794984,53.86357124455522,0.0,1.4387377639287755,1.5442392225407329,0.14395239506437624,4476.50288334994,20.521840775036285,0.0,-2.718168159883057e-18,0.0,7.986916755506722e-16,15.977606157736142,-0.012935952777729517,15.977606157736142,0.0,2.0816430919178437,999.0000000000001,4.034633128518098,1.993286964972421,35.776712572172464,gaze,0.5789863968225579,0.3498116004361672,-38.94273792942586,96.77590889476508,739.8525091349599,27.82981639386781,-0.34833279076100054,-34.12525621226021,-0.09946266054676323,0.22815774400590164,0.9671957818693704,5.193970871470096,-30.514467255919556,-0.8661247600163322,-34.25476274737745,-0.07625829992788054,0.16115299416777287,0.9837208282916673,5.146145959367444,-0.6921624405087937,-0.05651575509341993,-34.41036466877644,-0.09647183949055907,0.18372904806826446,0.976149127776314,5.215286559741088,2.0482017080226993,True,-0.08174328865157106,imu,-0.230288828,-9.6924679712,2.1228442872,7.43215601,-0.43417079,-2.36736859,73.4385044,-2.850411600000013,0.4211631999999965
231.197059,0.5501712253381436,-0.19137110195600227,4511.641671118985,7.415706084828161,-0.04607801862532476,-0.5556439819886593,-179.75428085638208,18211.155738558256,0.0012712336726448698,-0.5555613226412506,0.23932967942378064,-0.04079487023434621,-0.04607801862532476,-0.3324676502306055,-0.43288010775445596,-0.0027506856331869682,65.63378030256712,-0.011946061143807786,0.5500284628456588,-0.1913319962387875,65.63694449858515,-179.85568235715675,0.23361503612639092,-0.5803845709288489,0.0,0.29292979879963826,1.6124724593427229,-0.14068501688617727,-1.0697641387282468,-0.10524562481872497,0.0,0.0,1779.9499999999991,-3.3036900000000022,0.0,0.0,0.0,0.0,0.0,0.0,0.0,0.0,0.0,0.0,0.0,1256.09,-0.09666209999999995,0.0,0.0,0.0,0.0,0.0,0.0,0.0,0.0,0.0,0.019498188733677178,0.37571570261329473,5722.017896372028,-207.81084153101935,0.0,4.392233896489961e-08,0.0,-6.721495924921993e-09,53.86403175899403,-0.03380567229548381,53.86403175899403,0.0,1.4387505081121439,1.5333080646374269,0.1462799512831286,4476.504646119262,20.491443076795246,0.0,-2.736060991992508e-18,0.0,8.004715375623461e-16,16.016741141328538,-0.013145657516413821,16.016741141328538,0.0,2.1024955505192238,999.0000000000002,4.034286245594572,1.993336716526936,35.655658863735376,gaze,0.5270052448088695,0.4066842915865822,-40.54891071659016,98.86798721868414,741.6820048207102,28.46519177579462,0.2417001433977424,-34.35748862021975,-0.0494866772349537,0.1475090974965699,0.9878219145837932,5.228537559509277,-29.83316714584292,-1.690913345066624,-33.69192388073308,-0.0523062995781987,0.10679533413132,0.9929042288318723,5.12542200088501,-0.7102501634754734,-0.69264551070814,-34.078525365078626,-0.04840997325057,0.1255272311032053,0.9907202341467418,5.202751636505127,3.495225327279979,True,0.0,imu,-0.13212838783327052,-9.710068200907536,2.0164392104649345,6.359045589211762,-0.7871114549695102,-2.80301180473099,73.4385044,-2.850411600000013,0.4211631999999965
231.198877,0.5498773801491819,-0.19109319066473834,4511.60853979541,7.41572204113142,-0.04611623607155951,-0.5556983559318599,-179.7545596393901,18212.066138530434,0.0012669596303420646,-0.5556158797522601,0.24227067816711578,-0.040411192325949884,-0.04611623607155951,-0.33455234007403994,-0.43152433441814364,-0.002744590112100151,65.63728499420664,-0.011852550907142712,0.5497386364992036,-0.1910537376223932,65.6404493233372,-179.85631881433386,0.23031445947007503,-0.5834048562067997,0.0,0.29266618637427755,1.6092260336799913,-0.1267748736460893,-1.07251281327734,-0.10518594368444653,0.0,0.0,1779.9499999999987,-3.303690000000002,0.0,0.0,0.0,0.0,0.0,0.0,0.0,0.0,0.0,0.0,0.0,1256.0899999999995,-0.09666209999999993,0.0,0.0,0.0,0.0,0.0,0.0,0.0,0.0,0.0,0.01948011925330346,0.3757174923081615,5722.022910066324,-207.83757351093138,0.0,4.388231829146158e-08,0.0,-6.722791303488246e-09,53.86415776448567,-0.03380586501282485,53.86415776448567,0.0,1.438753995242379,1.530275010349462,0.14692282704771525,4476.505132329103,20.483095818607104,0.0,-2.7408978545652037e-18,0.0,8.009434874890524e-16,16.027490701800204,-0.013203579101947383,16.027490701800204,0.0,2.108242497648954,999.0000000000002,4.034188664775392,1.9933508744907507,35.622459570792735,gaze,0.5744199937815382,0.3521820642344455,-40.663401810020964,99.05195923341954,742.2424340030593,27.885389211321407,-0.3533967149895923,-34.082872403255166,-0.09384316730988233,0.22606457704821922,0.9675959279437258,5.18722251685107,-30.45518773862854,-0.9264745007336568,-34.20466106733015,-0.07308737022702613,0.15915644542785062,0.9841923830199464,5.136265726702169,-0.6877208885715269,-0.11515786554579968,-34.36215182380421,-0.09152319226328459,0.18210443808611287,0.976658692216937,5.205225588069585,3.5127906608077426,True,-0.08228938430118483,imu,-0.2308869808,-9.725366375200002,2.1252368984,7.41720219,-0.9276468500000004,-2.61410662,73.4385044,-2.850411600000013,0.4211631999999965
231.2,0.520413,0.0717628,4511.58,7.43113,0.0342867,-0.530627,-179.848,18212.8,-0.000176464,-0.53053,-0.189206,-0.0532423,0.0342867,-0.0808237,0.0727955,-0.00322798,65.5632,-0.00154336,0.520442,0.0717755,65.566,-179.848,0.120012,0.250668,0.0,0.312575,1.107,0.0,-1.0,-0.110757,0.0,0.0,1779.95,-3.30369,0.0,0.0,0.0,0.0,0.0,0.0,0.0,0.0,0.0,0.0,0.0,1256.09,-0.0966621,0.0,0.0,0.0,0.0,0.0,0.0,0.0,0.0,0.0,0.0194793,0.375718,5722.02,-207.838,0.0,4.68e-08,0.0,-6.72e-09,53.8642,-0.0338128,53.8642,0.0,1.43876,1.455,0.182957,4476.51,20.4676,0.0,-3.41e-18,0.0,5.74e-16,16.3152,-0.016466,16.3152,0.0,2.31248,999.0,4.0,2.0,35.57133713703905,gaze,0.5738224171072928,0.35249073793473035,-40.869032240168934,99.40219969140063,742.557725921648,27.892663669918207,-0.3513661696629796,-34.078337175069954,-0.09310682533804514,0.2257923054489783,0.9676479733672061,5.186331093813441,-30.44743458691663,-0.9343775084835395,-34.19809144641452,-0.07267406093933955,0.15889663779751206,0.9842537238577611,5.1349660988804064,-0.6872123643909481,-0.12284570259463366,-34.355822067380984,-0.09087591048031794,0.18189338968548205,0.9767249902833381,5.2039014547477205,3.6835727042590896,True,-0.0823756478939216,imu,-0.13719261410058198,-9.711189074267324,2.012778494947749,6.365925189356062,-0.8339074422692503,-2.7173441200379034,73.4385044,-2.850411600000013,0.4211631999999965
231.207325,0.548482970297826,-0.18973810078298187,4511.4545598683935,7.415799954491238,-0.04628098803187303,-0.5559451054111703,-179.75591586139336,18216.30027005684,0.001246624653880916,-0.55586348239616,0.2552374350045501,-0.03861912463648858,-0.04628098803187303,-0.3441259767304805,-0.42506514719937555,-0.0027161978890296147,65.65354675281823,-0.0114121899565785,0.5483630687233383,-0.18969703310551617,65.65671160600466,-179.8592925240032,0.2148489977035224,-0.5972624328608668,0.0,0.2914322755773778,1.5933635325303723,-0.05998859250041996,-1.0857345731373953,-0.10490867742170978,0.0,0.0,1779.9499999999991,-3.3036900000000022,0.0,0.0,0.0,0.0,0.0,0.0,0.0,0.0,0.0,0.0,0.0,1256.0899999999997,-0.09666209999999995,0.0,0.0,0.0,0.0,0.0,0.0,0.0,0.0,0.0,0.0193963717827841,0.3757257872634623,5722.046224236954,-207.9617911150445,0.0,4.369664046168913e-08,0.0,-6.728810130091583e-09,53.86474176716827,-0.033806761959949444,53.86474176716827,0.0,1.438770157631483,1.5159850334336724,0.14993641660943807,4476.507407843076,20.44423971809261,0.0,-2.7629791323782895e-18,0.0,8.030450614082327e-16,16.077546156054375,-0.01347510035929355,16.077546156054375,0.0,2.135111815842943,999.0000000000005,4.033721496887453,1.9934195441613782,35.468156602405934,gaze,0.5699784518539166,0.3544674904122967,-41.89617299700355,101.51610842788337,743.6226283301927,27.939468764432515,-0.32427413327349314,-34.054988799064816,-0.08836473235356002,0.22405037744243528,0.9679809138579188,5.18054881528955,-30.397587003171175,-0.9852457515065103,-34.15575619899042,-0.07002493691945828,0.1572338374815235,0.984646172792902,5.126567578051567,-0.684332315394195,-0.1723776565143856,-34.31498750964347,-0.08671403836676893,0.18054474724338945,0.9771492295150512,5.195340319616894,4.601647357122437,True,-0.0830159119902779,imu,-0.2530186344000001,-9.7032347216,2.0929366472,7.14055652,-1.43607673,-2.68887572,73.4385044,-2.850411600000013,0.4211631999999965
231.215774,0.547040758224118,-0.18827716389000243,4511.30052364752,7.4158839593199515,-0.04642422313694827,-0.5561820809387292,-179.75737112568532,18220.54059798578,0.0012255055845769968,-0.5561013141878135,0.2670454317134891,-0.03681181146487863,-0.04642422313694827,-0.3534989002147026,-0.4183427860121223,-0.0026877019901350154,65.66976987958452,-0.010962248471783557,0.5469399718191216,-0.18823448085809596,65.67293510102635,-179.86229199736104,0.19917702987163363,-0.610820523446325,0.0,0.29018352313332935,1.5762217729949553,0.005901479470568266,-1.099718141753086,-0.10463148478972598,0.0,0.0,1779.9499999999991,-3.3036900000000022,0.0,0.0,0.0,0.0,0.0,0.0,0.0,0.0,0.0,0.0,0.0,1256.0899999999997,-0.09666209999999995,0.0,0.0,0.0,0.0,0.0,0.0,0.0,0.0,0.0,0.019312973706974677,0.37573404789389614,5722.069567854316,-208.0860196507265,0.0,4.3511419484687164e-08,0.0,-6.734828644824898e-09,53.865323331903134,-0.03380766134231709,53.865323331903134,0.0,1.438786253280947,1.5013815654389038,0.15299358916823694,4476.509710418982,20.405267918502485,0.0,-2.784408331579154e-18,0.0,8.049951964239979e-16,16.12777753275865,-0.013750554847259469,16.12777753275865,0.0,2.1622544658621052,999.0000000000002,4.033232024406299,1.993492901507067,35.313785482234806,gaze,0.5656595671106387,0.35666954077107693,-42.10510311173749,102.89286571117088,741.6970082557464,27.99208136615992,-0.2667110961091752,-34.04118817769043,-0.08302488335369151,0.2221136110818028,0.9683510010633414,5.173948065522469,-30.341635051976297,-1.0424669147267143,-34.10802798520773,-0.06706904025787942,0.15538369541904448,0.9850825059856118,5.117048150546419,-0.6818795849460919,-0.2282003389102091,-34.26885423724014,-0.08204189822873575,0.17904870555027308,0.9776210701253537,5.18562733349592,5.263885259155673,True,-0.08391914500932007,imu,-0.2775428992,-9.667345553600002,2.0474770344,6.8265263,-1.87721442,-2.90570611,73.4385044,-2.850411600000013,0.4211631999999965
231.216,0.457502,0.0713683,4511.29,7.43035,0.035424,-0.531439,-179.844,18220.4,-8.78e-05,-0.531341,0.798184,-0.0462361,0.035424,-0.383166,0.0692682,-0.003232,65.5906,-0.00198276,0.457523,0.0713823,65.5935,-179.844,0.348862,0.25586,0.0,0.312575,1.098,0.0,-1.0,-0.110083,0.0,0.0,1779.95,-3.30369,0.0,0.0,0.0,0.0,0.0,0.0,0.0,0.0,0.0,0.0,0.0,1256.09,-0.0966621,0.0,0.0,0.0,0.0,0.0,0.0,0.0,0.0,0.0,0.0193202,0.375734,5722.07,-208.073,0.0,4.68e-08,0.0,-6.73e-09,53.8653,-0.0338112,53.8653,0.0,1.43879,1.455,0.18747,4476.51,20.3947,0.0,-3.25e-18,0.0,5.47e-16,16.399,-0.0168705,16.399,0.0,2.35771,999.0,4.0,2.0,35.281343340673644,gaze,0.5655457184132272,0.35672730707262523,-42.09377650166052,102.90948159807883,741.6022536284838,27.99346863903103,-0.26483136662207274,-34.041007237528945,-0.08288394422370694,0.22206285962951366,0.9683606972136982,5.1737725080273975,-30.34016092815822,-1.043976325689171,-34.10676742002591,-0.06699142691106688,0.15533519314828,0.9850939392546969,5.116795967359362,-0.68182579194204,-0.22967441768698638,-34.26763435514581,-0.08191879599013414,0.17900955485003242,0.9776334362483214,5.185369884431592,5.27696004850035,True,-0.08394569537758707,imu,-0.1646182699568734,-9.717073120659983,1.9935090348575981,6.56061402443954,-0.9913909861138028,-2.2840683817464127,73.4385044,-2.850411600000013,0.4211631999999965
231.216321,0.5469457461261422,-0.1881789099690478,4511.290549817743,7.415889603694031,-0.04643274107081982,-0.556197083226713,-179.75746871250522,18220.815310548427,0.001224111324070409,-0.5561163720048674,0.2677696584812384,-0.03669428722678835,-0.04643274107081982,-0.35409827480746503,-0.4178985101009049,-0.002685854001404606,65.67081875936084,-0.01093279255095124,0.5468462064646599,-0.18813612235690375,65.6739839992622,-179.8624870235032,0.19815555489700296,-0.6116876144711507,0.0,0.29010217129891314,1.575068021188563,0.010006192058862075,-1.1006503489751358,-0.10461354266609306,0.0,0.0,1779.9499999999987,-3.303690000000002,0.0,0.0,0.0,0.0,0.0,0.0,0.0,0.0,0.0,0.0,0.0,1256.0899999999995,-0.09666209999999992,0.0,0.0,0.0,0.0,0.0,0.0,0.0,0.0,0.0,0.019307586748421094,0.37573458148510164,5722.0710800724255,-208.09406224860402,0.0,4.349944442459074e-08,0.0,-6.735218256526825e-09,53.86536089704811,-0.03380771964978879,53.86536089704811,0.0,1.4387872929760126,1.5004257183033072,0.15319300602284103,4476.509860420471,20.40274100220321,0.0,-2.7857729776935854e-18,0.0,8.051161892727671e-16,16.13103541775483,-0.01376852273549672,16.13103541775483,0.0,2.164021034233363,999.0000000000001,4.033199579453167,1.9934978100858902,35.303789564141006,gaze,0.5653841623275608,0.35680925455915535,-42.07614674519819,102.93136867238313,741.4650181466106,27.995437270867736,-0.26213332287036417,-34.04076680628612,-0.08268392968913511,0.22199086848498387,0.9683744510744007,5.173523243773443,-30.338069157236987,-1.046118335861499,-34.10497840719725,-0.06688131792835983,0.15526639057732838,0.9851101573322495,5.116437996360084,-0.6817503971866917,-0.23176642821124255,-34.26590295048824,-0.08174411401615339,0.1789540241281003,0.9776509778006208,5.185004426088443,5.295197545208724,True,-0.0839836186883666,imu,-0.16516630348468353,-9.717187502178126,1.9931335266075827,6.567345715708852,-0.9930395425551071,-2.276275261400283,73.4385044,-2.850411600000013,0.4211631999999965
231.217041,0.5468203803086789,-0.18804889782572953,4511.277421316307,7.415897070961118,-0.04644381160602318,-0.5562167670955758,-179.75759778413385,18221.17694059034,0.0012222710940657908,-0.556136128981269,0.2687154546119491,-0.036539498020784725,-0.04644381160602318,-0.3548857835342469,-0.41731204147154705,-0.0026834210037606004,65.67219910110848,-0.01089396038723691,0.546722483390454,-0.18800597255961204,65.67536436430892,-179.86274388149656,0.1968097691551864,-0.6128269302934674,0.0,0.2899949965660926,1.5735412279145715,0.015367105043771322,-1.101882443116635,-0.10458992666979171,0.0,0.0,1779.949999999999,-3.303690000000002,0.0,0.0,0.0,0.0,0.0,0.0,0.0,0.0,0.0,0.0,0.0,1256.0899999999995,-0.09666209999999992,0.0,0.0,0.0,0.0,0.0,0.0,0.0,0.0,0.0,0.019300498338983146,0.3757352836108977,5722.073070731147,-208.104648459333,0.0,4.3483685036028496e-08,0.0,-6.735731084397844e-09,53.8654103269952,-0.03380779641305665,53.8654103269952,0.0,1.4387886610592764,1.4991656743876973,0.15345576913956366,4476.51005803596,20.399414187202225,0.0,-2.78756499645994e-18,0.0,8.052744698008484e-16,16.135324755223493,-0.013792198298496747,16.135324755223493,0.0,2.166348043467143,999.0000000000002,4.033156734155372,1.9935043004326642,35.2906319132527,gaze,0.527640143363481,0.4023710892405546,-41.50112494233829,102.6577377773402,741.1879694695328,28.48757134776341,0.2455126696664784,-34.33732623786719,-0.0487061915745631,0.1519850757984108,0.9871819708832072,5.196298122406006,-29.82778627111919,-1.751013774404125,-33.60536155791826,-0.0555536564220132,0.1120681479453737,0.992146421388617,5.11048698425293,-0.7022216231159568,-0.7046665190402766,-34.05708907164144,-0.0491539634001136,0.1268271072569427,0.990509026544576,5.192879819869996,5.236812695101656,True,0.0,imu,-0.16639522045720612,-9.717443538012006,1.992292840567771,6.58284547765298,-0.9965413744378719,-2.2589611056396803,73.70649587598957,-2.6879399329313025,0.26271423355740603
231.224222,0.5455511158182962,-0.1867095472731195,4511.146467651285,7.4159738717725645,-0.04654535886884073,-0.5564091446167635,-179.75892349653788,18224.785767677797,0.0012036058171316505,-0.5563292366026749,0.27768202281116205,-0.03498976115010167,-0.04654535886884073,-0.3626483287474759,-0.4113581798199366,-0.002659123269258528,65.68594926737998,-0.010502932969523093,0.5454697074013999,-0.1866652493229956,65.68911470079482,-179.86531483517953,0.18331097623752252,-0.6240633007930411,0.0,0.28892025331300064,1.5578075818542538,0.06563402219367653,-1.1144893473850046,-0.10435443327009669,0.0,0.0,1779.9499999999991,-3.3036900000000022,0.0,0.0,0.0,0.0,0.0,0.0,0.0,0.0,0.0,0.0,0.0,1256.0899999999997,-0.09666209999999993,0.0,0.0,0.0,0.0,0.0,0.0,0.0,0.0,0.0,0.01922994325017716,0.3757422723906626,5722.092935393691,-208.21022970640593,0.0,4.3326694958153e-08,0.0,-6.740845423112869e-09,53.86590233159463,-0.033808562943509146,53.86590233159463,0.0,1.4388022786632069,1.486482981565524,0.15609367458913345,4476.512039766108,20.366189712963376,0.0,-2.805174350332594e-18,0.0,8.067920409845067e-16,16.17817192677596,-0.014029882149274107,16.17817192677596,0.0,2.189664173158171,999.0000000000002,4.03272083231618,1.9935708454151027,35.15938284851777,gaze,0.5614626743037539,0.3587890884347379,-41.10899971181023,103.01663965831145,737.9783156999116,28.043234588721486,-0.18606988029557056,-34.040865103622416,-0.07782304910427068,0.22025343767506286,0.9687063189714773,5.167420912803988,-30.287321832193147,-1.0981460052216763,-34.061473242146874,-0.06421877614468575,0.15360520770430008,0.9855015352342208,5.107707465887595,-0.6802523047693194,-0.2826312504446159,-34.22375091433431,-0.07750595746031774,0.1776155795068236,0.9780743761030238,5.1760866640964105,5.648655832107144,True,-0.08499505453705618,imu,-0.3080486920000001,-9.6374379136,2.0361121312,6.74428029,-2.12395245,-3.01038285,73.61388694654217,-2.730802693373552,0.3790297370091026
231.232,0.52302,0.0750668,4511.0,7.42955,0.0364884,-0.532166,-179.84,18228.3,-7.56e-05,-0.532069,-0.233126,-0.0444848,0.0364884,-0.0769408,0.0652334,-0.00323524,65.6192,-0.00245271,0.523032,0.0750858,65.622,-179.84,0.297811,0.259828,0.0,0.305993,1.098,0.0,-1.0,-0.109392,0.0,0.0,1779.95,-3.30369,0.0,0.0,0.0,0.0,0.0,0.0,0.0,0.0,0.0,0.0,0.0,1256.09,-0.0966621,0.0,0.0,0.0,0.0,0.0,0.0,0.0,0.0,0.0,0.0191601,0.375751,5722.11,-208.314,0.0,4.62e-08,0.0,-6.75e-09,53.8664,-0.0338154,53.8664,0.0,1.43882,1.455,0.192227,4476.52,20.3194,0.0,-3.1e-18,0.0,5.21e-16,16.4847,-0.0172998,16.4847,0.0,2.40489,999.0,4.0,2.0,34.99134975393917,gaze,0.5577045943484396,0.3606690151450539,-39.42479794173235,103.15876110279382,737.8954961838876,28.089063253882955,-0.09568470510845928,-34.05180983101536,-0.07315366138682992,0.21860719881829735,0.9690206233406076,5.161475015294827,-30.23873921525838,-1.1480702749647882,-34.01963081797494,-0.061686276391031365,0.1520298612649215,0.9858722972658346,5.0992627064926195,-0.6793930139167971,-0.33153650611242713,-34.183120184950646,-0.07344804452388853,0.1763506533649327,0.9784756272829237,5.167452051538582,5.904921361956441,True,-0.08613513882011127,imu,-0.19182749993729709,-9.722601164923717,1.9753163582968236,7.0222438219727605,-1.0135486840624546,-1.9597371302368163,73.52433112353805,-2.7766518665620414,0.49568676410794377
231.232685,0.5440111391249488,-0.18503083754090682,4510.992100071346,7.416069707067164,-0.04664401290401457,-0.5566266191690098,-179.7605744800607,18229.043506124897,0.0011808805066396465,-0.5565475735627053,0.28715674191786666,-0.033149567527032624,-0.04664401290401457,-0.37156973203726773,-0.40409684439097415,-0.0026304218433197708,65.70211418503744,-0.010033455353631628,0.543949402912232,-0.18498492284188156,65.70527967378196,-179.8683650822808,0.16722936963720902,-0.6370023842910921,0.0,0.28764006804349823,1.5380869374195274,0.11506511042993939,-1.1301081260795645,-0.1040770004599041,0.0,0.0,1779.9499999999987,-3.303690000000002,0.0,0.0,0.0,0.0,0.0,0.0,0.0,0.0,0.0,0.0,0.0,1256.0899999999997,-0.09666209999999992,0.0,0.0,0.0,0.0,0.0,0.0,0.0,0.0,0.0,0.019147122532324548,0.3757504763894105,5722.116371179201,-208.33465651427431,0.0,4.3142114037378777e-08,0.0,-6.746871857915068e-09,53.866479867179784,-0.03380946847124249,53.866479867179784,0.0,1.4388182642413545,1.4712762089952278,0.1592426980038729,4476.514400619827,20.326930885560188,0.0,-2.825308959285595e-18,0.0,8.08437256669043e-16,16.228824111897936,-0.014313625123784925,16.228824111897936,0.0,2.2173936323694887,999.0000000000001,4.032187378940369,1.9936534486646895,35.00465625221658,gaze,0.5573784464952956,0.3608313301606281,-39.25979458192629,103.2179839554411,738.1842716876436,28.093041641420275,-0.08710982204610211,-34.0532656539413,-0.07274789169427484,0.21846523199305526,0.9690477200872838,5.160954263236751,-30.23452534245836,-1.1524061226333675,-34.01599227173614,-0.06146741180142913,0.15189394099274897,0.9859042661237789,5.098526051609309,-0.6793439493852119,-0.33578850947138117,-34.179582693288,-0.07309605065159606,0.17624172892089446,0.9785102326541215,5.16669841251596,5.926818799859086,True,-0.08624231011876955,imu,-0.3355637208,-9.6260730104,1.9906525184,6.69194192,-2.10152172,-3.07019813,73.51696351074759,-2.78066108982128,0.5055071164991446
231.237132,0.5431828204902251,-0.18410489156340376,4510.910970257267,7.4161223179592906,-0.04668655731166166,-0.5567368576714556,-179.76147987436033,18231.28270939115,0.0011686231933184454,-0.5566582659405929,0.2916597575565508,-0.03217666010891693,-0.04668655731166166,-0.37615221664718834,-0.40017505799126124,-0.002615316392052147,65.71059050662326,-0.009783049601004137,0.5431315234565888,-0.18405812800911558,65.7137559613345,-179.8699761177026,0.15870706467183548,-0.6436658566591208,0.0,0.2869615024174272,1.5272152305091649,0.13575608595849487,-1.1386550711948622,-0.10393126468986565,0.0,0.0,1779.9499999999991,-3.3036900000000027,0.0,0.0,0.0,0.0,0.0,0.0,0.0,0.0,0.0,0.0,0.0,1256.0899999999995,-0.09666209999999993,0.0,0.0,0.0,0.0,0.0,0.0,0.0,0.0,0.0,0.019103746009188342,0.3757547732622785,5722.128696568865,-208.40003677313192,0.0,4.304531124607507e-08,0.0,-6.750038119330368e-09,53.86678234505175,-0.03380994522366421,53.86678234505175,0.0,1.438826636797235,1.463178227566933,0.1609148321610132,4476.515652229563,20.30625719749793,0.0,-2.8356189318610705e-18,0.0,8.092392035594089e-16,16.255507128015367,-0.014464295329966306,16.255507128015367,0.0,2.232073227452233,999.0000000000003,4.031898667937074,1.9936986374275751,34.92333308582606,gaze,0.5257088351097922,0.4008821954113749,-38.44791756366185,103.9492691578048,741.1352465909117,28.49588022609287,0.256439135190111,-34.32969777978278,-0.048892450243898,0.1553343247751147,0.9866512939513166,5.182645320892334,-29.81459265238614,-1.706823823759263,-33.63737955693521,-0.0475986466110876,0.1119463877493877,0.992573611935486,5.091076850891113,-0.6854388742223868,-0.6994219566174251,-34.05070567485491,-0.0480737136459198,0.1291449210618857,0.990262797099396,5.180308485031128,5.889672173145405,True,0.0,imu,-0.2005080038329824,-9.724300069404885,1.9697058558753417,7.217851421178264,-0.9978912120605322,-1.8878197545150661,73.47112619002347,-2.8065762907530343,0.567511431480196
231.241149,0.5424232813395735,-0.1832423276280537,4510.837676225691,7.416171147587627,-0.046719393408234056,-0.5568340329299579,-179.76231985860787,18233.306484162855,0.0011573637846255009,-0.5567558515373258,0.29544503535483635,-0.03129431556794027,-0.046719393408234056,-0.38022562982402286,-0.39656950314429207,-0.0026016597762605585,65.71823649809217,-0.009554676182518027,0.5423814735731167,-0.18319479783479725,65.72140188463418,-179.8714359680826,0.1509677023324079,-0.6496027186768253,0.0,0.2863450766890279,1.5170941529996205,0.15093429266226344,-1.146581794762685,-0.10379964784698811,0.0,0.0,1779.949999999999,-3.3036900000000013,0.0,0.0,0.0,0.0,0.0,0.0,0.0,0.0,0.0,0.0,0.0,1256.0899999999995,-0.09666209999999993,0.0,0.0,0.0,0.0,0.0,0.0,0.0,0.0,0.0,0.019064648062730182,0.37575864636496703,5722.13983651892,-208.4590942247495,0.0,4.2957979323852694e-08,0.0,-6.752897977123335e-09,53.867054986720355,-0.03381037642634668,53.867054986720355,0.0,1.4388341836585568,1.4558024478772016,0.16243561184125294,4476.516789410535,20.287556140969105,0.0,-2.844771164089544e-18,0.0,8.099263537069375e-16,16.27964960820569,-0.01460132893296787,16.27964960820569,0.0,2.2453978096815064,999.0000000000002,4.0316329773887905,1.9937404988193423,34.8498616216091,gaze,0.5534123101470405,0.36279403507764896,-37.29811926920165,104.75643093223842,745.0640255197037,28.141435881719183,0.025464873543657656,-34.07745754409575,-0.06780637506093472,0.21675088225944938,0.9693748133838415,5.154558111554665,-30.183314441869456,-1.2051745385793469,-33.97164923437092,-0.05881820706477147,0.1502516918857096,0.9862902375278984,5.089517383063812,-0.6790581183631142,-0.3875986618712122,-34.13641360530626,-0.0688179526376328,0.17492852721382687,0.9789281380711599,5.157476347738426,6.228471839191646,True,-0.08765555421148029,imu,-0.376836264,-9.7068236384,1.9703153232,6.81157248,-2.13142936,-3.13749032,73.43263599954227,-2.829818245797087,0.6209522955208179
231.248,0.481567,0.075598,4510.71,7.42873,0.0375106,-0.532861,-179.835,18236.4,-7.1e-05,-0.532764,0.324073,-0.0432677,0.0375106,-0.377214,0.062393,-0.00323864,65.648,-0.00293654,0.481535,0.0756161,65.6509,-179.835,0.518787,0.263084,0.0,0.312575,1.089,0.0,-1.0,-0.108684,0.0,0.0,1779.95,-3.30369,0.0,0.0,0.0,0.0,0.0,0.0,0.0,0.0,0.0,0.0,0.0,1256.09,-0.0966621,0.0,0.0,0.0,0.0,0.0,0.0,0.0,0.0,0.0,0.018999,0.375768,5722.16,-208.559,0.0,4.51e-08,0.0,-6.76e-09,53.8675,-0.0338241,53.8675,0.0,1.43886,1.455,0.197169,4476.52,20.2424,0.0,-2.96e-18,0.0,4.97e-16,16.5718,-0.0177478,16.5718,0.0,2.45353,999.0,4.0,2.0,34.701356383474426,gaze,0.5502877063941526,0.36432521628979614,-36.175550911410205,106.37253551521565,749.5453559858882,28.179582078280934,0.12364166278026456,-34.104929053491546,-0.06390364421140922,0.2154166082715435,0.9696292106708195,5.149432456591771,-30.143012955337653,-1.2468041829936196,-33.936584235898636,-0.056747839600935976,0.14897226218429524,0.9865905178018739,5.08235130885671,-0.6792178092683654,-0.42855662974484837,-34.102198735797764,-0.06545075573064771,0.17390938796623623,0.9792534031039655,5.150132739492619,6.553832758200446,True,-0.08891835514495378,imu,-0.21881414418805017,-9.727780463552522,1.9581804727584908,7.684224299527088,-0.9354899472579276,-1.7949110078705748,73.37317790374907,-2.869091961588738,0.706609496068567
231.249613,0.5407877677977914,-0.1813430356702087,4510.683214417128,7.416278001383025,-0.046770916169902144,-0.5570312752944313,-179.76415760331025,18237.573926892197,0.0011330572527826347,-0.5569539593654486,0.30254236390885786,-0.029424306095080843,-0.046770916169902144,-0.38859220931507,-0.3887765236718027,-0.0025728555640918693,65.73431302320395,-0.00906676593925354,0.5407661360403617,-0.1812938934526459,65.73747814966592,-179.87452529942425,0.13453763194945376,-0.661850006890604,0.0,0.2850354651433332,1.4948380912902273,0.17126130285291813,-1.1639401928895625,-0.10352241063127501,0.0,0.0,1779.949999999999,-3.3036900000000013,0.0,0.0,0.0,0.0,0.0,0.0,0.0,0.0,0.0,0.0,0.0,1256.0899999999995,-0.09666209999999993,0.0,0.0,0.0,0.0,0.0,0.0,0.0,0.0,0.0,0.018982528143529867,0.3757667814912342,5722.163328646269,-208.5835281307575,0.0,4.277430866642567e-08,0.0,-6.758923068677109e-09,53.867627632312676,-0.03381128669200662,53.867627632312676,0.0,1.438850035301829,1.4400812863530745,0.16567207735457323,4476.519206120619,20.248070191373778,0.0,-2.8635528879689654e-18,0.0,8.112578332934046e-16,16.330641200021773,-0.014892963007699636,16.330641200021773,0.0,2.2736734716933036,999.0000000000001,4.031058190497681,1.9938318955623708,34.69501735563164,gaze,0.5495630955685422,0.36467832383725557,-36.012202295526244,106.64060209465248,749.4576780584331,28.188431034520228,0.14742269623267426,-34.112348412936136,-0.06299730171568553,0.21510933055800335,0.9696877713029461,5.148232325324696,-30.133672567371484,-1.256465942731331,-33.92843530126836,-0.05626991792332661,0.14867744266864355,0.9866596526259667,5.080680357159411,-0.6793005375582238,-0.4380735923782085,-34.094237084168036,-0.06467030477712266,0.17367507401204235,0.9793283090890048,5.148419362189467,6.645226807545834,True,-0.08923090095143726,imu,-0.3666676664,-9.7265626808,1.896144376,7.00597214,-1.82487605,-2.86084465,73.36028456071074,-2.87827171834634,0.7257909791526401
231.257112,0.5392989486217237,-0.17956678976052426,4510.546331489677,7.416377045517347,-0.04679616778750842,-0.5571974632808117,-179.76586145207673,18241.358363030973,0.001110861413069262,-0.5571209148140177,0.3078344945817077,-0.02775523963717364,-0.04679616778750842,-0.395744344094156,-0.3816497732587454,-0.002547312561083246,65.74851735166409,-0.008626951475204939,0.5392953941190617,-0.17951622186021177,65.75168211554777,-179.87727631006942,0.11984821442770446,-0.6723957333110924,0.0,0.28386298080460687,1.474070395798104,0.17567468100183187,-1.180084702710974,-0.10327688035963893,0.0,0.0,1779.949999999999,-3.303690000000002,0.0,0.0,0.0,0.0,0.0,0.0,0.0,0.0,0.0,0.0,0.0,1256.0899999999995,-0.09666209999999995,0.0,0.0,0.0,0.0,0.0,0.0,0.0,0.0,0.0,0.01891006591980228,0.3757739601135382,5722.1841647638375,-208.69377186055516,0.0,4.261196329933912e-08,0.0,-6.764260367249356e-09,53.868132930725714,-0.03381209509692003,53.868132930725714,0.0,1.438864023263077,1.4259608999143687,0.16857595123557834,4476.521370831952,20.212993282815383,0.0,-2.8796202965474732e-18,0.0,8.123048079825286e-16,16.375956838031748,-0.015154632513122927,16.375956838031748,0.0,2.2989521699161406,999.0000000000002,4.03053231470823,1.9939164288211189,34.55778587086023,gaze,0.5245946181822696,0.3974820283907257,-36.65997698128058,106.9229944947434,740.833736405184,28.50192021625248,0.2688372215849055,-34.32409077648575,-0.049326833192173,0.1581115233143502,0.9861884250600628,5.17242956161499,-29.81315117144816,-1.696337703640422,-33.62913001884326,-0.042608403527454,0.1167332230923045,0.9922488995082454,5.089501857757568,-0.6712775236483874,-0.7200950824082908,-34.009808302065096,-0.0486263880353304,0.1308765283228569,0.989975748296281,5.159775924682617,7.214311673344476,True,0.0,imu,-0.23408126426887896,-9.730576968178545,1.9488862868704568,8.104770633474008,-0.8579199398962069,-1.7827881907782326,73.30569239852863,-2.920615799113998,0.8101628229370873
231.258076,0.5391048515801086,-0.1793320361674297,4510.52873296928,7.416390068492413,-0.046798001676467,-0.5572182397596839,-179.7660855619783,18241.845086536203,0.0011079630824972885,-0.5571417899784677,0.3084469347724489,-0.027539847999875466,-0.046798001676467,-0.3966450878211654,-0.3807184643074206,-0.002544028034269047,65.75034059994728,-0.008569904512164897,0.5391036343990427,-0.17928128522524972,65.7535053082039,-179.87763082856358,0.11795124078991043,-0.6737301050840898,0.0,0.28371142846883657,1.4713295377669238,0.17532263822495828,-1.1822134699697076,-0.1032453241434093,0.0,0.0,1779.949999999999,-3.3036900000000013,0.0,0.0,0.0,0.0,0.0,0.0,0.0,0.0,0.0,0.0,0.0,1256.0899999999992,-0.09666209999999992,0.0,0.0,0.0,0.0,0.0,0.0,0.0,0.0,0.0,0.018900770916081024,0.3757748809579036,5722.186844782007,-208.70794352719383,0.0,4.259111979050266e-08,0.0,-6.764946421000956e-09,53.8681977471753,-0.03381219914813626,53.8681977471753,0.0,1.4388658175888425,1.424133396644038,0.16895172736665864,4476.5216507206,20.208477805438374,0.0,-2.8816465145148875e-18,0.0,8.124303063628051e-16,16.381791518364597,-0.015188494211019015,16.381791518364597,0.0,2.302217214468693,999.0000000000001,4.0304635999274705,1.993927534439606,34.5401418842199,gaze,0.5458295902977861,0.366485342410407,-35.89122164249703,106.65586192373006,738.6605590137646,28.23404133888685,0.2748909164819678,-34.15671458833545,-0.05831942493914009,0.21353949529324914,0.9699867714437159,5.1419767460101555,-30.085582590456468,-1.3062955604032727,-33.886341206815985,-0.053821265112071144,0.14717015422691593,0.9870127205701603,5.072013804886907,-0.6799821610833912,-0.4872256811999199,-34.05304617247069,-0.06065170118754093,0.17248044977204713,0.9797109688451563,5.139526287052083,7.23400094066782,True,-0.09096441703237446,imu,-0.35889168,-9.6822993736,1.863245972,7.11812579,-1.45850746,-2.71878336,73.29929975992374,-2.926019407696575,0.8204447723960552
231.264,0.511683,0.0745762,4510.42,7.4279,0.0384486,-0.53356,-179.831,18244.4,-8.18e-05,-0.533463,-0.0445605,-0.043807,0.0384486,-0.626733,0.0553298,-0.00324157,65.6771,-0.00340357,0.511693,0.074602,65.68,-179.831,0.282871,0.265376,0.0,0.315867,1.08,0.0,-1.0,-0.107958,0.0,0.0,1779.95,-3.30369,0.0,0.0,0.0,0.0,0.0,0.0,0.0,0.0,0.0,0.0,0.0,1256.09,-0.0966621,0.0,0.0,0.0,0.0,0.0,0.0,0.0,0.0,0.0,0.018838,0.375785,5722.2,-208.803,0.0,4.39e-08,0.0,-6.77e-09,53.8686,-0.0338327,53.8686,0.0,1.43889,1.455,0.20211,4476.53,20.1654,0.0,-2.81e-18,0.0,4.73e-16,16.6589,-0.0181957,16.6589,0.0,2.50217,999.0,4.0,2.0,34.41136319023127,gaze,0.5432838760468223,0.3677051141193276,-36.45484830091637,105.77630541565479,725.5591741926188,28.26515779154745,0.3655137045032163,-34.192703523965704,-0.05512173132080121,0.21248251074394836,0.9701878986152104,5.137638764556039,-30.052827912176056,-1.340320795063144,-33.85753150932733,-0.05216550620256262,0.14615415361453116,0.9872502970472793,5.066046961763428,-0.6806756535244746,-0.5208577132583009,-34.02479018464732,-0.05791421394014629,0.1716785776377505,0.9799685780755597,5.13339694668597,7.764043648372995,True,-0.09227009491123973,imu,-0.24557222129084752,-9.73261820307839,1.9420815549735957,8.422906056571765,-0.7871860200748108,-1.8144451236559493,73.2630467510499,-2.959027605069788,0.8808760624221528
231.26654,0.5373741916326238,-0.17720768833528905,4510.374195445191,7.416507183505132,-0.04680007199872652,-0.5573948847843136,-179.76810219169914,18246.120757496297,0.0010820747015722935,-0.5573193015668083,0.3131611557082874,-0.02564058238537694,-0.04680007199872652,-0.40436203778965685,-0.3723930771632968,-0.002515186106550958,65.76632174808414,-0.008064100256386084,0.537393625650336,-0.17715533284371282,65.76948587962781,-179.8807513634796,0.10121507098678406,-0.6852330494584612,0.0,0.28237269379323865,1.4465722211331666,0.16363373908796774,-1.2014378944384037,-0.10296832568674963,0.0,0.0,1779.949999999999,-3.3036900000000022,0.0,0.0,0.0,0.0,0.0,0.0,0.0,0.0,0.0,0.0,0.0,1256.0899999999995,-0.09666209999999993,0.0,0.0,0.0,0.0,0.0,0.0,0.0,0.0,0.0,0.018819355567772533,0.37578294682306573,5722.210390484569,-208.83236981219855,0.0,4.240836560822715e-08,0.0,-6.770969457641789e-09,53.86876547643075,-0.033813113996037966,53.86876547643075,0.0,1.4388815345264714,1.407974746584894,0.17227535192932472,4476.524124050539,20.168769714344798,0.0,-2.8990509416899613e-18,0.0,8.134428259550063e-16,16.43311126053507,-0.015487993681654441,16.43311126053507,0.0,2.3310357257719523,999.0000000000002,4.029849584259454,1.9940273431324482,34.38519874106691,gaze,0.5422092777543361,0.36821686099850665,-36.791795835483555,105.60248238302545,721.713416710004,28.27829697281461,0.4043943154300048,-34.20923934734142,-0.053769860918883285,0.2120397533750352,0.9702720950426337,5.135789008852446,-30.039010603628533,-1.3546960316379215,-33.845342926891355,-0.05147011971467349,0.14572826784952944,0.9873497728457652,5.063513510373959,-0.6810195695102437,-0.5350845182160734,-34.0128194475805,-0.05675933352112771,0.17134332403901895,0.9800764731039596,5.130792827522886,8.02196357589408,True,-0.09285282231393178,imu,-0.4091365152000001,-9.6165025656,1.8441050824,7.25271017,-1.10709269,-2.71878336,73.24906715548323,-2.973076108812233,0.9053591723841057
231.275003,0.5355962588205847,-0.1749693330326063,4510.219638434721,7.416629121345698,-0.04677653576981794,-0.5575610821932009,-179.77020493821038,18250.39973665531,0.0010553977861374722,-0.557486365268312,0.3166870887133972,-0.023727045560970363,-0.04677653576981794,-0.41171650772748164,-0.3638020525766613,-0.0024863526417852446,65.78225142509169,-0.0075496036255586554,0.5356365688091012,-0.1749153784175565,65.78541482129084,-179.88388419460082,0.08434389101794927,-0.6963433454299179,0.0,0.2810196197720533,1.420582650558403,0.13779261507262336,-1.2216374114289739,-0.10269148369146258,0.0,0.0,1779.9499999999991,-3.303690000000002,0.0,0.0,0.0,0.0,0.0,0.0,0.0,0.0,0.0,0.0,0.0,1256.0899999999997,-0.09666209999999995,0.0,0.0,0.0,0.0,0.0,0.0,0.0,0.0,0.0,0.01873829985205305,0.3757909773241044,5722.233960191252,-208.9567775805913,0.0,4.2226085605833454e-08,0.0,-6.776990755477773e-09,53.869330696270886,-0.03381403100298917,53.869330696270886,0.0,1.4388971826766417,1.3916298141957444,0.1756421726760118,4476.526625789641,20.12895539266327,0.0,-2.915756822284423e-18,0.0,8.142939652890745e-16,16.48458683328707,-0.015791391222617135,16.48458683328707,0.0,2.3601220951358033,999.0000000000002,4.029216816199881,1.9941312011880339,34.230224680387316,gaze,0.5387013917887686,0.3698738017509872,-37.839902258138814,108.04294075518601,731.4729816749142,28.32120672906446,0.5327377113307104,-34.26849075093178,-0.04934791992057932,0.21060921792621826,0.970543883708291,5.129669696798955,-29.993945247260903,-1.4016766192778125,-33.805436171244224,-0.04921549964654125,0.14435093258662862,0.987670975977453,5.055179329875255,-0.682334177932524,-0.5816566312969794,-33.973554805846604,-0.05299227746653129,0.17026292653755382,0.9804249988240756,5.12221887111063,9.010677715085553,True,-0.09489201034558294,imu,-0.4205014184,-9.555490980000002,1.8135992896,7.98544735,-0.7855855599999999,-2.5243837,73.20901440583638,-3.0194342233414293,0.9809282222145177
231.277204,0.5351260952413736,-0.17436833299380672,4510.179436114197,7.416661601658311,-0.046766145528705366,-0.5576025865718734,-179.77076569081734,18251.513187357716,0.0010483301003037103,-0.5575280948583972,0.3174100929836274,-0.023227021667443212,-0.046766145528705366,-0.41356686263172515,-0.361524044591993,-0.00247885666946609,65.78638602799981,-0.00741437949425279,0.5351718708585184,-0.17431396345665473,65.7895492069235,-179.88470078713692,0.07993507413808235,-0.6991671475996658,0.0,0.2806653514971659,1.4136225354268377,0.12904179253523548,-1.2270537661615055,-0.10261950515172474,0.0,0.0,1779.9499999999991,-3.3036900000000022,0.0,0.0,0.0,0.0,0.0,0.0,0.0,0.0,0.0,0.0,0.0,1256.0899999999997,-0.09666209999999995,0.0,0.0,0.0,0.0,0.0,0.0,0.0,0.0,0.0,0.018717276593560993,0.3757930602221803,5722.240094430613,-208.9891320888035,0.0,4.217875315960136e-08,0.0,-6.778556565744718e-09,53.869477295941905,-0.03381426986117006,53.869477295941905,0.0,1.4389012414096716,1.3873507393302853,0.17652493463512758,4476.527281160367,20.118582589830908,0.0,-2.9199868263152897e-18,0.0,8.144887590768818e-16,16.498000590209884,-0.01587094128839347,16.498000590209884,0.0,2.3677311105741747,999.0000000000002,4.02904923172467,1.9941588651456608,34.18991202439522,gaze,0.5242309018176916,0.3948199404051558,-36.05683330135052,109.2422373803156,740.4926307976655,28.50908023299903,0.3187099760095467,-34.34031969649371,-0.0493711271804715,0.163032874531016,0.9853720219833284,5.168112859175269,-29.808773068555197,-1.6972174543552074,-33.619372288526776,-0.0410387449772947,0.117671385645296,0.9922025693410544,5.074513652947345,-0.6637826510449198,-0.7211106955376858,-33.987209041380574,-0.0484889030542107,0.1341187374479143,0.9895291357466984,5.143902477033184,9.545344627530785,True,0.0,imu,-0.26747805807923414,-9.736358354426907,1.9295629632817406,8.98637028309994,-0.6299214154233534,-1.9721169577535187,73.2001941665982,-3.031377615261315,0.9991023788646758
231.28,0.529562,0.0758022,4510.12,7.42704,0.0392541,-0.534283,-179.827,18252.6,-6.89e-05,-0.534185,-0.266906,-0.0456263,0.0392541,-0.333872,0.0475617,-0.00324404,65.7065,-0.00384079,0.529577,0.0758328,65.7094,-179.827,1.00924,0.267254,0.0,0.312575,1.08,0.0,-1.0,-0.107214,0.0,0.0,1779.95,-3.30369,0.0,0.0,0.0,0.0,0.0,0.0,0.0,0.0,0.0,0.0,0.0,1256.09,-0.0966621,0.0,0.0,0.0,0.0,0.0,0.0,0.0,0.0,0.0,0.018684,0.3758,5722.25,-209.04,0.0,4.34e-08,0.0,-6.78e-09,53.8697,-0.0338327,53.8697,0.0,1.43892,1.455,0.20704,4476.53,20.0901,0.0,-2.69e-18,0.0,4.51e-16,16.7433,-0.0186388,16.7433,0.0,2.55024,999.0,4.0,2.0,34.111370381173366,gaze,0.5366820838202453,0.3708177627587102,-38.031636424406095,111.93999901575685,755.2320431871556,28.345921200175113,0.6068179143470003,-34.30603352609332,-0.046795931515215654,0.20979646556582834,0.9706981071813503,5.126087962888417,-29.96803209187355,-1.428760788323181,-33.782377706697055,-0.047928824273785475,0.1435674299700865,0.9878533075985774,5.050335046163418,-0.6832106990136642,-0.6085609549457843,-33.95081570087367,-0.05082588699720546,0.1696511568250566,0.9806229413573059,5.11722988513915,9.681840972171422,True,-0.0961654803384631,imu,-0.27209592675715644,-9.737121500314485,1.9269999504771804,9.09195931875912,-0.5938599871866431,-2.021320819573908,73.189910782937,-3.0464825348330264,1.0213297398195549
231.283467,0.5337707002014347,-0.1726152843463189,4510.065025488886,7.4167557078167965,-0.04672678978406963,-0.5577167840817996,-179.77239214090332,18254.68285766197,0.0010279257933215665,-0.5576429328912575,0.3190308917623382,-0.02179887394235415,-0.04672678978406963,-0.41868499894547534,-0.3549431506791409,-0.002457537192079108,65.7981321306114,-0.0070264292130448255,0.5338321086905675,-0.17255973654358886,65.80129463242409,-179.8870280428257,0.06734488723373952,-0.7070508361621255,0.0,0.2796519312864592,1.3933667467292377,0.10027267690550298,-1.2428382649301937,-0.10241473590628522,0.0,0.0,1779.9499999999987,-3.3036900000000013,0.0,0.0,0.0,0.0,0.0,0.0,0.0,0.0,0.0,0.0,0.0,1256.0899999999992,-0.0966620999999999,0.0,0.0,0.0,0.0,0.0,0.0,0.0,0.0,0.0,0.01865758313544717,0.37579897450147143,5722.257559473143,-209.08119622905582,0.0,4.2044233107107886e-08,0.0,-6.7830117375698385e-09,53.86989355056898,-0.03381495036690883,53.86989355056898,0.0,1.4389127660118204,1.3751162801306533,0.1790529841699193,4476.529156794128,20.089025527160892,0.0,-2.931763013195565e-18,0.0,8.149827746564688e-16,16.536228857703286,-0.016098758375260754,16.536228857703286,0.0,2.389483052075017,999.0,4.028565682222001,1.9942390343629757,34.075183227957375,gaze,0.5353034939015969,0.37145787613845,-37.81482165704361,114.93247060935975,774.0072526258109,28.362799855782647,0.6571151211477616,-34.332987369665055,-0.04505080511574023,0.20924632003451632,0.9708024092231949,5.123616491470536,-29.950353677777947,-1.4472689680665545,-33.766597624761545,-0.04705534650985288,0.1430366417108372,0.9879766502456868,5.047007156235304,-0.6838530482316919,-0.6269707317834644,-33.93523143449011,-0.049347812697171624,0.1692379717781543,0.9807568897769917,5.113800231692952,10.181527551814138,True,-0.0970788311486137,imu,-0.46356842,-9.597959828800002,1.7836916496,8.72566144,-0.2696787700000001,-2.38979932,73.17856329204574,-3.065108238454066,1.0475750778710993
231.29193,0.5318980196754785,-0.1701449462424206,4509.91039322123,7.416886704401584,-0.046650241542957466,-0.5578618657499285,-179.7746610463758,18258.968939238748,0.0009996651809231285,-0.5577888790294601,0.32019946700536517,-0.019856612851150174,-0.046650241542957466,-0.4252402241240383,-0.3458183232408083,-0.0024287632499224894,65.81395884905464,-0.006494842070881281,0.5319807368294801,-0.17008781246809568,65.81712029743713,-179.8901800988392,0.05023361012562882,-0.7173402103768651,0.0,0.2782699984869557,1.3649444281922096,0.05424803722138511,-1.2650463177019924,-0.1021381510965064,0.0,0.0,1779.9499999999991,-3.303690000000002,0.0,0.0,0.0,0.0,0.0,0.0,0.0,0.0,0.0,0.0,0.0,1256.0899999999997,-0.09666209999999995,0.0,0.0,0.0,0.0,0.0,0.0,0.0,0.0,0.0,0.01857722301959156,0.3758069366074487,5722.281182754875,-209.20559635456533,0.0,4.1862847584092086e-08,0.0,-6.7890309812814664e-09,53.870453916577006,-0.033815871849509085,53.870453916577006,0.0,1.4389282811228128,1.358460420231502,0.18250697120053083,4476.531716732231,20.048989652914994,0.0,-2.947060788167775e-18,0.0,8.155079780160613e-16,16.588023509948464,-0.01641002161327908,16.588023509948464,0.0,2.4191114706753734,999.0000000000001,4.02789688012687,1.9943507165617316,33.92011117671768,gaze,0.5320147900633194,0.37297001797629403,-35.68433096572467,117.18104542457074,785.2488056288206,28.40308548423045,0.7749785071997644,-34.40115995838076,-0.040877793525808004,0.2079501616655865,0.9710478165143848,5.117629958149884,-29.908224179185662,-1.4914826835326713,-33.728822678340876,-0.04498865766494482,0.14178453531156776,0.9882669659271953,5.038996798249658,-0.6855075617242591,-0.6710336809612398,-33.89784693425666,-0.04582498479718489,0.16826768088298763,0.9810723269507098,5.10553675553787,11.499475189454461,True,-0.09940916551011905,imu,-0.4139217376000001,-9.6296619272,1.785486108,9.42849098,0.2910894799999997,-2.14306129,73.1571677163697,-3.1100909028366415,1.1056804291993345
231.296,0.497768,0.0773036,4509.83,7.42616,0.0399676,-0.53501,-179.823,18260.8,-3.77e-05,-0.534913,0.193705,-0.0457434,0.0399676,-0.458948,0.0419146,-0.00324723,65.7359,-0.0042671,0.497742,0.0773327,65.7388,-179.823,0.423524,0.26801,0.0,0.319158,1.062,0.0,-1.0,-0.106451,0.0,0.0,1779.95,-3.30369,0.0,0.0,0.0,0.0,0.0,0.0,0.0,0.0,0.0,0.0,0.0,1256.09,-0.0966621,0.0,0.0,0.0,0.0,0.0,0.0,0.0,0.0,0.0,0.0185354,0.375814,5722.29,-209.271,0.0,4.34e-08,0.0,-6.79e-09,53.8707,-0.0338259,53.8707,0.0,1.43895,1.455,0.211962,4476.54,20.0162,0.0,-2.57e-18,0.0,4.32e-16,16.8256,-0.0190781,16.8256,0.0,2.59785,999.0,4.0,2.0,33.821377704428215,gaze,0.5304714682475598,0.3736720678835316,-33.778310399851634,113.0474830988866,754.3550911906686,28.42200124948253,0.8286837207008129,-34.434788151780374,-0.03891442270907111,0.2073501677202135,0.9711612370822128,5.1147741657536985,-29.888475728509064,-1.5122627850454429,-33.71102912236036,-0.04402749928451344,0.1412041214067589,0.9884011986026646,5.0352011355494675,-0.6863327550915554,-0.6917858375394769,-33.880197440720565,-0.044173425096034356,0.16782017464949425,0.9812182570524958,5.101616979160597,12.172486792587177,True,-0.10058000333124859,imu,-0.2983796315228582,-9.741297402598418,1.9129161731742024,9.55665025942994,-0.376376780629747,-2.4004774369055633,73.14994238886077,-3.131480619866056,1.1307001419272322
231.297186,0.5307111859776575,-0.1685515473886428,4509.814338982979,7.416970194046557,-0.04658893837490527,-0.5579465942140733,-179.7761104048785,18261.632508777635,0.0009817152267048684,-0.5578741435689837,0.32033792385477333,-0.018643192465398493,-0.04658893837490527,-0.42909238079865963,-0.34001687468888425,-0.002410919654586445,65.82376134829333,-0.006160495111014658,0.530807240727294,-0.1684934325780308,65.82692206224361,-179.8921410939399,0.0395542364007233,-0.7235150479451815,0.0,0.2774045106551584,1.3466902031173322,0.022973417540325017,-1.2793462574942522,-0.10196644347961138,0.0,0.0,1779.949999999999,-3.303690000000002,0.0,0.0,0.0,0.0,0.0,0.0,0.0,0.0,0.0,0.0,0.0,1256.0899999999995,-0.09666209999999995,0.0,0.0,0.0,0.0,0.0,0.0,0.0,0.0,0.0,0.018527488910054294,0.37581186440847175,5722.295867628617,-209.2828539181575,0.0,4.175041969165985e-08,0.0,-6.792768753975992e-09,53.87080072092445,-0.03381644525309949,53.87080072092445,0.0,1.4389378835866011,1.3480537244912496,0.18467401989479798,4476.533321430086,20.024069429465158,0.0,-2.9562038211889665e-18,0.0,8.157513736280954e-16,16.620270061218633,-0.01660531232575293,16.620270061218633,0.0,2.437648662244378,999.0000000000002,4.027472826585508,1.9944219763762714,33.82377814258361,gaze,0.5238691767332304,0.3921724268610766,-35.4569917219976,111.5487828381838,740.1533926805325,28.51620104997243,0.3683096862879092,-34.35645976615323,-0.0494151786673411,0.1679272822560501,0.9845600885630962,5.163819789886475,-29.80441893496933,-1.698092388596838,-33.60966797998687,-0.039477680018641,0.118604411931075,0.992156492822997,5.05960750579834,-0.6558069025397796,-0.7091676456016904,-33.9788805658993,-0.0471988912414937,0.1373414637038378,0.9891281795437412,5.130849250562237,11.469786774949537,True,0.0,imu,-0.3003182055222322,-9.74159410034326,1.9119114036695273,9.580047457226668,-0.3597829576479099,-2.434710768427177,73.1481989172713,-3.1376839562002337,1.1376425624563478
231.300394,0.5299778525685133,-0.16755658704716858,4509.755705170875,7.417021927752709,-0.04654626187086458,-0.5579962728102211,-179.77700987457027,18263.25882649734,0.000970609443509791,-0.5579241489886548,0.32020266435939515,-0.01789989409474782,-0.04654626187086458,-0.43135777643499307,-0.33642534104698846,-0.0024000410237374264,65.82973405911696,-0.005954863338866592,0.5300820859989233,-0.167497875062801,65.83289429458733,-179.89333899311612,0.03301791782571303,-0.7272011190371998,0.0,0.2768735441272481,1.3353239201585252,0.003361997554137597,-1.2882635214175016,-0.10186166747288014,0.0,0.0,1779.9499999999991,-3.303690000000002,0.0,0.0,0.0,0.0,0.0,0.0,0.0,0.0,0.0,0.0,0.0,1256.0899999999992,-0.09666209999999995,0.0,0.0,0.0,0.0,0.0,0.0,0.0,0.0,0.0,0.018497199048591907,0.37581486566499883,5722.304835620178,-209.33000735234717,0.0,4.168188277290919e-08,0.0,-6.795049909188188e-09,53.87101193692986,-0.03381679564522752,53.87101193692986,0.0,1.4389437319479694,1.3416814633117193,0.18600493253005634,4476.5343064765875,20.008838412510034,0.0,-2.961648965647604e-18,0.0,8.158686239639662e-16,16.63998133067396,-0.01672525285232341,16.63998133067396,0.0,2.4490141204672984,999.0000000000001,4.027210803610941,1.9944661717628536,33.764972044903764,gaze,0.5288329181687937,0.374411881423806,-31.143622219108796,104.07339237922584,689.1524427413966,28.442091952695822,0.8841424499568004,-34.471428423252824,-0.03682617347439231,0.20671922676875812,0.9712803681245739,5.111707823913634,-29.867524948475932,-1.5343484367332887,-33.692088711597656,-0.043013443620913014,0.14059315736872668,0.988542232351505,5.03114425527757,-0.6872346920536854,-0.7138733301594402,-33.86138109040218,-0.04242115953829909,0.1673508122239765,0.9813716423954849,5.097424362940487,12.918829738183696,True,-0.10187998985306272,imu,-0.3720510416,-9.6793086096,1.752587704,9.99673614,0.6873657099999999,-1.95613854,73.14428443884395,-3.15439639865435,1.155645790972991
231.308857,0.5280107358408047,-0.16484967538434192,4509.600997975027,7.417161125937698,-0.04641425758024226,-0.5581198840832653,-179.77943567534524,18267.551332527237,0.0009407658289170881,-0.55804862086468,0.3190521557531935,-0.015929271917511333,-0.04641425758024226,-0.4370100440229108,-0.32676642026605596,-0.002371394630380879,65.84545277370748,-0.005406772713190747,0.5281366802789834,-0.1647893942609312,65.8486116369053,-179.896501817117,0.01571414893545052,-0.7366184591673156,0.0,0.2754629498852663,1.3045286389146873,-0.04842921919714103,-1.3124633515826398,-0.10158535414627048,0.0,0.0,1779.949999999999,-3.303690000000002,0.0,0.0,0.0,0.0,0.0,0.0,0.0,0.0,0.0,0.0,0.0,1256.0899999999995,-0.09666209999999995,0.0,0.0,0.0,0.0,0.0,0.0,0.0,0.0,0.0,0.0184175286735073,0.37582275994118186,5722.328512481008,-209.45439982153295,0.0,4.150137813881278e-08,0.0,-6.801067099139129e-09,53.87156748993097,-0.033817721510150604,53.87156748993097,0.0,1.4389591151067462,1.3248072767331023,0.18954601580147246,4476.536925684209,19.968581401578124,0.0,-2.9755194524314715e-18,0.0,8.160635903914522e-16,16.69208826423389,-0.01704437520944397,16.69208826423389,0.0,2.479183658668978,999.0000000000002,4.026508173880839,1.9945852685632557,33.60980266426989,gaze,0.5257570576527724,0.3757844108976715,-25.075887651310886,79.44746805313575,508.98491589910304,28.47982871494801,0.9826624578351866,-34.542155118932165,-0.032895190206040426,0.20555260715299206,0.9715002121225065,5.1058506370983965,-29.828243931725076,-1.5758761588144348,-33.656390808452564,-0.04112868244374914,0.13946163995763103,0.9888026233410653,5.023449290480075,-0.6889753511078692,-0.7554968592629749,-33.825831217979264,-0.039135353923386365,0.16648657915590626,0.9816550209079812,5.089462860731989,14.386584765375545,True,-0.10448717528043198,imu,-0.3738455000000001,-9.7480961816,1.7448117176,10.40796619,1.08364194,-1.9262309,73.13939342254328,-3.1980178177358596,1.197838441807974
231.312,0.51646,0.0765754,4509.54,7.42526,0.0405931,-0.535748,-179.818,18269.0,-3.97e-05,-0.53565,0.090925,-0.0455443,0.0405931,-0.223674,0.0375496,-0.00325095,65.7656,-0.0046651,0.5165,0.0766138,65.7684,-179.818,-0.0768315,0.267993,0.0,0.312575,1.053,0.0,-1.0,-0.105669,0.0,0.0,1779.95,-3.30369,0.0,0.0,0.0,0.0,0.0,0.0,0.0,0.0,0.0,0.0,0.0,1256.09,-0.0966621,0.0,0.0,0.0,0.0,0.0,0.0,0.0,0.0,0.0,0.0183869,0.375828,5722.34,-209.502,0.0,4.34e-08,0.0,-6.8e-09,53.8718,-0.0338191,53.8718,0.0,1.43897,1.455,0.216884,4476.54,19.9423,0.0,-2.45e-18,0.0,4.12e-16,16.908,-0.0195174,16.908,0.0,2.64546,999.0,4.0,2.0,33.531385273316644,gaze,0.5246413248833615,0.37627678775779155,-22.785902307739264,70.97560820613312,444.95144877233423,28.493525035268874,1.016205893327484,-34.56821244478538,-0.03146555086849451,0.20513544691998986,0.9715786698448791,5.103691577181913,-29.81401126980109,-1.5909633658815427,-33.6433932695988,-0.040451393072709306,0.13905639285674662,0.9888955958951055,5.020630994860104,-0.6896142683671019,-0.7706501390294515,-33.812858541757464,-0.03794465961465608,0.16617879412218423,0.9817562643563073,5.086543864006602,14.932847429358185,True,-0.10548952350406414,imu,-0.32441788044247966,-9.74515288803543,1.8998109049056695,9.72246775905134,-0.15163318686930233,-2.9226440825606557,73.13950896765022,-3.2140458570051353,1.2116051319531689
231.317277,0.526006886927411,-0.162037442864513,4509.447039790029,7.417303353463024,-0.04625448334397875,-0.5582320806931731,-179.7819233575115,18271.824946381406,0.0009102891923170237,-0.5581616710020637,0.31677625886263855,-0.013954728222192576,-0.04625448334397875,-0.4421465544702549,-0.3168916411378137,-0.002342983162471078,65.86103616382789,-0.004853509923353455,0.526154619890711,-0.16197561033527796,65.8641935033051,-179.89965065119003,-0.0015785934676234778,-0.7455362942066959,0.0,0.2740453811843129,1.2727383381712207,-0.09686211310532182,-1.3374761108353637,-0.10131058527794629,0.0,0.0,1779.9499999999985,-3.303690000000001,0.0,0.0,0.0,0.0,0.0,0.0,0.0,0.0,0.0,0.0,0.0,1256.0899999999992,-0.0966620999999999,0.0,0.0,0.0,0.0,0.0,0.0,0.0,0.0,0.0,0.018338603163436773,0.37583058066063274,5722.352095626757,-209.578156456606,0.0,4.132222290720148e-08,0.0,-6.807052697234206e-09,53.87211784721062,-0.03381864480477575,53.87211784721062,0.0,1.4389743550350893,1.3079467269473541,0.19311227459669356,4476.539561392538,19.92841937837933,0.0,-2.9886045338683553e-18,0.0,8.160922106394055e-16,16.744082666311513,-0.017365771242714753,16.744082666311513,0.0,2.509467936312602,999.0,4.02579316835762,1.9947072826607968,33.455373663797666,gaze,0.5231195430273277,0.3796466249345168,-16.95847730098014,60.83422248220304,366.8941206277609,28.52227793178186,0.3828489695286237,-34.36507524440998,-0.0475106051242951,0.1714675433704567,0.984043507153634,5.163551330566406,-29.77230914718987,-1.628257646731262,-33.63604975191501,-0.0328996353989044,0.1311369876513923,0.9908181994999576,5.043783187866211,-0.6467885317450023,-0.6831584028481896,-33.984724285953256,-0.044813930494156,0.1411965944316443,0.9886815109819178,5.120904191739605,16.82226519605422,True,0.0,imu,-0.332950888757087,-9.746355388328801,1.8956999389364995,9.70227854096822,-0.07828069734562143,-3.1196933108997182,73.1419532222725,-3.240747498876244,1.2324765305949028
231.317321,0.525996293253585,-0.16202243319602927,4509.446235161047,7.417304106085114,-0.04625357281934733,-0.558232638577786,-179.7819365472909,18271.847286104432,0.000910127877653604,-0.5581622333389017,0.31676142875081253,-0.013944373599626324,-0.04625357281934733,-0.4421720745471316,-0.316839345100546,-0.002342834959163191,65.8611174497535,-0.004850598198301734,0.5261441405540848,-0.1619605925869294,65.86427478085304,-179.89966710746032,-0.0016691383782993369,-0.7455816903682765,0.0,0.2740379365107243,1.2725692294594368,-0.09710018560973052,-1.3376091658950933,-0.10130914980646621,0.0,0.0,1779.9499999999987,-3.3036900000000013,0.0,0.0,0.0,0.0,0.0,0.0,0.0,0.0,0.0,0.0,0.0,1256.0899999999995,-0.09666209999999993,0.0,0.0,0.0,0.0,0.0,0.0,0.0,0.0,0.0,0.01833819161448237,0.3758306214416197,5722.352218933749,-209.57880315589392,0.0,4.1321287831146784e-08,0.0,-6.807083973225016e-09,53.87212071698764,-0.033818649635132356,53.87212071698764,0.0,1.4389744345036661,1.3078584741600838,0.1931310236481281,4476.5395752444,19.928209218760916,0.0,-2.98867103140793e-18,0.0,8.160919253235391e-16,16.74435476648789,-0.017367460944859164,16.74435476648789,0.0,2.5096268930084147,999.0000000000001,4.025789391202333,1.9947079293067234,33.454566545901706,gaze,0.5227849211411066,0.3770892046435216,-19.245940914772014,61.326878085927646,366.74813131245094,28.516323219133845,1.068925591365653,-34.61172723406655,-0.029082215389516042,0.20444883833292105,0.9717076020224442,5.100056169326222,-29.790350343467583,-1.6160955684570795,-33.62170702914908,-0.03933245196102926,0.13838857650908942,0.9890484375249022,5.015908007557418,-0.6906758640367353,-0.7959312778640506,-33.79117768860397,-0.03596501792644121,0.16567378282507986,0.981922783085162,5.081648273392631,15.84713569180368,True,-0.10722782091134492,imu,-0.3355637208,-9.7570684736,1.7818971912,10.15375125,1.46496435,-1.93370781,73.14198519158266,-3.2409690400504108,1.2326389386531713
231.317853,0.5258681055852477,-0.1618406935035938,4509.436506385508,7.41731321352034,-0.04624250106366806,-0.5582393604595476,-179.78209617811208,18272.117399510975,0.000908175747029855,-0.5581690090451086,0.31657971494527465,-0.013819146968044163,-0.04624250106366806,-0.44247952814396185,-0.3162064676586046,-0.0023410432783253577,65.8621001482001,-0.0048153759981953564,0.5260173357134089,-0.1617787552247355,65.86525737766415,-179.89986607828575,-0.0027640460289572524,-0.7461295697793581,0.0,0.27394789327824726,1.2705221114543885,-0.09996338911777514,-1.3392197976128555,-0.10129179396336115,0.0,0.0,1779.9499999999991,-3.303690000000002,0.0,0.0,0.0,0.0,0.0,0.0,0.0,0.0,0.0,0.0,0.0,1256.0899999999995,-0.09666209999999993,0.0,0.0,0.0,0.0,0.0,0.0,0.0,0.0,0.0,0.018333216343381215,0.3758311144490324,5722.353709884688,-209.58662232998856,0.0,4.130998283662252e-08,0.0,-6.807462126190524e-09,53.87215541010746,-0.03381870804306917,53.87215541010746,0.0,1.438975395211321,1.3067913173550636,0.19335780968561056,4476.5397427908365,19.925667962013108,0.0,-2.9894734964904164e-18,0.0,8.16088117052003e-16,16.747645028894016,-0.01738789936783227,16.747645028894016,0.0,2.5115494009407757,999.0000000000001,4.025743688838572,1.9947157552025514,33.44480765368158,gaze,0.5226015505220657,0.37716897768825625,-18.926257265760164,60.76840519823597,361.61041982642666,28.518575837939128,1.0739050150374458,-34.616023970612176,-0.02884647171358737,0.20438153854360808,0.9717202251113476,5.099694060237231,-29.78801457368132,-1.6185801239522857,-33.61956070827959,-0.03922248195478225,0.13832306081577309,0.9890634054931755,5.015439121004975,-0.6907802377523876,-0.7984332668471863,-33.78902938604284,-0.03576957791432084,0.16562439390600525,0.98193909614421,5.081161983100333,15.937377598272231,True,-0.10740445026810322,imu,-0.33388063258367107,-9.746484590946027,1.895257502809928,9.69773995646438,-0.07033282322419895,-3.141817763289315,73.5605764,-3.045726800000015,1.092559199999998
231.325784,0.5239350948418492,-0.15907439530560025,4509.291453389783,7.417450602883353,-0.04606361416700688,-0.5583344186824024,-179.78450934607653,18276.145467216724,0.0008787036355668225,-0.5582648680566805,0.31334685069872187,-0.011945762216627624,-0.04606361416700688,-0.44681634340403165,-0.30664659895188157,-0.002314386743421803,65.8767231302225,-0.004286634170207082,0.5241050234653695,-0.15901100620230108,65.87987876964354,-179.9028318569923,-0.019114812004487697,-0.7540759429557933,0.0,0.27259889723694297,1.2394726914124905,-0.13870729761123965,-1.3636277778919739,-0.1010331239199711,0.0,0.0,1779.9499999999994,-3.303690000000002,0.0,0.0,0.0,0.0,0.0,0.0,0.0,0.0,0.0,0.0,0.0,1256.0899999999995,-0.09666209999999993,0.0,0.0,0.0,0.0,0.0,0.0,0.0,0.0,0.0,0.01825920517321989,0.37583844844803277,5722.375949377682,-209.70318795672654,0.0,4.114165131558774e-08,0.0,-6.813099109781018e-09,53.87267149744635,-0.033819579770577646,53.87267149744635,0.0,1.438989686786613,1.2908643067271577,0.19675906627962403,4476.542254802707,19.8877315202848,0.0,-3.001096254241827e-18,0.0,8.159526637042836e-16,16.796766548907044,-0.017694429793069004,16.796766548907044,0.0,2.5403362624998547,999.0000000000002,4.025055198484068,1.9948340176210841,33.29930056043852,gaze,0.5199156628539311,0.37832721663640667,-15.0728384171962,60.44070571398027,339.73771713984775,28.55158522581138,1.1415467399564325,-34.67850769243849,-0.025386463934960173,0.20340700294142455,0.9719026888609237,5.094324952692907,-29.753831809960474,-1.6550169056579391,-33.58803216232594,-0.0376237121820351,0.13737309201106807,0.9892798520682897,5.008520125832395,-0.6922862285923351,-0.8351840698825537,-33.75741754140098,-0.03290914146555076,0.16491162963713726,0.9821751173153501,5.073980370089439,17.242887343183444,True,-0.11009779118869169,imu,-0.2924967192,-9.794752100000002,1.761559996,10.01916687,1.43505671,-2.03838455,73.15156555829842,-3.2832434966543995,1.2604011073220802
231.328,0.529051,0.0789442,4509.25,7.42434,0.0411788,-0.536453,-179.814,18277.2,-6.13e-05,-0.536355,-0.343352,-0.0432186,0.0411788,-0.686673,0.035219,-0.00325467,65.7949,-0.00504011,0.529014,0.0789805,65.7978,-179.814,-0.471906,0.268105,0.0,0.312575,1.053,0.0,-1.0,-0.104867,0.0,0.0,1779.95,-3.30369,0.0,0.0,0.0,0.0,0.0,0.0,0.0,0.0,0.0,0.0,0.0,1256.09,-0.0966621,0.0,0.0,0.0,0.0,0.0,0.0,0.0,0.0,0.0,0.0182399,0.375842,5722.38,-209.733,0.0,4.33e-08,0.0,-6.81e-09,53.8728,-0.0338167,53.8728,0.0,1.439,1.455,0.221899,4476.55,19.868,0.0,-2.34e-18,0.0,3.93e-16,16.9902,-0.019967,16.9902,0.0,2.69364,999.0,4.0,2.0,33.24139309589174,gaze,0.5191811053058059,0.37864053427179456,-14.302371269122382,62.09744088025178,346.29429883642786,28.560617815468508,1.158166950635088,-34.69533454432066,-0.024437828948806587,0.20314426668503427,0.9719517679192384,5.0928344904695395,-29.74449336276803,-1.6649970831211653,-33.579378873635015,-0.037190522820397594,0.1371165430637012,0.9893381021384321,5.006610579383143,-0.6926873029288202,-0.8452699434825358,-33.74872311733593,-0.03212760194931942,0.16472029135804467,0.9822386777039996,5.071996384541216,17.590566798846037,True,-0.11087026620591658,imu,-0.35020539078343166,-9.748694865741552,1.8876649950147353,9.541784633265188,0.06705214613377644,-3.548171395400664,73.15516866493608,-3.294202367624139,1.2665527351737917
231.334248,0.5218267529795481,-0.1560037366565447,4509.1366161769765,7.4176004135520035,-0.04584369837634683,-0.5584251566793942,-179.78715204688731,18280.446660488728,0.0008464866980059387,-0.5583564569517196,0.30882549646906987,-0.009933060604697806,-0.04584369837634683,-0.4509177150529746,-0.296185982335487,-0.0022860615785444804,65.89227224945438,-0.0037149158264020987,0.5220189381718909,-0.15593881067109844,65.89542603712498,-179.9059945049508,-0.03661358478350046,-0.7620904860212501,0.0,0.27114555093766324,1.2052522076408088,-0.16963040434893997,-1.3904296127128244,-0.10075721567302422,0.0,0.0,1779.9499999999991,-3.303690000000002,0.0,0.0,0.0,0.0,0.0,0.0,0.0,0.0,0.0,0.0,0.0,1256.0899999999992,-0.09666209999999995,0.0,0.0,0.0,0.0,0.0,0.0,0.0,0.0,0.0,0.01818054924437521,0.37584624294884905,5722.399709421838,-209.82758361634404,0.0,4.0962423155781706e-08,0.0,-6.819113930413522e-09,53.87321997149742,-0.03382051210365024,53.87321997149742,0.0,1.439004875826567,1.2738466109994178,0.200430949856709,4476.544965265365,19.84713886109715,0.0,-3.0127938714413787e-18,0.0,8.156448541850883e-16,16.849333978047937,-0.0180253543276922,16.849333978047937,0.0,2.571318611165424,999.0000000000001,4.02430600192102,1.994963454355445,33.14396821222501,gaze,0.5171470685078934,0.37949999058427136,-12.736562791520772,66.30892645903222,365.7546124178165,28.58564131243077,1.1994379061575564,-34.74091688053273,-0.021805389074140626,0.202425686781958,0.9720857173322697,5.088654802468894,-29.71865854058226,-1.6926689577311245,-33.55534493493437,-0.03600060668741437,0.13641382810872404,0.989497155146755,5.001281851200817,-0.6937615699949256,-0.873281421196986,-33.72453172281706,-0.029965256847643472,0.16419896244247836,0.9824123330064864,5.066455277286698,18.5173028459824,True,-0.11309430427629813,imu,-0.2829262744000001,-9.9036159096,1.743615412,9.65279828,1.30794924,-2.56176825,73.16765762421734,-3.324854768147407,1.281485214068816
231.337258,0.5210656903888972,-0.15488204951747409,4509.081543438472,7.417654438595457,-0.04575815309433723,-0.5584547430626338,-179.78810812067746,18281.976822081553,0.0008348396231667838,-0.5583863449088696,0.30695460120598556,-0.009213974488394165,-0.04575815309433723,-0.45224031727916714,-0.2924017063862388,-0.002276022468357299,65.89778757048741,-0.003509778739888794,0.5212658305326886,-0.15481658001283793,65.90094066107916,-179.90711817631288,-0.0428462686412527,-0.764822359345909,0.0,0.27062531005818063,1.1928168184492416,-0.17743907125472488,-1.40012591274574,-0.10065913322013842,0.0,0.0,1779.949999999999,-3.303690000000002,0.0,0.0,0.0,0.0,0.0,0.0,0.0,0.0,0.0,0.0,0.0,1256.0899999999995,-0.09666209999999993,0.0,0.0,0.0,0.0,0.0,0.0,0.0,0.0,0.0,0.018152658974514985,0.3758490068263957,5722.408165519157,-209.87182074999345,0.0,4.089878836032332e-08,0.0,-6.821252696420265e-09,53.873414452153234,-0.03382084416020714,53.873414452153234,0.0,1.4390102617813747,1.2677945080564084,0.2017472130207329,4476.545936595818,19.832676608672113,0.0,-3.0167773046353657e-18,0.0,8.154945961430446e-16,16.86806384005576,-0.018143982207055848,16.86806384005576,0.0,2.582401516455441,999.0000000000001,4.02403608458503,1.9950102678622104,33.08871679321241,gaze,0.5199550003404347,0.3651663193372379,-14.40576443645448,67.04430825415022,365.8530744462942,28.53634522706121,0.4441032931567745,-34.34651848388222,-0.0361633321485459,0.1999671430103894,0.9791350035230976,5.167735576629639,-29.75818556226649,-1.598438622652039,-33.65932701274951,-0.031791153444155,0.1331415548140326,0.9905870223985334,5.045313358306885,-0.6371013226362031,-0.6535534669408009,-33.98860110194463,-0.0419602693679275,0.1477793929616362,0.9877312229854006,5.114836868054913,19.92656139361605,True,0.0,imu,-0.3650101588935828,-9.750603846747195,1.881067762957431,9.27473138753257,0.18672484267707606,-3.9393459011372314,73.17486136588907,-3.339492336686653,1.2874382447492299
231.342712,0.5196716133968304,-0.15280967510110416,4508.9817419068995,7.417753277678849,-0.045593200833234704,-0.5585047473154605,-179.7898616378762,18284.750093928214,0.0008134819705031454,-0.5584368941089396,0.3032176246504188,-0.007906600346952945,-0.045593200833234704,-0.45444954667789955,-0.28545896549544425,-0.002257881485750744,65.90776170849863,-0.0031356833764645126,0.5198862191558904,-0.1527432250326211,65.91091348447013,-179.9091523189773,-0.05414959988808872,-0.7696115670900602,0.0,0.269678128223808,1.1699342072038579,-0.18673433898786407,-1.41788386701453,-0.10048146232721944,0.0,0.0,1779.9499999999994,-3.3036900000000022,0.0,0.0,0.0,0.0,0.0,0.0,0.0,0.0,0.0,0.0,0.0,1256.0899999999995,-0.09666209999999995,0.0,0.0,0.0,0.0,0.0,0.0,0.0,0.0,0.0,0.01810223174842539,0.3758540041553375,5722.423496264761,-209.95197543456192,0.0,4.078362172500603e-08,0.0,-6.825127724397905e-09,53.87376608390462,-0.033821446489536965,53.87376608390462,0.0,1.4390200000826932,1.2568338041910396,0.20414618838885418,4476.54770659191,19.806436142632105,0.0,-3.0237583430333864e-18,0.0,8.151676253851822e-16,16.902048768314316,-0.018360190667092595,16.902048768314316,0.0,2.6025698666846533,999.0000000000003,4.023542473374844,1.9950961143695307,32.98858805025637,gaze,0.5144779588747073,0.38060861623994374,-11.593182847701677,62.315342122248865,338.1705828705359,28.618505343990204,1.241732720707497,-34.79739352284816,-0.0183377737474256,0.2015038588290749,0.9722568607955905,5.083045576051857,-29.684813938561902,-1.7290664839910939,-33.52363616281312,-0.03446190177929657,0.13550980002034746,0.9897005502871127,4.994192031960525,-0.6950606601503411,-0.9102354045885273,-33.69251327357378,-0.02713200010054372,0.16353490587596559,0.9826346473206031,5.0590718641861265,19.615430239627795,True,-0.11621359658128148,imu,-0.2386629672,-9.881484256,1.7292597448,9.047168569999998,1.2032725,-2.94309066,73.18979576629005,-3.365801419508359,1.2962329879385837
231.344,0.483618,0.08055,4508.95,7.4234,0.0417057,-0.537128,-179.81,18285.3,-1.83e-05,-0.53703,0.52577,-0.0415809,0.0417057,-0.382245,0.0304579,-0.00325702,65.8242,-0.00535413,0.483598,0.0805866,65.8271,-179.81,-0.147326,0.267892,0.0,0.315867,1.053,0.0,-1.0,-0.104045,0.0,0.0,1779.95,-3.30369,0.0,0.0,0.0,0.0,0.0,0.0,0.0,0.0,0.0,0.0,0.0,1256.09,-0.0966621,0.0,0.0,0.0,0.0,0.0,0.0,0.0,0.0,0.0,0.0180956,0.375857,5722.43,-209.964,0.0,4.31e-08,0.0,-6.83e-09,53.8738,-0.0338213,53.8738,0.0,1.43903,1.455,0.227061,4476.55,19.7932,0.0,-2.24e-18,0.0,3.76e-16,17.0724,-0.0204332,17.0724,0.0,2.74271,999.0,4.0,2.0,32.94140130231237,gaze,0.5140804161186211,0.3807717739800831,-11.47855387318404,60.50991551011182,326.8847989825703,28.623403021806727,1.2467595669514477,-34.80537282865621,-0.01781993583189128,0.20136872341931522,0.9722818747867014,5.082197287580551,-29.679778839387453,-1.7344964739514603,-33.51889586464387,-0.03423506002961804,0.13537700361774788,0.9897302969604491,4.993126033659033,-0.6952405205710803,-0.9157596518623993,-33.6877162510448,-0.026710442348814156,0.16343805478978246,0.9826671869191195,5.057960593895949,19.763810426680568,True,-0.11669882054513009,imu,-0.3757370507206632,-9.75193017608689,1.876459459912604,9.007483971468988,0.2695487018597854,-4.230863312571705,73.19366611057465,-3.3719743943248237,1.2979430514619257
231.351175,0.5174700494202698,-0.14949149208903229,4508.826848984374,7.417908927485287,-0.045311504446581385,-0.5585730897984499,-179.79263499670168,18289.054954468535,0.0007796949502559371,-0.5585060780664193,0.29654602864601537,-0.005866720610677147,-0.045311504446581385,-0.45738573405132465,-0.27446721756564757,-0.002229868752595671,65.92318843889214,-0.002549186164624309,0.5177072282017402,-0.14942353193455632,65.92633804343977,-179.91230251918927,-0.07170659104656817,-0.7766256887753384,0.0,0.2681968688293317,1.1335472416950112,-0.1875887127707639,-1.4458238159877652,-0.10020590129370721,0.0,0.0,1779.9499999999987,-3.303690000000001,0.0,0.0,0.0,0.0,0.0,0.0,0.0,0.0,0.0,0.0,0.0,1256.0899999999992,-0.09666209999999992,0.0,0.0,0.0,0.0,0.0,0.0,0.0,0.0,0.0,0.018024260452253936,0.3758617312938619,5722.447307092311,-210.07634871318987,0.0,4.0605265301996495e-08,0.0,-6.831139781495485e-09,53.87430978050388,-0.03382238278005497,53.87430978050388,0.0,1.4390350580434836,1.2398548110266319,0.20790426669193462,4476.550478728628,19.765628322652738,0.0,-3.0339846347183093e-18,0.0,8.14520227126371e-16,16.954902482086244,-0.018698892293039945,16.954902482086244,0.0,2.6340857830245072,999.0,4.022765297438989,1.9952318695765727,32.83317865431361,gaze,0.5119071197402424,0.3816542024059225,-10.99304861010169,47.5173464690941,246.2371783570889,28.650191607120217,1.2678089447248455,-34.846438363389055,-0.014982360151573015,0.2006404702475912,0.9724162967533655,5.077497108924889,-29.652280948730347,-1.764224680293032,-33.49289629298092,-0.033006335844281594,0.13466000715654286,0.9898902458004148,4.9872494609500455,-0.6961464565200343,-0.9460585025750327,-33.661354899850814,-0.024407968847387673,0.1629185703079823,0.9828422825510595,5.051828949194294,20.48618814795857,True,-0.11945187475173326,imu,-0.2667761488000001,-9.836622796,1.7065299384,8.710707619999999,0.9640113799999996,-3.33936689,73.21752563994558,-3.40608233893002,1.304980911159763
231.35735,0.5158342984230092,-0.14699119593175408,4508.713808619267,7.418024119707603,-0.04508588304668498,-0.5586158102226212,-179.79469736280018,18292.197003452795,0.0007545472479936609,-0.5585494090154896,0.291020184486131,-0.004369767072573763,-0.04508588304668498,-0.45913792673621184,-0.26627952873601174,-0.002209543932758548,65.93440536031001,-0.0021167294299737627,0.5160880401976113,-0.1469221432610009,65.93755327954185,-179.91459507456364,-0.08452317729976404,-0.7814169243516611,0.0,0.26710727076415564,1.106335241384264,-0.17703864771013034,-1.46640395624207,-0.1000049427940817,0.0,0.0,1779.9499999999987,-3.3036900000000013,0.0,0.0,0.0,0.0,0.0,0.0,0.0,0.0,0.0,0.0,0.0,1256.089999999999,-0.09666209999999992,0.0,0.0,0.0,0.0,0.0,0.0,0.0,0.0,0.0,0.01796758074420914,0.3758673485359675,5722.464697491604,-210.16709483910452,0.0,4.0475394055111606e-08,0.0,-6.835525811536926e-09,53.874705009004316,-0.03382306718999768,53.874705009004316,0.0,1.4390460044822433,1.2275019137067205,0.21067359998575164,4476.552521212898,19.73578375706623,0.0,-3.0409791217147894e-18,0.0,8.139399883385395e-16,16.99355730937623,-0.018948484666939165,16.99355730937623,0.0,2.657250276516087,999.0000000000001,4.022189908274912,1.995332820864467,32.719754799472774,gaze,0.5252383090624185,0.3494754142047178,-9.259243795337024,37.0830730048958,183.2242703848362,28.50197826864991,0.5385499023237657,-34.36936261617025,-0.0487381884488686,0.2015780699244295,0.9782591020339472,5.157017707824707,-29.74573199875892,-1.573711385559368,-33.65796062102443,-0.0293981644506484,0.1386957522506226,0.989898598965857,5.021585941314697,-0.6303536001275362,-0.6143195670588095,-33.9960113461312,-0.0405803809859165,0.154322300538476,0.9867032606285504,5.1065040910315975,19.501023553369677,True,0.0,imu,-0.39684065416331443,-9.754399850572408,1.867815879825913,8.309101512007025,0.42074150023609225,-4.808860471121399,73.24103731881614,-3.4350582451523004,1.3077682859964004
231.359639,0.5152216566973655,-0.14604729093311647,4508.671900907991,7.418067144581378,-0.044997883499469205,-0.5586301060877662,-179.79546990926144,18293.36190824889,0.0007451193324503608,-0.5585639304016996,0.288833078514543,-0.003813037726347175,-0.044997883499469205,-0.4597015463985931,-0.2632085692559052,-0.002202036082199441,65.9385548395665,-0.0019554708165835932,0.5154815572077773,-0.14597783537011233,65.94170211243537,-179.9154433919409,-0.08927412171024963,-0.7831218360572745,0.0,0.2667014890639972,1.0961085286637593,-0.17065877522912914,-1.4740534846536733,-0.09993047253695281,0.0,0.0,1779.9499999999991,-3.303690000000002,0.0,0.0,0.0,0.0,0.0,0.0,0.0,0.0,0.0,0.0,0.0,1256.0899999999997,-0.09666209999999995,0.0,0.0,0.0,0.0,0.0,0.0,0.0,0.0,0.0,0.01794661550944598,0.3758694263273333,5722.471147532503,-210.20073284235588,0.0,4.042730907432007e-08,0.0,-6.837151522587206e-09,53.87485119967998,-0.033823321156622926,53.87485119967998,0.0,1.4390500535301363,1.222933001330653,0.21170599553820899,4476.553282607648,19.724705891045993,0.0,-3.043471455032845e-18,0.0,8.137017114101538e-16,17.007905343171426,-0.01904153218764007,17.007905343171426,0.0,2.665873254892116,999.0000000000002,4.021974888029564,1.99537063883986,32.67770351942497,gaze,0.5094324434340609,0.38263821351508787,-10.606536443951754,35.06331764189104,168.24594915125067,28.680725409070305,1.2772779588121774,-34.88664526958159,-0.011736720577156856,0.19983417992513167,0.9725642570546007,5.072007280178783,-29.621031230905537,-1.7981709756166682,-33.4631050267574,-0.03163214820917116,0.13386316120971598,0.9900665146373306,4.980450493399705,-0.696986268844012,-0.980775698691821,-33.63103838905195,-0.02179081544955404,0.16234885917574837,0.9830355318095018,5.044722807694364,21.08427902047371,True,-0.12280652879311083,imu,-0.311039456,-9.8838768672,1.6742296872,8.434061949999998,0.5752120599999997,-4.04967334,73.25041704882275,-3.4457106632885712,1.3080600294343123
231.36,0.51295,0.0821234,4508.66,7.42244,0.0421622,-0.537777,-179.805,18293.5,-3.3e-05,-0.537679,0.27464,-0.0390441,0.0421622,-0.0832723,0.0274047,-0.0032606,65.8538,-0.00560499,0.512968,0.0821672,65.8567,-179.805,0.528653,0.268128,0.0,0.315867,1.062,0.0,-1.0,-0.103202,0.0,0.0,1779.95,-3.30369,0.0,0.0,0.0,0.0,0.0,0.0,0.0,0.0,0.0,0.0,0.0,1256.09,-0.0966621,0.0,0.0,0.0,0.0,0.0,0.0,0.0,0.0,0.0,0.0179512,0.375872,5722.47,-210.194,0.0,4.3e-08,0.0,-6.84e-09,53.8748,-0.0338259,53.8748,0.0,1.43906,1.455,0.232224,4476.56,19.7183,0.0,-2.14e-18,0.0,3.59e-16,17.1545,-0.0208994,17.1545,0.0,2.79179,999.0,4.0,2.0,32.65140966135443,gaze,0.5093290179532171,0.38267882913932644,-10.592944246763205,34.76544266348598,166.33498351333898,28.682002271454422,1.2773089797951838,-34.88814305872103,-0.011600715263688296,0.19980104548803124,0.9725703150689,5.071774438547627,-29.61972670225654,-1.7995920737151299,-33.461855370764724,-0.03157532949843894,0.13383033799054178,0.9900737370925318,4.980163690384417,-0.6970161610203379,-0.9822319928483426,-33.62976399116655,-0.02168154874889003,0.16232558438191239,0.983043457361692,5.044422752129664,21.103112939018203,True,-0.12295213741404991,imu,-0.4010079178308968,-9.7548655909388,1.866175482644643,8.145660459004045,0.44852408816342987,-4.92180883582944,73.25192815607139,-3.4473862976257563,1.3080701678132756
231.368102,0.512927087948325,-0.14247677864162267,4508.516934397552,7.418227630438982,-0.044651746063951225,-0.5586756877086777,-179.7983627578842,18297.669532584496,0.0007097651902279073,-0.5586103418516775,0.2801065293310894,-0.001746136433592893,-0.044651746063951225,-0.46137147881444157,-0.251686183578933,-0.0021744097105320494,65.9538560354377,-0.0013548684966172703,0.5132098442229337,-0.14240584375517107,65.95700081693222,-179.91857168681358,-0.10683305706345231,-0.7890858316554261,0.0,0.2651924111422791,1.0576543816101336,-0.1355075645540816,-1.5023208970170432,-0.09965524645395611,0.0,0.0,1779.949999999999,-3.303690000000002,0.0,0.0,0.0,0.0,0.0,0.0,0.0,0.0,0.0,0.0,0.0,1256.0899999999995,-0.09666209999999993,0.0,0.0,0.0,0.0,0.0,0.0,0.0,0.0,0.0,0.017869313853572433,0.3758770875736128,5722.495011952914,-210.32509842879116,0.0,4.024979253896598e-08,0.0,-6.84316152722505e-09,53.87539022335033,-0.03382426135522578,53.87539022335033,0.0,1.4390649832606364,1.2061001688929363,0.21555039040299112,4476.556117844726,19.683678655646297,0.0,-3.052213017617582e-18,0.0,8.127115189769979e-16,17.061042477133107,-0.01938802152510858,17.061042477133107,0.0,2.697924170503593,999.0000000000002,4.021172034773708,1.9955122748648288,32.52219961365676,gaze,0.507053026768434,0.38356162301704066,-10.355153937716645,33.353682425226495,155.8105831744134,28.71011721038161,1.2699565654066303,-34.91668017553326,-0.008600000247202798,0.19908405171525143,0.972700899412962,5.066576584306382,-29.591051688898617,-1.830916310696254,-33.43425646456354,-0.030338259005749414,0.13311837337474355,0.990229541454996,4.973794746710436,-0.6975508090057129,-1.014395174870797,-33.60156013225476,-0.01927946848581278,0.16182496498254886,0.9832145915380232,5.037753122245168,21.371247330307103,True,-0.126273419374712,imu,-0.3098431504,-9.9347198552,1.6640610896,7.94058589,0.1490281899999997,-4.976810179999999,73.28803932219849,-3.4846806544755125,1.3057904592387255
231.376,0.524333,0.0858057,4508.37,7.42146,0.0425689,-0.538383,-179.801,18301.8,-2.78e-05,-0.538285,-0.0337853,-0.03728,0.0425689,0.128186,0.0234174,-0.0032637,65.8837,-0.00578385,0.524322,0.0858495,65.8866,-179.801,1.0402,0.268485,0.0,0.312575,1.062,0.0,-1.0,-0.102338,0.0,0.0,1779.95,-3.30369,0.0,0.0,0.0,0.0,0.0,0.0,0.0,0.0,0.0,0.0,0.0,1256.09,-0.0966621,0.0,0.0,0.0,0.0,0.0,0.0,0.0,0.0,0.0,0.0178058,0.375888,5722.51,-210.428,0.0,4.25e-08,0.0,-6.85e-09,53.8758,-0.0338302,53.8758,0.0,1.43909,1.455,0.237504,4476.56,19.6423,0.0,-2.04e-18,0.0,3.42e-16,17.2377,-0.021376,17.2377,0.0,2.84181,999.0,4.0,2.0,32.36141830037108,gaze,0.5049168244707832,0.38436987874621786,-10.297393738134623,37.29177362261632,178.92439075647366,28.736535378682735,1.2479953971484414,-34.93446552170515,-0.005769174791671888,0.1984335922947426,0.9728183946363927,5.061560500873377,-29.564198110252406,-1.8604124291686728,-33.40816971111357,-0.029201808296960462,0.13246924057031786,0.9903699565079285,4.967710069315691,-0.6978070221613812,-1.044798033654221,-33.57479334513357,-0.017029465606662013,0.16137649084477088,0.9833691300764208,5.031369324888519,21.33236710505256,True,-0.1296075275137313,imu,-0.42601321758687055,-9.757507813905079,1.8567944124564741,7.008321533437719,0.599054030207513,-5.573213797862188,73.32705961200422,-3.520462552651309,1.2991240708736567
231.376566,0.5105859279215468,-0.13877801003477613,4508.361912940403,7.418390155748483,-0.044272337173525245,-0.5587097495812436,-179.8013111992774,18301.978379678167,0.0006736262976521074,-0.5586452269313565,0.2703922295289643,0.00033437116422147667,-0.044272337173525245,-0.4623715241443707,-0.2398979153913059,-0.0021470031125071032,65.96909440082054,-0.0007474338900849004,0.5108916698715976,-0.13870561263202685,65.97223653069038,-179.92168558356337,-0.12437215598126013,-0.794506472312499,0.0,0.26366934983815904,1.0182048641082488,-0.08297745793673762,-1.5303410484371902,-0.09938016355096102,0.0,0.0,1779.9499999999987,-3.3036900000000013,0.0,0.0,0.0,0.0,0.0,0.0,0.0,0.0,0.0,0.0,0.0,1256.0899999999995,-0.09666209999999993,0.0,0.0,0.0,0.0,0.0,0.0,0.0,0.0,0.0,0.017792335808958278,0.3758847169787801,5722.518905994197,-210.44947486116723,0.0,4.007267130137291e-08,0.0,-6.849171215807033e-09,53.87592698870903,-0.03382520355330582,53.87592698870903,0.0,1.439079851023342,1.1893805063485132,0.21943826465568875,4476.558985389579,19.64253706330126,0.0,-3.060208007867522e-18,0.0,8.115487057821439e-16,17.11432400652665,-0.01973843351661659,17.11432400652665,0.0,2.7302454557219655,999.0000000000001,4.020357155969378,1.9956566953578143,32.366630426379324,gaze,0.5047668311630547,0.38442584415327985,-10.302138828149008,37.571852646910784,180.60996376278354,28.738391495041956,1.2458643415689643,-34.93533521746414,-0.005569848666739038,0.19838879168880405,0.9728264473665776,5.061202941861202,-29.562314922032073,-1.8624872343704182,-33.40633094040159,-0.029122969499781173,0.13242440055256544,0.9903795893532383,4.967278673066321,-0.6978148436915728,-1.0469411349081212,-33.57290246349431,-0.016871658092323903,0.16134583026635427,0.9833797443040581,5.030916264845024,21.31772143530698,True,-0.12985004665287322,imu,-0.3732473472,-9.969412717600004,1.7083243968,7.46206365,-0.20986349,-5.76936264,73.32999199353009,-3.5230051571421823,1.2984845542785795
231.377331,0.5103720492342358,-0.13843736778260213,4508.347899865877,7.4184049354705,-0.04423638427213772,-0.5587122569298074,-179.8015803043412,18302.36784275178,0.0006703215768492017,-0.5586478083316129,0.26946660993481975,0.0005230682477474213,-0.04423638427213772,-0.4624280691369125,-0.23881944529508906,-0.0021445377145132795,65.97046845904097,-0.0006922059650114054,0.510679874629747,-0.13836483906764618,65.97361034136895,-179.92196620928166,-0.12595576975987077,-0.7949691621854713,0.0,0.26353101351798447,1.0145915256316962,-0.0774412029069018,-1.5328499163710645,-0.09935530964369643,0.0,0.0,1779.9499999999991,-3.303690000000002,0.0,0.0,0.0,0.0,0.0,0.0,0.0,0.0,0.0,0.0,0.0,1256.0899999999992,-0.09666209999999993,0.0,0.0,0.0,0.0,0.0,0.0,0.0,0.0,0.0,0.0177853946670589,0.37588540493669875,5722.521066925253,-210.46071616135427,0.0,4.0056683020897336e-08,0.0,-6.849714337707667e-09,53.875975388973984,-0.033825288803259385,53.875975388973984,0.0,1.4390811916815953,1.1878759874871423,0.2197917783301645,4476.559246151525,19.63881317961242,0.0,-3.060893664677753e-18,0.0,8.114350834534129e-16,17.1191464605855,-0.019770295699638563,17.1191464605855,0.0,2.7331798572326047,999.0000000000001,4.02028293801916,1.995669880869955,32.3525673448848,gaze,0.5285025856092715,0.3447989646623501,-10.513124894002187,38.07644110850437,182.9392510319995,28.40477496129469,0.5846448155481085,-34.376262686707,-0.0563153931144705,0.2095561223637781,0.9761088203060436,5.1328311541357055,-29.77053487700336,-1.5080252362669242,-33.70823080203901,-0.0326851651866274,0.1393968792039742,0.989691259271717,4.986772996433536,-0.6369603081427861,-0.568806861296125,-34.00849149650376,-0.0404394496002497,0.16114717467762,0.985525809453888,5.09420185487626,20.307559978362097,True,0.0,imu,-0.42808123578094825,-9.757714612493087,1.8560541246092102,6.903404328543959,0.6101909969365192,-5.624228234885534,73.33398327244618,-3.5264371221231547,1.2975865876085309
231.385029,0.5081988623827287,-0.1349507636413848,4508.206873279864,7.418554408817373,-0.04385906636282727,-0.5587321869759376,-179.80431143168224,18306.28689800915,0.0006367135505802924,-0.5586684801053088,0.2597223388094176,0.0024278918329063842,-0.04385906636282727,-0.4626777046337103,-0.2278472037932012,-0.002119843108044397,65.98426509611923,-0.00013351288400814676,0.5085277047410144,-0.13487692196391443,65.98740441480025,-179.92478173602387,-0.14187147695717744,-0.7993699012643245,0.0,0.26213273898312817,0.9778001493820325,-0.015420690175008134,-1.5577657716907676,-0.09910529461261468,0.0,0.0,1779.949999999999,-3.3036900000000013,0.0,0.0,0.0,0.0,0.0,0.0,0.0,0.0,0.0,0.0,0.0,1256.0899999999992,-0.09666209999999993,0.0,0.0,0.0,0.0,0.0,0.0,0.0,0.0,0.0,0.017715698163998442,0.3758923128749526,5722.5428240112515,-210.5738327483965,0.0,3.9895984882628074e-08,0.0,-6.855179168372455e-09,53.87646137868748,-0.03382614748100572,53.87646137868748,0.0,1.439094653563901,1.1728064552848914,0.2233685954616047,4476.561884845605,19.601290982515245,0.0,-3.06745132332945e-18,0.0,8.102128799424122e-16,17.16773482148571,-0.02009267587468885,17.16773482148571,0.0,2.7628287765649713,999.0000000000001,4.0195310568864855,1.9958037492625873,32.211032964676264,gaze,0.5025729326594096,0.38523185645038804,-10.544302763168297,39.75069808935173,193.58113389951686,28.765558977486283,1.205219052824628,-34.941517871871056,-0.0026453855803206267,0.1977474578010258,0.9729410610102686,5.055886833460833,-29.534807575145784,-1.8928949398813655,-33.37932229894292,-0.027985185918756563,0.13178034993998713,0.9905168456486595,4.960901852097163,-0.6977565496716446,-1.0784220157512938,-33.545061530970976,-0.014566290792949311,0.16091064331463756,0.9835311894104601,5.024211886351089,20.904855918531336,True,-0.13353227479783958,imu,-0.439642308,-10.0447799704,1.7059317856,6.81904939,-0.76315483,-6.5619151,73.37586928563263,-3.560678758566676,1.2864489575807505
231.392,0.51386,0.0837919,4508.08,7.42046,0.0429072,-0.538948,-179.797,18310.0,-3.35e-05,-0.53885,0.208518,-0.0338134,0.0429072,-0.00375921,0.0195712,-0.00326636,65.9131,-0.00593599,0.513849,0.0838361,65.9161,-179.797,0.867852,0.268624,0.0,0.315867,1.062,0.0,-1.0,-0.101454,0.0,0.0,1779.95,-3.30369,0.0,0.0,0.0,0.0,0.0,0.0,0.0,0.0,0.0,0.0,0.0,1256.09,-0.0966621,0.0,0.0,0.0,0.0,0.0,0.0,0.0,0.0,0.0,0.0176562,0.375903,5722.56,-210.673,0.0,4.1e-08,0.0,-6.86e-09,53.8769,-0.0338338,53.8769,0.0,1.43912,1.455,0.243273,4476.57,19.5615,0.0,-1.94e-18,0.0,3.27e-16,17.325,-0.0218956,17.325,0.0,2.89572,999.0,4.0,2.0,32.071427228790334,gaze,0.5008339013643123,0.3858529595754002,-10.999507805293746,39.19251570527754,188.2904679877376,28.787120366518735,1.1595764047296944,-34.936572174662786,-0.0003144847022335717,0.19725885335847904,0.973027400717374,5.051550118931379,-29.513056364191517,-1.9170841117416306,-33.35775238879425,-0.027105124743277798,0.13128653569691748,0.9906204665600623,4.95575187617235,-0.6974534402636059,-1.1035671908484022,-33.52273227398349,-0.012742912734938732,0.16058449484851267,0.9836458219408889,5.018786982065647,20.289812878199758,True,-0.13664265937873266,imu,-0.45074834185198553,-9.759863480577188,1.8482977643598952,5.66608854082901,0.7182323633993725,-6.142232628625646,73.41633898544771,-3.5912277458218527,1.273192559466199
231.393493,0.5057654653946868,-0.13099304520957367,4508.0517788921925,7.41872014899228,-0.043411148650912945,-0.5587429076456014,-179.80736098004044,18310.595497763523,0.0005990208123042551,-0.5586800086973053,0.24812614701653016,0.004534817605881938,-0.043411148650912945,-0.46226710084357314,-0.21553193116649577,-0.002092943971255622,65.99937047022826,0.0004868314112597,0.506117518379714,-0.13091777826410927,66.00250681757767,-179.92785821349955,-0.1593189427395395,-0.8036647280134475,0.0,0.2605822919597318,0.9364632757231506,0.06315121114210626,-1.58420645824205,-0.09883058070582457,0.0,0.0,1779.9499999999987,-3.3036900000000005,0.0,0.0,0.0,0.0,0.0,0.0,0.0,0.0,0.0,0.0,0.0,1256.0899999999988,-0.09666209999999992,0.0,0.0,0.0,0.0,0.0,0.0,0.0,0.0,0.0,0.01763938141227016,0.37589987719152146,5722.566771657382,-210.69820147769565,0.0,3.9719689307829036e-08,0.0,-6.861186804836982e-09,53.87699352929958,-0.03382709331166885,53.87699352929958,0.0,1.4391093946381082,1.1564028725705113,0.227342198386016,4476.564817180378,19.55993081737296,0.0,-3.0739416304880392e-18,0.0,8.087031028364814e-16,17.221284938257718,-0.020450822003186327,17.221284938257718,0.0,2.795681087840017,998.9999999999999,4.018694159604149,1.9959533532592046,32.05537071272063,gaze,0.5004693602066658,0.38598102325993205,-11.126737824376985,39.028730214791985,186.50229130469367,28.791643336948173,1.1484025012846384,-34.93428485096207,0.0001756639895934989,0.19715880209767397,0.9730449557700537,5.050626220269889,-29.508503165489145,-1.9221651159022488,-33.35321149357067,-0.026923269981170617,0.1311850224780352,0.9906415638254165,4.954660830892496,-0.6973576262872199,-1.1088612586171056,-33.518020204319626,-0.012361172721056841,0.16051838475344163,0.9836691991320834,5.017636453282503,20.125968283095,True,-0.13731771065244394,imu,-0.4767277816000001,-10.0435836648,1.6323589912,5.92182019,-0.7482010100000003,-7.317083009999999,73.42529936864989,-3.5977140140629293,1.2699779434533212
231.397422,0.5046202687802789,-0.12911137547864893,4507.979771531745,7.418797505105303,-0.04319127248888888,-0.558743873781589,-179.8087923167232,18312.595220865438,0.0005812609642743757,-0.5586813469927551,0.2424381399226394,0.0055172982192283684,-0.04319127248888888,-0.4618266625025978,-0.20972595748400763,-0.0020805529666992565,66.00635925100649,0.0007768948992188246,0.5049831298614744,-0.1290354537526861,66.00949416477647,-179.92927875150656,-0.167395126313849,-0.8054614598512594,0.0,0.2598579537035753,0.9169689821121839,0.10179034778434415,-1.5960207243542708,-0.09870312361507186,0.0,0.0,1779.949999999999,-3.303690000000002,0.0,0.0,0.0,0.0,0.0,0.0,0.0,0.0,0.0,0.0,0.0,1256.0899999999992,-0.09666209999999993,0.0,0.0,0.0,0.0,0.0,0.0,0.0,0.0,0.0,0.017604066824255662,0.37590337755687336,5722.577897295951,-210.75593229683548,0.0,3.963799200493552e-08,0.0,-6.8639752089598705e-09,53.877239774486355,-0.033827532961861716,53.877239774486355,0.0,1.4391162160513415,1.1488549988959353,0.22920126500729837,4476.566189511017,19.540694300791674,0.0,-3.076697420760445e-18,0.0,8.079430333067385e-16,17.246187423457982,-0.020618383348790036,17.246187423457982,0.0,2.8110210654534145,999.0000000000001,4.018302207403207,1.9960236271869614,31.98309639156458,gaze,0.5317848327491966,0.3400967701898142,-11.77390889646903,39.07527793196697,182.6526625820799,28.30703652737876,0.630993491870143,-34.38320074371886,-0.0639343120342773,0.2175780958165086,0.9739467007827306,5.108511447906494,-29.79547430079642,-1.441977469616861,-33.75877773196065,-0.0359902616175656,0.1401018660224414,0.9894827781248792,4.951768398284912,-0.6569822969848623,-0.516926988839904,-34.026076569457686,-0.0415426210968358,0.1682620014428025,0.9841970992060398,5.07788710992692,20.72087299833869,True,0.0,imu,-0.4590683756210441,-9.76059791378726,1.8456158539880012,5.179061140355869,0.7512406114296333,-6.3100128099314094,73.44934683513037,-3.6146883876758586,1.2609061935345296
231.401956,0.5032864557367391,-0.12690470628556128,4507.896666544176,7.4188870515032095,-0.04292799554935034,-0.5587418106600389,-179.81045586172746,18314.90247145628,0.0005605598075056571,-0.5586797109540406,0.23564012692018546,0.006654546855184108,-0.04292799554935034,-0.46111767166526874,-0.20295581491250833,-0.0020663330952745574,66.01440572058097,0.0011132383977917604,0.5036618138841751,-0.12682803453945657,66.01753893726982,-179.93091157510963,-0.17669380306511212,-0.8073774411148764,0.0,0.2590184542234115,0.8942383480275659,0.14680802586628963,-1.6092047779040723,-0.09855609301105335,0.0,0.0,1779.949999999999,-3.303690000000001,0.0,0.0,0.0,0.0,0.0,0.0,0.0,0.0,0.0,0.0,0.0,1256.0899999999992,-0.09666209999999992,0.0,0.0,0.0,0.0,0.0,0.0,0.0,0.0,0.0,0.01756340219815941,0.37590740827474733,5722.5907432748,-210.8225516601628,0.0,3.954382412846003e-08,0.0,-6.867192705727634e-09,53.87752332448251,-0.03382804076956008,53.87752332448251,0.0,1.4391240710190607,1.1402026355059725,0.23135801207141793,4476.5677819846715,19.5184664970513,0.0,-3.0796745212582086e-18,0.0,8.070191527279137e-16,17.274959011175405,-0.020812776133741273,17.274959011175405,0.0,2.8287938324269657,999.0,4.017847283280812,1.9961053528803403,31.89968071661445,gaze,0.49845517029431613,0.3866743292383963,-12.027092777159213,39.55180781391271,182.40669516079566,28.81665552724286,1.0759872362194238,-34.912853639163494,0.0028942044439705006,0.1966218775286265,0.9731382939605325,5.04542156967747,-29.48338809559908,-1.9503091927463834,-33.32799212410536,-0.02593611514601481,0.13063752220459826,0.9907539336718967,4.948555152982216,-0.696603235587686,-1.1382675420155388,-33.49177439798747,-0.010255189724027568,0.16016823939858166,0.9837939754317949,5.011189586429938,18.988630238646323,True,-0.14120222467145088,imu,-0.5628617848,-10.0926321944,1.6347516024,5.33862121,-0.6734319100000001,-7.518959579999999,73.47790102712075,-3.6341058323036304,1.2493647100128542
231.408,0.536923,0.0857403,4507.78,7.41943,0.0431767,-0.539461,-179.793,18318.2,-1.79e-05,-0.539363,-0.149848,-0.0302405,0.0431767,-0.0900865,0.014977,-0.00326921,65.9427,-0.00607626,0.53693,0.0857891,65.9457,-179.793,0.765466,0.268654,0.0,0.309284,1.053,0.0,-1.0,-0.100548,0.0,0.0,1779.95,-3.30369,0.0,0.0,0.0,0.0,0.0,0.0,0.0,0.0,0.0,0.0,0.0,1256.09,-0.0966621,0.0,0.0,0.0,0.0,0.0,0.0,0.0,0.0,0.0,0.0175065,0.375919,5722.61,-210.918,0.0,3.95e-08,0.0,-6.87e-09,53.8779,-0.0338373,53.8779,0.0,1.43916,1.455,0.249042,4476.57,19.4807,0.0,-1.85e-18,0.0,3.11e-16,17.4124,-0.0224151,17.4124,0.0,2.94964,999.0,4.0,2.0,31.77143664622176,gaze,0.4970704653607098,0.38713596721735644,-12.826147978188214,42.02802451035389,190.7790275663895,28.833873478399934,1.0151093732658842,-34.88851378811392,0.004774023041823362,0.19626944739087598,0.9731986020063746,5.041738023367417,-29.46616689249007,-1.9697317307946602,-33.310518083910715,-0.025276057379492595,0.13027517669684294,0.9908267561208315,4.944276001540568,-0.6958402702072536,-1.1586472411725228,-33.47350968681553,-0.008810784136641242,0.15994342623712837,0.9838751258137524,5.006662596461084,17.969026437256968,True,-0.14403555740179716,imu,-0.47520884737449937,-9.761939158773483,1.8406672186990023,4.200897892009116,0.804781026324074,-6.594800121665114,73.51721421739632,-3.6597065715426,1.2322631571183413
231.41042,0.5007613970102205,-0.12268370297683329,4507.741499701151,7.419054863917396,-0.042408791284526404,-0.5587287964753966,-179.81359346719603,18319.208059041954,0.0005213244994880921,-0.5586674868777322,0.22229697649823013,0.008787475658632755,-0.042408791284526404,-0.4592079508036424,-0.19011676846107706,-0.0020400255814670525,66.02937316985295,0.001745636163961839,0.5011601499353193,-0.12260564770713922,66.03250309595055,-179.93393977575641,-0.19398311222782533,-0.8104964638971032,0.0,0.25744093791447015,0.85115151124508,0.2275740558894631,-1.6322538465061667,-0.09828177317521002,0.0,0.0,1779.9499999999991,-3.3036900000000022,0.0,0.0,0.0,0.0,0.0,0.0,0.0,0.0,0.0,0.0,0.0,1256.0899999999995,-0.09666209999999995,0.0,0.0,0.0,0.0,0.0,0.0,0.0,0.0,0.0,0.017487741183020537,0.37591490803747485,5722.614744529458,-210.9469126815604,0.0,3.93683457912777e-08,0.0,-6.873198290478248e-09,53.87805089908028,-0.03382899002379669,53.87805089908028,0.0,1.4391386864302669,1.124231107186134,0.23541685386051947,4476.570780244191,19.476888383157387,0.0,-3.084648647762344e-18,0.0,8.051600979708487e-16,17.32876694496054,-0.021178611824976167,17.32876694496054,0.0,2.862173991774209,999.0000000000001,4.016990853184836,1.9962596639082646,31.743926455811515,gaze,0.4965284578627554,0.3873130891279226,-13.173325527957761,43.41532505028728,196.7621734102296,28.84061844109291,0.9886716631867799,-34.87661208725973,0.005512436915947079,0.19613548092537936,0.9732212830916357,5.040270882620496,-29.459436779389854,-1.9773520186058853,-33.30364575018399,-0.025022142120563647,0.13013669295147318,0.9908541992884243,4.9425814583404675,-0.6954814919692063,-1.1666635615003895,-33.46630750631844,-0.008246222180710151,0.15985922496768493,0.9839057805399363,5.004867844769158,17.515633271695087,True,-0.14518352697250897,imu,-0.6059287864000001,-10.0393965952,1.6586777144,4.35166909,-0.4192169699999999,-7.055391159999999,73.53332999996533,-3.669866482168454,1.22488604986228
231.417403,0.4986438244264667,-0.11910099787847961,4507.613456248225,7.419193772151717,-0.04195283369789693,-0.5587090162559508,-179.81621153501428,18322.75822785287,0.0004883772251819104,-0.5586483511054751,0.2106709086072136,0.010556866462883396,-0.04195283369789693,-0.4570457524016183,-0.1793280945757518,-0.002018567429725617,66.04166841462921,0.002271673961179013,0.4990619364441173,-0.11902181813481438,66.0447955058957,-179.93641690060485,-0.2081688667295283,-0.8126136212847777,0.0,0.2561293500792621,0.8149855227491489,0.2848185155316812,-1.6493932751303129,-0.09805560841483855,0.0,0.0,1779.9499999999987,-3.303690000000001,0.0,0.0,0.0,0.0,0.0,0.0,0.0,0.0,0.0,0.0,0.0,1256.089999999999,-0.0966620999999999,0.0,0.0,0.0,0.0,0.0,0.0,0.0,0.0,0.0,0.017425564408826224,0.37592107136205705,5722.6345663132815,-211.04951056022242,0.0,3.922387757664943e-08,0.0,-6.8781522675630935e-09,53.87848444841256,-0.03382977440855255,53.87848444841256,0.0,1.4391506974608728,1.1112486440136609,0.23879743265932926,4476.57327900644,19.44250358860086,0.0,-3.0881788467655007e-18,0.0,8.03494301849737e-16,17.37325373879054,-0.021483316030624068,17.37325373879054,0.0,2.8899111675998848,999.0,4.016277606384593,1.9963886150452945,31.61539117576689,gaze,0.5327979815381967,0.3386313750111544,-14.62452671698202,47.36034556614501,219.5277550217509,28.2329066781988,0.6287144856639664,-34.35355131020562,-0.070240735101028,0.2216476587933293,0.9725937252953584,5.116837501525879,-29.81468021203549,-1.400478026875798,-33.76711263475528,-0.0365163207274881,0.1470871581699781,0.988449253235596,4.941134929656982,-0.6901565288277307,-0.4695624752408232,-34.03803046432128,-0.0441773026273674,0.1748750300369483,0.982815226393776,5.062950901201944,16.752304920691735,True,0.0,imu,-0.48945413326047765,-9.763031003900993,1.8365795944012775,3.3170990820281276,0.8403659759329254,-6.7971699035952895,73.58093993071815,-3.69889403297264,1.201976708293586
231.418883,0.49819104096559225,-0.11832996133270102,4507.586315153309,7.4192232484858796,-0.04185294987272309,-0.5587037680165557,-179.81676963632538,18323.510370090473,0.00048132744742960496,-0.5586432385532865,0.2081373863747924,0.010932994097308982,-0.04185294987272309,-0.45651824177571426,-0.17701878958298045,-0.00201404938478994,66.04426805404226,0.002383649423801787,0.498613262099599,-0.118250545302654,66.04739453056004,-179.9369392809761,-0.211165309926774,-0.8130086549622466,0.0,0.255850200114362,0.807250870596712,0.29516525598293264,-1.6527717218092466,-0.09800769278228438,0.0,0.0,1779.9499999999987,-3.3036900000000005,0.0,0.0,0.0,0.0,0.0,0.0,0.0,0.0,0.0,0.0,0.0,1256.089999999999,-0.0966620999999999,0.0,0.0,0.0,0.0,0.0,0.0,0.0,0.0,0.0,0.01741241486838599,0.37592237483999597,5722.638769750877,-211.07125515517683,0.0,3.919329388424918e-08,0.0,-6.879202140103962e-09,53.87857613802784,-0.03382994079273489,53.87857613802784,0.0,1.439153237672058,1.1085213880576217,0.2395176236774798,4476.573811536817,19.435206465534705,0.0,-3.0888603064251077e-18,0.0,8.031258896626356e-16,17.382693157936508,-0.021548229809992055,17.382693157936508,0.0,2.895812784776558,999.0,4.0161257006007185,1.9964161288171818,31.58814501541733,gaze,0.49468826104596975,0.3878982917886669,-14.461745737862767,48.895736537621026,224.85468896746306,28.86354325744331,0.8873366077872479,-34.825155865875466,0.008031288642942941,0.19569866110633452,0.9732940875391034,5.035174613893612,-29.43663539344962,-2.0033052457181135,-33.28016573750118,-0.02418023270891923,0.12968163641773994,0.990942552750814,4.936739256041164,-0.693984056698042,-1.1940582239331996,-33.44161521899053,-0.006333136614705876,0.15959052353294115,0.9840048188821923,4.998670820629568,15.747748424786687,True,-0.14925749702589602,imu,-0.5748248408000001,-10.0507614984,1.6562851032,3.08059439,-0.1874327600000001,-7.272221549999999,73.59122927674346,-3.704991189716817,1.1968217595038
231.419385,0.4980371460961088,-0.11806750155834822,4507.577108937889,7.419233248623,-0.04181881069437288,-0.558701903740644,-179.81695918537704,18323.765462945405,0.0004789309395262815,-0.5586414202279566,0.207272623416488,0.011060661002415949,-0.04181881069437288,-0.4563337691165107,-0.17623369625749882,-0.0020125193396490996,66.04514932373192,0.002421668267477514,0.49846076145463303,-0.11798800554732947,66.0482755906279,-179.93711625079027,-0.21218082204538263,-0.8131383513960516,0.0,0.25575542291873604,0.8046219367677456,0.29850068700747745,-1.6538958667093464,-0.09799144180235286,0.0,0.0,1779.949999999999,-3.303690000000002,0.0,0.0,0.0,0.0,0.0,0.0,0.0,0.0,0.0,0.0,0.0,1256.0899999999992,-0.09666209999999993,0.0,0.0,0.0,0.0,0.0,0.0,0.0,0.0,0.0,0.017407956939840406,0.37592281674373157,5722.640195697629,-211.0786306599306,0.0,3.9182923032355e-08,0.0,-6.879558238397408e-09,53.87860722242864,-0.03382999723935176,53.87860722242864,0.0,1.4391540988522236,1.1075983340360183,0.23976219822871792,4476.573992399175,19.432730606322284,0.0,-3.089086142709012e-18,0.0,8.029997071927589e-16,17.38589575284894,-0.02157027434156887,17.38589575284894,0.0,2.89781636698412,999.0000000000001,4.016074118736166,1.9964254754637791,31.57890309772293,gaze,0.49458178648824613,0.3879313484931307,-14.540150167279531,49.21575686622919,226.6886522905389,28.86487092648161,0.880905739271612,-34.82162004141859,0.008177620152765132,0.1956742831209306,0.9732980903734861,5.034873992537989,-29.43531850277992,-2.004810970222668,-33.27879983448003,-0.024132525116707798,0.1296560581893756,0.9909474243809836,4.936396781956446,-0.6938832903681889,-1.1956521754115506,-33.44017456477189,-0.0062226283700251,0.15957583121043126,0.9840102978252687,4.99830708548362,15.6347940163706,True,-0.1495020107181935,imu,-0.4924444369326799,-9.76324921723761,1.8357550157551303,3.1308126109574816,0.8464365927809208,-6.833496980942328,73.78030600000001,-4.095546000000017,0.970487199999992
231.424,0.485162,0.078622,4507.49,7.41838,0.0433711,-0.539901,-179.788,18326.3,-5.84e-05,-0.539803,0.558785,-0.0253936,0.0433711,-0.716441,0.00939408,-0.00327091,65.9719,-0.00620826,0.485111,0.0786624,65.9748,-179.788,-0.283007,0.267756,0.0,0.312575,1.044,0.0,-1.0,-0.0996208,0.0,0.0,1779.95,-3.30369,0.0,0.0,0.0,0.0,0.0,0.0,0.0,0.0,0.0,0.0,0.0,1256.09,-0.0966621,0.0,0.0,0.0,0.0,0.0,0.0,0.0,0.0,0.0,0.0173593,0.375933,5722.66,-211.16,0.0,3.83e-08,0.0,-6.88e-09,53.8789,-0.0338399,53.8789,0.0,1.43919,1.455,0.254849,4476.58,19.4006,0.0,-1.76e-18,0.0,2.96e-16,17.4987,-0.0229381,17.4987,0.0,3.00387,999.0,4.0,2.0,31.48144624162596,gaze,0.49361688322285496,0.3882266571163208,-15.26100583178077,51.99626363902992,243.44660693815374,28.876909189829565,0.8196738657646148,-34.78656708964659,0.009506855863854736,0.19545812137329538,0.9733332487729707,5.032119030500603,-29.42339723682393,-2.0184779468782947,-33.26638264657871,-0.02370553394769674,0.12942824491829652,0.9909902917189115,4.93326951977665,-0.6928938657096623,-1.2101443323609526,-33.42705543524634,-0.005222146839169394,0.15944722324245061,0.9840586106829432,4.994983242441579,14.559909227569054,True,-0.15176459985860474,imu,-0.4993904542819918,-9.76374134878239,1.8338846207161936,2.698702218852436,0.8586600536793387,-6.909463200444411,73.6272984201883,-3.7259238288932375,1.1782250245888617
231.427347,0.49557494097743443,-0.11384138726283144,4507.4310763552485,7.419391940549134,-0.041259623955931024,-0.5586666183118487,-179.81998162220765,18327.80944594948,0.00044056272586915734,-0.558606858529386,0.19319743301124812,0.013091502199037361,-0.041259623955931024,-0.4530288985567554,-0.16365982642526689,-0.001988420462578298,66.05909266881255,0.003027197077031099,0.49602069840877255,-0.11376063409140957,66.06221553613804,-179.93990792721948,-0.2282265488809695,-0.8149022526119606,0.0,0.25424595187523347,0.7625658129734321,0.3369844620722192,-1.6701246410668578,-0.09773379407898512,0.0,0.0,1779.9499999999985,-3.303690000000001,0.0,0.0,0.0,0.0,0.0,0.0,0.0,0.0,0.0,0.0,0.0,1256.089999999999,-0.09666209999999992,0.0,0.0,0.0,0.0,0.0,0.0,0.0,0.0,0.0,0.017337404081922823,0.37592981057874947,5722.66282461766,-211.1956084653224,0.0,3.9018625278003734e-08,0.0,-6.885205673557366e-09,53.879099175009515,-0.033830893241133884,53.879099175009515,0.0,1.439167728435929,1.0930991898295304,0.243661140206628,4476.57687686666,19.393411063606255,0.0,-3.0923081398785316e-18,0.0,8.009156047692454e-16,17.43674743791801,-0.02192170376267185,17.43674743791801,0.0,2.929717217127247,998.9999999999999,4.015252253401815,1.9965746626181218,31.432299870659165,gaze,0.4929327392595464,0.3884312046130919,-15.776898486300325,53.81333079774039,255.02081315474751,28.885452100487186,0.7729517637587588,-34.758270846106825,0.010452888562945538,0.19531025851856434,0.9733569070900706,5.030130803379897,-29.41495922740842,-2.028192901190103,-33.25753423899393,-0.023408865165283295,0.12927123819561662,0.9910192290040866,4.931025276949384,-0.692104947843979,-1.2204734958800643,-33.41768144430547,-0.004513885924234123,0.1593611889231327,0.9840913428889246,4.9925951634091765,13.744054025423836,True,-0.15342194486486266,imu,-0.6250696760000001,-9.967618259200002,1.6335552968,2.00391935,0.1490281899999997,-7.189975539999999,73.651281121797,-3.739491940313227,1.16543173292027
231.436168,0.49280031881377306,-0.10901940478967709,4507.269251718074,7.419567718392898,-0.040600669879606255,-0.5586148951133906,-179.8233629430838,18332.284695320584,0.00039727073200033374,-0.5585559255245393,0.17684321109198237,0.015354490652065872,-0.040600669879606255,-0.44852256545441144,-0.14946251614430667,-0.001962107624573859,66.07446459270946,0.0037034414601501836,0.4932706627762867,-0.10893728467514008,66.07758352941856,-179.9429654108951,-0.2458567206377507,-0.8162038094250591,0.0,0.25255995735158443,0.7152116638646991,0.3370621126510907,-1.6840918603451904,-0.09744857837858846,0.0,0.0,1779.9499999999985,-3.3036900000000005,0.0,0.0,0.0,0.0,0.0,0.0,0.0,0.0,0.0,0.0,0.0,1256.0899999999988,-0.09666209999999989,0.0,0.0,0.0,0.0,0.0,0.0,0.0,0.0,0.0,0.0172595732332683,0.3759375260908486,5722.687922614961,-211.3252027247528,0.0,3.883701754490568e-08,0.0,-6.8914613365373825e-09,53.87964187382401,-0.033831887462756664,53.87964187382401,0.0,1.4391827644802433,1.0773662702658338,0.24802422819687442,4476.580107641861,19.34973744604874,0.0,-3.0950856452541606e-18,0.0,7.98424537970004e-16,17.493207876527546,-0.02231497176372967,17.493207876527546,0.0,2.9653290871262747,998.9999999999997,4.014333932574701,1.9967419327205063,31.269833506279948,gaze,0.49119201190388084,0.38893208016166403,-17.058183348037925,58.11040684652841,281.59935225486385,28.907218806583742,0.6410722818495437,-34.672182225688054,0.012874455730250593,0.1949559260256649,0.9734119364805783,5.024929911390272,-29.393548465902544,-2.0530121636164593,-33.23484096022815,-0.022678725416863246,0.12889003764059628,0.9910869302508639,4.925205459906885,-0.689737619802499,-1.2469737776813805,-33.3935375164215,-0.0027162965834444113,0.15916316663535185,0.9841684310392769,4.986391165223031,11.491983976232387,True,-0.15785444699627224,imu,-0.6370327320000001,-9.8521747688,1.6520980336,1.2188438,0.35838167,-7.37689829,73.71580522777928,-3.7747834258213966,1.1294614370526581
231.437495,0.4923786710878495,-0.10828120437517752,4507.244904038922,7.419594137419985,-0.04049790287159427,-0.5586059582294581,-179.82387435665717,18332.957399494106,0.00039068695873442476,-0.5585471064118984,0.17431663323552338,0.01569610592105513,-0.04049790287159427,-0.44776667489757993,-0.14730252692184717,-0.0019581858516012837,66.07677011989927,0.0038056469656511382,0.49285271806057757,-0.1081988810550022,66.07988845037357,-179.9434219505614,-0.24849434419969624,-0.8163394228593546,0.0,0.2523050849592862,0.7080215722742174,0.33208717832917534,-1.6857792687559434,-0.09740569286974296,0.0,0.0,1779.949999999999,-3.303690000000001,0.0,0.0,0.0,0.0,0.0,0.0,0.0,0.0,0.0,0.0,0.0,1256.0899999999992,-0.09666209999999992,0.0,0.0,0.0,0.0,0.0,0.0,0.0,0.0,0.0,0.017247894906269753,0.37593868380397755,5722.6917007885595,-211.34469806367838,0.0,3.880973482938777e-08,0.0,-6.892402319940336e-09,53.87972330426926,-0.03383203716681766,53.87972330426926,0.0,1.4391850206446144,1.0750315049948092,0.24868454124980965,4476.580596881387,19.34315716681363,0.0,-3.095431295340389e-18,0.0,7.980332009923061e-16,17.501712518227748,-0.022374489502305382,17.501712518227748,0.0,2.9707108391591177,999.0,4.014195118104597,1.9967672687586755,31.245388433756133,gaze,0.5286896109792552,0.3442041427608952,-16.50465260838192,59.56879076222324,285.1955420370084,28.25711355694682,0.6291702382947628,-34.34704066304727,-0.0675397385024291,0.2183822102310606,0.9735232888727524,5.110820770263672,-29.79150731574358,-1.395431365787565,-33.75786247571993,-0.0289876767345401,0.1497012329182586,0.98830625590466,4.897876262664795,-0.7214118711868789,-0.430755055040577,-34.04793622853483,-0.0470345955917943,0.1783725045694381,0.982025978279354,5.042515711001139,10.760083598131946,True,0.0,imu,-0.5195662702384318,-9.76505351241038,1.8288098673459845,1.4640970314646182,0.8792855195385333,-7.063403106800404,73.72566199227278,-3.7800341209588577,1.1237800327683782
231.44,0.510155,0.0858165,4507.2,7.41731,0.0434944,-0.540266,-179.784,18334.4,-6.14e-05,-0.540167,0.377537,-0.0202845,0.0434944,-0.256294,0.0050288,-0.00327292,66.0011,-0.00633206,0.510169,0.0858653,66.004,-179.784,-0.167183,0.267132,0.0,0.312575,1.035,0.0,-1.0,-0.0986723,0.0,0.0,1779.95,-3.30369,0.0,0.0,0.0,0.0,0.0,0.0,0.0,0.0,0.0,0.0,0.0,1256.09,-0.0966621,0.0,0.0,0.0,0.0,0.0,0.0,0.0,0.0,0.0,0.0172221,0.375945,5722.7,-211.39,0.0,3.88e-08,0.0,-6.89e-09,53.8799,-0.0338386,53.8799,0.0,1.43921,1.455,0.260815,4476.58,19.3235,0.0,-1.69e-18,0.0,2.83e-16,17.5808,-0.0234751,17.5808,0.0,3.05936,999.0,4.0,2.0,31.191456158956218,gaze,0.4904636707516986,0.38913264560817584,-17.561523327854236,60.02882929566815,291.8498715876879,28.9163402200312,0.5800940446852121,-34.629641906701565,0.013894361635892988,0.1948177496339555,0.973432572970486,5.022688041724605,-29.38461703778888,-2.063443484991148,-33.22526308993798,-0.022384630365974798,0.12873894876622924,0.9911125176780542,4.922719687910594,-0.6885790595515446,-1.2581629939596743,-33.383300307866186,-0.0019662397288088356,0.15908993169816585,0.9841978218138616,4.98373619460051,10.489677002225449,True,-0.1598085169324416,imu,-0.5232890445755688,-9.765276483605623,1.8279319801182552,1.242171583346994,0.8806775718577458,-7.0812126125010515,73.74436561492864,-3.7899044183168495,1.112870872395383
231.444989,0.48997671552622124,-0.1040491850648021,4507.107388367005,7.419743111734107,-0.039899458618980255,-0.5585497817984224,-179.82677473777804,18336.753337523674,0.0003531586669198115,-0.5584915894391481,0.15973690820984973,0.017631072123712566,-0.039899458618980255,-0.44311014425723194,-0.13498599214488818,-0.001936225552275012,66.0897555733129,0.004385080595019866,0.4904716920215869,-0.10396572650926994,66.09287040699276,-179.9459824377971,-0.2633121032240594,-0.8168059069803728,0.0,0.25085969392305546,0.6671056270242971,0.27368544282768037,-1.6930356840024783,-0.09716361164791168,0.0,0.0,1779.949999999999,-3.3036900000000013,0.0,0.0,0.0,0.0,0.0,0.0,0.0,0.0,0.0,0.0,0.0,1256.0899999999992,-0.09666209999999993,0.0,0.0,0.0,0.0,0.0,0.0,0.0,0.0,0.0,0.017182091758198535,0.37594520719360136,5722.713049731445,-211.45479279502615,0.0,3.865584511338307e-08,0.0,-6.8977158857565954e-09,53.88018213451367,-0.03383288324482526,53.88018213451367,0.0,1.4391977335222852,1.0620130466341662,0.2524328555220008,4476.583375642104,19.305946304062687,0.0,-3.0970283274219788e-18,0.0,7.957416545264926e-16,17.54979363996849,-0.022712347432117766,17.54979363996849,0.0,3.0012229116843203,999.0000000000001,4.013408125711292,1.9969111567092084,31.107318613185544,gaze,0.48954041581225005,0.3893785513840515,-18.15605851841444,62.87727964687413,305.6939006075602,28.927915616682505,0.4976335795088522,-34.56968388089697,0.015193424735187292,0.19465193073084625,0.9734565111158839,5.0197849995640444,-29.373320536856,-2.0767098541055056,-33.21304537733256,-0.02202242106256853,0.12855520330128015,0.9911424053711506,4.9195215277659505,-0.6869529226465773,-1.272440669582799,-33.370198150122036,-0.0010173833956865553,0.1590060094192765,0.9842324151907947,4.980315660058913,9.188226678293747,True,-0.1623778024025457,imu,-0.6160973840000001,-9.7690315296,1.6843982848,0.51601426,0.5527813299999997,-7.54886722,73.78196648386975,-3.809400860310316,1.0904484486278896
231.45381,0.4871043330635769,-0.09892954494482131,4506.945486458294,7.419917753729142,-0.039155154356349864,-0.5584711608095689,-179.8302127760421,18341.213865146114,0.0003082313637657046,-0.558413731926804,0.14192955795973922,0.019921121767286748,-0.039155154356349864,-0.43677475246473196,-0.12023171599996024,-0.001910800502610886,66.10496423609392,0.005071830899318688,0.48762397495321624,-0.09884477784592816,66.10807479464222,-179.9489555697217,-0.2805709021874675,-0.8166947577526628,0.0,0.24914526936103806,0.6182992453545899,0.12521965874151103,-1.696087970464994,-0.09687890273503935,0.0,0.0,1779.949999999999,-3.3036900000000013,0.0,0.0,0.0,0.0,0.0,0.0,0.0,0.0,0.0,0.0,0.0,1256.089999999999,-0.09666209999999992,0.0,0.0,0.0,0.0,0.0,0.0,0.0,0.0,0.0,0.017104958125145345,0.3759528540342099,5722.738205968075,-211.58437867605076,0.0,3.847510640104472e-08,0.0,-6.903969321342081e-09,53.88071996775763,-0.033833880510406374,53.88071996775763,0.0,1.439212635843965,1.047072825397477,0.2568868187253241,4476.58668119781,19.262037846216014,0.0,-3.09813414624085e-18,0.0,7.928666168894603e-16,17.60650106958175,-0.023113812284063028,17.60650106958175,0.0,3.0373974451907007,998.9999999999999,4.012475558068117,1.9970821938729753,30.944755550260016,gaze,0.48797639978047763,0.3897718590570682,-19.029832713403714,69.37275545890692,337.5936888215207,28.947560970571246,0.3441405593454292,-34.4513888862658,0.017411488820618968,0.1943971110856789,0.9734908327521725,5.014695235245593,-29.354254131897193,-2.0993057083174484,-33.192133881484104,-0.021438494526422776,0.12826562952232187,0.9911858907160574,4.913971391881045,-0.683753926734862,-1.2968912743222738,-33.347651987183895,0.0005846129923916698,0.15888874699449024,0.9842835482217102,4.974366566656719,6.978239770175137,True,-0.1669885368924196,imu,-0.6591643856000001,-9.8449969352,1.6933705768,0.11973803,0.7995193599999997,-7.59372868,73.84943197577033,-3.8433484413809316,1.048668939187962
231.456,0.532742,0.0852395,4506.9,7.41622,0.0435108,-0.540547,-179.78,18342.6,3.05e-05,-0.540449,-0.0829931,-0.015289,0.0435108,-0.17615,-0.0024572,-0.00327526,66.0305,-0.00645549,0.532763,0.085292,66.0334,-179.78,0.805085,0.266293,0.0,0.309284,1.017,0.0,-1.0,-0.0977024,0.0,0.0,1779.95,-3.30369,0.0,0.0,0.0,0.0,0.0,0.0,0.0,0.0,0.0,0.0,0.0,1256.09,-0.0966621,0.0,0.0,0.0,0.0,0.0,0.0,0.0,0.0,0.0,0.0170849,0.375957,5722.75,-211.62,0.0,3.93e-08,0.0,-6.91e-09,53.8809,-0.0338374,53.8809,0.0,1.43923,1.455,0.26678,4476.59,19.2464,0.0,-1.61e-18,0.0,2.71e-16,17.6629,-0.0240122,17.6629,0.0,3.11485,999.0,4.0,2.0,30.891466560336315,gaze,0.48760149178830275,0.38986141095836996,-19.214184694320565,71.25526617034822,347.5775561813072,28.952277543604268,0.3046588162278081,-34.41967031202787,0.017946729741248616,0.1943413329250475,0.9734977883447009,5.013440042908708,-29.34969802056026,-2.104747147838992,-33.1870775831636,-0.021304569704379033,0.12820062273737526,0.9911948562553924,4.912613944549462,-0.682896143803209,-1.3028061481460795,-33.34217602469456,0.0009675276149251457,0.15886570425381868,0.9842942808975805,4.972908926417606,6.463848863192915,True,-0.1681463887390094,imu,-0.5469006606244959,-9.766550929201403,1.822791470642331,-0.09640964932762935,0.8721096102504277,-7.125047101488842,73.8663464689137,-3.8516733383100035,1.0378988733408914
231.457475,0.4858966043480759,-0.09675819067725233,4506.878207218288,7.4199900056538555,-0.03883303507794755,-0.5584344948252704,-179.8316479289684,18343.064376950308,0.0002893261850512388,-0.5583773789225343,0.13433722547396734,0.02087653541061016,-0.03883303507794755,-0.43386744762674795,-0.11402021483686467,-0.0019003774501037077,66.11125868835403,0.005358600242987316,0.48642650085342787,-0.09667288902359061,66.11436742011813,-179.95017712907438,-0.287678614044711,-0.8164355923727499,0.0,0.2484288123307039,0.5978276110678611,0.032944398471427744,-1.6954131010732414,-0.09676068820415892,0.0,0.0,1779.949999999999,-3.3036900000000013,0.0,0.0,0.0,0.0,0.0,0.0,0.0,0.0,0.0,0.0,0.0,1256.0899999999992,-0.09666209999999995,0.0,0.0,0.0,0.0,0.0,0.0,0.0,0.0,0.0,0.017073012122210664,0.3759560211473725,5722.7486665897,-211.63821853408896,0.0,3.840013922978745e-08,0.0,-6.9065672074163455e-09,53.88094271852975,-0.03383429527745478,53.88094271852975,0.0,1.4392188079934687,1.0409946865471629,0.2587506579162996,4476.588065731182,19.243760059643844,0.0,-3.0983470733070802e-18,0.0,7.916155069002277e-16,17.63009708856788,-0.023281813085653035,17.63009708856788,0.0,3.052509686375866,999.0000000000001,4.012086273652478,1.9971537570888576,30.87719883289275,gaze,0.5272533904235543,0.3486428692718951,-19.234048026911317,71.77416110267288,354.6495721542343,28.28970183797189,0.6536431042324022,-34.3756107050928,-0.0658204307065031,0.2129190780210691,0.9748325126574248,5.12927034149199,-29.79352536397746,-1.4052209394045505,-33.737079394525004,-0.0278790912174089,0.1518114579515404,0.988013277910573,4.891752954585087,-0.7474188507765348,-0.4023966902342315,-34.05647291477714,-0.0485909124942338,0.1808181759491938,0.9814947872361734,5.026757675694905,5.9251759387517975,True,0.0,imu,-0.5490627747001521,-9.76665551496068,1.822357843636212,-0.21173390667559686,0.8698310517986858,-7.123742442991536,73.87777045193528,-3.857257198769049,1.0305602985551134
231.462631,0.4841833802030733,-0.09365930929815114,4506.783546152006,7.420091269882825,-0.038366912601169034,-0.5583789134935228,-179.83367273564753,18345.664616884093,0.00026249394672389213,-0.5583222335323111,0.12347433470401614,0.022224513477271904,-0.038366912601169034,-0.4295013196853211,-0.10520124634969982,-0.001885859160487226,66.12008921065751,0.00576340150915057,0.4847277069275381,-0.09357326497063745,66.12319532231484,-179.95188130415502,-0.29761079506855576,-0.8158566499024489,0.0,0.24741679464923316,0.5688463446905415,-0.13215975127101992,-1.692357098946997,-0.09659446080356687,0.0,0.0,1779.949999999999,-3.3036900000000013,0.0,0.0,0.0,0.0,0.0,0.0,0.0,0.0,0.0,0.0,0.0,1256.089999999999,-0.09666209999999992,0.0,0.0,0.0,0.0,0.0,0.0,0.0,0.0,0.0,0.017028170809418965,0.37596046675917977,5722.7633913258105,-211.713960367955,0.0,3.8294799967717836e-08,0.0,-6.910221643423545e-09,53.881255384187725,-0.03383487917942567,53.881255384187725,0.0,1.439227471725795,1.0325787998606657,0.26138590287630425,4476.590024640996,19.21801228671952,0.0,-3.098401278097064e-18,0.0,7.897991443165655e-16,17.66332639886266,-0.023519346797214485,17.66332639886266,0.0,3.0738513808359063,999.0,4.011536957397153,1.9972549027476898,30.78214468696361,gaze,0.4864984261598393,0.39011323132796377,-19.715110304952717,77.0721139616657,380.8756681249421,28.966173148276532,0.18219421744343187,-34.318194461647984,0.019530326716506972,0.19419031710930182,0.9735151014767376,5.009659793510882,-29.336328133496316,-2.1208192859320714,-33.17209296981093,-0.020925501702678068,0.1280202221801558,0.9912176206148782,4.908552980248435,-0.6801466122929911,-1.3203425474552908,-33.32588775476039,0.0020914363062523584,0.1588104188532785,0.9843220808503504,4.968541821967705,5.038111583781283,True,-0.17168320836294063,imu,-0.6418179544000001,-9.934121702400002,1.7250726752,-0.37373803,1.03878048,-7.44419048,73.91788274402636,-3.87663037529097,1.0043905783890807
231.471451,0.48121441192930525,-0.08823793446128592,4506.6215859770155,7.42026325859596,-0.03753397715897372,-0.5582729328892476,-179.83714980742477,18350.10326652872,0.0002159571552698429,-0.5582169863975549,0.10442872490553622,0.024540856522705407,-0.03753397715897372,-0.4212776933917225,-0.08989799033104345,-0.001861431380995775,66.13512743071558,0.006459415065931631,0.48178342642682054,-0.08815064579788734,66.1382289246314,-179.95475575095617,-0.31440703642105894,-0.8142781727045085,0.0,0.24567458232249687,0.518808769361426,-0.5242546237622011,-1.6809429199852597,-0.09631032753540446,0.0,0.0,1779.949999999999,-3.303690000000001,0.0,0.0,0.0,0.0,0.0,0.0,0.0,0.0,0.0,0.0,0.0,1256.089999999999,-0.09666209999999992,0.0,0.0,0.0,0.0,0.0,0.0,0.0,0.0,0.0,0.016951736939642296,0.3759680446570719,5722.788602945481,-211.84352318166725,0.0,3.811494488405108e-08,0.0,-6.916472143523228e-09,53.8817883340995,-0.03383587905520686,53.8817883340995,0.0,1.439242239776257,1.0185655536349927,0.26592936380746046,4476.593405919729,19.17387485632987,0.0,-3.0978282308432177e-18,0.0,7.865393940438183e-16,17.720259291325544,-0.023928883740523755,17.720259291325544,0.0,3.110579170266341,999.0,4.010593160863867,1.9974291213561948,30.619504845965356,gaze,0.4851051240434269,0.3904038536462922,-20.341208490783956,82.64283299761078,416.9722633411744,28.983768332595115,0.01349037879580654,-34.17126782118369,0.021551379017449745,0.19403042585466204,0.9735295146305059,5.004678418916369,-29.31952345685677,-2.141267712429212,-33.15291137173582,-0.020482058294723056,0.12781791916916152,0.9912378257357471,4.903264829740931,-0.6761401920983447,-1.3428088057729741,-33.3048966017801,0.0035046597053351833,0.15877007667717222,0.9843482593654093,4.962840020693023,3.5701097611602495,True,-0.1764578609186085,imu,-0.580208216,-9.968216412,1.7579710792,-1.11395212,1.48739508,-7.272221549999999,73.98700570245883,-3.9092472160651086,0.9578780223270127
231.472,0.525753,0.0839475,4506.61,7.41511,0.0434069,-0.540751,-179.776,18350.7,3.16e-05,-0.540652,0.0608383,-0.0102485,0.0434069,-0.213895,-0.00963752,-0.00327595,66.0594,-0.00658684,0.525755,0.0839988,66.0624,-179.776,0.29698,0.264251,0.0,0.309284,0.99,0.0,-1.0,-0.0967113,0.0,0.0,1779.95,-3.30369,0.0,0.0,0.0,0.0,0.0,0.0,0.0,0.0,0.0,0.0,0.0,1256.09,-0.0966621,0.0,0.0,0.0,0.0,0.0,0.0,0.0,0.0,0.0,0.0169477,0.375969,5722.79,-211.851,0.0,3.97e-08,0.0,-6.92e-09,53.8818,-0.0338362,53.8818,0.0,1.43925,1.455,0.272748,4476.59,19.1693,0.0,-1.53e-18,0.0,2.58e-16,17.7451,-0.0245494,17.7451,0.0,3.17035,999.0,4.0,2.0,30.601477160295367,gaze,0.4850211572159347,0.390420294399814,-20.38265969814782,82.8277363971087,418.33559017207506,28.984830402178787,0.002804533593686354,-34.16169798976768,0.021673992137033082,0.1940219974998654,0.9735300905425539,5.004370103799013,-29.31851398055319,-2.1425058290930066,-33.15174544447806,-0.020456721160931255,0.1278067264553004,0.9912387077797382,4.902939908780928,-0.6758778500508192,-1.3441751205479096,-33.30361523163627,0.0035895760848838835,0.15876879958882398,0.984349486199039,4.962489108918838,3.4988647747846806,True,-0.1767576433511122,imu,-0.5702215036604437,-9.76757098472766,1.8184454296220005,-1.2596476022942609,0.8344502611565999,-7.075984998936002,73.99132403305443,-3.911255682111765,0.9549145750410488
231.477567,0.4791273908252806,-0.08438892774264928,4506.509256543904,7.4203814293147445,-0.03692965382989194,-0.5581913108216199,-179.83956879856896,18353.173280077306,0.00018321806996376283,-0.5581358634776034,0.09090436123781984,0.026154753737597167,-0.03692965382989194,-0.4150109631099375,-0.07912611330761682,-0.0018448069225397018,66.14550464950565,0.006944541327475268,0.47971352042624493,-0.08430079622191433,66.14860284098062,-179.95671713380267,-0.32589973471763295,-0.81274175090771,0.0,0.24445837183802865,0.4837956839202972,-0.889790875735292,-1.668042687613206,-0.09611347013648795,0.0,0.0,1779.9499999999987,-3.303690000000001,0.0,0.0,0.0,0.0,0.0,0.0,0.0,0.0,0.0,0.0,0.0,1256.089999999999,-0.09666209999999992,0.0,0.0,0.0,0.0,0.0,0.0,0.0,0.0,0.0,0.016898937456988186,0.37597327948991854,5722.806102383608,-211.93336269240103,0.0,3.799048141854859e-08,0.0,-6.92080573705634e-09,53.882156487483165,-0.03383657312264468,53.882156487483165,0.0,1.4392524416076589,1.009147024975796,0.2691061367198403,4476.595773191928,19.143200410579254,0.0,-3.096936878908981e-18,0.0,7.84165825593991e-16,17.75980276417014,-0.02421523195418731,17.75980276417014,0.0,3.136209555896653,999.0,4.009935982219842,1.9975507513799475,30.506698840900103,gaze,0.5258091189818536,0.3531064775331134,-21.97874335970283,84.04794993553978,424.4929341721215,28.3224727960478,0.6782531554045637,-34.40434089952622,-0.0640914851491561,0.207425321646529,0.9761490754342852,5.147823333740234,-29.79555472459383,-1.415065389510294,-33.7161798115736,-0.0267642914070871,0.1539335120741011,0.9877186575973996,4.885595321655273,-0.7581510520602712,-0.383739871572923,-34.06007563701253,-0.0487764343197483,0.1820587591644816,0.9813015525815658,5.018139126177532,2.548388168152929,True,0.0,imu,-0.5782668405181577,-9.767867391933466,1.817116364483454,-1.6150794004129874,0.8148266886173994,-7.045895535449249,74.0351821612714,-3.931478483388703,0.9244430423762166
231.480272,0.47819697750565837,-0.08266303252396334,4506.4595693753645,7.420433368949037,-0.036655297282583266,-0.5581530740967889,-179.84064027433118,18354.52882619816,0.00016861615025669274,-0.5580978449611452,0.08484580177021586,0.026870547544905435,-0.036655297282583266,-0.4120909206195216,-0.0743202330327937,-0.0018375391710256997,66.15008094463802,0.007159723832589268,0.4787906743258967,-0.08257453359579148,66.15317764932314,-179.95757592981658,-0.33094004300279567,-0.8119454209482585,0.0,0.24391835478921498,0.46823365229295894,-1.0788772941684184,-1.6609439105378905,-0.09602644830748407,0.0,0.0,1779.9499999999991,-3.3036900000000013,0.0,0.0,0.0,0.0,0.0,0.0,0.0,0.0,0.0,0.0,0.0,1256.0899999999992,-0.09666209999999993,0.0,0.0,0.0,0.0,0.0,0.0,0.0,0.0,0.0,0.016875637672934474,0.37597558959134203,5722.8138465449365,-211.9730964970845,0.0,3.7935499214716465e-08,0.0,-6.922722239123611e-09,53.88231894888022,-0.033836880278057035,53.88231894888022,0.0,1.4392569436218339,1.0050627022187146,0.2705179936399309,4476.596826135914,19.12961577216392,0.0,-3.0964134909447607e-18,0.0,7.830864617568058e-16,17.77730867257162,-0.024342494356130277,17.77730867257162,0.0,3.1475877112371284,999.0,4.009644686045135,1.9976047464689393,30.456799538270335,gaze,0.48379466694132683,0.3906449948465847,-21.115606239111653,83.03790123007883,422.6619738237614,29.000368473962425,-0.16027843976022804,-34.01194550876559,0.023476753723478162,0.1939162741843136,0.9735342722293927,4.999749172422212,-29.303815555304897,-2.1606748325808547,-33.13457144690205,-0.020106646559862443,0.12765760350873612,0.9912467409454736,4.898103702535276,-0.6717450950048984,-1.3643118049434901,-33.28466266644712,0.004826316135374772,0.15876677032423078,0.9843623361010638,4.957257843266698,2.758476045901901,True,-0.1813101993363964,imu,-0.5580765624000001,-9.964627495200002,1.7944584,-2.38502682,1.54721036,-7.18249863,74.05652485093906,-3.941210582479353,0.9093716588049277
231.488,0.523957,0.081027,4506.32,7.41398,0.0432183,-0.540922,-179.771,18359.2,1.18e-06,-0.540824,0.0425416,-0.0125518,0.0432183,-0.103794,-0.0138795,-0.00327746,66.0903,-0.00678314,0.52397,0.0810806,66.0933,-179.771,-0.312364,0.260753,0.0,0.309284,0.936,0.0,-1.0,-0.0956985,0.0,0.0,1779.95,-3.30369,0.0,0.0,0.0,0.0,0.0,0.0,0.0,0.0,0.0,0.0,0.0,1256.09,-0.0966621,0.0,0.0,0.0,0.0,0.0,0.0,0.0,0.0,0.0,0.0168085,0.375985,5722.84,-212.091,0.0,3.83e-08,0.0,-6.93e-09,53.8828,-0.0338429,53.8828,0.0,1.43928,1.455,0.279024,4476.6,19.0878,0.0,-1.47e-18,0.0,2.47e-16,17.8306,-0.025117,17.8306,0.0,3.22718,999.0,4.0,2.0,30.3114881172202,gaze,0.482713623962155,0.3908165011707863,-22.105800276689422,81.48496236641755,412.5360476520211,29.014106316070194,-0.3152728999652834,-33.86341409760282,0.02508602441669234,0.19385299418993154,0.9735306572208495,4.995473377419656,-29.29094076908278,-2.1768345266481703,-33.11918713416339,-0.0198325990376172,0.12755084370544664,0.9912454507898857,4.893685379076816,-0.6675863296226962,-1.3823696510623085,-33.267551494937706,0.005910158211891838,0.1587935816264757,0.9843649127052424,4.952464609336331,2.6617677251033536,True,-0.18562205482333435,imu,-0.5932479322717407,-9.76834288278524,1.814876357553338,-2.2053470903304846,0.7693723665636883,-6.98333802085409,74.11752947929907,-3.9686766343927813,0.8654328124518124
231.489093,0.4751316402471582,-0.07693405928401631,4506.297514879296,7.420601183584076,-0.035730094108740285,-0.5580192263409073,-179.8441391454179,18358.93861801283,0.00012048217513072773,-0.5579646975228744,0.06478717173305742,0.029213194793505468,-0.035730094108740285,-0.40193295939140483,-0.058471549042814625,-0.0018142133140969362,66.16494668525326,0.007863936107821365,0.4757499968662551,-0.07684438578780017,66.16803843017391,-179.96033781379512,-0.34718395855663453,-0.808845070398811,0.0,0.2421484295533394,0.4171874952074688,-1.8254293097022165,-1.631477971414377,-0.09574286548555462,0.0,0.0,1779.9499999999987,-3.303690000000001,0.0,0.0,0.0,0.0,0.0,0.0,0.0,0.0,0.0,0.0,0.0,1256.089999999999,-0.0966620999999999,0.0,0.0,0.0,0.0,0.0,0.0,0.0,0.0,0.0,0.01679988019043458,0.3759831008453375,5722.8391192682775,-212.10266562510623,0.0,3.775648236986783e-08,0.0,-6.928971221626762e-09,53.8828471784601,-0.03383788264503966,53.8828471784601,0.0,1.439271581860775,0.9921043744658927,0.27515102985756956,4476.600285245164,19.085240263242998,0.0,-3.0941559153554775e-18,0.0,7.794405997378039e-16,17.834463998906628,-0.02476010975046651,17.834463998906628,0.0,3.1848713619870646,999.0,4.008692372730816,1.9977816151374512,30.29404760270429,gaze,0.48256572029746947,0.3908378097035234,-22.279203073835717,81.4848827011054,412.02567360520004,29.01598932458755,-0.33732879219932516,-33.841801152403036,0.02530785170922998,0.19384676730134118,0.9735295671984331,4.994871819914261,-29.289185847785983,-2.179057303898856,-33.117062231263425,-0.019797916678337937,0.127538240733094,0.9912445916107656,4.893068183090831,-0.6669755395381948,-1.3848654597277894,-33.26517735376632,0.0060579373025414305,0.15879957507264628,0.9843645516779111,4.951793934219034,2.6934538584980525,True,-0.18623634032780345,imu,-0.5497024232000001,-9.8838768672,1.791467636,-3.44674804,1.71917929,-7.04791425,74.12615398628533,-3.972520970283873,0.8591193886009355
231.497548,0.47214874567204157,-0.07129712027874113,4506.142148925055,7.4207595050684745,-0.03479879744568948,-0.5578776878368319,-179.84749639037886,18363.14845481598,7.360691143222444e-05,-0.5578238134957817,0.0451712494286117,0.03147068081773187,-0.03479879744568948,-0.39127872966989385,-0.043027968179964016,-0.0017924131882835152,66.17911197990915,0.00854229657086411,0.4727907042894411,-0.07120635584795854,66.1821988112278,-179.9629269014404,-0.36245987522597034,-0.8051404972532809,0.0,0.24043919970156882,0.3678757512157677,-2.748967362027215,-1.5935581750035566,-0.09547133695151891,0.0,0.0,1779.9499999999987,-3.3036900000000013,0.0,0.0,0.0,0.0,0.0,0.0,0.0,0.0,0.0,0.0,0.0,1256.089999999999,-0.09666209999999993,0.0,0.0,0.0,0.0,0.0,0.0,0.0,0.0,0.0,0.016727585449531093,0.3759902689631772,5722.863370715631,-212.22685475511852,0.0,3.758529498123225e-08,0.0,-6.934959877360926e-09,53.88335126165905,-0.033838844409879595,53.88335126165905,0.0,1.4392855514061393,0.9802245975452614,0.27963327127692844,4476.603637648568,19.04259691882273,0.0,-3.0912000385529187e-18,0.0,7.757648791409483e-16,17.889343392486538,-0.025164134482425222,17.889343392486538,0.0,3.2208648276315905,998.9999999999999,4.007776649324656,1.997952179374368,30.138005168964543,gaze,0.5259859103439632,0.3531242042377719,-22.6584113603529,86.01240179130369,434.4535408876814,28.32732914175983,0.6914040984308123,-34.40744722831498,-0.0635882540737256,0.2068810341145787,0.9762974811334596,5.158190727233887,-29.81732159573418,-1.421631780137768,-33.70622787786341,-0.0281519051886589,0.1550109120231706,0.9875115631667276,4.888922214508057,-0.7583065201159404,-0.3756642419689467,-34.05724530006241,-0.0479579928808025,0.1824799575943615,0.9813395091208236,5.0168224357325855,4.038892542623537,True,0.0,imu,-0.6068472417534198,-9.768687828883932,1.8131095290654713,-2.6540406342106504,0.7182344516384167,-6.930489878273847,74.19275160486757,-4.001923253981416,0.8095306991335411
231.497914,0.4720186365311787,-0.07104987307433552,4506.1354226642625,7.420766296873284,-0.034757488061133546,-0.5578712664700902,-179.8476417314253,18363.330280157286,7.156154386534104e-05,-0.557817420077139,0.04431437726620798,0.03156866714245388,-0.034757488061133546,-0.3907971776539893,-0.042353893964886646,-0.0017914822330939665,66.17972329983935,0.008571731350530992,0.47266161586222266,-0.07095906221156512,66.18280991493674,-179.9630376387346,-0.36311429638702164,-0.8049637516613879,0.0,0.2403649306836004,0.36573356630944004,-2.793863462679513,-1.5916914281634358,-0.09545958953713411,0.0,0.0,1779.9499999999991,-3.3036900000000013,0.0,0.0,0.0,0.0,0.0,0.0,0.0,0.0,0.0,0.0,0.0,1256.0899999999992,-0.09666209999999992,0.0,0.0,0.0,0.0,0.0,0.0,0.0,0.0,0.0,0.016724462994478086,0.375990578562822,5722.864421116405,-212.23223056675707,0.0,3.757789349077217e-08,0.0,-6.93521909117467e-09,53.883373033284656,-0.033838886063269916,53.883373033284656,0.0,1.439286154768098,0.9797227417563162,0.2798282106788861,4476.603783585885,19.040748566781957,0.0,-3.0910545693752067e-18,0.0,7.756017610461679e-16,17.89172106399269,-0.025181706160390126,17.89172106399269,0.0,3.2224285660063217,999.0000000000001,4.0077369550413415,1.997959583624286,30.13124945174457,gaze,0.4814168001750662,0.3909834763761578,-24.058920802069473,86.9176252391565,436.89205328259334,29.030648531407564,-0.5158830933682615,-33.66254779265517,0.027046294195995725,0.19382080102381732,0.9735155930049082,4.990045567088676,-29.27561397281145,-2.196433988915183,-33.10037064218074,-0.019554477902231172,0.12745878235302097,0.9912316040443147,4.888156265410365,-0.6618476071144742,-1.4044861424799129,-33.24642972956243,0.007201205016252195,0.1588675691040973,0.9843551482503852,4.946446302661737,3.2896538057907954,True,-0.19123296913378324,imu,-0.4874945320000001,-9.7271608336,1.8112066784,-4.08228539,1.71917929,-6.95819133,74.19562779594224,-4.0031826186786255,0.8073558488243906
231.504,0.486029,0.075209,4506.02,7.41282,0.0429376,-0.54109,-179.767,18367.3,8.82e-05,-0.540992,0.415242,-0.00767913,0.0429376,-1.01199,-0.021308,-0.00327787,66.1193,-0.00712892,0.486,0.075258,66.1222,-179.767,-0.408308,0.256079,0.0,0.302702,0.855,-6.0,-1.0,-0.0946638,0.0,0.0,1779.95,-3.30369,0.0,0.0,0.0,0.0,0.0,0.0,0.0,0.0,0.0,0.0,0.0,1256.09,-0.0966621,0.0,0.0,0.0,0.0,0.0,0.0,0.0,0.0,0.0,0.0166692,0.376,5722.88,-212.331,0.0,3.68e-08,0.0,-6.94e-09,53.8838,-0.0338497,53.8838,0.0,1.43931,1.455,0.285299,4476.61,19.0064,0.0,-1.4e-18,0.0,2.35e-16,17.9162,-0.0256845,17.9162,0.0,3.28401,999.0,4.0,2.0,30.011499667834418,gaze,0.48066999400086385,0.39105710155284257,-25.736297098940778,97.51244498463038,491.97416283116064,29.04021109593473,-0.6390264118645561,-33.53451821560108,0.028192546872597826,0.19382769748211776,0.9735006481549624,4.9867450994738665,-29.266856279023795,-2.2078463558822032,-33.089324247572506,-0.019423861716368958,0.12742668147017103,0.9912164421729108,4.884838332196488,-0.6581101338154952,-1.4174879046755096,-33.233919295642266,0.007939359330392743,0.15893451874795458,0.9843420122734604,4.942823489768075,3.9213704440974673,True,-0.1947197412168586,imu,-0.6159764608979994,-9.76887278966111,1.8120669176609026,-2.905789244988262,0.6787399051186371,-6.903576003773366,74.2433378380585,-4.0239614679453055,0.7708796203956427
231.506735,0.46885820970721676,-0.06500934094889443,4505.973292909603,7.420928295273674,-0.033736590692941104,-0.5577090701795955,-179.85114325155334,18367.70125444142,2.1860874298261783e-05,-0.5576558874518587,0.023491004248422136,0.03393683221411127,-0.033736590692941104,-0.37867935053394763,-0.025969324823479578,-0.0017693747919394973,66.19440944037667,0.009282781462152528,0.46952575980975697,-0.06491743144805762,66.19749075610059,-179.96567157396268,-0.37870601565611894,-0.800288190882709,0.0,0.2385679855791753,0.3139375721909299,-3.994665728630192,-1.540773059251227,-0.09517663126621859,0.0,0.0,1779.9499999999991,-3.3036900000000013,0.0,0.0,0.0,0.0,0.0,0.0,0.0,0.0,0.0,0.0,0.0,1256.089999999999,-0.09666209999999993,0.0,0.0,0.0,0.0,0.0,0.0,0.0,0.0,0.0,0.01664938459403753,0.3759980228868846,5722.889752090197,-212.36179132328505,0.0,3.739973186721208e-08,0.0,-6.941465847912632e-09,53.88389652375364,-0.03383989043659858,53.88389652375364,0.0,1.4393006626174683,0.9679495776512356,0.2845492623699619,4476.607321498076,18.99614092585652,0.0,-3.087108746245748e-18,0.0,7.715699588386152e-16,17.94907554941283,-0.025607258740867694,17.94907554941283,0.0,3.260257703129018,999.0,4.006779167786036,1.9981385078081602,29.968405508806807,gaze,0.4803464359386516,0.39108316065828375,-26.619958727468564,103.73156477474241,524.9086148052226,29.04436358456639,-0.6941716667906299,-33.47602135397233,0.02869368816275202,0.1938372825023672,0.9734925414748917,4.985269627220719,-29.263079756082742,-2.212823577557779,-33.084483701186464,-0.019374952693080746,0.12741819116535136,0.9912080025722158,4.883365959859218,-0.6563795200215629,-1.4231900811266553,-33.22840894362487,0.008257785754868201,0.1589698401728071,0.9843343658507545,4.941212975576592,4.209528787618312,True,-0.1962968025805842,imu,-0.4767277816000001,-9.7032347216,1.8022343864,-4.157054489999999,1.80890221,-6.905852959999999,74.26469383671852,-4.033199774677331,0.7543076617303782
231.515556,0.46565061012554815,-0.05881133882445577,4505.811125798568,7.421086757274373,-0.03266650464727139,-0.5575325119999877,-179.8546388335492,18372.048777803724,-2.861290930633619e-05,-0.5574799732969344,0.00238266249191507,0.03631755638075938,-0.03266650464727139,-0.3655777793546407,-0.009320000934042838,-0.001747920298206234,66.20900376366222,0.009996750731490964,0.4663426639131307,-0.058718370963404265,66.21207961100481,-179.9682357218512,-0.3939335161570284,-0.7948052137221233,0.0,0.23675772499327086,0.26186768892193635,-5.361208196089056,-1.4779672827850912,-0.09489400181746863,0.0,0.0,1779.949999999999,-3.303690000000002,0.0,0.0,0.0,0.0,0.0,0.0,0.0,0.0,0.0,0.0,0.0,1256.0899999999992,-0.09666209999999993,0.0,0.0,0.0,0.0,0.0,0.0,0.0,0.0,0.0,0.016574643504672342,0.3760054339599451,5722.915112190524,-212.49134789616681,0.0,3.722199693874073e-08,0.0,-6.947711491989588e-09,53.88441766022147,-0.033840895665587484,53.88441766022147,0.0,1.4393151056812132,0.9568162009596599,0.289313899148855,4476.610899323344,18.951417589445793,0.0,-3.0823179694337298e-18,0.0,7.673452670272277e-16,18.006523023825757,-0.026036741556322747,18.006523023825757,0.0,3.298357089042736,999.0,4.005819746101768,1.9983182432577657,29.80551620831318,gaze,0.4793531702032257,0.3911380160313078,-30.01811987056754,125.70703161523593,641.6641814749138,29.057151818008833,-0.8704535680232266,-33.284148213125185,0.030251626400324416,0.19389513017316376,0.9734606027987838,4.980543221134113,-29.251563209760626,-2.228244587826295,-33.069388533628334,-0.019257976669721257,0.12741544120381879,0.9911740095410078,4.87869529310931,-0.6505914876161655,-1.4409933597191151,-33.211104229424855,0.009229330725091517,0.15910548556551285,0.9843024423966712,4.936091997747059,4.882400482262191,True,-0.20142458897927384,imu,-0.4689517952000001,-9.7953502528,1.7807008856,-4.00003938,1.7266562,-6.9357606,74.33311231768818,-4.06257669293965,0.7001935321268734
231.517639,0.46488630717048013,-0.05732463170820701,4505.772826058457,7.421123613948825,-0.03240653584279518,-0.5574887094733263,-179.85546287909773,18373.07166447375,-4.0643897348725854e-05,-0.5574363198873666,-0.0026361603633123787,0.036881561406063565,-0.03240653584279518,-0.362340428076669,-0.005350015035925637,-0.0017429525384774127,66.21243653556473,0.010165737028378391,0.46558413581841057,-0.05723141997404546,66.21551106699314,-179.96883060683152,-0.39747336071950673,-0.7933911898082111,0.0,0.236328319302199,0.24953951510662886,-5.688895483188477,-1.4613249545823277,-0.09482731064406272,0.0,0.0,1779.949999999999,-3.3036900000000013,0.0,0.0,0.0,0.0,0.0,0.0,0.0,0.0,0.0,0.0,0.0,1256.089999999999,-0.09666209999999993,0.0,0.0,0.0,0.0,0.0,0.0,0.0,0.0,0.0,0.01655704313730872,0.3760071791807408,5722.921105001825,-212.52194090792355,0.0,3.718008865940532e-08,0.0,-6.949186182418417e-09,53.884540379474,-0.03384113315516937,53.884540379474,0.0,1.43931850685505,0.9542838949717395,0.29044535453617343,4476.611750057367,18.94083971649495,0.0,-3.0810633165524178e-18,0.0,7.663195048150247e-16,18.020101809262865,-0.026138730776224185,18.020101809262865,0.0,3.3073931715448843,998.9999999999999,4.005593028709108,1.9983607888427302,29.76704478980993,gaze,0.5238729761873517,0.3545830605788065,-31.81896650692908,130.9767331187615,667.6918439377381,28.38564217117867,0.6845098102448022,-34.40850823937212,-0.0586746594039879,0.2021939476283562,0.9775862580285628,5.169198513031006,-29.84055728073357,-1.410853075568409,-33.66102737203679,-0.0282576577179828,0.1652188167685897,0.9858520413154708,4.893880367279053,-0.7456206776877611,-0.3711222143801243,-34.052132466707214,-0.0459755190101479,0.1823477523377254,0.9815790412021316,5.017333080645305,4.428629006914189,True,0.0,imu,-0.6351134009817896,-9.769138020871146,1.8102589109582623,-3.2983700207611677,0.582851741113412,-6.888301890884351,74.34914922616812,-4.069420808260209,0.6872824929704541
231.52,0.464206,0.0664403,4505.73,7.41165,0.0424813,-0.541153,-179.763,18375.1,0.00017291,-0.541055,0.845516,-5.25e-05,0.0424813,-0.659199,-0.0343834,-0.00327719,66.1473,-0.00763524,0.464202,0.0664925,66.1502,-179.763,0.102057,0.247269,0.0,0.299411,0.738,-6.0,-1.0,-0.0936081,0.0,0.0,1779.95,-3.30369,0.0,0.0,0.0,0.0,0.0,0.0,0.0,0.0,0.0,0.0,0.0,1256.09,-0.0966621,0.0,0.0,0.0,0.0,0.0,0.0,0.0,0.0,0.0,0.0165299,0.376015,5722.93,-212.571,0.0,3.54e-08,0.0,-6.95e-09,53.8847,-0.0338564,53.8847,0.0,1.43934,1.455,0.291575,4476.61,18.9249,0.0,-1.33e-18,0.0,2.24e-16,18.0017,-0.0262521,18.0017,0.0,3.34084,999.0,4.0,2.0,29.72151138354968,gaze,0.47888151335439244,0.3911490319087176,-32.02266693198361,135.84078808697944,695.0117495463807,29.063248854424245,-0.9579666077729235,-33.186083581891175,0.0310031255585745,0.19393960459577314,0.9734412053475431,4.978180587745172,-29.246140430470902,-2.2356525629138972,-33.0620795081414,-0.01922231063506307,0.1274280689637917,0.991153017302475,4.876386922090386,-0.6475611941204898,-1.449626482281834,-33.20265402404669,0.00968709874405099,0.15918618300633905,0.9842822137794242,4.933554005837837,4.941375044514601,True,-0.20403116262414794,imu,-0.6384037583243647,-9.76916680557158,1.8099999354638094,-3.3469920994086353,0.5646212339458915,-6.893168342409854,74.36726373562875,-4.07713554037224,0.6725941460890072
231.520947,0.4636671542648667,-0.05494539173097712,4505.711998214011,7.421181677336902,-0.03198791079654573,-0.5574174824990269,-179.85677012991508,18374.692977329454,-5.9837767374396316e-05,-0.557365327342762,-0.010629218682943996,0.03777867384074769,-0.03198791079654573,-0.35708664826433933,0.0009847021923211075,-0.0017351424717883604,66.21787738185509,0.01043438713558624,0.46437414397385474,-0.0548517975503231,66.22094980420547,-179.9697667592866,-0.4030493768972106,-0.7910511405085277,0.0,0.23564487651293797,0.22994024566098498,-6.194875829823671,-1.4334330919940799,-0.09472143815978022,0.0,0.0,1779.9499999999987,-3.3036900000000005,0.0,0.0,0.0,0.0,0.0,0.0,0.0,0.0,0.0,0.0,0.0,1256.0899999999988,-0.09666209999999992,0.0,0.0,0.0,0.0,0.0,0.0,0.0,0.0,0.0,0.016529130535188567,0.37600994696597606,5722.930625487972,-212.5705250100687,0.0,3.71135832076463e-08,0.0,-6.951528002096526e-09,53.88473500094988,-0.033841510393886366,53.88473500094988,0.0,1.4393239008547773,0.9503401928147107,0.2922471628981205,4476.61310572738,18.92402783822842,0.0,-3.0789739484315825e-18,0.0,7.64668414173906e-16,18.041676185055145,-0.026301145656614483,18.041676185055145,0.0,3.3217740324068767,998.9999999999998,4.005232900887413,1.9984284269396642,29.705943425071712,gaze,0.4787834694080944,0.39114995997381774,-32.4716495277757,137.83373512239473,705.4398905292596,29.064518477188134,-0.9764737338719285,-33.165100499476715,0.031160403522176566,0.1939503908950468,0.9734367887455743,4.977678709616671,-29.24501735197495,-2.2372002244193623,-33.060547382653546,-0.01921670159724373,0.12743195571585075,0.991148212932949,4.875898853649659,-0.6469059558582857,-1.4514373382211927,-33.200876327704286,0.009781931260948685,0.1592044340747635,0.9842775482406356,4.933016767782167,4.921738091813674,True,-0.20458856716787605,imu,-0.6397216626469059,-9.769176943722186,1.8099005016871066,-3.3648951865407124,0.5571786933393813,-6.895845594290191,74.69584600000002,-4.022302800000022,0.4455775999999911
231.524377,0.4623960951660484,-0.052454751622585616,4505.648921518332,7.421241253343884,-0.03154632361765408,-0.5573414652856825,-179.85812351379545,18376.369873814274,-7.985257369317212e-05,-0.5572895500727145,-0.018943033729725858,0.038710704765987494,-0.03154632361765408,-0.3514934106533473,0.007591815225860915,-0.001727148505729843,66.22350493142281,0.010713295779522403,0.46311257011177365,-0.052360767251030116,66.2265751419527,-179.97072611737497,-0.408770633086214,-0.7885017493229551,0.0,0.23493428305679734,0.20959459314341383,-6.680443932473336,-1.4025873432396432,-0.09461171268041016,0.0,0.0,1779.9499999999987,-3.3036900000000005,0.0,0.0,0.0,0.0,0.0,0.0,0.0,0.0,0.0,0.0,0.0,1256.0899999999988,-0.09666209999999993,0.0,0.0,0.0,0.0,0.0,0.0,0.0,0.0,0.0,0.01650023824848248,0.3760128119237581,5722.940501418234,-212.6209002871043,0.0,3.704468829594592e-08,0.0,-6.953956023558079e-09,53.88493645299751,-0.03384190164748471,53.88493645299751,0.0,1.4393294842303275,0.9463534188052818,0.2941218230897613,4476.614517404896,18.906578812476962,0.0,-3.0766819949136655e-18,0.0,7.629278209376607e-16,18.06405894211766,-0.026470127571962036,18.06405894211766,0.0,3.33672497479609,998.9999999999999,4.004859425091654,1.9984986453055693,29.642581995769035,gaze,0.47843555878345617,0.39114918371710905,-34.152137189001486,144.60498536108477,740.7599257026329,29.069030410073783,-1.0430374080032943,-33.088912767643414,0.031721687565462356,0.1939932737109242,0.9734199655368497,4.975865577170684,-29.241044531735163,-2.2427153664669475,-33.05507236831387,-0.019202198556133348,0.1274495176899105,0.9911298453247216,4.874142308083418,-0.6445055525214322,-1.457911918983253,-33.194504903833526,0.010117475921304964,0.15927361206143134,0.9842596136987186,4.931081431690155,4.747963635123726,True,-0.20661310802500424,imu,-0.4037531400000001,-9.785181655200002,1.8165900536,-4.00751629,1.46496435,-6.905852959999999,74.40065588308782,-4.09131763560177,0.6452243447845866
231.533198,0.459094929266846,-0.04593847341135071,4505.486680260015,7.421391345877382,-0.03037513230847766,-0.5571358022034828,-179.86159223739818,18380.661344178,-0.00013185057405381033,-0.557084489038452,-0.040416485154704744,0.041116141246202026,-0.03037513230847766,-0.3364299551978465,0.02476375714628304,-0.0017070896172207816,66.23791161042928,0.011432065504233827,0.4598357271069544,-0.045843515973484905,66.24097601632579,-179.97313872767114,-0.4231906318167082,-0.7813648342835948,0.0,0.2330977973019502,0.1571914931576464,-7.523303171946704,-1.3140284981799168,-0.09432977569362082,0.0,0.0,1779.9499999999994,-3.303690000000002,0.0,0.0,0.0,0.0,0.0,0.0,0.0,0.0,0.0,0.0,0.0,1256.089999999999,-0.09666209999999995,0.0,0.0,0.0,0.0,0.0,0.0,0.0,0.0,0.0,0.0164261673540583,0.3760201569194177,5722.965919774163,-212.75044849802933,0.0,3.686780568170506e-08,0.0,-6.960199442774562e-09,53.88545291234646,-0.03384290827620011,53.88545291234646,0.0,1.4393437985344872,0.9365914696928056,0.2989727240274232,4476.618176087547,18.861624855867824,0.0,-3.070200813450781e-18,0.0,7.583178179671394e-16,18.121678644557004,-0.026907388645123813,18.121678644557004,0.0,3.3753595463082675,999.0000000000002,4.003898939463718,1.9986795691216284,29.479603327831132,gaze,0.477592170642827,0.3911177927309015,-38.715999797880386,160.5810146848741,824.985533297157,29.080016384088225,-1.210302176404856,-32.89232500424462,0.03310543623499701,0.19413065398190704,0.973370816624755,4.971235931159726,-29.231504104895038,-2.256254089648201,-33.04152253715411,-0.019206280129286078,0.1275194169837198,0.9910757283319206,4.869705063899229,-0.6381454368242374,-1.4739615568713984,-33.17860036683911,0.010923842184964026,0.15947333589223064,0.9842061134679594,4.9261793575880715,3.581414335732555,True,-0.21185917069653967,imu,-0.3834159448,-9.6793086096,1.815393748,-3.91031646,1.11354958,-6.9357606,74.46710939521772,-4.119426872108584,0.5896032618440636
231.536,0.45538,0.0609202,4505.43,7.41045,0.0418101,-0.541071,-179.759,18382.7,0.000194331,-0.540972,0.93907,0.0103617,0.0418101,-1.39354,-0.0498835,-0.00327628,66.1746,-0.0083038,0.455408,0.0609785,66.1776,-179.759,-1.17411,0.235239,0.0,0.289538,0.612,-6.0,-1.0,-0.0925316,0.0,0.0,1779.95,-3.30369,0.0,0.0,0.0,0.0,0.0,0.0,0.0,0.0,0.0,0.0,0.0,1256.09,-0.0966621,0.0,0.0,0.0,0.0,0.0,0.0,0.0,0.0,0.0,0.0163965,0.376027,5722.98,-212.806,0.0,3.55e-08,0.0,-6.96e-09,53.8857,-0.0338519,53.8857,0.0,1.43936,1.455,0.298001,4476.62,18.8439,0.0,-1.27e-18,0.0,2.14e-16,18.0856,-0.0268265,18.0856,0.0,3.39812,999.0,4.0,2.0,29.4215237335274,gaze,0.4773395710955853,0.3910990957202303,-40.17322138171958,165.91588387758824,853.942776961741,29.083322017841077,-1.2620706191983508,-32.829920328338446,0.03352717335243946,0.19418233455984696,0.9733534531372234,4.969775241498606,-29.228675156398754,-2.2603625378615364,-33.037376760400996,-0.019219889263511442,0.12754895666763058,0.9910564901771236,4.868319478803558,-0.6360718024498904,-1.4788804315027897,-33.17369197415701,0.011163130891362692,0.15954324934061126,0.9841869232655256,4.924644605355037,3.0414736655776586,True,-0.21353711919362042,imu,-0.6605266461757727,-9.769230964905503,1.8086583983417717,-3.52797117314411,0.42930233046619193,-7.001425427331981,74.48795713161438,-4.1282242907762505,0.5718305616700454
231.537621,0.4574221930102508,-0.04261064512260315,4505.405315865022,7.421464807688087,-0.029768386045408712,-0.5570271369069253,-179.86332389668243,18382.800942185262,-0.00015820625631988885,-0.5569761172592298,-0.05121687311472664,0.04232685056023261,-0.029768386045408712,-0.3285102890403083,0.03347120648959381,-0.0016973097013775387,66.2450993809388,0.011793193992032214,0.4581751447555203,-0.042515216632547315,66.24816081332348,-179.97431788739885,-0.43025550577818095,-0.7774684991649763,0.0,0.23217208616742588,0.13089042857715116,-7.555382447047442,-1.2644987926333033,-0.09418854404327891,0.0,0.0,1779.9499999999991,-3.3036900000000013,0.0,0.0,0.0,0.0,0.0,0.0,0.0,0.0,0.0,0.0,0.0,1256.089999999999,-0.09666209999999993,0.0,0.0,0.0,0.0,0.0,0.0,0.0,0.0,0.0,0.016389152342758093,0.3760238274599363,5722.978675936436,-212.8154046099865,0.0,3.677927404532768e-08,0.0,-6.963329581103709e-09,53.8857109987468,-0.033843413226277444,53.8857109987468,0.0,1.4393509518722962,0.9319697883086294,0.30142112516027775,4476.620026005142,18.839040902379622,0.0,-3.066632949413019e-18,0.0,7.559338810520414e-16,18.150600190761924,-0.02712808831485745,18.150600190761924,0.0,3.3948313780269688,999.0,4.003417504003681,1.9987704383322709,29.397866453804546,gaze,0.5231930047761383,0.3566014691457684,-40.28396048402745,168.82989747604,871.6009583275559,28.38500181892309,0.6678461520149579,-34.40069498304717,-0.0580428629101679,0.1982205307167005,0.978437349689586,5.170508861541748,-29.8514497126387,-1.412720227472612,-33.63589417180607,-0.0276705976473888,0.168626856817424,0.9852914904665078,4.884017467498779,-0.7388260911796461,-0.3689835091766095,-34.045301068315815,-0.0448941235422067,0.1822241467762059,0.9817689707399996,5.021916010256511,2.6674706524484,True,0.0,imu,-0.6627508691340162,-9.769224875539296,1.8085622953575793,-3.532126095763641,0.4145063575896097,-7.020545404334735,74.49995578505066,-4.1332848795549975,0.561530182723747
231.542019,0.45574738395313324,-0.03926140754731766,4505.324402218696,7.421536589143966,-0.029152006395479546,-0.5569153937211224,-179.86503985827449,18384.919760237695,-0.00018459905146214078,-0.5568646602407694,-0.061966127005160826,0.043533728452020276,-0.029152006395479546,-0.32039400700364384,0.04219335341379582,-0.0016877742868771934,66.2522224726097,0.012152701025425719,0.4565123903886131,-0.03916552210457147,66.2552809066975,-179.9754694515979,-0.4371662026705958,-0.7733816166288635,0.0,0.2312484086858788,0.1047341600210907,-7.178855218953369,-1.2117812049877341,-0.09404820304892969,0.0,0.0,1779.949999999999,-3.303690000000001,0.0,0.0,0.0,0.0,0.0,0.0,0.0,0.0,0.0,0.0,0.0,1256.089999999999,-0.09666209999999992,0.0,0.0,0.0,0.0,0.0,0.0,0.0,0.0,0.0,0.016352429356433898,0.37602746908736195,5722.991367259127,-212.87999253110127,0.0,3.669134899244856e-08,0.0,-6.9664417497994066e-09,53.88596704848861,-0.03384391544228048,53.88596704848861,0.0,1.4393580488620545,0.9275599665748078,0.303866279461304,4476.621875717709,18.816555986571327,0.0,-3.0628746528840882e-18,0.0,7.535155182426574e-16,18.17937735594645,-0.02734849551660524,18.17937735594645,0.0,3.4142589238766976,998.9999999999999,4.002939023169581,1.9988608697873886,29.316580672383722,gaze,0.4768215878428332,0.3910449599340966,-43.15148341464734,178.43758387269395,923.4308870655252,29.09012660896054,-1.3707180649866064,-32.69638806727247,0.03440442295992528,0.19430622299690703,0.9733133413791027,4.966653526387611,-29.222922496397434,-2.268878763635713,-33.028726474807925,-0.019268896166983972,0.12762414653479914,0.9910118750127465,4.865381635813567,-0.6315363882727412,-1.4891579291129047,-33.16338010126494,0.011650035263943453,0.15970378270199406,0.9841421733234831,4.921383873220018,1.8210325207307008,True,-0.21715961915553564,imu,-0.424688488,-9.652989886400002,1.821375276,-3.5663786,0.7097964399999999,-6.883422229999999,74.53226971733946,-4.1469086790443885,0.5335258202253986
231.55084,0.45235373786587413,-0.032422466817351614,4505.162087593435,7.421676529233966,-0.027876012486200086,-0.5566801095958058,-179.86846113924085,18389.14145447719,-0.0002380898303115036,-0.5566299325021209,-0.08351844845999595,0.04596332776974128,-0.027876012486200086,-0.3033951623507703,0.05987802684094315,-0.0016692336229970437,66.26643619516351,0.012874835629540116,0.45314282226209546,-0.032325700071273555,66.26948849094723,-179.97771411929392,-0.4506694556919794,-0.7645393597811864,0.0,0.22938626161429698,0.05230095863558104,-4.908955993855281,-1.0954443075859477,-0.0937670072956085,0.0,0.0,1779.9499999999991,-3.3036900000000013,0.0,0.0,0.0,0.0,0.0,0.0,0.0,0.0,0.0,0.0,0.0,1256.0899999999992,-0.09666209999999995,0.0,0.0,0.0,0.0,0.0,0.0,0.0,0.0,0.0,0.016279022797038207,0.3760347485673774,5723.016843873927,-213.00953238870915,0.0,3.651531827941777e-08,0.0,-6.972682944797101e-09,53.8864788716003,-0.033844923032885034,53.8864788716003,0.0,1.439372235480091,0.9192878399182414,0.3088021544599191,4476.62561664341,18.771372477618783,0.0,-3.05470398040927e-18,0.0,7.485212452790427e-16,18.237150184776773,-0.027793417802003832,18.237150184776773,0.0,3.4534211616859825,999.0,4.001980409043148,1.9990424023695001,29.153514508609454,gaze,0.47612240549214435,0.39093179008716583,-46.64955399572897,196.65319826987954,1026.019359323564,29.099377799774214,-1.522867290945488,-32.50306582712875,0.03562018431954266,0.19451894386425153,0.9732477235029703,4.96211761356724,-29.215280456937585,-2.2806072254677723,-33.01667171832603,-0.01938873439571115,0.12776272483301238,0.9909384998659633,4.861170115166523,-0.6247050264737595,-1.5035165497653655,-33.14883367248694,0.012297645871913846,0.15996408750719,0.9840680227999555,4.916693093893932,0.8235332029070176,True,-0.22251132664598444,imu,-0.4210995712,-9.7331423616,1.8692275,-2.85607215,0.3957662200000001,-6.77874549,74.5959454965758,-4.1737673399645745,0.47718002903620027
231.552,0.474944,0.0597786,4505.14,7.40924,0.0408607,-0.540803,-179.756,18390.0,0.000263929,-0.540704,0.441314,0.0227433,0.0408607,-0.995253,-0.0677531,-0.00327439,66.2011,-0.00903577,0.474977,0.0598449,66.2041,-179.756,-0.430882,0.220477,0.0,0.282956,0.495,-6.0,-1.0,-0.0914349,0.0,0.0,1779.95,-3.30369,0.0,0.0,0.0,0.0,0.0,0.0,0.0,0.0,0.0,0.0,0.0,1256.09,-0.0966621,0.0,0.0,0.0,0.0,0.0,0.0,0.0,0.0,0.0,0.0162634,0.376038,5723.02,-213.041,0.0,3.57e-08,0.0,-6.97e-09,53.8866,-0.0338467,53.8866,0.0,1.43938,1.455,0.304435,4476.63,18.763,0.0,-1.21e-18,0.0,2.04e-16,18.1694,-0.0274012,18.1694,0.0,3.45543,999.0,4.0,2.0,29.1315362639463,gaze,0.47603569834985604,0.3909139646261903,-46.99632693672382,198.6510793066612,1037.225617026491,29.10053133779333,-1.5421909510789784,-32.47793871621487,0.03577395101858262,0.19454962729001474,0.9732384983073212,4.961524540881773,-29.214344388321837,-2.2820838281017504,-33.015140962988845,-0.019408682079450942,0.12778341536505608,0.9909281535585891,4.860624507379059,-0.6237915913629831,-1.5053432575066552,-33.14697033814435,0.012377046511292308,0.16000049478966932,0.984057524089015,4.9160839269745,0.8533816432108151,True,-0.22321874915447432,imu,-0.6823420974115654,-9.769071236467472,1.8080254551011166,-3.460000056986192,0.27530003421333066,-7.263340082627019,74.6041990563531,-4.1772532364497295,0.46975997672461217
231.557712,0.4496781539866503,-0.026981721185727947,4505.035611163648,7.421781578164958,-0.026844708029048203,-0.556486418560473,-179.87110481782034,18392.402413562268,-0.0002802707827750978,-0.5564366581662834,-0.1002622823425864,0.04786434157479352,-0.026844708029048203,-0.28949299037379,0.07383031700710066,-0.001655346597486243,66.27744123348447,0.01343821323676625,0.4504858951203846,-0.026884301290560852,66.28048863230154,-179.97940047326088,-0.46084359716084466,-0.7570473949289394,0.0,0.22792680934341972,0.011521493523184712,-2.312379045124175,-0.9948640303379935,-0.09354821120060336,0.0,0.0,1779.9499999999991,-3.303690000000001,0.0,0.0,0.0,0.0,0.0,0.0,0.0,0.0,0.0,0.0,0.0,1256.0899999999992,-0.09666209999999995,0.0,0.0,0.0,0.0,0.0,0.0,0.0,0.0,0.0,0.01622206416641949,0.37604039708335907,5723.036711617567,-213.11044752218697,0.0,3.6378476875840554e-08,0.0,-6.977544377215376e-09,53.886876011004595,-0.03384570821602188,53.886876011004595,0.0,1.4393832435857332,0.9133878006478385,0.3126765520470247,4476.628559853108,18.736093000709893,0.0,-3.0477538308534036e-18,0.0,7.444976689910874e-16,18.282206257865624,-0.02814265833582687,18.282206257865624,0.0,3.484111371397352,999.0,4.00123497264789,1.9991838930353927,29.026447978554245,gaze,0.5230341998270591,0.358509427017383,-49.43985626648748,206.1764402219405,1077.291006170396,28.3860665509646,0.655902550791585,-34.39453748839336,-0.0576983772480705,0.1944556571871333,0.979212895468018,5.183061599731445,-29.86356047605239,-1.442153212009864,-33.59296423098414,-0.0283404394052085,0.170614226525007,0.9849302539782162,4.857362270355225,-0.7361931310878681,-0.3724507917812226,-34.03278223029179,-0.0441280530151434,0.182258081550159,0.9818987066278232,5.023856067657471,2.173487312703686,True,0.0,imu,-0.6900551927139931,-9.768961107780054,1.807967951972631,-3.379432882526371,0.21631332822303426,-7.397439604008698,74.64440752956695,-4.1942625030492,0.43321406132054185
231.559661,0.448914276790507,-0.025420573580406503,4504.999736587284,7.4218107040061945,-0.026546208080436562,-0.5564298183627444,-179.87185075210087,18393.32251202449,-0.000292314415751839,-0.5563801734092497,-0.10499801212770539,0.04840479934281719,-0.026546208080436562,-0.2854461388005204,0.07781509359571642,-0.001651499190590381,66.28055146067504,0.013598094714487308,0.44972729187488053,-0.02532297389567495,66.28359745237441,-179.97986849173708,-0.46367191541992636,-0.7548254465317341,0.0,0.22751150396509323,-2.712116049707891e-05,-1.6868314019495232,-0.964738223161889,-0.0934862013445622,0.0,0.0,1779.949999999999,-3.3036900000000013,0.0,0.0,0.0,0.0,0.0,0.0,0.0,0.0,0.0,0.0,0.0,1256.089999999999,-0.09666209999999993,0.0,0.0,0.0,0.0,0.0,0.0,0.0,0.0,0.0,0.016205946223645983,0.37604199549860373,5723.0423496193425,-213.13906807347362,0.0,3.6339713749922695e-08,0.0,-6.978923027936446e-09,53.88698839181419,-0.033845930931760665,53.88698839181419,0.0,1.4393863586543656,0.9118032807709889,0.3137800015651675,4476.629399214278,18.726074608163035,0.0,-3.0456895048615653e-18,0.0,7.4333538663700935e-16,18.29499212238064,-0.02824212398305887,18.29499212238064,0.0,3.4928442473168095,999.0,4.0010238284392585,1.9992240219936186,28.990405327060216,gaze,0.47549323169577373,0.39077937590250184,-48.49972664526851,207.18857789729813,1084.186730215924,29.107786518381563,-1.6654649202698826,-32.31425044870526,0.036754242975571436,0.19476779074279968,0.9731741450914441,4.957627450807509,-29.208558920018316,-2.2914571436306788,-33.005345906794886,-0.019564495438478626,0.12793418135939003,0.9908558154459993,4.857068609325558,-0.6176791890901226,-1.5170527917657877,-33.13495072815109,0.01286824974771393,0.16025339465664257,0.9839838893551642,4.9121051523781585,2.605152120562053,True,-0.22791119739366292,imu,-0.4205014184,-9.746899876,1.857264444,-2.19062716,0.1191205499999999,-6.965668239999999,74.65795694681066,-4.200007145227248,0.4207464669795284
231.568,0.463476,0.0547254,4504.85,7.40802,0.0396122,-0.540327,-179.752,18397.0,0.000293951,-0.540228,0.525373,0.0366738,0.0396122,-0.769013,-0.0853124,-0.00327087,66.2264,-0.00971962,0.463509,0.054795,66.2293,-179.752,-1.03158,0.202968,0.0,0.276374,0.405,0.0,-1.0,-0.0903184,0.0,0.0,1779.95,-3.30369,0.0,0.0,0.0,0.0,0.0,0.0,0.0,0.0,0.0,0.0,0.0,1256.09,-0.0966621,0.0,0.0,0.0,0.0,0.0,0.0,0.0,0.0,0.0,0.0161304,0.37605,5723.07,-213.276,0.0,3.59e-08,0.0,-6.99e-09,53.8875,-0.0338415,53.8875,0.0,1.4394,1.455,0.31087,4476.63,18.682,0.0,-1.16e-18,0.0,1.94e-16,18.2532,-0.0279759,18.2532,0.0,3.51274,999.0,4.0,2.0,28.84154915881635,gaze,0.4749615672972742,0.3906001794603015,-48.76328117564781,206.51175259513144,1079.8121687007788,29.114975902849714,-1.790464329368813,-32.14151237187456,0.03775256827050044,0.19503534266580305,0.9730974301945462,4.953424046326056,-29.203034041954577,-2.300922151527889,-32.995298181661,-0.019780913544537496,0.12812563517652742,0.9907692791100913,4.853290686761487,-0.6108845142924365,-1.5291069338275352,-33.122427200800914,0.013338273808879196,0.16055279770633546,0.9838953770701986,4.907860798856339,8.57096737896485,True,-0.2330575268413661,imu,-0.7038472348197455,-9.768693523721053,1.808084415540844,-3.165870997783891,0.10537528865259779,-7.692429003569015,74.71489734833885,-4.224247969563878,0.36747235081389856
231.568481,0.44542969133252275,-0.018255481615469082,4504.837367818512,7.421938628902767,-0.025161801633214576,-0.5561644182776335,-179.87520289998056,18397.458295949968,-0.00034725772097323566,-0.556115280199584,-0.12632506696950568,0.05085772330436493,-0.025161801633214576,-0.2665650871784156,0.09599968654558141,-0.001634604880708778,66.29456537405275,0.014322013630101618,0.44626647020583293,-0.01815709912888408,66.29760489738041,-179.98192803232283,-0.476143132839907,-0.744228635049125,0.0,0.22562450175823284,-0.052160536617802566,-1.0644799035692607,-0.8195354158489143,-0.09320583023727652,0.0,0.0,1779.949999999999,-3.3036900000000013,0.0,0.0,0.0,0.0,0.0,0.0,0.0,0.0,0.0,0.0,0.0,1256.0899999999988,-0.09666209999999992,0.0,0.0,0.0,0.0,0.0,0.0,0.0,0.0,0.0,0.016133206418906438,0.37604920920348966,5723.067881599705,-213.26858490403367,0.0,3.616455560360942e-08,0.0,-6.985161292167383e-09,53.887495561846904,-0.033846938904928583,53.887495561846904,0.0,1.439400417059013,0.9051343927326837,0.31879888931688866,4476.633223345589,18.68066781814035,0.0,-3.0358333442096755e-18,0.0,7.379590149623848e-16,18.352891474102705,-0.028694529894427362,18.352891474102705,0.0,3.532521588101674,999.0,4.000070118818618,1.999405563344027,28.827272127951357,gaze,0.47493274721287415,0.39058882182478183,-48.749301793941804,206.2254020960356,1078.3250632655886,29.11536836058578,-1.7973653798424716,-32.131750230766976,0.03780799274249294,0.19505171465184679,0.9730927962946002,4.953182804986935,-29.20273961060765,-2.301444934481067,-32.99473794353463,-0.019794863595135204,0.12813753170809158,0.9907640432828368,4.853075688282762,-0.6104886015640348,-1.5297804896114773,-33.121722461054595,0.013363355798168018,0.16057082023795421,0.9838900095661642,4.9076187018463,9.066082416406296,True,-0.23335554679086648,imu,-0.4384460024000001,-9.6517935808,1.8590589024,-1.70462801,-0.3070633200000001,-7.33203683,74.71812891930209,-4.225629521465144,0.3644047565269515
231.577302,0.44189949146839164,-0.010924508213359663,4504.674944679881,7.4220598542149485,-0.023721518477190673,-0.5558837152286251,-179.87851283357162,18401.545311476977,-0.0004029230646291355,-0.5558350579001673,-0.1474252245285958,0.05332251354854066,-0.023721518477190673,-0.24676704122176327,0.11443302972751926,-0.0016185793456194014,66.30847980687325,0.015046366022975335,0.4427598553731158,-0.010825394593592219,66.31151269686079,-179.9838888298187,-0.48805627657570405,-0.7327341570316508,0.0,0.22372498198038399,-0.10402478469423176,-3.927975121732694,-0.6598057900085639,-0.09292584404298432,0.0,0.0,1779.949999999999,-3.303690000000001,0.0,0.0,0.0,0.0,0.0,0.0,0.0,0.0,0.0,0.0,0.0,1256.0899999999988,-0.09666209999999992,0.0,0.0,0.0,0.0,0.0,0.0,0.0,0.0,0.0,0.01606078544899155,0.3760563914556425,5723.093445605327,-213.39811225236872,0.0,3.598980464524831e-08,0.0,-6.9913991522400285e-09,53.888000506748405,-0.03384794705781431,53.888000506748405,0.0,1.4394144141450682,0.8993062025368451,0.3238595830222326,4476.637090257308,18.635142102726174,0.0,-3.0251344623325372e-18,0.0,7.323914286975307e-16,18.41085612402521,-0.02915070431376946,18.41085612402521,0.0,3.5724600342744415,998.9999999999999,3.9991197911647594,1.9995869230652992,28.664078433089504,gaze,0.4744394590230151,0.39036115331899646,-48.367995079680156,199.0838458771901,1046.6625125211276,29.122141301268854,-1.9176418923571235,-31.9571751022365,0.03878316741428672,0.1953697761863556,0.9730038375449063,4.948781941127062,-29.19780250781803,-2.3105901946040217,-32.98483326634475,-0.020078617482563642,0.12837187339523332,0.990663371233747,4.849188586043495,-0.6031614428821974,-1.54171762033254,-33.109135683887615,0.013784622114277457,0.1609155992017077,0.983786585450719,4.90323089261928,21.146635451802492,True,-0.238842575556261,imu,-0.5126169496,-9.651195428,1.9009295984,-1.00927538,-0.5538013500000001,-7.57129795,74.77631776882865,-4.2506445817911604,0.3083081166243027
231.577693,0.4417419698285747,-0.010595717815222616,4504.667744276325,7.422065064592487,-0.023656371433896206,-0.5558709171294005,-179.87865847591172,18401.72526013537,-0.0004054069094405208,-0.5558222804890478,-0.14835393099292998,0.05343203390841755,-0.023656371433896206,-0.2458686425037188,0.11525576982710217,-0.0016178896686638803,66.30909421862003,0.015078475574009834,0.4426033746886023,-0.010496573012473864,66.31212681078918,-179.98397338331992,-0.48857091373609807,-0.732203708630413,0.0,0.22364050148712672,-0.10631596013136535,-4.0651064959851215,-0.652391647988576,-0.09291344322867798,0.0,0.0,1779.9499999999985,-3.3036900000000005,0.0,0.0,0.0,0.0,0.0,0.0,0.0,0.0,0.0,0.0,0.0,1256.0899999999986,-0.0966620999999999,0.0,0.0,0.0,0.0,0.0,0.0,0.0,0.0,0.0,0.01605758286241987,0.376056709071647,5723.094579430753,-213.40385359041576,0.0,3.5982068522168084e-08,0.0,-6.9916756261525e-09,53.88802283627879,-0.03384799174477013,53.88802283627879,0.0,1.439415033128383,0.899067746653663,0.3240848520012558,4476.637262647966,18.6331214991395,0.0,-3.0246407647759678e-18,0.0,7.321402367166474e-16,18.413426742751994,-0.029171010213596894,18.413426742751994,0.0,3.5742362523726916,998.9999999999998,3.999077759128174,1.9995949550667145,28.65684373889846,gaze,0.5224049858562633,0.3597949187199383,-46.58481464108232,198.4383835854401,1045.44283538696,28.39681872611977,0.6509137262666265,-34.38934360000449,-0.0571661142888263,0.1931856466087087,0.9794954524251208,5.193717479705811,-29.8659675197781,-1.462557471003209,-33.57905859703708,-0.0262516830938355,0.1687241576759862,0.9853136595781417,4.843494415283203,-0.7357998175990982,-0.3799339428443078,-34.01757037888596,-0.0433842550977852,0.1823131786065655,0.9819928445249811,5.024235391616822,21.822240490334327,True,0.0,imu,-0.7167232168461677,-9.768361140133111,1.8084496934080903,-2.8914356021554637,-0.004047985392178598,-8.028711625261554,74.77884863998673,-4.251739343686498,0.3058299274689454
231.584,0.4262,0.0517987,4504.55,7.40678,0.0381735,-0.539622,-179.749,18403.9,0.000288374,-0.539524,0.747917,0.0500185,0.0381735,-0.454139,-0.0935727,-0.00326708,66.2512,-0.0102614,0.426212,0.0518648,66.2541,-179.749,-1.12825,0.185144,0.0,0.273083,0.333,-6.0,-1.0,-0.0891816,0.0,0.0,1779.95,-3.30369,0.0,0.0,0.0,0.0,0.0,0.0,0.0,0.0,0.0,0.0,0.0,1256.09,-0.0966621,0.0,0.0,0.0,0.0,0.0,0.0,0.0,0.0,0.0,0.0160042,0.376062,5723.11,-213.503,0.0,3.62e-08,0.0,-7e-09,53.8884,-0.0338385,53.8884,0.0,1.43943,1.455,0.317341,4476.64,18.6028,0.0,-1.11e-18,0.0,1.86e-16,18.3344,-0.0285553,18.3344,0.0,3.56964,999.0,4.0,2.0,28.541562690371556,gaze,0.4741089901746434,0.39016415128906967,-48.38475219170314,194.06670778876503,1034.3936833252849,29.126753150194507,-2.0007204913401533,-31.830841588311596,0.03947198483333843,0.19563345960771125,0.9729313207977053,4.945469397947817,-29.194632002871444,-2.3169814098084998,-32.977775582304076,-0.020328947080334423,0.1285699245946351,0.990581117534639,4.84630686870051,-0.5975258257706284,-1.5502619131845004,-33.100001533996156,0.014056079620852481,0.1611951369713613,0.9837018206406379,4.899964237325839,33.63235658967531,True,-0.24303526071908282,imu,-0.7250393295112404,-9.768103665031974,1.8088187500186583,-2.6791554832700664,-0.07745361700018377,-8.273574194281993,74.81908239164494,-4.269234153857841,0.26597840600208067
231.586123,0.4383243770917199,-0.00342740835105404,4504.512485793653,7.422173877925294,-0.02222454239286198,-0.5555876032463748,-179.88177456990934,18405.57843042908,-0.0004592947903193262,-0.5555393994926487,-0.16821495672717085,0.05579874905196869,-0.02222454239286198,-0.22607688412396915,0.13311006651247737,-0.0016034574996694698,66.32229186399817,0.015770671253009044,0.43920812700959755,-0.0033276170913325576,66.32531795722265,-179.9857461961305,-0.49937963879720415,-0.7203309282908656,0.0,0.22181331630989806,-0.15552489137601627,-5.296988409315474,-0.4857220893427686,-0.09264628859383056,0.0,0.0,1779.949999999999,-3.3036900000000013,0.0,0.0,0.0,0.0,0.0,0.0,0.0,0.0,0.0,0.0,0.0,1256.0899999999988,-0.09666209999999993,0.0,0.0,0.0,0.0,0.0,0.0,0.0,0.0,0.0,0.015988690146165142,0.37606354157257343,5723.119038743804,-213.5276354371101,0.0,3.581548144128819e-08,0.0,-6.997635900987533e-09,53.888503178890375,-0.03384895514950608,53.888503178890375,0.0,1.439428348576982,0.8943451442944139,0.32896113038708363,4476.640999872713,18.589502901402202,0.0,-3.0135953763774124e-18,0.0,7.266338102232436e-16,18.4688741459139,-0.029610561188202524,18.4688741459139,0.0,3.6126528867245913,999.0,3.9981736785284996,1.9997679363139926,28.500843261001577,gaze,0.47401208132505,0.3900974467336731,-48.5118261898379,192.82574355484311,1033.9623491026446,29.12812054003356,-2.025517162546798,-31.792028905195224,0.03968112423615234,0.1957209521537316,0.9729074549324993,4.944424645807012,-29.193729799709804,-2.318908910019925,-32.97562106138283,-0.020414473052904135,0.12863624731485396,0.990554015955867,4.845405916527044,-0.5957290884125629,-1.5528776483110522,-33.09718182603988,0.014133519486612718,0.16128686924331764,0.9836738483766267,4.898940423792774,37.99233883683247,True,-0.24436866547918323,imu,-0.5443190480000001,-9.828846809600002,1.9362206136,-0.24663056,-0.5538013500000001,-7.69840542,74.83237017654358,-4.275053696173015,0.25262181601586164
231.594944,0.43470466285252685,0.004236855906463943,4504.349991379035,7.42228020444035,-0.02066989405480063,-0.5552759458636805,-179.88498241763577,18409.5529143397,-0.0005163631006220019,-0.5552281675057039,-0.18861131482595841,0.05828628500123888,-0.02066989405480063,-0.20452100832664877,0.15202767779498713,-0.0015892727607887628,66.33600025068812,0.01649452261308186,0.4356115818982558,0.004337269556448198,66.3390193845839,-179.9874956111921,-0.5100823498200211,-0.7070068487899506,0.0,0.21988966674930727,-0.2065690564730288,-2.46945147648135,-0.2975879628336687,-0.09236717828915711,0.0,0.0,1779.9499999999987,-3.3036900000000005,0.0,0.0,0.0,0.0,0.0,0.0,0.0,0.0,0.0,0.0,0.0,1256.0899999999988,-0.0966620999999999,0.0,0.0,0.0,0.0,0.0,0.0,0.0,0.0,0.0,0.015916919083104865,0.37607065969087966,5723.144661015842,-213.65715446180835,0.0,3.564158683589727e-08,0.0,-7.0038715385971504e-09,53.8890035882342,-0.03384996304985544,53.8890035882342,0.0,1.4394422206154507,0.8902758821563592,0.3341031328909966,4476.644952547878,18.543750518244444,0.0,-3.0012177845389386e-18,0.0,7.206868098574056e-16,18.52694005401346,-0.030074064377521206,18.52694005401346,0.0,3.6530978617089627,998.9999999999998,3.9972325027356326,1.999948459189822,28.337567148445704,gaze,0.4736492736996847,0.38979874711885537,-49.791873052047315,188.99553029155769,1043.191241553541,29.13332203176033,-2.120437822699974,-31.63760193450331,0.04050333074219783,0.19610426044368703,0.9728038241760543,4.9401102064139915,-29.190503143692652,-2.326418081778245,-32.967089372308465,-0.020801181992290328,0.12892972641995426,0.9904361822969452,4.841725850650268,-0.5882227099569174,-1.5632753875272587,-33.085850861405405,0.014411564349996171,0.1616838116396651,0.9835520175698814,4.894745497292489,56.632462007026355,True,-0.24993084370283924,imu,-0.5634599376000001,-9.998722204800002,1.9637356424,-0.10456927,-0.5313706200000001,-7.997481819999999,74.88615045116421,-4.298861180491815,0.19749768666618917
231.597785,0.43352941053572985,0.006741062514459162,4504.297648897367,7.422312727693491,-0.020156743682802125,-0.5551722373432807,-179.88600315337374,18410.8197311669,-0.0005348898680954688,-0.5551245898267573,-0.195082747526461,0.059089833342210796,-0.020156743682802125,-0.19739900011939301,0.1581712063749602,-0.0015849093315981454,66.34039305855917,0.016727490337743886,0.4344437425541739,0.006841664563699834,66.34340991658357,-179.98803531176975,-0.5133920886698544,-0.702517506032672,0.0,0.21926758825805973,-0.22289639111402626,-1.2602609490649304,-0.2340723907393256,-0.09227738178080423,0.0,0.0,1779.949999999999,-3.3036900000000013,0.0,0.0,0.0,0.0,0.0,0.0,0.0,0.0,0.0,0.0,0.0,1256.089999999999,-0.09666209999999992,0.0,0.0,0.0,0.0,0.0,0.0,0.0,0.0,0.0,0.01589387240653029,0.37607294544968006,5723.152919443323,-213.69886807047317,0.0,3.558567160618632e-08,0.0,-7.005879628383549e-09,53.88916427611903,-0.033850287603998976,53.88916427611903,0.0,1.4394466751743011,0.8891590754433896,0.3357677751122426,4476.646234821554,18.528990896115534,0.0,-2.997053100042772e-18,0.0,7.187312422981566e-16,18.54565075062096,-0.030224116117683227,18.54565075062096,0.0,3.6661773604055026,998.9999999999999,3.996930545626003,2.0000064725552518,28.284971804638552,gaze,0.5247244830824127,0.3680402349358501,-51.89723290442806,188.32743363511895,1047.0373677111977,28.94043548742652,-2.0013853047415235,-31.73069291423688,0.0172343186125927,0.3127753921214362,0.938329801019849,4.645865789072256,-29.86487984687912,-1.4869605462891928,-33.5627760361329,-0.0255704905720237,0.1662732225871523,0.9857447669711566,4.8465688086765,-0.6792450081469227,-0.6557457597766838,-33.7355497633051,-0.0350438563674899,0.1940288454636494,0.9780193968940628,4.968767557217502,61.9349091712322,False,-1.0,imu,-0.7430446274952985,-9.767429757501056,1.8099804996046618,-2.13848804381075,-0.24281203465745696,-8.858355872881697,74.90296692676834,-4.306401536496103,0.17988748554016878
231.6,0.435662,0.0528366,4504.26,7.40553,0.0366303,-0.538728,-179.746,18410.7,0.00023503,-0.53863,0.512979,0.0609947,0.0366303,-0.121402,-0.0987003,-0.00326215,66.2757,-0.0105632,0.4357,0.0529079,66.2786,-179.746,-1.8411,0.167813,0.0,0.266501,0.306,0.0,-1.0,-0.0880242,0.0,0.0,1779.95,-3.30369,0.0,0.0,0.0,0.0,0.0,0.0,0.0,0.0,0.0,0.0,0.0,1256.09,-0.0966621,0.0,0.0,0.0,0.0,0.0,0.0,0.0,0.0,0.0,0.0158795,0.376076,5723.16,-213.729,0.0,3.64e-08,0.0,-7.01e-09,53.8893,-0.0338359,53.8893,0.0,1.43945,1.455,0.32382,4476.65,18.5239,0.0,-1.06e-18,0.0,1.78e-16,18.4149,-0.0291356,18.4149,0.0,3.62644,999.0,4.0,2.0,28.25157642364248,gaze,0.4734699182775655,0.3896121624497045,-51.05196852415026,187.0530259266819,1049.5361120729099,29.135958877282707,-2.1688596147850285,-31.5543526950663,0.0409410115064631,0.19633807515434112,0.9727412248864079,4.9376563149494705,-29.18902811216686,-2.3303637016460734,-32.96250142394684,-0.021045284044307964,0.12911070951914783,0.9903648987133316,4.839662076654269,-0.5838990616557622,-1.5688971383010837,-33.07963319113247,0.014539570581259325,0.16192259120744304,0.983478170991347,4.892383445533217,66.56893652870325,False,-0.25313409140737275,imu,-0.7459157994145059,-9.767307433911348,1.8102120890170075,-2.043464826881029,-0.26989780596249585,-8.955864405411265,74.91590285334871,-4.312237521328614,0.16621153938233008
231.603765,0.4310406706890594,0.012069312212711125,4504.187461659327,7.422378329671572,-0.019056584832190415,-0.554948605334056,-179.88813059481961,18413.464121321602,-0.0005741178660543594,-0.5549012231746151,-0.20852952087577198,0.060784975347286024,-0.019056584832190415,-0.18212952262414794,0.1711826334712312,-0.0015760590166811056,66.34960367815705,0.017217505231633984,0.4319705237980781,0.012170291223147056,66.35261569105212,-179.9891324835722,-0.5201329283191762,-0.6927499577167273,0.0,0.2179541988914922,-0.25706269940265236,0.5881288630458387,-0.09584077308242506,-0.09208852791091222,0.0,0.0,1779.9499999999991,-3.3036900000000013,0.0,0.0,0.0,0.0,0.0,0.0,0.0,0.0,0.0,0.0,0.0,1256.089999999999,-0.09666209999999995,0.0,0.0,0.0,0.0,0.0,0.0,0.0,0.0,0.0,0.015845470838594347,0.37607774594653465,5723.170312422134,-213.78666933024778,0.0,3.546812183561327e-08,0.0,-7.010106065261055e-09,53.88950174469942,-0.03385097062517842,53.88950174469942,0.0,1.4394560305199269,0.8871220561942511,0.33928517900824595,4476.648948640498,18.497885263669374,0.0,-2.9880036380659873e-18,0.0,7.145511452543416e-16,18.58504824117593,-0.030541176564340307,18.58504824117593,0.0,3.6937926064225204,999.0,3.996296982326352,2.0001283482205316,28.174250643914647,gaze,0.4733497084698532,0.3894660877408169,-52.19261484004723,185.44852524987735,1052.1259441110794,29.1377615810662,-2.202051931503185,-31.49499149616195,0.041251240819519426,0.1965187297614467,0.9726931194139377,4.935837917578777,-29.188104376332195,-2.3331345457525905,-32.95922634303762,-0.021237508622611295,0.12925139440896807,0.9903100731956145,4.838146575078234,-0.580673928377768,-1.5729255135957232,-33.075132844736636,0.014620258461236985,0.1621056167998253,0.9834213102173383,4.8906443321633475,73.05816402891055,False,-0.25552616784910376,imu,-0.5520950344000001,-9.9837683848,1.9583522672,-0.55318387,-0.3818324200000003,-8.326465859999999,74.93753338268851,-4.322071356587837,0.14308061716777057
231.612586,0.42733272985649323,0.020070977797920442,4504.024896861924,7.422467740982574,-0.017383616749279407,-0.5546054426202677,-179.89121322904447,18417.30768565144,-0.0006325486225097901,-0.5545584264297276,-0.22788298719034247,0.06329467280686127,-0.017383616749279407,-0.1589363711802718,0.19057159156851378,-0.0015638506274365718,66.36310086368607,0.01793919601749379,0.4282852634707892,0.02017246333509226,66.3661055948383,-179.9906521500331,-0.529499276102035,-0.6775484374547798,0.0,0.21600708194329096,-0.3069084280985849,0.8434210192210692,0.11896139901608307,-0.09181035262784111,0.0,0.0,1779.949999999999,-3.3036900000000005,0.0,0.0,0.0,0.0,0.0,0.0,0.0,0.0,0.0,0.0,0.0,1256.0899999999988,-0.09666209999999993,0.0,0.0,0.0,0.0,0.0,0.0,0.0,0.0,0.0,0.015774343997474186,0.3760848004748913,5723.195992963342,-213.91618004644744,0.0,3.529508761060106e-08,0.0,-7.016339481176519e-09,53.88999765816383,-0.03385197773823075,53.88999765816383,0.0,1.439469778548627,0.8849062254668139,0.3445068441121566,4476.652988509875,18.451907454477016,0.0,-2.9739551435444804e-18,0.0,7.082276020628507e-16,18.643192978014472,-0.031011859245436313,18.643192978014472,0.0,3.734734698507281,998.9999999999998,3.9953678321939186,2.0003074604357094,28.010894307706504,gaze,0.473112070649888,0.38910049013492276,-55.27087775376282,181.23986388522752,1050.9676891706165,29.14145484289859,-2.270193391585991,-31.36511134600439,0.041926294762329314,0.1969633995807477,0.972575513209746,4.931607081145176,-29.186515512619703,-2.339074973316107,-32.95202021738676,-0.021722229849359436,0.12960034567661766,0.9901758896884364,4.8346662921683485,-0.573114659795697,-1.5818425643164973,-33.06501791136215,0.014761088958502673,0.16255148422503943,0.9832819414742635,4.886635164501207,83.90243377161141,False,-0.2611517259179703,imu,-0.5395338256000001,-9.785181655200002,1.8949480704,-1.23358268,-0.4790322499999999,-8.633019169999999,74.98640402529483,-4.344688552092154,0.08950865014894703
231.616,0.448406,0.0503748,4503.96,7.40426,0.0350567,-0.537659,-179.744,18417.3,0.000240463,-0.537561,0.0472555,0.0709421,0.0350567,0.295525,-0.097735,-0.00325654,66.2995,-0.0106255,0.448449,0.0504487,66.3024,-179.744,-0.899897,0.152673,0.0,0.266501,0.288,0.0,-1.0,-0.0868465,0.0,0.0,1779.95,-3.30369,0.0,0.0,0.0,0.0,0.0,0.0,0.0,0.0,0.0,0.0,0.0,1256.09,-0.0966621,0.0,0.0,0.0,0.0,0.0,0.0,0.0,0.0,0.0,0.0157548,0.376089,5723.2,-213.955,0.0,3.67e-08,0.0,-7.02e-09,53.8901,-0.0338333,53.8901,0.0,1.43948,1.455,0.330299,4476.65,18.445,0.0,-1.01e-18,0.0,1.7e-16,18.4954,-0.0297159,18.4954,0.0,3.68325,999.0,4.0,2.0,27.95159083894155,gaze,0.4730364409625228,0.38895036758802487,-56.505653611898744,179.65215039006065,1049.2554873758525,29.14268725349492,-2.292945627677097,-31.318424193538643,0.04216831122600009,0.19714340353951987,0.9725281801097703,4.9299805950206865,-29.18611415211529,-2.341169336035473,-32.94940505177218,-0.02192256270581838,0.1297425322920545,0.9901218318436584,4.833345504692919,-0.5701930193581868,-1.585100052724378,-33.061262901601275,0.014797694287075783,0.16273033799322764,0.98322572222099,4.885107812113495,86.26911150474582,False,-0.26333648970562085,imu,-0.766474207769787,-9.766310539258866,1.8122482227091303,-1.311702141687812,-0.46838457206631,-9.645544576366543,75.00462142095452,-4.353283868920144,0.06902973560447065
231.617765,0.4251353760667078,0.024848171180411494,4503.929435300784,7.422515967265207,-0.016373180559645983,-0.5543965362108417,-179.89299018067078,18419.53121435605,-0.0006671652138454296,-0.5543497203841118,-0.2389472683116277,0.06477323927564771,-0.016373180559645983,-0.14496072043415548,0.2020629107350355,-0.0015571652063217228,66.37097534034716,0.018362141434292475,0.42610110021514425,0.024949925965367048,66.37397572172495,-179.9914878712195,-0.5346665461752268,-0.6681784820372555,0.0,0.2148585292346308,-0.33583190516779526,0.21236617914079864,0.2508955022764902,-0.09164725748927366,0.0,0.0,1779.949999999999,-3.3036900000000013,0.0,0.0,0.0,0.0,0.0,0.0,0.0,0.0,0.0,0.0,0.0,1256.089999999999,-0.09666209999999995,0.0,0.0,0.0,0.0,0.0,0.0,0.0,0.0,0.0,0.015732733070538674,0.37608892761304397,5723.211084139563,-213.99221665784188,0.0,3.519369670731639e-08,0.0,-7.019998737126087e-09,53.89028777859352,-0.03385256876428472,53.89028777859352,0.0,1.4394778215881558,0.8840509467384419,0.34759088048350145,4476.655380945893,18.424860576193172,0.0,-2.9653192110158894e-18,0.0,7.044277176127405e-16,18.677345694098904,-0.03128985488630372,18.677345694098904,0.0,3.7588869315852134,999.0,3.99482556186811,2.0004122019226585,27.914965938593433,gaze,0.5270310506007548,0.3762395888077464,-57.18003784678275,178.2728457390565,1048.623011541494,29.481021934317,-4.638899471554884,-29.08686249906128,0.0912200168692298,0.4316985015852778,0.8973936216908406,4.101068019866943,-29.86379823705821,-1.511227590098401,-33.54658424005158,-0.0248930952611628,0.1638359498878209,0.9861734712172472,4.849626064300537,-0.5720311274655536,-1.1981241394096518,-33.19194087607549,-0.0197179324944861,0.2168410141712646,0.9700322762504684,4.857529077603244,87.31072351387117,False,-1.0,imu,-0.7687224787408752,-9.766188524323614,1.8125115059215662,-1.227659812013275,-0.4904864142370942,-9.716483400915454,75.01388396181048,-4.357693058313248,0.05850216652829589
231.621407,0.4235811769556367,0.028242859327259895,4503.862297218343,7.422547917136437,-0.015649982445827493,-0.5542463173828723,-179.8942243574967,18421.079697354293,-0.000691644568695086,-0.5541996358849112,-0.24658333581911998,0.06581522886400457,-0.015649982445827493,-0.13497945254496774,0.21019109737473923,-0.0015526824281437875,66.37649053073746,0.018659163604704987,0.4245561187075792,0.02834479072963192,66.37948782037128,-179.99204987509,-0.5381486728812106,-0.661390617554519,0.0,0.21404848874910914,-0.35600600791962045,-0.23243635910213603,0.3461527495993566,-0.09153266799967706,0.0,0.0,1779.949999999999,-3.3036900000000005,0.0,0.0,0.0,0.0,0.0,0.0,0.0,0.0,0.0,0.0,0.0,1256.0899999999988,-0.09666209999999993,0.0,0.0,0.0,0.0,0.0,0.0,0.0,0.0,0.0,0.01570353715059305,0.37609182341068825,5723.221702640124,-214.0456866146643,0.0,3.512248549591071e-08,0.0,-7.022571786546138e-09,53.89049133846405,-0.03385298424818338,53.89049133846405,0.0,1.4394834649585453,0.8836498110865357,0.34976769037943994,4476.657072516938,18.405817413894187,0.0,-2.9590747651802183e-18,0.0,7.017170345842615e-16,18.701368412057302,-0.031486072723089314,18.701368412057302,0.0,3.775921645561261,998.9999999999998,3.994445763223328,2.000485653440591,27.847498711995733,gaze,0.4729350578946921,0.38870296415848676,-58.367101829852004,177.50497254550362,1047.2073026819799,29.144417323128863,-2.3248659862724828,-31.248701566336493,0.04252991932607876,0.19743732009684037,0.9724511765578406,4.927417006139501,-29.18571874524162,-2.3442558720167868,-32.945459338716745,-0.02225413510948122,0.12997568526477016,0.9900338309169437,4.831283219914468,-0.5655769617867166,-1.5900409402262354,-33.055496276904016,0.014835528420686592,0.16302062246868712,0.9831341244718814,4.882716247384557,88.14571128562268,False,-0.2668046361870007,imu,-0.6537810104000001,-9.73493682,1.8464976936,-1.8466893,-0.65847809,-9.45547927,75.03265748024171,-4.366717100258232,0.03691307968189995
231.62251,0.42310902278177387,0.029276714495140355,4503.841962911077,7.422557266664908,-0.01542888669392195,-0.5542002816285161,-179.8945955463031,18421.54615492337,-0.0006990803117170334,-0.5541536397286999,-0.2488712622491081,0.06613116186148825,-0.01542888669392195,-0.13193214260663488,0.2126604096344992,-0.001551360848657226,66.37815718223445,0.01874904713583901,0.4240867463959045,0.02937869729073561,66.38115353017325,-179.99221583412776,-0.5391781308601877,-0.659302362316327,0.0,0.21380278286151896,-0.36208756275607756,-0.3455261561165605,0.37539582089894763,-0.09149798091899664,0.0,0.0,1779.9499999999987,-3.303690000000001,0.0,0.0,0.0,0.0,0.0,0.0,0.0,0.0,0.0,0.0,0.0,1256.0899999999988,-0.09666209999999992,0.0,0.0,0.0,0.0,0.0,0.0,0.0,0.0,0.0,0.01569470572269863,0.37609269936072137,5723.224919492095,-214.06188014975476,0.0,3.510093336109683e-08,0.0,-7.023351011561807e-09,53.89055291289881,-0.03385311005513785,53.89055291289881,0.0,1.4394851720201736,0.8835612115030151,0.3504282534484645,4476.65758631409,18.4000463215374,0.0,-2.9571557042298173e-18,0.0,7.008898270150088e-16,18.70864467727545,-0.031545615895902865,18.70864467727545,0.0,3.7810888608362188,998.9999999999998,3.9943309987370488,2.000507863415207,27.82706458372394,gaze,0.4729171236875433,0.38865106056257087,-58.72099782335902,177.1428439732747,1046.992401248595,29.144737123388662,-2.3307612859981615,-31.23512331940326,0.042600444343894095,0.1974985908678715,0.972435164235893,4.926895901606702,-29.18567395042027,-2.344851096176128,-32.94468375911606,-0.022323904930944407,0.13002443062177088,0.9900155234410913,4.8308669415874705,-0.564637544165551,-1.5910162470014662,-33.05434691552053,0.014840239440000336,0.16308088245862662,0.9831150573604607,4.882232477902145,88.30550035160022,False,-0.2675132718115073,imu,-0.7747473460327915,-9.765848793920858,1.813256958581081,-1.000252529213025,-0.5499951531977678,-9.897814535260363,73.658234,-4.290861200000018,0.604271199999995
231.630228,0.41978635596175096,0.03658595275879517,4503.699662964235,7.422618328242965,-0.013854665137609856,-0.5538710879687635,-179.89715792705343,18424.77688178806,-0.0007513945635657322,-0.5538247088260269,-0.2645404180194646,0.06834649377143559,-0.013854665137609856,-0.11030073867177372,0.23003758256726775,-0.0015425897315025899,66.38977140906786,0.019376968297330266,0.42078341435594746,0.036688267512968165,66.3927610984112,-179.99332085056992,-0.5460477710471736,-0.6442649787047676,0.0,0.21207859581459101,-0.4042523305568525,-0.7003136523698751,0.584972747156156,-0.09125548998134121,0.0,0.0,1779.9499999999991,-3.3036900000000013,0.0,0.0,0.0,0.0,0.0,0.0,0.0,0.0,0.0,0.0,0.0,1256.0899999999992,-0.09666209999999993,0.0,0.0,0.0,0.0,0.0,0.0,0.0,0.0,0.0,0.015633048894760984,0.3760988148880529,5723.2474414531025,-214.17518903939032,0.0,3.4950316992740766e-08,0.0,-7.028802981577821e-09,53.89098279539574,-0.03385399001059764,53.89098279539574,0.0,1.4394970900054587,0.8833730392863294,0.3550672666943602,4476.661201024227,18.35961547161908,0.0,-2.9433652270821583e-18,0.0,6.950203664306733e-16,18.759568566899603,-0.031963776096409435,18.759568566899603,0.0,3.8173508846461046,999.0,3.993531481930016,2.0006627854898693,27.684064440909125,gaze,0.4728173804489174,0.38827450804364344,-60.811590029390054,175.45785184202109,1047.4390507414903,29.146664379145918,-2.3662274163308497,-31.146338442581357,0.04306352778156111,0.19793955217947412,0.9723202788888863,4.92326700874015,-29.185696443849324,-2.3486935862526352,-32.93953214957715,-0.022832026319211343,0.13037652881328293,0.9898840941346879,4.827995591891138,-0.558092879579863,-1.597534905149047,-33.04655823699579,0.01484503492677222,0.16351224909624432,0.9829780703249231,4.8788858508063555,88.47074695711834,False,-0.27248204711059404,imu,-0.7010350816000002,-9.7504887928,1.8357309432,-2.04108896,-0.6061397200000003,-10.33027774,75.07619867876588,-4.3881613397928065,-0.014581451307663019
231.632,0.405145,0.0504734,4503.67,7.40298,0.0335135,-0.536454,-179.742,18423.9,0.000190067,-0.536356,0.498951,0.0788797,0.0335135,0.135866,-0.0952831,-0.00325057,66.3231,-0.0104793,0.40519,0.0505396,66.326,-179.742,-0.97303,0.139288,0.0,0.26321,0.279,0.0,-1.0,-0.0856489,0.0,0.0,1779.95,-3.30369,0.0,0.0,0.0,0.0,0.0,0.0,0.0,0.0,0.0,0.0,0.0,1256.09,-0.0966621,0.0,0.0,0.0,0.0,0.0,0.0,0.0,0.0,0.0,0.0156262,0.376102,5723.25,-214.192,0.0,3.67e-08,0.0,-7.03e-09,53.891,-0.0338393,53.891,0.0,1.43951,1.455,0.337274,4476.66,18.3616,0.0,-9.66e-19,0.0,1.62e-16,18.5798,-0.030348,18.5798,0.0,3.74384,999.0,4.0,2.0,27.661605472575214,gaze,0.47280078464895325,0.3881847946963693,-61.17426334334895,175.28268712284157,1047.8730968628863,29.147030831792392,-2.372954596349859,-31.127509585922155,0.043162400127380825,0.19804377526941971,0.9722932071051227,4.922438113739584,-29.18578383183126,-2.3494968455224554,-32.93841689012899,-0.022953557222105424,0.1304600507326032,0.9898531055778029,4.827346516402134,-0.5565987380667257,-1.5989566116442155,-33.044832265239066,0.01483924046382546,0.16361365307731726,0.9829457464840814,4.878126909846386,88.49921552929919,False,-0.2736252546175182,imu,-0.7867122616233848,-9.765118625606013,1.814911100525072,-0.5448023845541803,-0.6690441379389744,-10.20538630339366,75.08461053981716,-4.392399055212518,-0.024782520597417666
231.637857,0.4164697146096076,0.04394045641607769,4503.558978087253,7.422670935152636,-0.012251419538631347,-0.5535334670815162,-179.89962780259805,18427.912195845474,-0.0008035890293566412,-0.5534873225303913,-0.2794008007702612,0.0705442233346337,-0.012251419538631347,-0.08841027162851096,0.24738238144504301,-0.0015347557537101347,66.40116891061378,0.01999568547598289,0.417485650938518,0.04404305086199101,66.40415189947103,-179.9943141043417,-0.5522482309267986,-0.6286643267382079,0.0,0.210365924787172,-0.44521098122074654,-0.3300866763894991,0.8002514510783667,-0.0910161887332938,0.0,0.0,1779.9499999999991,-3.303690000000001,0.0,0.0,0.0,0.0,0.0,0.0,0.0,0.0,0.0,0.0,0.0,1256.0899999999988,-0.09666209999999993,0.0,0.0,0.0,0.0,0.0,0.0,0.0,0.0,0.0,0.01557234170881767,0.3761048363263482,5723.269725623808,-214.28718819543136,0.0,3.480176493492644e-08,0.0,-7.0341912470708485e-09,53.891406055251814,-0.03385485914547775,53.891406055251814,0.0,1.4395088245825356,0.8839383296363804,0.35968157607664775,4476.664807804593,18.319566911114304,0.0,-2.9291121831705178e-18,0.0,6.890793186623718e-16,18.809919254621626,-0.03237970838822434,18.809919254621626,0.0,3.8533750703706264,999.0,3.992747570175209,2.0008150171072536,27.542684651092042,gaze,0.5284814754652781,0.3779613493764532,-60.44893799197946,176.1755927004711,1048.93675325985,29.47118201001526,-4.700271246589088,-29.05636930480275,0.04603115992609,0.4977259663282759,0.8661119989692111,4.103238105773926,-29.87385324032927,-1.582619100205688,-33.48031346308775,-0.0278628577071787,0.1619897966568185,0.9863989897295476,4.86082124710083,-0.4656534611253938,-1.7519257665433643,-32.64195023737922,-0.0093297562168393,0.2461278517163617,0.9589104911047348,4.748482379986667,90.0115019380009,False,-1.0,imu,-0.7940401267763462,-9.764634652138577,1.8160394476391577,-0.2681764572903634,-0.7422270245591375,-10.34692683475841,75.11160275802504,-4.406239914716008,-0.05813839605787956
231.638869,0.4160273571388712,0.044925753960139314,4503.540314072834,7.422677315739316,-0.01203518676421872,-0.553487763147098,-179.8999505179464,18428.323696124018,-0.0008105484174214065,-0.5534416477998924,-0.28132190837523535,0.07083634397721095,-0.01203518676421872,-0.08547019810317197,0.24969561645922858,-0.0015337802580322277,66.40267458119996,0.020077596971376538,0.4170457795058703,0.045028381824026464,66.4056566723997,-179.99443829404456,-0.5530254723900847,-0.6265394618178188,0.0,0.21013811750342914,-0.45058669086796777,-0.2465377106008186,0.8293837962204363,-0.09098447497185694,0.0,0.0,1779.9499999999991,-3.303690000000001,0.0,0.0,0.0,0.0,0.0,0.0,0.0,0.0,0.0,0.0,0.0,1256.089999999999,-0.09666209999999993,0.0,0.0,0.0,0.0,0.0,0.0,0.0,0.0,0.0,0.015564306571765201,0.37610563332488817,5723.272683294756,-214.30204484413338,0.0,3.4782083769689935e-08,0.0,-7.03490594740295e-09,53.8914620773487,-0.03385497438218565,53.8914620773487,0.0,1.4395103777693372,0.8840700549516745,0.36029580603060374,4476.665288783892,18.314248143157762,0.0,-2.9271751771735193e-18,0.0,6.882808628495545e-16,18.816599192555028,-0.032435074778602926,18.816599192555028,0.0,3.8581671149509513,999.0,3.9926440840968893,2.000835138498561,27.52392825940136,gaze,0.4727584057670372,0.38782575530970337,-62.075124317298155,175.26125433654863,1049.5708934453558,29.148186554707568,-2.3941224353743786,-31.06009121185146,0.04351970804271786,0.1984580924642399,0.9721858524092987,4.919239903087962,-29.186408710061126,-2.352335737985951,-32.93432929959044,-0.023441571264857783,0.1307930798982724,0.98973015641775,4.824865907181204,-0.5508442033871397,-1.6042065585286085,-33.038359169368604,0.014792778788315772,0.16401490349729514,0.9828174152443873,4.875217796324341,89.52534909361127,False,-0.27806464422666083,imu,-0.6896701784000001,-9.7235719168,1.8560681384,-2.16071952,-0.6734319100000001,-10.99572273,75.11613923911344,-4.408605629343417,-0.06384387318940923
231.647511,0.412227070332811,0.053432706081721126,4503.380913981712,7.422725906398098,-0.01015433757317552,-0.553088664740649,-179.9026572373082,18431.795351022247,-0.0008703147160089582,-0.5530427801262287,-0.2972157591349586,0.07333647237891651,-0.01015433757317552,-0.06003573505559906,0.2695666693444695,-0.0015260704557310684,66.41547243906057,0.020775371664630865,0.4132665421265518,0.053535583505998074,66.41844678086416,-179.9954248735629,-0.5592187126457706,-0.6078615643512003,0.0,0.20818691525946262,-0.49590525446324085,0.4853857912868549,1.0833198040796808,-0.09071394627539697,0.0,0.0,1779.9499999999987,-3.3036900000000005,0.0,0.0,0.0,0.0,0.0,0.0,0.0,0.0,0.0,0.0,0.0,1256.0899999999988,-0.09666209999999992,0.0,0.0,0.0,0.0,0.0,0.0,0.0,0.0,0.0,0.015495859418561818,0.37611242261103506,5723.2979560228005,-214.42891136196826,0.0,3.461425057208849e-08,0.0,-7.041008554248553e-09,53.89193929933968,-0.03385595786549594,53.89193929933968,0.0,1.4395236086590981,0.8857422221549692,0.36556122738071506,4476.669420420072,18.26876880930783,0.0,-2.9101933691258167e-18,0.0,6.813639185321352e-16,18.873648435815394,-0.032909696358862026,18.873648435815394,0.0,3.89921554290183,998.9999999999998,3.991765386623683,2.0010062259759858,27.363737570137808,gaze,0.47275395746516186,0.3873491287477974,-61.975006930792965,176.2753087662867,1049.9468288939415,29.14905102415665,-2.409920040426318,-30.987984384942727,0.0439113889280479,0.19900211105040838,0.9720454308138639,4.915249517575863,-29.187831368979378,-2.355295619599723,-32.92971236453572,-0.02409308148248487,0.1312325066604484,0.9895692012205554,4.821824152559126,-0.54370642201291,-1.6102296272623946,-33.03070105710663,0.01468092538190238,0.16453773848456754,0.9826492312403304,4.871631037384648,92.9600707978132,False,-0.2836660694534252,imu,-0.7147925960000001,-9.666149248000002,1.8596570552,-2.16071952,-0.8379239300000001,-11.43686042,75.15332762612555,-4.428499740516158,-0.1118368699612942
231.648,0.40315,0.0495522,4503.37,7.40169,0.0320563,-0.53514,-179.739,18430.4,0.00022242,-0.535043,0.22087,0.0843919,0.0320563,1.13613,-0.0859891,-0.00324444,66.3466,-0.010166,0.403157,0.0496138,66.3495,-179.739,0.292469,0.12803,0.0,0.26321,0.279,0.0,-1.0,-0.084432,0.0,0.0,1779.95,-3.30369,0.0,0.0,0.0,0.0,0.0,0.0,0.0,0.0,0.0,0.0,0.0,1256.09,-0.0966621,0.0,0.0,0.0,0.0,0.0,0.0,0.0,0.0,0.0,0.0154946,0.376117,5723.3,-214.436,0.0,3.64e-08,0.0,-7.04e-09,53.8919,-0.0338517,53.8919,0.0,1.43954,1.455,0.344625,4476.67,18.2749,0.0,-9.21e-19,0.0,1.55e-16,18.6671,-0.0310195,18.6671,0.0,3.8073,999.0,4.0,2.0,27.36162077027041,gaze,0.4727553118213216,0.38732134615149283,-61.92862361580318,176.35105383906424,1049.8991752431925,29.14908056037203,-2.4104617927576437,-30.98433072922057,0.04393164860790608,0.1990336361996914,0.9720373096067126,4.915024823973818,-29.18793277292937,-2.355442999462327,-32.92946843554401,-0.0241311766142896,0.1312580371723513,0.9895598881609411,4.8216546437865375,-0.5433064789747837,-1.610551292712588,-33.03028374678317,0.014672842131200023,0.16456790959228662,0.9826394941391815,4.871430494316053,93.17234470910192,False,-0.28398351137589806,imu,-0.8066278103222533,-9.763737273359284,1.8181848307177528,0.19159454063393014,-0.8676964131873557,-10.479983505963004,75.15534815056616,-4.429608997111786,-0.11451233187893613
231.656152,0.40838671915749936,0.06210574601618035,4503.221499813687,7.4227635663685065,-0.008211570425488202,-0.5526737482111883,-179.90527151648192,18435.190732270064,-0.0009306681912447821,-0.5526280601754376,-0.3121287063618751,0.07584615616831258,-0.008211570425488202,-0.03405472443716567,0.28964246590066733,-0.0015194966545890674,66.42816084489674,0.021469693968760348,0.4094469020791567,0.062208807584969605,66.43112728889265,-179.99627563521472,-0.5645929277964592,-0.5882252233325941,0.0,0.20622561693225103,-0.5400924055148248,0.7692871305199429,1.3458145134335295,-0.09044398262571203,0.0,0.0,1779.949999999999,-3.3036900000000013,0.0,0.0,0.0,0.0,0.0,0.0,0.0,0.0,0.0,0.0,0.0,1256.0899999999988,-0.09666209999999995,0.0,0.0,0.0,0.0,0.0,0.0,0.0,0.0,0.0,0.015427721972946205,0.376119181299679,5723.323253788956,-214.55575923733136,0.0,3.444685812330905e-08,0.0,-7.04710939001241e-09,53.89241436002291,-0.033856940086921306,53.89241436002291,0.0,1.4395367798498653,0.8884045180472758,0.37086185044199127,4476.673595321949,18.22318832351556,0.0,-2.8924270321639025e-18,0.0,6.742721996850512e-16,18.930697124734124,-0.03338748913828565,18.930697124734124,0.0,3.9404840596634276,998.9999999999999,3.9908962428720223,2.001175877292622,27.20353002862171,gaze,0.4728028589203498,0.38684564495397944,-60.60652398003311,177.62213409090057,1048.5801963029967,29.1492716139039,-2.414106140754937,-30.930173840450426,0.04423977108263552,0.199570628686526,0.9718992015495677,4.911296152617203,-29.189948006802275,-2.3575874599748543,-32.92567182250829,-0.02478531440807095,0.13169390531850578,0.9894014460018794,4.818869414516895,-0.5367104276039648,-1.6156157484636944,-33.023576771099805,0.014510831204145964,0.16507992241869923,0.982473750119602,4.8681248245006365,95.36294248851883,False,-0.2892824293728835,imu,-0.7464946944,-9.531564868,1.7771119688,-1.68219728,-1.1145696,-11.86304429,75.18769209763157,-4.447843162427475,-0.15845018439834105
231.657838,0.40763271161170334,0.06381755245952658,4503.190391738658,7.422769595588421,-0.007825176289267599,-0.5525909299015406,-179.9057703516368,18435.84443707039,-0.000942512404039703,-0.5525452761532279,-0.31491657087501623,0.07633697177793751,-0.007825176289267599,-0.02892601880700999,0.29358339862347105,-0.0015183493149205154,66.43062387188776,0.02160473667395385,0.4086968948238256,0.06392064217882043,66.433588757577,-179.99642540365417,-0.5655432540682697,-0.5842809838220486,0.0,0.20584174753081413,-0.5485735870126289,0.7431155487603783,1.3979525062995162,-0.09039137194436332,0.0,0.0,1779.9499999999987,-3.3036900000000005,0.0,0.0,0.0,0.0,0.0,0.0,0.0,0.0,0.0,0.0,0.0,1256.0899999999988,-0.09666209999999992,0.0,0.0,0.0,0.0,0.0,0.0,0.0,0.0,0.0,0.015414462319835422,0.3761204965649504,5723.328193055735,-214.5805088646817,0.0,3.441424641955526e-08,0.0,-7.0482996384124975e-09,53.89250680734061,-0.033857131587798926,53.89250680734061,0.0,1.4395393430024988,0.8890406557948658,0.3719002232678881,4476.674415042883,18.214282449414256,0.0,-2.8888691337760714e-18,0.0,6.728681154160373e-16,18.94182844198427,-0.03348108677429075,18.94182844198427,0.0,3.9485622062637535,998.9999999999997,3.990727815825932,2.001208802781816,27.1722668495936,gaze,0.5292312671157673,0.3776790738314945,-62.11676718068726,176.5341757349572,1048.843251953626,28.87422352095864,-3.306651014590352,-30.05169086933739,0.1823844089654522,0.3992385874498409,0.8985234986673296,4.430649757385254,-29.87859585094012,-1.598249382781884,-33.46403501908064,-0.0293784167009354,0.1623308145964294,0.9862989482223968,4.880836009979248,-0.4183413016147629,-2.16379074015876,-32.19477265428327,0.0145747246749402,0.2657778035497746,0.950978420849084,4.675588569714451,93.52307628798036,False,-1.0,imu,-0.818712392620357,-9.762796253090722,1.8204942223488498,0.6006542222012834,-0.9869111445160694,-10.447694958788995,75.1940636164805,-4.451553794339469,-0.16737693294244405
231.664,0.400412,0.0451311,4503.08,7.40039,0.0307649,-0.533769,-179.737,18436.9,0.000184348,-0.533671,0.083262,0.0862374,0.0307649,0.0153999,-0.0756483,-0.00323746,66.37,-0.00978273,0.400421,0.04519,66.3728,-179.737,-0.746714,0.117803,0.0,0.26321,0.27,0.0,-1.0,-0.0831962,0.0,0.0,1779.95,-3.30369,0.0,0.0,0.0,0.0,0.0,0.0,0.0,0.0,0.0,0.0,0.0,1256.09,-0.0966621,0.0,0.0,0.0,0.0,0.0,0.0,0.0,0.0,0.0,0.0153629,0.376131,5723.35,-214.681,0.0,3.61e-08,0.0,-7.05e-09,53.8929,-0.0338641,53.8929,0.0,1.43957,1.455,0.351975,4476.68,18.1882,0.0,-8.76e-19,0.0,1.47e-16,18.7545,-0.0316909,18.7545,0.0,3.87075,999.0,4.0,2.0,27.07163630207999,gaze,0.47289252003119725,0.3863657997524781,-58.694114894923906,178.5000362073492,1047.5750678262164,29.148925794321418,-2.4083282705885956,-30.890071754134446,0.044484282389287935,0.2001075466125835,0.9717614745544124,4.907736755281787,-29.192458495184365,-2.3591028172784205,-32.92249224973362,-0.025448463743357658,0.13213137749020448,0.9892433275695446,4.816259586173241,-0.5305027055066993,-1.6199671068627668,-33.0175606703279,0.014306976768675027,0.16558857726868667,0.9823081938970963,4.865008502571004,92.61515964837744,False,-0.2943947094673892,imu,-0.8262188440082272,-9.762171999043376,1.8220536799289913,0.8317405132284709,-1.059837752578449,-10.336975343470035,75.2164134265289,-4.4649396665390455,-0.19951647575757075
231.664794,0.40450576581775405,0.07094777657808093,4503.062034908687,7.422789773517882,-0.006205444262108395,-0.5522427793506262,-179.9077879345255,18438.511555086196,-0.0009916110516642966,-0.5521972527332959,-0.32597304214320316,0.0783658308636204,-0.006205444262108395,-0.0075768355982916286,0.3099238677671211,-0.001514092333593198,66.44074156555956,0.022160279722523685,0.40558630717768485,0.07105095508643133,66.44369996259081,-179.99698598103203,-0.569115628982378,-0.5676156603771814,0.0,0.20425394834278815,-0.5830504668784608,0.38101301246283426,1.61598118827231,-0.09017453804610237,0.0,0.0,1779.949999999999,-3.3036900000000005,0.0,0.0,0.0,0.0,0.0,0.0,0.0,0.0,0.0,0.0,0.0,1256.0899999999988,-0.09666209999999993,0.0,0.0,0.0,0.0,0.0,0.0,0.0,0.0,0.0,0.015359877166513264,0.3761259110790388,5723.348582449016,-214.68261783487105,0.0,3.427986971959414e-08,0.0,-7.053209866978483e-09,53.89288737841502,-0.03385792112436249,53.89288737841502,0.0,1.4395498946262442,0.8920716170679568,0.376198427667043,4476.677814802727,18.17749647039241,0.0,-2.8738756015842448e-18,0.0,6.670051967376338e-16,18.98775237617283,-0.03386852069972148,18.98775237617283,0.0,3.9819795407772673,999.0,3.99003709643864,2.001344001527146,27.04326914833298,gaze,0.472903955028323,0.3863160833103045,-58.49143533949756,178.55771911200657,1047.5343266645907,29.148862269037224,-2.4072549054890846,-30.88667055296212,0.0445062097786145,0.20016293313776193,0.9717472843242078,4.907378276494392,-29.19274318673804,-2.3592265579312106,-32.92219623634634,-0.02551734961212615,0.13217659003872181,0.9892270304576649,4.815999405610042,-0.5298832733914048,-1.6203790778861973,-33.01697583228466,0.014283774562161658,0.1656408781955806,0.9822911223504964,4.864696781667712,91.99104968828416,False,-0.29491245385514214,imu,-0.7411113192000001,-9.468758824,1.788476872,-1.20367504,-1.6379533,-11.73593682,75.21918572484603,-4.466644470412384,-0.20360121105829598
231.673436,0.40058501044024386,0.07995868872103984,4502.90253795442,7.422803983733759,-0.00413517994621726,-0.5517956658061373,-179.91020007404452,18441.759753932834,-0.0010531242605344646,-0.5517502643569279,-0.338654271187244,0.08089506009108306,-0.00413517994621726,0.01933497338236162,0.330404669549991,-0.0015098937756355003,66.45321196264612,0.022846595537182088,0.40168553564373854,0.08006191508426252,66.45616216557877,-179.99755094030328,-0.5727518085811671,-0.5460250150112047,0.0,0.20227231914337745,-0.6246635540717304,-0.3951489675887636,1.8928142086961097,-0.08990566070232338,0.0,0.0,1779.9499999999994,-3.3036900000000013,0.0,0.0,0.0,0.0,0.0,0.0,0.0,0.0,0.0,0.0,0.0,1256.089999999999,-0.09666209999999993,0.0,0.0,0.0,0.0,0.0,0.0,0.0,0.0,0.0,0.015292331609540459,0.37613261128858577,5723.37393907745,-214.8094724799239,0.0,3.411330695624192e-08,0.0,-7.059309279274106e-09,53.8933583084432,-0.033858900711189584,53.8933583084432,0.0,1.4395629516956263,0.8967559685250963,0.38156986056419084,4476.682078730231,18.131698859316394,0.0,-2.8545448855459255e-18,0.0,6.595649190512745e-16,19.04480138233854,-0.0343526917788761,19.04480138233854,0.0,4.023694479583755,998.9999999999999,3.989188687623744,2.001510449695403,26.882974073293116,gaze,0.4730560880257729,0.38576138607702903,-56.540519741585705,178.81497000305242,1047.8810402002362,29.147836688331914,-2.3900076052494863,-30.857400443440614,0.0447119305915728,0.20077812573340453,0.9715898478792173,4.903495738521085,-29.196200935159194,-2.3602272324518934,-32.91927569355336,-0.026288039828827568,0.13267972552003127,0.9890461504443666,4.813212883154428,-0.523253741823094,-1.6245317425618302,-33.01089033726192,0.014001076510936827,0.16621984963629569,0.9821015571006628,4.861345769902443,81.26306487996882,False,-0.30055295081669525,imu,-0.8296379336000002,-9.448421628800002,1.8219734288,-0.50832241,-2.10899863,-11.23498385,75.24775754641064,-4.484905497114479,-0.24719675475369618
231.67793,0.39853053542815486,0.0847115657514288,4502.8195839999125,7.4228064505050355,-0.0030329208614200964,-0.551556731134257,-179.911411166004,18443.421401754767,-0.00108533357253436,-0.551511380090334,-0.34475783844660085,0.08221403328199005,-0.0030329208614200964,0.03347990956640797,0.34113254758363004,-0.0015081988915600104,66.45965281357796,0.02320165224397694,0.3996412979947728,0.08481478907411977,66.46259869765892,-179.99778563493598,-0.5742807425441662,-0.5344064388191613,0.0,0.2012379605158683,-0.6457339963941287,-0.7762018331234756,2.039078120880315,-0.08976606940878812,0.0,0.0,1779.949999999999,-3.3036900000000005,0.0,0.0,0.0,0.0,0.0,0.0,0.0,0.0,0.0,0.0,0.0,1256.0899999999988,-0.09666209999999993,0.0,0.0,0.0,0.0,0.0,0.0,0.0,0.0,0.0,0.015257324510825735,0.3761360838758471,5723.387136047478,-214.87543768370614,0.0,3.4026860233355174e-08,0.0,-7.062480665891435e-09,53.893602378402036,-0.0338594094893981,53.893602378402036,0.0,1.4395697188842629,0.8995977606970476,0.3843767152910652,4476.684313733776,18.107841571000474,0.0,-2.8441859012499533e-18,0.0,6.556277731240941e-16,19.074463358545152,-0.03460569550403111,19.074463358545152,0.0,4.045472823274131,998.9999999999998,3.9887519534908615,2.0015963007873547,26.79960435652288,gaze,0.5258745372327573,0.3747245712184957,-54.5732356249115,180.1239150341997,1048.367491891337,29.36153390269294,-4.610727521602474,-29.04393714265928,0.0882555754596371,0.4831788772506847,0.8710620678109318,4.124012470245361,-29.82527639992702,-1.536453278188281,-33.55051475336198,-0.0225526395766274,0.1655458041877896,0.98594419982266,4.816509246826172,-0.3178006719723377,-2.6973444456641773,-31.657377624181244,0.0294867980015073,0.2944592912651526,0.940198136412117,4.565919551922702,75.11910754319707,False,-1.0,imu,-0.843009572035939,-9.760663713596292,1.8258944658634213,1.262823665355658,-1.2180560340127868,-9.817800524416745,75.26144743156708,-4.494189403019587,-0.2692250041764616
231.68,0.3981,0.0431763,4502.78,7.39907,0.0296216,-0.532389,-179.736,18443.3,0.000111565,-0.532292,0.146991,0.0866018,0.0296216,0.524692,-0.0675352,-0.00323054,66.3931,-0.00932824,0.39818,0.0432361,66.396,-179.736,-0.490125,0.108989,0.0,0.256627,0.27,0.0,-1.0,-0.0819428,0.0,0.0,1779.95,-3.30369,0.0,0.0,0.0,0.0,0.0,0.0,0.0,0.0,0.0,0.0,0.0,1256.09,-0.0966621,0.0,0.0,0.0,0.0,0.0,0.0,0.0,0.0,0.0,0.0152387,0.376144,5723.39,-214.915,0.0,3.57e-08,0.0,-7.06e-09,53.8937,-0.0338671,53.8937,0.0,1.4396,1.455,0.359189,4476.68,18.1047,0.0,-8.36e-19,0.0,1.41e-16,18.838,-0.0323414,18.838,0.0,3.93251,999.0,4.0,2.0,26.7716526166183,gaze,0.47320504089932874,0.3853238097586359,-55.67570201755669,178.68261136562353,1048.7986527319165,29.14665430727375,-2.370387441378765,-30.844572983945657,0.04482838358020341,0.20126018029407008,0.9714666722024212,4.900570013313764,-29.199260402191104,-2.3605695817206573,-32.9174219526157,-0.02689859428615846,0.13307507014746217,0.9889045516496803,4.811151209115297,-0.5183670635439515,-1.6272856091285943,-33.00660721378039,0.013749967481127404,0.16667122164905646,0.9819530529690744,4.858851051783903,69.43055077207724,False,-0.30484262065717826,imu,-0.8454834921124705,-9.760428255544413,1.8265020727555532,1.3144705189397312,-1.2406277142220519,-9.709455589890341,75.26748251115453,-4.4984170871199645,-0.27921949208590474
231.682077,0.39662527852232776,0.08913828459847761,4502.7430276573305,7.4228056501991535,-0.00200001913165776,-0.551332321424961,-179.9125014832121,18444.938860980325,-0.0011151881902508808,-0.551287007806661,-0.3500769117529659,0.08343340192855417,-0.00200001913165776,0.046613143129986344,0.35107846418112454,-0.0015069371596589543,66.46556945523326,0.023528102027451647,0.3977453909392066,0.08924148786127406,66.46851131905984,-179.9979655402573,-0.5754662630207811,-0.5234460416963607,0.0,0.2002811470973621,-0.6648135889366222,-1.0216280663430246,2.1752884627882634,-0.08963739888442157,0.0,0.0,1779.949999999999,-3.303690000000001,0.0,0.0,0.0,0.0,0.0,0.0,0.0,0.0,0.0,0.0,0.0,1256.0899999999988,-0.09666209999999992,0.0,0.0,0.0,0.0,0.0,0.0,0.0,0.0,0.0,0.015225091779026534,0.3761392812809394,5723.399320735753,-214.93630849987858,0.0,3.394719139143567e-08,0.0,-7.065406921525125e-09,53.89382710496535,-0.033859878577985204,53.89382710496535,0.0,1.4395759497910448,0.9024681400404823,0.3869750217447785,4476.686386953213,18.085801154812216,0.0,-2.8344413047145893e-18,0.0,6.519535236101313e-16,19.10183121956935,-0.03483990050299546,19.10183121956935,0.0,4.065621200205145,999.0,3.9883517457636484,2.001675074589489,26.722663974751676,gaze,0.47325808784568496,0.38518249672937444,-55.53631436422549,178.6202347275189,1049.1124670651106,29.146208722264102,-2.3630650652733993,-30.84218582412572,0.04485817507529904,0.20141530678433373,0.9714270621005443,4.899648378075846,-29.200305130780155,-2.3606039514263863,-32.916900114149556,-0.02709623111053456,0.13320247648893338,0.9888590031099992,4.810508579870481,-0.5168496741067418,-1.628086029253178,-33.005312216215785,0.013664070827594724,0.16681608030561001,0.9819052649326284,4.85807062977458,65.33463088837944,False,-0.3062007505720216,imu,-0.8338250032000001,-9.3652783896,1.7932620944,0.43376825,-2.47536722,-10.36766229,75.27336582345038,-4.502628329346123,-0.2891499350844171
231.690719,0.3926260254862582,0.09848955236150403,4502.583467346818,7.422794217675551,0.00020155046023351275,-0.5508524969724968,-179.9146864205461,18448.055234307307,-0.001177804464439594,-0.5508072327756658,-0.3601478731086089,0.0859812951483983,0.00020155046023351275,0.07419510136688057,0.37194592351427014,-0.0015052581644367947,66.4778157528354,0.024204488144019515,0.3937653129239185,0.09859265966297981,66.48074913180652,-179.99822487389417,-0.5772240687732562,-0.49986376357352846,0.0,0.19828016161528053,-0.7033935102185144,-0.9753221798970243,2.4624726126058945,-0.08936970817024698,0.0,0.0,1779.9499999999994,-3.3036900000000013,0.0,0.0,0.0,0.0,0.0,0.0,0.0,0.0,0.0,0.0,0.0,1256.0899999999992,-0.09666209999999995,0.0,0.0,0.0,0.0,0.0,0.0,0.0,0.0,0.0,0.01515814083000569,0.3761459227221764,5723.424733299082,-215.06315525730747,0.0,3.3781487096692275e-08,0.0,-7.071504205293588e-09,53.894293885440774,-0.033860854791264244,53.894293885440774,0.0,1.4395888921538411,0.909219278813974,0.3924146495592065,4476.690740820227,18.039793086664403,0.0,-2.8135645089832242e-18,0.0,6.441705828608513e-16,19.158848644036926,-0.03533021316774802,19.158848644036926,0.0,4.107766527568486,998.9999999999999,3.9875267039237134,2.0018377871265765,26.56230237665981,gaze,0.47350886877869913,0.38458014593564666,-55.44416479108379,178.52167222729074,1049.9860714124418,29.143991487452865,-2.3271585006224464,-30.840756426321338,0.04494621996655805,0.2020738086776542,0.9712590386332887,4.895834707241621,-29.20504127392316,-2.3603711306020876,-32.91505871461597,-0.027941063499492064,0.13374419979496568,0.9886657185600071,4.807884308420607,-0.510695710817446,-1.6310553009447293,-33.0002315644372,0.013273958088310419,0.16742902985834524,0.9817023860488867,4.854869084387811,48.396752055154614,False,-0.3118546720144396,imu,-0.8756956992000001,-9.309052026400002,1.8141974424,1.50296638,-2.67724379,-9.22369506,75.29598521414792,-4.519821179661958,-0.3293938547958674
231.696,0.415485,0.0412608,4502.49,7.39774,0.0285919,-0.531014,-179.734,18449.7,6.74e-05,-0.530917,-0.485712,0.0848573,0.0285919,-0.185886,-0.0615537,-0.00322301,66.4161,-0.00882506,0.415456,0.0413137,66.419,-179.734,-0.89722,0.101828,0.0,0.26321,0.279,0.0,-1.0,-0.0806733,0.0,0.0,1779.95,-3.30369,0.0,0.0,0.0,0.0,0.0,0.0,0.0,0.0,0.0,0.0,0.0,1256.09,-0.0966621,0.0,0.0,0.0,0.0,0.0,0.0,0.0,0.0,0.0,0.0151202,0.376156,5723.44,-215.141,0.0,3.53e-08,0.0,-7.08e-09,53.8946,-0.0338629,53.8946,0.0,1.43962,1.455,0.3663,4476.69,18.0236,0.0,-8e-19,0.0,1.35e-16,18.9186,-0.0329759,18.9186,0.0,3.99299,999.0,4.0,2.0,26.48166918507192,gaze,0.47368563911771694,0.3842009079274189,-55.49937906796948,178.80262846993048,1049.862161380537,29.142352303062943,-2.301131650626391,-30.846524853402546,0.0449718917388432,0.20248632361096774,0.9711538562279758,4.893520779213116,-29.20823976702461,-2.3599348521241086,-32.914192215321606,-0.028474875711384004,0.13408422522285435,0.9885446682553138,4.806319543295232,-0.5070693616515002,-1.6325869094636796,-32.997368403316656,0.01300998416445775,0.16781150330192474,0.9815752572150078,4.852948437911465,39.47909955295379,False,-0.31531133701366204,imu,-0.8644200218497152,-9.758511432353155,1.8315145913151596,1.5878890714114238,-1.4048758177515148,-8.637902572302137,75.30832425543713,-4.530067330873922,-0.3531117705239625
231.69791,0.389268746140992,0.10640140090014727,4502.450673492578,7.4227743137355935,0.002084647507041626,-0.5504406107430219,-179.91641094477578,18450.605608059792,-0.0012303135797220909,-0.5503953575872119,-0.36742661354673567,0.08810834384664544,0.002084647507041626,0.09732243883560844,0.3894524846830559,-0.0015048617340192028,66.48791920919828,0.024763002154148173,0.39042365848440624,0.10650437142997249,66.4908454184416,-179.998318622329,-0.577931247615393,-0.47947125575194965,0.0,0.1966079778560063,-0.7342096943283345,-0.23528790861680177,2.7042909735591496,-0.08914743497831842,0.0,0.0,1779.949999999999,-3.3036900000000005,0.0,0.0,0.0,0.0,0.0,0.0,0.0,0.0,0.0,0.0,0.0,1256.089999999999,-0.09666209999999993,0.0,0.0,0.0,0.0,0.0,0.0,0.0,0.0,0.0,0.015102656232489423,0.3761514267941697,5723.445900388644,-215.16870132400086,0.0,3.364393479588471e-08,0.0,-7.076576938318308e-09,53.89468072128639,-0.033861665633263316,53.89468072128639,0.0,1.439599618017527,0.915634411290922,0.39696637750598684,4476.694398336589,18.001429995282464,0.0,-2.7956085810178208e-18,0.0,6.375653171428728e-16,19.206273575774656,-0.03574049073840264,19.206273575774656,0.0,4.142996437920667,998.9999999999999,3.986849778937791,2.001971617038716,26.428840987940486,gaze,0.5265605212859876,0.3764623745691738,-56.13826190345338,178.0045046628463,1048.766442266191,28.85524438565904,-3.267305880329253,-30.07097957934709,0.203538056565655,0.3935851543993586,0.8964725237094047,4.451536655426025,-29.81547959141951,-1.644644927119827,-33.45018031275817,-0.0239877646775012,0.1637129948420091,0.986216326403917,4.777517795562744,-0.321379756603125,-2.839704941306013,-31.480146718354792,0.0482754443862658,0.3022842447184305,0.9360595646243488,4.539581537246704,36.39090878049327,False,-1.0,imu,-0.8666585708525129,-9.758271299723853,1.83214992953397,1.6045746221814674,-1.423119450199887,-8.487165313636229,75.31250879536302,-4.533724732403752,-0.3615227422593988
231.69936,0.3885885557344555,0.10801118033282275,4502.423894202297,7.422769124918225,0.0024700462195843542,-0.5503561602310456,-179.9167480246697,18451.11566218545,-0.0012409455210477187,-0.5503109059286359,-0.36876761517991785,0.08853800025768187,0.0024700462195843542,0.10200097449126841,0.39299799472775165,-0.0015048939948469012,66.48994687743192,0.024875120565272107,0.3897465811624493,0.10811411691125561,66.49287162898563,-179.9983238088638,-0.5779886570384964,-0.4752740569036162,0.0,0.19627001957168305,-0.7402751810460712,-0.014566944412773482,2.753310675770175,-0.08910266857086968,0.0,0.0,1779.9499999999991,-3.3036900000000005,0.0,0.0,0.0,0.0,0.0,0.0,0.0,0.0,0.0,0.0,0.0,1256.0899999999988,-0.09666209999999995,0.0,0.0,0.0,0.0,0.0,0.0,0.0,0.0,0.0,0.015091492980142365,0.3761525341970091,5723.450170886685,-215.18998340233327,0.0,3.361623510212319e-08,0.0,-7.0775997197379e-09,53.894758550761,-0.03386182896180813,53.894758550761,0.0,1.4396017760205768,0.9170161324778655,0.3978869595687913,4476.695139676514,17.99368566166942,0.0,-2.7919238880525282e-18,0.0,6.362193005360401e-16,19.215833897376903,-0.03582346866624058,19.215833897376903,0.0,4.150117760775355,998.9999999999999,3.9867143730785934,2.001998423617677,26.401927031078774,gaze,0.4738072517248399,0.383955327295137,-55.45575444744928,179.2054960888868,1049.4638449595968,29.141198855922983,-2.2830594933443913,-30.852766679970635,0.04497727555885059,0.20275267354196638,0.9710859642623979,4.892055017638679,-29.2103929789656,-2.3595430048447286,-32.9137417777714,-0.02882130573683271,0.1343040154464904,0.9884665132329552,4.805339128905797,-0.5048182676737285,-1.6334512869457085,-32.995641017073446,0.012832094033083333,0.1680578862095001,0.9814931512054799,4.851740371136368,34.844133954325834,False,-0.31751094579864186,imu,-0.9259405344,-9.444234559200002,1.872218264,2.81142563,-2.74453598,-8.04982019,75.31558669768032,-4.536484182843424,-0.36784802347947204
231.708002,0.38451232072493263,0.11770621391660019,4502.264271546511,7.4227297937408965,0.004807029256869599,-0.5498430517330136,-179.91868033358028,18454.130414053714,-0.0013046125675855002,-0.549797766680073,-0.37583943642878026,0.09110395803298792,0.004807029256869599,0.12995897342772522,0.41423521450794576,-0.0015058818498470405,66.50196449949246,0.025539669528512457,0.3856886307372858,0.11780890302422109,66.50488048032972,-179.99825722439707,-0.5777234167186942,-0.4496618190870648,0.0,0.194250453095545,-0.7753450103764175,1.5852348200347963,3.0468990676442638,-0.0888362367397055,0.0,0.0,1779.949999999999,-3.3036900000000013,0.0,0.0,0.0,0.0,0.0,0.0,0.0,0.0,0.0,0.0,0.0,1256.089999999999,-0.09666209999999995,0.0,0.0,0.0,0.0,0.0,0.0,0.0,0.0,0.0,0.01502513153172488,0.37615911735691504,5723.475639386617,-215.31682229615348,0.0,3.345140000462333e-08,0.0,-7.0836948759396895e-09,53.89522121735902,-0.03386280114824648,53.89522121735902,0.0,1.4396146046040639,0.9258672518164209,0.4033926797023849,4476.699584894614,17.947468573664498,0.0,-2.769519250059803e-18,0.0,6.28099308246682e-16,19.27279348407438,-0.03631973234362022,19.27279348407438,0.0,4.192681685487107,999.0,3.985915178370192,2.0021568963910608,26.241501469991643,gaze,0.47415219569303113,0.3833087402440026,-54.80952898140255,181.2813937940359,1047.6112173236147,29.13784341033517,-2.2315327604629465,-30.877803116235484,0.04495256792007594,0.20345126235281186,0.9709079454562572,4.888307849718405,-29.216346349726397,-2.3581334208814937,-32.912938942368264,-0.029736136727325346,0.13488130763837206,0.9882615110738573,4.802870918660961,-0.499239713448953,-1.6352868387824757,-32.991531041042144,0.012339629170835925,0.16870213255069658,0.9812776940107305,4.84868227712355,27.469417791208034,False,-0.3231684468218136,imu,-0.9319220624,-9.6637566368,1.941005836,3.69370101,-2.87164345,-6.85351459,75.33215830449643,-4.552625313590104,-0.4044554854970962
231.712,0.422395,0.041616,4502.19,7.3964,0.0276674,-0.529686,-179.732,18456.1,4.23e-05,-0.529589,-0.488568,0.0813586,0.0276674,0.454219,-0.055106,-0.00321558,66.4392,-0.00827465,0.422428,0.0416697,66.442,-179.732,-0.304929,0.0961291,0.0,0.256627,0.279,0.0,-1.0,-0.0793887,0.0,0.0,1779.95,-3.30369,0.0,0.0,0.0,0.0,0.0,0.0,0.0,0.0,0.0,0.0,0.0,1256.09,-0.0966621,0.0,0.0,0.0,0.0,0.0,0.0,0.0,0.0,0.0,0.0150016,0.376168,5723.49,-215.367,0.0,3.49e-08,0.0,-7.09e-09,53.8954,-0.0338586,53.8954,0.0,1.43964,1.455,0.37341,4476.7,17.9425,0.0,-7.65e-19,0.0,1.28e-16,18.9992,-0.0336104,18.9992,0.0,4.05347,999.0,4.0,2.0,26.18168652245264,gaze,0.47432721145169326,0.3830025045523153,-54.28941379653393,182.73138832484105,1046.665745185818,29.136104427378548,-2.2053987539054236,-30.893661827604337,0.04492260493546618,0.2037808745880725,0.970823963840049,4.886585309017372,-29.219299717900135,-2.3572884776675407,-32.91273875320786,-0.030170746255576687,0.13515406344759479,0.988164765386609,4.801754783428487,-0.4967665513039096,-1.6359496835607192,-32.98979010783748,0.012095044671202213,0.16900517703583037,0.9811759712916264,4.847291134354209,26.30095897777272,False,-0.32578526893328497,imu,-0.8830268367128409,-9.756426855808183,1.837075974812572,1.6138603490246592,-1.547028302507702,-7.29299057837232,75.33879595533998,-4.559916514903761,-0.42074763801296095
231.716643,0.3803986567540456,0.1275732397142455,4502.10463658122,7.422675652508595,0.007213003663190498,-0.5493131443465142,-179.9204763795339,18457.110563980736,-0.0013687771288784889,-0.5492677867712629,-0.38126156439853376,0.0936784225577032,0.007213003663190498,0.15797958528826178,0.43564822020262306,-0.0015082592418542012,66.5138647074709,0.026197488157986434,0.38159277269299535,0.1276756026910113,66.51677177761819,-179.99801992208927,-0.5763910016972975,-0.42302374294048195,0.0,0.19222213051220868,-0.8084698451484009,3.084101312115474,3.3422295870694287,-0.08857049319660093,0.0,0.0,1779.9499999999991,-3.303690000000001,0.0,0.0,0.0,0.0,0.0,0.0,0.0,0.0,0.0,0.0,0.0,1256.089999999999,-0.09666209999999993,0.0,0.0,0.0,0.0,0.0,0.0,0.0,0.0,0.0,0.014959070576138218,0.37616567079904784,5723.5011329051395,-215.4436425911621,0.0,3.3287022960867584e-08,0.0,-7.089788263562182e-09,53.895681787008954,-0.0338637709552195,53.895681787008954,0.0,1.4396273751651232,0.935775717282547,0.4089299840936317,4476.7040758016265,17.901152890488476,0.0,-2.746360856330358e-18,0.0,6.198140267273772e-16,19.329707416293324,-0.03681883935042813,19.329707416293324,0.0,4.235445365544326,998.9999999999998,3.985129910521712,2.002313045205998,26.081063483520126,gaze,0.4745425221061323,0.38264136811599603,-53.731693726826116,184.56867903429057,1045.8324658195725,29.133939022848747,-2.173362160665066,-30.915382383968034,0.04487330953132088,0.20416862681435544,0.970725168528059,4.884593492359072,-29.22288503227083,-2.3561565970239946,-32.912640427446654,-0.030684331100946528,0.13547520682230266,0.9880509278767348,4.800478729407598,-0.4939836598393558,-1.6365737058066216,-32.98789418936551,0.011797917242513934,0.16936096546472532,0.9810562445472951,4.845694036525475,26.51713123463509,False,-0.3288234587629808,imu,-0.9743909112000002,-9.7074217912,2.0074007968,3.97782359,-2.91650491,-6.090869769999999,75.34568678193412,-4.56824495722298,-0.43914716606703935
231.718002,0.37974826373340725,0.12914086798574964,4502.079527453604,7.422665750975697,0.007597771187266789,-0.5492282602781438,-179.92074603952446,18457.5770370181,-0.0013789135387724774,-0.5491828874206213,-0.38195764836617174,0.09408410862529888,0.007597771187266789,0.16238678789941507,0.43903184083669744,-0.0015087620930456305,66.51572566277652,0.026300307426545988,0.3809451353156478,0.12924317238010874,66.51863131876557,-179.99796672002992,-0.5760818532713992,-0.4187400654613401,0.0,0.19190232446704003,-0.8134945449333498,3.2552485091607894,3.388779414478038,-0.08852875987219194,0.0,0.0,1779.949999999999,-3.3036900000000005,0.0,0.0,0.0,0.0,0.0,0.0,0.0,0.0,0.0,0.0,0.0,1256.0899999999988,-0.09666209999999995,0.0,0.0,0.0,0.0,0.0,0.0,0.0,0.0,0.0,0.014948707503970982,0.37616669885449555,5723.505144903968,-215.4635877017841,0.0,3.326121096601412e-08,0.0,-7.090746494998432e-09,53.89575403702205,-0.03386392326249674,53.89575403702205,0.0,1.4396293785055772,0.9374306164742993,0.4098037504612294,4476.70478632994,17.893859228523255,0.0,-2.742650174344042e-18,0.0,6.184959496635027e-16,19.33865446113514,-0.03689759627018217,19.33865446113514,0.0,4.2421893778206226,998.9999999999998,3.9850077068902627,2.0023373854443816,26.05582806972351,gaze,0.5253596806831192,0.3703921116728285,-53.34550620993941,185.4388101081349,1047.425555581822,29.41560245314708,-4.797863817097872,-28.86641254464414,0.0984833309987169,0.483804335099001,0.8696173864722407,4.083690166473389,-29.82484244085877,-1.51093231328418,-33.61842880903561,-0.021434213939208,0.1703659732684988,0.985147709546688,4.7906813621521,-0.324026125100173,-2.8555718481788896,-31.46528617981148,0.04934766393141,0.3081478304078706,0.9331793649354329,4.531949281692505,25.377617095579307,True,1.0,imu,-0.8899213747058691,-9.755602688559012,1.8393006638380969,1.554951252187628,-1.5934556485928617,-6.7699370370791145,75.34753744673273,-4.570654497700343,-0.4444255995615414
231.724133,0.37680258842196634,0.13626664266476973,4501.966240643353,7.422616282357421,0.009355345930428527,-0.5488400693140073,-179.92191802695723,18459.67691182662,-0.0014247924152995853,-0.5487946141923248,-0.3845489887398229,0.09591696674869725,0.009355345930428527,0.18225317516910042,0.4543496463907244,-0.001511473743421728,66.52408504770355,0.026761913798412224,0.37801173648230857,0.1363686577510338,66.52698428105029,-179.99767202424357,-0.5743432849286294,-0.39909458796800246,0.0,0.19045687001408498,-0.8355132457681544,3.678399622082575,3.598962745782753,-0.08834069405321117,0.0,0.0,1779.9499999999994,-3.3036900000000013,0.0,0.0,0.0,0.0,0.0,0.0,0.0,0.0,0.0,0.0,0.0,1256.089999999999,-0.09666209999999995,0.0,0.0,0.0,0.0,0.0,0.0,0.0,0.0,0.0,0.014902045000849334,0.3761713279753127,5723.523253256618,-215.55356697930853,0.0,3.314489889132921e-08,0.0,-7.09506913867606e-09,53.8960793614311,-0.033864609613386956,53.8960793614311,0.0,1.4396383990960575,0.9452233176168819,0.4137553388775812,4476.708006165731,17.860922757173167,0.0,-2.725679429461058e-18,0.0,6.124991244274778e-16,19.379003332579458,-0.03725377144226148,19.379003332579458,0.0,4.272675983595551,998.9999999999999,3.9844608969977964,2.0024464348288697,25.941971636720293,gaze,0.47491676269423433,0.3820466522290128,-54.036801365050025,186.5059931048259,1045.7223866526251,29.130120314895155,-2.11814434147519,-30.95769718129098,0.04476139756999422,0.20480509092784507,0.9705629829501067,4.8813996467289344,-29.229015373404742,-2.3539946819936226,-32.91278196654271,-0.03153252579719838,0.13600292476467407,0.9878639893546362,4.798465292097715,-0.4897042169793661,-1.6372547553099095,-32.98511771754266,0.011289423422119575,0.16994340161020421,0.9808595625873444,4.843158934625053,29.583621273543706,True,-0.33372188587107265,imu,-0.8969159033442218,-9.754737486988066,1.8416498919460051,1.455254557628477,-1.6364729592133385,-6.24959869636477,76.3194036,-4.986671600000014,-1.165772800000009
231.725285,0.37624701177653386,0.1376153606500523,4501.9449526228145,7.422606099367124,0.009689580482636684,-0.5487661681957444,-179.92212997436394,18460.070949868743,-0.0014334399746581145,-0.5487206951615022,-0.3849336656729423,0.09626183647811552,0.009689580482636684,0.18598130216832262,0.4572374061742438,-0.0015120649339535556,66.52564913214992,0.026848227329488578,0.3774584377693837,0.1377173167671527,66.52854715090344,-179.99760656104885,-0.5739530603834495,-0.39534460574682473,0.0,0.1901847869370758,-0.8395293392458846,3.68614374526076,3.638472413621363,-0.08830539570276183,0.0,0.0,1779.9499999999991,-3.3036900000000013,0.0,0.0,0.0,0.0,0.0,0.0,0.0,0.0,0.0,0.0,0.0,1256.0899999999992,-0.09666209999999996,0.0,0.0,0.0,0.0,0.0,0.0,0.0,0.0,0.0,0.014893293561572677,0.37617219616041453,5723.526657343208,-215.5704736471917,0.0,3.312306910030759e-08,0.0,-7.095881293207388e-09,53.896140375126926,-0.03386473843322805,53.896140375126926,0.0,1.4396400908882852,0.9467472839755129,0.4144995894057434,4476.708613794402,17.85472827052669,0.0,-2.722448685945466e-18,0.0,6.113631504915444e-16,19.386581937588126,-0.03732085400483098,19.386581937588126,0.0,4.278415542776505,999.0,3.9843589860149167,2.0024667839527095,25.920576612542266,gaze,0.4749772334803158,0.38195388008727393,-54.349576818738214,186.51133933262756,1045.8794918727604,29.129497756554898,-2.109289060455731,-30.96498306125189,0.04474067711527982,0.20490415558391925,0.9705377349250967,4.8809105137291,-29.229995717267915,-2.35362582641205,-32.91283628343639,-0.03166510548805313,0.13608512367108078,0.9878348816090128,4.798160501531889,-0.48906967059606776,-1.6373242414587503,-32.98472129172735,0.011208060063773418,0.1700338909223674,0.98082893002508,4.842773498820505,30.26171326061445,True,-0.33447490990670525,imu,-0.9731946056000002,-9.811500378400002,2.0223546168,3.63388573,-2.66228997,-5.94133157,75.3561727337528,-4.5833508537900745,-0.4718756385867814
231.728,0.39353,0.0379024,4501.9,7.39506,0.0268319,-0.528378,-179.731,18462.2,4.87e-05,-0.528281,-0.00626774,0.0826071,0.0268319,0.282854,-0.049835,-0.00320882,66.4611,-0.00773383,0.393604,0.0379513,66.4639,-179.731,-0.424052,0.0911752,0.0,0.256627,0.288,6.0,-1.0,-0.0780901,0.0,0.0,1779.95,-3.30369,0.0,0.0,0.0,0.0,0.0,0.0,0.0,0.0,0.0,0.0,0.0,1256.09,-0.0966621,0.0,0.0,0.0,0.0,0.0,0.0,0.0,0.0,0.0,0.0148818,0.37618,5723.53,-215.597,0.0,3.44e-08,0.0,-7.1e-09,53.8962,-0.0338566,53.8962,0.0,1.43967,1.455,0.38077,4476.71,17.8594,0.0,-7.3e-19,0.0,1.23e-16,19.0813,-0.0342697,19.0813,0.0,4.11577,999.0,4.0,2.0,25.8917040590916,gaze,0.4751227857419935,0.381733889500759,-55.47856910784639,186.04852523024627,1046.4440507274721,29.12799377942077,-2.08805895263311,-30.982956225008483,0.0446881808149468,0.20513884198527893,0.9704779158880598,4.879759933059434,-29.232345223833146,-2.3527186106319546,-32.91299831886812,-0.03197977389911416,0.13627991524041955,0.9877659113282281,4.797447287166918,-0.48759970711167305,-1.6374511836706862,-32.9838190334244,0.011013015976152089,0.17024809111332592,0.9807563388006967,4.841869790616358,31.989533967286082,True,-0.3362491431652095,imu,-0.9013024749671487,-9.75417978933913,1.8431711191056144,1.3718567346592085,-1.6611548857198655,-5.93590842662075,75.35883908921872,-4.587990798084967,-0.48174344624773097
231.733927,0.37205826689611216,0.1478322527016538,4501.785238412321,7.422520541789308,0.012237548689233824,-0.5482020350519624,-179.9236342154749,18463.027910317065,-0.0014985792846229128,-0.5481564024657102,-0.3867519975460234,0.09885374800584688,0.012237548689233824,0.21386783573456553,0.4789956282403875,-0.0015173374170462436,66.53731527296412,0.027491300819709935,0.3732864833287508,0.14793371924640275,66.54020410201203,-179.9970118005277,-0.5703710029220617,-0.36661855485367856,0.0,0.18813886481567432,-0.8683885339627939,3.008307649297591,3.934749130312177,-0.0880409947306715,0.0,0.0,1779.9499999999991,-3.3036900000000005,0.0,0.0,0.0,0.0,0.0,0.0,0.0,0.0,0.0,0.0,0.0,1256.0899999999988,-0.09666209999999993,0.0,0.0,0.0,0.0,0.0,0.0,0.0,0.0,0.0,0.0148278068931604,0.37617869280060934,5723.55220975248,-215.69730079434711,0.0,3.295956081366393e-08,0.0,-7.101973259907593e-09,53.89659693707638,-0.033865703292329026,53.89659693707638,0.0,1.4396527505201107,0.9587826091714033,0.42010027836332,4476.713198714847,17.808200452601472,0.0,-2.6977909792478812e-18,0.0,6.027493121219403e-16,19.44340340558746,-0.03782566630344049,19.44340340558746,0.0,4.32158405339194,998.9999999999999,3.9836030868804784,2.0026179735621326,25.760060109203998,gaze,0.4754552103654172,0.3812471657870965,-59.98015169586605,182.34810829639525,1048.5152991969424,29.124532869458303,-2.040045489920357,-31.0260268790085,0.04455586005914354,0.20565699858659842,0.9703458079113119,4.877258779619461,-29.237663012552392,-2.35055491430428,-32.91351677994634,-0.03267736007288958,0.13671027277598008,0.9876135613811052,4.795915023899524,-0.4845174725529613,-1.637550202106959,-32.9820045374863,0.010571332099607355,0.1707201947999969,0.9805959524341392,4.839919569643277,36.03201436377505,True,-0.340119791543198,imu,-1.037795108,-9.906008520800002,2.031326908800001,2.85628709,-2.161337000000001,-5.53757843,75.36361858677385,-4.597945294079691,-0.5025863836221247
231.737983,0.37007966402279374,0.15268789448322362,4501.7102684614065,7.4224746963169554,0.013458321619276292,-0.5479313088387583,-179.9242867936134,18464.4199193429,-0.0015293116045368843,-0.5478855858321466,-0.38693663155811864,0.10007311082244816,0.013458321619276292,0.22688859439288506,0.48926447001567464,-0.0015203288355137394,66.54274951037155,0.027790328351516277,0.3713155754207289,0.1527891021560306,66.54563397906838,-179.9966685720101,-0.5682841814047942,-0.35277293529308956,0.0,0.1871757423790153,-0.8811365872993471,2.3302637388113,4.0735900996951875,-0.08791714774046105,0.0,0.0,1779.9499999999991,-3.3036900000000005,0.0,0.0,0.0,0.0,0.0,0.0,0.0,0.0,0.0,0.0,0.0,1256.0899999999988,-0.09666209999999993,0.0,0.0,0.0,0.0,0.0,0.0,0.0,0.0,0.0,0.014797171412710359,0.37618173203705557,5723.564212057705,-215.75682396937395,0.0,3.288297514727173e-08,0.0,-7.104832071551197e-09,53.89681052179426,-0.03386615518094621,53.89681052179426,0.0,1.439658672862324,0.9647980684235984,0.4227394326098888,4476.715366865346,17.786327809408462,0.0,-2.6859628253272034e-18,0.0,5.986508344344409e-16,19.470051429330027,-0.03806354226036424,19.470051429330027,0.0,4.341912034292731,998.9999999999998,3.983253662709651,2.0026880193579237,25.684713947836677,gaze,0.5302595537136809,0.3764306537525431,-64.38997177347565,178.0938685708312,1048.5753889478,28.88991414315648,-3.307025170025932,-30.02143735635459,0.209962255367092,0.4011987925269648,0.8916027031116884,4.456506729125977,-29.84015747127586,-1.72936741243509,-33.38091245046965,-0.0314850005333079,0.1638716385365297,0.9859790975597662,4.815169811248779,-0.3787833348807094,-2.7309220717455145,-31.55185288370485,0.0653785591928973,0.2986832972157106,0.9356864461327022,4.562711000442505,41.31619385381713,False,-1.0,imu,-0.9125369568961178,-9.752697747143557,1.8472378908066924,1.0843828192126674,-1.7153804757583295,-5.208702216635782,75.36606773645154,-4.604619806698268,-0.5162912375361627
231.742568,0.3678333275179878,0.15822349942469305,4501.625512708788,7.422418386065307,0.014857673358970258,-0.5476206632826457,-179.92498218725683,18466.000387098196,-0.001564172674864145,-0.5475748259012975,-0.386612273519335,0.10145370030248951,0.014857673358970258,0.2415377987964882,0.5009155490988237,-0.0015241149737694314,66.5488606912307,0.02812611763198035,0.3690777909591311,0.15832439171514812,66.55174019475379,-179.99623031160144,-0.565606129719178,-0.3368404080955419,0.0,0.18608481421410816,-0.8949104764237106,1.4357203814856423,4.230245335024372,-0.08777734084374969,0.0,0.0,1779.9499999999996,-3.3036900000000013,0.0,0.0,0.0,0.0,0.0,0.0,0.0,0.0,0.0,0.0,0.0,1256.0899999999992,-0.09666209999999996,0.0,0.0,0.0,0.0,0.0,0.0,0.0,0.0,0.0,0.014762616846570216,0.3761851600920117,5723.577787171647,-215.82410936477152,0.0,3.279652045326969e-08,0.0,-7.1080634591937695e-09,53.89705142912492,-0.03386666524017694,53.89705142912492,0.0,1.4396653528321162,0.9718800873444848,0.42573080593535384,4476.717830384658,17.761575229771935,0.0,-2.6723965878852435e-18,0.0,5.939752912074683e-16,19.500158078368518,-0.03833316373793211,19.500158078368518,0.0,4.3649425710544225,999.0,3.9828628799185095,2.002766477611718,25.59953325122358,gaze,0.4759753242834788,0.3805221136584775,-68.80501538609556,172.24240509906647,1052.1700274116408,29.119057732147613,-1.9663327178784722,-31.097890858399214,0.04432006012056042,0.20642630701205478,0.9701495514553422,4.873638147588072,-29.24587142273003,-2.346957773641676,-32.91467204943965,-0.033719991349293536,0.1373498708607789,0.9873871570884577,4.793741065397191,-0.48034480390401496,-1.6372634674844067,-32.97973597524782,0.009889016852682517,0.17141916461114867,0.9803575146172268,4.837131138574459,41.241253084624574,False,-0.3457551246130499,imu,-0.9821668976,-9.8946436176,2.0205601584,1.71231986,-1.39869218,-4.90204108,75.36803467384642,-4.612030808642651,-0.5312307952418359
231.744,0.349278,0.0373342,4501.6,7.3937,0.0260672,-0.52707,-179.729,18468.4,3.6e-05,-0.526973,0.269792,0.0800706,0.0260672,0.0270525,-0.047066,-0.00320197,66.4836,-0.00717544,0.349241,0.0373696,66.4864,-179.729,-0.292725,0.0876955,0.0,0.253336,0.288,0.0,-1.0,-0.0767785,0.0,0.0,1779.95,-3.30369,0.0,0.0,0.0,0.0,0.0,0.0,0.0,0.0,0.0,0.0,0.0,1256.09,-0.0966621,0.0,0.0,0.0,0.0,0.0,0.0,0.0,0.0,0.0,0.0147591,0.376192,5723.58,-215.837,0.0,3.4e-08,0.0,-7.11e-09,53.8971,-0.0338592,53.8971,0.0,1.43969,1.455,0.388665,4476.71,17.7722,0.0,-6.97e-19,0.0,1.17e-16,19.1669,-0.034982,19.1669,0.0,4.18195,999.0,4.0,2.0,25.5917224955652,gaze,0.4760655199068279,0.3804002332520416,-69.76923570838156,170.73791798591006,1052.5821897164963,29.118101923555525,-1.9537309413374877,-31.110801217031867,0.044276137659329,0.20655534437469672,0.9701166169705787,4.873041055368761,-29.24728308029931,-2.3463117196591745,-32.91490869514496,-0.033895655342190134,0.1374572197426235,0.9873491547876369,4.793387574002315,-0.4796910070475101,-1.6371672494220897,-32.9794027177957,0.009771615341978988,0.17153618646497942,0.9803174824372239,4.83667523096569,41.92117545442136,False,-0.3466880008359856,imu,-0.91924560814464,-9.751775433709897,1.8497850762711732,0.8624837924934484,-1.7409355206872301,-4.847162354852554,75.36847505524513,-4.614316377754927,-0.5357756591493507
231.75121,0.3635716372349595,0.16879229048033562,4501.465738819646,7.422298993453649,0.017551642540413248,-0.5470217670654944,-179.92616735137594,18469.010573300384,-0.0016302202164429536,-0.5469756784080373,-0.3844086669053054,0.1040621385621275,0.017551642540413248,0.26889414369577525,0.5229973357444364,-0.001532438797724918,66.56028695702419,0.028752298350734243,0.3648317857286701,0.1688925216373579,66.56315699848713,-179.99525641098722,-0.559617376613495,-0.30599477384006596,0.0,0.18402237524463594,-0.9189642533371913,-0.07693428513593231,4.524315749916546,-0.08751439352698706,0.0,0.0,1779.9499999999991,-3.3036900000000005,0.0,0.0,0.0,0.0,0.0,0.0,0.0,0.0,0.0,0.0,0.0,1256.089999999999,-0.09666209999999995,0.0,0.0,0.0,0.0,0.0,0.0,0.0,0.0,0.0,0.0146977070863361,0.37619159965016064,5723.6033955210105,-215.9509287162665,0.0,3.263391396156052e-08,0.0,-7.114153300949871e-09,53.89750396518094,-0.03386762431460835,53.89750396518094,0.0,1.4396779009668712,0.9860408996406983,0.4313918702500631,4476.722510237781,17.714842208200324,0.0,-2.6462657722324477e-18,0.0,5.850408839108657e-16,19.5568517902518,-0.03884340893776628,19.5568517902518,0.0,4.408497762999113,998.9999999999999,3.982138767208458,2.0029122126228383,25.438959594491077,gaze,0.4765366407869975,0.37977934926825985,-66.87785958418101,169.39710523229243,1052.2181560311165,29.113083654793893,-1.8887933293219654,-31.17994167175775,0.04403438243675867,0.20721150937900254,0.9699490597588873,4.870047226183835,-29.25460848817976,-2.342846895522474,-32.91629274036589,-0.03479227044975374,0.13800336672711658,0.9871557780680129,4.791636658005836,-0.4765660148546389,-1.6364756684742887,-32.97790696252895,0.009162145621908742,0.17213033910740821,0.9801137345462673,4.834406145671187,44.33782675756414,False,-0.35137991268584684,imu,-0.8380120728000001,-9.932327244,1.9816802264,0.68798319,-0.71829337,-4.66277996,75.36943898908075,-4.625614791562912,-0.5577749880298627
231.758075,0.3601606902266826,0.17731408801686788,4501.338797245454,7.422191459864484,0.01974480797017747,-0.5465334742922564,-179.92698806641312,18471.4436778789,-0.0016829948515983447,-0.546487152115367,-0.3811160637442965,0.10613994933126307,0.01974480797017747,0.29032750473313124,0.5406488142440371,-0.0015401791893209192,66.56927710689759,0.029243159028676483,0.36143288168605003,0.1774137307242385,66.57213953635932,-179.99434199224518,-0.553961191831328,-0.28072782038605526,0.0,0.18237835866767405,-0.9362177205839546,-0.5978371060706391,4.756444065225565,-0.08730605364314936,0.0,0.0,1779.949999999999,-3.303690000000001,0.0,0.0,0.0,0.0,0.0,0.0,0.0,0.0,0.0,0.0,0.0,1256.0899999999988,-0.09666209999999995,0.0,0.0,0.0,0.0,0.0,0.0,0.0,0.0,0.0,0.01464634863647293,0.376196694860785,5723.623758122701,-216.05166823319547,0.0,3.250506845406944e-08,0.0,-7.118990169938363e-09,53.89786202324925,-0.03386838392824753,53.89786202324925,0.0,1.4396878294028492,0.9980443134853301,0.43590977586627244,4476.726262003864,17.677645884264297,0.0,-2.624989527741225e-18,0.0,5.7783127012680745e-16,19.6018348736886,-0.0392506150563761,19.6018348736886,0.0,4.443231296468648,998.9999999999999,3.981575456467851,2.003025917956915,25.31138405149185,gaze,0.5217350930431647,0.3720713398197797,-45.28427804737845,183.2936591861241,1047.777071001333,28.68972321396242,-2.801387465040248,-30.47092220992483,0.2553347146305973,0.3523248835009057,0.9003729005087752,4.594342231750488,-29.79869436135158,-1.403120201937151,-33.79901064286354,-0.0141119024938463,0.1683128640481035,0.985632605996742,4.791622161865234,-0.3892432166214775,-2.660882798706031,-31.62727358014189,0.0742002411801207,0.2945901317659845,0.9358047520942814,4.570158863067627,42.33014821848955,False,-1.0,imu,-0.9347541004507217,-9.749534389681779,1.8560204870829953,0.2127242178975034,-1.7773957601949681,-4.293926306141698,75.36842266976214,-4.636049705257657,-0.5773379101484295
231.759851,0.3592746109125659,0.1795369526066678,4501.305954001734,7.422161767897967,0.02031992343137473,-0.5464053323986747,-179.92718250230115,18472.08079175186,-0.0016966911679178174,-0.5463589448376293,-0.38003454305130113,0.10667830145211797,0.02031992343137473,0.295821736633744,0.545230855669409,-0.001542347056663668,66.57159033133186,0.029369163373974702,0.3605498562714782,0.17963643381626504,66.5744507778684,-179.9940847495897,-0.5523655257336917,-0.27408048568829335,0.0,0.18195224440440227,-0.9404041986630227,-0.5940475429088232,4.816242355695924,-0.08725223456035391,0.0,0.0,1779.9499999999994,-3.3036900000000013,0.0,0.0,0.0,0.0,0.0,0.0,0.0,0.0,0.0,0.0,0.0,1256.0899999999992,-0.09666209999999995,0.0,0.0,0.0,0.0,0.0,0.0,0.0,0.0,0.0,0.014633091392490418,0.37619801010289866,5723.629028874355,-216.07772950688758,0.0,3.247178281865015e-08,0.0,-7.120241376102249e-09,53.897954449194756,-0.03386858010522553,53.897954449194756,0.0,1.4396903922450692,1.0012580456940219,0.4370815426477522,4476.727237554549,17.668012607490283,0.0,-2.6194109871167406e-18,0.0,5.7595005733763e-16,19.613463994412108,-0.03935622776756953,19.613463994412108,0.0,4.452236109930123,998.9999999999999,3.9814314807176996,2.003055028635733,25.278377022694098,gaze,0.4771379862092815,0.3790198277848043,-36.259165579652624,190.4533940529771,1044.3430126044495,29.106624466748297,-1.8080726525012012,-31.27147787714472,0.04370004097213504,0.20801168373716422,0.9697445174609519,4.866486299265678,-29.26385798269007,-2.338236411842306,-32.91836894671384,-0.03589298996466539,0.13866991910295287,0.9869196379384497,4.789600837715485,-0.4731951948940682,-1.6351985644083227,-32.976509876310075,0.008392063117573716,0.17285293852773723,0.9798648400168095,4.831743821895245,45.19646476467439,False,-0.35699058005609674,imu,-0.7997302936000001,-9.9903480656,1.9428002944,-0.30644584,0.0966898199999999,-4.318842099999999,75.36785428377785,-4.6386982351499295,-0.5821771135173869
231.76,0.378439,0.0359426,4501.31,7.39233,0.0253217,-0.525805,-179.728,18474.6,4.69e-05,-0.525709,0.0201265,0.0784586,0.0253217,-0.447746,-0.0467787,-0.00319539,66.5058,-0.00662568,0.37846,0.0359807,66.5086,-179.728,-0.169288,0.0850139,0.0,0.250045,0.297,0.0,-1.0,-0.075455,0.0,0.0,1779.95,-3.30369,0.0,0.0,0.0,0.0,0.0,0.0,0.0,0.0,0.0,0.0,0.0,1256.09,-0.0966621,0.0,0.0,0.0,0.0,0.0,0.0,0.0,0.0,0.0,0.0146365,0.376204,5723.63,-216.076,0.0,3.35e-08,0.0,-7.12e-09,53.8979,-0.0338617,53.8979,0.0,1.43972,1.455,0.396561,4476.72,17.6849,0.0,-6.64e-19,0.0,1.12e-16,19.2524,-0.0356942,19.2524,0.0,4.24812,999.0,4.0,2.0,25.301741226028685,gaze,0.47714870094396494,0.37900658793520464,-35.435104294128244,191.0465897280863,1044.1390265663906,29.106508900969406,-1.8066563364478265,-31.273135381480298,0.04369385545037448,0.20802560921779073,0.9697409555440298,4.86642515307247,-29.26402189489466,-2.33815260301035,-32.91840868814178,-0.03591221498082576,0.1386815238531162,0.9869155250334019,4.789566324169856,-0.47314071267351154,-1.6351723186402296,-32.97648952476232,0.008378411484841442,0.1728654959033971,0.9798605041376454,4.831698453093328,45.1968675217013,False,-0.35708719547439,imu,-0.936855039538588,-9.749218927261822,1.8569030541713007,0.11098707507820572,-1.779647154962251,-4.253609141385563,75.36780090883083,-4.638919486402608,-0.5825789403386885
231.768493,0.35494168985029106,0.19046073356060877,4501.146121556911,7.422006045119449,0.023164256842179265,-0.5457710626028756,-179.92802086076014,18475.23556346136,-0.0017635851056604017,-0.5457243272224254,-0.37338037914203814,0.1093026356908411,0.023164256842179265,0.3222125155969122,0.5676161147315802,-0.0015538826219572768,66.58277234299197,0.02997631223747768,0.3562314244546805,0.19055937372301313,66.58562306103192,-179.9927094075411,-0.5438076349943511,-0.2410820474111175,0.0,0.17987416549142732,-0.9590920567530057,0.18669023942486798,5.105502851621377,-0.08699082462050069,0.0,0.0,1779.9499999999991,-3.3036900000000005,0.0,0.0,0.0,0.0,0.0,0.0,0.0,0.0,0.0,0.0,0.0,1256.0899999999988,-0.09666209999999993,0.0,0.0,0.0,0.0,0.0,0.0,0.0,0.0,0.0,0.01456875357213063,0.37620439305161174,5723.654693164879,-216.20454109309534,0.0,3.231009351882727e-08,0.0,-7.126329094057164e-09,53.89840299408134,-0.033869532641098696,53.89840299408134,0.0,1.4397028297816108,1.0175293990679428,0.4428005077733782,4476.732013794067,17.621075999643615,0.0,-2.591832697738708e-18,0.0,5.667026804710967e-16,19.67000024013131,-0.03987168162895416,19.67000024013131,0.0,4.496164223266583,998.9999999999998,3.980741411960749,2.003194844121927,25.117749102874132,gaze,0.4777784666720929,0.378244146863087,23.397341859014134,230.5143504967861,1031.289745498877,29.099690993526966,-1.7247479447581413,-31.37180886742154,0.04331809473185536,0.20882628409603193,0.9695360141200096,4.862954001521868,-29.273607993131627,-2.3331382975342905,-32.92089170283534,-0.03702145599842419,0.13934900117426813,0.9866788405027411,4.787631695616809,-0.47024254767372586,-1.6334433205416594,-32.97553641529623,0.007579755277157296,0.1735865225726053,0.9796109430773495,4.829142165737952,44.98152257156102,False,-0.3625861773560028,imu,-0.7321390272000001,-9.9789831624,1.9398095304,-1.31582869,0.5303505999999998,-4.06462716,75.36330918297341,-4.651288306871009,-0.6044118252664782
231.776,0.384903,0.0364559,4501.01,7.39095,0.0245825,-0.524556,-179.727,18480.7,-4.36e-05,-0.524461,-0.031776,0.0778293,0.0245825,0.196997,-0.0455195,-0.00318894,66.5276,-0.00607062,0.384976,0.0364939,66.5304,-179.727,-0.0156533,0.0827169,0.0,0.250045,0.306,0.0,11.0,-0.075455,0.0,0.0,1779.95,-3.30369,0.0,0.0,0.0,0.0,0.0,0.0,0.0,0.0,0.0,0.0,0.0,1256.09,-0.0966621,0.0,0.0,0.0,0.0,0.0,0.0,0.0,0.0,0.0,0.0145159,0.376216,5723.68,-216.314,0.0,3.3e-08,0.0,-7.13e-09,53.8988,-0.0338634,53.8988,0.0,1.43974,1.455,0.404467,4476.73,17.5983,0.0,-6.33e-19,0.0,1.06e-16,19.3371,-0.0364063,19.3371,0.0,4.31415,999.0,4.0,2.0,25.001760848038487,gaze,0.47836574393280207,0.37755788836695037,79.00019683833004,257.05415888968463,1023.6298464140926,29.093293241324645,-1.6506999993902007,-31.465520768931945,0.04294857693211307,0.20954497194249838,0.9693518040313978,4.859908775796511,-29.282472072995496,-2.328324401824508,-32.923438120234636,-0.03802340388285207,0.13994848126345855,0.9864660320334919,4.78597437755159,-0.4680242187832107,-1.6315394381664183,-32.97502863868386,0.006840825740006919,0.1742321433372255,0.9793864852280294,4.826930626773597,45.52290934939455,False,-0.3674323910360948,imu,-0.9541297026978142,-9.746515346156935,1.8645104160192316,-0.8293694193190481,-1.7701637573320288,-4.256717382259862,75.35698510005064,-4.661826388357779,-0.6219442406089261
231.777134,0.35057431983970433,0.20156185396931237,4500.986278763707,7.421831219956822,0.026085093710919716,-0.5451189491009085,-179.9286751377608,18478.498021845797,-0.0018308703900255495,-0.5450718158323484,-0.36433789000917216,0.11193437404208055,0.026085093710919716,0.347940514623707,0.5901426749347118,-0.001567083875791105,66.59382932450777,0.030573052753142427,0.3518779094701953,0.20165956004339902,66.59667018428651,-179.99112498159997,-0.5339037695614891,-0.20699918775799497,0.0,0.1777888460715041,-0.9748771821321895,1.6546476716910468,5.391497289747498,-0.08673024598469944,0.0,0.0,1779.949999999999,-3.303690000000001,0.0,0.0,0.0,0.0,0.0,0.0,0.0,0.0,0.0,0.0,0.0,1256.0899999999988,-0.09666209999999995,0.0,0.0,0.0,0.0,0.0,0.0,0.0,0.0,0.0,0.014504707282465392,0.37621074713625385,5723.680382453372,-216.33133413520164,0.0,3.2148887673574416e-08,0.0,-7.132415046246593e-09,53.89884950464946,-0.03387048150595866,53.89884950464946,0.0,1.439715210920833,1.0348435706192176,0.4485467962261712,4476.73683821738,17.57404366460057,0.0,-2.563544240788236e-18,0.0,5.573029401585254e-16,19.726439763472904,-0.04038959270634772,19.726439763472904,0.0,4.54026835281366,998.9999999999998,3.980069266192548,2.0033315138909527,24.957113755452564,gaze,0.47845691186076145,0.37745324945397474,86.10226948706713,259.0504763796454,1023.1836746776185,29.092297030731153,-1.639403429445457,-31.480173870333857,0.042889756736640326,0.20965439996086682,0.9693237335141677,4.859450615507636,-29.28384236303185,-2.327566632607988,-32.923851066034324,-0.03817646956786492,0.14003978380181098,0.9864335982919052,4.785728263427706,-0.46771743840857205,-1.6312216847282013,-32.97497889741896,0.006726561647077774,0.1743303216998447,0.9793522703757515,4.826600408735934,45.767046820896915,False,-0.3681631882174874,imu,-0.5903768136,-9.8563618384,1.9326316968,-1.90650458,0.9341037399999998,-4.0945348,75.35583944105697,-4.663386234066513,-0.6244476157763593
231.778055,0.35010678179075694,0.2027556283391896,4500.969240249044,7.421811431887126,0.02640098776162242,-0.5450483806223001,-179.92873372796288,18478.853093011636,-0.0018380648377493767,-0.5450012019384581,-0.3632286242490705,0.1122153254395301,0.02640098776162242,0.3506386814485067,0.5925519294300536,-0.001568590948357141,66.59500049053372,0.030636023524496042,0.35141180988403725,0.2028532292720523,66.59784029191789,-179.9909435275452,-0.5327669808033529,-0.20330197649484816,0.0,0.17756615089757455,-0.9763824334632558,1.8107103756217788,5.421769015943795,-0.0867025203938391,0.0,0.0,1779.949999999999,-3.3036900000000005,0.0,0.0,0.0,0.0,0.0,0.0,0.0,0.0,0.0,0.0,0.0,1256.0899999999988,-0.09666209999999993,0.0,0.0,0.0,0.0,0.0,0.0,0.0,0.0,0.0,0.014497897617422251,0.3762114227319395,5723.683122192498,-216.34484812925774,0.0,3.2131733151727745e-08,0.0,-7.133063654193739e-09,53.898896979381696,-0.033870582422406016,53.898896979381696,0.0,1.439716527331501,1.0367502242258575,0.44916088679637367,4476.737355317161,17.569024780802632,0.0,-2.560487349481945e-18,0.0,5.562921092050091e-16,19.732449723650095,-0.04044494015321913,19.732449723650095,0.0,4.5449797149629285,998.9999999999998,3.9799987000819437,2.003345891661548,24.939990952513313,gaze,0.4600217101010473,0.3050652690115755,91.42414524465651,261.0265934487592,1022.394108805262,28.65520047098341,-1.576655605995171,-31.80667567177365,0.1747314149255978,0.3064614063297603,0.9357084690588646,4.769465446472168,-29.79489119279322,-1.225410920334363,-34.03819711729611,-0.0072815253158905,0.1712162858128019,0.9852065584746902,4.858466148376465,-0.4568380390790505,-2.326371371359909,-31.95231566944674,0.0843749365527905,0.2774854328363933,0.9421956280842776,4.638899850845337,47.80748770867183,False,-1.0,imu,-0.9563241080068089,-9.74615770541445,1.865522204368424,-0.9599186614926133,-1.765077172688597,-4.298755022088441,75.3548724003093,-4.664646926346213,-0.6264526662224282
231.785776,0.3461719403941593,0.212843619877778,4500.826388918737,7.421636601818097,0.02908422877074457,-0.5444486841725207,-179.92913830691683,18481.892115448438,-0.0018985460788088645,-0.5444011016069875,-0.35279382655321767,0.11457396460675182,0.02908422877074457,0.372886121924514,0.6128103730984776,-0.0015819954142995592,66.60476276288527,0.031158962706031468,0.34748873046295964,0.21294029644564627,66.60759363394867,-179.9893253084929,-0.5226090523593048,-0.17181631273097775,0.0,0.17569603392006494,-0.9876137319869427,2.867296262542768,5.6738121451182595,-0.0864704605561642,0.0,0.0,1779.9499999999994,-3.3036900000000005,0.0,0.0,0.0,0.0,0.0,0.0,0.0,0.0,0.0,0.0,0.0,1256.089999999999,-0.09666209999999995,0.0,0.0,0.0,0.0,0.0,0.0,0.0,0.0,0.0,0.01444093647183568,0.3762170739441833,5723.706102685932,-216.45813798833703,0.0,3.1988132337300296e-08,0.0,-7.138500641599931e-09,53.8992940928299,-0.03387142671984239,53.8992940928299,0.0,1.4397275387502106,1.0531949155858444,0.4543210782370806,4476.741712309094,17.526905140740023,0.0,-2.5345463007166742e-18,0.0,5.477507824058504e-16,19.782787818631533,-0.04091002108921201,19.782787818631533,0.0,4.584555049149682,998.9999999999998,3.9794154235723656,2.00346495852484,24.796434559562766,gaze,0.47917246732654994,0.37664770620736815,116.25001809207629,255.17597688205475,1026.0351656500463,29.084452932769818,-1.5525540924958852,-31.595837790003355,0.042416041106889985,0.210495509985411,0.9691077607053861,4.855974801439578,-29.294549710107106,-2.321532890341894,-32.92723844653586,-0.0393573706828628,0.14074176374801822,0.9861840097470543,4.783888689816085,-0.465625712647502,-1.628544369193396,-32.97482935416684,0.005833424095349937,0.17508391585190541,0.9790889282213767,4.824116606285927,49.8658039712354,False,-0.37372070789130896,imu,-0.4707462536000001,-9.828846809600002,1.9033222096,-2.16071952,1.16588795,-3.83284295,75.34548355715121,-4.674998960810179,-0.6422672972772924
231.792,0.377046,0.035069,4500.71,7.38956,0.0238514,-0.523329,-179.725,18486.7,-2e-05,-0.523234,-0.131563,0.0763068,0.0238514,-0.336499,-0.0451186,-0.00318217,66.5493,-0.00552206,0.377034,0.0350992,66.5521,-179.725,-0.599009,0.0812786,0.0,0.246754,0.324,6.0,11.0,-0.075455,0.0,0.0,1779.95,-3.30369,0.0,0.0,0.0,0.0,0.0,0.0,0.0,0.0,0.0,0.0,0.0,1256.09,-0.0966621,0.0,0.0,0.0,0.0,0.0,0.0,0.0,0.0,0.0,0.0144011,0.376227,5723.72,-216.544,0.0,3.2e-08,0.0,-7.14e-09,53.8996,-0.0338622,53.8996,0.0,1.43976,1.455,0.412403,4476.74,17.5134,0.0,-6.05e-19,0.0,1.02e-16,19.4192,-0.0371176,19.4192,0.0,4.37973,999.0,4.0,2.0,24.70178110326462,gaze,0.4797101910364344,0.3760589530895556,103.6648095758254,241.0601865116037,1031.288344155229,29.07853197441423,-1.489363639289506,-31.68321606556482,0.04204740867339932,0.21110887502034584,0.9689500189309356,4.853488545066881,-29.30254580341841,-2.3169086133771812,-32.92993782308404,-0.04022329876388983,0.14125385149289973,0.9860016665935836,4.782602732579974,-0.4643903722817563,-1.626340274677263,-32.974970058924505,0.005166133227479696,0.17563234298515337,0.9788964865722768,4.822363092523912,55.92430075061511,False,-0.37770955992833943,imu,-0.9710686599209737,-9.743669704621142,1.8725926799453692,-1.877168004979576,-1.705291629510464,-4.791863510500664,75.33626321106664,-4.683063376480288,-0.6537168853983044
231.794417,0.3417360279247439,0.2243041445972339,4500.6664893220195,7.421421576840491,0.03216209581579099,-0.5437602647676505,-179.92940300266108,18485.43884452034,-0.001966579639871827,-0.5437121803378286,-0.33863842504219543,0.11722063439834993,0.03216209581579099,0.39691222084101774,0.6356084674637832,-0.0015986558055226252,66.61556906355372,0.03173333763357877,0.34306533689058194,0.2243996942946358,66.61838981938921,-179.9873049345383,-0.5098828515342159,-0.13553406788034927,0.0,0.17359644754696668,-0.9971461046742953,3.236513812730484,5.951952382635114,-0.08621155110443532,0.0,0.0,1779.9499999999994,-3.3036900000000013,0.0,0.0,0.0,0.0,0.0,0.0,0.0,0.0,0.0,0.0,0.0,1256.0899999999992,-0.09666209999999996,0.0,0.0,0.0,0.0,0.0,0.0,0.0,0.0,0.0,0.014377454675592594,0.3762233721273733,5723.73184791035,-216.58492331506653,0.0,3.182786925351875e-08,0.0,-7.144584472055072e-09,53.89973666428319,-0.033872367860701635,53.89973666428319,0.0,1.4397398106375534,1.072567457646756,0.460121343916877,4476.746635310632,17.479671768109196,0.0,-2.5048530978763324e-18,0.0,5.380506142819812e-16,19.839023428614684,-0.04143278530470361,19.839023428614684,0.0,4.6290103327259775,999.0,3.978780560833683,2.0035950379732332,24.635749471928417,gaze,0.47992396686968464,0.37582844734058185,90.49975376222301,236.33274762814838,1032.8687677311425,29.076172452349546,-1.4647250332284114,-31.717994652718723,0.041898159073721644,0.2113487156292767,0.9688882785053796,4.852526840954358,-29.305713957857325,-2.3150510893529352,-32.93104387233935,-0.04056296946676214,0.14145412445121866,0.9859302861917879,4.782112003344554,-0.4639721081682894,-1.625423101801393,-32.97508005072454,0.004901676152603676,0.17584654611632122,0.9788211419862037,4.821689991521971,59.0784500149314,False,-0.37925528104044826,imu,-0.3654713608,-9.9209623408,1.9493799752,-2.62428794,1.00887284,-3.93751969,75.33228947314107,-4.686127945030995,-0.6578493761196816
231.798147,0.3398108063645677,0.2293070440907652,4500.597457927679,7.421322279311386,0.03351541548105946,-0.5434574263276549,-179.9294541188743,18487.02213430391,-0.0019960559039116092,-0.5434091086839551,-0.3316923633880807,0.11836534470163669,0.03351541548105946,0.4069660204512114,0.6454892593336458,-0.0016063990019763563,66.6201945867672,0.03197758656135752,0.34114530310844526,0.2294020766870708,66.62301093720242,-179.98636307108117,-0.5039357425937139,-0.11952959155948195,0.0,0.17268802532986116,-1.0002323851253465,3.1069035635222693,6.070637916569586,-0.08610005661099132,0.0,0.0,1779.949999999999,-3.3036900000000013,0.0,0.0,0.0,0.0,0.0,0.0,0.0,0.0,0.0,0.0,0.0,1256.0899999999988,-0.09666209999999995,0.0,0.0,0.0,0.0,0.0,0.0,0.0,0.0,0.0,0.014350138647228753,0.3762260822307574,5723.742969812813,-216.63965066135722,0.0,3.175883713319099e-08,0.0,-7.1472103089149335e-09,53.89992710090695,-0.03387277283997592,53.89992710090695,0.0,1.439745091168167,1.08124265904847,0.46263316720739045,4476.748775767527,17.459251986306995,0.0,-2.4918217226346577e-18,0.0,5.338179031586257e-16,19.863263516680185,-0.04165916805145773,19.863263516680185,0.0,4.648252757267412,998.9999999999998,3.978512484435255,2.003650126527081,24.566380295142057,gaze,0.473447957790458,0.3311464240858016,62.31028914550861,231.3501865865196,1034.298513339458,28.6088839358336,-1.065286284045238,-32.43673738861212,0.1246392188449616,0.268589919298425,0.9551568040782537,4.836620807647705,-29.76487266200395,-1.357087067330002,-33.93378754356549,-0.0101683054522624,0.1547244300834822,0.987905337721976,4.824979782104492,-0.4764133911200385,-2.077413625752525,-32.237252173453975,0.077866998703245,0.2640870528504472,0.9482329572529686,4.68215446472168,65.18252399646472,False,-1.0,imu,-0.9774869580660827,-9.742539720269317,1.8758210256335375,-2.287228126074716,-1.664285450766895,-5.1006779192009954,75.32572927079593,-4.69078390279291,-0.6638814351188399
231.803059,0.33726602067940026,0.23594679263037244,4500.506543265256,7.4211854273267095,0.035320544680250365,-0.5430533719386134,-179.92946194516617,18489.15868415943,-0.0020349695878910884,-0.5430047316837693,-0.32175467748700626,0.11987483275643773,0.035320544680250365,0.4198871039512949,0.6585366176911545,-0.001617111418241203,66.62624967110465,0.032295732852238995,0.33860714566757566,0.23604111562281727,66.62906018452676,-179.9850574460995,-0.4956782967310387,-0.09813676864227083,0.0,0.17148983900369555,-1.0033206195943034,2.7234627689007995,6.225599153382295,-0.08595348079499782,0.0,0.0,1779.9499999999991,-3.3036900000000013,0.0,0.0,0.0,0.0,0.0,0.0,0.0,0.0,0.0,0.0,0.0,1256.089999999999,-0.09666209999999995,0.0,0.0,0.0,0.0,0.0,0.0,0.0,0.0,0.0,0.014314245982011076,0.3762296432592783,5723.757624085618,-216.71171946919867,0.0,3.166806604534996e-08,0.0,-7.1506679460652175e-09,53.90017732996501,-0.033873304939266324,53.90017732996501,0.0,1.4397520296431479,1.0929518192647731,0.46594824812612934,4476.751608732441,17.432333052015053,0.0,-2.474465550905296e-18,0.0,5.282024631551888e-16,19.895151542243454,-0.04195794404351183,19.895151542243454,0.0,4.673640688119422,998.9999999999999,3.978165045972184,2.0037216750922893,24.47502208474198,gaze,0.4807105943511283,0.3749960173869783,15.286395453988003,234.09693909740633,1032.7461061268302,29.067465486084274,-1.376371965755933,-31.845877619802998,0.04133708109866731,0.21221351936073293,0.9686653676238068,4.849105419197279,-29.317324239478676,-2.3081322155171917,-32.935259119672736,-0.041792638788213134,0.142176385459036,0.9856725208744598,4.7803964087507484,-0.4627583990993138,-1.6218681541293398,-32.975723343087985,0.003932216886387887,0.17661781198479484,0.9785490124215421,4.8193186752443555,73.94873721604695,False,-0.3847660451385236,imu,-0.3194135952000001,-9.9490755224,2.00381188,-3.08785636,0.6574580699999997,-4.28145755,75.31630481579907,-4.696779910636267,-0.6711844513794724
231.808,0.359446,0.035701,4500.42,7.38816,0.0231632,-0.522103,-179.724,18492.6,-4.14e-06,-0.522007,0.114692,0.0763573,0.0231632,-0.0822528,-0.040645,-0.00317608,66.5706,-0.00489986,0.359467,0.0357279,66.5734,-179.724,0.122763,0.0819219,0.0,0.240172,0.369,0.0,11.0,-0.075455,0.0,0.0,1779.95,-3.30369,0.0,0.0,0.0,0.0,0.0,0.0,0.0,0.0,0.0,0.0,0.0,1256.09,-0.0966621,0.0,0.0,0.0,0.0,0.0,0.0,0.0,0.0,0.0,0.0142863,0.376239,5723.77,-216.774,0.0,3.11e-08,0.0,-7.15e-09,53.9004,-0.033861,53.9004,0.0,1.43978,1.455,0.42034,4476.75,17.4286,0.0,-5.78e-19,0.0,9.72e-17,19.5014,-0.0378289,19.5014,0.0,4.44532,999.0,4.0,2.0,24.411801688232742,gaze,0.48117571050374197,0.37451448540876103,-33.52920582360655,243.0462541747272,1029.0165710862943,29.062300641816794,-1.325799435913433,-31.921249748512164,0.04099732213045527,0.21271286704358944,0.9685364409248655,4.847161153710699,-29.32415704408042,-2.3039851043388473,-32.93784963064695,-0.0425061009633636,0.14259349892343326,0.9855234004953572,4.779442545141303,-0.4622623533333685,-1.6196451255038713,-32.97626459430904,0.0033614640176020246,0.17706239858993483,0.9783915487203155,4.817987360264546,84.55794163041223,False,-0.38790498103476684,imu,-0.9876711007511169,-9.740686955187437,1.8811355185634102,-2.9307888384992693,-1.5789407309561525,-5.66501115858023,75.30593369355132,-4.702656768849687,-0.6777946622634425
231.811701,0.33276290239807615,0.24777094753672235,4500.346569556964,7.42092750000022,0.038560370758067564,-0.5423279232432983,-179.9293076688522,18493.068023495478,-0.002103690475025293,-0.5422786719656214,-0.3020290645581081,0.1225360894460537,0.038560370758067564,0.4416646409954367,0.6815864542074083,-0.0016374034328532471,66.63680227892809,0.03284549481395854,0.33411511448138626,0.2478639418802101,66.63960242562162,-179.9825770421723,-0.4799521707558767,-0.05962147694009445,0.0,0.1693766927233269,-1.0059768456633311,1.712021704460317,6.494379889195409,-0.08569630317734717,0.0,0.0,1779.9499999999994,-3.303690000000001,0.0,0.0,0.0,0.0,0.0,0.0,0.0,0.0,0.0,0.0,0.0,1256.089999999999,-0.09666209999999995,0.0,0.0,0.0,0.0,0.0,0.0,0.0,0.0,0.0,0.01425131653983565,0.3762358867246603,5723.783428234048,-216.83851178696688,0.0,3.1508746181303173e-08,0.0,-7.156750359833297e-09,53.900616047034305,-0.033874237635472565,53.900616047034305,0.0,1.4397641945626372,1.1143297728658232,0.47180041937750883,4476.756632380217,17.384894897378086,0.0,-2.4433951306381413e-18,0.0,5.182097920981465e-16,19.95115744703716,-0.04248537336056708,19.95115744703716,0.0,4.718437101132951,998.9999999999999,3.9775694576635177,2.0038447493704887,24.314271788228574,gaze,0.4815312853274958,0.37415123489238944,-63.778410036217025,251.5379868645611,1025.7970908570446,29.05834465597368,-1.287952683003819,-31.978665301209997,0.040733943615337935,0.2130891369963716,0.968439183445945,4.845710425921601,-29.329365986247815,-2.300789343080746,-32.93987475136307,-0.043045344791476925,0.14290782836065116,0.9854108933028553,4.7787407443650025,-0.4619849397556529,-1.6178907414901338,-32.97675159082907,0.0029262545090813527,0.17739705618049317,0.9782727312948982,4.817001628154935,93.14412402562681,False,-0.3902502405048695,imu,-0.3403489432000001,-9.9490755224,2.0468788816,-3.68600916,0.0817359999999998,-4.6179185,75.29758656705481,-4.706957692136982,-0.6822618588049844
231.818128,0.32939277762217223,0.25668259012931816,4500.227580390137,7.420721154212904,0.04102325796896367,-0.5417762840180628,-179.92905023908767,18496.106224419666,-0.0021550016989920016,-0.5417265417626906,-0.28544773707312576,0.12451972743356661,0.04102325796896367,0.4569957463049885,0.6988038989142396,-0.0016537109482966349,66.64456657496345,0.03324580542395261,0.3307527477296165,0.2567745289273444,66.64735893241665,-179.9805777493573,-0.4672433554725508,-0.0302489366002735,0.0,0.16780106594837169,-1.0055748714224386,0.9069351258370292,6.690935771459127,-0.08550563484699994,0.0,0.0,1779.9499999999991,-3.3036900000000005,0.0,0.0,0.0,0.0,0.0,0.0,0.0,0.0,0.0,0.0,0.0,1256.089999999999,-0.09666209999999993,0.0,0.0,0.0,0.0,0.0,0.0,0.0,0.0,0.0,0.01420469666260794,0.37624051207930764,5723.802636751302,-216.93280393889174,0.0,3.1390577414761767e-08,0.0,-7.16127312471383e-09,53.90094105966891,-0.03387492830701046,53.90094105966891,0.0,1.439773206595898,1.130861899538706,0.47616860044718295,4476.760401222479,17.34955123862146,0.0,-2.4198504385059548e-18,0.0,5.106860375404777e-16,19.99272450664251,-0.0428790529600486,19.99272450664251,0.0,4.75185723392186,998.9999999999997,3.9771397352851223,2.0039339075486207,24.194708448014598,gaze,0.5426738640994825,0.3049427024361931,-89.57785041608534,262.8178564402205,1022.276392406085,28.62582346726727,-0.167652229342937,-33.5787276329388,0.0336581332267657,0.2263975288343294,0.9734532803403552,4.95370626449585,-29.61866813755924,-2.968362513637789,-31.93913923261222,-0.1958064996606771,0.254844598159145,0.9469498642904688,4.724040031433105,-0.5347738593780665,-1.760135487012392,-32.5405547246411,0.053947250353903,0.2467942347130447,0.954796762114158,4.762491941452026,106.2541389332517,False,-1.0,imu,-0.9980062033620944,-9.73873023256255,1.8867747452373689,-3.550546846877823,-1.4654480951574698,-6.276471483890384,75.28192911664034,-4.714221850254139,-0.6890333636898646
231.820226,0.32828877593963113,0.25961352809558336,4500.188734867344,7.420651058026667,0.04183719435757277,-0.5415939568378884,-179.928939253254,18497.12298729173,-0.0021717877153368424,-0.5415440474531916,-0.2796727137216389,0.12516807087191184,0.04183719435757277,0.4618284890770976,0.7044377400316053,-0.001659262425261281,66.64708559281216,0.03337485546275598,0.329651186542173,0.25970510969177063,66.64987539302776,-179.9798960652691,-0.4629039725307278,-0.02052554828294606,0.0,0.16728598940567477,-1.0049915543632637,0.6614499855165888,6.754460931643783,-0.08544350540456788,0.0,0.0,1779.949999999999,-3.3036900000000005,0.0,0.0,0.0,0.0,0.0,0.0,0.0,0.0,0.0,0.0,0.0,1256.089999999999,-0.09666209999999995,0.0,0.0,0.0,0.0,0.0,0.0,0.0,0.0,0.0,0.014189511496199977,0.3762420186674162,5723.808910439911,-216.963583772972,0.0,3.135206179396702e-08,0.0,-7.1627493881645845e-09,53.90104692354996,-0.033875153201149075,53.90104692354996,0.0,1.4397761420069612,1.1363739855606716,0.4775974188249311,4476.761637590607,17.338001997682987,0.0,-2.412084442793057e-18,0.0,5.082131748539566e-16,20.006277252242032,-0.043007823471624185,20.006277252242032,0.0,4.762785880443452,998.9999999999999,3.977001937242877,2.0039625659298537,24.155676157141684,gaze,0.4823732950998092,0.37330648397400873,-88.95703591335581,263.11595150833057,1022.4350242545769,29.048953090728514,-1.2010752250434655,-32.11366425656812,0.04009880392546379,0.21396283476171582,0.9682129800335063,4.842386797625519,-29.341654617162117,-2.2931423679122642,-32.94481146767693,-0.044302798444247574,0.14363775252979732,0.9851491687337337,4.777164889663281,-0.4616515482133641,-1.613563752599134,-32.97813571052706,0.0018992098271849904,0.17817301938154836,0.9779962783816759,4.814767855353289,113.40820393054452,False,-0.3956321157095512,imu,-0.3642750552,-9.885671325600002,2.0181675472,-4.22434668,-0.6510011800000002,-5.48524006,75.27650226071958,-4.716537133127352,-0.6909728246179835
231.824,0.368044,0.0433988,4500.12,7.38675,0.0225496,-0.520864,-179.723,18498.3,-8.67e-05,-0.520769,0.0212916,0.078632,0.0225496,0.509297,-0.0354078,-0.00316986,66.5911,-0.00420666,0.368076,0.0434229,66.5939,-179.723,0.358519,0.0844051,0.0,0.236881,0.414,0.0,11.0,-0.075455,0.0,0.0,1779.95,-3.30369,0.0,0.0,0.0,0.0,0.0,0.0,0.0,0.0,0.0,0.0,0.0,1256.09,-0.0966621,0.0,0.0,0.0,0.0,0.0,0.0,0.0,0.0,0.0,0.0141712,0.37625,5723.82,-217.005,0.0,3.02e-08,0.0,-7.16e-09,53.9012,-0.0338601,53.9012,0.0,1.4398,1.455,0.428338,4476.76,17.3432,0.0,-5.51e-19,0.0,9.26e-17,19.5839,-0.038546,19.5839,0.0,4.51134,999.0,4.0,2.0,24.111823273292583,gaze,0.4827560956714592,0.3729290744316837,-77.03608067085415,261.0306360611863,1024.0999652539026,29.044673308551623,-1.162823662618934,-32.174493241214954,0.03980515470942424,0.21435260180233237,0.9681118949880869,4.84092336525741,-29.347221507658965,-2.2896321240335222,-32.94711637218848,-0.044866135420482754,0.14396339183483406,0.9850321866348,4.776485127479228,-0.46163935521780736,-1.6115229294510993,-32.978863857578794,0.0014338042966797503,0.17851870263239156,0.9778726920562986,4.813795107978504,121.87513525484539,False,-0.39800523774009405,imu,-1.0039363404699684,-9.7375719889391,1.8901247585363476,-3.879490555998343,-1.3876194918600038,-6.619333347496167,75.26635360611155,-4.7206329054544875,-0.6941259083519737
231.825902,0.3252924946567618,0.2675970326381111,4500.083632906142,7.420454550461894,0.04406401410745309,-0.5410950986411281,-179.928571263901,18499.936594269093,-0.002217287540529056,-0.5410447199678791,-0.2631358831280838,0.12692410198840762,0.04406401410745309,0.4744535955596501,0.7197119523811909,-0.0016748515380510844,66.65386216563921,0.03371988330441408,0.3266612767868947,0.26768761630689963,66.65664501180215,-179.97797915581194,-0.4506859172437434,0.0061149311915288385,0.0,0.16589070810537046,-1.0022710599516627,0.07616875815203605,6.924710153549628,-0.0852756972295575,0.0,0.0,1779.9499999999994,-3.3036900000000013,0.0,0.0,0.0,0.0,0.0,0.0,0.0,0.0,0.0,0.0,0.0,1256.0899999999992,-0.09666209999999996,0.0,0.0,0.0,0.0,0.0,0.0,0.0,0.0,0.0,0.014148510771195617,0.3762460865405735,5723.825891752449,-217.04685544735824,0.0,3.124800636258659e-08,0.0,-7.166743008129003e-09,53.90133276092115,-0.03387576020669513,53.90133276092115,0.0,1.4397840677259617,1.1515678553384323,0.4814700024201177,4476.764997575291,17.306727201702106,0.0,-2.3908776689870744e-18,0.0,5.014818641658293e-16,20.042901934242753,-0.043356833176872896,20.042901934242753,0.0,4.792399158247476,998.9999999999999,3.9766353258020035,2.00403898272131,24.050070624052644,gaze,0.48295131590754403,0.3727380972463859,-66.54913630006715,258.2214890531795,1025.671818597414,29.04248844604527,-1.143609440896889,-32.2053646242174,0.03965430326349626,0.2145497019564485,0.9680607358656899,4.840187657581112,-29.35005604445012,-2.287834465767106,-32.94830541434056,-0.045151558638408654,0.14412806367758085,0.9849729765909782,4.776146646904161,-0.4616645198387688,-1.6104656889767275,-32.97925736998809,0.0011967974040639963,0.1786934001576217,0.9778101345197443,4.81330857120551,125.87746276848551,False,-0.39919895793095994,imu,-1.0058474183092316,-9.737193131987917,1.8912223814252442,-3.980092196997749,-1.3605320762214166,-6.725857543703473,74.00003559999999,-4.058924400000019,0.8362079999999938
231.828868,0.32372131400831894,0.2718002639409073,4500.0287071526145,7.42034782626512,0.04524211274173984,-0.5408311642277324,-179.92833908560536,18501.443677916242,-0.002241112371228889,-0.5407805302809202,-0.2539558279899384,0.127842856755629,0.04524211274173984,0.48077827043793364,0.7277117973943037,-0.001683331890309626,66.65738085521862,0.03389774790904512,0.3250932895457468,0.2718903076554763,66.66016004697386,-179.97693482229673,-0.44402029865622394,0.020230708716787116,0.0,0.16516058873202577,-1.0001738877712134,-0.17354280072678338,7.012719797415048,-0.0851881726693934,0.0,0.0,1779.9499999999991,-3.3036900000000013,0.0,0.0,0.0,0.0,0.0,0.0,0.0,0.0,0.0,0.0,0.0,1256.089999999999,-0.09666209999999996,0.0,0.0,0.0,0.0,0.0,0.0,0.0,0.0,0.0,0.014127133192656299,0.3762482075143045,5723.834770156194,-217.0903684975256,0.0,3.119371729495214e-08,0.0,-7.168829696811792e-09,53.901481794837764,-0.03387607655128172,53.901481794837764,0.0,1.4397882001324014,1.1596692260295605,0.4834976446109279,4476.76676212138,17.290367657733967,0.0,-2.37968259765939e-18,0.0,4.979406923489822e-16,20.06201555885695,-0.04353956954200785,20.06201555885695,0.0,4.8079003579151625,999.0,3.97644738303442,2.004078258739895,23.994882762312308,gaze,0.48325878802753025,0.37243927471392047,-45.9168971723056,251.9002392126266,1028.9067346278073,29.03904431576246,-1.1137434083825415,-32.25376692652115,0.03941527286636749,0.21485793358806216,0.9679806745065181,4.839042811760448,-29.354514577663444,-2.284993332379382,-32.950196021464876,-0.045598650081159355,0.14438558129187182,0.9848803087185294,4.775624260107336,-0.4617454594694529,-1.6087789483705768,-32.97990627986627,0.0008239580691140826,0.17896645238353967,0.9777122212768036,4.8125547720849795,131.65345358057698,False,-0.4010573528642052,imu,-0.3923882368,-9.8049206976,2.0163730888,-4.321546509999999,-1.39121527,-6.54696128,75.2525372976646,-4.725785283340081,-0.697555991465787
231.83751,0.3191221956268605,0.2841705194354025,4499.8686527232,7.420020741072991,0.048731890282749046,-0.540049326170843,-179.92750304513282,18505.979722029555,-0.002310713242585168,-0.5399979085170985,-0.22504628557790496,0.13052420351903266,0.048731890282749046,0.49806590748550167,0.7510896730913041,-0.001709369131925112,66.6675450343227,0.034406203417367304,0.3205029318271786,0.28425891650429647,66.67031349863079,-179.97372222719721,-0.42347776103641177,0.0621247679718675,0.0,0.16302939557216126,-0.9913431162777142,-0.6503028465139876,7.265319811837856,-0.0849338055976701,0.0,0.0,1779.9499999999994,-3.3036900000000005,0.0,0.0,0.0,0.0,0.0,0.0,0.0,0.0,0.0,0.0,0.0,1256.089999999999,-0.09666209999999996,0.0,0.0,0.0,0.0,0.0,0.0,0.0,0.0,0.0,0.014065030541431055,0.3762543690360504,5723.860657845835,-217.2171494139454,0.0,3.1035871821152527e-08,0.0,-7.17490894624882e-09,53.901914742685655,-0.033876994866364515,53.901914742685655,0.0,1.4398002048202367,1.1838966446524315,0.48942095706764666,4476.771937999758,17.242635247600422,0.0,-2.3466236980845637e-18,0.0,4.875311657365752e-16,20.117606390103315,-0.04407338864337611,20.117606390103315,0.0,4.8531688603086645,998.9999999999998,3.975914192821072,2.004190086912906,23.83406890965927,gaze,0.4841754819350579,0.37156181935890426,21.01640789759015,227.13146262008974,1040.5477426550533,29.02875584321667,-1.0275194034171338,-32.39632170573107,0.03869283745605312,0.2157618500051432,0.9677454765821291,4.835723764249087,-29.367767155915985,-2.2764563682464147,-32.95595451982355,-0.046914925338883695,0.14514074299870322,0.9846080260676158,4.774139545309506,-0.46226878237493285,-1.6036034881346037,-32.98203940900653,-0.0002845761974691437,0.1797662073540281,0.9774244833912192,4.810392120047723,144.25008122806764,False,-0.40644984963862585,imu,-0.4258847936,-9.709216249600004,1.9326316968,-4.2393005,-2.19872155,-7.69840542,75.22603227246127,-4.734571653421377,-0.7018800084400981
231.838219,0.3187434887671369,0.2851935557239914,4499.855520490813,7.419992825950362,0.04902199878992752,-0.5399843327630396,-179.92742374784325,18506.361408773042,-0.0023164350567733702,-0.5399328481463187,-0.22252911917602436,0.1307444704295458,0.04902199878992752,0.49940529060044275,0.7530120389861485,-0.0017115939821006707,66.66837306609767,0.03444725783000663,0.32012490720887526,0.28528181280080556,66.67114064508894,-179.9734473112194,-0.42171734269754624,0.06561250113995232,0.0,0.16285430073350918,-0.9904352190473455,-0.6726588966332961,7.285785824998655,-0.08491298065870151,0.0,0.0,1779.9499999999996,-3.3036900000000013,0.0,0.0,0.0,0.0,0.0,0.0,0.0,0.0,0.0,0.0,0.0,1256.0899999999992,-0.09666209999999997,0.0,0.0,0.0,0.0,0.0,0.0,0.0,0.0,0.0,0.014059947763978228,0.37625487332529534,5723.862782944433,-217.22755050300248,0.0,3.102294431126581e-08,0.0,-7.1754076481292845e-09,53.901950177128356,-0.033877069975602685,53.901950177128356,0.0,1.439801187333922,1.1859249058122998,0.48990791415063256,4476.772364925767,17.238714885221555,0.0,-2.3438826245150144e-18,0.0,4.866711542672215e-16,20.122160314620526,-0.04411727370528096,20.122160314620526,0.0,4.856889450622182,998.9999999999999,3.97587141170035,2.004199086901225,23.82087466707903,gaze,0.4900969128872362,0.3378687718385641,25.60501528305979,224.7541870878115,1041.521045333717,28.62922410782219,0.1624595663630108,-34.04051295562861,-0.0027523723589427,0.2044038949346679,0.978882767333216,4.989477634429932,-29.56290783387177,-3.57378710947636,-31.23403733788819,-0.2706032702666077,0.3021105500688218,0.9140585788986016,4.661180973052979,-0.5331178991710868,-1.597628983077625,-32.72777477331035,0.0087639606079695,0.2409386361070442,0.9563327166701944,4.800390148162842,147.5571307751493,False,-1.0,imu,-1.0181076119001609,-9.734696701854613,1.898476682964015,-4.5464853882239895,-1.163447199399673,-7.330717055545658,75.22374725600858,-4.735272129169724,-0.7021346834228182
231.84,0.366184,0.0354868,4499.83,7.38533,0.0220364,-0.519589,-179.721,18503.9,-5.57e-05,-0.519494,0.0182503,0.0805399,0.0220364,0.36761,-0.0280959,-0.00316321,66.6113,-0.00359036,0.366221,0.0355076,66.6141,-179.721,-0.128094,0.0871418,0.0,0.236881,0.432,0.0,11.0,-0.075455,0.0,0.0,1779.95,-3.30369,0.0,0.0,0.0,0.0,0.0,0.0,0.0,0.0,0.0,0.0,0.0,1256.09,-0.0966621,0.0,0.0,0.0,0.0,0.0,0.0,0.0,0.0,0.0,0.0140522,0.376261,5723.87,-217.25,0.0,2.92e-08,0.0,-7.18e-09,53.902,-0.0338629,53.902,0.0,1.43982,1.455,0.437165,4476.77,17.2518,0.0,-5.26e-19,0.0,8.84e-17,19.6712,-0.0393425,19.6712,0.0,4.58327,999.0,4.0,2.0,23.82184521503101,gaze,0.48444526396624055,0.37130719610473095,35.8029608886691,220.46496192789155,1043.5124086077303,29.02572257473383,-1.0029303092987643,-32.437734068773736,0.0384776108289288,0.21602383736164013,0.9676771904968828,4.834772013339968,-29.371656647251758,-2.2739263176973945,-32.95768186529382,-0.047297849650220054,0.14535960143969387,0.9845289591605098,4.773721947098256,-0.4624982849089622,-1.6020412776168562,-32.98272025984752,-0.0006100024673890323,0.1799977355454136,0.9773409169468065,4.80977818037139,146.4991494179494,False,-0.40799721595478466,imu,-1.0198638185922222,-9.734329635752939,1.8995463801424557,-4.614607846507855,-1.13194171503568,-7.402953652965462,75.21793435171209,-4.737018144881453,-0.7027075978754095
231.845824,0.31466822358329954,0.2962450799209757,4499.714648115024,7.419682893002475,0.052170409433615506,-0.5392790317872201,-179.92646890288853,18510.545140827413,-0.0023779154013623734,-0.5392268030920871,-0.19410910708140694,0.13310981680293127,0.052170409433615506,0.5129718907663721,0.7736724392494755,-0.001736317228963842,66.6771987785838,0.03488115627111113,0.31605660474821734,0.296331788016741,66.6799568120327,-179.97038844574183,-0.40210516179320244,0.10350838027987352,0.0,0.16097386294229798,-0.9788994331190046,-0.7653857690145253,7.502803256220668,-0.08469002781378188,0.0,0.0,1779.9499999999994,-3.3036900000000013,0.0,0.0,0.0,0.0,0.0,0.0,0.0,0.0,0.0,0.0,0.0,1256.089999999999,-0.09666209999999997,0.0,0.0,0.0,0.0,0.0,0.0,0.0,0.0,0.0,0.014005543988050411,0.37626027101880255,5723.885589390468,-217.33911488015838,0.0,3.08844934439708e-08,0.0,-7.180756463441043e-09,53.90232945083149,-0.033877873364724524,53.90232945083149,0.0,1.439811703646868,1.2080607997650483,0.495140537163177,4476.776966246021,17.196622364015184,0.0,-2.314207992601405e-18,0.0,4.773898608428497e-16,20.17094000221413,-0.044588839543156705,20.17094000221413,0.0,4.896860706372747,999.0,3.975421828898698,2.004293933275479,23.67934009483333,gaze,0.48508595682125405,0.3707086365613962,53.32091503371473,209.3615856397684,1048.07441730367,29.018509938749876,-0.9459311414964651,-32.53501258877868,0.03796206770963164,0.2166391743334786,0.9675165920003754,4.83255377098342,-29.38087544213307,-2.267888299137262,-32.96183928848172,-0.048199721834747654,0.14587360305078398,0.9843429816775102,4.772762724719716,-0.4631708812190202,-1.5982654761362414,-32.98442689375398,-0.0013814659975133585,0.18054107178338188,0.9771443362479023,4.808357974625385,149.16029556000646,False,-0.41160490022224044,imu,-0.4928779072000001,-9.719983,1.9266501688,-4.05237775,-2.69219761,-8.49095788,75.1982042444539,-4.742592593826194,-0.7039146559940426
231.854139,0.31018532948395405,0.30849214237660205,4499.5606008421755,7.419321619798421,0.05569005677763983,-0.5384907100696177,-179.92520214669238,18515.301377161086,-0.0024453463927124764,-0.5384376130175956,-0.1599940493528389,0.13570150699701172,0.05569005677763983,0.5260295978091154,0.7963426024611251,-0.0017651722716614318,66.68673050232185,0.03534166507045658,0.31158056468306955,0.308577056353164,66.68947799692751,-179.96681002944604,-0.37910776821770364,0.14596125861196818,0.0,0.15891319172176932,-0.9624233980664314,-0.614160596526811,7.734732476879533,-0.0844471610554905,0.0,0.0,1779.9499999999985,-3.3036899999999996,0.0,0.0,0.0,0.0,0.0,0.0,0.0,0.0,0.0,0.0,0.0,1256.0899999999988,-0.09666209999999993,0.0,0.0,0.0,0.0,0.0,0.0,0.0,0.0,0.0,0.013946303281736771,0.3762661486221271,5723.910549828751,-217.46109150930528,0.0,3.073356915619223e-08,0.0,-7.1866037041212135e-09,53.90274244350577,-0.033878746893465116,53.90274244350577,0.0,1.4398231547797609,1.2330427938998048,0.5008807859289325,4476.782043318489,17.150514025878532,0.0,-2.281197158848844e-18,0.0,4.671253735748569e-16,20.224127547759014,-0.045106145458876985,20.224127547759014,0.0,4.940692729570253,998.9999999999995,3.974950002412285,2.0043940411569134,23.52457527918834,gaze,0.48602372999616383,0.36984710465292264,32.359515878769024,207.76797860560242,1047.1361593733875,29.007931540746892,-0.865955292327454,-32.67449764885351,0.037197064891983385,0.21752359194641976,0.9672852281408989,4.829405602107565,-29.394325783501166,-2.258981424178909,-32.968055219581906,-0.04950203617320185,0.14661225376902415,0.9840749973410972,4.771435115504141,-0.4644562162491751,-1.5925840274615692,-32.98713696907857,-0.002507392640920989,0.1813209075543217,0.9768610268486141,4.80636799763993,146.8462006732112,False,-0.4167266243674808,imu,-0.6322475096000001,-9.684093832000002,1.9015277512,-3.97013174,-3.08099693,-8.88723411,75.16815817462495,-4.750194579017357,-0.7038751159620886
231.856,0.739479,0.0347022,4499.53,7.3839,0.0216574,-0.518596,-179.72,18512.9,-3.73e-05,-0.518501,-5.96799,0.0256293,0.0216574,0.00410292,-0.0215752,-0.00315925,66.6438,-0.0031092,0.739521,0.0347373,66.6465,-179.72,0.270661,0.0905678,0.0,0.236881,0.432,0.0,11.0,-0.075455,0.0,0.0,1779.95,-3.30369,0.0,0.0,0.0,0.0,0.0,0.0,0.0,0.0,0.0,0.0,0.0,1256.09,-0.0966621,0.0,0.0,0.0,0.0,0.0,0.0,0.0,0.0,0.0,0.0139332,0.376271,5723.92,-217.494,0.0,2.81e-08,0.0,-7.19e-09,53.9028,-0.0338657,53.9028,0.0,1.43984,1.455,0.445992,4476.78,17.1604,0.0,-5.01e-19,0.0,8.42e-17,19.7585,-0.040139,19.7585,0.0,4.6552,999.0,4.0,2.0,23.521868238088302,gaze,0.48623725590675215,0.36965321425148856,21.20419361605129,209.66036318555902,1045.7370806480508,29.005519587229106,-0.8483047053253836,-32.70574901330462,0.03702126298260937,0.2177224351386831,0.9672331213376212,4.828704001095935,-29.397381642037075,-2.2569427397372253,-32.96949090888009,-0.04979581271932817,0.14677830091847927,0.9840146336119912,4.7711446256671985,-0.4647954636534455,-1.5912664242112582,-32.987787005057484,-0.00276325435951598,0.18149606492798379,0.9767972038890391,4.805928587531189,145.40459943289278,False,-0.41786810213988235,imu,-1.0354530973600882,-9.730964664542459,1.909386516841427,-5.040749025371727,-0.8181296595666689,-7.83660071076965,75.16113741509918,-4.75183886100518,-0.7035834295822233
231.858201,0.3079851867962515,0.31453737452017816,4499.485337790704,7.419136433756165,0.05743912740636237,-0.5380990366554845,-179.92449666300817,18517.690219783562,-0.0024783623876069635,-0.5380454942233407,-0.1421414416540724,0.13696963646784338,0.05743912740636237,0.5316873503037649,0.8074463665565065,-0.00177997290555975,66.69134183187197,0.035561186347484064,0.30938347524985516,0.3146213732464055,66.69408413980989,-179.9649713790685,-0.36727029447112713,0.16708863925232031,0.0,0.15790481600507647,-0.9528610354435811,-0.476489412937503,7.845961224801441,-0.08432886601337279,0.0,0.0,1779.9499999999994,-3.303690000000001,0.0,0.0,0.0,0.0,0.0,0.0,0.0,0.0,0.0,0.0,0.0,1256.089999999999,-0.09666209999999995,0.0,0.0,0.0,0.0,0.0,0.0,0.0,0.0,0.0,0.013917454996904027,0.37626901082564057,5723.922752786026,-217.520677617297,0.0,3.06600137433158e-08,0.0,-7.189459811164215e-09,53.9029435568586,-0.03387917171704617,53.9029435568586,0.0,1.4398287310398394,1.245535192040355,0.5036920361568762,4476.784541179063,17.127956858417853,0.0,-2.2648585288222835e-18,0.0,4.620674276709859e-16,20.250052595243123,-0.045359489858631225,20.250052595243123,0.0,4.962153216224776,998.9999999999998,3.9747271139232137,2.004441556665618,23.448964297051216,gaze,0.4989796167177989,0.3477102225174911,5.749272158729354,212.8821821072797,1043.535601147519,28.611961662349,0.2809233218140799,-34.22191229016844,-0.0208076354137999,0.1934912111115595,0.9808813350915944,5.011935234069824,-29.54971819971642,-3.837449913559883,-30.96443233310279,-0.3020238145594351,0.3161015924170164,0.8993672212786024,4.605032444000244,-0.5159964381689128,-1.5328308755544655,-32.81941595035864,-0.047641465603029,0.2398341417050009,0.9557570216566622,4.823490476608276,141.50719435853102,False,-1.0,imu,-1.0375711167058772,-9.73049243990045,1.910772130136981,-5.070862454313586,-0.7710538230455078,-7.864386628639874,75.15269655522636,-4.753756693701535,-0.7031053922042808
231.862454,0.30567450729178536,0.32091081907382135,4499.406529720912,7.418936309462187,0.059291495670445615,-0.5376843014111534,-179.92369584592942,18520.23434657957,-0.002512980522396393,-0.537630277551042,-0.12259586808874068,0.13829881123090226,0.059291495670445615,0.5370757722388078,0.8190916856031998,-0.0017959720675486453,66.69613814681077,0.035787102537718135,0.30707578097004584,0.3209938318598693,66.69887499756442,-179.96298159576537,-0.3544446602436463,0.18948358992896253,0.0,0.15684786484576535,-0.9417569074716134,-0.3087015097062181,7.960940973614565,-0.08420525807771143,0.0,0.0,1779.9499999999991,-3.3036900000000013,0.0,0.0,0.0,0.0,0.0,0.0,0.0,0.0,0.0,0.0,0.0,1256.0899999999988,-0.09666209999999995,0.0,0.0,0.0,0.0,0.0,0.0,0.0,0.0,0.0,0.013887314534660841,0.3762720012348373,5723.935536163464,-217.58306464053493,0.0,3.058312250859715e-08,0.0,-7.192449965233218e-09,53.90315367812462,-0.03387961513831374,53.90315367812462,0.0,1.4398345570231554,1.258813014836902,0.5066403157078542,4476.787168955124,17.104316194679868,0.0,-2.2476037835990416e-18,0.0,4.56741422800816e-16,20.277154598688295,-0.04562518100039476,20.277154598688295,0.0,4.9846558267768835,998.9999999999999,3.97449915935369,2.0044903158665637,23.369793847881983,gaze,0.48698787643759855,0.3689779206911192,-28.68508862689676,220.72034523712784,1038.492505064348,28.997031619626224,-0.7878618972566499,-32.81403679981231,0.036398816644634076,0.21841443305360386,0.9670515213810136,4.8262792164695405,-29.408105550760215,-2.2497470385564524,-32.97459403147069,-0.05082097165237477,0.14735608619262464,0.9838042303439986,4.7701557344912695,-0.46611558776246537,-1.5865688530641249,-32.99016292361405,-0.0036613074729688285,0.18210515365344374,0.976574723201753,4.804421340929776,137.92116737616305,False,-0.42181264872168495,imu,-0.7261574992000001,-9.680504915200002,1.905116668,-3.82059354,-3.20062749,-9.11154141,75.1359692859836,-4.757380322438346,-0.701774226070436
231.870769,0.3011362234192914,0.33350165281638755,4499.25243504906,7.418526302767418,0.06297580653381651,-0.536859653342196,-179.92194288989785,18525.323718034324,-0.002580799841543855,-0.5368046429799128,-0.0818048073328913,0.1409015763356643,0.06297580653381651,0.5459432661311221,0.8419138139399257,-0.0018287579861728798,66.7054208292678,0.036216891601603546,0.3025426960693085,0.3335826551966793,66.70814693292203,-179.95889730870462,-0.3280718346454595,0.23408026978983432,0.0,0.15477812171703084,-0.916737655948255,0.028344046820553206,8.181307883833457,-0.08396434266106229,0.0,0.0,1779.9499999999994,-3.303690000000001,0.0,0.0,0.0,0.0,0.0,0.0,0.0,0.0,0.0,0.0,0.0,1256.089999999999,-0.09666209999999996,0.0,0.0,0.0,0.0,0.0,0.0,0.0,0.0,0.0,0.013828576692412957,0.3762778289567597,5723.9605483945425,-217.7050342833016,0.0,3.043315897453703e-08,0.0,-7.1982952471209904e-09,53.90356316206625,-0.03388047788757667,53.90356316206625,0.0,1.4398459105665657,1.2853425324231886,0.5124184129948326,4476.792343497099,17.05802930899914,0.0,-2.2134368451549503e-18,0.0,4.462405839879733e-16,20.33001303456354,-0.04614588152792369,20.33001303456354,0.0,5.028746075498737,998.9999999999999,3.974069674008851,2.0045826775350934,23.214996587515436,gaze,0.48797758780766076,0.3681016715979152,-96.62843216529517,237.92415890361252,1027.838790927361,28.9858198293543,-0.7118904556639692,-32.95291582889136,0.035568215325920936,0.21931114035708385,0.9668155796049474,4.823174195268532,-29.422203794310704,-2.2401953134097026,-32.981448200749,-0.05215579375563404,0.14810458644946617,0.9835308049341467,4.76892344098527,-0.4681386133144224,-1.5802289468012087,-32.99349837058408,-0.00484230216123061,0.1828933482049428,0.9762855583845385,4.80251692083211,122.55165472616504,False,-0.426861243598231,imu,-0.70282954,-9.7486943344,1.970913476,-3.74582444,-3.11090457,-9.01434158,75.10171265771098,-4.764153528344641,-0.6976283392897191
231.872,0.776481,0.0341783,4499.23,7.38246,0.0213184,-0.518998,-179.719,18524.8,-5.8e-05,-0.518903,-6.30728,-0.0678821,0.0213184,0.0101564,-0.0210898,-0.00316001,66.6865,-0.00277075,0.776498,0.03421,66.6892,-179.719,0.645372,0.093197,0.0,0.223717,0.423,0.0,11.0,-0.075455,0.0,0.0,1779.95,-3.30369,0.0,0.0,0.0,0.0,0.0,0.0,0.0,0.0,0.0,0.0,0.0,1256.09,-0.0966621,0.0,0.0,0.0,0.0,0.0,0.0,0.0,0.0,0.0,0.0138148,0.376282,5723.97,-217.738,0.0,2.72e-08,0.0,-7.2e-09,53.9037,-0.0338684,53.9037,0.0,1.43986,1.455,0.454852,4476.79,17.0692,0.0,-4.76e-19,0.0,8.01e-17,19.8456,-0.0409384,19.8456,0.0,4.7274,999.0,4.0,2.0,23.2218920316924,gaze,0.48812623410574024,0.3679713816106347,-105.02397507756662,240.0219617173501,1026.5594097258295,28.984134051308867,-0.7008371424975256,-32.97337726929135,0.035442552801680245,0.21944435897985312,0.9667804660154636,4.822716300568675,-29.424317382933737,-2.238754866988969,-32.98248927620822,-0.05235471422231978,0.14821576445456758,0.983490107057961,4.768744937922696,-0.46846832754920564,-1.579263297375914,-32.994018084435424,-0.005019389851795568,0.18301034475917993,0.9762425136590186,4.802238503588148,119.72719909680471,False,-0.427605381331684,imu,-1.0507038602375791,-9.727481783501087,1.919631454840366,-5.086993607630869,-0.4591100084837363,-7.872022594432656,75.09647010022404,-4.765121439677378,-0.6968419142305959
231.878292,0.29700694074991246,0.34504199988897744,4499.112997784018,7.418133512594393,0.06638150425007505,-0.5360977081651138,-179.92013837972667,18530.040131272508,-0.002642303731883576,-0.5360417527808347,-0.04188322200716747,0.14326100610758602,0.06638150425007505,0.5519446295238313,0.8626200948850385,-0.001860167296621149,66.71371093499191,0.03659177200378769,0.2984173735763588,0.3451210874406374,66.71642722773625,-179.95497666526762,-0.30270059141160705,0.2753587761254028,0.0,0.15290191789021057,-0.8902130410204748,0.27438913571475254,8.375562029120516,-0.08374724544373698,0.0,0.0,1779.9499999999994,-3.303690000000001,0.0,0.0,0.0,0.0,0.0,0.0,0.0,0.0,0.0,0.0,0.0,1256.089999999999,-0.09666209999999995,0.0,0.0,0.0,0.0,0.0,0.0,0.0,0.0,0.0,0.013775648921538874,0.3762830802263292,5723.983200535732,-217.81538337478213,0.0,3.029790037620223e-08,0.0,-7.2035829250779545e-09,53.903932140490895,-0.0338812535456377,53.903932140490895,0.0,1.4398561408846695,1.3099734413807342,0.5176615424654843,4476.7970675918605,17.0160748643125,0.0,-2.1820377739492267e-18,0.0,4.366414326372157e-16,20.377684569067885,-0.04661836535945474,20.377684569067885,0.0,5.068742982675909,998.9999999999999,3.973699802959233,2.0046628052036812,23.074930722354903,gaze,0.5634337098283397,0.3183459639880367,-135.1705503104104,246.6822359377433,1022.73723915727,28.60114198859656,0.3185443802304819,-34.28445114773571,-0.0295636031848755,0.1854315025115338,0.9822123758348,5.027650356292725,-29.63023830861133,-3.091017562973603,-31.78988328092152,-0.215540805776446,0.2661092782200477,0.9395360626875616,4.64337682723999,-0.5049369979894088,-1.529871541195824,-32.84236211431738,-0.0888968954601319,0.2372204505639029,0.955840362755543,4.827800035476685,104.10134850605716,False,-1.0,imu,-1.0566084401139313,-9.726080857114896,1.923768202336247,-4.991969148545601,-0.30947358338197,-7.7929946860564066,75.06900227328096,-4.769929212491904,-0.6921313975350967
231.879083,0.29657150138824034,0.34626362937839517,4499.0983356644165,7.4180909863880835,0.06674361983282862,-0.5360167145997018,-179.91993635545722,18530.541149458506,-0.0026487778900771064,-0.5359606569148889,-0.03751571675891183,0.1435093342310716,0.06674361983282862,0.5524584518007085,0.8648002470139615,-0.0018635675221135937,66.71457658078016,0.03663039864341541,0.29798230878646753,0.3463425102338462,66.71729183719403,-179.9545518036682,-0.2999481511629348,0.27975042735243755,0.0,0.1527044548172303,-0.8872042016289321,0.29475059049740415,8.395700857490983,-0.08372446778206584,0.0,0.0,1779.9499999999991,-3.3036900000000005,0.0,0.0,0.0,0.0,0.0,0.0,0.0,0.0,0.0,0.0,0.0,1256.0899999999988,-0.09666209999999995,0.0,0.0,0.0,0.0,0.0,0.0,0.0,0.0,0.0,0.013770095723262574,0.37628363119094,5723.985583509143,-217.8269857792651,0.0,3.02837021336173e-08,0.0,-7.204138847332157e-09,53.90397085375208,-0.03388133482343962,53.90397085375208,0.0,1.4398572142420742,1.3125968796026437,0.5182136535598075,4476.797566655682,17.011659396139315,0.0,-2.1787097885767077e-18,0.0,4.356267854251706e-16,20.382688293398047,-0.04666811835034546,20.382688293398047,0.0,5.07295416200904,998.9999999999998,3.973661956852292,2.004671038071744,23.060202915050667,gaze,0.48899194110906014,0.36721904282768997,-137.30088890561353,246.80709405023484,1022.4363400490665,28.974307122476667,-0.6382690473304999,-33.090416135350004,0.034706249391463745,0.22021305515638892,0.9665775383412439,4.8200904943296585,-29.43660793735466,-2.230337509931692,-32.988609394811746,-0.053505613415062,0.14885715718724443,0.983254877362243,4.767737245298788,-0.4705134007347852,-1.5735740259988722,-32.99713652449835,-0.006049331774863589,0.18368494014930214,0.9759936993143108,4.80065388716345,101.04418610039082,False,-0.4318701008472797,imu,-0.8206656416,-9.7845835024,1.932033544,-4.05237775,-2.85668963,-8.73769591,75.06547075031717,-4.770517160550448,-0.6914577445577625
231.887398,0.2919797224335764,0.3592003381507276,4498.944194802257,7.417629580385331,0.07059693893599706,-0.5351551273583964,-179.91766851134093,18535.85262151883,-0.002716912420614251,-0.535097960009781,0.010392526610124667,0.1461225572025629,0.07059693893599706,0.5564454399143253,0.8877503972273525,-0.0019004512873629902,66.72360673625283,0.03702713046112857,0.2933939768571713,0.35927698366435645,66.72631104450593,-179.94993806508438,-0.2700209425546845,0.3265095236965139,0.0,0.15062661154273888,-0.8529810693311577,0.4330105152077504,8.604076099229015,-0.08348560032974096,0.0,0.0,1779.9499999999994,-3.3036900000000005,0.0,0.0,0.0,0.0,0.0,0.0,0.0,0.0,0.0,0.0,0.0,1256.089999999999,-0.09666209999999996,0.0,0.0,0.0,0.0,0.0,0.0,0.0,0.0,0.0,0.013711856512052086,0.37628940943221156,5724.010647529556,-217.94894847470908,0.0,3.013472182518262e-08,0.0,-7.20998217195092e-09,53.90437685858414,-0.03388218593355283,53.90437685858414,0.0,1.4398684709568863,1.3405492295178703,0.5240266927219596,4476.802840031103,16.965195752178076,0.0,-2.1434237515526805e-18,0.0,4.2490018844314014e-16,20.43518469285301,-0.047191950169101035,20.43518469285301,0.0,5.117286665106164,998.9999999999998,3.9732762607250063,2.0047553432523357,22.90537640230146,gaze,0.4900303896626085,0.3663303929687756,-137.61182665121675,241.68455777662257,1025.3021850716527,28.96250017507098,-0.5671797075026782,-33.22588350574486,0.03381358492719282,0.22111985188898048,0.9663374459834044,4.817026962990331,-29.451310742622297,-2.2201811999772034,-32.99607195412156,-0.05487003822968954,0.14961348012072076,0.9829765028265224,4.766595743562118,-0.47322779782299956,-1.5666112919196007,-33.00107198789797,-0.007281798627606434,0.18447967048975497,0.9756992060052716,4.798830731804201,76.10224084640781,False,-0.4368387389483118,imu,-0.8727049352000001,-9.7570684736,1.8997332928,-4.69539201,-2.51275177,-8.677880629999999,75.02731556636901,-4.776476454707098,-0.6832833812192156
231.888,0.659736,0.0349623,4498.94,7.38101,0.0209807,-0.520764,-179.717,18536.0,-8.39e-06,-0.520669,-3.86266,-0.145021,0.0209807,-0.0865947,-0.0214677,-0.00316257,66.7268,-0.00253427,0.659713,0.0349854,66.7296,-179.717,0.395611,0.0951777,0.0,0.220426,0.414,0.0,11.0,-0.075455,0.0,0.0,1779.95,-3.30369,0.0,0.0,0.0,0.0,0.0,0.0,0.0,0.0,0.0,0.0,0.0,1256.09,-0.0966621,0.0,0.0,0.0,0.0,0.0,0.0,0.0,0.0,0.0,0.0137035,0.376292,5724.02,-217.973,0.0,2.75e-08,0.0,-7.21e-09,53.9044,-0.0338694,53.9044,0.0,1.43988,1.455,0.464151,4476.8,16.9804,0.0,-4.56e-19,0.0,7.66e-17,19.9294,-0.0417767,19.9294,0.0,4.80313,999.0,4.0,2.0,22.9319162282632,gaze,0.4901064822720936,0.36626584087385267,-136.387497320748,240.86550975637064,1025.756773965833,28.961634242305337,-0.5621364979865872,-33.23559359893718,0.033747792117489704,0.22118567423787802,0.9663199877630709,4.816805952108531,-29.452386458260833,-2.2194346119764234,-32.996623707894685,-0.05496936325744458,0.14966836626928234,0.982956258234649,4.7665148105727,-0.47343712812409694,-1.566095510003231,-33.00136827094831,-0.007371986637874104,0.18453731461217418,0.9756777874597866,4.7987002653746185,74.30884144707612,False,-0.43719683516641245,imu,-1.0656159104048102,-9.7238856403454,1.930267632659769,-4.718089881416984,-0.07346284679960671,-7.601671936997177,75.02448126766707,-4.776892275416188,-0.6826144620614188
231.895713,0.2873619198536489,0.3723107621392606,4498.790031304952,7.4171414522030545,0.0745364212087446,-0.5342748355214639,-179.91513226497833,18541.215828021464,-0.0027851763351985277,-0.5342164950077564,0.062020170057511384,0.14874077592261364,0.0745364212087446,0.5577275128445063,0.9107553115447795,-0.001939447899744276,66.73250932686626,0.03740643570401697,0.2887787081631615,0.3723850565326927,66.7352025892018,-179.9450505610386,-0.23824351635972238,0.37435638608695065,0.0,0.14854509077866385,-0.8138994719344504,0.4312404925502291,8.806322641991992,-0.08324779422468463,0.0,0.0,1779.9499999999996,-3.3036900000000013,0.0,0.0,0.0,0.0,0.0,0.0,0.0,0.0,0.0,0.0,0.0,1256.0899999999992,-0.09666209999999996,0.0,0.0,0.0,0.0,0.0,0.0,0.0,0.0,0.0,0.013653865064181826,0.37629516307989325,5724.035737446004,-218.07090771128767,0.0,2.9986242009453456e-08,0.0,-7.21582451842239e-09,53.9047811347261,-0.03388303089254479,53.9047811347261,0.0,1.4398796795357949,1.3691607583129661,0.5298560828692822,4476.808163343189,16.91864440605387,0.0,-2.1075926294334297e-18,0.0,4.140648480991505e-16,20.487487413722103,-0.0477172461747999,20.487487413722103,0.0,5.161734151178288,998.9999999999999,3.972912974867865,2.0048355089930525,22.750536486741495,gaze,0.4910920308940842,0.3654363908562536,-114.39022791420756,228.03926801342917,1032.5455837814898,28.950409697316967,-0.4988121099497072,-33.358631532293415,0.032891187905821566,0.22203088710870553,0.9660954356013176,4.813983569431372,-29.466299914798483,-2.2097373824821247,-33.00382772256267,-0.05624819816721309,0.15037297279413864,0.9826958346297526,4.765497973526743,-0.47626774068642785,-1.5593502344453845,-33.00529812445167,-0.008538680991190564,0.1852770009098871,0.9754022422247706,4.7970466329600585,53.534907395222106,False,-0.44176488786768686,imu,-0.903210728,-9.7301515976,1.9134908072,-5.00194532,-1.83235296,-8.21431221,74.98733465834073,-4.782034326376419,-0.6731312237403354
231.898273,0.2859350398021667,0.37638221615288203,4498.742563350106,7.416985681663334,0.07576681827158638,-0.5340000233818254,-179.91429623164407,18542.870381898538,-0.0028062163216765242,-0.5339413086919793,0.07867889601993652,0.14954784764079576,0.07576681827158638,0.5575515893844372,0.9178480538101663,-0.0019518861255010782,66.73522441748841,0.037519612603939045,0.2873524205065866,0.37645576303460726,66.73791425964802,-179.94348974731443,-0.2280787684752743,0.3893069833316704,0.0,0.1479035364444382,-0.8008617586855086,0.40533235680712926,8.867344045231789,-0.08317479672644223,0.0,0.0,1779.9499999999991,-3.3036900000000005,0.0,0.0,0.0,0.0,0.0,0.0,0.0,0.0,0.0,0.0,0.0,1256.0899999999988,-0.09666209999999996,0.0,0.0,0.0,0.0,0.0,0.0,0.0,0.0,0.0,0.013636060533759608,0.37629692956132005,5724.043467276189,-218.1084555006325,0.0,2.994063014881429e-08,0.0,-7.217623047580232e-09,53.9049052552715,-0.03388328976302105,53.9049052552715,0.0,1.43988312074072,1.37809652719736,0.5316539938761915,4476.809812377812,16.904294716127673,0.0,-2.0964528395607706e-18,0.0,4.107074392929037e-16,20.503549914441606,-0.04787925700064041,20.503549914441606,0.0,5.1754410270165785,998.9999999999998,3.972805690225314,2.0048593457593893,22.70286221694492,gaze,0.5500080849302917,0.3387597583809931,-106.9687658099008,223.3914001087731,1034.34941194982,28.59618132666018,0.328375022767287,-34.30905678640293,-0.0328006234022723,0.1831646886221362,0.9825348929917848,5.025809288024902,-29.66000293759053,-2.698714306433096,-32.29354438883327,-0.160938549162981,0.2256155106726674,0.9608311114536344,4.670885562896729,-0.4957202864654089,-1.524668134424881,-32.86556973862324,-0.1197179040559271,0.2357670355551925,0.955870749020062,4.831309461593628,47.99422737522474,False,-1.0,imu,-1.075011783705994,-9.721519117442272,1.9372967351710997,-4.265490124723143,0.17823170029592922,-7.358221498103844,74.97467108136655,-4.783665223459629,-0.6696117034742709
231.904,0.633157,0.0339761,4498.64,7.37955,0.0206319,-0.523597,-179.715,18546.7,-3.97e-05,-0.523501,-2.53114,-0.201656,0.0206319,0.051647,-0.02253,-0.00317028,66.7653,-0.00237388,0.633179,0.0339984,66.768,-179.715,0.445342,0.0962713,0.0,0.210553,0.414,0.0,11.0,-0.075455,0.0,0.0,1779.95,-3.30369,0.0,0.0,0.0,0.0,0.0,0.0,0.0,0.0,0.0,0.0,0.0,1256.09,-0.0966621,0.0,0.0,0.0,0.0,0.0,0.0,0.0,0.0,0.0,0.0135922,0.376301,5724.06,-218.207,0.0,2.77e-08,0.0,-7.22e-09,53.9052,-0.0338704,53.9052,0.0,1.43989,1.455,0.47345,4476.81,16.8916,0.0,-4.35e-19,0.0,7.31e-17,20.0132,-0.0426151,20.0132,0.0,4.87887,999.0,4.0,2.0,22.631941644554367,gaze,0.4921724042129402,0.36454062572372004,-94.4080365524198,215.66138889363322,1038.0774078160916,28.93808701726635,-0.4335438572807092,-33.48758148752112,0.031943164024054324,0.2229425468489654,0.9658524346493055,4.8109700637739445,-29.481513139398192,-2.1990523361695913,-33.01184190492354,-0.057634687402708516,0.15113257965695162,0.982413947684097,4.764446321199946,-0.47960663291451716,-1.5518253705555474,-33.00979311375961,-0.009814760467355538,0.18607379886825953,0.9751039470696011,4.795306371084866,39.129557821148296,False,-0.446630539905048,imu,-1.0801891692525354,-9.720180822558294,1.9412816406996762,-3.9456524813447444,0.3173024716757021,-7.22963016393819,74.94575707206069,-4.7871777680957095,-0.661073470271118
231.904028,0.2827185860491107,0.38559539701040035,4498.635845485038,7.416625910335348,0.07856318054795908,-0.533375681394261,-179.91232022872288,18546.584544584228,-0.0028535503712379838,-0.5333161029186186,0.11746058889798885,0.15136383346975157,0.07856318054795908,0.5561392425332727,0.9338086746594345,-0.001980600482507094,66.74128350039734,0.037767705811324936,0.2841369699625179,0.38566722227327543,66.7439656209583,-179.93988318456562,-0.20455793962551988,0.4232950407932453,0.0,0.14646014570940752,-0.7697828902972282,0.3123977217048249,9.002365970093903,-0.08301107488941623,0.0,0.0,1779.9499999999991,-3.3036900000000005,0.0,0.0,0.0,0.0,0.0,0.0,0.0,0.0,0.0,0.0,0.0,1256.089999999999,-0.09666209999999995,0.0,0.0,0.0,0.0,0.0,0.0,0.0,0.0,0.0,0.013596120339533209,0.37630089223230934,5724.060853258322,-218.19286349927947,0.0,2.9838268802782714e-08,0.0,-7.2216658871208966e-09,53.90518368945911,-0.03388386947500678,53.90518368945911,0.0,1.4398908401653785,1.3983937442194911,0.5357010595282086,4476.813536938349,16.872005820877625,0.0,-2.071226435740257e-18,0.0,4.0312362056089053e-16,20.53958786465159,-0.04824393711432047,20.53958786465159,0.0,5.206292428814269,998.9999999999998,3.972572425830984,2.004911464407772,22.59568399951547,gaze,0.4921760914514202,0.36453759166364913,-94.3653607930702,215.62942362292898,1038.0891349529527,28.9380449300136,-0.4333283517455063,-33.488010801072384,0.03193991318281957,0.2229456328139533,0.9658516106609208,4.810959914574089,-29.481564994557356,-2.199015776768382,-33.01186945655372,-0.05763939322323992,0.15113515018878415,0.9824129917190287,4.7644428384565645,-0.4796184201058673,-1.5517994674388065,-33.00980877354533,-0.009819110749298844,0.18607649423501754,0.9751029353906869,4.795300553974621,39.098177141126705,False,-0.4466469037711718,imu,-0.9139774784,-9.6015487456,1.8949480704,-5.2112988,-1.13700033,-7.66102087,74.9456137586549,-4.7871944811998635,-0.6610294811361552
231.912342,0.27805078289528273,0.39905309717876525,4498.481656205808,7.416082322209167,0.0826778390250088,-0.5324576175285869,-179.90922533543753,18551.90928374038,-0.0029220066944217493,-0.5323967351461608,0.17678081797319647,0.15399125568807448,0.0826778390250088,0.5515351261899905,0.9569012796760288,-0.002023947254468991,66.74992738060345,0.038110284188549504,0.279469798669726,0.39912233336521874,66.75259826682444,-179.93443043343706,-0.16889875875590868,0.47332319201518935,0.0,0.14437228431491392,-0.7204558141174662,0.12262294107170812,9.19211921713666,-0.08277549643194551,0.0,0.0,1779.9499999999991,-3.3036900000000005,0.0,0.0,0.0,0.0,0.0,0.0,0.0,0.0,0.0,0.0,0.0,1256.089999999999,-0.09666209999999996,0.0,0.0,0.0,0.0,0.0,0.0,0.0,0.0,0.0,0.013538628201838033,0.3763065963028001,5724.085991941115,-218.31480118282875,0.0,2.9690826187781383e-08,0.0,-7.227505576095167e-09,53.90558448193661,-0.033884701352404394,53.90558448193661,0.0,1.4399019516978808,1.4282047851416337,0.5415601397210504,4476.818960508903,16.82528609057766,0.0,-2.0343399148672818e-18,0.0,3.920807676932412e-16,20.591471107552493,-0.04877188898671899,20.591471107552493,0.0,5.2509518606301375,998.9999999999998,3.972254964343562,2.00498313263335,22.440838408390412,gaze,0.49328167238473297,0.3636346515641189,-89.43872951136744,209.54328507629097,1039.6151679075197,28.92541654628014,-0.3708797936997459,-33.61338021607012,0.030960725766095824,0.22386345767371618,0.9656061031621427,4.807955964378418,-29.497093760442528,-2.1880273278811577,-33.02018896466625,-0.05904276241395982,0.1518994423659759,0.9821281261116878,4.763429371945387,-0.483263625766495,-1.5439684692610538,-33.01459723813142,-0.011122071680333747,0.1868776229454092,0.9748014479109978,4.79359167317514,34.82028120149722,False,-0.45148258528571816,imu,-0.8762938520000002,-9.5477149936,1.860255208,-5.061760599999999,-0.23229422,-7.30212919,74.90224617114761,-4.791960075194812,-0.6470109454655331
231.918364,0.274654455656737,0.4089101190357193,4498.369960203801,7.415670637243239,0.08571400131470486,-0.5317806786905523,-179.90680253808375,18555.710914657004,-0.002971636239820081,-0.5317188098409917,0.22220324142785478,0.1558971837512761,0.08571400131470486,0.5462485470134549,0.9736502577887184,-0.002056742376079359,66.7561071432842,0.03834642216678974,0.2760733128344571,0.40897740352673984,66.7587698347202,-179.9302987688962,-0.14178726974063957,0.5102456235301526,0.0,0.1428581733746085,-0.681364029340326,-0.02657619180379444,9.325616996757637,-0.08260557165134486,0.0,0.0,1779.9499999999998,-3.303690000000002,0.0,0.0,0.0,0.0,0.0,0.0,0.0,0.0,0.0,0.0,0.0,1256.0899999999995,-0.09666209999999997,0.0,0.0,0.0,0.0,0.0,0.0,0.0,0.0,0.0,0.013497138276002407,0.3763107127009192,5724.104216569816,-218.40312099694913,0.0,2.958435434847556e-08,0.0,-7.231734772091896e-09,53.905873718019286,-0.033885299642640296,53.905873718019286,0.0,1.4399099702926332,1.4501370825370152,0.5458127893922321,4476.822920719961,16.791392132149532,0.0,-2.007300574543491e-18,0.0,3.840196205795256e-16,20.628914477216583,-0.04915508170028933,20.628914477216583,0.0,5.283363659475624,999.0,3.972039582973089,2.00503233444291,22.32867374487611,gaze,0.5432094525688611,0.3508387771661765,-92.44118118867408,209.1082586504659,1039.663297372784,28.5949524891368,0.3224922501940277,-34.31242843178122,-0.0342744099633306,0.1813440128598549,0.9828222697016742,5.021464347839355,-29.67268858797231,-2.521807996565074,-32.55898213012625,-0.1330086059026523,0.2012819846131153,0.9704608562049468,4.67888069152832,-0.5042094293197629,-1.4309982347639127,-33.00092410825889,-0.1202313689991343,0.2259054226031421,0.9591587471476416,4.8335693359375,36.49302230817305,False,-1.0,imu,-1.092983741055814,-9.716765974192684,1.951480409813421,-2.964373554682123,0.6546994671086359,-7.026822979349732,74.86985374234355,-4.795167999904384,-0.6356781999246662
231.92,0.572097,0.0336807,4498.34,7.37808,0.0202526,-0.527143,-179.714,18556.8,-6.03e-05,-0.527047,-0.778411,-0.235405,0.0202526,0.176565,-0.0240938,-0.00318311,66.8015,-0.00224159,0.572117,0.0336998,66.8043,-179.714,0.791758,0.0975534,0.0,0.203971,0.414,0.0,11.0,-0.075455,0.0,0.0,1779.95,-3.30369,0.0,0.0,0.0,0.0,0.0,0.0,0.0,0.0,0.0,0.0,0.0,1256.09,-0.0966621,0.0,0.0,0.0,0.0,0.0,0.0,0.0,0.0,0.0,0.013481,0.376311,5724.11,-218.442,0.0,2.8e-08,0.0,-7.23e-09,53.906,-0.0338714,53.906,0.0,1.43991,1.455,0.482748,4476.82,16.8028,0.0,-4.14e-19,0.0,6.96e-17,20.097,-0.0434535,20.097,0.0,4.9546,999.0,4.0,2.0,22.33196793223575,gaze,0.49431852283570743,0.362799661871624,-93.78252514042181,208.7139061677746,1038.9930925927447,28.91355782661049,-0.3161461371314886,-33.724806298749264,0.03003472394062066,0.22471124240991475,0.9653785396879386,4.805205810732629,-29.51162336644611,-2.177676863243353,-33.02809252165812,-0.060345731691847086,0.1526049760199412,0.9818640178924607,4.762531697165447,-0.4868678260439837,-1.5365138938844474,-33.019248932684995,-0.012341563980168082,0.187616705930847,0.9745218949901341,4.792049478934937,38.20712676521756,False,-0.455894864457984,imu,-1.0944236748764145,-9.716371857632227,1.9526602208056332,-2.8393599619022556,0.6916432912204329,-7.020370480995755,74.86091669951342,-4.796004319635294,-0.6324304104845888
231.920657,0.27335789298667457,0.4126875714202489,4498.327426695719,7.415509849249833,0.08688251715198236,-0.5315202627344892,-179.90583931564854,18557.141763895856,-0.002990541843571724,-0.5314580088646588,0.24004357715841018,0.1566235158499305,0.08688251715198236,0.5437958320684003,0.9800321428829635,-0.0020695426504022136,66.75844221048835,0.03843362875640771,0.2747765512873638,0.4127540956852327,66.76110176907127,-179.92868475215585,-0.13117164092541395,0.5244564134197781,0.0,0.14228126449786505,-0.6657185962332713,-0.08050474907371405,9.375573494694503,-0.08254102844152908,0.0,0.0,1779.9499999999994,-3.3036900000000013,0.0,0.0,0.0,0.0,0.0,0.0,0.0,0.0,0.0,0.0,0.0,1256.0899999999992,-0.09666209999999997,0.0,0.0,0.0,0.0,0.0,0.0,0.0,0.0,0.0,0.013481373787811638,0.37631227676110973,5724.111159541483,-218.43675010572687,0.0,2.9543885138765394e-08,0.0,-7.233344990519829e-09,53.90598361580592,-0.03388552649249943,53.90598361580592,0.0,1.4399130169914072,1.4585592837178687,0.5474339425910524,4476.8244357085305,16.77847445186769,0.0,-1.9969347337309708e-18,0.0,3.8093663220436417e-16,20.643140793652165,-0.04930115720380176,20.643140793652165,0.0,5.295718862183682,998.9999999999998,3.9719608150763084,2.005050464851833,22.285963317658776,gaze,0.49440828364014516,0.36272789282939977,-94.27692761464824,208.7693966176296,1038.9226544894057,28.912530544216708,-0.31157789472954955,-33.73416961883828,0.029954226366049705,0.22478406896634445,0.9653589553175289,4.804970606904994,-29.512879731598126,-2.1767788879366026,-33.028781143675644,-0.06045796041849518,0.1526655624181094,0.98184128559747,4.762456255297759,-0.48718760036450165,-1.5358637815833613,-33.0196586219262,-0.012447029033767201,0.1876801547987871,0.9744978318698694,4.791918566120063,38.72744065444579,False,-0.4562714944769264,imu,-0.8254508640000001,-9.519601812,1.8883683896,-4.56828454,0.7995193599999997,-6.65163802,74.85731154399838,-4.796335959973688,-0.6311059431619082
231.92719,0.26965387114231254,0.42352319922885695,4498.206235338749,7.415039379667405,0.09024963142314035,-0.5307702326747153,-179.90297003871802,18561.156091130826,-0.0030444254564529335,-0.5307068530729955,0.29252067918647556,0.15869472072783647,0.09024963142314035,0.5354615524946698,0.998226358301529,-0.0021069692135490207,66.76504041136434,0.03867374291092629,0.27107153751144075,0.4235875053093786,66.76769100675278,-179.92396128434467,-0.10001414245779632,0.5654043740952545,0.0,0.14063650630231864,-0.6187944142228782,-0.21168480584142513,9.515246866972365,-0.08235762591696805,0.0,0.0,1779.9499999999998,-3.303690000000002,0.0,0.0,0.0,0.0,0.0,0.0,0.0,0.0,0.0,0.0,0.0,1256.0899999999995,-0.0966621,0.0,0.0,0.0,0.0,0.0,0.0,0.0,0.0,0.0,0.01343656060522258,0.3763167228491136,5724.130951601493,-218.53256157660977,0.0,2.9428803852599994e-08,0.0,-7.237932266261697e-09,53.90629601800215,-0.033886169845391986,53.90629601800215,0.0,1.439921677609539,1.4827588128489648,0.5520582333204227,4476.828773500347,16.7416348634538,0.0,-1.967192194646907e-18,0.0,3.7211268929056566e-16,20.68357704991015,-0.04971782871751315,20.68357704991015,0.0,5.33096061563351,999.0000000000001,3.971746274617553,2.0051002775777436,22.16427267156273,gaze,0.49530762228606945,0.3620132068174197,-98.548947287189,209.72800840466334,1038.4598481729147,28.90223232026665,-0.26726973211831906,-33.825475372068404,0.02914489262212467,0.22550892993825344,0.9651637093437195,4.802638092201761,-29.525455136065833,-2.1677657683439704,-33.03571792182324,-0.06157760554982358,0.15326840965955194,0.9816146318300284,4.7617193877196415,-0.4904545410305437,-1.5293101094086443,-33.02382244699611,-0.01350280777534553,0.18831133851610116,0.9742578967193866,4.790628613002311,45.02684286922114,False,-0.45999983472033906,imu,-1.1007100252508994,-9.714627477918233,1.9578887049760523,-2.26761630180388,0.8493690346874377,-7.044662509187702,75.916566,-4.962257200000009,-1.837168800000011
231.928972,0.26864098838316625,0.4264976707750594,4498.173175822891,7.41490783900769,0.09117786467179168,-0.530563564585912,-179.90215492975864,18562.23296888415,-0.0030591273219701,-0.5304998704652192,0.30725748748202025,0.15926013848524384,0.09117786467179168,0.5328403240126549,1.0031918365850054,-0.0021174260486654575,66.76682611416965,0.03873706456709708,0.2700582736901715,0.4265613582786265,66.76947425516752,-179.9226404656118,-0.09127512559727842,0.5766920352232487,0.0,0.14018760090412216,-0.605382226358411,-0.23946332979866994,9.552660731238356,-0.0823077260074484,0.0,0.0,1779.9499999999994,-3.3036900000000013,0.0,0.0,0.0,0.0,0.0,0.0,0.0,0.0,0.0,0.0,0.0,1256.0899999999992,-0.09666209999999997,0.0,0.0,0.0,0.0,0.0,0.0,0.0,0.0,0.0,0.013424362997529223,0.3763179330169256,5724.136353037087,-218.5586956121216,0.0,2.939747002940218e-08,0.0,-7.239183428342103e-09,53.90638104996823,-0.03388634455894505,53.90638104996823,0.0,1.4399240348910565,1.4894099974556647,0.5533209608409488,4476.829962238286,16.731577000794044,0.0,-1.9590261054249766e-18,0.0,3.696956080197081e-16,20.6945817184679,-0.049831605561461385,20.6945817184679,0.0,5.340583671263504,998.9999999999998,3.9716903055306547,2.005113388612346,22.131078216430925,gaze,0.4955550460162172,0.3618179555951446,-99.30495045246396,210.00762026825902,1038.444035017478,28.899397362556236,-0.2555398185442762,-33.84979197709163,0.028921358241112114,0.22570685008130634,0.9651102967510868,4.802003820095894,-29.528910958670814,-2.1652811484186496,-33.03763797303923,-0.061884144641398346,0.15343295477712596,0.9815526193449354,4.76152254868624,-0.49137247041145055,-1.5274946627472898,-33.02498637239653,-0.01379298901951445,0.1884835745698748,0.9741922466315212,4.790280438620778,46.9396078805307,False,-0.46101146669820636,imu,-0.804515516,-9.479525574400002,1.8644422776,-3.96265483,1.56216418,-6.225454149999999,74.81090702169186,-4.800325244080177,-0.6133523854398463
231.936,0.56965,0.0335158,4498.05,7.3766,0.0198615,-0.531054,-179.712,18566.2,-2.37e-05,-0.530958,-0.257745,-0.248982,0.0198615,-0.313296,-0.0252726,-0.00319892,66.8354,-0.00213665,0.569697,0.0335349,66.8383,-179.712,-0.0138146,0.0987893,0.0,0.194097,0.414,0.0,11.0,-0.075455,0.0,0.0,1779.95,-3.30369,0.0,0.0,0.0,0.0,0.0,0.0,0.0,0.0,0.0,0.0,0.0,1256.09,-0.0966621,0.0,0.0,0.0,0.0,0.0,0.0,0.0,0.0,0.0,0.0133763,0.376322,5724.16,-218.668,0.0,2.79e-08,0.0,-7.24e-09,53.9067,-0.033872,53.9067,0.0,1.43993,1.455,0.492358,4476.83,16.7163,0.0,-3.97e-19,0.0,6.67e-17,20.1778,-0.0443174,20.1778,0.0,5.03238,999.0,4.0,2.0,22.041994677433514,gaze,0.49653947915020596,0.36104676809566116,-99.79059174895902,210.5526288602037,1038.8941559298562,28.888110725782003,-0.21078970849918788,-33.94308843010906,0.028028400674209652,0.2264881252552488,0.964899020946355,4.79951043466273,-29.542644733885545,-2.1553754923359505,-33.04532515885299,-0.06309765759032689,0.15408222390370296,0.9813072934283114,4.760763314511991,-0.49509960880175347,-1.5202208120499618,-33.029692812648484,-0.01494638554095477,0.18916302743948088,0.9739325145946705,4.78892240582248,54.20549304345693,False,-0.4649784684097875,imu,-1.1083195805714419,-9.7124632133124,1.9643902658347734,-1.5377456479830094,1.0308555734002773,-7.205320583297115,74.77060810503329,-4.803398330688956,-0.5969339162280266
231.937287,0.26390058781570586,0.440483842083242,4498.018903914774,7.414275567069507,0.09556502942722855,-0.529587360026735,-179.89816451422368,18567.137633347465,-0.003127742522780993,-0.529522155542563,0.37839815110495645,0.16190096293727554,0.09556502942722855,0.5186328522275846,1.0263735945367027,-0.0021676423573177665,66.77507827133802,0.03901995091335453,0.26531545825276837,0.4405445656638708,66.77771490684486,-179.9162911906188,-0.04907974915310266,0.6300330717437622,0.0,0.13809156078107127,-0.5392444617139257,-0.3085219908058727,9.723345516498995,-0.08207561624405688,0.0,0.0,1779.9499999999996,-3.3036900000000013,0.0,0.0,0.0,0.0,0.0,0.0,0.0,0.0,0.0,0.0,0.0,1256.0899999999992,-0.09666209999999997,0.0,0.0,0.0,0.0,0.0,0.0,0.0,0.0,0.0,0.013367594804588044,0.37632356516712423,5724.161572427667,-218.6806377131267,0.0,2.9251587634042046e-08,0.0,-7.24502088996846e-09,53.90677679161172,-0.0338871553123239,53.90677679161172,0.0,1.4399350055805877,1.5207113885939623,0.5592203778890509,4476.835540449827,16.68459422551739,0.0,-1.9206251058724945e-18,0.0,3.5836083984358053e-16,20.74578480964903,-0.05036316009009528,20.74578480964903,0.0,5.385541821689774,999.0,3.9714437102185047,2.0051718428908316,21.976183981255982,gaze,0.49672122054151735,0.3609053639159168,-99.4279430816946,210.50312427129566,1039.0526639829618,28.88602583599838,-0.2028585217410578,-33.95970704185672,0.027862939388273472,0.22663130175364568,0.9648602265763876,4.79905522423135,-29.545177463911813,-2.1535433848720693,-33.04675248475536,-0.06332064896950598,0.15420116269251258,0.9812622410842134,4.76062719866947,-0.4958000312536072,-1.5188693531821114,-33.03057455172824,-0.015159123030475185,0.1892874693084482,0.9738848140443653,4.788676300214497,55.374558967898444,False,-0.4657009427698284,imu,-0.7608503616000001,-9.3108464848,1.8488903048,-3.17010237,2.25751681,-6.464715269999999,74.76312640479158,-4.803931632533975,-0.5937891774792697
231.938345,0.2632957612193752,0.4422760907324623,4497.999272876572,7.4141929094489765,0.09612989533365501,-0.5294617405817926,-179.89763443469406,18567.74620917426,-0.0031364741860938415,-0.5293963388218117,0.3877286341113326,0.16223727437643803,0.09612989533365501,0.5165921668401116,1.0293244734658809,-0.002174201482958894,66.77611878563522,0.039054438743215736,0.2647102483179799,0.44233642794541117,66.77875395098523,-179.91546110972,-0.043538288540315516,0.6368995985018994,0.0,0.13782470408572306,-0.5304024373587053,-0.3093864625461907,9.74460285318533,-0.08204616954276063,0.0,0.0,1779.9499999999994,-3.303690000000001,0.0,0.0,0.0,0.0,0.0,0.0,0.0,0.0,0.0,0.0,0.0,1256.089999999999,-0.09666209999999995,0.0,0.0,0.0,0.0,0.0,0.0,0.0,0.0,0.0,0.013360388969612794,0.3763242800776877,5724.164783198145,-218.6961533736154,0.0,2.9233064123262135e-08,0.0,-7.245763578177713e-09,53.90682702473558,-0.0338872579357533,53.90682702473558,0.0,1.439936398113977,1.524724108914601,0.559971866418883,4476.836253945352,16.678610046635086,0.0,-1.9157042290200528e-18,0.0,3.5691204473837403e-16,20.752282364862666,-0.050430870570022115,20.752282364862666,0.0,5.391268757599674,998.9999999999998,3.971414061874458,2.005178957080195,21.956474639938975,gaze,0.5463019737705479,0.3501207177923201,-99.20749694131648,209.8747425951476,1038.608260721076,28.59545656619748,0.3101149356507618,-34.30493554630552,-0.0366732104660014,0.1754934458320664,0.9837972992970168,4.999977111816406,-29.66791461306107,-2.597739170613132,-32.49299607978811,-0.1429308355345945,0.2086080966668792,0.967498546902477,4.683925628662109,-0.5180868614011637,-1.3186279039488151,-33.15326224151657,-0.1108562093366388,0.2136641323526877,0.9649941971444094,4.836893749237061,57.19263253099752,False,-1.0,imu,-1.1103277641696319,-9.711882243194827,1.9661382003153178,-1.3423065132181753,1.076726225871536,-7.274236167636465,74.75695295113889,-4.804363238181395,-0.5911722553125416
231.945602,0.2591372166515427,0.45464651971376946,4497.864611302575,7.413612300696881,0.10004516782131967,-0.5285914846391178,-179.89386033668666,18571.815510085857,-0.0031963664983271894,-0.528524698316144,0.45339426794871873,0.1645458276181019,0.10004516782131967,0.5011921470113946,1.0495705361342227,-0.0022202369354939223,66.78319786987426,0.03928163894837666,0.26054860367895116,0.4547041498657246,66.78582291406082,-179.90963047411293,-0.004428245760486362,0.6844822604890227,0.0,0.13599341493593872,-0.46709465210316703,-0.26536537680083444,9.887601688830426,-0.08184472669648457,0.0,0.0,1779.9499999999994,-3.3036900000000013,0.0,0.0,0.0,0.0,0.0,0.0,0.0,0.0,0.0,0.0,0.0,1256.0899999999992,-0.09666209999999996,0.0,0.0,0.0,0.0,0.0,0.0,0.0,0.0,0.0,0.013311068185925359,0.37632917330822757,5724.186817712927,-218.80257642006478,0.0,2.910624489388485e-08,0.0,-7.2508573758135945e-09,53.907170847901966,-0.03388795850967047,53.907170847901966,0.0,1.4399459292430712,1.5524161441579083,0.5651313639480828,4476.841170696127,16.637526620542744,0.0,-1.881743080853313e-18,0.0,3.469355457412185e-16,20.79674087301596,-0.05089574562482044,20.79674087301596,0.0,5.430588777673452,998.9999999999998,3.9712212899695505,2.005225769266145,21.82128150017126,gaze,0.4979060767454495,0.3599906341646726,-94.17285194914972,208.6981440551563,1040.3523089497046,28.87242469881958,-0.15361096623634302,-34.06340878867114,0.02677977869033178,0.22755693181531955,0.9646088428291822,4.796124444374756,-29.56166938861115,-2.141574763150577,-33.056117779057026,-0.0647668156656602,0.15496973638956646,0.9809702632542625,4.759769162526195,-0.5004513905057456,-1.5099960009813378,-33.03641727728337,-0.016544612226675113,0.1900914320460862,0.9735756545784531,4.7871051718602144,60.54713231063297,False,-0.47033838448908083,imu,-0.7201759712000001,-9.2635924136,1.8458995408,-2.00370441,2.82576197,-6.9357606,74.71406510702101,-4.807158829885554,-0.5724577173442521
231.952,0.54354,0.0320712,4497.75,7.37511,0.0194462,-0.535022,-179.711,18575.1,-4.62e-05,-0.534925,0.576356,-0.244934,0.0194462,-0.0826639,-0.0255827,-0.0032172,66.8673,-0.00205344,0.543606,0.0320895,66.8702,-179.711,-0.158829,0.0994554,0.0,0.187515,0.414,0.0,11.0,-0.075455,0.0,0.0,1779.95,-3.30369,0.0,0.0,0.0,0.0,0.0,0.0,0.0,0.0,0.0,0.0,0.0,1256.09,-0.0966621,0.0,0.0,0.0,0.0,0.0,0.0,0.0,0.0,0.0,0.013272,0.376333,5724.21,-218.894,0.0,2.77e-08,0.0,-7.26e-09,53.9074,-0.0338727,53.9074,0.0,1.43995,1.455,0.501986,4476.84,16.6298,0.0,-3.79e-19,0.0,6.38e-17,20.2583,-0.0451829,20.2583,0.0,5.11028,999.0,4.0,2.0,21.742022803596253,gaze,0.4988300312706879,0.3592856572785556,-87.88181091964411,205.55914357906823,1041.3053635349436,28.861808386906034,-0.1180940194991125,-34.13867646822114,0.025929997482182388,0.22826965753432557,0.9644145816542611,4.793881243154018,-29.574506476237893,-2.1322140113076973,-33.06349035666567,-0.06588574197131693,0.15556108803180746,0.9807445810809404,4.759133696867628,-0.5041705002213623,-1.5030045851399314,-33.04108259813824,-0.017623348073436358,0.19070983748383608,0.9733366702763102,4.785918125986617,60.80348932223388,False,-0.47387030004386016,imu,-1.1218771533262244,-9.708459297840003,1.9764588192217734,-0.2469594410384955,1.3212276585363827,-7.90127719745678,74.67550374995209,-4.809386197334717,-0.5548678704020865
231.953916,0.2543519838065691,0.4689843902580768,4497.71031688088,7.412917384309182,0.1046188890162364,-0.5275758959885055,-179.88923517200467,18576.23276686264,-0.003264969708270685,-0.5275074551785321,0.5321109668291106,0.16719425123321746,0.1046188890162364,0.480602903328636,1.0727728748039038,-0.002275248830955201,66.79118315352312,0.03952144414201139,0.25575879253020717,0.4690387955045888,66.79379652408186,-179.90265265149398,0.04286256454545573,0.7400353038911446,0.0,0.13389369040523663,-0.38872275970882175,-0.12275842731421475,10.045393532961782,-0.08161511288529603,0.0,0.0,1779.9499999999994,-3.3036900000000005,0.0,0.0,0.0,0.0,0.0,0.0,0.0,0.0,0.0,0.0,0.0,1256.089999999999,-0.09666209999999995,0.0,0.0,0.0,0.0,0.0,0.0,0.0,0.0,0.0,0.013254788876579316,0.3763347568662569,5724.21208585177,-218.92449708017097,0.0,2.8961466298579213e-08,0.0,-7.2566921845539915e-09,53.907563178893575,-0.033888753809274065,53.907563178893575,0.0,1.439956804755612,1.5844713726325814,0.5710523631710823,4476.846852644892,16.59038036250906,0.0,-1.8423964080355187e-18,0.0,3.3542440728862835e-16,20.847434510339905,-0.05142922157874495,20.847434510339905,0.0,5.475714500895609,998.9999999999998,3.9710233139966964,2.0052751063185537,21.66639030332553,gaze,0.4991087469131484,0.3590743853554402,-85.87161864066603,204.38442027461673,1041.5333274858679,28.858604260568512,-0.10786392588351085,-34.16041694203217,0.025672810509137542,0.22848314373388312,0.9643562729196901,4.793211459686603,-29.57837497064034,-2.1293858189715498,-33.06572585409949,-0.06622181980720644,0.15573814063207198,0.9806768323867779,4.758947504901238,-0.5053064370689457,-1.5008837724336754,-33.042507974082824,-0.017948477552437066,0.19089496515410986,0.9732649247973169,4.7855662690972975,60.16041512944859,False,-0.47492172655580617,imu,-0.6567717744000001,-9.3527171808,1.8267586512,-0.5980453299999999,3.34166876,-7.384375199999999,74.66382610364695,-4.810010219558729,-0.549404698147855
231.958437,0.25174063764973986,0.4768554520742274,4497.626405990213,7.4125259177949685,0.10714591576491328,-0.5270152539572218,-179.88658235511645,18578.516509796063,-0.003302261934339578,-0.5269458824023453,0.5764175008100195,0.16863598431851914,0.10714591576491328,0.46813615140101106,1.0853907897134076,-0.002306196967720421,66.79546915616812,0.03964243808663659,0.2531444873628452,0.47690804748835136,66.7980761444554,-179.8987224666248,0.0697668540434298,0.7707108568709137,0.0,0.1327512291491216,-0.34340908005740045,-0.02224276226186724,10.128489642725738,-0.08149078700912522,0.0,0.0,1779.9499999999994,-3.3036900000000005,0.0,0.0,0.0,0.0,0.0,0.0,0.0,0.0,0.0,0.0,0.0,1256.0899999999992,-0.09666209999999996,0.0,0.0,0.0,0.0,0.0,0.0,0.0,0.0,0.0,0.013224285809487589,0.3763377831015373,5724.225837066228,-218.9907938732623,0.0,2.8882970392234735e-08,0.0,-7.25986463688534e-09,53.907775819549435,-0.03388918291544257,53.907775819549435,0.0,1.4399626990657635,1.6020331577207925,0.5742762903190588,4476.849964494887,16.564707888702184,0.0,-1.8208076497105955e-18,0.0,3.291294501311414e-16,20.874889850604625,-0.05171968902589898,20.874889850604625,0.0,5.500286710383436,998.9999999999999,3.9709259900712226,2.005299992427097,21.582160565518855,gaze,0.5379429236098033,0.356889900297453,-80.99115739154858,201.893941390815,1042.468262366958,28.6042731878303,0.3029756692715475,-34.29484657203398,-0.036075383690403,0.1757447294182637,0.983774545703075,4.998428344726562,-29.67719859130444,-2.29533096658491,-32.8468174812792,-0.1103703749478486,0.193561219942368,0.9748602127835014,4.728528022766113,-0.5316037480118354,-1.1622107745055712,-33.34879418452077,-0.0932176402031405,0.1996354469358932,0.9728328173560472,4.847892618179321,56.33885462502344,False,-1.0,imu,-1.1272361779299733,-9.706822582498152,1.9814067390412737,0.21521226866948398,1.4221823222561008,-8.328006914631453,74.63604515815493,-4.811404501230335,-0.5361615832418647
231.962231,0.24954427680377145,0.483501311877264,4497.555983871651,7.412189901307801,0.1092884667513988,-0.5265401826167692,-179.88428003856365,18580.365917738087,-0.003333547022776743,-0.5264700128837613,0.6143811515479819,0.16984670745181651,0.1092884667513988,0.45701431069668924,1.0959790815118085,-0.002332737539714762,66.79903524780374,0.039738758999427026,0.2509453839488188,0.48355235757624837,66.80163686176743,-179.89534945105146,0.09302880647021006,0.7967077207970477,0.0,0.13179216003475713,-0.3038801185355433,0.06137444328034991,10.196750709271605,-0.08138674798819603,0.0,0.0,1779.9499999999994,-3.303690000000001,0.0,0.0,0.0,0.0,0.0,0.0,0.0,0.0,0.0,0.0,0.0,1256.0899999999992,-0.09666209999999997,0.0,0.0,0.0,0.0,0.0,0.0,0.0,0.0,0.0,0.013198742321715955,0.3763403172801981,5724.237382922305,-219.04642903419122,0.0,2.8817224297429374e-08,0.0,-7.262526720231716e-09,53.90795388608537,-0.03388954115235889,53.90795388608537,0.0,1.4399676349161012,1.6168341415495882,0.5769839435769935,4476.852588018534,16.54314461724077,0.0,-1.802587511639412e-18,0.0,3.2382802130257565e-16,20.897868477612768,-0.05196363871690529,20.897868477612768,0.0,5.52092517108373,998.9999999999998,3.9708499673112843,2.0053198128711176,21.51147404146636,gaze,0.5003288068452947,0.35815689815512886,-77.81150852931583,198.8447875950376,1042.2368429357987,28.84456973053245,-0.06565291381693075,-34.250325622256234,0.024542559251038744,0.22940968228546438,0.9641025519730945,4.790315204022718,-29.595288607356963,-2.116982567274569,-33.075572257764705,-0.06768537036936821,0.1565061243763716,0.98038198775599,4.7581610068341815,-0.5103462664464957,-1.4915384393781557,-33.048842334952454,-0.019370257360233154,0.19169786687397994,0.9729526676708486,4.784058265475486,53.69217803608935,False,-0.479450575205604,imu,-0.6143029256000001,-9.3796340568,1.8201789704,0.47862971,3.61083752,-8.28908131,74.6124954546693,-4.812490190342946,-0.5246707358762371
231.968,0.455301,0.035543,4497.45,7.37361,0.0190504,-0.538796,-179.709,18583.1,-1.56e-05,-0.538699,2.03346,-0.225061,0.0190504,0.232195,-0.0237694,-0.0032346,66.8964,-0.00199734,0.455327,0.0355568,66.8993,-179.709,0.382975,0.100562,0.0,0.161187,0.414,0.0,11.0,-0.075455,0.0,0.0,1779.95,-3.30369,0.0,0.0,0.0,0.0,0.0,0.0,0.0,0.0,0.0,0.0,0.0,1256.09,-0.0966621,0.0,0.0,0.0,0.0,0.0,0.0,0.0,0.0,0.0,0.0131676,0.376344,5724.25,-219.119,0.0,2.75e-08,0.0,-7.27e-09,53.9082,-0.0338733,53.9082,0.0,1.43997,1.455,0.511613,4476.85,16.5433,0.0,-3.62e-19,0.0,6.09e-17,20.3389,-0.0460484,20.3389,0.0,5.18817,999.0,4.0,2.0,21.44205191934978,gaze,0.5011850534179453,0.35751993744554444,-73.75608002678479,195.69242660564296,1042.8079058474318,28.83471211044331,-0.03846521834613871,-34.30832034419492,0.023745193134769117,0.23005239828848187,0.9639259103123858,4.788315609108982,-29.607139453725388,-2.108256709999286,-33.082539587668705,-0.0687053760917104,0.15703842834100293,0.9801766699986543,4.757635514349149,-0.5139403376593125,-1.484922412089077,-33.0533768876627,-0.020366707894821697,0.19225429181774406,0.9727352075961594,4.783029769667746,46.45278541745602,False,-0.4825595943672619,imu,-1.1350967723175052,-9.704364460195382,1.9888530745450133,0.7935244751780226,1.554220632049161,-9.10426571417056,74.57629633934796,-4.813994307764061,-0.5065494927544071
231.970546,0.24471521527137075,0.49819596699759516,4497.401631174625,7.411429175405031,0.11405453884754857,-0.5254842969277517,-179.8789875347859,18584.1994668845,-0.0034020682075298044,-0.5254123226265692,0.6999416767767366,0.17250271357912017,0.11405453884754857,0.43066376292443265,1.1191791383013576,-0.0023927433156565765,66.8067523971767,0.0399328798387982,0.24610947045365725,0.49824351647417753,66.80934217516223,-179.8877150281624,0.14632942876946786,0.8544947461282962,0.0,0.12968935786453756,-0.21233516145989662,0.193768633344432,10.341654166777491,-0.08115968855466357,0.0,0.0,1779.9499999999994,-3.3036900000000005,0.0,0.0,0.0,0.0,0.0,0.0,0.0,0.0,0.0,0.0,0.0,1256.0899999999992,-0.09666209999999995,0.0,0.0,0.0,0.0,0.0,0.0,0.0,0.0,0.0,0.013142934291741296,0.3763458539725117,5724.262705886491,-219.16835762937765,0.0,2.8673543784637204e-08,0.0,-7.268360281423075e-09,53.90834292928659,-0.03389032018907331,53.90834292928659,0.0,1.439978418594683,1.6494484064482773,0.5829245237919631,4476.858376493714,16.495825564114668,0.0,-1.762333261764048e-18,0.0,3.121512082303926e-16,20.948027098418805,-0.052498854139938794,20.948027098418805,0.0,5.566210618727603,998.9999999999998,3.9707014933703384,2.0053598324297566,21.356552267154925,gaze,0.5015654077554131,0.35723877624648703,-72.51510569714347,194.80294291851345,1043.2141074327535,28.83033119357371,-0.027015721654391322,-34.33273603254096,0.023389938420292324,0.23033596501020345,0.9638478051241722,4.787435668071843,-29.612398797336144,-2.1043753007858665,-33.08564915227548,-0.06915666003168693,0.1572731661185576,0.9800858731652389,4.757408758502749,-0.5155497378168924,-1.481968957112142,-33.05541392377224,-0.020808994088764108,0.1924996513270392,0.9726390368478514,4.782580402918148,42.86256251123998,False,-0.4839229001848216,imu,-0.6017417168000001,-9.3323799856,1.863245972,1.368382,3.68560662,-9.35827944,74.56017841716167,-4.814602079161171,-0.4983069419981284
231.978418,0.24012425406027468,0.5122718611362177,4497.255484129741,7.410677651785674,0.11865668566185317,-0.5244659232116521,-179.8736588663572,18587.54702671672,-0.0034668668433945875,-0.5243921694945493,0.783679255264762,0.1750203367538663,0.11865668566185317,0.403464842498589,1.141130847250745,-0.002451914338723951,66.81393334140404,0.040094668058535426,0.2415109369947625,0.5123159725086194,66.81651184285782,-179.880176027395,0.1999570355300844,0.9102315487717604,0.0,0.12769767328040263,-0.11926314296922216,0.19337214655649126,10.472898241690299,-0.08094595571798313,0.0,0.0,1779.949999999999,-3.30369,0.0,0.0,0.0,0.0,0.0,0.0,0.0,0.0,0.0,0.0,0.0,1256.089999999999,-0.09666209999999996,0.0,0.0,0.0,0.0,0.0,0.0,0.0,0.0,0.0,0.013090318445104745,0.3763510739118663,5724.286703574524,-219.28378712504485,0.0,2.853804247534671e-08,0.0,-7.273882149164294e-09,53.908709718385055,-0.033891049833650974,53.908709718385055,0.0,1.4399885850790084,1.6805082416306547,0.5885561004592913,4476.863905832577,16.45095124041533,0.0,-1.7238245097817242e-18,0.0,3.0102557125767714e-16,20.99525090787199,-0.05300621799517721,20.99525090787199,0.0,5.6091479317730855,998.9999999999995,3.9705840343235033,2.0053933577841785,21.209880058711565,gaze,0.5335637338309076,0.3632182363953593,-71.44812599447744,194.2495747549269,1044.902076623046,28.60469424683372,0.2985147551867096,-34.28637797447468,-0.0378190106471643,0.1744240111913383,0.9839440973722002,4.99553918838501,-29.68813560916921,-2.150178658323114,-33.02006481972899,-0.0912466996691036,0.1808394151737807,0.9792707213631486,4.745532989501953,-0.5370382522439072,-1.0701298465448992,-33.47200502107542,-0.0816137703386351,0.190007711499247,0.976979455377346,4.854897117614746,32.683839287030395,False,-1.0,imu,-1.1435229597447802,-9.701651374640422,1.9970923447501707,1.2277487032626213,1.6730056350454063,-10.116401803491929,74.50983045546948,-4.816265613955903,-0.47189165640252007
231.978861,0.23986535133469855,0.5130687390500885,4497.247259136189,7.410634440170426,0.11891829624202199,-0.5244080689715753,-179.87334965372608,18587.727260474498,-0.0034705109324541,-0.5243342130395989,0.7884638089625835,0.17516210431346096,0.11891829624202199,0.40187613968936337,1.142365700669952,-0.0024553133416079335,66.81433382312903,0.04010312484549608,0.24125157626344684,0.5131126531936695,66.8169116879748,-179.87974264697908,0.20307257763806758,0.9133979149315712,0.0,0.12758556911649604,-0.11383570459804965,0.18882332161521567,10.480112625194572,-0.08093396388408379,0.0,0.0,1779.9499999999994,-3.303690000000001,0.0,0.0,0.0,0.0,0.0,0.0,0.0,0.0,0.0,0.0,0.0,1256.0899999999992,-0.09666209999999997,0.0,0.0,0.0,0.0,0.0,0.0,0.0,0.0,0.0,0.013087363776590703,0.3763513670383392,5724.288054743927,-219.29028287789856,0.0,2.853043237814829e-08,0.0,-7.2741928685769584e-09,53.908730315574914,-0.03389109066207617,53.908730315574914,0.0,1.439989155971749,1.682260469065897,0.5888732204958678,4476.864218428674,16.44842372333502,0.0,-1.7216461005716234e-18,0.0,3.0039748446946843e-16,20.99790068497819,-0.053034787837536256,20.99790068497819,0.0,5.611566025954108,998.9999999999998,3.9705780955873307,2.00539511753396,21.201625914912732,gaze,0.5028178527970202,0.3563205056703384,-70.93836131821321,194.8185701656744,1045.3937565694266,28.81589698670505,0.008029501814507001,-34.40730677134139,0.022215720846731655,0.23126152777708464,0.9635921261387181,4.784572495802354,-29.629696152573946,-2.0915727516332225,-33.09594990814683,-0.07063506417193417,0.1580388436206012,0.9797885959413644,4.756689759649185,-0.5208958525432937,-1.4721831084978283,-33.062217076501284,-0.022263907523621323,0.19329993517346725,0.9723241473412589,4.781131747561958,31.162585489261698,False,-0.48833724644777804,imu,-0.6059287864000001,-9.4041583216,1.8823868616,2.43758013,3.3715764,-10.38261611,74.50697524159409,-4.816349587432345,-0.47036396088476295
231.984,0.407363,0.034015,4497.16,7.37211,0.0186882,-0.542117,-179.708,18590.3,-5.23e-05,-0.542019,2.8672,-0.189753,0.0186882,0.455981,-0.0211968,-0.00325068,66.9222,-0.00195481,0.407442,0.034029,66.9252,-179.708,0.562246,0.101055,0.0,0.128276,0.423,0.0,11.0,-0.075455,0.0,0.0,1779.95,-3.30369,0.0,0.0,0.0,0.0,0.0,0.0,0.0,0.0,0.0,0.0,0.0,1256.09,-0.0966621,0.0,0.0,0.0,0.0,0.0,0.0,0.0,0.0,0.0,0.0130592,0.376355,5724.3,-219.358,0.0,2.79e-08,0.0,-7.28e-09,53.9089,-0.0338713,53.9089,0.0,1.44,1.455,0.52225,4476.86,16.4511,0.0,-3.46e-19,0.0,5.81e-17,20.4241,-0.047002,20.4241,0.0,5.27361,999.0,4.0,2.0,21.152081456256106,gaze,0.503599534921374,0.3557531128022916,-71.69414654416828,196.73298862752455,1046.868677324648,28.806881836845225,0.02789022369897026,-34.449344488980636,0.021479542977629905,0.23183300252814845,0.9634336808011859,4.782810970144019,-29.640476137930854,-2.083566393490451,-33.10242524986133,-0.07155206456810143,0.1585111990162505,0.979604331827077,4.756261582465569,-0.5242619773736326,-1.4660302414983177,-33.066535028206424,-0.023170853550176403,0.1937936270731932,0.9721289534315298,4.780250621767391,25.1799368277869,False,-0.4910358711353858,imu,-1.1479789274044612,-9.70018299034126,2.001560375092559,1.3592872297927092,1.7258076510835538,-10.715783911029101,74.47369455946966,-4.817249038971276,-0.4523274273526502
231.987175,0.23499583075820624,0.5281181775876683,4497.09288667545,7.40980502253672,0.12388033575568735,-0.5233114605334377,-179.8673590620752,18590.950349230534,-0.003538844305023759,-0.5232356447172406,0.879525909006716,0.17782439302304223,0.12388033575568735,0.3710787250814836,1.1655285220777718,-0.002520487263154139,66.82177786863689,0.04024878784494218,0.23637282010609595,0.528158315291644,66.8243437468854,-179.8714265213974,0.26360651435144644,0.9734111522529049,0.0,0.12548133578571735,-0.008130363245798624,0.019818472725195907,10.612127503811825,-0.08070963062155315,0.0,0.0,1779.9499999999991,-3.30369,0.0,0.0,0.0,0.0,0.0,0.0,0.0,0.0,0.0,0.0,0.0,1256.089999999999,-0.09666209999999995,0.0,0.0,0.0,0.0,0.0,0.0,0.0,0.0,0.0,0.01303203640990027,0.3763568559137,5724.313426440947,-219.41219012944856,0.0,2.838791497429176e-08,0.0,-7.28002378087308e-09,53.909116005715106,-0.033891852219328285,53.909116005715106,0.0,1.4399998459440289,1.7152112439962197,0.5948284201234361,4476.870113470677,16.40094533719201,0.0,-1.6805437170796186e-18,0.0,2.885718688631093e-16,21.047473480090815,-0.05357129400641946,21.047473480090815,0.0,5.656981037264096,998.9999999999995,3.970479972624794,2.0054256202210157,21.046714563785617,gaze,0.5040853001040148,0.3554026753395537,-72.67951773525286,198.12065031200865,1047.345760142393,28.80127711813184,0.03947445447498961,-34.47373703566595,0.021020815391816484,0.2321858022951624,0.96333563862217,4.781725677315932,-29.64716928940651,-2.0785851177878167,-33.10646668505066,-0.07211978740246797,0.15880264969101476,0.9794902980845417,4.756003101218137,-0.5263625826028392,-1.4621898003399523,-33.06924532450944,-0.02373404927359299,0.19409824501424272,0.9720081508858149,4.779711545867688,22.364275058763678,False,-0.4926916594364238,imu,-0.5879842024,-9.577024480800002,1.9601467256,3.34976315,2.96782326,-11.1228302,74.45299351973019,-4.81773627023015,-0.4408982010380491
231.99549,0.23010604771532722,0.5433482601673378,4496.938477010881,7.408939939547432,0.1289430593072195,-0.5221940350655535,-179.86100617571716,18593.877274551,-0.003607061732971613,-0.5221161791951723,0.9726505846278635,0.1804900530076306,0.1289430593072195,0.3387949526057719,1.1886655949486864,-0.0025883288599267106,66.82908556329993,0.04036920540262268,0.23147256539919955,0.5433844769348438,66.83163938090489,-179.86275777238694,0.3283531511042172,1.0345497713381218,0.0,0.12337644418730051,0.10508395674662463,-0.22985722141640985,10.73775545057127,-0.08048666499410231,0.0,0.0,1779.9499999999994,-3.3036900000000013,0.0,0.0,0.0,0.0,0.0,0.0,0.0,0.0,0.0,0.0,0.0,1256.0899999999995,-0.09666209999999997,0.0,0.0,0.0,0.0,0.0,0.0,0.0,0.0,0.0,0.012976937878543841,0.37636232201344955,5724.338827080464,-219.53410872239712,0.0,2.824596525049761e-08,0.0,-7.285854421451147e-09,53.909500099522596,-0.033892604779415914,53.909500099522596,0.0,1.4400104912621616,1.7482522017746016,0.6007906448234284,4476.876063398673,16.353379517570893,0.0,-1.6390292230215975e-18,0.0,2.766751847982145e-16,21.096747471528897,-0.05410841924404948,21.096747471528897,0.0,5.702461616993557,999.0,3.9704072739530787,2.0054513061821373,20.891781906585734,gaze,0.5053673743778964,0.3544855355262089,-76.34512694452198,199.73058998365335,1045.2311386696465,28.786476211142073,0.06733485944090303,-34.53180037732135,0.019805689580702883,0.23310856062889512,0.9630783725207328,4.778894181106776,-29.664813256143677,-2.065417792395681,-33.117195517600535,-0.07361057864878918,0.1595643594213406,0.9791910126285374,4.755347638851122,-0.5319295802220387,-1.4519942306125377,-33.0764948030522,-0.025219011902739702,0.19489440122223525,0.9716910837728382,4.778318544706409,18.868506164518298,False,-0.49698577286534373,imu,-0.6806978864000002,-9.721179305600002,2.0402992008,3.56659354,2.4743472,-11.70602918,74.39832195507053,-4.8187661598619,-0.4099574013067505
231.99851,0.22832532322832638,0.5489241531436567,4496.882391025188,7.408616783029447,0.13080685140707926,-0.5217830322464003,-179.85860769891812,18594.86929299732,-0.0036318029484452034,-0.5217044153567892,1.0068683698751488,0.1814589407574298,0.13080685140707926,0.32682485313982357,1.1970603955928558,-0.0026136368181731706,66.83170558577065,0.040406548966659184,0.22968772625367706,0.5489589096821876,66.83425500544024,-179.8595208860636,0.35299867707163296,1.0570321988355054,0.0,0.12261190692210971,0.14811556679158466,-0.29882459290961305,10.781804381091712,-0.08040603532203039,0.0,0.0,1779.9499999999996,-3.3036900000000013,0.0,0.0,0.0,0.0,0.0,0.0,0.0,0.0,0.0,0.0,0.0,1256.0899999999995,-0.09666209999999997,0.0,0.0,0.0,0.0,0.0,0.0,0.0,0.0,0.0,0.012956984250287983,0.37636430151195654,5724.348058978023,-219.57838861824274,0.0,2.819455561341411e-08,0.0,-7.28797186369156e-09,53.90963919670146,-0.03389287580619316,53.90963919670146,0.0,1.440014346292883,1.7602627709524683,0.6029575011778818,4476.878237890033,16.336083530491912,0.0,-1.6238529771971074e-18,0.0,2.7233780615972542e-16,21.114566327827273,-0.05430362361620718,21.114566327827273,0.0,5.718994021060945,998.9999999999998,3.9703871983153847,2.005459434274533,20.835510041445268,gaze,0.5360593632207106,0.358995773936607,-76.87914470741866,199.3668126477289,1043.401225947008,28.61199982315735,0.3074381594986608,-34.28938699044652,-0.0366623118283704,0.1755464983206876,0.983788240333632,4.994195461273193,-29.68138427709679,-2.241933928263302,-32.92728344067258,-0.1023018754627054,0.1891068458852377,0.9766129873783936,4.733986377716064,-0.537594536544816,-1.0265454950547823,-33.533411946663705,-0.0761362718112174,0.1855950259903591,0.9786829777040064,4.858045816421509,17.998753075444014,True,1.0,imu,-1.159370143866268,-9.696319559514052,2.013344500660375,1.3255403306714333,1.8280796041110767,-12.392793556301777,74.37831603128181,-4.819052562889353,-0.39836645195455106
232.0,0.358679,0.0315589,4496.86,7.37059,0.018375,-0.544746,-179.706,18596.5,-3.19e-06,-0.544647,3.57309,-0.139226,0.018375,-0.00863273,-0.0181547,-0.0032652,66.9444,-0.00192148,0.358801,0.0315728,66.9474,-179.706,0.101876,0.101998,0.0,0.105239,0.432,0.0,11.0,-0.075455,0.0,0.0,1779.95,-3.30369,0.0,0.0,0.0,0.0,0.0,0.0,0.0,0.0,0.0,0.0,0.0,1256.09,-0.0966621,0.0,0.0,0.0,0.0,0.0,0.0,0.0,0.0,0.0,0.0129491,0.376365,5724.35,-219.602,0.0,2.85e-08,0.0,-7.29e-09,53.9097,-0.0338681,53.9097,0.0,1.44002,1.455,0.533333,4476.87,16.3563,0.0,-3.3e-19,0.0,5.54e-17,20.5114,-0.0479946,20.5114,0.0,5.36239,999.0,4.0,2.0,20.852112661984293,gaze,0.5060685792210358,0.3539885847728049,-78.43678151612946,198.1649539343387,1041.9861286090545,28.77837615820916,0.08095188938366149,-34.559720988722134,0.019138479994419182,0.2336082203099658,0.9629385524895585,4.777364827990633,-29.674450597457724,-2.058204395358669,-33.123100659681334,-0.07442142435276125,0.15997644752575965,0.9790283208474586,4.755004861021646,-0.5349829951024184,-1.4463827824541398,-33.08051710968606,-0.026030304646788762,0.19532515997432998,0.971518716124145,4.777574120508072,19.143103180411554,True,-0.4992889328766422,imu,-1.1605242176230166,-9.695919119465978,2.0145682134281295,1.289956870343974,1.8357766510344453,-12.570455726063825,74.36841881516052,-4.819176753442823,-0.39257983005773833
232.003805,0.22519715911953314,0.5587575315167196,4496.784049067015,7.408038496745643,0.1341070931843309,-0.5210557490415365,-179.85428348158032,18596.520516651566,-0.0036751316037909147,-0.520975771718821,1.0672319003757924,0.18315859616425845,0.1341070931843309,0.3056755498535445,1.211766432642977,-0.00265887902188415,66.83625525111258,0.04046365153577669,0.22655194123955835,0.5587896807911905,66.83879693779679,-179.85373042795533,0.3977684060414186,1.0968071542575588,0.0,0.12127144359773451,0.22608661471497632,-0.31532224893840016,10.857012863624997,-0.08026512471480399,0.0,0.0,1779.9499999999994,-3.303690000000001,0.0,0.0,0.0,0.0,0.0,0.0,0.0,0.0,0.0,0.0,0.0,1256.0899999999992,-0.09666209999999997,0.0,0.0,0.0,0.0,0.0,0.0,0.0,0.0,0.0,0.012922073850752166,0.37636776477011924,5724.364253611865,-219.65602400646617,0.0,2.8104608518811492e-08,0.0,-7.291684089391752e-09,53.909882557522224,-0.0338933479818883,53.909882557522224,0.0,1.4400210908160578,1.7813216504993052,0.6067582545089003,4476.882067869058,16.305732510009538,0.0,-1.5971208194232676e-18,0.0,2.6471259559912545e-16,21.145706614204002,-0.054646015344612914,21.145706614204002,0.0,5.747997273208477,998.9999999999998,3.9703601704254874,2.005472132796864,20.736847545652168,gaze,0.5066632520431362,0.3535696603604291,-79.91477103138466,195.40513641745625,1039.028936700542,28.7715040567994,0.09162725716705829,-34.58129949095236,0.01857123211122306,0.23402924805680775,0.962820449242471,4.776078008451969,-29.682616920960815,-2.0520807386578213,-33.128128724227786,-0.0751066595144672,0.16032347885667644,0.9788908789387383,4.7547224882120265,-0.5375742932268491,-1.4416051021536374,-33.08395917795273,-0.026717867785455724,0.19568794172570286,0.9713730949226069,4.776952016067282,20.0702908581523,True,-0.5012176659240817,imu,-0.8290397808000001,-9.937710619200002,2.0929366472,3.43200916,2.04068642,-12.58082765,74.34306917685385,-4.819442765677076,-0.3776018329680104
232.01212,0.22026974419642564,0.57434632243973,4496.629603205623,7.407099893381095,0.13937366332942613,-0.5198964268430152,-179.84718269917792,18598.896853878166,-0.003743030174484438,-0.5198142451966294,1.162571961639539,0.18582985349475498,0.13937366332942613,0.27249272192566176,1.2348232163914443,-0.0027321867866529383,66.84328618852228,0.04053141080490266,0.22161149767949206,0.5743742551358284,66.84581567637746,-179.8443374642205,0.4723747850962609,1.1601834811904947,0.0,0.11916663393497623,0.3551839761947276,0.1918996601779976,10.96993996482632,-0.08004504088723295,0.0,0.0,1779.9499999999998,-3.3036900000000013,0.0,0.0,0.0,0.0,0.0,0.0,0.0,0.0,0.0,0.0,0.0,1256.0899999999992,-0.09666209999999997,0.0,0.0,0.0,0.0,0.0,0.0,0.0,0.0,0.0,0.012867443328884096,0.37637318427752403,5724.389706034642,-219.77793599467975,0.0,2.7963853088922165e-08,0.0,-7.297512785179678e-09,53.91026338670784,-0.03389408155473511,53.91026338670784,0.0,1.4400316447835482,1.8143606511768262,0.6127303111871576,4476.8881272453655,16.25800486093071,0.0,-1.5548320720131416e-18,0.0,2.526879238316577e-16,21.19434071665391,-0.055183997349223496,21.19434071665391,0.0,5.793582900099761,998.9999999999998,3.970338803736885,2.0054880644441626,20.581912462853094,gaze,0.5079722692721571,0.35265550618035846,-81.18151297463194,187.16061663817928,1038.0589904139588,28.756368601921245,0.11238405016079536,-34.6221019640396,0.017318180404644414,0.23494742792522127,0.9625619583491479,4.773276821861685,-29.700571357863314,-2.038582263016916,-33.13925994149139,-0.07660743787117912,0.1610796127104557,0.9785899993137388,4.754126690841591,-0.543274648068981,-1.4310298391556042,-33.09163300040488,-0.028229874625992992,0.19647850633675035,0.9710542939808153,4.775611070451905,21.526405715072002,True,-0.5053859655260539,imu,-0.8727049352000001,-10.0794728328,2.0941329528,2.69927198,1.95844041,-13.27618028,74.28733768719638,-4.819769783955315,-0.3438902268208296
232.016,0.308232,0.0373743,4496.56,7.36907,0.0181066,-0.546444,-179.704,18601.6,-5.58e-05,-0.546346,3.8288,-0.0754822,0.0181066,0.345446,-0.0154042,-0.00327526,66.9625,-0.00183658,0.308326,0.0373854,66.9656,-179.704,0.0190937,0.103712,0.0,0.055873,0.459,0.0,11.0,-0.075455,0.0,0.0,1779.95,-3.30369,0.0,0.0,0.0,0.0,0.0,0.0,0.0,0.0,0.0,0.0,0.0,1256.09,-0.0966621,0.0,0.0,0.0,0.0,0.0,0.0,0.0,0.0,0.0,0.0128389,0.376376,5724.4,-219.846,0.0,2.92e-08,0.0,-7.3e-09,53.9105,-0.0338649,53.9105,0.0,1.44004,1.455,0.544415,4476.88,16.2616,0.0,-3.13e-19,0.0,5.27e-17,20.5987,-0.0489872,20.5987,0.0,5.45117,999.0,4.0,2.0,20.5521448911036,gaze,0.5085874028697582,0.3522296530373194,-80.49094847230899,183.7158307722375,1042.4309339666402,28.74925232993303,0.12087179251864968,-34.638142740111675,0.016727315869311244,0.23537489581392762,0.9624411703435373,4.7719747478965235,-29.708998483590285,-2.0322305909374303,-33.14452004501704,-0.07730918370966061,0.16143131365604704,0.9784493741149671,4.753858453021333,-0.5459473866425416,-1.4260335153476191,-33.0952839594064,-0.028939710688582605,0.19684628655148392,0.970905285628327,4.774993856093105,20.778059324278274,True,-0.5073088629172742,imu,-1.1727333496803518,-9.691577020226656,2.0278642309572734,0.5355406937465271,1.887033052070859,-14.463685031457562,74.26119696728112,-4.819803795846757,-0.32771245599617915
232.018491,0.2164821608001724,0.5864122105022214,4496.511254017928,7.406355081224321,0.14347908917493135,-0.518993803324217,-179.84148100420128,18600.549086123625,-0.003794923511224272,-0.518909875711253,1.2356357500854165,0.18787831649422715,0.14347908917493135,0.24758513237538876,1.252454697064712,-0.0027902523804003068,66.84857899000882,0.04056481961837044,0.2178130383355038,0.586436809963753,66.85109908660277,-179.8368887052378,0.5334143230139028,1.2094998012838427,0.0,0.1175542353670451,0.4597765315310503,1.2482949328835926,11.052211433002848,-0.07987741658087755,0.0,0.0,1779.9499999999994,-3.3036900000000013,0.0,0.0,0.0,0.0,0.0,0.0,0.0,0.0,0.0,0.0,0.0,1256.0899999999992,-0.09666209999999997,0.0,0.0,0.0,0.0,0.0,0.0,0.0,0.0,0.0,0.012825742492639947,0.3763773210617277,5724.4092253436,-219.8713434272987,0.0,2.7856417634217857e-08,0.0,-7.301978107350787e-09,53.910554082415906,-0.033894636934732575,53.910554082415906,0.0,1.440039700558166,1.8396172788982232,0.6173085504243915,4476.89280735278,16.221381446097766,0.0,-1.5221814707066349e-18,0.0,2.434349755029965e-16,21.231378072756215,-0.05559640957705057,21.231378072756215,0.0,5.82854144880652,998.9999999999998,3.9703399259448706,2.005496938833308,20.463200457835416,gaze,0.5376196896488915,0.373673762356242,-80.67614635065253,181.4282858199149,1046.696233992155,28.44175640156384,0.304984601155514,-34.30709794758488,-0.0720611008981463,0.1675272438794015,0.9832302987070318,4.838297843933105,-29.84915840673465,-1.752216343309782,-33.50746407328067,-0.0735068547607162,0.164030454939579,0.9837127386363876,4.885534286499023,-0.5705611271783461,-0.9513370946331048,-33.62772709255951,-0.0739647657905053,0.1804881961249602,0.9800489688476864,4.860394525527954,20.64789470933631,True,1.0,imu,-1.174603968226219,-9.690894238752012,2.02995938882774,0.359827934107369,1.8900483194128104,-14.747851970630286,74.2443760398909,-4.819786108063891,-0.3171803821053046
232.020434,0.2153249848063865,0.5901130430867122,4496.475158369866,7.406123439788056,0.1447433523591639,-0.5187160346723158,-179.83969640381764,18601.025487498802,-0.003810725214476488,-0.5186315646240449,1.2578517013305275,0.1885033333697245,0.1447433523591639,0.24015636634895565,1.257825244020982,-0.002808292335734451,66.85017682054647,0.04057175608621982,0.21665238889240018,0.5901366081013871,66.85269404554936,-179.8345729816308,0.5527482646242173,1.2246707460527622,0.0,0.11706257186762287,0.49268087136393707,1.6985103790532383,11.076571873865966,-0.07982647127241574,0.0,0.0,1779.95,-3.303690000000002,0.0,0.0,0.0,0.0,0.0,0.0,0.0,0.0,0.0,0.0,0.0,1256.0899999999995,-0.09666209999999999,0.0,0.0,0.0,0.0,0.0,0.0,0.0,0.0,0.0,0.012813051846528655,0.3763785799815539,5724.415181282555,-219.8998300391745,0.0,2.782372426335109e-08,0.0,-7.303339808498533e-09,53.910642548544914,-0.03389480513580783,53.910642548544914,0.0,1.4400421520807556,1.847305178782036,0.6187051442000417,4476.894241153733,16.210202877763614,0.0,-1.5121819830536959e-18,0.0,2.406065263094246e-16,21.242633671869385,-0.055722214294946545,21.242633671869385,0.0,5.839207828751151,999.0,3.970343297379539,2.0054990675743465,20.426996285142167,gaze,0.509293610743449,0.35174363152775084,-78.57992290690345,180.96514775139767,1051.0374265040691,28.741079544866714,0.1296471196814594,-34.65413124130051,0.01604741702207724,0.2358625604849335,0.9623030195319952,4.770490622678402,-29.71866557046226,-2.02493221744997,-33.150581498777285,-0.07811214840796066,0.16183228203066868,0.9782885111056194,4.753559365193603,-0.5490077729208863,-1.4202770809576133,-33.09950991540426,-0.029754115446236604,0.19726564611903283,0.9707348277284634,4.774294986173155,18.417262412708016,True,-0.5094888293583157,imu,-0.8960328944000001,-10.0860525136,2.1013107864,1.45062801,1.89114822,-14.27808622,74.23123691345069,-4.819750932296413,-0.3088874396138963
232.028749,0.21036228429210818,0.6060617900965772,4496.320677776284,7.405108083009101,0.15021869549259614,-0.5175141100906347,-179.83181437858926,18602.927808240234,-0.003878208549904922,-0.5174272655105311,1.3521697595011428,0.19117950809358092,0.15021869549259614,0.20970740796440304,1.2807699898730482,-0.0028872639486178034,66.85692807929048,0.04058396466019132,0.2116739849566609,0.6060808327004826,66.85943297691142,-179.82442746211103,0.639561604146186,1.2902839074274,0.0,0.11495905858716941,0.6389485416597066,4.139565435264934,11.176988942147814,-0.07960939531284571,0.0,0.0,1779.9499999999991,-3.3036900000000005,0.0,0.0,0.0,0.0,0.0,0.0,0.0,0.0,0.0,0.0,0.0,1256.089999999999,-0.09666209999999996,0.0,0.0,0.0,0.0,0.0,0.0,0.0,0.0,0.0,0.012758885327828422,0.3763839532733513,5724.4406854833105,-220.0217354760045,0.0,2.7684196993289916e-08,0.0,-7.309166561589305e-09,53.91102014119661,-0.033895518619742666,53.91102014119661,0.0,1.4400526154118687,1.8801020343635804,0.6246832251824644,4476.900411431048,16.162315621024383,0.0,-1.4691744290091556e-18,0.0,2.284694749442504e-16,21.290586651074918,-0.05626070819113996,21.290586651074918,0.0,5.884877783163779,998.9999999999998,3.9703737616456523,2.0055051154655246,20.272062751941476,gaze,0.5106269468362317,0.35083425872234836,-72.31325654158123,178.8043756879851,1065.946941481484,28.725640961322483,0.1434751930063006,-34.67738359914866,0.01475935615757201,0.23677444279600907,0.9620436579768851,4.767718412337122,-29.736895214087703,-2.0111354141319064,-33.162089888194096,-0.07962057703860956,0.1625812858860173,0.9779864415948702,4.753019437077889,-0.5547528249072571,-1.4093514874882092,-33.10758647589246,-0.03129023338568009,0.1980492016696741,0.9704147263004103,4.773002579102522,11.878234822899344,True,-0.5135259119753004,imu,-0.9151737840000002,-10.105791556,2.1210498288,-0.03727708,1.77151766,-15.27251525,74.17485600836149,-4.8193898987524255,-0.27264738395458077
232.028752,0.21036049072221336,0.6060675768486362,4496.320622037598,7.405107709575725,0.15022069006372163,-0.5175136725617624,-179.83181146252898,18602.928456249676,-0.0038782328548180667,-0.5174268271092661,1.352203490978809,0.1911804740483574,0.15022069006372163,0.2096969032089796,1.2807782563760046,-0.002887292962732265,66.85693048971329,0.04058396389727148,0.21167218547340014,0.6060866177927425,66.8594353828755,-179.8244237322469,0.6395941713369466,1.290307781938539,0.0,0.11495829983477093,0.6390029362443271,4.140528988627749,11.177024055284665,-0.0796093172714011,0.0,0.0,1779.9499999999998,-3.3036900000000013,0.0,0.0,0.0,0.0,0.0,0.0,0.0,0.0,0.0,0.0,0.0,1256.0899999999995,-0.09666209999999999,0.0,0.0,0.0,0.0,0.0,0.0,0.0,0.0,0.0,0.012758865826548725,0.37638395520785073,5724.440694689741,-220.02177945813534,0.0,2.768414676538789e-08,0.0,-7.309168663670182e-09,53.9110202771391,-0.03389551887529128,53.9110202771391,0.0,1.4400526191788319,1.880113832452212,0.6246853823757027,4476.900413667331,16.16229832931771,0.0,-1.4691588502928286e-18,0.0,2.2846508667608965e-16,21.290603888536538,-0.05626090250402953,21.290603888536538,0.0,5.884894267094655,998.9999999999999,3.970373777335509,2.005505116749796,20.272006853244463,gaze,0.5106274299543911,0.35083393115013195,-72.31060220855795,178.80392008264658,1065.9490178023482,28.725635365448905,0.14347956929790243,-34.67739040806019,0.014758888424971743,0.23677477114069195,0.9620435643406193,4.767717414686958,-29.736901814241566,-2.0111304111068766,-33.16209407307743,-0.07962112183997533,0.16258155539869562,0.9779863325236139,4.753019247120113,-0.5547548970408404,-1.4093475155078465,-33.10758942508653,-0.03129078963160786,0.1980494836662165,0.9704146107148749,4.773002117008383,11.876117336281643,True,-0.5135273564101596,imu,-1.1822238427125416,-9.688063096368833,2.0386593662201,-0.509713625950919,1.889331620035297,-15.8555598991973,73.93899960000002,-4.180996400000003,0.6286855999999896
232.032,0.192694,0.0402011,4496.26,7.36753,0.017907,-0.547017,-179.703,18605.3,-9.67e-05,-0.546918,5.06784,0.000615323,0.017907,0.558838,-0.00965295,-0.0032795,66.9759,-0.00166215,0.192755,0.0402076,66.979,-179.703,0.0501245,0.106691,0.0,0.0295446,0.513,6.0,11.0,-0.075455,0.0,0.0,1779.95,-3.30369,0.0,0.0,0.0,0.0,0.0,0.0,0.0,0.0,0.0,0.0,0.0,1256.09,-0.0966621,0.0,0.0,0.0,0.0,0.0,0.0,0.0,0.0,0.0,0.0127337,0.376388,5724.45,-220.084,0.0,2.89e-08,0.0,-7.31e-09,53.9112,-0.0338661,53.9112,0.0,1.44006,1.455,0.55476,4476.89,16.1686,0.0,-2.99e-19,0.0,5.03e-17,20.6835,-0.0499175,20.6835,0.0,5.53175,999.0,4.0,2.0,20.25217840482619,gaze,0.5111513345351981,0.350479516570214,-69.42301349412115,178.28236042561267,1065.7252801976647,28.719566282370483,0.14796075503180528,-34.684096015640044,0.014251242049563479,0.23712996642049594,0.961942165035001,4.76663835802678,-29.74405701595357,-2.0057034105749203,-33.166638538219104,-0.08021118119044628,0.16287302854697205,0.9778682115969923,4.752815603571283,-0.5569972684281959,-1.4050347026937753,-33.110797136516254,-0.031893849910484114,0.19835448135516873,0.9702894336592,4.772503569366456,10.003491849065387,True,-0.5150860234060366,imu,-1.184607136449213,-9.687160806992413,2.041436217493339,-0.8289379235530249,1.8849024656569615,-16.179309407229233,74.15276007013348,-4.8191564897220935,-0.25815674703320995
232.037064,0.2053828361127377,0.6221909681088618,4496.166180373755,7.404053111289784,0.1558003056383177,-0.516290613836012,-179.82352901557815,18604.624637531982,-0.003945447203530004,-0.5162013073486937,1.4444665975595614,0.1938578844930736,0.1558003056383177,0.182350147640418,1.3036465027294537,-0.002969143090319891,66.86353841110954,0.04056728892217196,0.20667745083851768,0.6222053314892576,66.86603092077134,-179.81389481421755,0.7335304280820645,1.3570143401373964,0.0,0.11285665832857249,0.7943262632801322,6.492621812806369,11.27123959795407,-0.07939387187745603,0.0,0.0,1779.9499999999998,-3.303690000000002,0.0,0.0,0.0,0.0,0.0,0.0,0.0,0.0,0.0,0.0,0.0,1256.0899999999995,-0.09666209999999997,0.0,0.0,0.0,0.0,0.0,0.0,0.0,0.0,0.0,0.012704949340200047,0.376389303595391,5724.466215573732,-220.1436376573448,0.0,2.754529700847322e-08,0.0,-7.314992344037553e-09,53.91139612589398,-0.03389622163570198,53.91139612589398,0.0,1.440063033686338,1.912685130329904,0.6306628559334952,4476.906637712776,16.11434940191259,0.0,-1.4258289442681182e-18,0.0,2.1628227678780456e-16,21.33818324942918,-0.05679932557988747,21.33818324942918,0.0,5.930581952604298,999.0,3.9704302901352233,2.0055061803325516,20.117131514402057,gaze,0.5119714798976281,0.3499279320574093,-65.5152809975192,177.15615669860173,1054.1358948958068,28.710062339862937,0.15393087861567514,-34.69190564744862,0.013454860885549135,0.23768254818881654,0.9617839912537215,4.764960203011792,-29.755249535547673,-1.9972014782858076,-33.17377759270698,-0.0811319748480141,0.1633261580783168,0.9776839255899313,4.752506048873908,-0.560486913103661,-1.3982615009720416,-33.11585645701603,-0.032837331521277734,0.19882873496800046,0.9700941337608747,4.7717331522470054,9.45391906260934,True,-0.5174954035521602,imu,-0.9899428840000002,-10.1321102792,2.0971237168,-1.11395212,1.69674856,-15.95291406,74.11830419350801,-4.818690355973138,-0.23523822767645955
232.038582,0.2044720196110073,0.6251550358218598,4496.137973290379,7.403856172197055,0.1568308634477561,-0.5160649075761993,-179.82197221718587,18604.913839137764,-0.003957694017793446,-0.5159751420874091,1.461007934195158,0.19434707738358042,0.1568308634477561,0.17779369105646053,1.3078148607904085,-0.002984408925621497,66.86472993602445,0.040561067911102755,0.2057633634766199,0.6251685278227412,66.86722017777836,-179.81192959469752,0.7515195325716291,1.3693172633018225,0.0,0.11247298551280954,0.823704673167508,6.756220769178894,11.287785778927033,-0.0793546957348028,0.0,0.0,1779.9499999999998,-3.3036900000000013,0.0,0.0,0.0,0.0,0.0,0.0,0.0,0.0,0.0,0.0,0.0,1256.0899999999992,-0.09666209999999997,0.0,0.0,0.0,0.0,0.0,0.0,0.0,0.0,0.0,0.012695127505339111,0.37639027788673113,5724.470879183412,-220.1658919686262,0.0,2.7520007617700706e-08,0.0,-7.316055803674626e-09,53.911464593247615,-0.03389634882700171,53.911464593247615,0.0,1.4400649308136995,1.918605542982218,0.6317545965743012,4476.907780467302,16.105584131792675,0.0,-1.4178803947277524e-18,0.0,2.1405227243181464e-16,21.346833254050306,-0.05689766273351292,21.346833254050306,0.0,5.938929051027186,999.0,3.9704434297933386,2.0055058349913963,20.088847342776056,gaze,0.529966874901208,0.3768601122412082,-63.72364976100643,177.500817342584,1048.325530218841,28.53326911312909,0.4746595705323982,-34.42654623955829,-0.0566021667274089,0.1704024208640134,0.983747533509206,4.882010459899902,-29.82317628304377,-1.672481312626658,-33.6381057568065,-0.0582153408279718,0.1537794048463333,0.98638880201338,4.835134029388428,-0.5923060394834554,-0.8423568453462936,-33.75439912958662,-0.0674861119459838,0.1744962244461003,0.9819330177799956,4.863718700408936,8.819776378582096,True,1.0,imu,-1.1893945745486287,-9.685323520317997,2.0470966881654773,-1.530458831579587,1.8701295282280996,-16.785629023830744,74.1079695832275,-4.81852639560359,-0.22828768304740685
232.04551,0.20030841726455212,0.6387592576659133,4496.009232097234,7.402940102733254,0.16157994185974534,-0.515025570967327,-179.81469139754884,18606.158595867735,-0.004013468763148194,-0.5149336727607506,1.534937882883908,0.19658053406998946,0.16157994185974534,0.15912805368340635,1.326805027529805,-0.003055341219418528,66.870107883858,0.04052000837537878,0.20158423015560345,0.6387687048653462,66.87258775096905,-179.80279237236857,0.8371291493167088,1.4259385341110398,0.0,0.11072259901541558,0.9618625210146026,6.768189443265021,11.360732600809607,-0.0791765762693992,0.0,0.0,1779.9499999999994,-3.303690000000001,0.0,0.0,0.0,0.0,0.0,0.0,0.0,0.0,0.0,0.0,0.0,1256.0899999999992,-0.09666209999999997,0.0,0.0,0.0,0.0,0.0,0.0,0.0,0.0,0.0,0.01265039860250132,0.37639471478974373,5724.492174386105,-220.2674570476045,0.0,2.7404860168501857e-08,0.0,-7.320908916545454e-09,53.91177639506479,-0.03389692471543637,53.91177639506479,0.0,1.4400735701506553,1.9454978491783121,0.6367372575064257,4476.913019801891,16.065547242989712,0.0,-1.3814697539179538e-18,0.0,2.0385599278318465e-16,21.38615385132926,-0.057346462490842146,21.38615385132926,0.0,5.977035646348975,998.9999999999998,3.9705144704285837,2.0055021370183344,19.959762798183437,gaze,0.5133480088094977,0.34901088471171743,-65.46091622942504,176.86733599059826,1014.9217762482081,28.694102701500388,0.16117569348711308,-34.697832994579215,0.012113712001173478,0.23860067218479675,0.9615200090599995,4.762172544065732,-29.774011943742455,-1.982915745952451,-33.1858267288287,-0.08266964738618507,0.16407815602224296,0.9773762866323881,4.752010798801232,-0.5662773547778953,-1.3868357748601954,-33.12444935515168,-0.03441931911764634,0.19961608442078402,0.9697680950199582,4.77046638159092,15.617956490269618,True,-0.5214569064881135,imu,-1.0832547208,-10.1039970976,2.0989181752,-2.45231901,1.48739508,-16.64826669,74.0607915973461,-4.817637037839616,-0.19611040541249986
232.048,0.130625,0.0418968,4495.97,7.36599,0.0178481,-0.546256,-179.701,18607.4,-9.64e-05,-0.546157,5.21004,0.0908327,0.0178481,0.674973,0.00274422,-0.00327888,66.9837,-0.00136922,0.130692,0.0419014,66.9867,-179.701,0.466339,0.111975,0.0,0.0,0.594,6.0,11.0,-0.075455,0.0,0.0,1779.95,-3.30369,0.0,0.0,0.0,0.0,0.0,0.0,0.0,0.0,0.0,0.0,0.0,1256.09,-0.0966621,0.0,0.0,0.0,0.0,0.0,0.0,0.0,0.0,0.0,0.0126306,0.376399,5724.5,-220.318,0.0,2.81e-08,0.0,-7.32e-09,53.9119,-0.0338691,53.9119,0.0,1.44009,1.455,0.564779,4476.91,16.0766,0.0,-2.86e-19,0.0,4.8e-17,20.7673,-0.0508202,20.7673,0.0,5.60871,999.0,4.0,2.0,19.96221243750576,gaze,0.5137558140019014,0.3487412746779246,-68.31636547649664,178.70930277604063,1006.0722111366983,28.689372632486112,0.16267478402246405,-34.69790722110633,0.011715330808080841,0.23887046178771656,0.9614421530503834,4.761353348865067,-29.779564968173226,-1.9786798528927259,-33.18941216911224,-0.08312336461041661,0.1642989137267718,0.9772855363114529,4.751869698784342,-0.5679745781094353,-1.3834373999509317,-33.12701892646438,-0.03488762811278782,0.19984729667008305,0.9696719138408922,4.770097150472598,18.29462855656151,True,-0.5226110533388832,imu,-1.1961464954622236,-9.682674536087625,2.055272110823443,-2.63612608816735,1.8364334010749137,-17.51725391491749,74.04383810888514,-4.817261134168192,-0.18436791924611265
232.053956,0.19521798793923006,0.6555142686381618,4495.852267266931,7.401784473747486,0.1674718528018012,-0.5137378924842991,-179.80541977252017,18607.521030981075,-0.004081185101237303,-0.5136433092114179,1.6207573847085148,0.19930509514173178,0.1674718528018012,0.1421050439392701,1.3498757532213697,-0.0031446456269785365,66.87653049313693,0.0404413577885695,0.19647350887038992,0.6555186323826306,66.8789976604759,-179.79127521135928,0.9498592263827625,1.4960122967859573,0.0,0.1085903469929084,1.1395940960417308,4.792882163022312,11.444012387388346,-0.07896095153347181,0.0,0.0,1779.9499999999998,-3.3036900000000013,0.0,0.0,0.0,0.0,0.0,0.0,0.0,0.0,0.0,0.0,0.0,1256.0899999999995,-0.09666209999999999,0.0,0.0,0.0,0.0,0.0,0.0,0.0,0.0,0.0,0.012596083669791786,0.376400102477014,5724.518159908993,-220.39127310810574,0.0,2.7265089476507806e-08,0.0,-7.3268244886822794e-09,53.91215501957578,-0.03389761639390971,53.91215501957578,0.0,1.4400840604915646,1.9779580267789472,0.6428111762130528,4476.9194604424665,16.016664813251175,0.0,-1.3367928171008518e-18,0.0,1.9138665700041809e-16,21.43373435249618,-0.05789353826018669,21.43373435249618,0.0,6.023513333032561,999.0,3.9706256818712666,2.005492908312224,19.80239860576051,gaze,0.5147347855636984,0.34809786126428327,-82.35010643380878,190.11488910170607,1007.79935978003,28.678014208438505,0.16510618911024152,-34.69504272366871,0.010757059061166705,0.2395140541939373,0.9612558885837551,4.759398671432064,-29.79288548657624,-1.9685048237475178,-33.19804825326474,-0.08420922652991826,0.16482513070581262,0.9770683881803648,4.751541034435722,-0.5720106456174919,-1.3752550511587194,-33.133230980403525,-0.03601117893626812,0.20039858786008927,0.9694417652508951,4.769221572967018,23.434875942247483,True,-0.5253460053030783,imu,-1.067702748,-10.0585374848,2.084562508,-3.73834753,1.37524143,-17.53054207,74.00331463367417,-4.816242130575562,-0.15591454828905615
232.058563,0.1924348192723498,0.6647323424343695,4495.766641564114,7.401135834205847,0.17073348868569926,-0.5130258986022659,-179.80017623494308,18608.198454589947,-0.00411798366180394,-0.5129298107895477,1.6650939410868093,0.20079198900507517,0.17073348868569926,0.13606627528661513,1.362419826315298,-0.003194686803912491,66.87997164250032,0.04038494696815356,0.19367863190554419,0.6647338618243362,66.88243185940692,-179.78481540025436,1.0155564267272725,1.5347188583429932,0.0,0.10742815999580964,1.2409913074896666,4.443992058631041,11.486849959036517,-0.07884405268185007,0.0,0.0,1779.9499999999998,-3.3036900000000005,0.0,0.0,0.0,0.0,0.0,0.0,0.0,0.0,0.0,0.0,0.0,1256.0899999999992,-0.09666209999999999,0.0,0.0,0.0,0.0,0.0,0.0,0.0,0.0,0.0,0.012566555782330305,0.3764030313997724,5724.532345368458,-220.45880907568147,0.0,2.71891337011886e-08,0.0,-7.330050806613406e-09,53.91236085546714,-0.033897988764629516,53.91236085546714,0.0,1.4400897632329581,1.9954911237564037,0.64612370201426,4476.922998407032,15.989967529225247,0.0,-1.3122948933707111e-18,0.0,1.8456852822511067e-16,21.459519332661415,-0.0581918886891121,21.459519332661415,0.0,6.048873334645812,998.9999999999999,3.970697753446393,2.0054856825419645,19.71656419950061,gaze,0.5470682693684017,0.3531169518218689,-100.50176827124972,205.64477232293103,1037.423602023829,28.555729226020745,0.5514636128600885,-34.48444556913024,-0.0477395072134768,0.1781804663892211,0.9827674622318292,5.029559017905529,-29.7581585793768,-2.301662774796518,-32.84021921858576,-0.1341021170191864,0.1977324549318394,0.9668514237425456,4.778967965670187,-0.6052564344716469,-0.8181412318086003,-33.77269920302691,-0.071025698505425,0.1751569216421432,0.9810314305287754,4.87187576201724,25.64166710893124,True,1.0,imu,-1.203581855554922,-9.679676308717418,2.064545224266467,-3.9674006253771767,1.7829427256572856,-18.114962246083365,73.97201585724987,-4.815338658800329,-0.13356462218068013
232.062401,0.1901128040244295,0.6724542443173641,4495.695304874036,7.400585474319257,0.1734766616162473,-0.5124275416426822,-179.79570620960757,18608.729984146583,-0.004148561087115126,-0.5123301786576097,1.700469968899605,0.2020310619105949,0.1734766616162473,0.13307610535196984,1.3728470026169084,-0.0032370995568177623,66.88280478335314,0.04033054806312486,0.1913465129252347,0.6724533551649864,66.88525919793287,-179.77933694408057,1.0727169134045753,1.5672248769558268,0.0,0.10646049239147691,1.327929640083448,5.487318155394466,11.521155369525856,-0.07874705843812661,0.0,0.0,1779.9499999999994,-3.3036900000000005,0.0,0.0,0.0,0.0,0.0,0.0,0.0,0.0,0.0,0.0,0.0,1256.0899999999992,-0.09666209999999999,0.0,0.0,0.0,0.0,0.0,0.0,0.0,0.0,0.0,0.01254200990419386,0.37640546611978926,5724.54416906026,-220.51507119472805,0.0,2.7126011190838013e-08,0.0,-7.332738360794378e-09,53.91253196209392,-0.033898296282517414,53.91253196209392,0.0,1.440094503657718,2.0099941209611525,0.6488828216569975,4476.925959250806,15.967708529524446,0.0,-1.2918195205269242e-18,0.0,1.7888025726254647e-16,21.480907695568455,-0.05844039109457723,21.480907695568455,0.0,6.070003689783047,998.9999999999998,3.9707639490698767,2.005478479323541,19.645058673329288,gaze,0.5161309995014619,0.3471894016235105,-116.88214745924617,223.32453634767847,1076.8663256833715,28.661806513278748,0.16581986737159796,-34.68376834143054,0.009385783508398483,0.2404221716446174,0.9609917484595998,4.756638586008625,-29.81185926897347,-1.9539784877329427,-33.21043443226737,-0.08574995927583821,0.1655666217734727,0.9767603661537214,4.751095867249759,-0.5776633317834163,-1.363527954537812,-33.1421948833056,-0.03761200141574461,0.20117581168757892,0.9691152897365536,4.76799800625159,22.92448567574738,True,-0.5291609406421706,imu,-1.0593286088,-9.956253356,2.129423968,-5.054283689999999,1.28551851,-18.42029436,73.94598594295103,-4.814509720827831,-0.11472760837570287
232.064,0.106527,0.0483796,4495.67,7.36444,0.0180059,-0.544038,-179.699,18608.8,-0.000208207,-0.54394,4.84145,0.178937,0.0180059,0.828502,0.015453,-0.00327358,66.9886,-0.000915243,0.106593,0.0483831,66.9916,-179.699,0.647785,0.120213,0.0,0.00321611,0.702,6.0,11.0,-0.075455,0.0,0.0,1779.95,-3.30369,0.0,0.0,0.0,0.0,0.0,0.0,0.0,0.0,0.0,0.0,0.0,1256.09,-0.0966621,0.0,0.0,0.0,0.0,0.0,0.0,0.0,0.0,0.0,0.0125275,0.376411,5724.55,-220.553,0.0,2.74e-08,0.0,-7.33e-09,53.9126,-0.0338722,53.9126,0.0,1.44011,1.455,0.574798,4476.92,15.9845,0.0,-2.72e-19,0.0,4.58e-17,20.8511,-0.051723,20.8511,0.0,5.68568,999.0,4.0,2.0,19.662248341265613,gaze,0.5163963911734062,0.34701792803683124,-123.92601620165496,230.41029595942933,1094.0526942033055,28.658724695510085,0.16560144881606376,-34.680700857651075,0.009124536305939948,0.24059350292836276,0.9609417367993716,4.756117472614729,-29.815462653535892,-1.9512154980440872,-33.21279785800726,-0.08604179002454494,0.16570638014712025,0.9767020344650891,4.751014264683027,-0.5787227751308935,-1.361291466339733,-33.143912335455596,-0.03791607749557034,0.20132236172913567,0.9690534618547261,4.767768637516327,21.836519709683845,True,-0.529874866583775,imu,-1.2073524474063877,-9.67812220603505,2.069359996274652,-4.669683340798984,1.7496999719472008,-18.321184871292438,73.9351557369918,-4.814144000534145,-0.10682305039637138
232.070847,0.18499231430129764,0.689583441839359,4495.53830815369,7.399341916490972,0.17959714083064826,-0.5110940132836017,-179.78553922939292,18609.802483788135,-0.00421558511335198,-0.5109937736332666,1.7725860723898552,0.20475889609000308,0.17959714083064826,0.134032547222658,1.3957151215440586,-0.003332779791184688,66.88893152916835,0.04018673955864843,0.18620265296885194,0.6895771262787963,66.89137313774305,-179.76696683829763,1.2068357201986066,1.6395904419717893,0.0,0.10433287290982318,1.5273669093080047,12.011355105706969,11.592271460415125,-0.07853488237583965,0.0,0.0,1779.9499999999998,-3.3036900000000013,0.0,0.0,0.0,0.0,0.0,0.0,0.0,0.0,0.0,0.0,0.0,1256.0899999999995,-0.0966621,0.0,0.0,0.0,0.0,0.0,0.0,0.0,0.0,0.0,0.012488163475616614,0.3764108070843226,5724.5702079988105,-220.63888064139263,0.0,2.6987602395723425e-08,0.0,-7.338651934022048e-09,53.91290731907385,-0.033898964229433295,53.91290731907385,0.0,1.44010490230425,2.041545204212743,0.6549525451077975,4476.932518156734,15.918667419936991,0.0,-1.246555570206857e-18,0.0,1.6633842199376192e-16,21.527673418184317,-0.05898705208554697,21.527673418184317,0.0,6.116511830430518,999.0,3.970929328483738,2.005458833378231,19.487706857038972,gaze,0.5175363450044159,0.3462857156682449,-146.0756838201079,251.49304854349282,1136.2189690775706,28.64548340355529,0.16342305024679837,-34.664291226098705,0.008000269679628684,0.24132483127812474,0.960727612399583,4.753891313745184,-29.830929260686947,-1.9393412375139263,-33.22298201074792,-0.08729164835731339,0.16630243881918408,0.9764522457448426,4.750674262828718,-0.5832142634317161,-1.3516588428409686,-33.151337865266065,-0.039221455944056065,0.20194760400914746,0.9687886963882468,4.766794539305914,17.045765428460975,True,-0.5329013252108046,imu,-1.0862454848,-9.998124052,2.1485648576,-5.958989799999999,1.13598031,-19.09321626,73.88889693425989,-4.812443257093321,-0.07261333679861076
232.078654,0.18024672696205712,0.7055834088017752,4495.3931757092,7.398152145532837,0.18535798941503911,-0.5098407288082555,-179.7757311746121,18610.685697243083,-0.00427719392185259,-0.5097377427500603,1.831145837635563,0.20728156379242568,0.18535798941503911,0.14570457876085618,1.4167509602447925,-0.0034241289897088585,66.89446224397632,0.04002375961182039,0.181434051025738,0.7055719211351134,66.89689197182528,-179.75514286511174,1.3418507955988923,1.7074963073125091,0.0,0.1023687353608124,1.7219816593781947,17.077792423849953,11.6527232591445,-0.07834034033755394,0.0,0.0,1779.95,-3.3036900000000013,0.0,0.0,0.0,0.0,0.0,0.0,0.0,0.0,0.0,0.0,0.0,1256.0899999999997,-0.09666210000000001,0.0,0.0,0.0,0.0,0.0,0.0,0.0,0.0,0.0,0.012438597922420802,0.376415723314259,5724.594300660071,-220.75332010134895,0.0,2.6860284176317023e-08,0.0,-7.3441172151793015e-09,53.91325283391629,-0.0338995706738074,53.91325283391629,0.0,1.4401144736794602,2.0702144958945397,0.6605597467265418,4476.938633942806,15.87326687448692,0.0,-1.2044768309034295e-18,0.0,1.547193188779072e-16,21.570523257035866,-0.05949203955321854,21.570523257035866,0.0,6.159507040011233,999.0000000000001,3.971106299865184,2.0054360268559295,19.342266807404343,gaze,0.5642638109449244,0.3292430798442352,-137.4823587817115,233.9436662476763,1026.461656207,28.57831298699899,0.6286904791033257,-34.54266364782652,-0.0388280567207855,0.1860013318437529,0.9817819954366844,5.177919864654541,-29.69278293829909,-2.934308025607725,-32.0379401314831,-0.2104066673649241,0.2419274766658963,0.9472064877113432,4.722492694854736,-0.6083592933681079,-0.8635365961453998,-33.70011530153751,-0.0830425998823692,0.1824234598565962,0.9776087969700434,4.887809800179471,18.719272671751007,True,1.0,imu,-1.2173241388837415,-9.673898245369097,2.082473786494954,-6.541076378088118,1.6438609382599016,-18.514853321472433,73.83643647125567,-4.810239544510315,-0.03292978533513724
232.079293,0.17985778771327937,0.7069000966069261,4495.381296103636,7.398053026022254,0.1858339463260783,-0.5097372647672227,-179.7749107036534,18610.753751492128,-0.004282221219551218,-0.5096340501575983,1.8355554044574396,0.20748809012933397,0.1858339463260783,0.1471783106376242,1.4184681559261616,-0.0034317309759810885,66.8949092777093,0.04000912063214182,0.1810431671146781,0.7068881788872831,66.89733803134291,-179.7541582967855,1.353403610406703,1.7130974718808893,0.0,0.10220808711287062,1.7383598909920688,17.188579023426648,11.657449054007397,-0.07832448533956045,0.0,0.0,1779.9499999999998,-3.3036900000000013,0.0,0.0,0.0,0.0,0.0,0.0,0.0,0.0,0.0,0.0,0.0,1256.0899999999997,-0.0966621,0.0,0.0,0.0,0.0,0.0,0.0,0.0,0.0,0.0,0.012434549779840494,0.37641612482979414,5724.596273645605,-220.76268680405448,0.0,2.684988981635233e-08,0.0,-7.344564508614435e-09,53.9132810529494,-0.033899619836487115,53.9132810529494,0.0,1.4401152553731578,2.0725382678686253,0.6610185254508683,4476.939136786388,15.869547906501024,0.0,-1.2010229488023201e-18,0.0,1.5376730710569973e-16,21.574014134537705,-0.05953335665729112,21.574014134537705,0.0,6.163026273615987,999.0,3.9711218099023373,2.0054339623274067,19.330362920055574,gaze,0.5189500293592036,0.3453873288078113,-135.25125069067292,229.11747976337884,1006.9715487673269,28.629054318803316,0.15802983327658096,-34.63694492223741,0.006601379238254987,0.24222152383941792,0.9604635968791311,4.751156866546287,-29.850084813711582,-1.924602618857408,-33.235683410764146,-0.08883355744351307,0.1670321344676155,0.9761441602850939,4.750275356943231,-0.5886406442979845,-1.3396561406581793,-33.16065360872514,-0.04083865333307615,0.20271354234139177,0.9684621277246772,4.765610477089093,20.693187025120327,True,-0.5365654330308834,imu,-1.1011993048,-10.025040928,2.2215394992,-7.03566484,0.97148829,-19.40724648,73.8321583601204,-4.810046781110369,-0.029651480891783127
232.08,0.0774765,0.0551955,4495.37,7.36287,0.0183799,-0.540539,-179.697,18610.1,-0.000284788,-0.540441,4.07311,0.25098,0.0183799,1.5098,0.0309915,-0.0032639,66.9935,-0.000287473,0.0775016,0.0551966,66.9965,-179.697,0.897051,0.131888,0.0,0.0,0.846,18.0,11.0,-0.075455,0.0,0.0,1779.95,-3.30369,0.0,0.0,0.0,0.0,0.0,0.0,0.0,0.0,0.0,0.0,0.0,1256.09,-0.0966621,0.0,0.0,0.0,0.0,0.0,0.0,0.0,0.0,0.0,0.0124281,0.376421,5724.6,-220.782,0.0,2.65e-08,0.0,-7.35e-09,53.9133,-0.0338773,53.9133,0.0,1.44013,1.455,0.584914,4476.93,15.8938,0.0,-2.6e-19,0.0,4.37e-17,20.9331,-0.0526389,20.9331,0.0,5.76299,999.0,4.0,2.0,19.362285712097503,gaze,0.5190687250743038,0.3453123797311726,-131.94750876287378,224.01927661718457,983.6745962524417,28.627674496593315,0.1574462580182526,-34.63431047063971,0.006483695654953131,0.2422963012870504,0.9604415047236141,4.750928542599974,-29.85169191064903,-1.9233645209725998,-33.236753408712914,-0.08896262070345504,0.16709292721816324,0.976118375591768,4.750242966103018,-0.5890885413103204,-1.3386455756624993,-33.161441084906635,-0.040974355493056835,0.20277738192744604,0.9684347955874204,4.7655122152226115,21.80554273162177,True,-0.5368686499053632,imu,-1.2182261146174016,-9.673507757799099,2.08368810627995,-6.707745702484805,1.6331049630231425,-18.506131893361207,73.82742801362136,-4.809831329108147,-0.02601916740291077
232.087738,0.17471050730236176,0.7244023400570431,4495.224287733115,7.396718040569111,0.19218768853780321,-0.5083572628463298,-179.76381265070222,18611.597758230597,-0.00434843323165248,-0.5082509736735056,1.887830738052804,0.21021813486253244,0.19218768853780321,0.1749297741785577,1.4410940727178787,-0.0035339967233952788,66.9007366569184,0.039796886244581775,0.17586930797368777,0.7243846422452618,66.903152511049,-179.74090484963008,1.513704287233514,1.787733438584846,0.0,0.10008673633136551,1.9613804023272374,13.660149241820964,11.716785363961781,-0.07811592899484156,0.0,0.0,1779.9499999999994,-3.3036900000000005,0.0,0.0,0.0,0.0,0.0,0.0,0.0,0.0,0.0,0.0,0.0,1256.0899999999992,-0.09666209999999997,0.0,0.0,0.0,0.0,0.0,0.0,0.0,0.0,0.0,0.012381174105329917,0.3764214188260653,5724.622362908926,-220.88647504045696,0.0,2.671290004278481e-08,0.0,-7.3504753853043066e-09,53.91365312690361,-0.03390026270724334,53.91365312690361,0.0,1.440125561827422,2.1028999773373998,0.6670789279969696,4476.9458147390405,15.820356455700631,0.0,-1.1552440842554106e-18,0.0,1.411731693431629e-16,21.619912519001492,-0.06007913901367291,21.619912519001492,0.0,6.209535454273787,998.9999999999997,3.9713413508360116,2.005403864264269,19.17304663501854,gaze,0.5203712642632781,0.3444947564813899,-77.79905536984253,140.5880760067331,618.137335870489,28.61252864989498,0.14976337611417923,-34.602111556013206,0.005189971214395287,0.2431117498168712,0.9601998172443607,4.7484352549209365,-29.869315356336006,-1.90977211792638,-33.248531049333785,-0.09037495830856296,0.16775527100209064,0.9758362418103813,4.749898285268184,-0.5939201757407438,-1.3275282450262924,-33.17013576921016,-0.0424627103199363,0.20347321279825703,0.9681357248879712,4.76444512660341,41.1953725774191,True,-0.5401515952124343,imu,-1.1329014032,-10.0232464696,2.2741769456,-8.321693360000001,0.58268897,-19.37733884,73.77587958984913,-4.807324488127436,0.014076474038437314
232.096,0.0720918,0.0678046,4495.07,7.36128,0.0190545,-0.536024,-179.695,18611.3,-0.000341818,-0.535927,2.9868,0.307465,0.0190545,2.29655,0.0527531,-0.0032498,66.9978,0.000565527,0.0720419,0.067802,67.0008,-179.695,2.18478,0.148986,0.0,0.0,1.026,6.0,11.0,-0.075455,0.0,0.0,1779.95,-3.30369,0.0,0.0,0.0,0.0,0.0,0.0,0.0,0.0,0.0,0.0,0.0,1256.09,-0.0966621,0.0,0.0,0.0,0.0,0.0,0.0,0.0,0.0,0.0,0.0123314,0.37643,5724.65,-221.008,0.0,2.54e-08,0.0,-7.36e-09,53.914,-0.0338839,53.914,0.0,1.44015,1.455,0.595104,4476.94,15.8042,0.0,-2.49e-19,0.0,4.19e-17,21.0137,-0.0535648,21.0137,0.0,5.84057,999.0,4.0,2.0,19.062324624200176,gaze,0.5217685828523004,0.3436274362909596,-13.848109866674859,30.14908505589195,134.77259309848958,28.596272782462652,0.13901903656937498,-34.56118676390863,0.00379752998023322,0.2439761578173538,0.9599420314054294,4.745784432667061,-29.88819608910077,-1.8951797046709058,-33.26123750154749,-0.09188212610939794,0.16845614184355467,0.9755352126907871,4.7495496055966475,-0.5989234814171298,-1.315547227122597,-33.179569605902024,-0.044057743607986595,0.20421013803634633,0.967816615279292,4.7633222135964415,66.46934544575858,True,-0.5435838609896804,imu,-1.2287687195739734,-9.668835075029037,2.0982448199442034,-8.562607451869264,1.4947371969583603,-18.081327714949527,73.72135614107819,-4.804349325806915,0.05752866618454103
232.096184,0.16954993423580786,0.7420945169120158,4495.067246279098,7.395335711247682,0.19866125156728287,-0.5069534810539582,-179.75223304707526,18612.347521373213,-0.004414208074275668,-0.5068440152905705,1.927912207468331,0.21294949005420366,0.19866125156728287,0.2199416786097924,1.463588735496112,-0.003639657685649951,66.9064143663806,0.039549144507423306,0.17068049639105437,0.7420708568032098,66.90881727627648,-179.72719521211863,1.689185075825629,1.8635119172911918,0.0,0.09796867260299387,2.1970043309768124,6.868337708967413,11.770404110881358,-0.07790920154360748,0.0,0.0,1779.9499999999998,-3.3036900000000005,0.0,0.0,0.0,0.0,0.0,0.0,0.0,0.0,0.0,0.0,0.0,1256.0899999999995,-0.09666209999999997,0.0,0.0,0.0,0.0,0.0,0.0,0.0,0.0,0.0,0.012328022796026567,0.3764266904219497,5724.648481966551,-221.0102746828922,0.0,2.6576611237705965e-08,0.0,-7.356385964554795e-09,53.91402363617982,-0.03390089266877949,53.91402363617982,0.0,1.4401358242879951,2.132567237739979,0.6731340553048835,4476.952553991195,15.771082061994296,0.0,-1.1092254460544114e-18,0.0,1.285578772877826e-16,21.6653673839226,-0.060624425824772274,21.6653673839226,0.0,6.2560442484944065,998.9999999999998,3.9715879686514928,2.005368530108176,19.015721903292327,gaze,0.5217997751072498,0.3436081899454915,-12.711676595615215,27.907617382474566,124.76826142397196,28.59590981246536,0.1387508123751158,-34.560201509523615,0.0037663935319656888,0.2439953324700305,0.9599362940755701,4.745725527966929,-29.88861726961199,-1.8948538394156893,-33.26152198410428,-0.09191567847495531,0.16847167395155263,0.9755285117003529,4.749542061481895,-0.5990329356384883,-1.3152791463729874,-33.17978143560174,-0.04409333057562772,0.20422647680597136,0.9678095117114229,4.763297393200686,66.95108108685008,True,-0.543659433184401,imu,-1.2196335592,-9.912588201600002,2.3573201848,-9.48809132,0.3733354899999997,-19.0483548,73.72014862894191,-4.8042795838754095,0.058503368380571796
232.098636,0.1680494652312447,0.747266035173611,4495.021652144724,7.394925427510732,0.20056312473523574,-0.5065414898867491,-179.74878001009898,18612.549209869925,-0.004433215979859491,-0.5064310826248493,1.9370535564803595,0.21374260136426998,0.20056312473523574,0.23664818208760308,1.4700928115947054,-0.003670974461902763,66.90803443030806,0.03947045373994376,0.1691715141106238,0.747240609702128,66.91043357462408,-179.72312877009193,1.7431840311030504,1.885723246744033,0.0,0.09735448097393314,2.2678430030687924,5.665271878568389,11.78491450093389,-0.07784953810844605,0.0,0.0,1779.9499999999996,-3.3036900000000013,0.0,0.0,0.0,0.0,0.0,0.0,0.0,0.0,0.0,0.0,0.0,1256.0899999999995,-0.0966621,0.0,0.0,0.0,0.0,0.0,0.0,0.0,0.0,0.0,0.012312635241604888,0.37642821654532355,5724.6560697212335,-221.04621496205522,0.0,2.653718043764067e-08,0.0,-7.358101707299134e-09,53.91413090024332,-0.03390107307675561,53.91413090024332,0.0,1.4401387951902747,2.141039232905579,0.674890662917067,4476.954521887332,15.756762617283208,0.0,-1.0958241644322119e-18,0.0,1.2489249049396467e-16,21.67847777578993,-0.06078261097322893,21.67847777578993,0.0,6.269544455056603,998.9999999999999,3.9716646250855323,2.0053572921469933,18.970050257214147,gaze,0.0,0.0,0.0,0.0,0.0,28.63201446393045,-1.439040245723387,-32.2194272527728,0.1665455676783861,0.2115057392061226,0.9630824970736184,4.792335987091064,-29.82504657855229,-2.05865004210705,-33.08319971053177,-0.1122829359846529,0.1821159525855817,0.976845086029772,4.772515773773193,-0.620724059436348,-1.0198560480519794,-33.508710954756054,-0.0637199179838882,0.1853202946151741,0.9755614325091798,4.871476792366972,73.42079827075065,False,-1.0,imu,-1.2304739396013413,-9.668059928904865,2.1006641756535283,-8.840431265335377,1.4703781275908379,-17.958575024593504,73.70408726579679,-4.803335785004714,0.07151988338458135
232.10463,0.16437736498773914,0.7599747501141338,4494.910190757609,7.393905250906055,0.20525527925484155,-0.5055258801219058,-179.74016371087296,18613.014569290375,-0.00447950872126796,-0.5054131343876185,1.9543405025462897,0.21568164472655313,0.20525527925484155,0.28509742086635304,1.4859398268209991,-0.0037487589094015866,66.91194103706006,0.03926506727691559,0.1654779975037441,0.7599449432479385,66.91433096244133,-179.71302269924138,1.8813475730843094,1.940419548154887,0.0,0.09585450593076841,2.445754131191053,4.648439827476389,11.81841315619069,-0.07770436590923151,0.0,0.0,1779.9499999999996,-3.3036900000000005,0.0,0.0,0.0,0.0,0.0,0.0,0.0,0.0,0.0,0.0,0.0,1256.0899999999992,-0.09666209999999997,0.0,0.0,0.0,0.0,0.0,0.0,0.0,0.0,0.0,0.012275101173457323,0.37643193908395706,5724.674627729854,-221.13407108918912,0.0,2.644105046776054e-08,0.0,-7.362295547002398e-09,53.91439254373206,-0.03390150931486198,53.91439254373206,0.0,1.4401460417113132,2.161465687399194,0.6791820411109238,4476.959354152101,15.721731197485976,0.0,-1.062990075094145e-18,0.0,1.1592786062698638e-16,21.71036106693392,-0.06116904843447252,21.71036106693392,0.0,6.302540928215359,998.9999999999997,3.9718615842956604,2.005327965047748,18.858408525239312,gaze,0.5232347910670485,0.34272813054242374,16.24490660630325,-44.92539333848152,-211.90366884969578,28.579206989842273,0.12512858739014548,-34.511674477687215,0.0023314859499779213,0.24487178523557016,0.9596731406164911,4.74302770694139,-29.907980222407136,-1.8798570452164236,-33.274648784018424,-0.09345500594226384,0.16918091821586617,0.9752210994706041,4.74920584496356,-0.6039576933265948,-1.3029170468013154,-33.18958439210916,-0.04572965067695236,0.2049729312839155,0.9674836266460823,4.762166608339685,80.33539392233861,False,-0.5470873105005869,imu,-1.3284973688,-9.896438076,2.4213225344,-10.58719709,0.2611818399999999,-18.5997402,73.66507194729142,-4.800916219249406,0.10354536501440317
232.112,0.0796109,0.0767426,4494.77,7.35969,0.0201402,-0.530748,-179.692,18612.4,-0.000449777,-0.530651,1.85547,0.346755,0.0201402,1.81052,0.0816716,-0.00323143,67.0018,0.00158558,0.0795687,0.0767389,67.0047,-179.692,1.79192,0.17102,0.0,0.0,1.233,6.0,11.0,-0.075455,0.0,0.0,1779.95,-3.30369,0.0,0.0,0.0,0.0,0.0,0.0,0.0,0.0,0.0,0.0,0.0,1256.09,-0.0966621,0.0,0.0,0.0,0.0,0.0,0.0,0.0,0.0,0.0,0.0122348,0.376438,5724.7,-221.233,0.0,2.43e-08,0.0,-7.37e-09,53.9147,-0.0338906,53.9147,0.0,1.44016,1.455,0.605294,4476.95,15.7145,0.0,-2.38e-19,0.0,4e-17,21.0943,-0.0544906,21.0943,0.0,5.91815,999.0,4.0,2.0,18.762364915332924,gaze,0.5244918387803191,0.34196580872986293,10.444520252357504,-46.50007651918782,-228.92693747905466,28.56456903307556,0.11122030279873278,-34.46430571388443,0.0010706454827171456,0.24563046205894848,0.9594438776765057,4.740683076585409,-29.924920035120337,-1.8667124534389572,-33.28620968635102,-0.09479668087227396,0.1697936974555143,0.9749531823651711,4.7489281223363875,-0.6080858237511084,-1.2920427561434404,-33.198263033650264,-0.047161646246027165,0.20561848541740502,0.9671996036724461,4.761193106582656,76.83404931373288,False,-0.5500122264689399,imu,-1.2389815833923132,-9.664107984302165,2.113018662610346,-10.097516777607403,1.3420574648207368,-17.144111225265497,73.61762320222567,-4.797724158865031,0.1432892627134132
232.113076,0.15919349482610634,0.7780432084535255,4494.753121597955,7.392425707366655,0.21197117055599013,-0.5040742571295339,-179.72759510224753,18613.609413922662,-0.004544305608390507,-0.5039581263172496,1.9657537127473395,0.21841441014129975,0.21197117055599013,0.37352966261623477,1.508137580405081,-0.0038613578746730035,66.91731600936546,0.038943793801405974,0.1602624718336008,0.7780070674141348,66.91969291292105,-179.6983790017857,2.091826050313563,2.0184512433403783,0.0,0.09374459909214741,2.708203815377333,4.872576746880701,11.860933054689065,-0.07750146073638352,0.0,0.0,1779.9499999999998,-3.3036900000000013,0.0,0.0,0.0,0.0,0.0,0.0,0.0,0.0,0.0,0.0,0.0,1256.0899999999995,-0.09666209999999999,0.0,0.0,0.0,0.0,0.0,0.0,0.0,0.0,0.0,0.012222408227849823,0.37643716490653956,5724.700800197915,-221.25786427577577,0.0,2.6306228733828315e-08,0.0,-7.3682041332799815e-09,53.91475985664987,-0.033902112311967686,53.91475985664987,0.0,1.44015621427634,2.1895242401123416,0.685221721510813,4476.966215619625,15.67230452139841,0.0,-1.016555929646747e-18,0.0,1.0328814767120302e-16,21.75488122356869,-0.06171290143321104,21.75488122356869,0.0,6.349019190853754,998.9999999999999,3.972162122787122,2.0052821749641305,18.70110768571181,gaze,0.5246757174064,0.3418549662410569,8.492839829215713,-41.74681214546636,-207.01960360054565,28.562427316738074,0.10903830743501956,-34.4570200354272,0.0008859129953783994,0.24574073415500317,0.9594104378029247,4.740341494697616,-29.927396271411737,-1.8647891404740133,-33.287905597687654,-0.09499241934786173,0.16988267135688387,0.9749140969032403,4.7488887596919005,-0.6086745002471602,-1.2904486301569495,-33.19953959017638,-0.04737100855812744,0.20571226920859512,0.9671581681359918,4.761051975474093,75.35140825314096,False,-0.550434040705597,imu,-1.4230055112,-9.8551655328,2.446444952,-11.61901067,0.0368745399999999,-17.94177212,73.6107475800946,-4.797238238835467,0.14912265886742498
232.118727,0.15571914024035066,0.7902375217347414,4494.64802328863,7.391407899176372,0.21653334366084198,-0.5030894990736318,-179.7189022223363,18613.971830092465,-0.004587363373944997,-0.5029710438399433,1.9643837871401797,0.22024307956811562,0.21653334366084198,0.44736700891997216,1.5228989903133785,-0.00393867674526591,66.92082723800058,0.038707636905759346,0.15676595627273981,0.7901970365370283,66.92319540965028,-179.68831402378606,2.2437446732036244,2.0712851124670673,0.0,0.09233547571132228,2.8917489796917044,4.660767494782427,11.88637927634689,-0.07736679948165821,0.0,0.0,1779.9499999999996,-3.303690000000001,0.0,0.0,0.0,0.0,0.0,0.0,0.0,0.0,0.0,0.0,0.0,1256.0899999999997,-0.09666209999999997,0.0,0.0,0.0,0.0,0.0,0.0,0.0,0.0,0.0,0.01218727992707336,0.37644064866317417,5724.718326429479,-221.34068930338427,0.0,2.6216441210016406e-08,0.0,-7.372156859522686e-09,53.915004729338364,-0.03390250797298971,53.915004729338364,0.0,1.4401629955175594,2.2077930764960048,0.6892574925496897,4476.970840879852,15.639192411891964,0.0,-9.853861250645722e-19,0.0,9.482836730692398e-17,21.784397908578267,-0.06207629666270855,21.784397908578267,0.0,6.380103141473259,998.9999999999998,3.9723781915139167,2.0052486252683694,18.595869361084418,gaze,0.0,0.0,0.0,0.0,0.0,28.6079526375669,-2.165348740966654,-31.36117786029253,0.239882543822389,0.2450126749652301,0.939374874198625,4.609208583831787,-29.85475364528239,-1.826988612350968,-33.45598167894435,-0.0740264367091536,0.144425419644933,0.9867428159497948,4.800763607025146,-0.6046639596908161,-1.274366609168315,-33.208970706593185,-0.0325775117066785,0.1911083341942923,0.97147889778968,4.8400907984094514,64.95808546002118,False,-1.0,imu,-1.2431773310886534,-9.662105201909334,2.1192922409852883,-10.624326229580168,1.275254054122268,-16.63300718794716,73.57486845309057,-4.794603634597064,0.17987602511380862
232.121521,0.15399964218482295,0.7962978723184412,4494.59605783294,7.390896302809844,0.21880951709601404,-0.5025985836964546,-179.7145191884391,18614.141447113874,-0.0046085611897457215,-0.5024789613764149,1.9609126604874487,0.22114727296851636,0.21880951709601404,0.48861215291823934,1.5301694948382762,-0.003977498619983373,66.92253802501568,0.03858449857443766,0.15503520677055166,0.796255207492242,66.92490187399302,-179.68325754807736,2.322345045249843,2.097591968827395,0.0,0.0916395680246732,2.9849204859994316,4.806923835710283,11.898085369746862,-0.07730054887095988,0.0,0.0,1779.9499999999998,-3.3036900000000013,0.0,0.0,0.0,0.0,0.0,0.0,0.0,0.0,0.0,0.0,0.0,1256.0899999999995,-0.09666209999999999,0.0,0.0,0.0,0.0,0.0,0.0,0.0,0.0,0.0,0.01216994915059153,0.3764423673691509,5724.72699626623,-221.38163960286454,0.0,2.617217306459227e-08,0.0,-7.374111024636177e-09,53.915125538796445,-0.033902701253486635,53.915125538796445,0.0,1.4401663409649705,2.216668371273462,0.6912512035784835,4476.973137969684,15.622808565837419,0.0,-9.699468225534592e-19,0.0,9.064535298114816e-17,21.79891018115536,-0.062255813762153174,21.79891018115536,0.0,6.3954671531684975,999.0,3.9724894481884925,2.0052311760918258,18.543839204816774,gaze,0.5261217960605277,0.34098917979284327,-3.1167882669298344,29.39110219030034,149.30147906103693,28.54557982972151,0.09062930385557558,-34.3967650062639,-0.0005694966946203997,0.2466017105671924,0.9591482965224509,4.737666914717436,-29.946855281232388,-1.8496592199433977,-33.30128504897121,-0.09652722379517441,0.17057652585364128,0.9746076307802869,4.7485899744553794,-0.6131636080207226,-1.2778819849182865,-33.209640830615356,-0.0490165564682523,0.20644410304629157,0.9668332717214808,4.759952838347307,59.38691024864954,False,-0.5536980764039271,imu,-1.477437416,-9.76484446,2.45242648,-12.58353206,0.0593052699999998,-17.20903494,73.55727792369062,-4.793249974407708,0.1951489476702693
232.128,0.0788967,0.085372,4494.48,7.35807,0.0216806,-0.524977,-179.689,18613.5,-0.000583348,-0.52488,0.912751,0.370781,0.0216806,1.9601,0.110033,-0.00321008,67.0056,0.00275032,0.0788397,0.0853662,67.0084,-179.689,1.93977,0.198059,0.0,0.0,1.458,6.0,11.0,-0.075455,0.0,0.0,1779.95,-3.30369,0.0,0.0,0.0,0.0,0.0,0.0,0.0,0.0,0.0,0.0,0.0,1256.09,-0.0966621,0.0,0.0,0.0,0.0,0.0,0.0,0.0,0.0,0.0,0.0121364,0.376447,5724.74,-221.465,0.0,2.37e-08,0.0,-7.38e-09,53.9154,-0.0338947,53.9154,0.0,1.44018,1.455,0.615921,4476.97,15.6222,0.0,-2.27e-19,0.0,3.82e-17,21.177,-0.0554529,21.177,0.0,5.99875,999.0,4.0,2.0,18.47240626136409,gaze,0.5272344732585565,0.34033011358312953,-0.936233072628375,103.26683410016668,545.9536487834724,28.532611473275292,0.07502764547897109,-34.34707668370395,-0.0016924654982656256,0.2472566912147242,0.9589475907266093,4.735622467448782,-29.961810077237796,-1.8380128061427532,-33.311630375496925,-0.0977027637656042,0.17110335304986116,0.9743729049599744,4.748372591018338,-0.616442120720941,-1.2681773451878964,-33.21748720193962,-0.0502815895501357,0.20700035323642618,0.9665844261589805,4.759119510725784,47.115141340545094,False,-0.5561457399462137,imu,-1.248866124320435,-9.659330255367044,2.127998305425325,-11.223415562387066,1.181872387862989,-15.848472251633963,73.5168898979105,-4.78998195552435,0.23071722295482566
232.129967,0.1487952873332291,0.8147432022610198,4494.438962703568,7.389315703419004,0.2257733567721878,-0.5010983041518464,-179.70092319034526,18614.61924707103,-0.00467226030800628,-0.5009750813092922,1.9387272975559924,0.22388068977034736,0.2257733567721878,0.6340268423276845,1.5520307492524794,-0.0040972671746716816,66.92760768252906,0.03818621662013169,0.1497956392068163,0.814693819481628,66.92995844413655,-179.6676462846952,2.574835167533351,2.1778543519459284,0.0,0.08953928533071498,3.276597936650011,8.623023917968922,11.930009404247244,-0.0771016224333144,0.0,0.0,1779.9499999999998,-3.303690000000001,0.0,0.0,0.0,0.0,0.0,0.0,0.0,0.0,0.0,0.0,0.0,1256.0899999999997,-0.0966621,0.0,0.0,0.0,0.0,0.0,0.0,0.0,0.0,0.0,0.01211771051376357,0.3764475477977178,5724.753222137733,-221.50542640063694,0.0,2.603886311025974e-08,0.0,-7.380017620634843e-09,53.91548968382739,-0.03390327593700727,53.91548968382739,0.0,1.440176424353286,2.2428329456606946,0.6972707200735543,4476.980123242345,15.573232283004844,0.0,-9.231703247521167e-19,0.0,7.800168894694817e-17,21.842445735304043,-0.06279780575679075,21.842445735304043,0.0,6.441889348282298,998.9999999999999,3.972843521534586,2.00517497030425,18.38656704887707,gaze,0.5275727911759498,0.34013093954659707,1.2488768521278009,124.42892462027142,663.7202981587492,28.528667479436383,0.070049077051472,-34.33144047952259,-0.0020344408854668728,0.24745455794930324,0.958886733516201,4.735003045608812,-29.966354146126868,-1.834470894510286,-33.31478458872411,-0.09805927749848632,0.17126232678938008,0.9743017177882971,4.7483085634654,-0.6174076378290453,-1.2652206404813564,-33.219885565389546,-0.050666040873502745,0.20716831048330678,0.9665089562172702,4.758868162161637,44.180875546886085,False,-0.556879045474723,imu,-1.5366545432,-9.631456385600002,2.4512301744,-13.32374615,0.1490281899999997,-16.66322051,73.50474433355255,-4.788954318868016,0.2415533663330548
232.130345,0.14856214712690483,0.8155731307042992,4494.4319316331885,7.389243755509213,0.22608796067713843,-0.5010305847507935,-179.7003024239169,18614.639484689804,-0.0046750974793469,-0.500907198199821,1.9373136797748804,0.2240030259393111,0.22608796067713843,0.6413052811998481,1.553004935080621,-0.004102712842873977,66.92783098793113,0.038167466878812006,0.1495608804901658,0.8155234426936272,66.93018116313314,-179.66693605789018,2.5866798257093437,2.1814723897523587,0.0,0.08944541017200922,3.2900113122805275,8.921703516195691,11.931317956231762,-0.0770927671131522,0.0,0.0,1779.9499999999996,-3.3036900000000005,0.0,0.0,0.0,0.0,0.0,0.0,0.0,0.0,0.0,0.0,0.0,1256.0899999999992,-0.09666209999999999,0.0,0.0,0.0,0.0,0.0,0.0,0.0,0.0,0.0,0.012115377861325027,0.3764477791192756,5724.754396498613,-221.51096639385577,0.0,2.60329148250499e-08,0.0,-7.380281946579795e-09,53.91550594426825,-0.033903301316431794,53.91550594426825,0.0,1.4401768745968728,2.243979819298107,0.6975398540853448,4476.980437326008,15.571011770538608,0.0,-9.210733625561053e-19,0.0,7.74359215930564e-17,21.844382304380495,-0.06282203779866036,21.844382304380495,0.0,6.4439661345120784,998.9999999999998,3.9728599904138715,2.005172333493028,18.37952871608444,gaze,0.5276378321646746,0.34009271377091,1.7083570328043194,128.30264800624957,685.5098006070531,28.52790920821394,0.06907977116450419,-34.32840749555232,-0.0021002130235370947,0.24749252895476642,0.9588750427758455,4.734884077671562,-29.967227572539752,-1.833789932052362,-33.31539143981465,-0.09812776791204084,0.17129282452701275,0.9742880418670072,4.74829636248476,-0.6175915529333722,-1.2646519063944033,-33.220347316514605,-0.05073994074899423,0.20720053734798133,0.9664944574961052,4.758819946508005,43.6751000600557,False,-0.5570194403082838,imu,-1.2502873309560039,-9.65862598872618,2.130210376766722,-11.350744045162592,1.1581432466544368,-15.63904939469687,74.17093640000002,-4.351897200000021,-0.3356832000000032
232.138413,0.1435817626516272,0.8333771693415857,4494.281855249739,7.387683105776237,0.23286331553191897,-0.49957338392445433,-179.68679887104162,18615.050263843,-0.00473536453467897,-0.49944645017755435,1.8982905545394717,0.22661414532507268,0.23286331553191897,0.8136923087423621,1.5737085476126214,-0.004220709055765184,66.93252372706596,0.03774809856443065,0.14454506954339666,0.8333208721692636,66.93486137315112,-179.65153841809556,2.8512739427226013,2.2592224421211333,0.0,0.08744437594399071,3.58386101682459,15.435578905553212,11.95683559943994,-0.07690474557246225,0.0,0.0,1779.9499999999994,-3.3036900000000005,0.0,0.0,0.0,0.0,0.0,0.0,0.0,0.0,0.0,0.0,0.0,1256.0899999999992,-0.09666209999999997,0.0,0.0,0.0,0.0,0.0,0.0,0.0,0.0,0.0,0.012065697541026831,0.37645270566841627,5724.779474711015,-221.62921002940436,0.0,2.5906326389416157e-08,0.0,-7.385923222429582e-09,53.91585225538253,-0.03390383594580493,53.91585225538253,0.0,1.4401864634167838,2.2679429967226423,0.7032783453281337,4476.987171023703,15.52358221121914,0.0,-8.762508852382742e-19,0.0,6.536394968991862e-17,21.885469865306295,-0.06333870339262208,21.885469865306295,0.0,6.48827372380876,998.9999999999998,3.973224167962966,2.005113581409259,18.229311066749528,gaze,0.5290279615575094,0.3392807146809448,9.93513864146914,187.792341388521,1036.4520731945606,28.511699102107418,0.04745584434518795,-34.261620951304025,-0.003508109547956617,0.24829882010880366,0.9586258576433405,4.732349921264621,-29.98588296281715,-1.8192330425118932,-33.32839698766832,-0.09958790120401015,0.17193967878584684,0.9739964822777987,4.748043718440336,-0.6213884574168849,-1.252472497103536,-33.23026771978419,-0.052318633166922354,0.2078845143882438,0.9661853545678244,4.757797314300311,37.96579604840764,False,-0.5599754317567163,imu,-1.6156107128,-9.489694172,2.443454188,-13.50319199,0.2312741999999997,-15.89309878,73.45324495538738,-4.784355560372363,0.2882478500678361
232.138708,0.1433995089656188,0.8340314231211506,4494.276367618424,7.387625130836357,0.2331132490887653,-0.49951967393535124,-179.68629587091064,18615.06455665245,-0.004737557491739319,-0.4993926085578891,1.8965391267913867,0.22670961719171517,0.2331132490887653,0.8206374895924147,1.574462263091731,-0.00422508772635171,66.93269264959957,0.03773206508553312,0.14436148839968893,0.8339748808565836,66.93502983711824,-179.65096672493496,2.8613879598792655,2.262084346511237,0.0,0.0873713071752116,3.5948830481063037,15.606191882921685,11.957682139536384,-0.07689790664359412,0.0,0.0,1779.9499999999998,-3.3036900000000013,0.0,0.0,0.0,0.0,0.0,0.0,0.0,0.0,0.0,0.0,0.0,1256.0899999999997,-0.0966621,0.0,0.0,0.0,0.0,0.0,0.0,0.0,0.0,0.0,0.012063884909908538,0.3764528854148076,5724.780392137618,-221.6335334592558,0.0,2.5901711295860366e-08,0.0,-7.386129474008116e-09,53.91586489084807,-0.03390385523615491,53.91586489084807,0.0,1.4401868132599975,2.268800096088189,0.7034879484039283,4476.987418321753,15.521846719387963,0.0,-8.746097453101505e-19,0.0,6.492271442659898e-17,21.88696320108056,-0.06335757460700663,21.88696320108056,0.0,6.489893062276444,998.9999999999999,3.973237941487232,2.0051113438133235,18.223818772430715,gaze,0.4975066409636769,0.3658677948263388,8.825261888578474,190.1035697331131,1044.769370072174,28.50088864284217,-0.8021138226862803,-32.82677135311271,0.0780671972952499,0.220654255516214,0.9722228202572956,4.709352016448975,-29.87546258101356,-1.754122238232258,-33.60012984846073,-0.0607522048089198,0.1277037435049991,0.9899499601018552,4.849811553955078,-0.6131306365164871,-1.4102080410507427,-33.045195627114055,-0.0193642617025074,0.193525951525379,0.9706825422733364,4.824292706521024,37.57471397150435,False,-1.0,imu,-1.2552987096028636,-9.656106322875814,2.138132821699231,-11.723535439328737,1.0735643508139026,-14.868837729965438,73.45146599140952,-4.784189504694082,0.2898830065428364
232.144,0.0739528,0.0992795,4494.18,7.35643,0.0237036,-0.518931,-179.686,18614.4,-0.000664885,-0.518835,-0.0471855,0.382334,0.0237036,2.63805,0.141102,-0.00318669,67.0091,0.00397633,0.0738224,0.0992688,67.0119,-179.686,2.57538,0.230292,0.0,0.0,1.692,18.0,11.0,-0.075455,0.0,0.0,1779.95,-3.30369,0.0,0.0,0.0,0.0,0.0,0.0,0.0,0.0,0.0,0.0,0.0,1256.09,-0.0966621,0.0,0.0,0.0,0.0,0.0,0.0,0.0,0.0,0.0,0.0120343,0.376456,5724.8,-221.709,0.0,2.4e-08,0.0,-7.39e-09,53.9161,-0.0338935,53.9161,0.0,1.44019,1.455,0.627487,4476.98,15.524,0.0,-2.17e-19,0.0,3.64e-17,21.2644,-0.0564931,21.2644,0.0,6.08582,999.0,4.0,2.0,18.172450120578404,gaze,0.5299925718165672,0.3387228739454829,8.124453708833817,198.25206237433082,1118.7660417712157,28.50044708444584,0.03148210088033926,-34.213250537333735,-0.0044874234224507375,0.2488524092279151,0.9584537042122889,4.730600657076444,-29.998814011944223,-1.8091294494727999,-33.33746083690396,-0.10059695668253199,0.1723829522210613,0.9737949847005831,4.7478772207657105,-0.6238689494228414,-1.2439950345774506,-33.23720863759417,-0.0534132202349506,0.2083537436774631,0.9659717309291797,4.757096183829892,39.15138139839389,False,-0.561976660020179,imu,-1.258423856232566,-9.654505601386697,2.1431725649061844,-11.893282778634513,1.0203426829464113,-14.370566394715041,73.419790284386,-4.781148798723358,0.3192548486309847
232.146859,0.13835979372761342,0.8521998790674121,4494.124735918034,7.385997518471584,0.24008083161766824,-0.4980236134729303,-179.67213640398995,18615.44113948656,-0.004797842670249879,-0.4978928566497756,1.8389087418934333,0.22934744703346283,0.24008083161766824,1.0318241671664605,1.5951925742025281,-0.004347883851458338,66.93728554207081,0.03726924503725301,0.13928418717229385,0.8521364680013243,66.939610047619,-179.63492530988032,3.1537966630904464,2.341689054195721,0.0,0.08535521949547947,3.9073957766568492,15.64162037538928,11.978703521248693,-0.07670995906829417,0.0,0.0,1779.9499999999996,-3.3036900000000005,0.0,0.0,0.0,0.0,0.0,0.0,0.0,0.0,0.0,0.0,0.0,1256.0899999999995,-0.09666209999999997,0.0,0.0,0.0,0.0,0.0,0.0,0.0,0.0,0.0,0.012013909233364784,0.3764578410745183,5724.805753985015,-221.75299050654576,0.0,2.577457470377768e-08,0.0,-7.391827830698673e-09,53.91621326047964,-0.03390438092947888,53.91621326047964,0.0,1.4401964583321916,2.2919267785977535,0.7092728523391554,4476.994281717316,15.473859039845363,0.0,-8.292077751825695e-19,0.0,5.273752312409103e-17,21.927969647180454,-0.06387839554886318,21.927969647180454,0.0,6.53461364549865,998.9999999999998,3.9736312282999458,2.0050470316686413,18.072072497396782,gaze,0.5304867450172077,0.3384388642508884,3.7672565171515453,195.77348794830584,1117.9950434961554,28.494681447454052,0.023009516326531157,-34.18789260891172,-0.0049898730788182945,0.24913414993197333,0.9583657456477274,4.7297072627154755,-30.00543424243569,-1.803952650500702,-33.34211665941045,-0.10111260547052987,0.17260827558016936,0.9736920110386997,4.747794604996317,-0.625089406584187,-1.2396438850187372,-33.24078245991499,-0.053973708609809164,0.2085924303346659,0.9658625598899174,4.756739541951378,40.57784475492525,False,-0.5629861308932824,imu,-1.6843982848,-9.3802322096,2.3609091016,-13.09196194,0.44062768,-14.88371593,73.40286911074622,-4.77945752940667,0.33514897068381017
232.155304,0.1331307334040866,0.8712091587067813,4493.967623764205,7.3842581493810275,0.24742647565735965,-0.4964489695283639,-179.65692772490019,18615.797663116704,-0.004859655821916792,-0.49631427612394435,1.760142228954444,0.2320800777824823,0.24742647565735965,1.292898985986885,1.6164698671865203,-0.004478835948861663,66.9418919857018,0.03674881103040753,0.13401431332154767,0.8711384320367009,66.94420333043844,-179.6178002970669,3.4846336573751877,2.425236495539687,0.0,0.08327244612658884,4.247877061173698,9.11268791672895,11.995755177655683,-0.07651732692531518,0.0,0.0,1779.9499999999996,-3.3036900000000005,0.0,0.0,0.0,0.0,0.0,0.0,0.0,0.0,0.0,0.0,0.0,1256.0899999999995,-0.09666209999999999,0.0,0.0,0.0,0.0,0.0,0.0,0.0,0.0,0.0,0.01196235068636607,0.3764629535049512,5724.832056842449,-221.87675319472197,0.0,2.5643635515079952e-08,0.0,-7.397730747207265e-09,53.916572663653156,-0.03390491047157905,53.916572663653156,0.0,1.4402064081001071,2.3147099498061476,0.715252290990769,4477.00145487501,15.424069365887643,0.0,-7.8206618614880665e-19,0.0,4.0129380149230234e-17,21.969927074378255,-0.0644167059988778,21.969927074378255,0.0,6.580896917939265,998.9999999999999,3.974064468749618,2.004975356378036,17.91487120701593,gaze,0.5319484141616537,0.3376058383001336,-20.270592442956577,179.36217381621086,1058.3345246480978,28.477623192325744,-0.003123628065795494,-34.11086567093708,-0.0064789337543686215,0.24996010967953122,0.9581065038813398,4.7270751065646355,-30.024998291011652,-1.788638416986853,-33.35593644083883,-0.1026327290090334,0.17326773981300475,0.9733884255218929,4.74756042592639,-0.6284944363802557,-1.2267425789998487,-33.25142373755197,-0.05563045540875502,0.20929169718056395,0.9655407020390956,4.755694226177537,43.06628248782314,False,-0.5659097178382694,imu,-1.671837076,-9.2797425392,2.3381792952,-12.50128605,0.5976427899999996,-13.94910218,73.35370925212227,-4.774264684833487,0.38216701868308267
232.1588,0.13096396272408217,0.8791337535247701,4493.902580374943,7.38352206225194,0.2505054626366875,-0.49578972668322707,-179.6504690411551,18615.936434592142,-0.00488504481042382,-0.49565336986258474,1.721808332460708,0.2332111650753614,0.2505054626366875,1.4146746355340558,1.6252158401847516,-0.0045341706679847375,66.94375348223107,0.03652096415799022,0.1318300808533857,0.8790599383833854,66.94605937311877,-179.6105585505798,3.630450789661661,2.460140095797575,0.0,0.08241212157073552,4.393972571734858,7.429770655793269,12.001439991064842,-0.07643821603933044,0.0,0.0,1779.9499999999998,-3.303690000000001,0.0,0.0,0.0,0.0,0.0,0.0,0.0,0.0,0.0,0.0,0.0,1256.0899999999995,-0.09666209999999999,0.0,0.0,0.0,0.0,0.0,0.0,0.0,0.0,0.0,0.01194107206434394,0.37646506338772845,5724.842953321212,-221.92798666411804,0.0,2.558966634091691e-08,0.0,-7.400174103532908e-09,53.91672099212005,-0.03390512510304336,53.91672099212005,0.0,1.4402105142080657,2.323774162621525,0.7177231177568129,4477.004442989425,15.403436777238307,0.0,-7.625250842538221e-19,0.0,3.491617400633649e-17,21.98713594915052,-0.06463913940741485,21.98713594915052,0.0,6.600040360579374,998.9999999999998,3.97425144733494,2.004944189535397,17.849799913403082,gaze,0.5154521658590402,0.3787353094569839,-31.36859802324092,174.9910797065042,1049.405440166515,28.53264601502655,0.0407885119905291,-33.86117976056904,0.0010963226951482,0.1912633335226922,0.9815381476673924,4.895036220550537,-29.84002636168056,-1.748623500632504,-33.61574136704523,-0.0570044085927665,0.1288143712911845,0.9900289668236208,4.826319217681885,-0.6236257358462829,-1.4059716237212971,-33.06042126110388,-0.0067709078690029,0.1879424298746606,0.9728773651250002,4.815575551986695,42.68383730100488,False,-1.0,imu,-1.2669751904139548,-9.65000419373485,2.157372440160498,-12.097137986261654,0.8745352439043587,-12.984165494869996,73.33373238610505,-4.7720294400826,0.4016471173306891
232.16,0.0765689,0.107009,4493.88,7.35476,0.0262437,-0.512791,-179.682,18615.3,-0.000718773,-0.512696,-0.509736,0.383055,0.0262437,1.9685,0.17436,-0.00316157,67.0123,0.00514727,0.0764736,0.106998,67.015,-179.682,2.4672,0.267149,0.0,0.0,1.917,6.0,11.0,-0.075455,0.0,0.0,1779.95,-3.30369,0.0,0.0,0.0,0.0,0.0,0.0,0.0,0.0,0.0,0.0,0.0,1256.09,-0.0966621,0.0,0.0,0.0,0.0,0.0,0.0,0.0,0.0,0.0,0.0119323,0.376464,5724.85,-221.953,0.0,2.43e-08,0.0,-7.4e-09,53.9168,-0.0338923,53.9168,0.0,1.44021,1.455,0.639052,4477.0,15.4258,0.0,-2.06e-19,0.0,3.47e-17,21.3517,-0.0575333,21.3517,0.0,6.17288,999.0,4.0,2.0,17.872495990700443,gaze,0.5327623241153197,0.33714652050903837,-37.096850626868346,176.7845865255749,1052.5880510234354,28.468121616167142,-0.018325470174637377,-34.06682775369079,-0.007309960486069147,0.2504152658592134,0.9579627383655843,4.72561575541434,-30.03588108935148,-1.7801097312028586,-33.36366318704784,-0.10347594361179453,0.17363042219726213,0.9732200098310188,4.747436354032329,-0.6302546122191004,-1.219538733311617,-33.257394554929654,-0.056552304421152645,0.209676731156818,0.9653621491197188,4.755118023618422,41.14502301602581,False,-0.5674975083098057,imu,-1.2676563871234565,-9.649637679181861,2.1585304025060035,-12.096472005822442,0.8629915123591138,-12.874356133162442,73.32692751073634,-4.77125072378663,0.4083340549416543
232.16375,0.1278940841138785,0.8904095833352288,4493.810482035179,7.382463575394883,0.2549034452273804,-0.49484886628725766,-179.64115926347822,18616.124997650244,-0.00492078660230642,-0.4947101200423419,1.6617964259605977,0.2348124902280836,0.2549034452273804,1.601792456106235,1.6375348720029614,-0.004613657009815742,66.946343554457,0.0361857544362604,0.1287349038320313,0.8903313345041594,66.94864171821379,-179.60015051974668,3.846274581323935,2.509876257605897,0.0,0.08119595071484025,4.606132629214814,8.056235003319143,12.008142293634377,-0.07632684538674017,0.0,0.0,1779.9499999999998,-3.3036900000000013,0.0,0.0,0.0,0.0,0.0,0.0,0.0,0.0,0.0,0.0,0.0,1256.0899999999997,-0.0966621,0.0,0.0,0.0,0.0,0.0,0.0,0.0,0.0,0.0,0.011911008695825055,0.3764680442631683,5724.858389511397,-222.00052742207805,0.0,2.5513490020459544e-08,0.0,-7.4036333706242285e-09,53.916930557002146,-0.03390542433859189,53.916930557002146,0.0,1.4402163152525371,2.336226301482761,0.7212168184823327,4477.008692601946,15.374202102407214,0.0,-7.348348904331141e-19,0.0,2.7542105166199252e-17,22.011338867008682,-0.06495364822189356,22.011338867008682,0.0,6.627127700453567,999.0,3.9745237889204565,2.0048985693682595,17.757671232412548,gaze,0.5334127690475099,0.3367817843653066,-49.72811844151284,180.6430520379086,1074.6639067684364,28.460526856316847,-0.03078408150594345,-34.03113373261582,-0.007975031881382679,0.2507765610753254,0.9578481456160973,4.724452559446326,-30.044572477374835,-1.7732934950009331,-33.369854149768415,-0.10414815813952555,0.1739179342794027,0.9730857381497706,4.74734031201622,-0.631589756818759,-1.2137716791564943,-33.26218934538672,-0.057288659623389464,0.20998220723665692,0.9652197952715336,4.75466038821809,37.90218491681009,False,-0.5687458212866213,imu,-1.6317608384,-9.239666301600002,2.36270356,-11.44704174,0.78456554,-12.8425195,73.30583764538538,-4.768779619094019,0.4292283681146242
232.172196,0.12265121317495897,0.9097989700296574,4493.653329794132,7.38061297798197,0.2625123462133534,-0.49322327411683886,-179.62482274718224,18616.42748938123,-0.004981195204742434,-0.49308035739332967,1.5440083181560504,0.23754416528352018,0.2625123462133534,1.9636042981026425,1.6583743217002274,-0.0047523929449759215,66.95063911037613,0.03557920559786262,0.12344729344168463,0.9097129901933838,66.9529240778085,-179.58196908613812,4.241238082894203,2.5955896454076135,0.0,0.07912637272973559,4.982902235867137,14.521942655139341,12.016013994163158,-0.07613857980650493,0.0,0.0,1779.9500000000003,-3.303690000000002,0.0,0.0,0.0,0.0,0.0,0.0,0.0,0.0,0.0,0.0,0.0,1256.0900000000001,-0.09666210000000003,0.0,0.0,0.0,0.0,0.0,0.0,0.0,0.0,0.0,0.011859888388820534,0.3764731128348928,5724.884748877663,-222.12429855138606,0.0,2.5384166185253366e-08,0.0,-7.409535002620851e-09,53.917286904843195,-0.03390592210362794,53.917286904843195,0.0,1.4402261787838282,2.356401635029843,0.7271644507588301,4477.015994460325,15.324263853228528,0.0,-6.87539739577591e-19,0.0,1.498285542380776e-17,22.05218665891462,-0.06548904291720803,22.05218665891462,0.0,6.673293622177379,999.0000000000002,3.9750089136900333,2.0048167139940003,17.600492469588264,gaze,0.5348790985575429,0.3359671394276521,-67.64507827726901,193.51861481077046,1126.9968091583776,28.44340092295101,-0.05980107011051965,-33.949324834703106,-0.009477387697606511,0.251583078381687,0.9575907752475559,4.721839668046411,-30.064147331421122,-1.7579263742915054,-33.38386276501317,-0.10565824664821802,0.17455849330128836,0.9727840680281796,4.747133488234084,-0.6343614847778333,-1.2007387785860257,-33.27307335555539,-0.058947527926177544,0.2106636093708353,0.9648999669396064,4.753637431979641,30.77544087249415,False,-0.5714930462557205,imu,-1.6724352288,-9.3168280128,2.371675852,-10.16101322,1.00887284,-11.52658334,73.25934113706239,-4.763006748161253,0.47624213454076947
232.176,0.0459863,0.118974,4493.58,7.35307,0.0292787,-0.506706,-179.677,18616.1,-0.000827449,-0.506611,-0.436953,0.377315,0.0292787,1.65275,0.202275,-0.00313705,67.0153,0.00624481,0.0459054,0.118964,67.0179,-179.677,2.68435,0.307704,0.0,0.0,2.169,18.0,11.0,-0.075455,0.0,0.0,1779.95,-3.30369,0.0,0.0,0.0,0.0,0.0,0.0,0.0,0.0,0.0,0.0,0.0,1256.09,-0.0966621,0.0,0.0,0.0,0.0,0.0,0.0,0.0,0.0,0.0,0.0118328,0.376473,5724.9,-222.193,0.0,2.46e-08,0.0,-7.41e-09,53.9175,-0.0338907,53.9175,0.0,1.44022,1.455,0.650567,4477.01,15.3291,0.0,-1.96e-19,0.0,3.3e-17,21.4374,-0.058567,21.4374,0.0,6.25926,999.0,4.0,2.0,17.572543850703486,gaze,0.5355400229493005,0.3356033926011923,-68.7236346263291,191.33450335142848,1099.0122644185285,28.43567959786976,-0.07326800525727657,-33.91196654076085,-0.010155919559325354,0.2519429957639113,0.9574752001027262,4.720665929936215,-30.07296199885262,-1.7509996734481934,-33.39020038397352,-0.10633650961374506,0.17484377287534933,0.9726485527522344,4.747044465506108,-0.6355008373167639,-1.194850229886935,-33.27801285020962,-0.05969472646987945,0.2109674615370652,0.9647562949618553,4.753180066394032,30.82762356620844,False,-0.5727010674791433,imu,-1.2765654176028562,-9.644730089474113,2.1740609241800906,-11.853048947789008,0.7147128336313545,-11.483619696146139,73.23886955629925,-4.76031371511411,0.4973782830921985
232.178781,0.11855973112293267,0.9250472016230762,4493.530797638725,7.379130613435473,0.2685371733787747,-0.4919380442580982,-179.611685241646,18616.648534701224,-0.005027771182382467,-0.4917917931788962,1.4389710931090243,0.2396733025385261,0.2685371733787747,2.285899392714572,1.6744585180971876,-0.004863315325504103,66.95387957510309,0.03507552794313726,0.11931953253843246,0.9249550473146978,66.95615424538276,-179.56741915873334,4.574026308605635,2.6631556510036996,0.0,0.07751786157096437,5.290019048222626,17.83604351772132,12.01911807378853,-0.07599336180304905,0.0,0.0,1779.9499999999994,-3.3036900000000005,0.0,0.0,0.0,0.0,0.0,0.0,0.0,0.0,0.0,0.0,0.0,1256.0899999999995,-0.09666209999999997,0.0,0.0,0.0,0.0,0.0,0.0,0.0,0.0,0.0,0.01182018514107873,0.37647704925957,5724.905318715925,-222.22079569001937,0.0,2.5283915833430087e-08,0.0,-7.414135575836423e-09,53.9175636668994,-0.033906298783518,53.9175636668994,0.0,1.4402338388243736,2.371155407406634,0.7317890250621124,4477.021732175089,15.285280262602438,0.0,-6.506345871885289e-19,0.0,5.214062793136618e-18,22.083634042860012,-0.06590531947681241,22.083634042860012,0.0,6.70923782216277,998.9999999999995,3.9754048892602896,2.0047494037595626,17.477962178208696,gaze,0.5319127963956551,0.3700814843752371,-67.8068814075842,185.526633428712,1044.88472933053,28.53650315833021,0.7016459724552666,-34.81052128877015,-0.0796150408405079,0.2198470326593919,0.9722801692428086,5.049436569213867,-29.82547314792177,-1.681619481790089,-33.71101091290045,-0.0426357256629828,0.1187453287572532,0.9920089423969538,4.797920227050781,-0.6410757396754292,-1.2734072200043394,-33.25451410333998,0.0059274878892189,0.1790087851653602,0.9764074279741736,4.810269975662232,32.107993823907364,False,-1.0,imu,-1.2780810487186807,-9.643873305370933,2.1767771419518467,-11.768186593675203,0.6901909030510913,-11.259078722283983,73.22409384310899,-4.758308660524928,0.5128086933414533
232.180642,0.11740287686452534,0.9293773591881902,4493.496167505136,7.378705325821114,0.2702546566537818,-0.49157197670748576,-179.6079080639157,18616.708902134666,-0.0050408487614322164,-0.491424770012883,1.4072421070905539,0.2402749065072824,0.2702546566537818,2.3837857333827177,1.67897733992295,-0.0048951054843448735,66.95477808140345,0.03492822581623861,0.11815220075718987,0.9292834363340818,66.95704984047666,-179.56324702298005,4.672229115313055,2.682367211670191,0.0,0.07706410895997341,5.378997645184077,18.02849824872025,12.019525202351199,-0.07595257315371297,0.0,0.0,1779.9500000000003,-3.3036900000000013,0.0,0.0,0.0,0.0,0.0,0.0,0.0,0.0,0.0,0.0,0.0,1256.0899999999997,-0.09666210000000001,0.0,0.0,0.0,0.0,0.0,0.0,0.0,0.0,0.0,0.01180898877646992,0.37647815931227446,5724.911134940039,-222.24806660098722,0.0,2.5255676628229197e-08,0.0,-7.4154356439227144e-09,53.91764171412669,-0.0339064033990914,53.91764171412669,0.0,1.440235998868593,2.3751647825321403,0.7330938964860867,4477.023360859413,15.274255338419893,0.0,-6.402013470447698e-19,0.0,2.4573869129063163e-18,22.092456935698156,-0.06602277314128441,22.092456935698156,0.0,6.719387710867944,998.9999999999999,3.9755195950402147,2.0047298298479808,17.443336212547084,gaze,0.5363468723976373,0.33516223430891945,-63.97792077405304,175.55855329512548,990.4639189563974,28.42625176459754,-0.09000531245786512,-33.866061521128316,-0.010985405826672462,0.25237934072447965,0.9573344653989108,4.719236171180098,-30.08371580932164,-1.7425436315124765,-33.397956960592445,-0.10716253634380969,0.17518913615828452,0.972483497045522,4.746939161114466,-0.6367973635991312,-1.187649861005379,-33.28407114520995,-0.0606064721411406,0.21133564123830054,0.9645813049299999,4.752624647505757,35.69788578352565,False,-0.5741503691924267,imu,-1.620994088,-9.4191121416,2.3591146432,-9.12919964,1.22570323,-10.24055482,73.21429753979987,-4.7569498862499575,0.5231225208255839
232.189087,0.11215046139375254,0.9491424230095701,4493.339014246258,7.376739813730333,0.27813092391668637,-0.48989495615916245,-179.59040713794303,18616.97240485272,-0.005099707060736902,-0.4897433386598802,1.2523473609468825,0.24300419339122728,0.27813092391668637,2.8680593663676195,1.6993305134026044,-0.0050418392818493835,66.95875944471601,0.034231951621163575,0.11285097984886845,0.9490403429082857,66.96101798831378,-179.54397758706395,5.142047724449286,2.7701884566325554,0.0,0.07500980331565249,5.795213673618971,17.774866653266315,12.018834434005973,-0.07576889056563824,0.0,0.0,1779.95,-3.3036900000000013,0.0,0.0,0.0,0.0,0.0,0.0,0.0,0.0,0.0,0.0,0.0,1256.0899999999997,-0.0966621,0.0,0.0,0.0,0.0,0.0,0.0,0.0,0.0,0.0,0.011758314859822589,0.3764831831935971,5724.937544568457,-222.37181693596605,0.0,2.5128049237071605e-08,0.0,-7.421334596811907e-09,53.91799495004955,-0.03390686779905871,53.91799495004955,0.0,1.4402457745259256,2.392442958560293,0.7390031495263759,4477.030791326185,15.224183219103537,0.0,-5.928462744236024e-19,0.0,-1.0026975295523604e-17,22.132131371211806,-0.06655465760552079,22.132131371211806,0.0,6.765397465579601,998.9999999999998,3.9760554970707562,2.0046379721746606,17.286222372098468,gaze,0.5378153942184936,0.33436748637903063,-46.11229933191145,117.92576359081866,650.2718301070867,28.40908769369126,-0.12122283021254182,-33.78197599160071,-0.012498319913690952,0.2531649413074937,0.9570793178173378,4.716642118686753,-30.103268662782554,-1.72715356487538,-33.41212979211441,-0.1086603997634104,0.17580951556973176,0.9721841412536578,4.746756568267987,-0.638886185378027,-1.1745123829965607,-33.2951768223493,-0.062264716808051734,0.21199796808591603,0.9642639333404741,4.751621453674846,56.60116966763423,False,-0.5767164881007736,imu,-1.4882041664,-9.410139849600002,2.3710776992,-8.583385210000001,1.60702564,-9.06667995,73.17078641119284,-4.750613609903258,0.5697778253545303
232.192,0.0335913,0.137329,4493.29,7.35134,0.0327748,-0.500752,-179.672,18616.8,-0.00090962,-0.500658,-0.771844,0.366636,0.0327748,1.83326,0.232414,-0.0031136,67.0181,0.00739414,0.0334534,0.137315,67.0206,-179.672,3.04694,0.353571,0.0,0.0,2.502,18.0,11.0,-0.075455,0.0,0.0,1779.95,-3.30369,0.0,0.0,0.0,0.0,0.0,0.0,0.0,0.0,0.0,0.0,0.0,1256.09,-0.0966621,0.0,0.0,0.0,0.0,0.0,0.0,0.0,0.0,0.0,0.0117392,0.376483,5724.95,-222.422,0.0,2.47e-08,0.0,-7.42e-09,53.9181,-0.0338881,53.9181,0.0,1.44024,1.455,0.661972,4477.02,15.2356,0.0,-1.88e-19,0.0,3.16e-17,21.5195,-0.0595866,21.5195,0.0,6.34418,999.0,4.0,2.0,17.282593159465343,gaze,0.5383220632485737,0.33409573922253466,-40.72585482110027,97.11186261734582,540.2178044148336,28.40316435048999,-0.13219586327819996,-33.75289094971885,-0.013021253123832554,0.25343341756901655,0.9569915831328435,4.715749405044782,-30.110008854781707,-1.7218439859242693,-33.4170362203067,-0.10917553979632913,0.17602109585598266,0.9720811701604165,4.746696161012536,-0.6395244793461853,-1.1699702031163293,-33.299032096101236,-0.06283648781709135,0.2122241513410526,0.9641547659296281,4.751277485698421,65.39114057554568,False,-0.5775803792620133,imu,-1.2851527393898388,-9.639786377129145,2.1897533799519486,-11.208128950042635,0.5797797493535561,-10.276897206586261,73.15614496809017,-4.748363702870542,0.5858044128202101
232.197533,0.10689349453591222,0.9690988495432085,4493.181833272294,7.374714924796638,0.2861445112907175,-0.48819159558150277,-179.57230557114156,18617.220756207233,-0.005157750330881123,-0.4880354435126012,1.0805139631362997,0.2457324739668106,0.2861445112907175,3.422664785888501,1.7194275025328563,-0.005192691895268331,66.96258359400372,0.03348925958117163,0.1075431085178479,0.9689883928111753,66.96482891527671,-179.52414707295662,5.653820264630532,2.859063539613414,0.0,0.07296337472432826,6.232528531763366,23.712275777030925,12.014102741104825,-0.07558753262097889,0.0,0.0,1779.9499999999998,-3.3036900000000013,0.0,0.0,0.0,0.0,0.0,0.0,0.0,0.0,0.0,0.0,0.0,1256.0899999999997,-0.0966621,0.0,0.0,0.0,0.0,0.0,0.0,0.0,0.0,0.0,0.011707853653999133,0.3764881857602509,5724.963984016136,-222.49557888250973,0.0,2.5001266818317225e-08,0.0,-7.427233259066825e-09,53.918346703185165,-0.033907315037236874,53.918346703185165,0.0,1.440255508244547,2.40816984715098,0.7448922855163527,4477.0382880324605,15.174036372431061,0.0,-5.454846003065834e-19,0.0,-2.2467245209292787e-17,22.17120554908321,-0.06708470238935972,22.17120554908321,0.0,6.811326639735378,998.9999999999998,3.976616452541598,2.0045411678294616,17.129115061260663,gaze,0.5392844972632359,0.333583024349675,-36.74329014285827,70.07287562243644,425.5711299000299,28.391910831274757,-0.15329041655623427,-33.697666397828534,-0.014015909789725459,0.25393975823088577,0.9568253426597529,4.714056643811072,-30.122803698275785,-1.7117589039402086,-33.426379419101636,-0.11015174886634772,0.17641951029796973,0.9718860092210124,4.746584893252128,-0.6406188090593348,-1.1613290458017187,-33.30638849884501,-0.06392208451824188,0.21265049529780067,0.9639478623086847,4.750626924113721,80.24583770095505,False,-0.5791910271657063,imu,-1.3775458984,-9.593174606400002,2.3914148944,-8.18710898,1.77899457,-7.952620359999999,73.12886844962027,-4.744000223412437,0.6161325945823792
232.198872,0.10605976347734912,0.9722800327885238,4493.156913532568,7.374388403978575,0.2874275834946902,-0.48791913515437096,-179.56938015637942,18617.258889166686,-0.0051668745699999345,-0.48776225274607166,1.0518210407678221,0.2461648709959664,0.2874275834946902,3.517465834922694,1.7225891161807276,-0.005216988411173535,66.96317534394701,0.03336719638552324,0.10670111243393346,0.9721682277800792,66.9654185687392,-179.52095128219298,5.739010312907617,2.873248587039089,0.0,0.0726397137172988,6.303852061016489,25.554552797391555,12.012992282760292,-0.07555899918812475,0.0,0.0,1779.9499999999998,-3.3036900000000005,0.0,0.0,0.0,0.0,0.0,0.0,0.0,0.0,0.0,0.0,0.0,1256.0899999999997,-0.09666209999999999,0.0,0.0,0.0,0.0,0.0,0.0,0.0,0.0,0.0,0.011699873728426532,0.3764889768439368,5724.968178087214,-222.51519940077975,0.0,2.498124702938816e-08,0.0,-7.428168322045096e-09,53.91840232936083,-0.0339073843345573,53.91840232936083,0.0,1.4402570474485143,2.4105158477150677,0.7458239288653428,4477.039482564652,15.166079993138986,0.0,-5.379773759105972e-19,0.0,-2.4434900282235292e-17,22.177343755732736,-0.06716855113825337,22.177343755732736,0.0,6.818599716743391,998.9999999999998,3.9767076589406223,2.004525370944091,17.104210201056052,gaze,0.5421423852640828,0.3889171247239149,-36.63534445589512,65.44424091499201,422.1679512276134,28.37697282043189,0.4972462631627383,-34.67298914182795,-0.1040167394162442,0.1715351776905262,0.9796714759223588,4.868453502655029,-29.83874524976824,-1.465206930958664,-33.90161821958986,-0.050804690348667,0.1129610505289715,0.99229969490168,4.843528270721436,-0.6679497711468801,-1.0204342580008885,-33.58171214315131,-0.0149809182566454,0.1680962388081395,0.9796117867462384,4.824982976913452,83.97348631920562,False,-1.0,imu,-1.2887426988832733,-9.637652832982633,2.1965403591741346,-10.8233682756041,0.5268544528685519,-9.826402686949328,73.12237421206068,-4.742926629813687,0.6234476834302969
232.205979,0.10163337752041483,0.9892442999023587,4493.024643669063,7.372629826603053,0.2942960023560828,-0.486461870534393,-179.5535950753011,18617.456175490002,-0.005214937414284036,-0.4863010587426988,0.8934046204048445,0.24845922566846737,0.2942960023560828,4.053950207518048,1.739254578172999,-0.0053477095481254296,66.96624951078624,0.032699260777495576,0.10222995485695868,0.9891252448591339,66.9684816078903,-179.50374850156226,6.210656979789529,2.9489708716222793,0.0,0.07092547676421687,6.691806851941023,37.93403273692794,12.005494002841615,-0.07540856585378616,0.0,0.0,1779.9499999999996,-3.303690000000001,0.0,0.0,0.0,0.0,0.0,0.0,0.0,0.0,0.0,0.0,0.0,1256.0899999999997,-0.09666209999999999,0.0,0.0,0.0,0.0,0.0,0.0,0.0,0.0,0.0,0.01165761019076007,0.37649316650738796,5724.990450156089,-222.61933780582763,0.0,2.4875357777336255e-08,0.0,-7.433130932876952e-09,53.918696938517996,-0.03390774467693012,53.918696938517996,0.0,1.4402651990374422,2.422273390858528,0.7507592631513766,4477.04585051579,15.123821466966746,0.0,-4.981435707201416e-19,0.0,-3.485590444574533e-17,22.20966077170491,-0.06761272301898186,22.20966077170491,0.0,6.8571625504723634,998.9999999999998,3.9772020817824245,2.004439480609791,16.972034221726798,gaze,0.5407535008803792,0.3328092530252991,-50.87322400214364,77.52296747965062,577.5624615390271,28.374729303296398,-0.18603398480305197,-33.61375292848552,-0.015537426430960947,0.2547033962455004,0.9565726397869446,4.711479806154985,-30.142311883336482,-1.6963677456187953,-33.44069903427434,-0.11163597071220621,0.17701878429426715,0.9715892147385282,4.746423395117438,-0.6419867443573697,-1.1481071307085855,-33.31770039905501,-0.0655778176166182,0.21329289774876062,0.9636332135194345,4.7496404997690505,90.68156403542311,False,-0.5815727133223922,imu,-1.2704765472,-9.572837411200002,2.3991908808,-8.22449353,1.77899457,-7.41428284,73.08861624592558,-4.737114261151902,0.6620945384121972
232.208,0.0379208,0.166808,4492.99,7.34958,0.0368154,-0.49499,-179.666,18617.5,-0.00114215,-0.494897,-0.734391,0.354049,0.0368154,3.30309,0.273204,-0.00309294,67.0206,0.00892472,0.0378892,0.166799,67.0231,-179.666,4.33248,0.408552,0.0,0.0,3.006,42.0,11.0,-0.075455,0.0,0.0,1779.95,-3.30369,0.0,0.0,0.0,0.0,0.0,0.0,0.0,0.0,0.0,0.0,0.0,1256.09,-0.0966621,0.0,0.0,0.0,0.0,0.0,0.0,0.0,0.0,0.0,0.0116455,0.376493,5725.0,-222.652,0.0,2.48e-08,0.0,-7.43e-09,53.9188,-0.0338855,53.9188,0.0,1.44026,1.455,0.673378,4477.04,15.1421,0.0,-1.79e-19,0.0,3.02e-17,21.6017,-0.0606063,21.6017,0.0,6.42909,999.0,4.0,2.0,16.982645713091706,gaze,0.541104941080842,0.332625720084763,-56.93901336635465,86.79863990521447,660.3196918474802,28.37061799812513,-0.19395044743262937,-33.593798989049546,-0.015902022210045358,0.25488443295037,0.9565123680666724,4.710864461472928,-30.146975182073678,-1.692686079205464,-33.444135316265665,-0.11199001829106096,0.17716056347863324,0.9715184031852928,4.746386176418175,-0.6422592199396108,-1.1449382329484996,-33.32042153613124,-0.06597370580793638,0.21344508696590433,0.9635581428880615,4.749405590972199,90.53096686370975,False,-0.5821287424867122,imu,-1.2934202338071334,-9.634810031399955,2.2055971634792244,-10.226214517080813,0.46185285699402895,-9.29511605142516,73.07923859822621,-4.735426559674922,0.6730246749221374
232.214425,0.09637089768406555,1.0095787475495246,4492.867445918362,7.3704834472383975,0.30258691545635685,-0.48470555779238944,-179.53426525389918,18617.68050494429,-0.005271233741869988,-0.4845399592049909,0.6930638287826654,0.2511842482310502,0.30258691545635685,4.768152481681728,1.758800292117766,-0.005506956145867135,66.96975666897198,0.03186097647180264,0.09691226703213976,1.009450869237271,66.97197554354777,-179.48277255907956,6.815792954754501,3.0398985784707455,0.0,0.0688965236859562,7.173981525973045,52.347939852549146,11.993174845571495,-0.07523203547637058,0.0,0.0,1779.9499999999998,-3.3036900000000013,0.0,0.0,0.0,0.0,0.0,0.0,0.0,0.0,0.0,0.0,0.0,1256.0899999999997,-0.0966621,0.0,0.0,0.0,0.0,0.0,0.0,0.0,0.0,0.0,0.011607583490735414,0.37649812552609524,5725.016942986965,-222.74309372523408,0.0,2.4750335566164757e-08,0.0,-7.439027619017013e-09,53.9190456629356,-0.033908156333030154,53.9190456629356,0.0,1.4402748470772364,2.4346842373188413,0.7566027255337879,4477.053479191171,15.073539254043608,0.0,-4.508451708125821e-19,0.0,-4.718682046386822e-17,22.24748292336098,-0.06813859661656091,22.24748292336098,0.0,6.902897881226647,998.9999999999998,3.9778120432785085,2.0043329683896025,16.8149812034749,gaze,0.5422219060152852,0.33204647567502377,-76.76071045013332,122.20226740186607,946.0101071625606,28.357549112418333,-0.21928381618153772,-33.53083422837293,-0.017062307991147253,0.2554555601115943,0.9563212777727321,4.70891136192559,-30.161786609770814,-1.6809862653609917,-33.45508356748197,-0.11311263768808862,0.17760708174795506,0.9712938348837944,4.746271320597699,-0.6429832533392953,-1.1348522820120222,-33.329108107531944,-0.06723136372555129,0.21392493466020834,0.9633200697265041,4.748661512661086,84.4083463295075,False,-0.583860602525855,imu,-1.4600909848,-9.4765348104,2.3453571288,-8.44132392,1.54721036,-7.167544809999999,73.05009330859275,-4.729959518894272,0.7075767449356245
232.218853,0.09361125059194851,1.0203150289343972,4492.785028471474,7.369333311654446,0.3069898296046153,-0.4837740733534571,-179.52388019471385,18617.79418682723,-0.005300380655532339,-0.4836059137594692,0.5835358916679252,0.25261214231836937,0.3069898296046153,5.17757430744547,1.7689312451519306,-0.005592156045648326,66.97153176525626,0.03140186229471098,0.09412279506864323,1.0201824338349998,66.97374370947304,-179.47154160811363,7.153422342312969,3.087972943352632,0.0,0.0678365153669268,7.436234665798058,57.22604243862379,11.985290424066967,-0.07514047443839288,0.0,0.0,1779.9499999999998,-3.303690000000001,0.0,0.0,0.0,0.0,0.0,0.0,0.0,0.0,0.0,0.0,0.0,1256.0899999999997,-0.0966621,0.0,0.0,0.0,0.0,0.0,0.0,0.0,0.0,0.0,0.011581442183137561,0.37650071674857755,5725.030843096608,-222.80797427569317,0.0,2.4685148873359313e-08,0.0,-7.44211869116147e-09,53.91922788792948,-0.03390836483630709,53.91922788792948,0.0,1.4402798882480496,2.440491422695123,0.7596564313255293,4477.057505278954,15.047151066663336,0.0,-4.2607247923380764e-19,0.0,-5.362641024804637e-17,22.26705426790058,-0.06841339769919677,22.26705426790058,0.0,6.926832953420668,998.9999999999998,3.9781414293189354,2.0042752199769933,16.73265430239151,gaze,0.5386110296966758,0.4089487187938989,-86.61058057923455,142.7812159406257,1091.446985582348,28.4061271101294,0.2967930786378998,-34.47004162123086,-0.0943892527557561,0.1364072173615316,0.9861459019921414,4.880783081054688,-29.81152472940365,-1.612850832929464,-33.73913803698915,-0.056487126397522,0.1156000556501363,0.9916883742814756,4.831448078155518,-0.6838094323027561,-0.7528062980982825,-33.920914155049616,-0.0466541668832968,0.15435315664829,0.9847834453587584,4.855208873748779,76.03155720111856,False,-1.0,imu,-1.2988471268751658,-9.631417685899907,2.216425014252487,-9.40771140013948,0.3931193142306395,-8.764111940954782,73.03060794199374,-4.726102368209693,0.7312008514263884
232.22287,0.09110747350698259,1.0300997077900118,4492.710259119885,7.368274969785507,0.31101777236119343,-0.48292264509470745,-179.51430804037932,18617.895172070694,-0.005326597814431394,-0.48275213129220285,0.4819094824479274,0.253907018146592,0.31101777236119343,5.5705197341171555,1.7780507897340359,-0.005670476523365414,66.97310416725009,0.03097352584687424,0.09159143090436227,1.0299627790313308,66.97530982603183,-179.4612124337971,7.4723266398179495,3.131823209226292,0.0,0.06687717270027935,7.679922913455726,59.52476889973935,11.977316331376462,-0.07505800772872212,0.0,0.0,1779.9499999999998,-3.303690000000001,0.0,0.0,0.0,0.0,0.0,0.0,0.0,0.0,0.0,0.0,0.0,1256.0899999999997,-0.0966621,0.0,0.0,0.0,0.0,0.0,0.0,0.0,0.0,0.0,0.011557778461675789,0.3765030623238974,5725.043459365899,-222.86683200821145,0.0,2.4626228489764143e-08,0.0,-7.44492262028642e-09,53.919392842288566,-0.03390854957053948,53.919392842288566,0.0,1.4402844514013113,2.4453325275177766,0.7624206117952708,4477.061173559959,15.023196458062422,0.0,-4.0361732092262247e-19,0.0,-5.945231689669263e-17,22.284653373713944,-0.06866213694853254,22.284653373713944,0.0,6.948519832806457,998.9999999999995,3.9784458949532593,2.0042217072159043,16.657975960342007,gaze,0.5436890476758257,0.3312950770816186,-89.20567600816258,148.8739181476419,1142.8723508689943,28.340378202670983,-0.2528674883301251,-33.44950306683313,-0.018589819875456964,0.25619587394826443,0.9560713536980058,4.7063513742798,-30.18121907838469,-1.6656223577919413,-33.469526298255616,-0.1145811563174007,0.17818408532649055,0.9709999802509177,4.746127942857451,-0.6436031011020904,-1.1215716342656674,-33.34060589337913,-0.06888198402534582,0.2145462976238327,0.9630085492066547,4.7476894199001975,68.79380572312051,False,-0.5860535163796525,imu,-1.306963868,-9.4496179344,2.449435716,-8.56843139,1.63693328,-6.75631476,73.01336337437655,-4.722540681488743,0.7524869385364019
232.224,0.0391809,0.209461,4492.69,7.34778,0.0416229,-0.489448,-179.659,18618.2,-0.00157453,-0.489356,-1.01446,0.33951,0.0416229,4.21874,0.33009,-0.00307531,67.023,0.0113923,0.0391488,0.209448,67.0254,-179.659,5.04506,0.480552,0.0,0.0,3.78,60.0,11.0,-0.075455,0.0,0.0,1779.95,-3.30369,0.0,0.0,0.0,0.0,0.0,0.0,0.0,0.0,0.0,0.0,0.0,1256.09,-0.0966621,0.0,0.0,0.0,0.0,0.0,0.0,0.0,0.0,0.0,0.0115519,0.376502,5725.05,-222.882,0.0,2.49e-08,0.0,-7.45e-09,53.9194,-0.0338823,53.9194,0.0,1.44028,1.455,0.684882,4477.05,15.0483,0.0,-1.71e-19,0.0,2.88e-17,21.6841,-0.0616336,21.6841,0.0,6.51462,999.0,4.0,2.0,16.682700913472797,gaze,0.5438852526535515,0.33119540664857117,-88.96153270594931,148.98811804256812,1142.3301722802469,28.338081479688093,-0.2573778281466708,-33.43877073866559,-0.018794395334740574,0.256294025709786,0.9560380225252567,4.706009435684804,-30.183815901924763,-1.6635680779833049,-33.47146311267346,-0.1147770272290459,0.1782604278566396,0.970960777528425,4.746109376534149,-0.6436572683098231,-1.1197928112868942,-33.34215107914206,-0.06910261253116601,0.21462862389704335,0.9629669902413566,4.747559826214701,66.49343044962863,False,-0.5863397111007903,imu,-1.3013698702755927,-9.62980448617005,2.2215818116199184,-8.985532829671453,0.3639885987146012,-8.550029794346225,73.00858734134897,-4.721528097289756,0.7584485637813314
232.231316,0.08584266139681213,1.0508119798473985,4492.553046538327,7.366002778865375,0.3195921082563674,-0.48111248348400365,-179.49370817107285,18618.1013079653,-0.005381007315051568,-0.4809369229303456,0.2625771898717364,0.2566279780892168,0.3195921082563674,6.464950718871388,1.7969988928742975,-0.005838374405951936,66.97629229588604,0.030035699804990434,0.08626694935796074,1.0506657679893268,66.97848474605122,-179.4390535344407,8.183404611807882,3.2247533859338615,0.0,0.06486736862524367,8.210659088641302,59.5473911251287,11.95808579541101,-0.07488648774604134,0.0,0.0,1779.9500000000003,-3.3036900000000013,0.0,0.0,0.0,0.0,0.0,0.0,0.0,0.0,0.0,0.0,0.0,1256.09,-0.09666210000000001,0.0,0.0,0.0,0.0,0.0,0.0,0.0,0.0,0.0,0.011508182333678438,0.37650797816052733,5725.070005571244,-222.99058197907073,0.0,2.4503021029668568e-08,0.0,-7.450817333577777e-09,53.91973856565525,-0.03390892408864246,53.91973856565525,0.0,1.4402940144558865,2.454152809472554,0.768212909761256,4477.068935862208,14.972781923613692,0.0,-3.564715160183937e-19,0.0,-7.164897516954606e-17,22.32116650667227,-0.06918334212876044,22.32116650667227,0.0,6.994031719342059,999.0,3.979103396950472,2.004105738103382,16.50098268749987,gaze,0.5451547896874895,0.3305551690134142,-77.24267954569761,130.87063544452513,997.1410546114041,28.323218327627764,-0.2866263837923079,-33.37030422620723,-0.020119778550549965,0.25692423045986235,0.9558228749434082,4.703799001723612,-30.200607498030344,-1.6502783618491594,-33.48402570355093,-0.11604146184950932,0.17874968811055322,0.9707076559461468,4.745992494577181,-0.6438428744164514,-1.108267518963799,-33.35219216689247,-0.07052953471434802,0.2151569036288127,0.9626986583994187,4.746723344011924,52.25976676843669,False,-0.5881510695365944,imu,-1.2465504352,-9.4460290176,2.3944056584,-8.55347757,1.83880985,-6.65163802,72.97847304738008,-4.714859777321692,0.796748764742781
232.231999,0.08541690461121261,1.0524951655354484,4492.540332980023,7.365816227760066,0.3202917604415805,-0.48096491310172196,-179.4920140224996,18618.11762791813,-0.005385364140013173,-0.4807889386510319,0.2445714170917758,0.2568479137453092,0.3202917604415805,6.541359775911933,1.7985174879257817,-0.005852144209436069,66.9765431116397,0.02995763330705606,0.08583626771600744,1.0523481927608587,66.97873449415934,-179.43723526997422,8.243371388629475,3.2323113995276533,0.0,0.06470528307051815,8.25468558073246,59.45436442746167,11.956388623332089,-0.07487272941669297,0.0,0.0,1779.9500000000003,-3.3036900000000013,0.0,0.0,0.0,0.0,0.0,0.0,0.0,0.0,0.0,0.0,0.0,1256.09,-0.09666210000000003,0.0,0.0,0.0,0.0,0.0,0.0,0.0,0.0,0.0,0.01150418101775875,0.37650837474899584,5725.07215344111,-223.0005890997143,0.0,2.44930980372496e-08,0.0,-7.451293976415391e-09,53.919766457932916,-0.03390895354245371,53.919766457932916,0.0,1.4402947859401618,2.4547840848241935,0.7686801226913309,4477.069566515795,14.968702216070636,0.0,-3.526635171533235e-19,0.0,-7.263201242537276e-17,22.324089841067984,-0.06922538164259338,22.324089841067984,0.0,6.997706838929576,999.0,3.979157584930967,2.0040961570331355,16.488288540191764,gaze,0.5452732361328673,0.33049584981831803,-75.43506034882112,127.86855312383611,973.8477254822534,28.321831410930304,-0.2893588422774399,-33.364009873900066,-0.020243583927142275,0.2569825953789272,0.9558028477477826,4.703592938862123,-30.202173158120896,-1.64903867248488,-33.48520047620978,-0.11615917302292351,0.17879491802378586,0.9706840872911432,4.745981866626665,-0.6438455807973332,-1.1071908664516492,-33.35313278874865,-0.07066260796543916,0.21520580110043516,0.9626736738001364,4.746645469280077,51.048744630981886,False,-0.5883164855830496,imu,-1.305225653832125,-9.627292136219655,2.2296227220121745,-8.295047344802462,0.32337666538528503,-8.264049323548484,73.07228839999999,-4.425140400000016,0.9460727999999974
232.238944,0.08108776637634793,1.0696805292286549,4492.4110543358265,7.3638951993006305,0.32745975981337605,-0.4794542090379081,-179.47454428049656,18618.280736050918,-0.005429291349028299,-0.47927397632598306,0.059908843867733166,0.2590834098693452,0.32745975981337605,7.3529558167797315,1.8138401240186912,-0.005993811462018252,66.97903393080892,0.02914465805949376,0.08145619601600444,1.0695257315148345,66.98121446214154,-179.41852034674855,8.874656305906004,3.30952663198287,0.0,0.06306098146321291,8.711970696238689,60.034873061915725,11.937965070359015,-0.07473379163775612,0.0,0.0,1779.95,-3.3036900000000013,0.0,0.0,0.0,0.0,0.0,0.0,0.0,0.0,0.0,0.0,0.0,1256.0899999999997,-0.0966621,0.0,0.0,0.0,0.0,0.0,0.0,0.0,0.0,0.0,0.011463573422439921,0.37651239945282944,5725.094003696111,-223.10234416235485,0.0,2.4392543814413916e-08,0.0,-7.456140293689253e-09,53.920049524502176,-0.03390924587447857,53.920049524502176,0.0,1.440302615018331,2.460490763752466,0.7734204662934766,4477.076004333022,14.927194177341189,0.0,-3.1398627906576243e-19,0.0,-8.25986301625296e-17,22.35356248025891,-0.06965190210070347,22.35356248025891,0.0,7.03503021201387,998.9999999999999,3.979717137245086,2.003997025633996,16.359221728827684,gaze,0.5360925776638684,0.4093876890250285,-53.89812798209317,91.41702243989764,700.1880377882223,28.42940697434839,0.1652872485157704,-34.31104440665304,-0.0791533858477184,0.1361004891594297,0.9874101695008872,4.856444617276583,-29.812964591069186,-1.6108772404802725,-33.765010635613315,-0.0556249140072748,0.1078985526773547,0.992574057871599,4.851296862054708,-0.6847078001576964,-0.6417416912028788,-34.085829539118905,-0.0618634961174291,0.1439172609298472,0.9865645900600916,4.870066664641503,41.08742742407891,False,-1.0,imu,-1.3085095632790076,-9.625105919862875,2.236629580656081,-7.669177079484534,0.29288559933720243,-8.06012235847628,72.94858914400359,-4.707701435111421,0.8360896951290677
232.239762,0.0805778954097816,1.0717130670156925,4492.395827281474,7.363666029478806,0.32831048209729563,-0.4792750539799253,-179.47245736259106,18618.299612785835,-0.0054344197657073875,-0.47909431374401473,0.03801645990635062,0.2593466024080146,0.32831048209729563,7.452674212728472,1.8156304200061955,-0.006010696245177961,66.97932015839461,0.02904659126164355,0.08094022280302295,1.0715573371031635,66.9814994123041,-179.4162888061623,8.951623392300135,3.3186644804094954,0.0,0.06286777868799241,8.766994341736783,60.39487763953804,11.935657915076211,-0.07471754321350449,0.0,0.0,1779.9500000000003,-3.3036900000000013,0.0,0.0,0.0,0.0,0.0,0.0,0.0,0.0,0.0,0.0,0.0,1256.09,-0.09666210000000003,0.0,0.0,0.0,0.0,0.0,0.0,0.0,0.0,0.0,0.011458800044430645,0.37651287254045085,5725.096578463223,-223.11432900543383,0.0,2.4380742023004094e-08,0.0,-7.456711061599176e-09,53.9200827986793,-0.0339092794412283,53.9200827986793,0.0,1.440303535272379,2.4610765381140918,0.7739775221377191,4477.076765610059,14.922302383176788,0.0,-3.0943638598489256e-19,0.0,-8.376891846282601e-17,22.35700330830264,-0.06970202262450134,22.35700330830264,0.0,7.039420553095603,999.0,3.9797840609356623,2.003985146154548,16.34402137077486,gaze,0.5466184821924153,0.32982712417164173,-51.45879943856554,88.03407003709724,668.1372083282812,28.306077251496923,-0.32039235824318474,-33.29378862028457,-0.021651466138197923,0.25764026487012187,0.9555759367715613,4.701254316864701,-30.219943277511327,-1.6349619781299565,-33.4985751953186,-0.11749297479202755,0.1793035835619861,0.9704169703845206,4.7458642696451,-0.6437006104019789,-1.0949469015862914,-33.36386130962545,-0.07217329413421131,0.2157564535230369,0.9623905132563829,4.745762763419138,39.496693893857326,False,-0.5901521114366253,imu,-1.1963056,-9.438851184,2.3908167416,-8.49366229,1.71917929,-7.077821889999999,72.94547773004707,-4.706921449785712,0.8402699453855438
232.24,0.0362902,0.266058,4492.39,7.34592,0.0476483,-0.484137,-179.65,18618.7,-0.00205017,-0.484045,-0.915151,0.325636,0.0476483,7.26866,0.423615,-0.0030619,67.0251,0.0151517,0.0363542,0.26605,67.0275,-179.65,7.72222,0.577906,0.0,0.0,4.797,60.0,11.0,-0.075455,0.0,0.0,1779.95,-3.30369,0.0,0.0,0.0,0.0,0.0,0.0,0.0,0.0,0.0,0.0,0.0,1256.09,-0.0966621,0.0,0.0,0.0,0.0,0.0,0.0,0.0,0.0,0.0,0.0114589,0.376512,5725.1,-223.116,0.0,2.48e-08,0.0,-7.46e-09,53.9201,-0.0338746,53.9201,0.0,1.4403,1.455,0.697049,4477.07,14.9522,0.0,-1.64e-19,0.0,2.75e-17,21.7677,-0.0627125,21.7677,0.0,6.60425,999.0,4.0,2.0,16.38275921224536,gaze,0.5466596933159505,0.3298067831615626,-50.71044119436215,86.80942009131188,658.795809777621,28.30559456056259,-0.3213423660226638,-33.29167646402818,-0.021694647438450076,0.2576602608521688,0.9555690012486544,4.701182719277017,-30.22048731745228,-1.6345308343251752,-33.49898586396945,-0.117533745716956,0.17931901991224375,0.9704088036015135,4.745860754019618,-0.6436910618287076,-1.0945713528090912,-33.364191293747695,-0.07221955365350016,0.21577318592219297,0.9623818560810902,4.745735768643837,39.21464697807097,False,-0.5902070921957471,imu,-1.3090037048085204,-9.624773120196641,2.2376970039983397,-7.572354437514703,0.28864761118857485,-8.032592978568942,72.94457587204857,-4.706694063310505,0.8414847498946583
232.248318,0.07524544705928692,1.0930787903445878,4492.236554119636,7.361231881331591,0.337290864066789,-0.47738565520641857,-179.45025513743144,18618.49291353504,-0.005487474065081957,-0.4771995302553075,-0.19161468230632372,0.2620980434323512,0.337290864066789,8.546504832745931,1.8341694940724083,-0.006189840853629742,66.98222355473968,0.027991267913473034,0.07554262915352562,1.0929131753806065,66.98438945688103,-179.3925999836527,9.790379467223692,3.414784013197613,0.0,0.060853003224779816,9.35749043688526,68.0918814349412,11.909856738511145,-0.07454907299762256,0.0,0.0,1779.9500000000003,-3.3036900000000022,0.0,0.0,0.0,0.0,0.0,0.0,0.0,0.0,0.0,0.0,0.0,1256.0900000000001,-0.09666210000000003,0.0,0.0,0.0,0.0,0.0,0.0,0.0,0.0,0.0,0.011408991644967455,0.37651780887891595,5725.123524647029,-223.2396847212708,0.0,2.425783178122153e-08,0.0,-7.462680545287031e-09,53.92043000237463,-0.03390961946769604,53.92043000237463,0.0,1.4403131371952338,2.4660887854522238,0.7797875255598932,4477.084766531686,14.87109992198128,0.0,-2.6192547050854927e-19,0.0,-9.596181608869614e-17,22.392602161421152,-0.07022475212226148,22.392602161421152,0.0,7.085267208191789,999.0,3.9804967559537534,2.0038583490628303,16.18504982682613,gaze,0.548098668277301,0.3291019763472203,-28.973000057203937,52.18117504797905,396.1426003737053,28.28873787511947,-0.3544402275957062,-33.21953912597834,-0.023204323425175564,0.2583527842956683,0.955327419453379,4.6986840965439844,-30.239470881301312,-1.6194801907808605,-33.51336031308085,-0.11895401976678983,0.17985251878153416,0.9701242439483495,4.745741008879474,-0.6431668599295988,-1.081441411172548,-33.37576261267807,-0.07383406632783829,0.21635231387153855,0.9620802143548255,4.744794633498933,32.36557308590771,False,-0.5920799232772058,imu,-1.208268656,-9.3156317072,2.386629672,-8.38150864,1.41262598,-7.44419048,72.91403238497932,-4.6986211258646735,0.8835139062962262
232.256,0.0280925,0.3265,4492.09,7.34399,0.0554395,-0.479036,-179.64,18619.3,-0.00264797,-0.478944,-0.680832,0.313177,0.0554395,8.52645,0.548687,-0.00305308,67.027,0.0202285,0.0282366,0.326496,67.0293,-179.64,8.39328,0.704361,0.0,0.0,6.021,78.0,11.0,-0.075455,0.0,0.0,1779.95,-3.30369,0.0,0.0,0.0,0.0,0.0,0.0,0.0,0.0,0.0,0.0,0.0,1256.09,-0.0966621,0.0,0.0,0.0,0.0,0.0,0.0,0.0,0.0,0.0,0.011366,0.376522,5725.15,-223.35,0.0,2.47e-08,0.0,-7.47e-09,53.9207,-0.0338669,53.9207,0.0,1.44032,1.455,0.709216,4477.08,14.856,0.0,-1.56e-19,0.0,2.62e-17,21.8513,-0.0637913,21.8513,0.0,6.69387,999.0,4.0,2.0,16.082820954052316,gaze,0.5494250565611517,0.3284617476961625,-20.981132703546766,39.785867526016524,306.4950639085785,28.27319584425828,-0.38474033478447994,-33.15608473026749,-0.02459915882289559,0.2589812836626308,0.9551057462046456,4.69638275837982,-30.256947099354495,-1.605613940933017,-33.52667063122119,-0.12025744881300802,0.1803347484116295,0.9698629766647018,4.74563542828528,-0.6423549666058637,-1.0693102057861714,-33.3865134027895,-0.075320987253993,0.21687726434538052,0.9618032723344193,4.743929127355936,31.056974870307258,False,-0.5937249440317424,imu,-1.3163238785060078,-9.619719257353895,2.2539325625710585,-6.074915510636757,0.2377030754180467,-7.7199844200241765,72.88753238228774,-4.690950137855037,0.9215429923991694
232.256875,0.06991412284849084,1.1146405949312066,4492.077256528229,7.358728875058951,0.34642336812839014,-0.47546757021153907,-179.42736005431414,18618.67867006075,-0.0055394357255160705,-0.4752759193545306,-0.42007659268936093,0.26484698611382623,0.34642336812839014,9.728362085205543,1.8523607883774582,-0.006373684328277805,66.98496181735416,0.026881067725732455,0.07014371592639333,1.1144648455735204,66.98711438646944,-179.36826651997035,10.691852644096558,3.511890995415274,0.0,0.058849373387774594,9.975878475245997,78.2610427701833,11.881133226175091,-0.07438332530224276,0.0,0.0,1779.9499999999998,-3.3036900000000013,0.0,0.0,0.0,0.0,0.0,0.0,0.0,0.0,0.0,0.0,0.0,1256.0899999999997,-0.0966621,0.0,0.0,0.0,0.0,0.0,0.0,0.0,0.0,0.0,0.011359394904599616,0.3765227239570916,5725.150501368159,-223.36505210828986,0.0,2.4135889911477854e-08,0.0,-7.468649717111773e-09,53.92077573106185,-0.03390993902518881,53.92077573106185,0.0,1.440322697239632,2.4690190176027,0.7855668322642334,4477.092838485269,14.819826381020805,0.0,-2.1457129140807233e-19,0.0,-1.0806382976647255e-16,22.427480397296996,-0.07074468339947697,22.427480397296996,0.0,7.130976985652931,998.9999999999999,3.9812323727382104,2.003726956799012,16.02609542441079,gaze,0.5495759637129225,0.32838948431211706,-20.89667053019537,39.58054738155184,305.81775107470725,28.271427328256646,-0.3881699192958079,-33.14906609115426,-0.024758052203854547,0.25905218777982014,0.9550805867757773,4.696121002246948,-30.25893407472528,-1.604036782313011,-33.5281886758053,-0.12040539680383998,0.18038902964974463,0.9698333135832464,4.745623683140752,-0.6422426328171993,-1.0679282942160706,-33.38774171411292,-0.07549008140296128,0.21693644733239745,0.961771830208382,4.743830746150457,31.155726195860332,False,-0.5939071328452707,imu,-1.2148483368,-9.324005846400002,2.3591146432,-7.9029864,1.22570323,-8.04982019,72.88461934503924,-4.690063407640004,0.9258236777921364
232.258926,0.06863663050314393,1.119837422460496,4492.039074192062,7.358118618423358,0.34863493675472235,-0.47500357430401485,-179.42176860108395,18618.72204844152,-0.0055517227078010385,-0.4748105778434828,-0.4742764157260074,0.26550542869248134,0.34863493675472235,10.023604999479087,1.856667588777062,-0.006418451959272809,66.98559350463283,0.026606712518188164,0.06884965666143103,1.1196592067508222,66.98774288144614,-179.3623376096647,10.917349432984476,3.5353094896232986,0.0,0.058370871498382694,10.128302687901913,80.41359369895069,11.873835267650128,-0.07434401079871975,0.0,0.0,1779.9499999999998,-3.303690000000001,0.0,0.0,0.0,0.0,0.0,0.0,0.0,0.0,0.0,0.0,0.0,1256.0899999999997,-0.0966621,0.0,0.0,0.0,0.0,0.0,0.0,0.0,0.0,0.0,0.011347539421417344,0.37652389880231063,5725.15697140132,-223.395100576507,0.0,2.4106809761245124e-08,0.0,-7.470080298942467e-09,53.92085837326992,-0.03391001252435433,53.92085837326992,0.0,1.4403249822868283,2.4694044900340533,0.7869472263373152,4477.0947836896485,14.807527210104169,0.0,-2.0324800422365534e-19,0.0,-1.1095003543389953e-16,22.435730833557287,-0.07086886404542125,22.435730833557287,0.0,7.141910980166549,998.9999999999998,3.9814120275873535,2.0036947932148097,15.988001624096107,gaze,0.533587789026193,0.4098242777044585,-21.363150738761064,40.33149585928507,311.05179296125,28.45256053797507,0.0344948789224596,-34.15290980201949,-0.0640001783141824,0.1357954250543879,0.9886675779603836,4.83223819732666,-29.81439664103188,-1.60891435539144,-33.79074286724479,-0.0547673793906848,0.1002388327827726,0.993454936349417,4.87103796005249,-0.6901533757979763,-0.6284001399855794,-34.132502693283904,-0.068149443298154,0.1355129162321755,0.9876201300419704,4.868258736556176,31.015687236885025,False,-1.0,imu,-1.3176288037395103,-9.618792857107008,2.2569138669339424,-5.7986636073537685,0.23113636000858157,-7.682532756147502,72.87787627280325,-4.687974571022298,0.9358152685303515
232.265431,0.06458603675420517,1.1363933053046675,4491.917972268454,7.356156416392547,0.3557075024294417,-0.4735210041092393,-179.40376621253048,18618.85659402854,-0.005590253934690941,-0.47332368534706115,-0.6438665472610493,0.26759257379240864,0.3557075024294417,10.987092208255264,1.8701872319045945,-0.00656225361115256,66.98753383405025,0.02571516856388195,0.06474556977313163,1.1362071709984791,66.98967309590067,-179.3432838751382,11.656768959925003,3.6099462649466427,0.0,0.056857816086476866,10.622627701412808,87.18478687785584,11.849678480418666,-0.07422038948917764,0.0,0.0,1779.9499999999998,-3.3036900000000013,0.0,0.0,0.0,0.0,0.0,0.0,0.0,0.0,0.0,0.0,0.0,1256.09,-0.09666210000000001,0.0,0.0,0.0,0.0,0.0,0.0,0.0,0.0,0.0,0.011310020410843434,0.3765276167193447,5725.177502319786,-223.49040188640046,0.0,2.401496023626241e-08,0.0,-7.474617182804114e-09,53.921119911006045,-0.033910237610603695,53.921119911006045,0.0,1.4403322133477419,2.4697997113390247,0.791312575728981,4477.1009800246375,14.768494575461444,0.0,-1.674099780262611e-19,0.0,-1.200651492563801e-16,22.461614225858735,-0.07126155767658011,22.461614225858735,0.0,7.176531043827431,998.9999999999998,3.981990228882721,2.0035910907094987,15.867196808384643,gaze,0.5510495519524649,0.3276900881229879,-26.741865722605308,46.63640022128962,373.2574103930239,28.254155334241233,-0.42141391991102223,-33.082852902986986,-0.026311756280422365,0.2597380438195802,0.9548355615291811,4.693565406012058,-30.278322101459896,-1.588641172083366,-33.54305193765132,-0.12184636862316843,0.18091276254181482,0.9695443200743473,4.745511598180173,-0.6409319601445557,-1.0544160602108674,-33.3997915408041,-0.07714043251958858,0.21750849977740805,0.9614655110918124,4.7428706961278655,33.172046955907774,False,-0.5956324534271099,imu,-1.2615042552,-9.288714831200002,2.335786684,-7.282402869999999,1.02382666,-8.25169676,72.8572836545198,-4.681254208573824,0.9670997237999295
232.272,0.0043957,0.400844,4491.8,7.34198,0.0655209,-0.474128,-179.627,18619.7,-0.00332187,-0.474037,-0.57954,0.300936,0.0655209,10.5979,0.70602,-0.00304893,67.0287,0.0265723,0.00451271,0.400837,67.031,-179.627,10.7722,0.866194,0.0,0.0,7.488,96.0,11.0,-0.075455,0.0,0.0,1779.95,-3.30369,0.0,0.0,0.0,0.0,0.0,0.0,0.0,0.0,0.0,0.0,0.0,1256.09,-0.0966621,0.0,0.0,0.0,0.0,0.0,0.0,0.0,0.0,0.0,0.011273,0.376531,5725.2,-223.584,0.0,2.45e-08,0.0,-7.48e-09,53.9214,-0.0338592,53.9214,0.0,1.44034,1.455,0.721384,4477.1,14.7599,0.0,-1.49e-19,0.0,2.5e-17,21.9349,-0.0648703,21.9349,0.0,6.78351,999.0,4.0,2.0,15.792885320941366,gaze,0.5521782330282343,0.327162113187508,-34.20046016034168,56.36540176196684,464.6306764343159,28.240922784065464,-0.44651354422385847,-33.03517051630103,-0.02750441408846754,0.2602553187836313,0.9546486866974341,4.691608053058206,-30.29315427157102,-1.5768557444015752,-33.554485275136464,-0.12294550650298375,0.18130609899997677,0.969323776964871,4.745428644396856,-0.6396669780672035,-1.044044662901701,-33.40908927779245,-0.07840348265844771,0.21793941720095802,0.9612317549122701,4.742135741985579,33.28109070652566,False,-0.5968875740623604,imu,-1.323332616049394,-9.6146461668761,2.2702784511931173,-4.576460829892364,0.21244906655017656,-7.579633008626211,72.83772431882451,-4.674321930252882,0.9980360516000886
232.273987,0.05926144182576677,1.1583392754060111,4491.7586832584075,7.353513026610537,0.3651459787627275,-0.471545489339562,-179.3794596519717,18619.026165037165,-0.005639895699774725,-0.47134235791772655,-0.8595407516828953,0.27033491275378585,0.3651459787627275,12.306248433721304,1.8876379964070908,-0.006755640408189684,66.98993947529581,0.02449235145231954,0.05934839245977863,1.1581425008162525,66.99206545803347,-179.31763892395236,12.68526858112556,3.7089439178002945,0.0,0.054878559827489355,11.298280326640286,100.49166995888221,11.815674713197426,-0.07406029726554464,0.0,0.0,1779.9499999999998,-3.3036900000000013,0.0,0.0,0.0,0.0,0.0,0.0,0.0,0.0,0.0,0.0,0.0,1256.0900000000001,-0.09666210000000003,0.0,0.0,0.0,0.0,0.0,0.0,0.0,0.0,0.0,0.011260861352652491,0.37653248783423765,5725.204530651208,-223.61574872851776,0.0,2.3895043995741116e-08,0.0,-7.48058364090051e-09,53.92146258975488,-0.03391051482933048,53.92146258975488,0.0,1.4403416868154262,2.468365672891435,0.7970238996558585,4477.109192530937,14.717099356723967,0.0,-1.204614230563319e-19,0.0,-1.3196010947125336e-16,22.49499196472685,-0.07177529701476261,22.49499196472685,0.0,7.221926481512557,999.0,3.9827698713769704,2.003450831679814,15.70833690875434,gaze,0.5525191424667009,0.32700397039463747,-35.92990251754422,58.77508287822298,489.2194623778767,28.236925451975708,-0.45402147754709066,-33.021317854429036,-0.027865092642688275,0.26041017332849686,0.9545923788329553,4.691016785233756,-30.297631142835744,-1.5732972613549658,-33.557947014390706,-0.12327671507925225,0.18142355888845987,0.9692573008782035,4.745404028533616,-0.639240650344207,-1.0409083954231562,-33.41190926798532,-0.07878480276728222,0.2180683279737257,0.9611612977433143,4.741913750634581,32.589338598099445,False,-0.5972552651103601,imu,-1.2076705032,-9.16669166,2.3908167416,-6.355266029999999,0.8967191899999998,-8.51338861,72.83205458715656,-4.67219645032713,1.007257817369252
232.279017,0.056133142867521454,1.171331261277788,4491.665036596755,7.351925409497325,0.37076748855663644,-0.47037048965036765,-179.36483277968915,18619.121635965763,-0.005668514638993306,-0.47016387259127024,-0.9811597204514259,0.27194550729190947,0.37076748855663644,13.100980032587279,1.8977165224685257,-0.006871608062431346,66.99127589482504,0.023746457110618707,0.056176227951660024,1.1711281107122358,66.99339408563262,-179.30224915146854,13.319236956468982,3.7675764700384073,0.0,0.05372090166461356,11.70911232827474,111.62748538581026,11.794569361154563,-0.07396752851447178,0.0,0.0,1779.9500000000003,-3.3036900000000013,0.0,0.0,0.0,0.0,0.0,0.0,0.0,0.0,0.0,0.0,0.0,1256.0900000000001,-0.09666210000000003,0.0,0.0,0.0,0.0,0.0,0.0,0.0,0.0,0.0,0.011232061310928743,0.37653534145478773,5725.220433157474,-223.68943771484595,0.0,2.382502562059088e-08,0.0,-7.484090801195784e-09,53.92166334983881,-0.03391066765474401,53.92166334983881,0.0,1.4403472363550822,2.466462892771981,0.8003648492326909,4477.114053896485,14.686855285340577,0.0,-9.297044944952796e-20,0.0,-1.3890052196408123e-16,22.514255125388807,-0.07207580027596502,22.514255125388807,0.0,7.248536681944142,999.0,3.9832381590535864,2.0033663647554887,15.61496320178718,gaze,0.5348188750076894,0.4206096651960924,-37.99562709525463,62.15662133191483,532.4751340201393,28.46327504509796,0.1580198293796062,-34.32815109315148,-0.0767773979385944,0.1302653570001133,0.9885019817539124,4.828271865844727,-29.80412806281896,-1.580819352234192,-33.84836933130592,-0.0537805068036014,0.0896306680186879,0.9945219959550776,4.890381336212158,-0.6953416786109206,-0.6726827413375558,-34.098001515562586,-0.0689801571220245,0.1236432825923911,0.9894936166488932,4.8553883771354,29.39075253730869,True,1.0,imu,-1.3263087316106428,-9.612416060563376,2.277479406340248,-3.937799149435426,0.20968348101922424,-7.5625047834923596,72.81821713711847,-4.6667570257014095,1.0303088614646074
232.282544,0.053940601156961976,1.1804809307540987,4491.599371418777,7.350797182713109,0.37474159201375723,-0.46954054289439257,-179.35442600512192,18619.186580045203,-0.00568832700914313,-0.46933145121767966,-1.063687938767572,0.27307410676951327,0.37474159201375723,13.662964873836824,1.9047019203565014,-0.006953939271668583,66.99217854679925,0.023211359814067606,0.053952394206474574,1.180273255616311,66.99429128102825,-179.29131813831557,13.776481909582197,3.808877747913899,0.0,0.052911843658270896,12.003226724257631,119.92413804504783,11.779303731991593,-0.07390308229258467,0.0,0.0,1779.9499999999998,-3.303690000000001,0.0,0.0,0.0,0.0,0.0,0.0,0.0,0.0,0.0,0.0,0.0,1256.09,-0.0966621,0.0,0.0,0.0,0.0,0.0,0.0,0.0,0.0,0.0,0.011211911021816179,0.376537337959969,5725.231589524483,-223.74110730644696,0.0,2.377614313351756e-08,0.0,-7.486549789480433e-09,53.92180381414044,-0.0339107702719581,53.92180381414044,0.0,1.4403511189181666,2.464651928497832,0.8026999136138742,4477.117477420012,14.665635555168594,0.0,-7.374599836944908e-20,0.0,-1.4374289110849651e-16,22.5276014128231,-0.07228582037665554,22.5276014128231,0.0,7.267160228692369,998.9999999999998,3.983570829851088,2.00330626395308,15.549498688954392,gaze,0.5539844506736022,0.3263313131210537,-37.39657796400129,62.01304746027409,542.5609668515607,28.219741167484784,-0.48584703840869436,-32.96483728680142,-0.02941772649941618,0.26106839717364194,0.9543510736462227,4.688474624901344,-30.31685745207875,-1.558008875361073,-33.5728709011666,-0.1246962186903581,0.1819212602350689,0.9689722931643845,4.745300260983233,-0.6371764877157956,-1.0274089033211875,-33.424092154972904,-0.0804228813871982,0.21861578832936032,0.9608592305948118,4.740959188828469,24.819097627282265,True,-0.5987749201832421,imu,-1.235185532,-9.347333805600002,2.4153410064,-5.06923751,0.7471809899999999,-8.79751119,72.80895687881977,-4.6628929321336114,1.046213703001127
232.288,0.0308255,0.494898,4491.5,7.33986,0.0784344,-0.469405,-179.612,18620.1,-0.00410035,-0.469313,-0.914562,0.289992,0.0784344,12.5229,0.899497,-0.00305138,67.0301,0.0342536,0.0310978,0.494885,67.0324,-179.612,13.6357,1.06943,0.0,0.0,9.288,132.0,11.0,-0.075455,0.0,0.0,1779.95,-3.30369,0.0,0.0,0.0,0.0,0.0,0.0,0.0,0.0,0.0,0.0,0.0,1256.09,-0.0966621,0.0,0.0,0.0,0.0,0.0,0.0,0.0,0.0,0.0,0.0111804,0.37654,5725.25,-223.823,0.0,2.33e-08,0.0,-7.49e-09,53.922,-0.0338811,53.922,0.0,1.44036,1.455,0.735616,4477.11,14.6603,0.0,-1.42e-19,0.0,2.39e-17,22.0205,-0.0661908,22.0205,0.0,6.88957,999.0,4.0,2.0,15.49295536363542,gaze,0.554916209504307,0.32590960847136186,-34.33460869026813,58.102048043409475,527.3824093018067,28.20881169471028,-0.5056629631457062,-32.93162332895409,-0.030407001071659702,0.2614806692920938,0.9541982394763544,4.686857156713105,-30.32906919694271,-1.5482933584771021,-33.582398449075036,-0.12559538267620718,0.1822316332364987,0.9687916698739462,4.7452357719785745,-0.6356704215335398,-1.018808972071109,-33.43189143342098,-0.08146371927378229,0.2189582684676053,0.9606678038575417,4.740351581365436,17.147419670183826,True,-0.5996895369593148,imu,-1.330032224195596,-9.609557063600876,2.2867247751839845,-3.147984662862807,0.21360890369487345,-7.572213569315223,72.79535412063649,-4.656834975734668,1.0703816014974437
232.2911,0.04862565150763644,1.2028129040331124,4491.440074528514,7.34800830683392,0.3844937748877503,-0.467506384448244,-179.3286596485568,18619.33672055018,-0.00573549646946923,-0.4672911841608608,-1.2529200170038841,0.27580929847263325,0.3844937748877503,15.02750571941824,1.9213617233664788,-0.007157175546917305,66.99425009211576,0.021871378464643265,0.048559684983588425,1.2025940669601423,66.99634961558355,-179.26431716302795,14.927972586769364,3.9097057047982746,0.0,0.05095860022820019,12.73742678538477,136.7035759721074,11.740760787991661,-0.07374883381157904,0.0,0.0,1779.9499999999996,-3.3036900000000005,0.0,0.0,0.0,0.0,0.0,0.0,0.0,0.0,0.0,0.0,0.0,1256.0899999999997,-0.0966621,0.0,0.0,0.0,0.0,0.0,0.0,0.0,0.0,0.0,0.011163179861111677,0.37654216605535656,5725.258672613456,-223.86644834294464,0.0,2.3658301450126747e-08,0.0,-7.492514235023473e-09,53.92214351143914,-0.03391100343593648,53.92214351143914,0.0,1.4403605076266965,2.4585962736234106,0.8083377211084409,4477.1258332004745,14.614116056186395,0.0,-2.730082298529507e-20,0.0,-1.5540344511370734e-16,22.559418814789183,-0.07279286628351604,22.559418814789183,0.0,7.312213271051001,998.9999999999998,3.9843923240024997,2.0031575281871445,15.390720812660586,gaze,0.5554446862735597,0.3256725265648746,-32.63825819878196,54.881613706994436,507.446324716721,28.20261189693075,-0.5167400188116941,-32.913758918626364,-0.030968787087879403,0.2617123125871272,0.9541117644028874,4.685939305159758,-30.335990654655554,-1.5427850966654697,-33.58781542327737,-0.12610417251716585,0.1824055405135184,0.968689432704195,4.745199628513037,-0.6347502303614164,-1.0139258354466938,-33.43633323800245,-0.08205379257125689,0.21915055135327552,0.9605594545728469,4.740006634788829,12.936259022414589,True,-0.600190264184738,imu,-1.2543264216,-9.413130613600002,2.406368714400001,-3.83554736,0.5303505999999998,-8.9545263,72.78801753172615,-4.653349723109977,1.0838701106686868
232.298998,0.043724904800840916,1.223598465222122,4491.2930255991505,7.345367750480167,0.39363738174328045,-0.46560231123382795,-179.30421195890256,18619.465072736624,-0.005777888373334932,-0.46538133795030806,-1.4116221031599157,0.2783306832393502,0.39363738174328045,16.26446364328209,1.9363717660283422,-0.0073492471807197965,66.99601350645679,0.020580986169983884,0.043584802915601115,1.2233690882998776,66.99810087080749,-179.238777103347,16.04151446768461,4.003566609278235,0.0,0.04916773800168428,13.441149712572903,145.7380702673178,11.703412258175904,-0.07360911035534183,0.0,0.0,1779.9499999999998,-3.3036900000000005,0.0,0.0,0.0,0.0,0.0,0.0,0.0,0.0,0.0,0.0,0.0,1256.0899999999997,-0.0966621,0.0,0.0,0.0,0.0,0.0,0.0,0.0,0.0,0.0,0.011118384960179015,0.3765466038754152,5725.283697172486,-223.98214746818815,0.0,2.355046417393814e-08,0.0,-7.498019092418691e-09,53.92245577038253,-0.03391119853446036,53.92245577038253,0.0,1.4403691369107885,2.4508740457595453,0.8135072581003693,4477.133610543793,14.566504645577474,0.0,1.5314484704741893e-20,0.0,-1.660535840339178e-16,22.58807560635298,-0.07325775998848746,22.58807560635298,0.0,7.353638430877339,998.9999999999997,3.9851684137472128,2.0030166137464414,15.24419219087357,gaze,0.5365863695975186,0.4285708209258198,-33.93434269756104,48.41230964507915,451.5330148446014,28.46796139228649,0.193676535224423,-34.38990787533993,-0.0820507845503203,0.1243655058491031,0.9888381514229586,4.806510448455811,-29.78182494277776,-1.551604822070608,-33.91388759937993,-0.0537947589373356,0.0760065953933441,0.9956551217000726,4.895001888275146,-0.6805507907264126,-0.7116795032425818,-34.07092032689279,-0.067082568494299,0.1152308698946861,0.9907458268787924,4.854341433470848,6.396097815648122,True,1.0,imu,-1.334459331008954,-9.606051299095183,2.298082739892853,-2.234419865875677,0.2298304987840982,-7.621871862972121,72.77061546533075,-4.644330096018514,1.1174055556861973
232.299656,0.043316872303044596,1.2253375602973968,4491.2807745184255,7.345144862111134,0.39440532590501687,-0.46544253056306917,-179.30214615193017,18619.475284241485,-0.005781369269628558,-0.4652210704499074,-1.4240737526535117,0.27854059006591697,0.39440532590501687,16.365584074081756,1.9376059726629624,-0.007365444405247584,66.99615396281365,0.020471135553948694,0.043170490818128,1.2251072949433737,66.9982403158123,-179.23662236163327,16.1363618882327,4.01141995745939,0.0,0.04901907670327836,13.500899106851646,146.3258939836457,11.700228797072011,-0.07359758640220249,0.0,0.0,1779.9500000000003,-3.3036900000000013,0.0,0.0,0.0,0.0,0.0,0.0,0.0,0.0,0.0,0.0,0.0,1256.0900000000001,-0.09666210000000001,0.0,0.0,0.0,0.0,0.0,0.0,0.0,0.0,0.0,0.011114661141428945,0.37654697278063787,5725.285783076901,-223.9917865106829,0.0,2.3541521230365416e-08,0.0,-7.498477675755247e-09,53.92248172863056,-0.03391121390474441,53.92248172863056,0.0,1.4403698542205843,2.4501367625458204,0.8139363996836727,4477.134261282842,14.56253571468175,0.0,1.8852995497154777e-20,0.0,-1.6693575524906575e-16,22.590431728191266,-0.07329635080164337,22.590431728191266,0.0,7.357082368043866,999.0,3.985233825005973,2.0030047201311736,15.231986269348896,gaze,0.556899580729524,0.32502777760437745,-34.56231580973296,48.27022824550649,447.9562507907709,28.185540936894384,-0.546567741485089,-32.868358165621004,-0.03251795639272847,0.26234175470298854,0.9538744838070623,4.683410318808098,-30.355027229786913,-1.527629544861113,-33.602777701028224,-0.12750037551174878,0.18287625501513102,0.968408754022799,4.745101437622366,-0.631974235402771,-1.000462625416443,-33.44862987310858,-0.08367724408607279,0.219672485524773,0.9602620072884895,4.7390553882428375,6.721665263000961,True,-0.6015007015105539,imu,-1.3320862856,-9.388008196,2.3979945752,-2.93084125,0.3733354899999997,-9.2536027,72.76924942858476,-4.643569637984567,1.1201441700108208
232.304,0.0132429,0.609727,4491.2,7.33761,0.0947789,-0.46486,-179.593,18620.4,-0.00514152,-0.464768,-0.683906,0.278547,0.0947789,16.0584,1.13721,-0.00306269,67.0312,0.0436882,0.0136792,0.609726,67.0334,-179.593,17.4617,1.32361,0.0,0.0,11.538,150.0,11.0,-0.075455,0.0,0.0,1779.95,-3.30369,0.0,0.0,0.0,0.0,0.0,0.0,0.0,0.0,0.0,0.0,0.0,1256.09,-0.0966621,0.0,0.0,0.0,0.0,0.0,0.0,0.0,0.0,0.0,0.0110877,0.37655,5725.3,-224.063,0.0,2.2e-08,0.0,-7.5e-09,53.9227,-0.033903,53.9227,0.0,1.44038,1.455,0.749847,4477.13,14.5607,0.0,-1.36e-19,0.0,2.28e-17,22.1062,-0.0675112,22.1062,0.0,6.99563,999.0,4.0,2.0,15.19303059274528,gaze,0.5576360679265658,0.3247058793220229,-40.90990860458245,48.47553857355866,430.99321560489824,28.17689776400981,-0.5612623419136833,-32.8475553210033,-0.03330360978250239,0.2626557157765251,0.9537548088445795,4.682128675482566,-30.364653562871393,-1.519962677316061,-33.61037959206034,-0.12820463410152216,0.18310998762948053,0.9682671060271981,4.745052304116665,-0.6304356527992198,-0.9936363472610666,-33.45489302193478,-0.0844984854223952,0.21993250728233357,0.9601119034933061,4.738572742186128,8.303435478458738,True,-0.6021256326371625,imu,-1.336425090271452,-9.604455108212436,2.3032617808935045,-1.8409625778309322,0.24134349974166086,-7.654611090270888,72.7605549563444,-4.63851473212161,1.1380041423128024
232.308213,0.03801455433955232,1.2480573355439875,4491.121453322712,7.34220526556838,0.4044791291302714,-0.46334848197400597,-179.27487066162305,18619.600741624123,-0.005825909516896159,-0.4631206078719019,-1.5741876772352221,0.2812680809371933,0.4044791291302714,17.63956004742071,1.9534228813045469,-0.007578843971595046,66.99788994538736,0.019009319925129997,0.03778504745056656,1.2478153704497257,66.9999631708209,-179.2082196789096,17.396834730879686,4.114012313633348,0.0,0.04709353151458833,14.293486926777556,154.27144823924218,11.657889801255635,-0.07344937668268406,0.0,0.0,1779.9499999999998,-3.303690000000001,0.0,0.0,0.0,0.0,0.0,0.0,0.0,0.0,0.0,0.0,0.0,1256.0900000000001,-0.09666210000000003,0.0,0.0,0.0,0.0,0.0,0.0,0.0,0.0,0.0,0.011066348234969391,0.37655175878582736,5725.312924086347,-224.11713648125732,0.0,2.3425805488167582e-08,0.0,-7.504440809446057e-09,53.92281851198935,-0.03391140124637511,53.92281851198935,0.0,1.440379159959285,2.439211828783332,0.8194949903026216,4477.142763112948,14.510889365812663,0.0,6.469382767257256e-20,0.0,-1.7833363913422157e-16,22.620627167087694,-0.07379618667708224,22.620627167087694,0.0,7.401764097207023,998.9999999999998,3.9860947849138517,2.0028479392320087,15.073278084268097,gaze,0.5583488706926146,0.32439723298813133,-49.75226166978389,51.25439812971868,426.4504231361731,28.16853152018147,-0.575204305939763,-32.828856984843306,-0.034064923767834994,0.26295655813855306,0.95363926450389,4.68088716586157,-30.373963718459155,-1.512545772977927,-33.61775492660577,-0.1288846286294151,0.18333325872509937,0.9681302914735223,4.7450050059434306,-0.6288630734302079,-0.9870226326167364,-33.46097949390787,-0.08529294900552675,0.22018145857820304,0.9599669261702272,4.738104759856114,13.027900011776289,True,-0.6027056073767666,imu,-1.3356752024,-9.337165208000002,2.420126228800001,-1.94388913,-0.04537147,-9.64240202,72.75266038510195,-4.633555374086089,1.154953109474834
232.316769,0.03272085550316341,1.270966669920364,4490.962148737073,7.339188957885014,0.4147145386073623,-0.46122447335127364,-179.24682785631416,18619.711317141006,-0.0058690653014344,-0.46099003038841874,-1.7005168941063908,0.28399091348058164,0.4147145386073623,18.80970221500621,1.968794980770441,-0.007797397863947432,66.99945724092493,0.01748512526218926,0.032405486591312344,1.2707127326005563,67.00151738895829,-179.17910496313124,18.70252691411921,4.217437774882023,0.0,0.045182902238943404,15.114562644743165,164.24073249881465,11.613940614809254,-0.07330429369573999,0.0,0.0,1779.9500000000003,-3.3036900000000013,0.0,0.0,0.0,0.0,0.0,0.0,0.0,0.0,0.0,0.0,0.0,1256.0900000000001,-0.09666210000000003,0.0,0.0,0.0,0.0,0.0,0.0,0.0,0.0,0.0,0.011018251441498178,0.3765565230440349,5725.340089296311,-224.24246898023074,0.0,2.331119797816478e-08,0.0,-7.510402243323515e-09,53.92315378979118,-0.03391156495957256,53.92315378979118,0.0,1.4403884228418047,2.4257654619220546,0.8250105690608521,4477.151337153272,14.459189963729393,0.0,1.1018360232278456e-19,0.0,-1.8958681916196966e-16,22.64998143823182,-0.07429210996403621,22.64998143823182,0.0,7.446239285522633,999.0,3.986974323983057,2.0026873458044236,14.91463493723619,gaze,0.5597917926597864,0.3237812730608878,-69.06082152603788,61.579194739251214,439.49586112922043,28.151592749010934,-0.6025215199254526,-32.795432531247215,-0.03560884453181714,0.26355634902151115,0.9534062204830285,4.678370234786151,-30.392790134657062,-1.4975425204144026,-33.632739103556496,-0.1302562556577787,0.1837762531934596,0.9678541757227774,4.744909694715735,-0.6254348772212118,-0.9736138441735724,-33.473375252475165,-0.08690006313174824,0.22067716577434643,0.9596743506983456,4.737154403765868,29.436583631893903,True,-0.6038039604791462,imu,-1.3673773008,-9.396980488,2.494297176,-0.68776825,-0.2173404000000003,-9.30594107,72.73825763841339,-4.623313146689597,1.1882028632408035
232.319089,0.03128694324594561,1.2772117342437928,4490.918952269906,7.338357629113766,0.4175181949879082,-0.4606432997101501,-179.23908960225333,18619.73849043237,-0.005880524044720725,-0.4604070484613678,-1.730356229129618,0.284728445782623,0.4175181949879082,19.10395783844312,1.9728850492524244,-0.007857561983334347,66.99985313585927,0.01706090247636527,0.030947813169812696,1.276954502911409,67.00190974682626,-179.17108567543454,19.063348485508698,4.245624887121078,0.0,0.044667421847506696,15.34204817571688,167.01991405423513,11.601769591875655,-0.07326549676565482,0.0,0.0,1779.9500000000003,-3.3036900000000013,0.0,0.0,0.0,0.0,0.0,0.0,0.0,0.0,0.0,0.0,0.0,1256.0900000000001,-0.09666210000000003,0.0,0.0,0.0,0.0,0.0,0.0,0.0,0.0,0.0,0.011005245908191453,0.3765578112559319,5725.347459988707,-224.27645299866333,0.0,2.32803124639158e-08,0.0,-7.512018541699322e-09,53.92324445019909,-0.0339116052228662,53.92324445019909,0.0,1.4403909273410256,2.4216772139798657,0.8264986302012879,4477.153674718996,14.44516135891247,0.0,1.2245518548485438e-19,0.0,-1.9261246034470267e-16,22.65779444965203,-0.07442589835534022,22.65779444965203,0.0,7.458263101363819,999.0,3.9872159426355616,2.0026431567097123,14.871626315398032,gaze,0.5799485334076357,0.3966157121715258,-73.39407883407603,64.69470585963715,444.13980790812656,28.55742854331851,-0.4893832245585948,-33.61031041935035,-0.0687978118055069,0.1750709206337218,0.9792628343451892,4.6797575700332406,-29.698071561296672,-2.248271890385201,-33.075254083480075,-0.1198143567281378,0.1196992909460664,0.9789053784743096,4.747799424024845,-0.6540753305968036,-0.853839239307805,-33.91855881135383,-0.0708561474323357,0.1195071637514981,0.9887792205333806,4.825874016955637,34.90988460925451,False,-1.0,imu,-1.342175136803813,-9.599634663249548,2.3189316525091055,-0.7426315420997941,0.29150077868119045,-7.775094416852278,72.734728447832,-4.620496936326692,1.1969395839312535
232.32,0.0202381,0.74661,4490.9,7.33521,0.115358,-0.46051,-179.569,18620.6,-0.00633857,-0.460417,-0.855851,0.266535,0.115358,20.0566,1.42814,-0.0030862,67.032,0.0550243,0.0208871,0.7466,67.0341,-179.569,20.8176,1.63626,0.0,0.0,14.157,168.0,11.0,-0.075455,0.0,0.0,1779.95,-3.30369,0.0,0.0,0.0,0.0,0.0,0.0,0.0,0.0,0.0,0.0,0.0,1256.09,-0.0966621,0.0,0.0,0.0,0.0,0.0,0.0,0.0,0.0,0.0,0.010995,0.376559,5725.35,-224.302,0.0,2.07e-08,0.0,-7.51e-09,53.9233,-0.0339248,53.9233,0.0,1.44039,1.455,0.764078,4477.15,14.4611,0.0,-1.29e-19,0.0,2.17e-17,22.1919,-0.0688316,22.1919,0.0,7.10169,999.0,4.0,2.0,14.893111717303698,gaze,0.5603349843843998,0.323552489490218,-74.95040023074364,65.75971647508435,445.55967164601265,28.145215064526788,-0.6124713157387365,-32.78441450523312,-0.03619103134204252,0.26377891541415216,0.9533187867678211,4.677421267642856,-30.39987036698036,-1.4918983887433652,-33.638398921791655,-0.1307709094033121,0.18393987267133227,0.9677505214615396,4.74487385626284,-0.6240617587106786,-0.9685589793084589,-33.47806782764505,-0.08750467717657973,0.22086088715450491,0.9595645225709992,4.736795447656034,36.717185377647034,False,-0.6041909042780573,imu,-1.3425136806681703,-9.59934340748472,2.319879855268113,-0.6805708297355978,0.2952597111767674,-7.782884951127343,72.73338646163556,-4.6193865765147075,1.2003369130171526
232.325325,0.027436082752163374,1.2940679383056468,4490.802842705726,7.336094342382097,0.4251144416462542,-0.4590700050293375,-179.2180028240692,18619.80509643083,-0.005910799932111795,-0.45882883536764496,-1.800696762957993,0.2867091855992403,0.4251144416462542,19.83678137686743,1.9837102131321194,-0.008021204814279578,67.00085568251143,0.015897225247502866,0.027032059623752033,1.293801751132982,67.00290280601384,-179.14926405217886,20.045268965071504,4.321686465029047,0.0,0.04328745537932057,15.963581408595633,173.68095787121774,11.568562860533136,-0.07316237498089889,0.0,0.0,1779.9500000000003,-3.3036900000000013,0.0,0.0,0.0,0.0,0.0,0.0,0.0,0.0,0.0,0.0,0.0,1256.0900000000001,-0.09666210000000003,0.0,0.0,0.0,0.0,0.0,0.0,0.0,0.0,0.0,0.010970364112417585,0.376561266207305,5725.367281875036,-224.36779868006158,0.0,2.3197702056237394e-08,0.0,-7.516362675304464e-09,53.92348760845753,-0.03391170460525063,53.92348760845753,0.0,1.440397644131673,2.409739640066648,0.8304821449634143,4477.159984844167,14.40743236805374,0.0,1.55299951941681e-19,0.0,-2.0068891523973321e-16,22.678481315708712,-0.0747840305182988,22.678481315708712,0.0,7.490504340476404,999.0,3.9878718341719486,2.0025230511411465,14.75603987936889,gaze,0.5612280992182481,0.3231800496426535,-82.79713436606337,71.68285170261203,450.6110092769322,28.134727667957574,-0.6284090277148908,-32.76819098844966,-0.03714942470934195,0.26414097607797754,0.953175382141914,4.675859033322505,-30.41150324360459,-1.4826231361594064,-33.64772754900507,-0.13161507384484583,0.1842051069684942,0.9675804384921539,4.744814841238058,-0.6217092315723078,-0.9602394507178491,-33.485814679106625,-0.08849831792642257,0.22115948678049707,0.9593843154939746,4.736203651059958,48.4765104202154,False,-0.6047951878927249,imu,-1.3476382584,-9.4125324608,2.4895119536,0.5010604399999999,-0.31454023,-8.86480338,72.72603602817563,-4.6128456663877335,1.2198125772663868
232.33347,0.022414320270541507,1.3162375655832317,4490.651188348911,7.333074465539317,0.4351691829721729,-0.45699049320807295,-179.18982485212314,18619.8768522641,-0.005949170576029397,-0.4567427712758815,-1.8699363401743092,0.28929244143295724,0.4351691829721729,20.64715671993143,1.9974716125945664,-0.008239209767097477,67.00202973109513,0.014325343903668741,0.021923264884028515,1.3159594555611742,67.00406450876153,-179.12017184898139,21.34863050707921,4.4216716036758426,0.0,0.041497619624828286,16.797020168109324,179.3447990473262,11.524207478782682,-0.07303026436354053,0.0,0.0,1779.9500000000003,-3.3036900000000013,0.0,0.0,0.0,0.0,0.0,0.0,0.0,0.0,0.0,0.0,0.0,1256.0900000000001,-0.09666210000000003,0.0,0.0,0.0,0.0,0.0,0.0,0.0,0.0,0.0,0.010924970830918269,0.3765657620099368,5725.393193644859,-224.48710540509117,0.0,2.3090706554773004e-08,0.0,-7.522035859253278e-09,53.9238040423421,-0.0339118147545927,53.9238040423421,0.0,1.4404063839780101,2.3920366426733497,0.8356484838817242,4477.168285972984,14.358107779902245,0.0,1.978764053044319e-19,0.0,-2.1111017854545844e-16,22.704802828702817,-0.07524846448336142,22.704802828702817,0.0,7.532439667620475,999.0,3.9887422546950457,2.002363333315092,14.60510932494379,gaze,0.5625888897908314,0.32262159955926595,-96.66866087976295,77.85699600520269,445.09553119647904,28.1187457145544,-0.6516275113698526,-32.748055459581714,-0.03861247028038508,0.2646832317817052,0.9529577338902342,4.673473608110915,-30.42920727612543,-1.468502938294965,-33.661995972680636,-0.132896409553608,0.18460005761506837,0.9673221183240559,4.744724382903224,-0.6179067596981705,-0.9475437523421636,-33.49769360295639,-0.09001115626059206,0.22160604125621064,0.9591106348924997,4.735297699884317,63.678137000025444,False,-0.6056386294044414,imu,-1.3474054696186384,-9.595034682637328,2.333926088911557,0.1834559982451186,0.3602755217077618,-7.895614441384045,72.5840004,-4.132167600000014,0.7995863999999964
232.333882,0.02216055577831165,1.3173635858059984,4490.643517177115,7.332919774382277,0.43568181359941716,-0.45688456112901454,-179.18838021350356,18619.87999247078,-0.00595107557138853,-0.45663650387208177,-1.872734531202238,0.2894229920764041,0.43568181359941716,20.6832426201568,1.9981561447354854,-0.008250366617997607,67.00208503789963,0.014244252504477695,0.021665028938052222,1.317084865850954,67.00411919251857,-179.1186823488987,21.415022303620194,4.426748084166253,0.0,0.04140746944841052,16.839815671392774,179.52472802562943,11.521936818235927,-0.07302366020334815,0.0,0.0,1779.95,-3.3036900000000013,0.0,0.0,0.0,0.0,0.0,0.0,0.0,0.0,0.0,0.0,0.0,1256.0900000000001,-0.09666210000000003,0.0,0.0,0.0,0.0,0.0,0.0,0.0,0.0,0.0,0.01092267969892538,0.3765659889176001,5725.394505003516,-224.49314025216682,0.0,2.308532183408242e-08,0.0,-7.522322802852163e-09,53.9238200137157,-0.033911819728132606,53.9238200137157,0.0,1.4404068250725788,2.3910768861186873,0.8359086879090211,4477.168707661951,14.355611420011922,0.0,2.0001994296628096e-19,0.0,-2.1163336875860986e-16,22.706113004582456,-0.07527185464675189,22.706113004582456,0.0,7.534555474125051,998.9999999999999,3.9887866864337793,2.002355170596211,14.597475999964981,gaze,0.5626575474166814,0.32259371488668265,-97.62620410665859,78.09747835555777,444.5330244545296,28.117939266540883,-0.652763416698758,-32.74718749948823,-0.0386863768772851,0.26471028707341815,0.9529467799160434,4.6733530760665385,-30.430099862611357,-1.467790911691314,-33.662717644735054,-0.13296090181284115,0.18461968789694486,0.9673091114415343,4.744719792870679,-0.617708182349865,-0.9469025768661739,-33.49829537539688,-0.09008744935117213,0.22162830015529014,0.9590968551140041,4.735251842792116,64.32351804368119,False,-0.6056786862162667,imu,-1.3781440512,-9.519601812,2.5427475528,1.6674584,-0.7108164600000002,-8.72274209,72.71598477231862,-4.602155531373162,1.2497016268091872
232.336,-0.000787641,0.883027,4490.6,7.33261,0.141058,-0.456349,-179.54,18620.7,-0.00744841,-0.456255,-0.854064,0.253442,0.141058,22.1332,1.76715,-0.00312668,67.0323,0.06774,9.83e-05,0.883023,67.0344,-179.54,24.999,2.01021,0.0,0.0,16.974,180.0,11.0,-0.075455,0.0,0.0,1779.95,-3.30369,0.0,0.0,0.0,0.0,0.0,0.0,0.0,0.0,0.0,0.0,0.0,1256.09,-0.0966621,0.0,0.0,0.0,0.0,0.0,0.0,0.0,0.0,0.0,0.0109094,0.376566,5725.4,-224.528,0.0,2.09e-08,0.0,-7.52e-09,53.9239,-0.0339149,53.9239,0.0,1.4404,1.455,0.778096,4477.16,14.3661,0.0,-1.23e-19,0.0,2.07e-17,22.2728,-0.0700726,22.2728,0.0,7.20498,999.0,4.0,2.0,14.593200042900468,gaze,0.5630102281214507,0.32245092174101464,-103.09209701087927,79.27336997318274,441.47485786094796,28.11379656522478,-0.6585427765256772,-32.74295421703854,-0.03906615691977749,0.26484880104804087,0.9528905529830378,4.672733643009661,-30.434683902774168,-1.4641339875110913,-33.66642742765577,-0.13329194803747751,0.18472007187362677,0.9672423377538295,4.744696165137788,-0.6166782577450535,-0.9436080467397729,-33.5013902613703,-0.09047929719289016,0.22174222517983638,0.9590261144186241,4.735016046161153,67.4364240029862,False,-0.6058806363564613,imu,-1.3483005393356655,-9.594225014524646,2.33656952541679,0.3351285693384302,0.374418687900406,-7.915233151188512,72.7138304766875,-4.599475801984216,1.2568238038575674
232.339071,0.01896665824521032,1.3315833983235106,4490.546901335693,7.330955393610742,0.44217162919799025,-0.45554422335749256,-179.1700250453605,18619.91526365784,-0.0059747676871126955,-0.4552919104889953,-1.9020255794358774,0.29106623117302943,0.44217162919799025,21.093830256896013,2.0066807467009986,-0.008391958704086776,67.00274793396198,0.013209777203780138,0.018414240434928314,1.3312969396928949,67.00477425387854,-179.09977365772176,22.253640036462397,4.490838030913518,0.0,0.040275289447368315,17.383948443905254,180.92581057503583,11.493135446682036,-0.07294113550718186,0.0,0.0,1779.9500000000003,-3.3036900000000013,0.0,0.0,0.0,0.0,0.0,0.0,0.0,0.0,0.0,0.0,0.0,1256.0900000000001,-0.09666210000000003,0.0,0.0,0.0,0.0,0.0,0.0,0.0,0.0,0.0,0.01089386482184219,0.3765688425945641,5725.411026552267,-224.56914655512733,0.0,2.301773127838079e-08,0.0,-7.52593656152891e-09,53.92402088110949,-0.0339118773865903,53.92402088110949,0.0,1.4404123723273858,2.378453551940427,0.8391764087021807,4477.174033508201,14.32415945654052,0.0,2.269306378767603e-19,0.0,-2.1818935678346163e-16,22.722437213584296,-0.07556558552912619,22.722437213584296,0.0,7.561157728925711,999.0,3.989349529454706,2.002251689288052,14.50134711720308,gaze,0.6230754438279531,0.3648339699422233,-112.63973347946968,80.88876494876224,436.78671144678657,28.64641030689044,-1.168737170106225,-32.83494252498974,-0.0556167406100902,0.2255012425802267,0.9697394663770356,4.553692365880026,-29.614772568277075,-2.9411593205318165,-32.241170418419735,-0.1854757774168582,0.1631549398702285,0.9622465078786436,4.601395579484884,-0.6125557950633876,-1.120269889175159,-33.618564601468144,-0.0814875692495312,0.1339728778128652,0.9839793952217,4.770608663558999,71.20814017324433,False,-1.0,imu,-1.3493769575110974,-9.593242089065667,2.3397803063337363,0.5150587082428012,0.39238535721899426,-7.937916456435332,72.71094079075112,-4.595566763042208,1.2669513925237321
232.342438,0.016896451883343155,1.3408478594612128,4490.484209962646,7.329664715325292,0.44641592656044216,-0.45466839176364066,-179.15795503068483,18619.93374716201,-0.005989839860413474,-0.45441328536238584,-1.9150557329128512,0.29213147554153,0.44641592656044216,21.31467724652104,2.0121151411693834,-0.008484905031320034,67.00314466741638,0.012525411574280776,0.016306546354909884,1.3405563228716348,67.00516591617063,-179.08735592433152,22.79923867240403,4.532574631225488,0.0,0.03954388610740745,17.742031086050314,181.0372955810432,11.474258279143156,-0.07288823812519479,0.0,0.0,1779.9500000000003,-3.3036900000000013,0.0,0.0,0.0,0.0,0.0,0.0,0.0,0.0,0.0,0.0,0.0,1256.0900000000001,-0.09666210000000003,0.0,0.0,0.0,0.0,0.0,0.0,0.0,0.0,0.0,0.010875208359489246,0.37657069016216377,5725.421752316947,-224.61846442487285,0.0,2.2974100995009242e-08,0.0,-7.528281233941302e-09,53.92415093482848,-0.0339119098290283,53.92415093482848,0.0,1.4404159636915064,2.369728249729322,0.8412872492617642,4477.1775040220255,14.30374014099269,0.0,2.4430459189150836e-19,0.0,-2.224096844904755e-16,22.732852902172795,-0.07575531617911202,22.732852902172795,0.0,7.578373369316331,999.0,3.9897179002204375,2.0021838844514654,14.438981992208967,gaze,0.5640794010494634,0.3220226191382032,-124.83322450193815,82.71446682661364,432.631653661274,28.10123632683814,-0.6754803230596049,-32.73243316279935,-0.040218883033786436,0.2652639371521327,0.952720523269463,4.670852759993009,-30.448570400233667,-1.4530542374925257,-33.67770157924901,-0.1342930944152493,0.18501972517039766,0.9670403200488987,4.744623940068265,-0.6134578696602007,-0.9336109393923546,-33.51081061541206,-0.09166664534113442,0.2220833259928239,0.9588121035024483,4.734298663825069,74.80810916363968,False,-0.6064535680810628,imu,-1.4032664688,-9.6117173432,2.587609012800001,2.67684125,-0.8678315700000003,-8.565726979999999,72.70808965827239,-4.5912490936250645,1.2777800837149158
232.350995,0.011643493588449919,1.3645259208739413,4490.324884401383,7.326327112107601,0.4573210431214938,-0.4524207161776804,-179.12670817062116,18619.964005288904,-0.006027058422039563,-0.4521583951540274,-1.9266124533864555,0.29483504501225993,0.4573210431214938,21.702145928670383,2.0255760415420525,-0.00872495081978883,67.00403448016601,0.010739107313270158,0.010956265034211154,1.364221276918623,67.00604288744798,-179.05526628106554,24.183842794585782,4.639166563960284,0.0,0.03769677702487839,18.66920859795606,179.09583889865098,11.425699857880886,-0.07275613409402454,0.0,0.0,1779.9500000000005,-3.3036900000000022,0.0,0.0,0.0,0.0,0.0,0.0,0.0,0.0,0.0,0.0,0.0,1256.0900000000004,-0.09666210000000004,0.0,0.0,0.0,0.0,0.0,0.0,0.0,0.0,0.0,0.010827938012462613,0.37657537113080014,5725.449030182418,-224.74380051749756,0.0,2.2864031198746023e-08,0.0,-7.534239362410825e-09,53.924480456094514,-0.03391197445166161,53.924480456094514,0.0,1.4404250622971075,2.345637335851238,0.8466173870138043,4477.186376436336,14.251807324346217,0.0,2.8813531933392805e-19,0.0,-2.3301233397407267e-16,22.758689940919353,-0.07623437425756344,22.758689940919353,0.0,7.621959147998778,999.0000000000001,3.9906648963360363,2.0020092996524435,14.280522456118227,gaze,0.5654935977800392,0.321466835771739,-153.0904703111406,88.76915708977934,427.3098578069391,28.084619714913448,-0.6964737682917458,-32.723882540457055,-0.0417468505833115,0.26580184995488026,0.9524966143724029,4.668357316003136,-30.466914032110797,-1.4384144978023015,-33.69267860857523,-0.13561163968886955,0.1854051441877013,0.9667740623927507,4.744526638317647,-0.6089852578696645,-0.9203659504764791,-33.52335956558585,-0.09323584286909346,0.22252450538015575,0.9585300596257281,4.733343363699655,80.2947633572794,False,-0.6071193530766019,imu,-1.3978830936,-9.6476065112,2.6360593896,3.07311748,-1.15195415,-8.29655822,72.7023252614924,-4.580127650348672,1.3039727196418573
232.352,-0.0185359,1.02341,4490.31,7.32978,0.172421,-0.452418,-179.504,18620.6,-0.00857958,-0.452322,-0.820724,0.238597,0.172421,23.1623,2.13323,-0.00319246,67.032,0.0808889,-0.0173373,1.02341,67.0342,-179.504,27.9717,2.44091,0.0,0.0,19.845,180.0,11.0,-0.075455,0.0,0.0,1779.95,-3.30369,0.0,0.0,0.0,0.0,0.0,0.0,0.0,0.0,0.0,0.0,0.0,1256.09,-0.0966621,0.0,0.0,0.0,0.0,0.0,0.0,0.0,0.0,0.0,0.0108243,0.376572,5725.45,-224.753,0.0,2.12e-08,0.0,-7.53e-09,53.9245,-0.033903,53.9245,0.0,1.44041,1.455,0.792101,4477.18,14.2715,0.0,-1.18e-19,0.0,1.98e-17,22.3534,-0.0713087,22.3534,0.0,7.30809,999.0,4.0,2.0,14.303295064019723,gaze,0.5656591605376747,0.32140257889173124,-154.99573373782937,89.67231517671144,427.2432090130728,28.082674143123352,-0.6988221599941778,-32.72328192078344,-0.04192597667108911,0.26586398026421526,0.9524704751071433,4.668064562339253,-30.469059745298523,-1.436701788557169,-33.69443686373874,-0.13576557926741442,0.18544944080213974,0.9667429621591778,4.744515087634666,-0.6084468005888305,-0.9188137265904657,-33.524835354892225,-0.09341945354650777,0.22257540125440414,0.9584971170889507,4.7332310099249515,80.67780454735238,False,-0.6071903526638637,imu,-1.3537882862769064,-9.589102929015331,2.3533214581770063,1.226922904562992,0.47734422304322327,-8.014956537641966,72.70178678359183,-4.5788076142591505,1.306921268884052
232.359162,0.006641800835598732,1.3873026857612052,4490.172821166183,7.32306379205245,0.46788909075899565,-0.45024609399458443,-179.09611127235306,18619.968689545887,-0.006061094370109592,-0.4499767314775907,-1.9084771842236194,0.29741030922394956,0.46788909075899565,21.82379011893245,2.0379439299059547,-0.0089592377376758,67.00472493140632,0.008970372845563901,0.005858905107448131,1.3869852584601685,67.00672114803379,-179.0239203656576,25.49023286853744,4.7415796795539675,0.0,0.03594989276713352,19.575999328343332,175.29950110087367,11.378706595786763,-0.07263321348710658,0.0,0.0,1779.9499999999998,-3.303690000000001,0.0,0.0,0.0,0.0,0.0,0.0,0.0,0.0,0.0,0.0,0.0,1256.0900000000001,-0.09666210000000001,0.0,0.0,0.0,0.0,0.0,0.0,0.0,0.0,0.0,0.010783013835944473,0.37657981941508534,5725.475090336667,-224.86342168045695,0.0,2.2760080194753712e-08,0.0,-7.539925008066393e-09,53.924793623479,-0.03391201191189082,53.924793623479,0.0,1.4404337080583858,2.320043531035531,0.8516572642438255,4477.19491487411,14.20219054381108,0.0,3.295132372698524e-19,0.0,-2.429610997394008e-16,22.782488311710036,-0.07668729562937719,22.782488311710036,0.0,7.663328684193605,998.9999999999998,3.991582591058502,2.0018397542269066,14.12933594569651,gaze,0.6664376076381316,0.3328788611878841,-152.0994696160405,97.17116116334329,429.3935045103013,28.73587745792259,-1.851796929890209,-32.05534506899905,-0.0423637678652582,0.2762066573649172,0.9601641492992528,4.426939487457275,-29.53101918679587,-3.637826388847396,-31.40253690251869,-0.2514953752077539,0.2068476354230126,0.9454967646528568,4.454193115234375,-0.5558863576450346,-1.5117902734020214,-33.169987531693494,-0.0989967277863457,0.1586748813079421,0.976333235185931,4.688394308090249,82.33090175605045,False,-1.0,imu,-1.3561485374240243,-9.586809739931644,2.360837779564064,1.5936594672365905,0.530605590094841,-8.041087178152562,72.6987836308508,-4.5693172597809,1.3271355634021709
232.359551,0.006403870162553671,1.388391888086327,4490.165578314608,7.3229064412753555,0.4683963788796255,-0.45014179503480506,-179.09463487192176,18619.968284534458,-0.00606267863706709,-0.4498720932976104,-1.906901789131048,0.2975328435414916,0.4683963788796255,21.823289368674256,2.038521113709361,-0.0089705244218409,67.00475394354186,0.008884552640830157,0.005616349273021598,1.3880738451843593,67.00674958118486,-179.0224096496715,25.551809559058768,4.746473851641574,0.0,0.03586708610133703,19.619699388695004,175.08925613580442,11.376455228777091,-0.07262743663727632,0.0,0.0,1779.9499999999998,-3.3036900000000013,0.0,0.0,0.0,0.0,0.0,0.0,0.0,0.0,0.0,0.0,0.0,1256.0900000000001,-0.09666210000000003,0.0,0.0,0.0,0.0,0.0,0.0,0.0,0.0,0.0,0.010780878723060033,0.3765800308200882,5725.476332222233,-224.86911926018422,0.0,2.275515606619696e-08,0.0,-7.540195796732863e-09,53.92480850742804,-0.03391201309866379,53.92480850742804,0.0,1.4404341189348573,2.318760376639031,0.8518961375869514,4477.195323288374,14.199826035415835,0.0,3.3147255697722596e-19,0.0,-2.4343068330696563e-16,22.783600594856985,-0.07670876136878407,22.783600594856985,0.0,7.665293405324237,998.9999999999998,3.991626626361094,2.0018316099469406,14.122136092198511,gaze,0.5668994198561006,0.3209266951075622,-151.01684629544104,97.78468805316093,429.3023188277332,28.068097996247978,-0.7156548615297431,-32.72145035315167,-0.04326947961769128,0.2663237000188504,0.9522751596296725,4.665867146835578,-30.485121432886913,-1.4238798475947771,-33.707641048053816,-0.13691591336348494,0.18577569256304405,0.9665104604493007,4.744427298053079,-0.604322168846586,-0.9071751436122276,-33.53593558457263,-0.09479425155607966,0.2229515749964531,0.9582508536908364,4.73238564810191,82.28222372053692,False,-0.6076752434977284,imu,-1.43556672,-9.6458120528,2.6599855016,3.36471697,-1.27906162,-8.019912549999999,72.6986621539501,-4.568797639430574,1.3281928804964689
232.368,-0.00771031,1.16161,4490.01,7.32668,0.209728,-0.448755,-179.461,18620.4,-0.00938207,-0.448656,-1.37804,0.219975,0.209728,23.3818,2.50649,-0.00329514,67.0313,0.0933594,-0.0061686,1.16158,67.0334,-179.461,30.6333,2.91966,0.0,0.0,22.653,168.0,11.0,-0.075455,0.0,0.0,1779.95,-3.30369,0.0,0.0,0.0,0.0,0.0,0.0,0.0,0.0,0.0,0.0,0.0,1256.09,-0.0966621,0.0,0.0,0.0,0.0,0.0,0.0,0.0,0.0,0.0,0.0107391,0.376579,5725.5,-224.979,0.0,2.16e-08,0.0,-7.55e-09,53.9251,-0.0338911,53.9251,0.0,1.44042,1.455,0.806106,4477.19,14.1768,0.0,-1.13e-19,0.0,1.89e-17,22.434,-0.0725447,22.434,0.0,7.4112,999.0,4.0,2.0,14.003401296199636,gaze,0.5682792341914439,0.3204087848498303,-107.57181687474439,108.17887552441321,433.7145538955141,28.051878594952694,-0.732745024839414,-32.724924778142835,-0.0447675786747228,0.2668231344687928,0.9520589087457046,4.663412836729608,-30.50296473680061,-1.4096329402636392,-33.722399741837954,-0.1381897211400327,0.18612690611189958,0.9662527877492386,4.74432659972257,-0.5995628707163645,-0.8942052052239525,-33.54837875541188,-0.09632235856565413,0.22335935728866135,0.957977953507708,4.731436933668175,82.05608977846254,False,-0.6081158143335231,imu,-1.3589796160423544,-9.58398009745926,2.3701264596809435,2.024095244474523,0.6020311027842238,-8.053423033775356,72.69706884377756,-4.557407128416445,1.3501002384772405
232.368107,0.0011779370967855973,1.412448149324868,4490.006273670506,7.319401002630319,0.47964497380588245,-0.44783110083034583,-179.06171939413997,18619.94402601299,-0.006096660539776629,-0.4475538491374012,-1.8560223193545027,0.3002249613762649,0.47964497380588245,21.66407281583589,2.050937210601803,-0.009221730720836527,67.00530286086264,0.006960326823899743,0.00028709521910466607,1.4121164104368358,67.00728580368443,-178.9887709590862,26.88434097686708,4.85448294015764,0.0,0.03405511361561439,20.591977644901938,170.05865616862428,11.32669942215365,-0.0725021884270477,0.0,0.0,1779.9500000000003,-3.3036900000000013,0.0,0.0,0.0,0.0,0.0,0.0,0.0,0.0,0.0,0.0,0.0,1256.0900000000001,-0.09666210000000003,0.0,0.0,0.0,0.0,0.0,0.0,0.0,0.0,0.0,0.010734023973724367,0.3765846698687105,5725.503661620415,-224.9944353251047,0.0,2.2647480799175968e-08,0.0,-7.546151234314382e-09,53.92513513434266,-0.033912025291845664,53.92513513434266,0.0,1.4404431348421314,2.2890474045926035,0.8571223903047112,4477.204346069315,14.147791144502042,0.0,3.742917341451388e-19,0.0,-2.536577168256352e-16,22.807570278764448,-0.0771783765243142,22.807570278764448,0.0,7.708371933273631,999.0,3.992602342422567,2.0016509540927565,13.963806059254969,gaze,0.5682966532093627,0.3204023253182702,-106.85253948506994,108.30399728049248,433.7685692600362,28.051673817547016,-0.7329493655825825,-32.72500555636586,-0.044786514173029486,0.26682935738087865,0.9520561858268595,4.663381784141138,-30.503189818962298,-1.4094532085960796,-33.722586526246985,-0.13820576146331484,0.18613125965008642,0.9662495415412976,4.744325305405017,-0.5995017628523794,-0.8940413252100615,-33.54853647901699,-0.09634164024903527,0.22336443203602496,0.9579745156295991,4.731424897891741,82.04112241400696,False,-0.6081207007694216,imu,-1.5145228896,-9.6494009696,2.673144863200001,3.37967079,-1.55570729,-7.92271272,72.69706137997582,-4.557261604060999,1.3503645452633903
232.376664,-0.004033935033426209,1.4366971616671427,4489.846952442906,7.315809044729269,0.4910699601816606,-0.44548808918275706,-179.02794552972807,18619.888587627032,-0.0061289629055065525,-0.44520311504308274,-1.7746304611732813,0.30291148512615335,0.4910699601816606,21.218821881242725,2.0628107719731723,-0.009478677852273968,67.00568096981193,0.004964965044365832,-0.005031187741205062,1.4363514241252895,67.0076512956999,-178.95433467520039,28.16098329387224,4.9631797399325635,0.0,0.03226117314336847,21.584340321881655,164.60410910448502,11.27660533560413,-0.07238043441233492,0.0,0.0,1779.9499999999998,-3.303690000000001,0.0,0.0,0.0,0.0,0.0,0.0,0.0,0.0,0.0,0.0,0.0,1256.0900000000001,-0.09666210000000001,0.0,0.0,0.0,0.0,0.0,0.0,0.0,0.0,0.0,0.010687367344184646,0.37658928890549886,5725.531021573719,-225.1197633834483,0.0,2.2541011401994025e-08,0.0,-7.552106372111752e-09,53.92546038167541,-0.03391201053560582,53.92546038167541,0.0,1.4404521112369053,2.2564492898199457,0.8622949910016187,4477.2134463073535,14.095697505843827,0.0,4.1656763668089027e-19,0.0,-2.6368621871494854e-16,22.830583794287108,-0.07764311478995319,22.830583794287108,0.0,7.7511903049712325,998.9999999999998,3.9935912722276443,2.00146747556961,13.805515558440602,gaze,0.5696850870921879,0.3198938556202955,-50.82898276031123,116.2106731876261,437.252665714816,28.035349784159987,-0.7482892388269442,-32.73438035794133,-0.04629770355150254,0.26731869043428985,0.9518397199400782,4.6609007658633095,-30.521116443667818,-1.3951374592089623,-33.73751272492202,-0.1394810304069769,0.18647173349690796,0.9659913331023993,4.744220054871564,-0.5945600986617713,-0.8809672485953814,-33.56116011686348,-0.09787778102974892,0.22376297202626427,0.9577010754951781,4.730460502368516,79.73227626999932,False,-0.6084551538620753,imu,-1.5701511,-9.6374379136,2.6839116136,3.35724006,-1.66038403,-7.54886722,72.69747737437523,-4.545521983295915,1.370412149547945
232.379143,-0.005540955287294078,1.443757633887667,4489.800796857903,7.314752160754554,0.4944127935794125,-0.44480328266231944,-179.01799969327485,18619.866320242585,-0.0061380000534395135,-0.4445160388997767,-1.7455084439019188,0.30368864630099285,0.4944127935794125,21.03657234869314,2.0661468156894496,-0.009554194774776363,67.00575854531942,0.004373475534897531,-0.006569617663157251,1.4434077840570072,67.00772523150897,-178.94420841031868,28.51732207971764,4.9947918697542955,0.0,0.03174494431137994,21.875283532612187,163.0070470342042,11.262055998139106,-0.07234582578175627,0.0,0.0,1779.9500000000003,-3.3036900000000013,0.0,0.0,0.0,0.0,0.0,0.0,0.0,0.0,0.0,0.0,0.0,1256.0900000000001,-0.09666210000000003,0.0,0.0,0.0,0.0,0.0,0.0,0.0,0.0,0.0,0.010673888614098511,0.3765906232332735,5725.538952982268,-225.15607097325517,0.0,2.2510397045890622e-08,0.0,-7.55383141545653e-09,53.92555434334639,-0.0339120011546961,53.92555434334639,0.0,1.4404547041828986,2.246460922133666,0.86378312546318,4477.216097025678,14.080596049262398,0.0,4.2870837196119246e-19,0.0,-2.665529970736723e-16,22.837069184087348,-0.07777680721681894,22.837069184087348,0.0,7.763544073415231,999.0,3.993880086463674,2.0014138219064295,13.759669200806767,gaze,0.5429518660879151,0.2950578168237536,-38.584084887881,117.7790699958363,437.4879819110158,28.83446865252873,-2.626070338763586,-31.16976296540956,-0.0290727953175114,0.3498831207824259,0.936342124633927,4.263297557830811,-29.66284190138062,-2.432367638421237,-32.73413170967675,-0.1268858783200403,0.1416854196446026,0.9817460036807304,4.659115791320801,-0.5046383807581233,-1.875354118835045,-32.74272495675638,-0.1015368046758813,0.1858421328487648,0.9698396502464977,4.608770322799722,78.46816330786936,False,-1.0,imu,-1.3624214164221096,-9.58041346322789,2.3818566288869376,2.5383108253830033,0.7004024328591352,-8.034148121173715,72.69796728297385,-4.542083725118437,1.3758117913451977
232.384,-0.0244965,1.287,4489.71,7.32329,0.252915,-0.445414,-179.41,18620.0,-0.010034,-0.44531,-1.5287,0.198355,0.252915,21.3772,2.86456,-0.00345208,67.03,0.104014,-0.0226254,1.28695,67.0321,-179.41,33.4866,3.43541,0.0,0.0,25.326,162.0,11.0,-0.075455,0.0,0.0,1779.95,-3.30369,0.0,0.0,0.0,0.0,0.0,0.0,0.0,0.0,0.0,0.0,0.0,1256.09,-0.0966621,0.0,0.0,0.0,0.0,0.0,0.0,0.0,0.0,0.0,0.0106533,0.376587,5725.55,-225.21,0.0,2.21e-08,0.0,-7.56e-09,53.9257,-0.0338888,53.9257,0.0,1.44044,1.455,0.82095,4477.21,14.0789,0.0,-1.08e-19,0.0,1.81e-17,22.5167,-0.0738766,22.5167,0.0,7.51957,999.0,4.0,2.0,13.70351843666803,gaze,0.5708679918016045,0.3194707856508318,-23.68445688286259,118.17591682981427,438.7063545003739,28.0214396488089,-0.7598346113495289,-32.74689541804902,-0.04758814787021695,0.2677250179651027,0.9516561976016533,4.658777327021599,-30.53636697238891,-1.3829574377153997,-33.750289324473904,-0.14056237946173003,0.18675146458222702,0.9657721935505178,4.744126795350041,-0.5902574844414098,-0.8698106891510204,-33.57199672000549,-0.09918532766595302,0.22409309642144165,0.9574690316217866,4.729630533268711,75.59566293085437,False,-0.6086530178651836,imu,-1.3638772962242967,-9.578859413421522,2.3869754749214134,2.7540431088966613,0.745953475122371,-8.013030810302887,72.69939953543489,-4.535299365570484,1.3858480318750899
232.38522,-0.009229540514472875,1.4611328493708047,4489.687652466998,7.312130068730015,0.502670466015793,-0.4431130369722627,-178.99330888786002,18619.79929750851,-0.0061595327853198375,-0.44282016734476476,-1.6639317442276855,0.3055915588836914,0.502670466015793,20.490329809661997,2.0741239391434303,-0.009741384160232076,67.00588789967314,0.002897694551820873,-0.010336318031210406,1.4607728097731112,67.00784569405364,-178.91909728484933,29.360103996791544,5.072511137914218,0.0,0.03048621119531486,22.594567016655084,159.17105661343788,11.226361321931373,-0.072262262694129,0.0,0.0,1779.9500000000003,-3.3036900000000013,0.0,0.0,0.0,0.0,0.0,0.0,0.0,0.0,0.0,0.0,0.0,1256.0900000000001,-0.09666210000000003,0.0,0.0,0.0,0.0,0.0,0.0,0.0,0.0,0.0,0.010640918761189461,0.37659388694090623,5725.558405685136,-225.2450741680484,0.0,2.2435791378546303e-08,0.0,-7.558059819342444e-09,53.92578418030783,-0.03391196833599738,53.92578418030783,0.0,1.440461046192155,2.220930742469053,0.8674109560927235,4477.222622337334,14.043558249364269,0.0,4.582598560094786e-19,0.0,-2.7350535718971426e-16,22.8526177558362,-0.07810270685577006,22.8526177558362,0.0,7.793728997081097,998.9999999999999,3.9945922646928387,2.001281388527457,13.64730329877967,gaze,0.5710640317789457,0.31940158628983817,-21.854533099112643,118.03779113338172,438.82823036033307,28.019134132346107,-0.7616081416620475,-32.74936666446185,-0.047802275408091933,0.26779140284903746,0.9516258637267966,4.658424503504072,-30.538892384840903,-1.380940397257561,-33.75241215467936,-0.14074112745220257,0.18679688931575683,0.9657359517975519,4.744110987563942,-0.5895380211285092,-0.8679601681622355,-33.57379998830018,-0.09940191640289686,0.2241469565436007,0.9574306578257618,4.72949219891466,74.671894731741,False,-0.6086779400298045,imu,-1.5438323768,-9.5991561344,2.5846182488,3.19274804,-1.31644617,-7.04043734,72.69985654656243,-4.533585336069535,1.3882547179489912
232.393776,-0.014408493105174572,1.4857576067535145,4489.52835572633,7.308362309970574,0.5144496257388214,-0.4407053995048253,-178.95779321509224,18619.67343460059,-0.006188328161544854,-0.44040445808247064,-1.5255683228080898,0.30826526800316445,0.5144496257388214,19.48932194544211,2.084862882402847,-0.010009958352140927,67.005923436599,0.0007570357250007431,-0.015627971100745347,1.485382956042789,67.0078687880595,-178.88304315141593,30.460711768175024,5.18246120749841,0.0,0.028730549269338348,23.62063567390028,154.31809953373826,11.176135789521396,-0.0721477191470416,0.0,0.0,1779.9500000000003,-3.3036900000000013,0.0,0.0,0.0,0.0,0.0,0.0,0.0,0.0,0.0,0.0,0.0,1256.0900000000004,-0.09666210000000003,0.0,0.0,0.0,0.0,0.0,0.0,0.0,0.0,0.0,0.010594671783926637,0.37659846460577173,5725.585817148135,-225.37038235094587,0.0,2.2331827075883722e-08,0.0,-7.56401227311036e-09,53.92610657522199,-0.03391189819044714,53.92610657522199,0.0,1.4404699409299013,2.1824475456262706,0.8724690997283067,4477.231875681564,13.991368253506517,0.0,4.993424355599138e-19,0.0,-2.8310771720573457e-16,22.873656729642587,-0.07855704492215981,22.873656729642587,0.0,7.835983414452691,999.0,3.995604483213145,2.0010928491683204,13.48915250674591,gaze,0.5724332921289081,0.3189256321475042,-24.658749574698167,114.38808048132678,439.14323531625917,28.00302928291817,-0.7728520967628674,-32.76972556698953,-0.0492999953938441,0.26824737667394993,0.9514146419400024,4.655952542486028,-30.55651511482446,-1.3668647018650695,-33.767282621305135,-0.14198591489619763,0.1871066281998676,0.965483422468492,4.743997517461242,-0.5844776408408893,-0.855022671825216,-33.586454057586565,-0.1009138364266022,0.22451629265299178,0.9571632899095757,4.728519396807449,66.15598448090554,False,-0.60878853933847,imu,-1.626975616,-9.6410268304,2.6163203472,3.32733242,-0.94260067,-6.659114929999999,72.70413739521638,-4.521454108789727,1.403820018056031
232.399235,-0.01770366597767488,1.5015675792921523,4489.426721311203,7.305911340723862,0.5220592974202134,-0.43915209637572217,-178.93466803345808,18619.57276445478,-0.006205751949260416,-0.43884591166245224,-1.423762087598235,0.30996774791261417,0.5220592974202134,18.716473149819645,2.0914075267683803,-0.010184420104736847,67.00585643035843,-0.0006477018643311072,-0.018996732831828456,1.5011834428583866,67.00779389128591,-178.85960727381294,31.102175397297678,5.252922627403204,0.0,0.027620713210361393,24.28254198113072,151.74697347653057,11.144178939093361,-0.07207656064770399,0.0,0.0,1779.9500000000003,-3.3036900000000013,0.0,0.0,0.0,0.0,0.0,0.0,0.0,0.0,0.0,0.0,0.0,1256.0900000000001,-0.09666210000000003,0.0,0.0,0.0,0.0,0.0,0.0,0.0,0.0,0.0,0.01056526964488005,0.3766013746978941,5725.603320824666,-225.45033160759914,0.0,2.226615950188349e-08,0.0,-7.567809609219822e-09,53.926311543063775,-0.03391183859896996,53.926311543063775,0.0,1.44047559511764,2.156327200421791,0.8756653089308739,4477.237820224076,13.958043309137942,0.0,5.252214725864237e-19,0.0,-2.891170506174491e-16,22.88655189785915,-0.07884410618129806,22.88655189785915,0.0,7.862790065885312,999.0,3.996255726571936,2.0009713577700956,13.388280195054584,gaze,0.5356851534206853,0.3097280622139807,-31.90064544077316,110.3346322296434,439.6678720522975,28.813055329269137,-2.2637189401023354,-31.520692735219047,-0.0312958259531719,0.3324956549978319,0.9422236465205196,4.328546648004592,-29.687159061765605,-2.248027874256308,-32.958176779887445,-0.0972615070500449,0.1275387365559986,0.9859459582802974,4.688245381187326,-0.4606623989586431,-2.190735971586291,-32.36023236079505,-0.1008079836274374,0.2118083618799032,0.9642072834142764,4.540298292045818,59.33631339816347,False,-1.0,imu,-1.3682704769541862,-9.573988156912344,2.403051647338305,3.4013115503264344,0.8981044398165382,-7.897512265191047,72.70783082788088,-4.513614066450354,1.4125275367044852
232.4,-0.0475048,1.41442,4489.41,7.31957,0.301554,-0.442446,-179.35,18619.5,-0.0105965,-0.442336,-1.26801,0.174124,0.301554,18.6531,3.18778,-0.00368082,67.0281,0.112126,-0.0453549,1.41433,67.0302,-179.35,34.1564,3.9766,0.0,0.0,27.855,150.0,11.0,-0.075455,0.0,0.0,1779.95,-3.30369,0.0,0.0,0.0,0.0,0.0,0.0,0.0,0.0,0.0,0.0,0.0,1256.09,-0.0966621,0.0,0.0,0.0,0.0,0.0,0.0,0.0,0.0,0.0,0.0105671,0.376596,5725.6,-225.444,0.0,2.28e-08,0.0,-7.57e-09,53.9263,-0.0338909,53.9263,0.0,1.44046,1.455,0.836166,4477.23,13.9795,0.0,-1.03e-19,0.0,1.73e-17,22.6004,-0.0752511,22.6004,0.0,7.63029,999.0,4.0,2.0,13.403648232660233,gaze,0.5734230652495602,0.3185897504962147,-32.74064036468017,110.39423162258963,439.27008925992425,27.991385975808864,-0.7796994000235595,-32.78775770663732,-0.050384964995361985,0.2685684570308135,0.9512626735839885,4.65415694320014,-30.569235785693397,-1.356704135958663,-33.77807961790207,-0.14288164677439213,0.18732218215177937,0.965301544682672,4.743911885348554,-0.5807981244181323,-0.8456574158489925,-33.595666110080536,-0.10200577818482182,0.22477568223397054,0.9569707445474356,4.727808644421425,58.13167191622053,False,-0.608798193149803,imu,-1.368484165951241,-9.573743717773004,2.4038595873179545,3.432653216648518,0.9060792788279824,-7.889833555752061,72.70840689093886,-4.512509249562415,1.413670269700118
232.402333,-0.01957039002098375,1.5105738960461963,4489.369044210984,7.304503950531055,0.5264106687156827,-0.4382646148002796,-178.92138177387665,18619.508247841168,-0.006215305687291147,-0.4379554219088844,-1.361577806115959,0.3109326938853726,0.5264106687156827,18.234246767321366,2.0950133354669886,-0.010284512504255092,67.0057873010043,-0.0014585370224520222,-0.020905807775824792,1.5101843193342863,67.00772030138548,-178.8461561578859,31.4428783903765,5.293013414775549,0.0,0.02699452296044605,24.66040252052312,150.42960895308826,11.126094530482355,-0.07203685201703841,0.0,0.0,1779.9500000000003,-3.3036900000000013,0.0,0.0,0.0,0.0,0.0,0.0,0.0,0.0,0.0,0.0,0.0,1256.0900000000001,-0.09666210000000003,0.0,0.0,0.0,0.0,0.0,0.0,0.0,0.0,0.0,0.010548620067373823,0.37660302252122213,5725.6132591689275,-225.49570260323782,0.0,2.2229125672912537e-08,0.0,-7.56996443007074e-09,53.926427610734024,-0.03391179957820861,53.926427610734024,0.0,1.4404787966530326,2.1409565074980748,0.8774681898341914,4477.241207900035,13.939122382102752,0.0,5.397887265836227e-19,0.0,-2.9248566996732024e-16,22.893684641367912,-0.07900601699609305,22.893684641367912,0.0,7.877948728467221,998.9999999999999,3.9966270645425053,2.000902018846522,13.331046453748534,gaze,0.5737926756788255,0.3184661094484087,-34.742055108994556,108.95434936783164,439.3901852963557,27.987037623062932,-0.7819729139444624,-32.79518975205733,-0.050790633698593844,0.2686864919380297,0.9512060796092328,4.653484434209729,-30.57398213437317,-1.352913016815007,-33.78212197726248,-0.14321525488289588,0.1874008496065963,0.9652337701649963,4.743879065947954,-0.5794234515180873,-0.8421573017222785,-33.59912034456265,-0.10241333368202893,0.22487088544558045,0.956898999260662,4.727541512903284,54.98382009603458,False,-0.6087863983202491,imu,-1.6377423664,-9.621287788000002,2.5373641776,3.11797894,-0.5911859000000002,-6.74136094,72.71025117503164,-4.509130648646134,1.4170364180912316
232.410889,-0.024713010959086637,1.5355754474842462,4489.209755768934,7.300554518589177,0.5385526318891687,-0.43579097643644327,-178.88407057047618,18619.301052298495,-0.006240412159584766,-0.4354733519190111,-1.1744100285648769,0.3135929821532999,0.5385526318891687,16.751635211082313,2.104557338123655,-0.010565062721547287,67.00547928553507,-0.003749779930311392,-0.026167630967763506,1.535170629271608,67.0074000343069,-178.80843306827475,32.28836719355403,5.4041115237582,0.0,0.025279080463008828,25.711248754028276,146.4885232299575,11.07641801158882,-0.07192974888559213,0.0,0.0,1779.9500000000003,-3.3036900000000013,0.0,0.0,0.0,0.0,0.0,0.0,0.0,0.0,0.0,0.0,0.0,1256.0900000000006,-0.09666210000000006,0.0,0.0,0.0,0.0,0.0,0.0,0.0,0.0,0.0,0.01050277340149884,0.3766075597114297,5725.640725331184,-225.62100566039925,0.0,2.2127730527081956e-08,0.0,-7.575914900185142e-09,53.926747218680816,-0.03391167200961257,53.926747218680816,0.0,1.440487611461737,2.0964316492360884,0.8824052258123534,4477.250617277972,13.886833827985575,0.0,5.795575268283175e-19,0.0,-3.0162819857752544e-16,22.912678277138482,-0.07944935224213556,22.912678277138482,0.0,7.919605313521423,999.0000000000001,3.9976587540768014,2.0007091323242,13.173023854288825,gaze,0.5751415211053095,0.3180232884514666,-33.816365067616736,104.76054554629033,440.3362087310381,27.971167055104203,-0.7889259760725357,-32.825454629369496,-0.052273446004054425,0.2691084814635862,0.9510002737797619,4.651020599059034,-30.591284928829438,-1.3390927786340092,-33.7969229340784,-0.14442858641489184,0.18767935627197013,0.964987106176706,4.743755105608252,-0.5744231547592009,-0.8293710285730365,-33.6117924762561,-0.10389968393700881,0.22521052139134445,0.9566379046791835,4.726558316780239,45.12445377081186,False,-0.6086709896409432,imu,-1.6634629368,-9.5566872856,2.4889138008,2.78151799,-0.1201405700000002,-6.86846841,72.7181185678453,-4.496621626291831,1.4278295345236294
232.416,-0.0694204,1.53586,4489.11,7.31548,0.354958,-0.439864,-179.282,18618.8,-0.0109977,-0.439744,-1.17172,0.150457,0.354958,15.0309,3.46282,-0.00399999,67.0256,0.117164,-0.0670419,1.53571,67.0277,-179.282,34.099,4.53351,0.0,0.0,30.195,144.0,11.0,-0.075455,0.0,0.0,1779.95,-3.30369,0.0,0.0,0.0,0.0,0.0,0.0,0.0,0.0,0.0,0.0,0.0,1256.09,-0.0966621,0.0,0.0,0.0,0.0,0.0,0.0,0.0,0.0,0.0,0.0104809,0.376605,5725.65,-225.678,0.0,2.35e-08,0.0,-7.58e-09,53.9269,-0.0338929,53.9269,0.0,1.44048,1.455,0.851382,4477.25,13.8802,0.0,-9.81e-20,0.0,1.65e-17,22.6841,-0.0766257,22.6841,0.0,7.74101,999.0,4.0,2.0,13.103792659775683,gaze,0.5759421745813285,0.31776677279132787,-28.78287153500378,103.12602842035419,441.2346478196447,27.96174520174546,-0.7920306701891082,-32.84569251719177,-0.05315540552362917,0.26935234899505195,0.9508786569164841,4.649550643795365,-30.60154173452524,-1.3309007632596885,-33.80574536512454,-0.14514570133136762,0.18783819295359003,0.9648411924968114,4.743678196335991,-0.5714810196638218,-0.8217716645811415,-33.61936438583149,-0.10478122821583377,0.2254062379638696,0.9564834707184625,4.725968221297997,42.27186072664323,False,-0.6085478014942785,imu,-1.3728031343822609,-9.568635798933627,2.4207700182827576,4.060572506331372,1.0789319325768454,-7.693530633086692,72.72361983427288,-4.4890616036496835,1.433092786486332
232.419216,-0.029699088659102535,1.5600880348236998,4489.054735522885,7.2966215976235915,0.5505464255178028,-0.4333514606925938,-178.84687803128054,18619.05648074675,-0.006263008083627513,-0.433025454003254,-0.9725562332655231,0.31617529364090224,0.5505464255178028,15.122061159835917,2.1132497562738566,-0.010843968998623558,67.0050142536809,-0.006053825254011214,-0.03127291429188797,1.55966807451221,67.00692317743776,-178.77090133331905,32.96575451125071,5.512742870660098,0.0,0.023629641378692147,26.742377876063426,140.53170832485296,11.02857332918502,-0.07182917326214264,0.0,0.0,1779.9500000000003,-3.3036900000000013,0.0,0.0,0.0,0.0,0.0,0.0,0.0,0.0,0.0,0.0,0.0,1256.0900000000001,-0.09666210000000003,0.0,0.0,0.0,0.0,0.0,0.0,0.0,0.0,0.0,0.010458344602478263,0.37661195616141596,5725.667482622303,-225.74295257784019,0.0,2.203031054154746e-08,0.0,-7.5817051562389e-09,53.927056944239986,-0.03391151954895555,53.927056944239986,0.0,1.4404961522144368,2.0501493843553615,0.8871493403875761,4477.25985039284,13.835898867204122,0.0,6.175853633209215e-19,0.0,-3.1029253239704433e-16,22.93015493071489,-0.079875300317141,22.93015493071489,0.0,7.959845810043293,998.9999999999998,3.998670693473244,2.0005195997226903,13.019294783736457,gaze,0.5284585863390664,0.3243172605586985,-25.2541292356848,102.93132190681489,441.8357192010602,28.79176030577472,-1.9033693832314904,-31.869683763019268,-0.0335065752629034,0.3152042477789436,0.9480726754283428,4.39343526390953,-29.711341879884877,-2.064706511137718,-33.18098409363814,-0.0678007981935019,0.1134702080474708,0.9901227098657012,4.71721404210326,-0.4385562545718429,-2.3137780495288323,-32.19674269617774,-0.0920775041197134,0.2251987863045658,0.9622100006617308,4.508607523241288,42.00509313537696,False,-1.0,imu,-1.3736367596971024,-9.567610289134738,2.4241714239456265,4.179788859424031,1.1148787073360713,-7.646910864076148,72.72737766066008,-4.484271453505011,1.4359424189524095
232.419445,-0.029835937671980783,1.560764659961667,4489.050472399853,7.296512183210096,0.5508787463405329,-0.4332839221576224,-178.8458428262459,18619.049132806453,-0.006263603441498773,-0.4329576824732698,-0.9667564305831349,0.31624621304036915,0.5508787463405329,15.074993174112869,2.1134803555158026,-0.010851721637846437,67.00499915975251,-0.006118233231798276,-0.03141308653430666,1.5603442788917214,67.00690775972924,-178.76985766489395,32.98224594703964,5.515737107751866,0.0,0.023584565228476545,26.77082955523424,140.32610073026294,11.027266013077503,-0.07182645892462261,0.0,0.0,1779.9500000000003,-3.3036900000000013,0.0,0.0,0.0,0.0,0.0,0.0,0.0,0.0,0.0,0.0,0.0,1256.0900000000004,-0.09666210000000003,0.0,0.0,0.0,0.0,0.0,0.0,0.0,0.0,0.0,0.010457125420831631,0.37661207679952013,5725.668218837822,-225.7463061943736,0.0,2.2027649159870396e-08,0.0,-7.581864380256674e-09,53.92706544352288,-0.03391151495699077,53.92706544352288,0.0,1.4404963865629377,2.0488352010247,0.8872789440435178,4477.260105369321,13.83449747907661,0.0,6.186214442867479e-19,0.0,-3.105274746560564e-16,22.930621329244687,-0.07988693581447485,22.930621329244687,0.0,7.960948173578834,998.9999999999999,3.998698622735553,2.0005143639948786,13.015068004861046,gaze,0.5764796514144199,0.31759727122796,-25.012616512150775,102.27347435772263,441.9162835028772,27.955419783245333,-0.7936765350836876,-32.860199115354,-0.053748218712997876,0.2695132387537046,0.950797247269089,4.648560595813416,-30.608421215803713,-1.325406433792672,-33.811683467772234,-0.14562578734563864,0.18794206049327497,0.9647434529786153,4.7436250772194875,-0.5695231092660472,-0.8166662305127325,-33.624468568589315,-0.10537269757855268,0.22553511696111653,0.9563800309325086,4.725569245086979,42.19244734693568,False,-0.6084418106048916,imu,-1.6784167568,-9.4382530312,2.5140362184,2.65441052,0.6350273399999997,-6.77874549,72.72765379674475,-4.483929394066376,1.4361315952845706
232.428002,-0.034938733872865196,1.5861439992616675,4488.8911761108575,7.2923750581387266,0.563392340757435,-0.43074287200411937,-178.80668126112664,18618.749797345856,-0.006284833994508887,-0.43040783012328016,-0.7415415987601083,0.31889246250637626,0.563392340757435,13.244917649101893,2.1217673921063938,-0.01114460537512297,67.0043466274375,-0.008565485054290889,-0.03664180428910152,1.5857077279389309,67.00624318487712,-178.73041323189165,33.51338448033828,5.627871057143468,0.0,0.021911335627068235,27.836733673762257,131.30861231524074,10.978795204315224,-0.07172703377469959,0.0,0.0,1779.9500000000003,-3.3036900000000013,0.0,0.0,0.0,0.0,0.0,0.0,0.0,0.0,0.0,0.0,0.0,1256.0900000000006,-0.09666210000000004,0.0,0.0,0.0,0.0,0.0,0.0,0.0,0.0,0.0,0.010411669854202228,0.3766165743990446,5725.695742904505,-225.87161887619948,0.0,2.192888995499998e-08,0.0,-7.58781356664175e-09,53.927382329065296,-0.033911327873719074,53.927382329065296,0.0,1.4405051231446881,1.9981306158239969,0.8920880318677096,4477.269673766365,13.782108210175533,0.0,6.56952344363998e-19,0.0,-3.1917544199835376e-16,22.947496821233862,-0.08031864841888126,22.947496821233862,0.0,8.001972064099892,999.0,3.9997457124418005,2.0003178938612707,12.857162249551202,gaze,0.5778068916768304,0.3171881616483012,-18.604574563782858,100.27274763641721,443.5523627174314,27.939797985434105,-0.7961952500537309,-32.89908193496031,-0.05521474207226557,0.26990065493975074,0.9505970232532662,4.646103988932236,-30.625388733220095,-1.3118564010182863,-33.82640159476547,-0.14680673485710802,0.18818887262505926,0.9645028333461542,4.743488428041984,-0.5647691566141704,-0.8040452468790069,-33.63714678755149,-0.10683218683954063,0.2258445863655199,0.9561254031132511,4.72457374123169,47.93689072479135,False,-0.6080983239832273,imu,-1.677818604,-9.3862137376,2.5020731624,2.7889949,1.39767216,-6.91332987,72.7387631721588,-4.471056209972484,1.4418755799556975
232.432,-0.0838417,1.65251,4488.82,7.311,0.412354,-0.43763,-179.204,18618.0,-0.0110889,-0.437497,-0.69581,0.130924,0.412354,11.5358,3.68806,-0.00442917,67.0226,0.118725,-0.0812551,1.6523,67.0246,-179.204,34.3256,5.09454,0.0,0.0,32.319,126.0,11.0,-0.075455,0.0,0.0,1779.95,-3.30369,0.0,0.0,0.0,0.0,0.0,0.0,0.0,0.0,0.0,0.0,0.0,1256.09,-0.0966621,0.0,0.0,0.0,0.0,0.0,0.0,0.0,0.0,0.0,0.0103939,0.376615,5725.71,-225.917,0.0,2.37e-08,0.0,-7.59e-09,53.9275,-0.0338942,53.9275,0.0,1.4405,1.455,0.867403,4477.27,13.7778,0.0,-9.35e-20,0.0,1.57e-17,22.7699,-0.0780685,22.7699,0.0,7.85682,999.0,4.0,2.0,12.81395122512928,gaze,0.5784231270096435,0.317002871183286,-17.703561754631266,99.05193899734132,444.14721905012505,27.93254391874224,-0.7966000586203644,-32.91856350009119,-0.055896938601650445,0.27007566131553684,0.9505044562463901,4.6449574352837555,-30.63325658653723,-1.3055739343630515,-33.83326203890225,-0.147352806073485,0.18829869835011792,0.9643914747137977,4.743422169620141,-0.5626110131166181,-0.798178767215673,-33.643069600696016,-0.10750929544313044,0.2259839457191728,0.9560075740344268,4.724106335206763,52.32347152248395,False,-0.607898533646174,imu,-1.3768371792014182,-9.563538393115522,2.4376981267868754,4.6258410324225,1.2607030161960442,-7.44461403946148,72.7444639184524,-4.4649811471951875,1.4436635432066123
232.436558,-0.040019166580502585,1.6117070014890185,4488.731904761551,7.2881427010550635,0.5760923574668757,-0.42816813674531984,-178.76658230545482,18618.400524490175,-0.006304050440457523,-0.4278241052273837,-0.5019577491811538,0.3215308782017562,0.5760923574668757,11.309615264047762,2.1294004122157624,-0.011443727650550076,67.00352164598053,-0.011092272872972153,-0.04185157345167409,1.6112545120371133,67.00540627485242,-178.6900968320016,33.87526808198772,5.740453978056249,0.0,0.020260340578232977,28.90612468258339,120.99138140788118,10.931175618108977,-0.07163156040044602,0.0,0.0,1779.9500000000003,-3.3036900000000013,0.0,0.0,0.0,0.0,0.0,0.0,0.0,0.0,0.0,0.0,0.0,1256.0900000000004,-0.09666210000000006,0.0,0.0,0.0,0.0,0.0,0.0,0.0,0.0,0.0,0.010366416356472875,0.37662105154774106,5725.723291095579,-225.99691444394483,0.0,2.1831496092491668e-08,0.0,-7.593761070044716e-09,53.9276978080885,-0.03391111027529403,53.9276978080885,0.0,1.4405138193341058,1.9443020435839782,0.8968294747886589,4477.279320703741,13.729679275296427,0.0,6.945082802815002e-19,0.0,-3.27560912076088e-16,22.963281743393075,-0.08074421797648773,22.963281743393075,0.0,8.042657274069388,999.0,4.000798664415395,2.0001199774679583,12.69934530519287,gaze,0.5791226093015033,0.31679620001998443,-17.993643279692378,97.24218718164539,444.6097016319314,27.92430922588446,-0.7964583548761857,-32.94172851333388,-0.05667230020503789,0.27027049197934894,0.9503996940065486,4.643651207774754,-30.642179377606585,-1.2984497519734592,-33.84107023279804,-0.14797089986948211,0.18841962281769023,0.9642653531367175,4.7433446628691165,-0.5602072364722164,-0.7915147606363038,-33.649820902007185,-0.10827746107852089,0.22613874093360983,0.9558741342219003,4.723571607426249,57.29897932104831,False,-0.6076401381864909,imu,-1.6168070184,-9.2498348992,2.4350800488,3.12545585,2.25751681,-7.02548352,72.75134013465026,-4.458008847105286,1.444994599545465
232.437352,-0.04048949193144741,1.6140887009362321,4488.717124663748,7.287745033480128,0.577280516475145,-0.4279274672793571,-178.76281289463577,18618.36548856878,-0.006305730011515555,-0.42758259187591424,-0.47910933063538064,0.32177533434982036,0.577280516475145,11.12654634267984,2.130075073598033,-0.011471807282650136,67.0034363333113,-0.011330853598378099,-0.042334077004872836,1.6136346895680966,67.0053198610895,-178.6863105770647,33.9001973420775,5.750923944177468,0.0,0.020108264941135615,29.005455208083152,120.03026034374663,10.92680488482609,-0.07162290248707456,0.0,0.0,1779.9500000000003,-3.3036900000000013,0.0,0.0,0.0,0.0,0.0,0.0,0.0,0.0,0.0,0.0,0.0,1256.0900000000004,-0.09666210000000004,0.0,0.0,0.0,0.0,0.0,0.0,0.0,0.0,0.0,0.010362226756904572,0.3766214660216839,5725.725848964197,-226.00854179523822,0.0,2.1822527265342462e-08,0.0,-7.594312950545851e-09,53.9277270154644,-0.03391108851492844,53.9277270154644,0.0,1.4405146243534568,1.9391471324250071,0.8972660137447528,4477.280219998781,13.724811564867146,0.0,6.97953240949384e-19,0.0,-3.283255012271757e-16,22.964690715450345,-0.08078339597347291,22.964690715450345,0.0,8.04641558681669,999.0,4.00089664187428,2.000101543853763,12.684703465557039,gaze,0.5792441208075029,0.3167606978201998,-18.14101907132559,96.87822950798733,444.6647802702747,27.92287865224127,-0.7963677703170973,-32.945863802648645,-0.056807103277298016,0.2703039189083691,0.9503815289493152,4.6434237631688235,-30.643728544496554,-1.2972129353207604,-33.842428938632224,-0.14807808212409268,0.188440219772413,0.9642434743625099,4.743330941400769,-0.5597951176035576,-0.7903565705132718,-33.650996817297354,-0.10841085882514914,0.22616525992407682,0.9558509870343115,4.723478252007082,58.08743799588569,False,-0.6075917845403902,imu,-1.3781235005378947,-9.561836125029547,2.4433630436844145,4.797491240030319,1.3228016216617173,-7.354316855303294,72.5840004,-4.388518800000019,0.9949015999999976
232.439307,-0.04164669204148491,1.6199597880077894,4488.680733119772,7.286762317168016,0.5802129961076677,-0.42733362769481675,-178.75349667932375,18618.27728345515,-0.006309789599005869,-0.4269866674407934,-0.4224599244890398,0.3223769523457599,0.5802129961076677,10.67419135345329,2.1317115863518055,-0.01154117912008365,67.003219934973,-0.011921276081886534,-0.04352139054605131,1.6195020170728143,67.00510075595834,-178.67695531054562,33.95533471691704,5.776718803468238,0.0,0.019734654237365215,29.250051626828753,117.67803545625543,10.916080698241247,-0.07160173214286703,0.0,0.0,1779.9500000000003,-3.3036900000000013,0.0,0.0,0.0,0.0,0.0,0.0,0.0,0.0,0.0,0.0,0.0,1256.0900000000004,-0.09666210000000006,0.0,0.0,0.0,0.0,0.0,0.0,0.0,0.0,0.0,0.010351918236710337,0.37662248581867075,5725.7321479942675,-226.03717076338555,0.0,2.1800494611138985e-08,0.0,-7.595671763685957e-09,53.92779888036955,-0.033911033793052964,53.92779888036955,0.0,1.4405166050474136,1.9263387016678104,0.8983383251611672,4477.28243720158,13.71282456920929,0.0,7.064058044652744e-19,0.0,-3.3019809976466777e-16,22.968119149108205,-0.0808796298364341,22.968119149108205,0.0,8.055656684550613,999.0,4.001138055339776,2.000056111406673,12.6486547433552,gaze,0.5211922353437781,0.3389867757953643,-18.57102243039611,95.48725465812882,444.0155008469141,28.77034804827877,-1.541036019180918,-32.22059606668457,-0.0357294952559884,0.2978176473868313,0.9539539045853976,4.458681106567383,-29.73565782997918,-1.880375921756967,-33.40501801288976,-0.03817790135966,0.0993242290541811,0.994322455429105,4.746342182159424,-0.4382510066032203,-2.2449295945588164,-32.251692809794235,-0.0753589919785834,0.2260473557036215,0.963839039237613,4.513601057577477,59.82919956959735,False,-1.0,imu,-1.3785855310822028,-9.561214701561559,2.4454325409360536,4.857686199056296,1.3455919192881287,-7.320867746616936,72.75567451439464,-4.453780122872884,1.4454292353022784
232.445115,-0.04507737400202083,1.6374590888620584,4488.572621754594,7.2838127011549325,0.5889836441097285,-0.4255588292390357,-178.7255237884201,18617.998722837594,-0.0063212083370866035,-0.4252056160541678,-0.25122122942551234,0.3241618420086102,0.5889836441097285,9.322926345652274,2.1363649269493283,-0.011749241206635837,67.0025238422655,-0.013700508894203656,-0.047042614545477965,1.6369900453861772,67.00439665869989,-178.6488867822702,34.067170527701045,5.853478045319821,0.0,0.01863175725855583,29.97663341355791,110.85333314440246,10.88455100810011,-0.0715400809139441,0.0,0.0,1779.95,-3.3036900000000013,0.0,0.0,0.0,0.0,0.0,0.0,0.0,0.0,0.0,0.0,0.0,1256.0900000000001,-0.09666210000000003,0.0,0.0,0.0,0.0,0.0,0.0,0.0,0.0,0.0,0.010321353381309246,0.3766255093809533,5725.750869847958,-226.122222213238,0.0,2.173546515681104e-08,0.0,-7.599708281923895e-09,53.928011961174946,-0.033910861577324945,53.928011961174946,0.0,1.4405224773327872,1.8873120202938318,0.9015024707562973,4477.289048909102,13.677199437656348,0.0,7.31264620953982e-19,0.0,-3.3567656109846267e-16,22.977960538049082,-0.08116357098883697,22.977960538049082,0.0,8.083003086932415,998.9999999999998,4.0018565771249826,1.9999207848241032,12.54158210825258,gaze,0.5804267964002563,0.3164214334641215,-19.87194231468039,92.75759750689662,444.8551248828045,27.90895371474404,-0.7944489535465787,-32.98776674273299,-0.05812086816239075,0.2706226944118035,0.9502052579546799,4.641201537991391,-30.658793032400045,-1.2851871688798688,-33.855689226608526,-0.14911830819149813,0.18863425819050217,0.9640310053690948,4.743193230092188,-0.5558785559661044,-0.779075500471198,-33.66249065390894,-0.10970851653941922,0.2264175377703478,0.9556262178511661,4.722562188276267,63.57957533282929,False,-0.6070666926517027,imu,-1.6383405192,-9.240264454400002,2.4261077568,3.78342393,2.83323888,-6.943237509999999,72.76527458308364,-4.444788011492128,1.445425910073704
232.448,-0.0461233,1.77777,4488.52,7.30608,0.472809,-0.435674,-179.118,18617.0,-0.0110008,-0.435524,-0.938242,0.116628,0.472809,8.53391,3.85021,-0.00498258,67.0192,0.116603,-0.0434366,1.77735,67.0211,-179.118,35.0889,5.64876,0.0,0.0,34.173,108.0,11.0,-0.075455,0.0,0.0,1779.95,-3.30369,0.0,0.0,0.0,0.0,0.0,0.0,0.0,0.0,0.0,0.0,0.0,1256.09,-0.0966621,0.0,0.0,0.0,0.0,0.0,0.0,0.0,0.0,0.0,0.0103063,0.376625,5725.76,-226.161,0.0,2.34e-08,0.0,-7.6e-09,53.9281,-0.033895,53.9281,0.0,1.44052,1.455,0.884049,4477.29,13.6731,0.0,-8.92e-20,0.0,1.5e-17,22.8573,-0.0795642,22.8573,0.0,7.9766,999.0,4.0,2.0,12.51413106078127,gaze,0.5808638159160171,0.3162989905988804,-20.185679534003974,91.14335899870817,444.8228897400517,27.903807696908615,-0.7932571181557433,-33.00398285275504,-0.058607125986651576,0.2707374306556984,0.9501403687531413,4.64037637148931,-30.66435330488364,-1.2807491637503468,-33.8606058347666,-0.14950130760503105,0.18870296596828723,0.963952715562547,4.743140360102184,-0.5544787570556164,-0.7749031190451108,-33.66676039581092,-0.11018769597578817,0.22650804569233143,0.9555434040088423,4.72222017325255,64.53063311286965,False,-0.6068473078184434,imu,-1.380589345112114,-9.558454184566228,2.454635408926182,5.107508104673299,1.4473728328618614,-7.171075942980415,72.77025708087369,-4.440292492356769,1.4449545395658736
232.453848,-0.05021499038754362,1.6639321369899203,4488.410070458307,7.279291981935362,0.6023377334374291,-0.42286021725382017,-178.68262282550774,18617.53203524381,-0.006336542863395561,-0.4224974340278621,0.012665825019126817,0.326838672735571,0.6023377334374291,7.303727091548107,2.142765381086697,-0.012067679355953542,67.00132724253581,-0.01644745415032961,-0.05231944173427265,1.6634458501908593,67.00318812994976,-178.60589968897204,34.09258492976532,5.969231644797341,0.0,0.016993575575644022,31.067452437419245,101.0863688106588,10.838155641505105,-0.07145091719691861,0.0,0.0,1779.9500000000003,-3.303690000000001,0.0,0.0,0.0,0.0,0.0,0.0,0.0,0.0,0.0,0.0,0.0,1256.0900000000001,-0.09666210000000003,0.0,0.0,0.0,0.0,0.0,0.0,0.0,0.0,0.0,0.010275564455118793,0.3766300385384783,5725.779044028688,-226.25010481718004,0.0,2.1638897534785332e-08,0.0,-7.605776799705422e-09,53.928331177614425,-0.033910575163527065,53.928331177614425,0.0,1.440531273156396,1.8258736706114698,0.9061984281208795,4477.299060330815,13.623595095780171,0.0,7.679128336003467e-19,0.0,-3.436701436163146e-16,22.9917786187213,-0.08158490647787789,22.9917786187213,0.0,8.123813142052848,999.0,4.002940010452375,1.9997164345781007,12.380650398196188,gaze,0.5817454397554487,0.31605687407421534,-19.481594508897707,88.21883670417033,444.7928541199569,27.893425525398673,-0.7900437338232018,-33.03783304913563,-0.059589412725388556,0.27096377137051003,0.9500098750604139,4.6387048449038595,-30.67555977910301,-1.2718058364428333,-33.87055228604418,-0.15027164913951824,0.18883655864381915,0.9637951453495753,4.743030265518718,-0.5517420596203916,-0.7664796843107905,-33.67541167683671,-0.11115382402229285,0.22668608666979195,0.9553767426071827,4.721524188628857,65.15143302837473,False,-0.6063622091045601,imu,-1.573141864,-9.2079642032,2.4093594784,4.49373038,3.30428421,-6.816130039999999,72.7807669852861,-4.43112184068885,1.4430307182664017
232.459288,-0.05340226480813051,1.6805202503358743,4488.308817568217,7.276423331317676,0.6107581375408537,-0.42116085390722363,-178.6553831500277,18617.21133953664,-0.006344960582601972,-0.4207920062077348,0.1795567254691936,0.328501814984086,0.6107581375408537,6.078226874606844,2.146383471016205,-0.012269472440311138,67.00049074979394,-0.018202655978805493,-0.055595319897194684,1.680023042133532,67.00234427321251,-178.57864157408432,34.0255522296502,6.041527350027032,0.0,0.015985582247730327,31.74485437586318,95.26081237833979,10.80993001701827,-0.07139754884746405,0.0,0.0,1779.9500000000003,-3.3036900000000013,0.0,0.0,0.0,0.0,0.0,0.0,0.0,0.0,0.0,0.0,0.0,1256.0900000000004,-0.09666210000000003,0.0,0.0,0.0,0.0,0.0,0.0,0.0,0.0,0.0,0.010247143544903518,0.37663284950461595,5725.7966088103985,-226.32976477078552,0.0,2.1579487427330793e-08,0.0,-7.609556510082902e-09,53.92852931462649,-0.03391037984921538,53.92852931462649,0.0,1.4405367318153313,1.7859203598967377,0.9090853933517651,4477.305339359571,13.590181089293079,0.0,7.902847057319472e-19,0.0,-3.4849754520081346e-16,22.99978343913089,-0.08184389249195903,22.99978343913089,0.0,8.149043187702038,999.0,4.003616262998965,1.9995887050495802,12.280441941390727,gaze,0.5195050524900371,0.3568140924299966,-17.12217160205368,86.32300277993315,446.4230649404975,28.75342843507535,-0.980725461429328,-32.79729762014183,-0.0361256113833916,0.2613011270363611,0.964581080683062,4.560983180999756,-29.72552535015111,-1.851196814650187,-33.42724286496676,-0.0318480489649188,0.0971921637901744,0.9947559424677552,4.743733406066895,-0.4559465252234684,-1.979159490293008,-32.52835866115331,-0.0527704437061132,0.2135912555074821,0.9692066501574838,4.555959456014977,65.42651872996252,False,-1.0,imu,-1.3830686004436674,-9.554876645464498,2.4665856353391393,5.382855574227713,1.5797854849143331,-6.980680642431377,72.79100603977382,-4.422522043061264,1.4400632578111376
232.462581,-0.055326601001819714,1.6905977958322942,4488.247527757639,7.274667041185362,0.6158934988538644,-0.42012530040828977,-178.6387000799338,18617.005735011047,-0.0063496261980504586,-0.41975274291621906,0.28106811108196444,0.3295069228286143,0.6158934988538644,5.356334515952746,2.1484337772342346,-0.012392914724851576,66.99995039650399,-0.01928174939346522,-0.05757400121548452,1.6900939088105666,67.00179948789574,-178.56196053795503,33.95564719960218,6.085356111266151,0.0,0.015380141112736303,32.153776375806395,91.84073605286633,10.793115172829069,-0.07136606304166193,0.0,0.0,1779.9500000000003,-3.3036900000000013,0.0,0.0,0.0,0.0,0.0,0.0,0.0,0.0,0.0,0.0,0.0,1256.0900000000006,-0.09666210000000004,0.0,0.0,0.0,0.0,0.0,0.0,0.0,0.0,0.0,0.010229977456624536,0.3766345472179167,5725.80724668332,-226.37798493512364,0.0,2.1543805054250764e-08,0.0,-7.611844292361408e-09,53.928648988891986,-0.03391025524271972,53.928648988891986,0.0,1.4405400284955374,1.761105815960712,0.9108184290247302,4477.309156228121,13.56994628915778,0.0,8.03651946441001e-19,0.0,-3.513617452498862e-16,23.0044015302874,-0.0819993451365415,23.0044015302874,0.0,8.164242868192492,999.0,4.004025959547192,1.9995112555752794,12.219797783108234,gaze,0.5830512706450219,0.3157105463513559,-15.253463610930748,85.12275203365327,445.4504734407142,27.87804581678183,-0.783255053818532,-33.090582490415436,-0.06104766959551035,0.2712861537289124,0.9498176206240666,4.636211406619246,-30.692131925497517,-1.2585839484775638,-33.885354491263804,-0.1514068972170206,0.18902183754695775,0.9635626757383523,4.742858270626476,-0.5479256184100699,-0.7539878753126096,-33.688319984976594,-0.11258345121394212,0.22693838266037308,0.9551308964513626,4.7204778656760755,65.12397872514224,False,-0.605536828568036,imu,-1.579123392,-9.272564705600002,2.4769507448,5.41339031,3.70056044,-6.61425347,72.79740528600378,-4.41728444153405,1.4377089589164476
232.464,-0.0827115,1.88232,4488.22,7.30072,0.535312,-0.433871,-179.023,18615.8,-0.0108571,-0.433701,-0.101002,0.110384,0.535312,3.77955,3.94618,-0.00567076,67.0151,0.110639,-0.0800994,1.88177,67.017,-179.023,32.5788,6.18465,0.0,0.0,35.748,90.0,11.0,-0.075455,0.0,0.0,1779.95,-3.30369,0.0,0.0,0.0,0.0,0.0,0.0,0.0,0.0,0.0,0.0,0.0,1256.09,-0.0966621,0.0,0.0,0.0,0.0,0.0,0.0,0.0,0.0,0.0,0.0102186,0.376635,5725.81,-226.405,0.0,2.31e-08,0.0,-7.61e-09,53.9287,-0.0338959,53.9287,0.0,1.44054,1.455,0.900694,4477.31,13.5683,0.0,-8.48e-20,0.0,1.43e-17,22.9446,-0.08106,22.9446,0.0,8.09637,999.0,4.0,2.0,12.214331978393492,gaze,0.5832622198528009,0.31565600328248644,-14.474991745522402,84.65292637762207,445.6906483113052,27.875561095995,-0.7819268763157673,-33.09937708958864,-0.06128362098388763,0.2713367619618007,0.9497866802570634,4.635806552984737,-30.69480603388007,-1.2564508788988558,-33.88775366403126,-0.15158963516973162,0.18905032873452848,0.9635252259183342,4.742829435180182,-0.5473378750182124,-0.7519681896056557,-33.69041599446784,-0.1128142431821857,0.22697783537422056,0.9550912959173747,4.720307036996532,65.20212112171369,False,-0.605391267714164,imu,-1.3840627423314469,-9.553385805811985,2.471573497487312,5.479253861295713,1.6348310148506222,-6.905113791033854,72.80020705083342,-4.41502014077674,1.4365637047512616
232.471314,-0.06041106150234524,1.7174554084994258,4488.084994342025,7.269936328871589,0.6296529753872716,-0.4173537685836472,-178.5937417128842,18616.41754180794,-0.006360404660205335,-0.41697122989358215,0.5504395448398841,0.3321663394903852,0.6296529753872716,3.541901705536538,2.1533522570344603,-0.012725037425748192,66.99839316110769,-0.022204838179583408,-0.06280520545529031,1.7169335597581301,67.00023059490516,-178.51705597091018,33.67002547034177,6.201812011483675,0.0,0.013792069305392724,33.23284653273929,83.5277208306119,10.749580288591536,-0.07128558919891961,0.0,0.0,1779.9500000000003,-3.3036900000000013,0.0,0.0,0.0,0.0,0.0,0.0,0.0,0.0,0.0,0.0,0.0,1256.0900000000004,-0.09666210000000004,0.0,0.0,0.0,0.0,0.0,0.0,0.0,0.0,0.0,0.010184591360614984,0.3766390355131416,5725.83547780894,-226.50586259696013,0.0,2.1450210162923324e-08,0.0,-7.617910761226622e-09,53.92896540225237,-0.033909901230781,53.92896540225237,0.0,1.4405487435288111,1.6929916414408168,0.9153603788691086,4477.319337108445,13.51625413095335,0.0,8.384450855439804e-19,0.0,-3.5874112141560077e-16,23.01580822944841,-0.0824066973098691,23.01580822944841,0.0,8.204281059706283,999.0,4.0051130945714375,1.9993054994621802,12.059026258658593,gaze,0.5843439759567343,0.3153825788621441,-12.654210399097886,80.92638399971841,447.632283818993,27.862818397513678,-0.7740842454209251,-33.14557431525349,-0.062495273942738655,0.2715897084182466,0.9496285390383709,4.633721085430973,-30.708505483363762,-1.2455252782028539,-33.90009221917599,-0.15252381212247346,0.18918999834160377,0.9633336446384153,4.74267672414487,-0.5444594239163126,-0.7416037203311721,-33.70121230670294,-0.11399706034948663,0.22717432197361856,0.9548887312924333,4.719422801582568,66.17381013511071,False,-0.6045901279751834,imu,-1.528280404,-9.4280844336,2.4661839944,5.78723581,3.85009864,-6.599299649999999,72.81504126335818,-4.4032797770200505,1.4294003815273626
232.47938,-0.0650820685514257,1.7424316521808474,4487.934883584759,7.265471618562408,0.6425442845403945,-0.41476112052036995,-178.55128508611116,18615.817462174236,-0.00636826540771341,-0.41436917677638774,0.7971111394241454,0.33461457105348574,0.6425442845403945,2.0315740385668466,2.157213267424621,-0.013037990582705765,66.99679450371528,-0.02498481105456446,-0.06761516917855107,1.7418928884354035,66.99862129801193,-178.47471179095538,33.2882451522611,6.309632737294042,0.0,0.01234835819199279,34.220711884272234,77.94107760034066,10.710833963252185,-0.07121521486334213,0.0,0.0,1779.9500000000007,-3.3036900000000022,0.0,0.0,0.0,0.0,0.0,0.0,0.0,0.0,0.0,0.0,0.0,1256.0900000000006,-0.09666210000000006,0.0,0.0,0.0,0.0,0.0,0.0,0.0,0.0,0.0,0.010142849302175683,0.37664316297880307,5725.8615780166565,-226.6239711958607,0.0,2.1365113818554647e-08,0.0,-7.623512983321474e-09,53.929256413345946,-0.03390954346172077,53.929256413345946,0.0,1.4405567572829445,1.6270954640626563,0.9194842598946426,4477.32881633957,13.46662527759774,0.0,8.697081589212666e-19,0.0,-3.6527053999805227e-16,23.025244910173804,-0.08277647602049562,23.025244910173804,0.0,8.240903638255237,999.0000000000002,4.006117067796541,1.9991151698893104,11.910607754790332,gaze,0.5213578808185232,0.3844643290412984,-19.10563031515842,71.89627628658715,449.4761910825359,28.66937475450596,-0.0232234814736713,-33.8284840076709,-0.0472461250883036,0.1935424473486643,0.9799536339737864,4.733005046844482,-29.70394029458785,-1.709328693706832,-33.53658293857974,-0.0287041435825971,0.1037586112088968,0.9941882229946152,4.765641689300537,-0.4765657543464684,-1.6465709100925754,-32.87447588826974,-0.0447696032094481,0.1941645073205354,0.9748120230228584,4.613582794714318,66.88152707957923,False,-1.0,imu,-1.3871417237453232,-9.548531150306312,2.487848335550624,5.706854320239501,1.811970555106716,-6.687419468022448,72.83208112801819,-4.390199577921142,1.419023088265322
232.48,-0.0837594,1.9879,4487.92,7.29487,0.598894,-0.432065,-178.92,18614.5,-0.0105928,-0.43187,0.934893,0.117055,0.598894,1.97731,3.9912,-0.00649703,67.0104,0.100958,-0.0811637,1.98737,67.0123,-178.92,31.0435,6.69456,0.0,0.0,37.125,78.0,11.0,-0.075455,0.0,0.0,1779.95,-3.30369,0.0,0.0,0.0,0.0,0.0,0.0,0.0,0.0,0.0,0.0,0.0,1256.09,-0.0966621,0.0,0.0,0.0,0.0,0.0,0.0,0.0,0.0,0.0,0.0101341,0.376644,5725.87,-226.644,0.0,2.3e-08,0.0,-7.62e-09,53.9293,-0.0338986,53.9293,0.0,1.44056,1.455,0.916688,4477.33,13.4654,0.0,-8.09e-20,0.0,1.36e-17,23.03,-0.0825039,23.03,0.0,8.20953,999.0,4.0,2.0,11.914557384850744,gaze,0.5856164015452876,0.31507470983396185,-20.03044146702718,70.87662058588344,451.08751685396476,27.8478276770475,-0.7626073939208395,-33.20205281192995,-0.06392416738412077,0.27187282754007297,0.9494436653280742,4.63124712649256,-30.72459008466381,-1.23270243353984,-33.91468314680422,-0.15361629962676626,0.1893401839098266,0.9631093034410885,4.742486173652565,-0.5413821237173225,-0.7293965334961838,-33.71401619656957,-0.11538684652441572,0.22739266876815398,0.9546515709460376,4.718364341116053,67.54030101694715,False,-0.6035277805512527,imu,-1.3872605450846274,-9.548335837900817,2.4885041615138874,5.713010842155908,1.8189971292926097,-6.679835418630729,72.83341694386151,-4.389188480271003,1.418116681431641
232.480047,-0.06546721780181028,1.7445042946833875,4487.922470906494,7.265098281767076,0.6436182107792594,-0.4145453093382149,-178.5477338069269,18615.765347575387,-0.006368824005323276,-0.4141525797903719,0.8173326642501788,0.33481666887467454,0.6436182107792594,1.9150061018428701,2.1575027723823705,-0.013064138271731869,66.99665540985872,-0.0252181771752944,-0.06801195766354287,1.7439641180931635,66.99848132997668,-178.4711725188788,33.25205189794958,6.318558831563821,0.0,0.012229981293758406,34.30195576582276,77.61835850159787,10.707696436083552,-0.07120956718729625,0.0,0.0,1779.9500000000003,-3.303690000000001,0.0,0.0,0.0,0.0,0.0,0.0,0.0,0.0,0.0,0.0,0.0,1256.0900000000004,-0.09666210000000003,0.0,0.0,0.0,0.0,0.0,0.0,0.0,0.0,0.0,0.010139405143137322,0.3766435035178596,5725.863737402586,-226.63373783288353,0.0,2.135813558472917e-08,0.0,-7.623976207654174e-09,53.92928042493271,-0.033909512537838846,53.92928042493271,0.0,1.4405574184345395,1.621517758250825,0.9198221614247973,4477.3296034808955,13.462519744584185,0.0,8.722549159536981e-19,0.0,-3.6579790002173985e-16,23.02597747546266,-0.08280677138510176,23.02597747546266,0.0,8.243916397691304,998.9999999999998,4.006200048040985,1.9990994253417607,11.898337838703211,gaze,0.5856232499680735,0.31507309389859367,-20.102430183739113,70.80372828936773,451.1070365155995,27.84774698852087,-0.7625389248478721,-33.202362449384474,-0.06393186888180688,0.2718743082733794,0.9494426737063655,4.631233747679872,-30.724676566878824,-1.232633504613679,-33.91476190903037,-0.15362216071498594,0.18934095010116161,0.9631080989910622,4.742485114601522,-0.5413665073272153,-0.7293307858943393,-33.71408542111654,-0.11539432209819563,0.22739380579302731,0.9546502978006344,4.718358588443769,67.54398324865072,False,-0.6035217039364893,imu,-1.48042818,-9.3246039992,2.3603109488,5.68255907,3.7454219,-6.771268579999999,72.83351834747995,-4.389111799769193,1.4180473331827659
232.48878,-0.07049390604075104,1.7717437505230689,4487.759958151686,7.260151323401097,0.6577912655223641,-0.41169960789654475,-178.50066236609615,18615.04723755468,-0.006374829422738362,-0.4112964750821209,1.0784597849524395,0.33745765608778794,0.6577912655223641,0.5197167682747434,2.160867084597295,-0.013410308779044824,66.99473703295125,-0.02832323621031746,-0.07319315176830112,1.771184875286932,66.9965515888486,-178.4242966018333,32.7195790423413,6.435554964803078,0.0,0.010694503945041187,35.358470122113324,75.92419792427867,10.667603553451567,-0.07113806929724426,0.0,0.0,1779.9500000000003,-3.3036900000000013,0.0,0.0,0.0,0.0,0.0,0.0,0.0,0.0,0.0,0.0,0.0,1256.0900000000004,-0.09666210000000004,0.0,0.0,0.0,0.0,0.0,0.0,0.0,0.0,0.0,0.010094417781451665,0.3766479513256149,5725.892025461243,-226.7616106733905,0.0,2.1267604321002804e-08,0.0,-7.630040633015626e-09,53.929594064162856,-0.03390908856824762,53.929594064162856,0.0,1.4405660533907763,1.5466742951115768,0.9242016387410543,4477.339955856259,13.408744263762362,0.0,9.050436395195203e-19,0.0,-3.725215808424983e-16,23.034887829340473,-0.08319937378343985,23.034887829340473,0.0,8.283137449519252,998.9999999999999,4.0072854144819345,1.9988932998435958,11.737734555353509,gaze,0.5868887942979125,0.31478220752841163,-35.97281240717303,56.17909575794522,453.88359295454563,27.832835223601236,-0.7486328743818877,-33.26049868158997,-0.06535710542072314,0.27213983198810143,0.9492600670466602,4.62874926372519,-30.740641391921997,-1.2199122131235074,-33.92936006207908,-0.1547017169647004,0.18947460748400982,0.9628860845826004,4.742282940269166,-0.5386616331273176,-0.7171725587274602,-33.72693615777605,-0.11677491550701881,0.22759674021599463,0.954415645414899,4.717284828220996,66.53193825921068,False,-0.6023311726441948,imu,-1.5306730152,-9.2809388448,2.4338837432,5.84705109,3.68560662,-6.928283689999999,72.85267221223725,-4.374784451873531,1.4035948407838756
232.496,-0.102161,2.09547,4487.63,7.28851,0.662827,-0.430068,-178.809,18613.1,-0.0102808,-0.429844,1.55253,0.133094,0.662827,-1.01858,3.99262,-0.00744675,67.0054,0.0883073,-0.0998565,2.09477,67.0072,-178.809,29.5784,7.17743,0.0,0.0,38.466,78.0,11.0,-0.075455,0.0,0.0,1779.95,-3.30369,0.0,0.0,0.0,0.0,0.0,0.0,0.0,0.0,0.0,0.0,0.0,1256.09,-0.0966621,0.0,0.0,0.0,0.0,0.0,0.0,0.0,0.0,0.0,0.0100521,0.376652,5725.92,-226.878,0.0,2.3e-08,0.0,-7.64e-09,53.9299,-0.0339029,53.9299,0.0,1.44057,1.455,0.932181,4477.35,13.3639,0.0,-7.73e-20,0.0,1.3e-17,23.1139,-0.0839081,23.1139,0.0,8.31762,999.0,4.0,2.0,11.624807151092968,gaze,0.5879245068937722,0.31455584024655553,-44.1204162618407,48.29889784817902,453.50646615686463,27.820630014063095,-0.7353673237090026,-33.30926247799499,-0.0665265984010549,0.27234486613383074,0.949111587394392,4.626697284286301,-30.7536819208537,-1.2095261209172234,-33.94137260499956,-0.1555798924267478,0.18957199212476114,0.9627052327136978,4.742107464621619,-0.5367225549587437,-0.7072098011976196,-33.73754137308585,-0.11790351039265139,0.2277519556038895,0.9542245363393916,4.716389612064469,62.148908779395555,False,-0.6012544350871941,imu,-1.3901859900993336,-9.543306810645829,2.505419305872463,5.7825855619590945,1.9959412839229538,-6.52596415673552,72.86889689874188,-4.362821781518556,1.3892685309642885
232.497513,-0.07548995256028213,1.7991730484696116,4487.597456783864,7.25509386400895,0.6721742128978385,-0.4088163471384815,-178.45251331597524,18614.261511315544,-0.006378365533217686,-0.4084025958784621,1.3307541559788074,0.3400890451899564,0.6721742128978385,-0.6143383326999952,2.163426763594796,-0.013763641169572273,66.99263793736992,-0.03152149833000395,-0.07834767239044337,1.7985950990876582,66.99444128410724,-178.37641452825727,32.090836250066474,6.552757699508581,0.0,0.009186269875964551,36.39985047397086,79.17850757361992,10.629435799780707,-0.07107116859505153,0.0,0.0,1779.9500000000005,-3.3036900000000013,0.0,0.0,0.0,0.0,0.0,0.0,0.0,0.0,0.0,0.0,0.0,1256.0900000000006,-0.09666210000000006,0.0,0.0,0.0,0.0,0.0,0.0,0.0,0.0,0.0,0.01004962825398456,0.3766523790297939,5725.920341981842,-226.88948114928309,0.0,2.1178639651683834e-08,0.0,-7.636104038701218e-09,53.92990632716567,-0.03390862872056466,53.92990632716567,0.0,1.4405746485753164,1.4684549896869055,0.9284966510546315,4477.350394746995,13.354928832535487,0.0,9.367729927248587e-19,0.0,-3.7890153489214134e-16,23.042517653038928,-0.08358430895180884,23.042517653038928,0.0,8.321932668369506,999.0000000000001,4.008367750086961,1.998687397194073,11.577218459043179,gaze,0.5881403178581867,0.3145100296452707,-44.24811662040844,47.81294922407516,453.0345838339772,27.818086649988167,-0.7323859241061613,-33.31953584969255,-0.0667706424093178,0.27238616407042665,0.9490807604987012,4.626267507915554,-30.756396275380364,-1.207364896206397,-33.94388324123851,-0.15576226190320236,0.1895908906867594,0.9626676460510429,4.742069709112526,-0.5363501927870835,-0.7051324462773079,-33.7397613964296,-0.11813852794414098,0.22778303621574086,0.9541848223500301,4.716201132676515,60.772273849637514,False,-0.6010181697765958,imu,-1.5211025704,-9.343744888800002,2.4895119536,6.10126603,3.15474601,-6.771268579999999,72.87233136696486,-4.360301664734253,1.385990693286765
232.49936,-0.07654256231151779,1.8049985031929496,4487.563089819454,7.254009920583668,0.6752432445834019,-0.40820170523635213,-178.44219056283984,18614.08652730678,-0.00637879178319971,-0.4077856803803407,1.3827129925754695,0.34064432119609317,0.6752432445834019,-0.8192669897887931,2.1638632873782813,-0.013839296075318776,66.99217082569888,-0.03221000162438015,-0.07943431280608461,1.804416471140066,66.99397182213552,-178.36615742746253,31.947202984855892,6.577568032173062,0.0,0.008870833885459603,36.617928799362836,80.39521618168557,10.621622298934723,-0.07105761524490997,0.0,0.0,1779.9500000000003,-3.3036900000000013,0.0,0.0,0.0,0.0,0.0,0.0,0.0,0.0,0.0,0.0,0.0,1256.0900000000006,-0.09666210000000006,0.0,0.0,0.0,0.0,0.0,0.0,0.0,0.0,0.0,0.010040180669109073,0.3766533129075348,5725.926334476366,-226.91652502298126,0.0,2.1160026846667473e-08,0.0,-7.637386298019822e-09,53.929972194103954,-0.0339085268106153,53.929972194103954,0.0,1.4405764613492837,1.4514790671787923,0.9293940048946161,4477.3526136694545,13.343542041255478,0.0,9.433442747965653e-19,0.0,-3.8020582389098244e-16,23.04396522282743,-0.08366472054378873,23.04396522282743,0.0,8.330082071876864,999.0000000000001,4.008596132836442,1.9986439045079314,11.543281211790715,gaze,0.5464072356891625,0.4303762801209202,-43.51482788288379,47.70077211345419,453.2015440406254,28.6242104357367,-1.488585548739318,-31.98029362028819,0.1402721822090006,0.2276783599159104,0.9635799288716668,4.596503257751465,-29.69679277277059,-1.662001841350845,-33.59434320857234,-0.0282296066546459,0.1008458641928382,0.9945014836506398,4.758987426757812,-0.4964136148002104,-1.5104549676657275,-32.98405261964515,-0.020709612353691,0.1810134905760272,0.9778032037950072,4.647452660246055,59.55670866591559,False,-1.0,imu,-1.3907660380376825,-9.542253608373905,2.508968766936098,5.774255142923702,2.03183312825127,-6.505211497798462,72.87653724515268,-4.357219060741756,1.3818589891127981
232.506246,-0.08045417387466608,1.8267914371509528,4487.434967514933,7.2499243004819185,0.6867691390129728,-0.40589520758831865,-178.40327250378112,18613.406703266584,-0.006379376386523238,-0.40547061991221084,1.571429750970828,0.34271057919666226,0.6867691390129728,-1.4757592803330926,2.165163187058475,-0.0141242283733202,66.99035804699793,-0.03481445984775772,-0.08347439481811206,1.8261940333849493,66.99215034529524,-178.32751249472665,31.38330850169663,6.670123206822289,0.0,0.007705917475270203,37.4236736984882,85.66496894414641,10.593321285179307,-0.07100893892683122,0.0,0.0,1779.9500000000003,-3.303690000000001,0.0,0.0,0.0,0.0,0.0,0.0,0.0,0.0,0.0,0.0,0.0,1256.0900000000004,-0.09666210000000003,0.0,0.0,0.0,0.0,0.0,0.0,0.0,0.0,0.0,0.010005035540283971,0.3766567867236288,5725.948686961254,-227.01734929166662,0.0,2.109126513651666e-08,0.0,-7.642166426119859e-09,53.93021722115733,-0.033908132387526754,53.93021722115733,0.0,1.440583204165703,1.386857285617538,0.9327050166986548,4477.360920667245,13.301074605329234,0.0,9.674042445152117e-19,0.0,-3.8492700379895244e-16,23.048845108656362,-0.08396137935461237,23.048845108656362,0.0,8.360290392760946,998.9999999999999,4.009445572371646,1.998481999286594,11.416791618600213,gaze,0.5893775368055252,0.314256664019094,-32.80375236182832,54.131187352524705,448.865870817592,27.803504728915495,-0.7138238336406625,-33.37903102654808,-0.06817214648774296,0.2726131947978803,0.9489047945280402,4.62378835856,-30.7719376344538,-1.1949949540395095,-33.958328070750404,-0.1568035835738939,0.18968972539750673,0.9624528268928134,4.741844938735192,-0.5344270984524703,-0.6932137772364289,-33.75255806674605,-0.11948485504248954,0.227952609603232,0.953957875603883,4.715107123308638,50.505301587784736,False,-0.5995823504023788,imu,-1.5450286824,-9.456795768,2.3710776992,6.16855822,2.88557725,-6.36751544,72.89231774819216,-4.345667358901604,1.3651855239400907
232.512,-0.112046,2.21943,4487.33,7.2816,0.726577,-0.427728,-178.69,18611.6,-0.0101346,-0.427472,1.68374,0.157746,0.726577,-2.87361,3.97012,-0.0085076,66.9999,0.0736645,-0.110119,2.21852,67.0017,-178.69,27.8811,7.63767,0.0,0.0,39.843,90.0,11.0,-0.075455,0.0,0.0,1779.95,-3.30369,0.0,0.0,0.0,0.0,0.0,0.0,0.0,0.0,0.0,0.0,0.0,1256.09,-0.0966621,0.0,0.0,0.0,0.0,0.0,0.0,0.0,0.0,0.0,0.00997011,0.37666,5725.97,-227.112,0.0,2.31e-08,0.0,-7.65e-09,53.9305,-0.0339071,53.9305,0.0,1.44059,1.455,0.947675,4477.37,13.2624,0.0,-7.37e-20,0.0,1.24e-17,23.1977,-0.0853122,23.1977,0.0,8.4257,999.0,4.0,2.0,11.325091627002315,gaze,0.5901847639756149,0.3141000549448157,-18.585883721701276,63.99670006736717,447.2145173155513,27.79398970564475,-0.7003434689539524,-33.41827017282299,-0.0690888356087709,0.27275218200059775,0.9487906988512418,4.622156263591667,-30.782059144209992,-1.1869431870462668,-33.96780105534912,-0.1574790845877041,0.18974527641454875,0.9623132853803111,4.741690306396977,-0.5333646775584742,-0.6854287498922967,-33.76097246050918,-0.12036233293951568,0.22805516055163685,0.9538104855487448,4.714380486731002,43.11826847483889,False,-0.5985690396437809,imu,-1.3928423751000727,-9.538301202868416,2.522310970818475,5.667280083438713,2.162004732832627,-6.46854394060397,72.90557629226642,-4.335944194751034,1.3497054310686305
232.514979,-0.08538537664404686,1.8545981412372639,4487.272491062469,7.244641016317072,0.7015781428388851,-0.40293586740386295,-178.35292569844742,18612.481594979243,-0.006377805458973958,-0.4025002225283542,1.7980194805361451,0.345322000080051,0.7015781428388851,-2.0728556437970447,2.1660575396118853,-0.014492164030904645,66.9878973027254,-0.038203630397557864,-0.08857218498132811,1.8539808980751094,66.98967871902019,-178.2775765854904,30.612970530637405,6.787606528549042,0.0,0.006254090926170788,38.42764663933616,91.27679909651893,10.559381800862186,-0.07095145492250968,0.0,0.0,1779.9500000000005,-3.3036900000000013,0.0,0.0,0.0,0.0,0.0,0.0,0.0,0.0,0.0,0.0,0.0,1256.0900000000006,-0.09666210000000006,0.0,0.0,0.0,0.0,0.0,0.0,0.0,0.0,0.0,0.009960638620972802,0.37666117450020287,5725.977060396303,-227.14521513195285,0.0,2.1005504616247227e-08,0.0,-7.648227796699379e-09,53.93052675334779,-0.03390759895602685,53.93052675334779,0.0,1.4405917203392409,1.3018825182773257,0.9368245320116461,4477.371534132839,13.247182746988134,0.0,9.96898194127273e-19,0.0,-3.905870991793939e-16,23.053848157627243,-0.08433038546549837,23.053848157627243,0.0,8.398198846085059,999.0,4.010517359830833,1.9982773957517705,11.256456121313727,gaze,0.590600174492929,0.314022208346328,-11.653532528284801,69.28085027651,447.52878409989427,27.78909283618188,-0.692978173877808,-33.43854870603984,-0.0695612920350207,0.2728208201727982,0.9487322086315974,4.621311697898944,-30.787261985960576,-1.1828056951452057,-33.972691235843634,-0.15782547698240476,0.18977104274909162,0.9622416694694415,4.741608156326522,-0.5328756766344044,-0.6814198020670722,-33.765323148046434,-0.12081360064328961,0.2281053809891086,0.9537348509645428,4.714002431286801,39.700521300600634,False,-0.5980233888849227,imu,-1.5892919896,-9.4496179344,2.3429645176,5.95172783,2.72856214,-6.666591840000001,72.9124473113722,-4.330885443914323,1.3411328925223767
232.519452,-0.08789793776131852,1.8689132699419553,4487.189276613832,7.241890375350503,0.7092468324902226,-0.4014052088076188,-178.32670535557114,18611.980208572928,-0.006375982498132391,-0.4009638140675851,1.9079133421530823,0.3466555566389754,0.7092468324902226,-2.28395823018391,2.166183357270083,-0.014683495282351973,66.98656686801736,-0.039977299221728824,-0.09117167320372432,1.8682857144761227,66.98834277693041,-178.2515947229051,30.198798261404463,6.847811634177086,0.0,0.0055217302052068176,38.93348291330624,92.46000526770388,10.542878113488612,-0.07092387417332201,0.0,0.0,1779.9500000000003,-3.3036900000000013,0.0,0.0,0.0,0.0,0.0,0.0,0.0,0.0,0.0,0.0,0.0,1256.0900000000006,-0.09666210000000006,0.0,0.0,0.0,0.0,0.0,0.0,0.0,0.0,0.0,0.00993797423037541,0.37666341421475835,5725.99160415028,-227.21070651035328,0.0,2.0962211358927363e-08,0.0,-7.651332007820228e-09,53.93068476917822,-0.033907311167412496,53.93068476917822,0.0,1.4405960670742748,1.2570526527923822,0.9388993977068272,4477.37700436954,13.219565407378088,0.0,1.0115515617500913e-18,0.0,-3.9334110613473223e-16,23.055890588201265,-0.08451620026615732,23.055890588201265,0.0,8.417437529941475,999.0,4.011063482413626,1.9981730026036684,11.174369118325224,gaze,0.5057305220688202,0.376606230719553,-4.123790576931025,75.98721467606381,449.2811552699283,28.64826594047293,-0.1748767968492277,-33.50545993194778,0.028005260225204,0.1877201610692367,0.9818232257019888,4.760385036468506,-29.7604257793421,-1.503467587009719,-33.64941316135129,-0.0425825959630472,0.1261853493305465,0.9910923166564132,4.740723133087158,-0.5156714412761119,-1.2814818166147013,-33.19447314330931,-0.0120366085818348,0.169536596033364,0.9812752195014428,4.686498546600342,34.974586329809874,False,-1.0,imu,-1.393988686079708,-9.53597851806088,2.5301680490940983,5.546785500483488,2.234700434270981,-6.479652936647029,72.92275178895214,-4.323258319325975,1.3275414030374189
232.523713,-0.09028291638572333,1.882595577579306,4487.110009547181,7.239241756711599,0.7166050692158302,-0.39993765686705873,-178.3014526326057,18611.485094345328,-0.0063735950156498375,-0.3994907298699418,2.0083970525557744,0.3479233460078216,0.7166050692158302,-2.4309432007995397,2.166090765763066,-0.014867585909743866,66.98525534970858,-0.04169093792003875,-0.09364047795522012,1.8819581028604566,66.98702605499764,-178.2265868734442,29.79407418685383,6.905175028309941,0.0,0.004831279019289564,39.409717981172165,92.12412001231132,10.527729060479546,-0.07089878624843926,0.0,0.0,1779.9500000000007,-3.3036900000000022,0.0,0.0,0.0,0.0,0.0,0.0,0.0,0.0,0.0,0.0,0.0,1256.0900000000008,-0.09666210000000006,0.0,0.0,0.0,0.0,0.0,0.0,0.0,0.0,0.0,0.00991643142731014,0.3766655429514888,5726.005465537631,-227.27309334315584,0.0,2.0921372675846423e-08,0.0,-7.654288845788791e-09,53.93083496615251,-0.03390702773950566,53.93083496615251,0.0,1.4406001982414391,1.213525953599969,0.9408534272350519,4477.382236891754,13.193248255541556,0.0,1.025218342520414e-18,0.0,-3.9587138506247996e-16,23.05750490064005,-0.08469116658577724,23.05750490064005,0.0,8.435650397295703,999.0000000000002,4.011581672957984,1.9980738607979638,11.096195729409304,gaze,0.5918080988624633,0.31380673072034343,-1.4973974495874767,79.39630381693507,453.24800218504635,27.77485264232982,-0.6698834374573294,-33.49767071936975,-0.07093791799675965,0.27300896229870925,0.9485630221690842,4.618837128880941,-30.802367662423443,-1.1707989729721178,-33.9869711123866,-0.15882785768358154,0.18983478556174735,0.9620341914726069,4.741358869334697,-0.5316664415356938,-0.6697523651010722,-33.778055124693424,-0.12212462581165276,0.22824129033759136,0.9535157681623772,4.71288656898026,32.77708365238845,False,-0.5963407790569933,imu,-1.6407331304,-9.496872005600002,2.3046827384,5.83209727,2.58650085,-7.10772953,72.93253291229257,-4.315958100952546,1.3137860465134104
232.528,-0.0621667,2.36585,4487.03,7.27413,0.789837,-0.42493,-178.564,18609.9,-0.00989687,-0.424639,1.81981,0.19216,0.789837,0.326875,3.94326,-0.00967338,66.9939,0.0577815,-0.0605064,2.365,66.9956,-178.564,28.579,8.07804,0.0,0.0,41.256,90.0,11.0,-0.075455,0.0,0.0,1779.95,-3.30369,0.0,0.0,0.0,0.0,0.0,0.0,0.0,0.0,0.0,0.0,0.0,1256.09,-0.0966621,0.0,0.0,0.0,0.0,0.0,0.0,0.0,0.0,0.0,0.00988905,0.376668,5726.02,-227.346,0.0,2.27e-08,0.0,-7.66e-09,53.931,-0.0339076,53.931,0.0,1.44061,1.455,0.963438,4477.39,13.1605,0.0,-7.03e-20,0.0,1.18e-17,23.2815,-0.0867294,23.2815,0.0,8.53511,999.0,4.0,2.0,11.02541173366755,gaze,0.5923954820473415,0.3137079458224887,-3.1503583396529833,80.03278102561721,456.42970527788503,27.767927386656172,-0.6577383420825543,-33.526417378223485,-0.07160888787920354,0.27309414398923665,0.9484812411695568,4.617623345987656,-30.809700480294723,-1.1649738439718662,-33.99394820241464,-0.15931262567109059,0.18985962125408876,0.9619337202846365,4.741231805399099,-0.5311856192599727,-0.6640732542829647,-33.78429095531111,-0.12276150491449014,0.22830180243607012,0.9534096983803463,4.712334711100566,30.96307432375348,False,-0.5954696201318167,imu,-1.3952330573025875,-9.533321442641405,2.5391713315624616,5.355513590545715,2.3139204822222528,-6.523644418116595,72.94231595456532,-4.3085797464418,1.2991463734919533
232.532446,-0.09514445836489699,1.9107765113097324,4486.947560904744,7.233726114443362,0.7318486021407242,-0.39690093589942343,-178.2488507043217,18610.41669328393,-0.006366688337282439,-0.3964425015859858,2.200670178025706,0.3505137611620931,0.7318486021407242,-2.5882943943527312,2.1652436520788463,-0.015250503120327719,66.9824327681554,-0.04527712043608079,-0.0986769601774674,1.9101184126606996,66.98419294172294,-178.1745408917099,28.939594767150904,7.022754526110607,0.0,0.0034384634670351875,40.36762804107918,87.19611823124849,10.498478665811604,-0.07085102118206348,0.0,0.0,1779.9500000000005,-3.3036900000000013,0.0,0.0,0.0,0.0,0.0,0.0,0.0,0.0,0.0,0.0,0.0,1256.0900000000006,-0.09666210000000006,0.0,0.0,0.0,0.0,0.0,0.0,0.0,0.0,0.0,0.009872423064846056,0.3766698911699601,5726.033895877448,-227.40095467445312,0.0,2.0838912989388213e-08,0.0,-7.660348186933698e-09,53.93114179619269,-0.033906418243840844,53.93114179619269,0.0,1.4406086361078074,1.1218180336892454,0.9447885316519578,4477.393027012403,13.139284667377316,0.0,1.052318054106342e-18,0.0,-4.007675000422481e-16,23.059792055874077,-0.08504343654800589,23.059792055874077,0.0,8.472624460938263,999.0000000000001,4.0126366673032585,1.9978717463778892,10.936049265560388,gaze,0.5930007708874261,0.31361036619156024,-7.930827761429719,78.0067483685793,457.1836140882795,27.760790615146743,-0.6445877558935771,-33.55597238378474,-0.07230139881234125,0.2731774854022344,0.9483973114615201,4.616365108163786,-30.817247918454306,-1.1589806643742069,-34.001161236314296,-0.15981030490552742,0.1898808811158506,0.9618304805283331,4.741096681002736,-0.5307565014153384,-0.6582172339315718,-33.79074815873363,-0.12341735039790154,0.22836023661614072,0.9533007207593421,4.711759442194581,29.552225366957675,False,-0.5945346188590448,imu,-1.6467146584,-9.579417092000002,2.3489460456,5.57788233,2.45191647,-7.145114079999999,72.95237570124887,-4.300892635635698,1.2831109039529127
232.536687,-0.09749221747717995,1.9245290896830802,4486.868676463369,7.231004859040608,0.7393306988125002,-0.39541210221724515,-178.22289203026514,18609.871710262312,-0.006362344123758941,-0.3949479970592035,2.2870473054430094,0.35176782901821047,0.7393306988125002,-2.6062602769080363,2.164508930387556,-0.01543920667005659,66.98099677321594,-0.04705494761099133,-0.10111121088473103,1.923860831623957,66.98275189825834,-178.148878470768,28.51519697952507,7.079848961657278,0.0,0.0027730303658232407,40.823566908764484,83.52745809813489,10.485169600489177,-0.07082961467003535,0.0,0.0,1779.9500000000003,-3.3036900000000013,0.0,0.0,0.0,0.0,0.0,0.0,0.0,0.0,0.0,0.0,0.0,1256.0900000000006,-0.09666210000000006,0.0,0.0,0.0,0.0,0.0,0.0,0.0,0.0,0.0,0.009851120909179011,0.376671995701817,5726.047712742788,-227.46304707556345,0.0,2.079947525218382e-08,0.0,-7.663290414749789e-09,53.93129031792625,-0.03390610823529418,53.93129031792625,0.0,1.4406127197438323,1.076073815432781,0.946665190595381,4477.398299120361,13.113066006182757,0.0,1.0650272859093616e-18,0.0,-4.030020298397209e-16,23.060402129002526,-0.0852113926007449,23.060402129002526,0.0,8.490405838475198,999.0,4.013145197117651,1.9977741910326818,10.858312579165522,gaze,0.5935744388693497,0.31352191533060964,-13.404895013535974,74.44938190915666,453.90945051083736,27.754026299146762,-0.6315228017777769,-33.58387336734006,-0.07295876941548325,0.27325222985787506,0.94831809524084,4.615165407796597,-30.82439256090827,-1.1533097267897614,-34.00801965110168,-0.16028020576391688,0.18989688753336917,0.9617329144911989,4.740964557543688,-0.5304057629381963,-0.652663584827267,-33.7968978850564,-0.12403850657316791,0.22841186756533885,0.9531977466837708,4.711207865125574,28.078260039781295,False,-0.5936127781857115,imu,-1.3964209664677951,-9.530629416744295,2.548309605785976,5.103744532778918,2.3894730726708837,-6.602632680097361,72.4619284,-4.620455600000017,1.263459999999994
232.539434,-0.09900823908752021,1.9334603150186078,4486.817582998645,7.229227212907115,0.7442048965638267,-0.39444279932493603,-178.205932554222,18609.5095646799,-0.006359180414336908,-0.393974992001631,2.3404502148136577,0.35257873454358507,0.7442048965638267,-2.6013746937235207,2.163918754992548,-0.015562400489395393,66.98004387421734,-0.048219262056221235,-0.10268379553637316,1.9327854259119837,66.98179575267447,-178.13212006414133,28.23780207863702,7.116824769228383,0.0,0.0023458864636200626,41.11552362612329,81.0978591050755,10.476868835166137,-0.07081637934152532,0.0,0.0,1779.9500000000003,-3.3036900000000013,0.0,0.0,0.0,0.0,0.0,0.0,0.0,0.0,0.0,0.0,0.0,1256.0900000000006,-0.09666210000000006,0.0,0.0,0.0,0.0,0.0,0.0,0.0,0.0,0.0,0.009837347180941834,0.37667335639229416,5726.056665845999,-227.50326557494174,0.0,2.077414413728904e-08,0.0,-7.665196040729823e-09,53.93138635082815,-0.033905902496146244,53.93138635082815,0.0,1.4406153599309837,1.0460240381559758,0.9478685950263565,4477.4017252361355,13.09607931120205,0.0,1.0730988742562918e-18,0.0,-4.043985847928111e-16,23.06062091014973,-0.08531907897685939,23.06062091014973,0.0,8.501861541601816,999.0,4.013473130838741,1.9977112344294188,10.807973029434828,gaze,0.5187130734770791,0.3848403313318735,-16.59032640942715,71.7250389505344,449.8336109019876,28.63561856243712,0.3128535254537166,-34.11791695386375,-0.0210855487449386,0.1663842153423746,0.9858355301565404,4.809607982635498,-29.76512149628199,-1.464201899461819,-33.67780537483013,-0.0443934681248848,0.1290298108138203,0.990646520162058,4.733240127563477,-0.5320907564905578,-1.054475459921723,-33.41148396822127,-0.0111937706072523,0.1593638110048823,0.9840957885318524,4.720281028747559,27.25587309594576,True,1.0,imu,-1.396780604969997,-9.529779937231885,2.551196719499337,5.012385909319405,2.412264670506468,-6.634646156875846,72.96794706936024,-4.288739402889924,1.2561407900001764
232.541179,-0.09996934224074266,1.939143289260771,4486.785127265684,7.228091820971306,0.7473125874939827,-0.39382503442524,-178.19509961917623,18609.27577637495,-0.006357026835273848,-0.3933548634445857,2.373312880735532,0.35309328283321506,0.7473125874939827,-2.592437603798552,2.1634968524806695,-0.015641054006105437,66.97942925849433,-0.04896412151256524,-0.10368105138831998,1.938464167132846,66.98117908428091,-178.1214186072202,28.060735786450675,7.140310060367131,0.0,0.0020761413837028474,41.29958076177761,79.6261391157206,10.47172807372121,-0.0708082304209933,0.0,0.0,1779.950000000001,-3.3036900000000022,0.0,0.0,0.0,0.0,0.0,0.0,0.0,0.0,0.0,0.0,0.0,1256.0900000000008,-0.09666210000000008,0.0,0.0,0.0,0.0,0.0,0.0,0.0,0.0,0.0,0.009828607444515228,0.37667421974957727,5726.06235466303,-227.52881379973218,0.0,2.0758140520899423e-08,0.0,-7.666406515637753e-09,53.931447286027534,-0.033905769775021966,53.931447286027534,0.0,1.4406170350879028,1.0267640711411288,0.9486280416140886,4477.403906236029,13.085287005678204,0.0,1.0781600165783378e-18,0.0,-4.052647887152515e-16,23.06068747412332,-0.08538703158867292,23.06068747412332,0.0,8.509113226853403,999.0000000000002,4.013680824556424,1.997671342383883,10.776000518440485,gaze,0.5941780743774093,0.3134331687762487,-18.18350356924902,70.17040639718569,446.0822726629773,27.746908237086583,-0.6171369085411326,-33.61306637454639,-0.0736515901180837,0.27332632505237536,0.9482350935639469,4.613895246148628,-30.831901307777127,-1.1473524214527462,-34.015260113691355,-0.16077275013874764,0.18990928490458384,0.961630551665546,4.7408211191405165,-0.5300876288843599,-0.6468160842211566,-33.803400836622586,-0.12469165366471507,0.22846217113509049,0.9530897256452978,4.710620583602336,25.94310824771924,True,-0.5926044543896674,imu,-1.6449202,-9.562668813600002,2.3351885312,5.28628284,2.57154703,-7.11520644,72.9717795464033,-4.2856912225510895,1.2490673561397452
232.544,-0.057119,2.4874,4486.73,7.26606,0.852739,-0.421481,-178.431,18608.0,-0.0100223,-0.421151,1.61931,0.235576,0.852739,-0.91463,3.91871,-0.0109511,66.9872,0.0410245,-0.056006,2.48636,66.9889,-178.431,27.91,8.50057,0.0,0.0,42.624,78.0,11.0,-0.075455,0.0,0.0,1779.95,-3.30369,0.0,0.0,0.0,0.0,0.0,0.0,0.0,0.0,0.0,0.0,0.0,1256.09,-0.0966621,0.0,0.0,0.0,0.0,0.0,0.0,0.0,0.0,0.0,0.00980918,0.376677,5726.07,-227.58,0.0,2.17e-08,0.0,-7.67e-09,53.9316,-0.0339035,53.9316,0.0,1.44062,1.455,0.979542,4477.41,13.0582,0.0,-6.72e-20,0.0,1.13e-17,23.3653,-0.0881629,23.3653,0.0,8.6462,999.0,4.0,2.0,10.725772820808311,gaze,0.5945550505467052,0.3133800372804275,-20.099168974968094,67.74558292726293,439.88329881717476,27.742462739876952,-0.6078177232927323,-33.631188742721406,-0.07408485031957714,0.2733701846170707,0.9481834450046868,4.613097856807749,-30.83658576413157,-1.1436372830272314,-34.01979443159957,-0.16107934275777142,0.18991467159300518,0.9615667836082448,4.740729175062776,-0.5299112886514983,-0.6431623174121543,-33.807478908398,-0.12509930849828357,0.22849145345033497,0.9530224411435881,4.710250138913611,24.268979035971675,True,-0.5919544180758521,imu,-1.3973614519082176,-9.528369907532328,2.555992697836013,4.848443950133409,2.448933896152962,-6.695066069562779,72.97792038443606,-4.28075233599547,1.2373448616754767
232.549912,-0.10475633498239667,1.967695038919131,4486.622709370376,7.222337205712664,0.762999176079351,-0.3907096210271314,-178.1401848337979,18608.062062033085,-0.006344551667723493,-0.3902274811294308,2.525054490953963,0.3556616488336001,0.762999176079351,-2.49603021666906,2.160830771047964,-0.016039335075057636,66.9762448307261,-0.05275350459210132,-0.10865157982962066,1.9669944888463626,66.97798449862393,-178.06720565070796,27.167369811594227,7.257792033663729,0.0,0.000744980355811057,42.20378813017626,74.26219319383574,10.447571099824698,-0.070770491770385,0.0,0.0,1779.9500000000003,-3.3036900000000013,0.0,0.0,0.0,0.0,0.0,0.0,0.0,0.0,0.0,0.0,0.0,1256.0900000000006,-0.09666210000000004,0.0,0.0,0.0,0.0,0.0,0.0,0.0,0.0,0.0,0.009784983550781967,0.3766785287828686,5726.090841890972,-227.6566707516342,0.0,2.06790802471453e-08,0.0,-7.672463833405642e-09,53.93175144284486,-0.033905081696330955,53.93175144284486,0.0,1.440625395358155,0.9283847239347537,0.9523696645685651,4477.414875085189,13.031256477380731,0.0,1.1027031285693028e-18,0.0,-4.093518363761208e-16,23.06016830608987,-0.08572174413577313,23.06016830608987,0.0,8.5451044532348,999.0,4.014712463688179,1.9974729700983032,10.616051649876317,gaze,0.5953397609882707,0.3132752123790609,-21.363985426216246,64.48264544861478,429.81176729868946,27.73320854784387,-0.5875845293452349,-33.668578732072476,-0.0749881967346123,0.27345539970428195,0.9480764041513128,4.611427440511755,-30.84632473874802,-1.1359171925235374,-34.02926467031639,-0.16171501574249156,0.18991994937291878,0.9614344427730737,4.740531748750326,-0.5295857429120229,-0.6355518587433826,-33.816010333610286,-0.12594727172275644,0.22854703332355986,0.9528828238409018,4.709469662409316,20.445798464420488,True,-0.590550036236328,imu,-1.6604721728,-9.6709344704,2.3429645176,5.36105194,2.75099287,-6.995575880000001,72.9905423958092,-4.270357725586569,1.2116214917240296
232.558645,-0.10950419356819521,1.9964308631390462,4486.46030796494,7.21646058443975,0.77891053175237,-0.38755436186674486,-178.0840917269507,18606.7754855846,-0.006329203407097321,-0.3870600178815202,2.6548921711228264,0.3582185959392016,0.77891053175237,-2.3529729077006167,2.157225614659333,-0.016445443558197395,66.9728795123992,-0.05664684670027875,-0.11358736425780173,1.995708475702088,66.97460921831117,-178.01188753848217,26.268016736647713,7.375149658378215,0.0,-0.0005543461232796892,43.07858091008629,72.74761326148158,10.426093891232961,-0.07073788383915133,0.0,0.0,1779.9500000000007,-3.3036900000000013,0.0,0.0,0.0,0.0,0.0,0.0,0.0,0.0,0.0,0.0,0.0,1256.0900000000006,-0.09666210000000006,0.0,0.0,0.0,0.0,0.0,0.0,0.0,0.0,0.0,0.009741550368956173,0.37668281836223527,5726.11935755782,-227.78452556311018,0.0,2.0601757431882704e-08,0.0,-7.678520141761626e-09,53.932054273827916,-0.03390435336508858,53.932054273827916,0.0,1.4406337170948014,0.8267064663116762,0.9560110855127004,4477.425934084137,12.977194300047827,0.0,1.1259058081463613e-18,0.0,-4.130170951779469e-16,23.058211497785265,-0.0860473645853474,23.058211497785265,0.0,8.580585780811443,999.0,4.015729862930181,1.9972769588917225,10.456204840500728,gaze,0.596485589330523,0.3131365650825667,-20.193035546107524,66.26431522861725,445.8085625010597,27.71969450450096,-0.555989472189257,-33.72215884813983,-0.07631093096405382,0.27356463331438063,0.9479212779562629,4.608961592715784,-30.860515215868023,-1.1246778374590136,-34.04317189128233,-0.16263693079020405,0.18991283217684524,0.9612421906383475,4.740228144154608,-0.5291596451534597,-0.6244274246621144,-33.82857387325603,-0.12718394860865354,0.22861476721996338,0.9526800551929356,4.708306357167824,16.969986899823997,True,-0.58837113380275,imu,-1.6622666312,-9.6924679712,2.3722740048,5.00216026,2.58650085,-7.234837000000001,73.00845917515434,-4.254895996816654,1.1707427370824692
232.559525,-0.10998040302628243,1.9993366651266569,4486.443944172937,7.215861581389502,0.7805264247410851,-0.3872341923116855,-178.07837346074473,18606.641803742237,-0.006327495136603891,-0.38673860539788973,2.66672955288956,0.35847560879914064,0.7805264247410851,-2.338003660277993,2.156809476795139,-0.01648680388608541,66.97253036797674,-0.057044995190514425,-0.11408275637228525,1.998612054299434,66.97425908114737,-178.0062514283646,26.177351269878898,7.3869665531878725,0.0,-0.0006834837224581215,43.165038656184514,72.74161415843972,10.42408142252379,-0.07073488565912842,0.0,0.0,1779.9500000000003,-3.3036900000000013,0.0,0.0,0.0,0.0,0.0,0.0,0.0,0.0,0.0,0.0,0.0,1256.0900000000006,-0.09666210000000006,0.0,0.0,0.0,0.0,0.0,0.0,0.0,0.0,0.0,0.00973718426624294,0.37668324953581617,5726.122232578965,-227.79740901766948,0.0,2.0594063178266037e-08,0.0,-7.679130363103576e-09,53.93208471600687,-0.0339042777156142,53.93208471600687,0.0,1.4406345535226839,0.8162788858999899,0.9563723734726134,4477.427053488724,12.971744897881566,0.0,1.1281679066804945e-18,0.0,-4.133625878889401e-16,23.05793368174406,-0.08607966399286847,23.05793368174406,0.0,8.584132372173272,999.0,4.015831525552321,1.9972573513740874,10.440103269836904,gaze,0.5222804291189902,0.3939374091847039,-20.05815286148528,66.90081929732847,450.3566294103113,28.62370070408878,0.4953214840172127,-34.36282595050642,-0.0423249127123339,0.1554790906188012,0.9869320412998271,4.810523509979248,-29.73581279359795,-1.562436189898875,-33.61766422853817,-0.0373588509617358,0.1200515347803328,0.9920644864381072,4.730348110198975,-0.546092273933899,-0.8779947029019379,-33.58707893761487,-0.0123647809398282,0.1510675444621421,0.9860617389905642,4.743896532058716,16.709796935890076,True,1.0,imu,-1.3991792219974661,-9.52359455480773,2.572270252129924,4.186046980093461,2.561768822108723,-6.961718326314454,73.01020963458878,-4.253330999053144,1.1664320241680781
232.56,-0.159975,2.57778,4486.43,7.25736,0.915118,-0.417337,-178.292,18605.9,-0.010031,-0.416967,3.43856,0.279837,0.915118,-3.31364,3.87863,-0.0123363,66.9798,0.0234903,-0.159444,2.57674,66.9814,-178.292,23.6872,8.9041,0.0,0.0,43.893,72.0,11.0,-0.075455,0.0,0.0,1779.95,-3.30369,0.0,0.0,0.0,0.0,0.0,0.0,0.0,0.0,0.0,0.0,0.0,1256.09,-0.0966621,0.0,0.0,0.0,0.0,0.0,0.0,0.0,0.0,0.0,0.00972931,0.376685,5726.13,-227.813,0.0,2.06e-08,0.0,-7.68e-09,53.9322,-0.0338994,53.9322,0.0,1.44064,1.455,0.995647,4477.43,12.9559,0.0,-6.41e-20,0.0,1.08e-17,23.449,-0.0895964,23.449,0.0,8.75728,999.0,4.0,2.0,10.426180760451343,gaze,0.59666193809475,0.3131167872644983,-20.14884447075691,67.3037034036987,453.3690757069467,27.717614507657647,-0.550908219171602,-33.730277851502564,-0.07651490320984047,0.27357979914700653,0.947897530305104,4.6085791645410765,-30.862695925865676,-1.1229516880925507,-34.04532080216062,-0.16277813942400093,0.18991013189068917,0.9612127090088702,4.740179734740599,-0.5290935370834151,-0.6227140814815334,-33.83051891956688,-0.1273741161372011,0.2286237383700563,0.9526489667992026,4.708124730325966,16.94443287688692,True,-0.5880218886389303,imu,-1.3992310305982611,-9.523448924846619,2.5727675134577175,4.163437301656472,2.564923302297694,-6.971196579326481,73.01114996467295,-4.252485732437454,1.1640906084207856
232.567378,-0.11421166495832644,2.02534984000725,4486.29792380125,7.2104602592298175,0.7950488314579213,-0.38435892067386135,-178.0268055996173,18605.41619234147,-0.006310922037789822,-0.3838521344881983,2.7620783867550855,0.36076385989088033,0.7950488314579213,-2.2144698551636957,2.152661392164437,-0.01685947741205346,66.96933334871767,-0.06064573849813587,-0.11848721391841506,2.0246052007970894,66.97105329461674,-177.95544967200817,25.369913301859103,7.492330944508128,0.0,-0.001821158630890175,43.92240563223798,72.8401718876629,10.407374656635293,-0.07071048604394992,0.0,0.0,1779.9500000000003,-3.303690000000001,0.0,0.0,0.0,0.0,0.0,0.0,0.0,0.0,0.0,0.0,0.0,1256.0900000000006,-0.09666210000000004,0.0,0.0,0.0,0.0,0.0,0.0,0.0,0.0,0.0,0.009698306885147542,0.37668708857995425,5726.147901660053,-227.91237826742048,0.0,2.052619762705821e-08,0.0,-7.684575442249626e-09,53.93235578615548,-0.033903584132630935,53.93235578615548,0.0,1.4406420004738902,0.7217619831644522,0.9595499669029512,4477.437083758811,12.92310170191044,0.0,1.1477259906394704e-18,0.0,-4.1624888350634543e-16,23.054793789725085,-0.08636368129324196,23.054793789725085,0.0,8.61554473238007,998.9999999999999,4.016731259431375,1.9970836462931176,10.296462289822077,gaze,0.5976153249209919,0.3130172891975334,-21.96300459644604,75.90471650258009,518.7395251555505,27.706368982092755,-0.5224156926306553,-33.77348265187756,-0.07761951253856017,0.27365395529566866,0.9477697487744098,4.60649760798067,-30.87446983908854,-1.1136371283305482,-34.05697882063805,-0.1635383310199172,0.1898878961366269,0.9610538309541069,4.739909888942866,-0.5286999136391909,-0.6134455740556628,-33.841088727159985,-0.1284014362285306,0.22866532143393786,0.9524814583814863,4.707130355711766,19.872127153705335,True,-0.5860675352132378,imu,-1.6766222984,-9.7756112104,2.4207243816,4.69560695,2.65379304,-7.21988318,73.02532237948932,-4.239309876342211,1.1264039385559383
232.576,-0.0590581,2.72302,4486.14,7.24799,0.976925,-0.412423,-178.146,18603.8,-0.00984858,-0.412007,2.19709,0.332562,0.976925,0.174731,3.85163,-0.0138379,66.9722,0.0052405,-0.0591027,2.72208,66.9737,-178.146,26.0225,9.29009,0.0,0.0,45.045,72.0,11.0,-0.075455,0.0,0.0,1779.95,-3.30369,0.0,0.0,0.0,0.0,0.0,0.0,0.0,0.0,0.0,0.0,0.0,1256.09,-0.0966621,0.0,0.0,0.0,0.0,0.0,0.0,0.0,0.0,0.0,0.00965099,0.376693,5726.18,-228.045,0.0,1.97e-08,0.0,-7.69e-09,53.9327,-0.0338988,53.9327,0.0,1.44066,1.455,1.01197,4477.45,12.8545,0.0,-6.11e-20,0.0,1.03e-17,23.5317,-0.0910602,23.5317,0.0,8.86984,999.0,4.0,2.0,10.13663710310803,gaze,0.5987146914979091,0.3129185883034823,-27.79041449107922,89.3995015742726,626.6062896899241,27.693400503574583,-0.48739482131274253,-33.82165299636044,-0.07889731094014392,0.2737225446646632,0.9476237064211047,4.60406668023355,-30.888012976424076,-1.1029342488533092,-34.070509040219996,-0.16440799471743603,0.18984576515134377,0.9608717177587109,4.739580908606463,-0.5280873205854858,-0.6027458386709267,-33.85339413196168,-0.12958438937755198,0.22869833376734966,0.9522895151074585,4.705956550568677,28.60665436903064,True,-0.5836706986472774,imu,-1.4008453200283784,-9.518560771870789,2.5894883558993826,3.335153976529418,2.660520597694561,-7.324239583391664,73.04073317739697,-4.223803571103037,1.0792112335551791
232.576111,-0.11887748606755927,2.0544510227084394,4486.135557636964,7.204334518414849,0.8114162652680419,-0.38112295873545576,-177.96831167508242,18603.984530675487,-0.006289646953685751,-0.38060348927213966,2.846108377334479,0.3632971753958163,0.8114162652680419,-2.125088957190526,2.147117913555793,-0.017281535321160398,66.96560640264957,-0.06475178433469403,-0.12334992852074189,2.0536837122900025,66.96731679663827,-177.89787733748798,24.47908261260051,7.609282687498762,0.0,-0.0030547717925659638,44.73382158431087,71.13820800023625,10.391483396382943,-0.07068837861317173,0.0,0.0,1779.9500000000003,-3.3036900000000013,0.0,0.0,0.0,0.0,0.0,0.0,0.0,0.0,0.0,0.0,0.0,1256.0900000000006,-0.09666210000000006,0.0,0.0,0.0,0.0,0.0,0.0,0.0,0.0,0.0,0.009655252086219148,0.3766913395281839,5726.176474194105,-228.04022889813797,0.0,2.0452426674005087e-08,0.0,-7.690629736433457e-09,53.93265598700237,-0.033902773344286034,53.93265598700237,0.0,1.4406502456712953,0.613590564423495,0.9629839485639294,4477.448324636843,12.868979921908334,0.0,1.1681211264703748e-18,0.0,-4.1903538535357214e-16,23.049891716123668,-0.08667048056687363,23.049891716123668,0.0,8.649968712338223,999.0,4.017714848914362,1.9968933780600726,10.136826216291073,gaze,0.5987287401344884,0.3129174413132005,-27.877647067368397,89.57825260708297,628.0519292114905,27.693234774171014,-0.48693212963636273,-33.82225579576114,-0.07891366856885457,0.27372330047301036,0.9476218494695943,4.6040353952546615,-30.88818580311676,-1.102797750050561,-34.07068256104987,-0.16441905878465887,0.18984510919005745,0.9608693983250928,4.73957657591853,-0.5280777964646298,-0.6026090244407375,-33.85355221469468,-0.12959949430156054,0.22869864910826757,0.9522870709271214,4.705941355091712,28.739694620186683,True,-0.5836390472169614,imu,-1.6951650352,-9.927542021600004,2.4440523408,4.089977240000001,2.66126995,-7.15259099,73.04092266495667,-4.2236031921298745,1.0785814446863495
232.579506,-0.12067983220827633,2.0658132387233374,4486.072441953425,7.201918878746595,0.8178415181246887,-0.3798539498526965,-177.94524262546946,18603.408540021963,-0.006280554884995218,-0.3793294839797707,2.8724583318846055,0.3642787326046501,0.8178415181246887,-2.1113436998563024,2.1446941375310025,-0.017447799950469037,66.96410874847659,-0.06637730422451837,-0.12523005049256036,2.065037000442097,66.96581548661376,-177.87518636216794,24.135815425189524,7.654674674365645,0.0,-0.003525235108193107,45.040225693873,69.53568088184835,10.386082484845275,-0.07068122972210528,0.0,0.0,1779.9500000000003,-3.3036900000000013,0.0,0.0,0.0,0.0,0.0,0.0,0.0,0.0,0.0,0.0,0.0,1256.0900000000006,-0.09666210000000006,0.0,0.0,0.0,0.0,0.0,0.0,0.0,0.0,0.0,0.009638565021641444,0.37669298692494535,5726.187589592228,-228.0899309554477,0.0,2.0424236320597855e-08,0.0,-7.692983104055984e-09,53.93277233918792,-0.03390244678648793,53.93277233918792,0.0,1.4406534407663467,0.5706769747491494,0.9642900987367036,4477.4527193211325,12.847932184121348,0.0,1.1756559278195982e-18,0.0,-4.1999588640484627e-16,23.047580233488013,-0.08678713493869814,23.047580233488013,0.0,8.663204076055154,999.0,4.018092022240678,1.9968203079096032,10.074796070332415,gaze,0.5228479722147245,0.3997691692369974,-30.76337567940864,95.09596545582276,671.874095849664,28.61531475908636,0.5648771211124917,-34.46110432644043,-0.0518325432255755,0.150307472031681,0.987279621644352,4.796917915344238,-29.71138291795071,-1.579010395953802,-33.60780000063384,-0.0328681396530473,0.1177485092331733,0.9924993571630728,4.727709293365479,-0.5522425358121452,-0.8061528128680185,-33.65746267569723,-0.0132398223606004,0.1481430367328715,0.9866254511744664,4.746494579315185,32.88883687067424,False,-1.0,imu,-1.4011653048304367,-9.517494261468965,2.5931443785104245,3.139115635801034,2.678677412399321,-7.408062860222688,73.0466012052692,-4.217465410681848,1.0590453649752625
232.584844,-0.12350038373781894,2.083733439389783,4485.973210235527,7.1980816365315174,0.82801503641921,-0.3778461348848592,-177.9085950990173,18602.481045092463,-0.006265316955722463,-0.37731373808043644,2.906707627211741,0.36581827612883433,0.82801503641921,-2.118871555836794,2.1405747891407296,-0.017711716700535098,66.96169875503496,-0.06896660229936169,-0.12817429821224352,2.0829430332654137,66.9633998114052,-177.83915570544178,23.600403658339616,7.725950456067379,0.0,-0.004254494259580103,45.51149780093685,66.06806102940426,10.378481632573227,-0.07067164259092987,0.0,0.0,1779.9500000000003,-3.303690000000001,0.0,0.0,0.0,0.0,0.0,0.0,0.0,0.0,0.0,0.0,0.0,1256.0900000000006,-0.09666210000000006,0.0,0.0,0.0,0.0,0.0,0.0,0.0,0.0,0.0,0.00961238495974234,0.37669557129896736,5726.205075156341,-228.16807748914567,0.0,2.0380470704642674e-08,0.0,-7.696683025896829e-09,53.93295488353962,-0.033901920339350314,53.93295488353962,0.0,1.4406584528627207,0.5022384994473584,0.9663106475972948,4477.459657247549,12.814830209732598,0.0,1.187048178980855e-18,0.0,-4.2136464969253403e-16,23.043481604088786,-0.08696754665698418,23.043481604088786,0.0,8.683845006216128,999.0,4.018678785331719,1.9967065082489779,9.977298857372762,gaze,0.599825614155445,0.3128370723475603,-34.44627455332895,103.08637475041924,736.8071528287157,27.680294593369272,-0.449612587319284,-33.86821684160484,-0.08019313349273383,0.27377260903842915,0.9474776119791546,4.601574867185333,-30.901660396720775,-1.0921623010150083,-34.08428027346283,-0.1652789630028295,0.18978444434571676,0.9606889262747518,4.739227807045852,-0.527144105479607,-0.5919204192967669,-33.86596170273619,-0.13077789030347578,0.22871470788080892,0.9520969291980719,4.704739061509996,38.82164193985544,False,-0.5810854950923149,imu,-1.6754259928,-9.924551257600005,2.409957631200001,3.41705534,2.80333124,-7.00305279,73.05504944051891,-4.207779759851991,1.0272551884549732
232.592,-0.192717,2.78406,4485.84,7.23793,1.03816,-0.406651,-177.994,18601.4,-0.00977696,-0.406187,3.66051,0.384604,1.03816,-5.56449,3.80081,-0.0154477,66.9637,-0.0139223,-0.193611,2.78284,66.9652,-177.994,20.3159,9.652,0.0,0.0,46.071,60.0,11.0,-0.075455,0.0,0.0,1779.95,-3.30369,0.0,0.0,0.0,0.0,0.0,0.0,0.0,0.0,0.0,0.0,0.0,1256.09,-0.0966621,0.0,0.0,0.0,0.0,0.0,0.0,0.0,0.0,0.0,0.00957605,0.376699,5726.23,-228.27,0.0,1.89e-08,0.0,-7.7e-09,53.9332,-0.0339061,53.9332,0.0,1.44066,1.455,1.02876,4477.47,12.755,0.0,-5.86e-20,0.0,9.84e-18,23.6124,-0.0925898,23.6124,0.0,8.98559,999.0,4.0,2.0,9.837159840365642,gaze,0.6007119347500688,0.3127857685469826,-38.83374758854479,113.65589887507186,820.2658179591502,27.669837624084973,-0.4177184649342166,-33.90362294564146,-0.08123042094827349,0.2737980391554939,0.9473621722135181,4.599559856889026,-30.9125199931755,-1.083601174058959,-34.09534153177712,-0.16596796213311585,0.18972139195902543,0.9605440188827304,4.738930224559047,-0.5260278617841849,-0.5832740419576786,-33.87608822652908,-0.1317286777000182,0.22871496722482895,0.951944312776361,4.703743768607842,43.78793814979135,False,-0.5788997246150427,imu,-1.4022079003229526,-9.513707676115654,2.606147935851985,2.4123030416124265,2.735231854497871,-7.7137542694222105,73.06537881938505,-4.194729350326913,0.9825739615979217
232.593577,-0.12807907471091617,2.1131960930263767,4485.810882366197,7.191699874270977,0.8448473613501564,-0.3745281054908184,-177.84764093956272,18600.90646930633,-0.006237870249451671,-0.37398253427358413,2.9438193365043914,0.3683268947338161,0.8448473613501564,-2.216680272842261,2.1330114287132043,-0.01815012169816682,66.95761050469416,-0.07329182427446701,-0.13295910355317117,2.1123821615991996,66.95930244398716,-177.77926983028786,22.73768083158185,7.842278580031231,0.0,-0.005419628686477046,46.254210053730674,59.4821428704058,10.368422139133067,-0.07066035984104793,0.0,0.0,1779.9500000000003,-3.3036900000000013,0.0,0.0,0.0,0.0,0.0,0.0,0.0,0.0,0.0,0.0,0.0,1256.0900000000006,-0.09666210000000006,0.0,0.0,0.0,0.0,0.0,0.0,0.0,0.0,0.0,0.009569704493950311,0.37669978398423715,5726.233704543075,-228.29592407463974,0.0,2.0310356142673325e-08,0.0,-7.702735312243575e-09,53.933252482934925,-0.03390102445106524,53.933252482934925,0.0,1.4406666222237123,0.3877594714096176,0.9695276582907685,4477.471082121948,12.760653825866445,0.0,1.2044636222617023e-18,0.0,-4.2322458985091156e-16,23.035539572816372,-0.0872546617494055,23.035539572816372,0.0,8.717160780209733,999.0,4.019621180522367,1.9965233992852267,9.817882469613375,gaze,0.6009057329295919,0.31277622759763424,-39.70064662375889,116.04339780683408,838.9896659803208,27.667551071967246,-0.4105356166737,-33.911140446555706,-0.08145764902361413,0.27380182650640406,0.9473370673191926,4.599115940090556,-30.914891002035155,-1.0817332937455024,-34.09776917676241,-0.16611789910860963,0.18970587963622723,0.9605124472519342,4.738863193396783,-0.5257281099778796,-0.5813823285898541,-33.878314605395865,-0.13193639941012064,0.2287134598464164,0.9519110684174098,4.703523190255797,44.18422469174126,False,-0.5784067225512023,imu,-1.6832019792,-9.8527729216,2.3848352136,2.51982614,2.86314652,-7.339513739999999,73.06749145968743,-4.191843382726038,0.9724087695193161
232.599598,-0.1312094497131448,2.1336136687046645,4485.698976580445,7.187223969296802,0.8565896570343932,-0.372216298808614,-177.8048872607628,18599.779940179127,-0.0062170992906936135,-0.3716614989665745,2.95579652994408,0.37004906167424134,0.8565896570343932,-2.3493983626096404,2.1271918081864727,-0.018457223767235065,66.95468672222317,-0.07633902299022371,-0.13623432216039932,2.1327832647908043,66.95637250744775,-177.73729537157936,22.1536663745438,7.9222539693596685,0.0,-0.006202423968550119,46.74532367472035,55.88177156392301,10.36322338105333,-0.07065580003174696,0.0,0.0,1779.9499999999998,-3.30369,0.0,0.0,0.0,0.0,0.0,0.0,0.0,0.0,0.0,0.0,0.0,1256.0900000000001,-0.09666210000000001,0.0,0.0,0.0,0.0,0.0,0.0,0.0,0.0,0.0,0.009540386468052924,0.37670267736862906,5726.25345973491,-228.38406723830036,0.0,2.026310176495475e-08,0.0,-7.7069075006713e-09,53.933456912252836,-0.033900381451166854,53.933456912252836,0.0,1.4406722326797903,0.3070420946660514,0.97168048893664,4477.47901305742,12.723286842092957,0.0,1.2155674422463543e-18,0.0,-4.2422722195997186e-16,23.029159150226874,-0.08744670415534106,23.029159150226874,0.0,8.739797261807539,998.9999999999997,4.020257366580567,1.9963995377221768,9.708038052950585,gaze,0.5231127978153961,0.4033705399091275,-42.35113892823766,125.3004654129639,913.2060921664116,28.60964619976924,0.5808560369296449,-34.49902330378946,-0.056327063591499,0.1456953913423713,0.9877247161272986,4.779973030090332,-29.6976925051201,-1.573407129508804,-33.61168628661502,-0.0310328814154035,0.1172471671717135,0.9926177824627492,4.719928741455078,-0.5537889326438421,-0.5903491831169181,-33.91106995185162,-0.0331800744167261,0.1415848701734051,0.9888515597812408,4.760935688018799,43.10905695788635,False,-1.0,imu,-1.4027678568112858,-9.511415970053426,2.614035627840157,1.9575453154882805,2.763500053125098,-7.8977051464402965,73.07497811175098,-4.180792187562711,0.9325377945510258
232.602311,-0.132612782033624,2.142841365744921,4485.648556219705,7.185186725158619,0.8619174377641209,-0.37116813735452403,-177.7854269919312,18599.261526997772,-0.006207240751259502,-0.3706091400707805,2.9575921439028416,0.3708230478820115,0.8619174377641209,-2.4266443767630186,2.124405995043398,-0.018596902832222956,66.95334126940082,-0.0777296105709187,-0.13770365633623477,2.142003471513364,66.9550243174626,-177.71819758935442,21.893617959284143,7.958223388329106,0.0,-0.006549599037034856,46.96091664987606,54.81422997288865,10.361348034320764,-0.0706546127131671,0.0,0.0,1779.9500000000003,-3.3036900000000013,0.0,0.0,0.0,0.0,0.0,0.0,0.0,0.0,0.0,0.0,0.0,1256.0900000000006,-0.09666210000000006,0.0,0.0,0.0,0.0,0.0,0.0,0.0,0.0,0.0,0.009527204822279933,0.3767039781549477,5726.262365633741,-228.4237833282724,0.0,2.0242101998003262e-08,0.0,-7.708787289962113e-09,53.933548826209154,-0.03390008489649983,53.933548826209154,0.0,1.440674754858665,0.27020131892469146,0.9726329010495632,4477.482601116944,12.70644583367336,0.0,1.2203251642894094e-18,0.0,-4.2460311267825916e-16,23.02604035515813,-0.08753163707835188,23.02604035515813,0.0,8.749906796639117,999.0,4.020540207673207,1.9963444017900391,9.658561093768377,gaze,0.6019690098766804,0.31273494318436246,-44.22407971905317,129.8031888014805,947.5532224781132,27.65500533753151,-0.3697796383971517,-33.95084490445623,-0.08270710627608882,0.27381090355359783,0.9472002301369303,4.596658252620514,-30.92787656644168,-1.071511997292356,-34.1111480727655,-0.1669358214369256,0.18960938599714236,0.9603399731217365,4.738482310545479,-0.5236361441258088,-0.5709960689751221,-33.890609788008724,-0.1330749336384296,0.22869486839628342,0.951729502130103,4.702293324023151,41.065081766210135,False,-0.5756022633645779,imu,-1.7172966888,-9.777405668800002,2.4243132984,1.75718132,2.61640849,-8.1320662,73.07803850322387,-4.1757960079037435,0.9140226488857888
232.608,-0.198563,2.88577,4485.54,7.22715,1.09846,-0.400064,-177.837,18599.0,-0.00944534,-0.399548,4.03038,0.435731,1.09846,-5.38536,3.73708,-0.0171532,66.9549,-0.0337494,-0.200193,2.88476,66.9563,-177.837,19.1609,9.9923,0.0,0.0,46.989,54.0,11.0,-0.075455,0.0,0.0,1779.95,-3.30369,0.0,0.0,0.0,0.0,0.0,0.0,0.0,0.0,0.0,0.0,0.0,1256.09,-0.0966621,0.0,0.0,0.0,0.0,0.0,0.0,0.0,0.0,0.0,0.00950112,0.376705,5726.28,-228.495,0.0,1.81e-08,0.0,-7.71e-09,53.9337,-0.0339133,53.9337,0.0,1.44067,1.455,1.04555,4477.49,12.6555,0.0,-5.6e-20,0.0,9.41e-18,23.693,-0.0941195,23.693,0.0,9.10135,999.0,4.0,2.0,9.537753106602151,gaze,0.6026523680346314,0.31271859280332964,-46.83284106494309,137.8244822677213,1012.5132622841763,27.646941860182046,-0.3423735867385205,-33.9749026765478,-0.08351266265708918,0.2738059605819117,0.9471131161624113,4.595058188870507,-30.9362011055903,-1.0649677047815673,-34.119801315720295,-0.1674571685894474,0.18953688951268907,0.9602298092969606,4.738225313125305,-0.521807811820018,-0.5643143159359938,-33.898585416474276,-0.1338056173540259,0.22867341654961543,0.9516135736098509,4.701484655804467,34.92962510451805,False,-0.5737080507690564,imu,-1.403322403569459,-9.508891815559588,2.622739096791616,1.4531886583444318,2.78955792572981,-8.091397436472127,73.08378821739961,-4.165286428132722,0.8740873194268579
232.611044,-0.13709916386621895,2.1726614211946313,4485.48626974814,7.178541913321693,0.879223599952542,-0.36776665124906405,-177.7219524143906,18597.54768630891,-0.006173372476420076,-0.3671939762667569,2.9483639829888504,0.373305894539286,0.879223599952542,-2.74564392524971,2.1147394629587044,-0.019052059425351153,66.9488921618869,-0.0822806047641409,-0.14240563129628028,2.171799126971001,66.95056655297009,-177.65593778708444,21.070272206042716,8.073700140613266,0.0,-0.007643437084795805,47.63043588449201,53.913961453030254,10.35729540862067,-0.07065448604655038,0.0,0.0,1779.9500000000005,-3.3036900000000013,0.0,0.0,0.0,0.0,0.0,0.0,0.0,0.0,0.0,0.0,0.0,1256.0900000000006,-0.09666210000000006,0.0,0.0,0.0,0.0,0.0,0.0,0.0,0.0,0.0,0.00948489466606028,0.37670815294240856,5726.291051861426,-228.55162600636118,0.0,2.017575091361613e-08,0.0,-7.714837574853767e-09,53.933843852665184,-0.033899101211798774,53.933843852665184,0.0,1.4406828490805577,0.14966062275122924,0.9756232129551277,4477.494212129258,12.652219928564584,0.0,1.2345846577259928e-18,0.0,-4.2548754147854453e-16,23.01496182496675,-0.08779818722919319,23.01496182496675,0.0,8.782062481859592,999.0,4.021433682725926,1.9961699361627634,9.499373507999323,gaze,0.6030150008212887,0.31271326277033135,-47.933109159298766,140.86298221607655,1038.1603829301387,27.642662736408983,-0.3274416802433916,-33.987177341804234,-0.08394097522412591,0.2737997941228297,0.9470671609588904,4.594202291125776,-30.940611682930466,-1.061503095150255,-34.124411231336175,-0.16773241099634498,0.18949497346415914,0.9601715737016235,4.738084874803485,-0.5206515300883312,-0.560766443542734,-33.902841942639874,-0.13419302266238176,0.2286589086797678,0.9515523048704118,4.701049477682453,30.94838618388042,False,-0.5726726400074621,imu,-1.7005484104,-9.864137824800002,2.454819091200001,1.24127453,2.43696265,-8.633019169999999,73.08647735369411,-4.159645088262316,0.8521013755043019
232.619579,-0.14143734387278387,2.2019765019385997,4485.327683867146,7.1719181166871495,0.8963695424707485,-0.3644014630171629,-177.65867753646424,18595.80715903083,-0.006137078429703825,-0.36381517288674714,2.917622087793088,0.37571960871249566,0.8963695424707485,-3.150741131701073,2.1042455927136414,-0.019505136317604838,66.9443698107998,-0.08683989242442808,-0.14695918953967174,2.2010899308802254,66.94603597269696,-177.59392074011123,20.28647834650429,8.186062312075752,0.0,-0.008677003098163483,48.24803861591051,54.32141990069482,10.356277155780427,-0.07065987294780421,0.0,0.0,1779.95,-3.303690000000001,0.0,0.0,0.0,0.0,0.0,0.0,0.0,0.0,0.0,0.0,0.0,1256.0900000000004,-0.09666210000000003,0.0,0.0,0.0,0.0,0.0,0.0,0.0,0.0,0.0,0.009443721230314145,0.37671221490038553,5726.319115151256,-228.67656831871633,0.0,2.0112761539370003e-08,0.0,-7.720749719423866e-09,53.9341309574465,-0.03389809643072074,53.9341309574465,0.0,1.4406907237384128,0.029033157670521847,0.9784326517369965,4477.505650584335,12.599201402814442,0.0,1.2469315600053339e-18,0.0,-4.2586269636511363e-16,23.002583999961857,-0.08804843704111179,23.002583999961857,0.0,8.812909709416818,998.9999999999998,4.022280380154322,1.9960041569795832,9.343908983410403,gaze,0.5237349956100428,0.4053059720006283,-50.01351443499772,141.3992028409119,1048.22701816874,28.60386753911408,0.5793772065973997,-34.5128349843401,-0.0588503807049661,0.1424203023571924,0.9880552060322167,4.758208274841309,-29.68911973346328,-1.505722674248105,-33.69310792485287,-0.0316415199126144,0.1171503876095349,0.9926099943585878,4.728897571563721,-0.5510981681918448,-0.5151492914960939,-34.01617693344102,-0.0407715309046998,0.1361513881300995,0.9896265255844808,4.759535455703736,19.92606509907688,True,1.0,imu,-1.4039763119530957,-9.505431068585372,2.6346992565860066,0.7723144267224844,2.8170267393390747,-8.328122535965436,73.09248804799157,-4.143762143350801,0.7881571948067012
232.619777,-0.14153742820196402,2.2026585700183015,4485.324005151569,7.171762919401794,0.8967700450852808,-0.36432291376961423,-177.65719499179684,18595.766022702617,-0.0061361985059175915,-0.3637363048591082,2.916658954938923,0.3757754507971981,0.8967700450852808,-3.1610922448338643,2.1039897104430403,-0.019515744515140685,66.94426285708909,-0.08694698208948898,-0.14706432566511118,2.201771430686384,66.94592883084584,-177.59246820239935,20.268543432914583,8.188662675724984,0.0,-0.008700558768673339,48.26192869208887,54.30598315689704,10.35628818918145,-0.07066006321161913,0.0,0.0,1779.9500000000003,-3.3036900000000013,0.0,0.0,0.0,0.0,0.0,0.0,0.0,0.0,0.0,0.0,0.0,1256.0900000000006,-0.09666210000000004,0.0,0.0,0.0,0.0,0.0,0.0,0.0,0.0,0.0,0.009442768138622219,0.376712308919544,5726.319766502194,-228.6794667834109,0.0,2.0111322273551637e-08,0.0,-7.720886861562415e-09,53.93413760346603,-0.033898072606829435,53.93413760346603,0.0,1.4406909059978146,0.026202329275632846,0.9784964813051942,4477.5059170085315,12.597971198532129,0.0,1.2471990018035584e-18,0.0,-4.2586556451163284e-16,23.002278474782614,-0.08805412044220565,23.002278474782614,0.0,8.813618423585218,999.0,4.022299695716761,1.9960003696199289,9.340303778473011,gaze,0.6040436344187762,0.3127112092430093,-48.94995991870487,140.98478861593478,1046.9927964781314,27.63052421531811,-0.28360920270364426,-34.020042078343344,-0.08515916303168196,0.27376846162158375,0.9469378721880514,4.591747701282771,-30.95309551052216,-1.051707663769668,-34.13755758141111,-0.1685076373305485,0.18936262484016342,0.9600072582782923,4.7376704815750585,-0.5165320717977588,-0.5506946068722599,-33.915010034670956,-0.13529059593189163,0.22860555479953648,0.9513794874327375,4.699791253379607,19.971165431572388,True,-0.5696174370032502,imu,-1.6909779656,-9.85456738,2.4655858416,0.44124516,2.23508608,-8.82741883,73.09259966896299,-4.143392557522996,0.7866335604891888
232.624,-0.124016,3.01997,4485.24,7.21563,1.15759,-0.392687,-177.674,18596.4,-0.00926761,-0.392118,2.31976,0.482861,1.15759,-3.46591,3.65569,-0.0189314,66.9457,-0.0540498,-0.126625,3.01886,66.947,-177.674,21.2386,10.3112,0.0,0.0,47.853,54.0,11.0,-0.075455,0.0,0.0,1779.95,-3.30369,0.0,0.0,0.0,0.0,0.0,0.0,0.0,0.0,0.0,0.0,0.0,1256.09,-0.0966621,0.0,0.0,0.0,0.0,0.0,0.0,0.0,0.0,0.0,0.00942591,0.376711,5726.33,-228.721,0.0,1.74e-08,0.0,-7.72e-09,53.9343,-0.0339191,53.9343,0.0,1.44068,1.455,1.06257,4477.51,12.5555,0.0,-5.34e-20,0.0,8.97e-18,23.7741,-0.0956655,23.7741,0.0,9.2187,999.0,4.0,2.0,9.238427081321566,gaze,0.6045347667266139,0.31271726357748486,-48.01422762786025,135.79263116888376,1011.178896963244,27.62472830904978,-0.2619055306307475,-34.034671554828826,-0.08574254641199827,0.27374604596041446,0.9468767164757923,4.590561211301237,-30.959041480900723,-1.0470481276741586,-34.14387207683888,-0.1688748134042129,0.18929219066122963,0.9599292739467998,4.737463906363954,-0.5140544122648086,-0.5458814676359768,-33.920870441717284,-0.13581393019215005,0.22857350898734707,0.9512974986559996,4.699177584574291,16.070843185987705,True,-0.5680949670735006,imu,-1.404192512312857,-9.504115318891643,2.6392548145457058,0.5212308466005198,2.825115051033143,-8.405691028684673,73.09466744351829,-4.135498018922132,0.7537028339433999
232.62851,-0.14592625110765556,2.2328317131502002,4485.161763222653,7.164847948205011,0.9145590427874206,-0.3608365713173426,-177.59113948299697,18593.91795748489,-0.006095654639311638,-0.3602357691519511,2.8631658503934467,0.37823144518947316,0.9145590427874206,-3.652490578606929,2.09213533693218,-0.019988061206396717,66.9394535268322,-0.09173043012734672,-0.1516784813984261,2.2319192783467665,66.94111132940625,-177.52777342110335,19.488632746879638,8.303050245996856,0.0,-0.009720242530855258,48.854567703067026,51.291467990904465,10.35834145694563,-0.07067142939102045,0.0,0.0,1779.9500000000003,-3.3036900000000013,0.0,0.0,0.0,0.0,0.0,0.0,0.0,0.0,0.0,0.0,0.0,1256.0900000000006,-0.09666210000000006,0.0,0.0,0.0,0.0,0.0,0.0,0.0,0.0,0.0,0.009400824230387897,0.37671644617788774,5726.348509552123,-228.8073056948752,0.0,2.0048843680658417e-08,0.0,-7.726935151773631e-09,53.934430085769094,-0.03389699839037806,53.934430085769094,0.0,1.4406989257854392,-0.10008635813487554,0.9812502082186589,4477.517716292563,12.543700947644329,0.0,1.2581226918382478e-18,0.0,-4.2572454624913236e-16,22.98796558407678,-0.08829921056094395,22.98796558407678,0.0,8.844561305986245,999.0,4.023136186588433,1.9958360987659172,9.181354238753567,gaze,0.605054723177382,0.31272880591769336,-46.05824126108669,127.32673831057231,950.4264869811635,27.61859209076037,-0.23837836739126256,-34.04938035052602,-0.08636144000072468,0.2737168724076908,0.9468123912081193,4.5892944138008875,-30.965325797880705,-1.0421278785880954,-34.1505845702584,-0.16926138144150196,0.18921233778705795,0.9598470550690822,4.737238777832798,-0.5110098021818293,-0.5407828401094947,-33.9271116644735,-0.1363674588594446,0.2285347862981812,0.9512110805311763,4.698518402102947,13.247316328372646,True,-0.5664365708431258,imu,-1.773523052,-9.8132948368,2.4560153968,-0.73262971,1.98834805,-8.75264973,73.09619749825353,-4.127042167478772,0.7176182930402236
232.637243,-0.15026429841329475,2.2631797256778112,4484.999544759948,7.157795190441205,0.9325928760742577,-0.3573072677743447,-177.52377056972614,18592.005066539787,-0.006051676068585794,-0.356692009907944,2.788728528816124,0.3806736052257694,0.9325928760742577,-4.19308323090816,2.0791547372077703,-0.02046911334931899,66.93446436146203,-0.09663265051342007,-0.15624683073742585,2.262241539755358,66.93611424554979,-177.4618379108019,18.73001426068852,8.41680080399221,0.0,-0.010701760704430336,49.407617234559396,45.146738447874604,10.363460195073356,-0.07068867060705505,0.0,0.0,1779.9500000000003,-3.3036900000000013,0.0,0.0,0.0,0.0,0.0,0.0,0.0,0.0,0.0,0.0,0.0,1256.0900000000006,-0.09666210000000006,0.0,0.0,0.0,0.0,0.0,0.0,0.0,0.0,0.0,0.009359061932211941,0.3767205648088842,5726.377281007229,-228.93514277652412,0.0,1.998834303555811e-08,0.0,-7.73298244719376e-09,53.934721306729976,-0.03389587786505864,53.934721306729976,0.0,1.4407069086183206,-0.22910887031138294,0.9838818725452769,4477.529610520848,12.489410490969163,0.0,1.2673097230382716e-18,0.0,-4.250517123877118e-16,22.97199822038178,-0.08853322932285465,22.97199822038178,0.0,8.87487769156137,999.0,4.023941051451683,1.995677528925114,9.022527241831286,gaze,0.6060480861249278,0.31276607074010365,-40.611619452017074,108.5193870681622,813.6638768670288,27.606868601706452,-0.19184923640241844,-34.075172758486474,-0.08754758345147375,0.2736449979379044,0.9466907445078933,4.586842362914763,-30.977300383563144,-1.0327658323801219,-34.16348970139389,-0.16999353059892047,0.18904411475706284,0.9596909912502358,4.736789419391423,-0.5037896799330974,-0.5310333535075042,-33.93914447831143,-0.13742342427530607,0.22844658698491485,0.951047113770561,4.69723068360305,10.745076480200757,True,-0.5631299759733518,imu,-1.8596570552,-9.7283571392,2.4518283272,-1.62985891,1.86124058,-8.93209557,73.09706519404835,-4.11059765666594,0.6450587402302348
232.63967,-0.1514606936854864,2.2716446809855,4484.954466679921,7.155810436170862,0.9376484689091995,-0.35631875716188993,-177.504812683558,18591.46216999744,-0.0060388352072782495,-0.3556994348653691,2.7644521507994577,0.38134981580663085,0.9376484689091995,-4.3479116069254236,2.075344357758982,-0.02060436847542957,66.93304590952727,-0.0980163550610767,-0.15750812097262976,2.2706992569069318,66.93469363873997,-177.44329125536296,18.522821816981505,8.448291750527352,0.0,-0.010967659795557154,49.554196615835444,43.56082746418244,10.365426626176376,-0.07069451707691193,0.0,0.0,1779.95,-3.3036900000000005,0.0,0.0,0.0,0.0,0.0,0.0,0.0,0.0,0.0,0.0,0.0,1256.0900000000006,-0.09666210000000004,0.0,0.0,0.0,0.0,0.0,0.0,0.0,0.0,0.0,0.009347487827714412,0.37672170612787503,5726.385281965203,-228.97066983503845,0.0,1.9971884243483596e-08,0.0,-7.73466288293705e-09,53.93480201733064,-0.033895558140410224,53.93480201733064,0.0,1.440709120599751,-0.2654370543883885,0.9845912244484254,4477.5329329946035,12.474319146269863,0.0,1.269548261288671e-18,0.0,-4.2476855031283873e-16,22.96726353345083,-0.08859626881257676,22.96726353345083,0.0,8.883189885586063,999.0,4.024158828075318,1.9956345285303934,8.978409493128025,gaze,0.5237508000957009,0.4069986907697462,-37.30028638506236,103.7655341514198,781.0245280361162,28.60471268243555,0.5891186621202067,-34.52040484945159,-0.0593537639320237,0.1431996067523096,0.9879124472001988,4.74889612197876,-29.67538731204082,-1.503947731461768,-33.73296267839925,-0.0299544510802796,0.1100705530142387,0.9934722966543248,4.705390930175781,-0.5452153377678848,-0.4914973610294398,-34.06194145335671,-0.0431544507189478,0.1319370014911348,0.9901167949380736,4.750679349899292,10.763905361861651,True,1.0,imu,-1.4048113812781398,-9.499477494038421,2.6553501351959397,-0.3035069538155917,2.8444855167962326,-8.604090477489136,73.0967941210301,-4.10601132940812,0.6242651312596054
232.64,-0.123722,3.12841,4484.95,7.20335,1.21529,-0.38459,-177.507,18593.7,-0.00911022,-0.383965,2.35836,0.526766,1.21529,-1.58359,3.56595,-0.02077,66.936,-0.0745676,-0.127246,3.12758,66.9373,-177.507,19.577,10.6083,0.0,0.0,48.672,42.0,11.0,-0.075455,0.0,0.0,1779.95,-3.30369,0.0,0.0,0.0,0.0,0.0,0.0,0.0,0.0,0.0,0.0,0.0,1256.09,-0.0966621,0.0,0.0,0.0,0.0,0.0,0.0,0.0,0.0,0.0,0.00934691,0.376717,5726.38,-228.964,0.0,1.83e-08,0.0,-7.73e-09,53.9348,-0.0339049,53.9348,0.0,1.44069,1.455,1.08274,4477.54,12.4471,0.0,-5.1e-20,0.0,8.57e-18,23.8612,-0.0974411,23.8612,0.0,9.35845,999.0,4.0,2.0,8.949184433371371,gaze,0.6063579803947055,0.31278192210894734,-38.792976718067386,103.48194766492865,777.1602375809874,27.603211185718077,-0.17690693267839092,-34.08258084160268,-0.08791866241838778,0.2736180904387088,0.9466531411983168,4.586068499465901,-30.98102730976077,-1.02985578822941,-34.16753813883494,-0.17022016727055,0.188987282938526,0.9596425859453163,4.736643836768956,-0.5011066570390175,-0.5279894973430171,-33.942928563348644,-0.13775242250448094,0.2284151204361871,0.9509962763552088,4.6968210270476245,10.36533472873507,True,-0.5620599672546717,imu,-1.4048219580499566,-9.499380265754825,2.6556881968589385,-0.3195137514341862,2.8447554624225595,-8.606789668984439,73.09673953046324,-4.105387190164424,0.6214167297391981
232.645635,-0.15438386625184106,2.2925064209322557,4484.843683346609,7.150886306912834,0.9501553543978964,-0.35387496291270776,-177.45778043585173,18590.10739203661,-0.00600611776473055,-0.3532455636052577,2.6983803981759062,0.383007116576797,0.9501553543978964,-4.72977126919879,2.065599593576742,-0.020939709438189867,66.92950076455165,-0.10145695414475975,-0.16059245212187542,2.2915430551466724,66.93114328358683,-177.39729344617257,18.019984126164633,8.525450615585925,0.0,-0.011608311637756753,49.90116835967422,40.85381117019278,10.371262408999824,-0.0707108547807217,0.0,0.0,1779.9500000000007,-3.303690000000002,0.0,0.0,0.0,0.0,0.0,0.0,0.0,0.0,0.0,0.0,0.0,1256.090000000001,-0.09666210000000007,0.0,0.0,0.0,0.0,0.0,0.0,0.0,0.0,0.0,0.009319100512042836,0.37672450515292644,5726.404955774286,-229.0579864758514,0.0,1.993209460309148e-08,0.0,-7.738792676426935e-09,53.934999974528125,-0.033894756807176886,53.934999974528125,0.0,1.4407145450872951,-0.3555704017820601,0.986293405187324,4477.541130270648,12.437222124968615,0.0,1.2744585168619333e-18,0.0,-4.2389207123267464e-16,22.95507212746226,-0.08874746473389544,22.95507212746226,0.0,8.90340741607582,999.0000000000002,4.024682693625963,1.9955309072693037,8.870019673850642,gaze,0.6069857975009234,0.3128204234214986,-35.42381162559206,95.96787293978142,723.3578776917378,27.595801468933804,-0.14601013234556484,-34.09663327177307,-0.08867200968992718,0.2735567954890459,0.9465774842206832,4.58448716514787,-30.988564546337972,-1.023976371109561,-34.17577383875384,-0.17067664563009824,0.18886556790635278,0.9595449457182853,4.736340661100627,-0.49495147244315923,-0.5218194475013154,-33.95064045875392,-0.13841830037008393,0.22834539729263034,0.9508937594460126,4.695979023847997,9.641965579733952,True,-0.5598339896549259,imu,-1.4049870403805298,-9.497722888038016,2.6614549574893385,-0.5824459378499404,2.848624915800133,-8.642259913817583,72.3886852,-5.328473200000006,0.2868839999999984
232.645976,-0.15455022568474147,2.2937014567068057,4484.837350567919,7.150602822673886,0.9508738413888445,-0.3537346444927553,-177.4550728566914,18590.029073403555,-0.00600419737570975,-0.35310466533732443,2.6943333893926167,0.3831016573930472,0.9508738413888445,-4.751495133485748,2.0650261005692427,-0.020959005541984904,66.9292955699536,-0.10165535899120343,-0.16076809618334476,2.292737058696182,66.93093779486537,-177.3946460204827,17.991504611818943,8.529850990331234,0.0,-0.011644379490912774,49.92043028044908,40.75825286256803,10.371639019026167,-0.0707118737256658,0.0,0.0,1779.95,-3.3036900000000005,0.0,0.0,0.0,0.0,0.0,0.0,0.0,0.0,0.0,0.0,0.0,1256.0900000000006,-0.09666210000000003,0.0,0.0,0.0,0.0,0.0,0.0,0.0,0.0,0.0,0.009317480235335684,0.3767246649038933,5726.406080863469,-229.0629780644441,0.0,1.992984853784346e-08,0.0,-7.73902874955004e-09,53.93501127350285,-0.033894710327289454,53.93501127350285,0.0,1.4407148546712452,-0.36075887789462113,0.986388929774618,4477.541600234582,12.435101154615928,0.0,1.2747135883325633e-18,0.0,-4.238341492231817e-16,22.954351238486353,-0.08875594635103627,22.954351238486353,0.0,8.904554020670206,998.9999999999999,4.024712142241627,1.9955250742121051,8.863825160192034,gaze,0.6070235487604733,0.31282301633666143,-35.242369376046895,95.63494678373537,721.0070358958071,27.595355910160855,-0.14412554366621955,-34.097436972223704,-0.08871737767092475,0.27355281472319537,0.94657295768653,4.584391486355286,-30.989017195324863,-1.0236235358997048,-34.176270534242555,-0.17070397829066172,0.18885796294597187,0.9595390929635967,4.73632207085464,-0.4945484831984841,-0.5214482869507557,-33.95110616807228,-0.13845831237105377,0.22834094489749676,0.9508876156536401,4.695927866327806,9.593630521802682,True,-0.559697604699598,imu,-1.863245972,-9.5668558832,2.4093594784,-2.39250373,1.62945637,-9.28351034,73.09500000381847,-4.094062750203792,0.5689622292428055
232.654709,-0.15878267819643765,2.3243957292265263,4484.675181456961,7.143269007269986,0.96940424863983,-0.3501183402838036,-177.38503087165412,18587.99184233882,-0.005953152530200663,-0.3494733710868887,2.581096841927594,0.3855153271569781,0.96940424863983,-5.293369411667113,2.049727410005495,-0.021457843132840517,66.92394738001916,-0.10680028546452652,-0.16524099047205595,2.3234046527994314,66.92558221174082,-177.32618198009544,17.271332481419986,8.642136121518964,0.0,-0.012547358937781595,50.392445501395656,40.23747535355881,10.382861906650856,-0.07074112646042663,0.0,0.0,1779.9500000000003,-3.3036900000000013,0.0,0.0,0.0,0.0,0.0,0.0,0.0,0.0,0.0,0.0,0.0,1256.0900000000006,-0.09666210000000006,0.0,0.0,0.0,0.0,0.0,0.0,0.0,0.0,0.0,0.009276078131340727,0.37672874655419475,5726.434909116742,-229.1908115950411,0.0,1.9873388687275502e-08,0.0,-7.745074060590809e-09,53.93529999324084,-0.033893495067269644,53.93529999324084,0.0,1.4407227641189049,-0.49491989694845256,0.9887688119450642,4477.5536859766635,12.380774275775991,0.0,1.2802872761995506e-18,0.0,-4.220588030245513e-16,22.9349992796299,-0.08896712914600305,22.9349992796299,0.0,8.933576611066265,999.0,4.025447266374103,1.9953791576018731,8.705250385884083,gaze,0.6079809430059873,0.31289965006476667,-31.71957758823632,90.53672310433991,685.5558798514371,27.584056101726368,-0.09531446629404518,-34.116225437784585,-0.08987061386139321,0.2734403042840454,0.9464590554588099,4.581941725320561,-31.00047424942517,-1.0147029185223246,-34.18892468380018,-0.1713926241731303,0.1886538942464065,0.9593913853233083,4.735836405562034,-0.4829337032686639,-0.5120297104790953,-33.96299447099894,-0.1394719506431269,0.22821785226415697,0.9507326135882546,4.69460972735749,8.066804046141053,True,-0.5561394270912108,imu,-1.8710219584,-9.486703408,2.4147428536,-2.57194957,1.71917929,-9.27603343,73.08980266175186,-4.077441159634017,0.4893403296087226
232.656,-0.234579,3.20754,4484.65,7.19028,1.27165,-0.375663,-177.335,18589.9,-0.00896819,-0.374981,3.49163,0.587811,1.27165,-3.14701,3.4807,-0.0226727,66.9223,-0.0953717,-0.239181,3.20646,66.9236,-177.335,18.4965,10.8803,0.0,0.0,49.419,42.0,11.0,-0.075455,0.0,0.0,1779.95,-3.30369,0.0,0.0,0.0,0.0,0.0,0.0,0.0,0.0,0.0,0.0,0.0,1256.09,-0.0966621,0.0,0.0,0.0,0.0,0.0,0.0,0.0,0.0,0.0,0.00926791,0.376724,5726.44,-229.207,0.0,1.92e-08,0.0,-7.75e-09,53.9354,-0.0338906,53.9354,0.0,1.4407,1.455,1.10291,4477.56,12.3387,0.0,-4.86e-20,0.0,8.16e-18,23.9483,-0.0992166,23.9483,0.0,9.4982,999.0,4.0,2.0,8.65005637660203,gaze,0.6081209318033525,0.31291264940965796,-31.38997004725803,90.1181065633855,682.6038805517225,27.582403834717724,-0.08801313121180379,-34.11871280594294,-0.09003967967908204,0.2734219463728357,0.946442548319994,4.581579668211762,-31.002145791906322,-1.01340310403813,-34.190784457335134,-0.1714925712329496,0.18862220759848336,0.959369906711548,4.735763036173018,-0.480992454329002,-0.510651609416968,-33.964745558085575,-0.13961998385301386,0.22819817466083306,0.9507100826884088,4.694413553729196,7.805569534173072,True,-0.5556027468256858,imu,-1.4052145197237957,-9.494688686989278,2.6720324829593505,-1.008831107399768,2.8526879900367432,-8.651248192772778,73.08875668693078,-4.0749768590857665,0.47727162676172796
232.659651,-0.16115361081882307,2.3418415947250026,4484.583421466147,7.139055432559992,0.9800019964963027,-0.3480523841961567,-177.34479265300058,18586.812593518982,-0.0059226609909229285,-0.347398811859636,2.5091313917012186,0.38687474477226114,0.9800019964963027,-5.579166855701237,2.0405430589986766,-0.02174413867898975,66.92084144866074,-0.10976660817728601,-0.1677502759674453,2.3408352123363145,66.9224722169813,-177.28686854736173,16.871063840101293,8.705314279766963,0.0,-0.013040508988440227,50.64129762280402,40.9972931929606,10.390551919814753,-0.07076039450312412,0.0,0.0,1779.9500000000003,-3.3036900000000013,0.0,0.0,0.0,0.0,0.0,0.0,0.0,0.0,0.0,0.0,0.0,1256.0900000000006,-0.09666210000000004,0.0,0.0,0.0,0.0,0.0,0.0,0.0,0.0,0.0,0.009252727893291821,0.3767310482201568,5726.451235590077,-229.26315175649202,0.0,1.9842350483028246e-08,0.0,-7.748494660301946e-09,53.93546282977081,-0.033892785936847934,53.93546282977081,0.0,1.4407272239185247,-0.571906406590337,0.9900582573241273,4477.560568045273,12.350023462211393,0.0,1.282612538429063e-18,0.0,-4.2080200385393606e-16,22.923282908660987,-0.08908143806646518,22.923282908660987,0.0,8.949705600229859,999.0,4.025846490903964,1.995299643618213,8.615570325729513,gaze,0.5240323149629165,0.4074102389575096,-32.61925164639348,89.28551584908232,674.519580496377,28.60325081608099,0.5941002074563624,-34.52051806418415,-0.0600185601790406,0.1441242549201764,0.987737805076701,4.737044811248779,-29.67041436563408,-1.497368248470782,-33.76110049803881,-0.0296341727002061,0.1067195987862594,0.993847444552369,4.70389461517334,-0.5407204837722766,-0.4751126945427155,-34.09205429167455,-0.0441513476394655,0.129468324321865,0.9903756671271868,4.740686130523682,6.646793681989458,True,1.0,imu,-1.4052713003595299,-9.493624426641817,2.6757488671923255,-1.1392794297361573,2.8534180446212556,-8.63579788435742,73.08539957057471,-4.067998005160122,0.44272618552092574
232.663143,-0.16281817954672234,2.3542017453349944,4484.518589257271,7.136050282748537,0.9875391705108266,-0.34658404638671714,-177.31609636763156,18585.968106999455,-0.005900407724465051,-0.3459243422783781,2.4550094817113717,0.3878324470529819,0.9875391705108266,-5.7675032219250015,2.0338210124832194,-0.021948192340289455,66.91861224212663,-0.1118867096598814,-0.16951360965152595,2.353184456189219,66.92024019258916,-177.25883953629,16.591079098190136,8.749788685645184,0.0,-0.013381095288056253,50.809123564632245,41.640565654808725,10.396564878369382,-0.07077520321620775,0.0,0.0,1779.9500000000003,-3.3036900000000013,0.0,0.0,0.0,0.0,0.0,0.0,0.0,0.0,0.0,0.0,0.0,1256.0900000000008,-0.09666210000000006,0.0,0.0,0.0,0.0,0.0,0.0,0.0,0.0,0.0,0.009236263079215613,0.3767326710344956,5726.462777301165,-229.3142667342187,0.0,1.982082027704717e-08,0.0,-7.750911453261084e-09,53.93557765079717,-0.033892275444023554,53.93557765079717,0.0,1.44073036818037,-0.6267519234850062,0.9909440618873553,4477.565449591683,12.328292051113683,0.0,1.2838882878306857e-18,0.0,-4.1980239667265067e-16,22.91466748224267,-0.08915991268551231,22.91466748224267,0.0,8.960972025782237,999.0,4.026120981514551,1.995244848261284,8.552227993246314,gaze,0.6088882552009518,0.31299235060906666,-30.37346676035921,87.8018202839997,665.0494107397707,27.573347136971876,-0.0472459695191917,-34.13115079325338,-0.0909684586978518,0.27331233805479466,0.9463527627536695,4.5795768459849935,-31.01129068811097,-1.0062998844560453,-34.20102314307424,-0.17203690885089543,0.18843982069327597,0.9592527353904673,4.7353496831947,-0.4691044526929423,-0.5030935220093374,-33.97440400048876,-0.14043055793502188,0.22808240607279992,0.9505872109662946,4.693321973744734,6.377531957136517,True,-0.5525836434883905,imu,-1.911098196,-9.489694172,2.4153410064,-2.60185721,1.70422547,-8.984433939999999,73.0816269364734,-4.061309845248075,0.4091129983182409
232.671576,-0.1668008242118448,2.3841628986968475,4484.362040514882,7.128697102649449,1.0059088253244106,-0.3430087687206773,-177.2458878918472,18583.891279761316,-0.005844220915976557,-0.34233407496603036,2.3137212644672824,0.39013537417001837,1.0059088253244106,-6.161497765514111,2.016784468006696,-0.022447020423079694,66.91311091095125,-0.11708971246061245,-0.1737382283934492,2.3831189551490053,66.91473224141515,-177.19028952594186,15.923413264025138,8.856592841399209,0.0,-0.014176394710947329,51.18689966328098,42.54457884089492,10.413045711863234,-0.07081508048436412,0.0,0.0,1779.9499999999998,-3.3036900000000005,0.0,0.0,0.0,0.0,0.0,0.0,0.0,0.0,0.0,0.0,0.0,1256.0900000000006,-0.09666210000000003,0.0,0.0,0.0,0.0,0.0,0.0,0.0,0.0,0.0,0.009196618375934527,0.3767365780163496,5726.490668654733,-229.43770566444522,0.0,1.977020853166684e-08,0.0,-7.756747232635564e-09,53.93585412564465,-0.03389101014484219,53.93585412564465,0.0,1.440737937524716,-0.7606674270020626,0.9929956880258416,4477.57730236108,12.275802171663067,0.0,1.2856946232517754e-18,0.0,-4.170017972935716e-16,22.89270108527338,-0.08934148536099887,22.89270108527338,0.0,8.987729145826817,998.9999999999999,4.026756935540001,1.9951174514691605,8.399346900270151,gaze,0.609778319642724,0.31310339931646386,-30.446851030717262,84.32410593041925,637.4588020018389,27.562841579797713,0.0016258578185584516,-34.14301541720771,-0.09205036832939768,0.27316541079818724,0.9462501480774682,4.577213188821772,-31.02186021361802,-0.9981078874877616,-34.21299780943985,-0.17266061890407622,0.1882090988535524,0.9591180530749288,4.734845362314045,-0.4523338073199195,-0.4943172571318431,-33.98573971595122,-0.1413689388592191,0.22793069976134905,0.9504460655858821,4.6920196994243195,5.079763483493521,True,-0.548910956231493,imu,-1.9266501688,-9.4956757,2.365694324000001,-2.19062716,1.85376367,-8.565726979999999,73.07017765638479,-4.045106374152205,0.3256406588343757
232.672,-0.264516,3.26263,4484.35,7.1764,1.32639,-0.365731,-177.158,18585.3,-0.00881074,-0.364991,2.25793,0.646735,1.32639,-9.48015,3.36454,-0.0246094,66.9059,-0.11624,-0.270375,3.26078,66.9071,-177.158,15.8011,11.1323,0.0,0.0,50.085,42.0,11.0,-0.075455,0.0,0.0,1779.95,-3.30369,0.0,0.0,0.0,0.0,0.0,0.0,0.0,0.0,0.0,0.0,0.0,1256.09,-0.0966621,0.0,0.0,0.0,0.0,0.0,0.0,0.0,0.0,0.0,0.00918931,0.37673,5726.49,-229.449,0.0,2e-08,0.0,-7.76e-09,53.9359,-0.0338785,53.9359,0.0,1.44071,1.455,1.12307,4477.59,12.2306,0.0,-4.62e-20,0.0,7.76e-18,24.0351,-0.100997,24.0351,0.0,9.63778,999.0,4.0,2.0,8.351051021279048,gaze,0.609822615914819,0.3131094673019045,-30.470554181822123,84.15511933846061,636.1380922572943,27.562318741735517,0.004102552845864302,-34.143533395309724,-0.09210434493177637,0.2731575224042955,0.9462450858848916,4.577094371349864,-31.02238512181501,-0.9977015780479314,-34.21359661290253,-0.17269143566323716,0.18819705865007927,0.9591113861088069,4.734819534651074,-0.4514057885044792,-0.493880223111512,-33.986307712727665,-0.14141558590601766,0.22792264250652697,0.9504390813252581,4.691953832158008,5.031750782039968,True,-0.5487232011112502,imu,-1.405374022218016,-9.490042564875516,2.688281043124256,-1.4948290428894948,2.854598667890256,-8.506789181622635,73.06951251292094,-4.044289789358829,0.3213582379813438
232.679743,-0.17060674584102306,2.413329163259918,4484.210454177113,7.121445296654082,1.0239268260425578,-0.33950648984256543,-177.17665860511192,18581.83103013036,-0.005786462146810625,-0.33881703205221586,2.1635984148822844,0.3923521592697765,1.0239268260425578,-6.441225041244496,1.999187113652574,-0.022938342313495008,66.90762434140777,-0.12224179209338887,-0.17778320560647687,2.4122589774747505,66.90923951474706,-177.1227295040618,15.286096694025922,8.959173322990523,0.0,-0.014909423236991345,51.51545068975441,41.338471823029415,10.431614394272572,-0.07085930902047183,0.0,0.0,1779.9500000000007,-3.303690000000002,0.0,0.0,0.0,0.0,0.0,0.0,0.0,0.0,0.0,0.0,0.0,1256.0900000000008,-0.09666210000000007,0.0,0.0,0.0,0.0,0.0,0.0,0.0,0.0,0.0,0.009158381184300447,0.37674034560386704,5726.5177054672295,-229.55724952571543,0.0,1.9723077189243094e-08,0.0,-7.762398059034257e-09,53.936120789895995,-0.03388974046540527,53.936120789895995,0.0,1.4407452360288269,-0.8922333533114459,0.9948627769139833,4477.588868031727,12.224955903844178,0.0,1.285692637415145e-18,0.0,-4.137591572308077e-16,22.869845215968276,-0.08950646434321738,22.869845215968276,0.0,9.013025064116606,999.0000000000002,4.0273349397926586,1.9950010281860662,8.251407561387028,gaze,0.523923410605931,0.4079644895046975,-29.85604198468935,81.69348101475757,620.2977734455094,28.60509767561243,0.5950923599665083,-34.5182142605435,-0.0599906730223982,0.1443631369897418,0.9877046136516732,4.721027851104736,-29.6645082183329,-1.500297903454718,-33.77341625832982,-0.0287443524317197,0.1043029187870283,0.9941301038273552,4.688544273376465,-0.5370547221578885,-0.4642199214074054,-34.11432691085445,-0.044554781897015,0.1275293317730566,0.9905812409943474,4.72918062210083,4.827622287515245,True,1.0,imu,-1.4053686763946298,-9.487811030929473,2.6961080215520785,-1.644783995179001,2.8554620463196883,-8.363448943280643,73.05581086131112,-4.029346525074305,0.2417201217016624
232.68001,-0.1707303090898368,2.4142851648374446,4484.205498847869,7.121206029994388,1.024519686123812,-0.3393913272421128,-177.17437465406755,18581.762884637177,-0.0057845176680904,-0.33870138264091815,2.158483876783729,0.39242440470742745,1.024519686123812,-6.448456022478301,1.9985933537483218,-0.02295454257537447,66.90744233719963,-0.12241212378856714,-0.1779146631509062,2.4132141139556196,66.90905731353246,-177.1205011694941,15.265383780190492,8.962512079896722,0.0,-0.014932762905627915,51.52556955591539,41.25289235496119,10.432264221426758,-0.07086084899558827,0.0,0.0,1779.9500000000007,-3.3036900000000013,0.0,0.0,0.0,0.0,0.0,0.0,0.0,0.0,0.0,0.0,0.0,1256.0900000000008,-0.09666210000000006,0.0,0.0,0.0,0.0,0.0,0.0,0.0,0.0,0.0,0.009157133711628507,0.3767404685083726,5726.518589788404,-229.5611576945698,0.0,1.9721567920295332e-08,0.0,-7.762582784379515e-09,53.936129489794425,-0.03388969821370469,53.936129489794425,0.0,1.4407454741042525,-0.8965642208499469,0.994921801279488,4477.589247589401,12.223293422762017,0.0,1.2856630177725368e-18,0.0,-4.1364420838651793e-16,22.86907146778264,-0.08951167514857823,22.86907146778264,0.0,9.01384166571803,999.0000000000002,4.027353184442887,1.9949973418723,8.246573055909307,gaze,0.6106512128429442,0.3132328154204976,-30.946206970210913,81.98693339122826,620.267388989441,27.55253861717166,0.05120812773014021,-34.15194970607156,-0.0931164293825348,0.2729994840941914,0.9461512070326202,4.57485014935242,-31.032183777352802,-0.9901265097573535,-34.22484952054789,-0.17326382799927328,0.18796169694850623,0.9589873263604111,4.7343230520209865,-0.4322167247553258,-0.4857005161241386,-33.997002386842944,-0.14228717969998808,0.22776270128012308,0.9503091657878334,4.6907024173516225,4.471938742912715,True,-0.5451205140096821,imu,-1.9099018904,-9.507638756,2.3818444496,-1.68219728,2.1752708,-8.25917367,73.05528499041024,-4.028830209464851,0.23892563195751712
232.688,-0.232924,3.37972,4484.06,7.16169,1.37915,-0.354947,-176.978,18580.6,-0.00861118,-0.354149,2.24487,0.696184,1.37915,-2.60109,3.23881,-0.0265683,66.889,-0.136851,-0.239781,3.37868,66.8902,-176.978,15.9964,11.3647,0.0,0.0,50.643,36.0,11.0,-0.075455,0.0,0.0,1779.95,-3.30369,0.0,0.0,0.0,0.0,0.0,0.0,0.0,0.0,0.0,0.0,0.0,1256.09,-0.0966621,0.0,0.0,0.0,0.0,0.0,0.0,0.0,0.0,0.0,0.00911674,0.376739,5726.54,-229.679,0.0,1.94e-08,0.0,-7.77e-09,53.9364,-0.0338973,53.9364,0.0,1.44073,1.455,1.14304,4477.61,12.1274,0.0,-4.42e-20,0.0,7.43e-18,24.1174,-0.102847,24.1174,0.0,9.77475,999.0,4.0,2.0,8.062173402755997,gaze,0.6114620988912809,0.3133723394562272,-30.968691656371533,82.16132910856265,624.4729081907907,27.542967545269022,0.09873353610890102,-34.15784488321661,-0.09411148158650905,0.27282478253717146,0.94606089209984,4.572612301056127,-31.04173447436643,-0.9827618118216,-34.23596080404859,-0.1738162392365791,0.18771198189240257,0.958867162582975,4.733811459423771,-0.4096838820356231,-0.4776869833932222,-34.00760181861312,-0.14313828127243658,0.22758854111306212,0.9501834237723378,4.689440625567141,4.521952248560395,True,-0.5414214232723228,imu,-1.4053043348512397,-9.485443833377586,2.7044273782464585,-1.7384164655899306,2.8577713396255118,-8.157070496973969,73.03785421506696,-4.013348587791832,0.15381706705575945
232.688443,-0.17460444587451063,2.444560247538502,4484.049002128618,7.113577135859986,1.0433694675501606,-0.33573224546196,-177.10155940887614,18579.58554128962,-0.00572125049608568,-0.3350267895007426,1.9906893496729858,0.394698745040078,1.0433694675501606,-6.610232003120603,1.9792314220583465,-0.023470735981765425,66.90160813713722,-0.1278542897124914,-0.1820407296788481,2.4434616378595555,66.90321703294376,-177.0494763915837,14.614080645367757,9.067458261641963,0.0,-0.015649332272850987,51.8248233511098,36.90370648861812,10.454161588475912,-0.0709125799077327,0.0,0.0,1779.9500000000003,-3.3036900000000013,0.0,0.0,0.0,0.0,0.0,0.0,0.0,0.0,0.0,0.0,0.0,1256.0900000000008,-0.09666210000000006,0.0,0.0,0.0,0.0,0.0,0.0,0.0,0.0,0.0,0.009117817542201142,0.3767443416699453,5726.546534077175,-229.6845935836553,0.0,1.967493671071659e-08,0.0,-7.76841672632672e-09,53.936403684388324,-0.03388833930039331,53.936403684388324,0.0,1.4407529762888491,-1.034265974438448,0.9967195489167364,4477.601282938907,12.170779499701748,0.0,1.283749346590088e-18,0.0,-4.097181718579534e-16,22.84376063711344,-0.08967022476385551,22.84376063711344,0.0,9.039290635735368,999.0,4.027907452438963,1.994884960695035,8.09394491192543,gaze,0.6115065986702031,0.31338055671969217,-30.945784293978956,82.2066133838859,624.9925070098731,27.54244230601624,0.10138240780666266,-34.15810150403925,-0.09416622495820874,0.2728145979198872,0.946055982266182,4.572488246955099,-31.042257450771345,-0.9823591000991592,-34.2365735111209,-0.1738463240461741,0.18769770050710943,0.9588606052983188,4.7337826123396525,-0.4083277221950395,-0.47724696479400175,-34.00818746225237,-0.1431849326255885,0.22757845791047046,0.950176564920205,4.689370269021571,4.539299163664426,True,-0.541213250505565,imu,-1.926052016,-9.4185139888,2.3758629216,-1.26349032,2.19022462,-7.66102087,73.03679043613413,-4.01248850395329,0.1490145653031537
232.696877,-0.17842288761718855,2.474994150310205,4483.8925139979765,7.105806892797714,1.0624647802279825,-0.33203031895764895,-177.02741061460046,18577.360941512554,-0.0056543421999889504,-0.3313090844940722,1.8117130353945758,0.3969586828214966,1.0624647802279825,-6.642264848406513,1.9586733333615773,-0.02399582127922711,66.89560721595167,-0.13341912191081584,-0.18611620387430078,2.4738675188418027,66.89721030968047,-176.97718361543477,13.966067584100763,9.17139204023428,0.0,-0.01632557896193493,52.08456409460615,29.593549641315498,10.478678334356966,-0.07097036826788275,0.0,0.0,1779.9500000000003,-3.3036900000000013,0.0,0.0,0.0,0.0,0.0,0.0,0.0,0.0,0.0,0.0,0.0,1256.0900000000006,-0.09666210000000006,0.0,0.0,0.0,0.0,0.0,0.0,0.0,0.0,0.0,0.009078659635939876,0.37674819850155594,5726.574508144448,-229.8080426403885,0.0,1.9630330847492814e-08,0.0,-7.774250443744306e-09,53.93667678089725,-0.03388693241568656,53.93667678089725,0.0,1.440760446014793,-1.1736507059856132,0.998386940151747,4477.613411760418,12.118249201715301,0.0,1.2799085685637224e-18,0.0,-4.0521037590159807e-16,22.816738801481023,-0.08981695296705983,22.816738801481023,0.0,9.064069223279656,999.0,4.0284176960644045,1.9947807020976525,7.941428511824397,gaze,0.6123445562135148,0.31354664236998103,-29.91835215908838,82.27365379211109,627.598631560205,27.532551801786937,0.1520518850924403,-34.161642733881024,-0.09519984570105554,0.27261071322387675,0.9459644696351884,4.570126883376243,-31.05208221630644,-0.9748052047182052,-34.24817065342829,-0.17440818128661661,0.18741707767062876,0.958737878024181,4.733223658593692,-0.3802006271751927,-0.4689561624799499,-34.01929575274606,-0.14406228655852343,0.22737793688335198,0.950048251500722,4.688022774822658,5.058058016283414,True,-0.5371882889418295,imu,-1.920070488,-9.4221029056,2.4117520896,-0.67281443,2.40705501,-7.09277571,73.01453310085104,-3.996080663101428,0.05591626399990653
232.699724,-0.1796989474855119,2.485302322592886,4483.839695775368,7.103151940070479,1.0689659437413699,-0.33077105374166826,-177.00207913625354,18576.599791228495,-0.005630925106277891,-0.3300444326323703,1.7490337530103326,0.39771819555274623,1.0689659437413699,-6.625533654651468,1.951460485591117,-0.024175081318267035,66.89354410058117,-0.13532543468043268,-0.1874801846505536,2.4841661273516333,66.89514529988911,-176.95249332351364,13.747481589379419,9.206233303723026,0.0,-0.016544608683691786,52.16329313684169,26.631528169366,10.487532117136523,-0.07099125630655376,0.0,0.0,1779.9500000000003,-3.303690000000001,0.0,0.0,0.0,0.0,0.0,0.0,0.0,0.0,0.0,0.0,0.0,1256.0900000000006,-0.09666210000000004,0.0,0.0,0.0,0.0,0.0,0.0,0.0,0.0,0.0,0.009065478028902256,0.3767494966462219,5726.583957107705,-229.8497140557659,0.0,1.9615736889687035e-08,0.0,-7.776219479928314e-09,53.93676871384814,-0.033886446592331435,53.93676871384814,0.0,1.4407629600109004,-1.2210492179036483,0.9989198816970457,4477.617526861063,12.100514887171514,0.0,1.27816912830577e-18,0.0,-4.0355527996123277e-16,22.80722742357984,-0.08986377094589781,22.80722742357984,0.0,9.07227922664387,998.9999999999999,4.028579592354447,1.9947474203732238,7.8899744442055555,gaze,0.5233869097279652,0.4078589832895091,-29.22664611741803,81.98461398953394,621.9604891187273,28.61509266586145,0.591042402913259,-34.51237916838287,-0.0579355601515188,0.1441449744856284,0.9878591484622024,4.70862340927124,-29.66322510115825,-1.497514899201552,-33.77825157133147,-0.0287013838131922,0.1047893841136549,0.9940801856713012,4.683269023895264,-0.5330633351524827,-0.4556120617783188,-34.13231902578544,-0.0444824817927959,0.1261285117815764,0.990740924548693,4.71837968826294,5.129658176544134,True,1.0,imu,-1.4051100341652656,-9.482105290583668,2.7161900210828867,-1.749604513231177,2.8660332546537477,-7.772092128852645,73.00614418859658,-3.9905280770207185,0.023778523491548253
232.704,-0.281801,3.40353,4483.76,7.14613,1.42988,-0.343444,-176.794,18575.9,-0.0083866,-0.342586,1.35354,0.736983,1.42988,-10.399,3.1121,-0.0285404,66.8721,-0.157279,-0.289877,3.40171,66.8733,-176.794,12.8708,11.5787,0.0,0.0,51.093,24.0,11.0,-0.075455,0.0,0.0,1779.95,-3.30369,0.0,0.0,0.0,0.0,0.0,0.0,0.0,0.0,0.0,0.0,0.0,1256.09,-0.0966621,0.0,0.0,0.0,0.0,0.0,0.0,0.0,0.0,0.0,0.00904418,0.376747,5726.6,-229.908,0.0,1.88e-08,0.0,-7.78e-09,53.9369,-0.0339162,53.9369,0.0,1.44075,1.455,1.16301,4477.64,12.0242,0.0,-4.22e-20,0.0,7.09e-18,24.1996,-0.104698,24.1996,0.0,9.91172,999.0,4.0,2.0,7.76347129941904,gaze,0.6130385170968912,0.31370117242932455,-28.160448390295162,79.36174794316182,604.6097059064114,27.52436104828175,0.19514469285785901,-34.16273851689697,-0.09605998866309846,0.2724237452152545,0.9458900954431391,4.568133187272543,-31.060183990502125,-0.9685935187957441,-34.25786384024492,-0.1748665279074663,0.1871671739496986,0.9586373633008104,4.732737033760956,-0.3527844951262244,-0.46208277176090523,-34.028615166074644,-0.14478720233626202,0.22719593312879313,0.9499432495213522,4.686872791543621,5.60686772523856,True,-0.533697702330867,imu,-1.4050093698714456,-9.480894378386305,2.7204651194002025,-1.7177825864100822,2.8712082432579202,-7.606451045473086,72.99269482196472,-3.9821757010180865,-0.025159894003275528
232.70531,-0.18218345418832468,2.505578456347361,4483.736072326101,7.097895412924204,1.0818032476900301,-0.32828608675316784,-176.9519315177605,18575.091907738686,-0.005583745915602592,-0.32754880741689246,1.6230614813086173,0.39920342956201177,1.0818032476900301,-6.557998972793924,1.9369030347177865,-0.024529772815865054,66.88944130232159,-0.1391069340857583,-0.1901389082104663,2.5044233417164246,66.89103888013665,-176.90362514860493,13.318060106951402,9.274223330060538,0.0,-0.01696064345929959,52.304621446066356,20.506529995130315,10.505733356423848,-0.07103428389516178,0.0,0.0,1779.9500000000005,-3.3036900000000013,0.0,0.0,0.0,0.0,0.0,0.0,0.0,0.0,0.0,0.0,0.0,1256.0900000000008,-0.09666210000000006,0.0,0.0,0.0,0.0,0.0,0.0,0.0,0.0,0.0,0.00903966837142516,0.3767520381704681,5726.6025053525655,-229.93147562509836,0.0,1.9587788174917566e-08,0.0,-7.780082554938958e-09,53.93694872100194,-0.03388547722084722,53.93694872100194,0.0,1.440767881667729,-1.3145199055348757,0.999921141964693,4477.6256316756335,12.065716248867595,0.0,1.2740965644739902e-18,0.0,-4.001093857737985e-16,22.78798839368264,-0.08995160426846818,22.78798839368264,0.0,9.08815857733061,999.0000000000001,4.028881579282,1.994685019613371,7.789062280989839,gaze,0.6131647683449287,0.3137310127803273,-27.755533902169113,78.45113422612427,597.4073305059123,27.52287093599579,0.20309402022296857,-34.162761540318485,-0.09621689395089494,0.2723878872791141,0.9458767085362381,4.567766583355684,-31.061654411130938,-0.9674679355464713,-34.259636336046064,-0.17494920770102262,0.1871199295776629,0.9586191909676681,4.732646074193921,-0.34735108964412903,-0.46083158112208145,-34.03032282039462,-0.14491891553972464,0.22716120012454916,0.9499242750041169,4.686660097820972,5.7011451940838205,True,-0.5330466486148607,imu,-1.9284446272,-9.5602762024,2.4009853392,-0.06718472,2.63136231,-6.73388403,72.9883678300385,-3.9796138457856944,-0.040312962414254215
232.713744,-0.1858857535000854,2.5363191955754765,4483.579640777385,7.089839076522568,1.101391620298383,-0.3244983196910444,-176.87508981198798,18572.78027836654,-0.005509381612439182,-0.32374472231631474,1.4261929495988321,0.4014332641351774,1.101391620298383,-6.393123883776803,1.913894247342096,-0.025072816772970886,66.883109256553,-0.14492072138620582,-0.19410857680203003,2.535135124593915,66.88470160970554,-176.82876860171643,12.666367334027825,9.375909845371062,0.0,-0.017553971630816876,52.48499546551909,11.97735887315247,10.535246914807686,-0.07110442624496649,0.0,0.0,1779.9500000000003,-3.303690000000001,0.0,0.0,0.0,0.0,0.0,0.0,0.0,0.0,0.0,0.0,0.0,1256.0900000000008,-0.09666210000000006,0.0,0.0,0.0,0.0,0.0,0.0,0.0,0.0,0.0,0.009000833594086112,0.37675586166913433,5726.630532337369,-230.05492184634366,0.0,1.9547326142593332e-08,0.0,-7.785914444781692e-09,53.93721957564025,-0.03388397269274178,53.93721957564025,0.0,1.4407752851681008,-1.4567303243395344,1.0013200592663227,4477.637946082114,12.013169455615458,0.0,1.2662664671420013e-18,0.0,-3.944013605163071e-16,22.757478425817965,-0.09007398797716207,22.757478425817965,0.0,9.111551324395467,999.0,4.029296955954023,1.9945983275509862,7.63681235983776,gaze,0.613967316450996,0.3139336871829262,-24.671651331299753,70.58054786692799,537.880185111499,27.513398835953172,0.2544087404284897,-34.16166382688314,-0.09721746404736713,0.27214608025717424,0.9457926951161707,4.5654067547311605,-31.070975045035546,-0.9603468063290602,-34.27097146291469,-0.17546947787917744,0.18680622416158335,0.9585045324558829,4.732049480264942,-0.3092982649278111,-0.4528727423646114,-34.04126951422478,-0.1457549108225949,0.22692821402809785,0.9498046241680828,4.685281765464747,6.152143554119095,True,-0.5287874270066928,imu,-1.917079724,-9.5118258256,2.3842370608,-0.08961545,2.87810034,-6.19554651,72.95814450913228,-3.963087402428895,-0.1396575195848111
232.719815,-0.18851368919300066,2.5585410250787963,4483.467055695985,7.083949854279434,1.115646309299868,-0.32174492521213993,-176.8189312036793,18571.091483060125,-0.0054534892526904265,-0.3209794121066082,1.2802680003401457,0.4030288152675144,1.115646309299868,-6.255556926102743,1.8965549566541946,-0.02546935856429529,66.8784490977549,-0.14918412245686363,-0.1969322268235249,2.557335816925635,66.88003787438113,-176.77407844020428,12.193021438862088,9.448352041133992,0.0,-0.01795478306663962,52.59025113078471,7.720994545733791,10.557957272389102,-0.07115881392563297,0.0,0.0,1779.95,-3.3036900000000005,0.0,0.0,0.0,0.0,0.0,0.0,0.0,0.0,0.0,0.0,0.0,1256.0900000000006,-0.09666210000000003,0.0,0.0,0.0,0.0,0.0,0.0,0.0,0.0,0.0,0.008972978591213009,0.37675860367152636,5726.650723223245,-230.14378061606837,0.0,1.951950726153116e-08,0.0,-7.790111817928524e-09,53.937413855177084,-0.03388285888151788,53.937413855177084,0.0,1.4407805940283103,-1.5598116380303357,1.0022417865023279,4477.646868170141,11.975340993838309,0.0,1.2593555870108124e-18,0.0,-3.899100354343003e-16,22.73441584195129,-0.09015435303822295,22.73441584195129,0.0,9.127949611938835,998.9999999999998,4.029564605976643,1.9945417462946677,7.527303602697442,gaze,0.522206533088703,0.4108057275002864,-21.97783003979001,63.33348813761033,493.8264337987241,28.62177488165135,0.5826877548551268,-34.50428438342071,-0.0566688865569102,0.1435667272313719,0.9880168177356462,4.689245223999023,-29.63975718615709,-1.543510723328869,-33.77248535429675,-0.0238835784386929,0.0959992189915347,0.9950948319803384,4.680964946746826,-0.5263363461681368,-0.4590598118606225,-34.13940170863789,-0.0434885382305981,0.1241280374071944,0.9909855694812112,4.706690120697021,6.248896537313953,True,1.0,imu,-1.4045003001868144,-9.476447751107338,2.736204598251542,-1.4376025705218496,2.905176906052796,-6.8932809775442205,72.9338018163933,-3.951157382579114,-0.21306578988200683
232.72,-0.257523,3.50833,4483.46,7.1297,1.4785,-0.331372,-176.608,18571.1,-0.00818505,-0.330455,1.11848,0.76786,1.4785,-5.22083,2.9753,-0.0305174,66.8548,-0.177673,-0.266744,3.50716,66.8559,-176.608,13.361,11.7686,0.0,0.0,51.417,6.0,11.0,-0.075455,0.0,0.0,1779.95,-3.30369,0.0,0.0,0.0,0.0,0.0,0.0,0.0,0.0,0.0,0.0,0.0,1256.09,-0.0966621,0.0,0.0,0.0,0.0,0.0,0.0,0.0,0.0,0.0,0.00897161,0.376756,5726.65,-230.138,0.0,1.82e-08,0.0,-7.79e-09,53.9374,-0.0339351,53.9374,0.0,1.44077,1.455,1.18298,4477.66,11.921,0.0,-4.02e-20,0.0,6.76e-18,24.2818,-0.106548,24.2818,0.0,10.0487,999.0,4.0,2.0,7.464958853871891,gaze,0.6145510760998477,0.3140958167019552,-22.042862474737937,63.958765816323655,492.72173404120537,27.506509229858196,0.2925770751683063,-34.15954716497055,-0.09794883972858293,0.27195448239917097,0.9457328147732635,4.563656797108351,-31.07772476288547,-0.9552055375394076,-34.2792931349351,-0.1758419138857015,0.18656288130641538,0.9584221042882465,4.731594575885175,-0.2775925456544543,-0.4470777170649219,-34.04933553889524,-0.14636156009090637,0.22674492592464698,0.9497186861973281,4.684249280688261,6.2607862888987755,True,-0.5255525211946253,imu,-1.4044930809503455,-9.476396037962498,2.736388027407125,-1.4328694018484696,2.905743149014189,-6.884129661601313,72.93302539950263,-3.950793412185567,-0.21532746716290554
232.722177,-0.18952761471694585,2.567207831287297,4483.423257219089,7.081638038222712,1.1212274285623303,-0.32066757259317274,-176.7968892496216,18570.42905315727,-0.005431203098145949,-0.31989738487402986,1.2226850286160424,0.4036474034310057,1.1212274285623303,-6.203696523939546,1.8896311300759567,-0.02562492457671679,66.87661291981097,-0.15086076377461677,-0.19802303990384068,2.5659943325411096,66.87820034724062,-176.7526166779135,12.00756706999977,9.476359575623157,0.0,-0.018104712636346526,52.62564535607597,6.640313536877915,10.5671147875514,-0.07118086373185284,0.0,0.0,1779.95,-3.3036900000000005,0.0,0.0,0.0,0.0,0.0,0.0,0.0,0.0,0.0,0.0,0.0,1256.0900000000006,-0.09666210000000003,0.0,0.0,0.0,0.0,0.0,0.0,0.0,0.0,0.0,0.00896216360588671,0.37675966817263784,5726.658582448541,-230.17835206568833,0.0,1.9508982149480395e-08,0.0,-7.79174473205089e-09,53.937489287026764,-0.033882418504672544,53.937489287026764,0.0,1.4407826549172098,-1.6000601052539967,1.0025808807552352,4477.650352560525,11.960622565738742,0.0,1.2563741983567983e-18,0.0,-3.880748984947553e-16,22.725191776177986,-0.09018385057978051,22.725191776177986,0.0,9.134228722893024,999.0,4.029661430737272,1.9945210915816052,7.4847171454637795,gaze,0.6147519023571778,0.31415458878523644,-21.106541505009492,61.789257824200114,479.067082401345,27.504139108247387,0.30587027229595504,-34.15857015439774,-0.09820117754098302,0.2718853665682501,0.94571246552203,4.563047927540161,-31.08004071984108,-0.9534446930002298,-34.28217157709232,-0.1759688197613734,0.18647607798078264,0.9583939453028315,4.731433783662193,-0.2658894110941181,-0.44508292461191806,-34.05213151009829,-0.14656996824291815,0.22667905502268032,0.9496893446000756,4.683887962321612,6.257959118325499,True,-0.5244117286445913,imu,-1.91408896,-9.435262267200002,2.396798269600001,0.0898303899999999,2.81080815,-5.94880848,72.9237334618851,-3.9465084943777655,-0.2420511922831575
232.73061,-0.1931081783992507,2.5982467287035425,4483.26690387877,7.0732895830035325,1.1413151676952615,-0.3167930532635942,-176.71730626585574,18568.040481451204,-0.005349137408056243,-0.31600599794577183,1.0140631985554558,0.4058458575509213,1.1413151676952615,-6.052486752362214,1.8640895475443555,-0.026186260939989908,66.86995190781425,-0.15692941428427018,-0.20188153442652113,2.5970033222478612,66.87153471432771,-176.67514542514567,11.338024231900953,9.575515512977963,0.0,-0.01861222372467919,52.7266483992802,4.98820629122564,10.60123181052994,-0.07126369010892791,0.0,0.0,1779.9500000000007,-3.3036900000000013,0.0,0.0,0.0,0.0,0.0,0.0,0.0,0.0,0.0,0.0,0.0,1256.090000000001,-0.09666210000000007,0.0,0.0,0.0,0.0,0.0,0.0,0.0,0.0,0.0,0.008923652885643365,0.376763458217031,5726.686659003429,-230.3017809552623,0.0,1.9472779345274297e-08,0.0,-7.797574110019523e-09,53.93775789378692,-0.033880813792185174,53.93775789378692,0.0,1.4407899919517324,-1.744326085285868,1.0037012799678433,4477.662853067726,11.90807064221163,0.0,1.2443725645616107e-18,0.0,-3.811164786432489e-16,22.6911003857262,-0.09028098094152155,22.6911003857262,0.0,9.156180284968489,999.0000000000002,4.029972717860027,1.9944537541927574,7.332760888492377,gaze,0.6155185196404064,0.3143937076074685,-17.624124777684933,54.668129947888225,436.050511464934,27.49509191547034,0.35736984051527276,-34.15371356582776,-0.09916801851013494,0.2716057397482228,0.9456360250634062,4.560689795174799,-31.088851439536377,-0.9467618596093823,-34.293236307350774,-0.17644725257575705,0.1861295007102523,0.9582874304540064,4.7307986873732935,-0.2177444317675193,-0.4374625084949115,-34.0629084200907,-0.1473640881663239,0.22641372097621146,0.9495784381906223,4.6824783906294,6.211617638513861,True,-0.5199191646853107,imu,-1.8799942504,-9.522592576,2.3950038112,0.44872207,3.19960747,-5.57496298,72.88500205749563,-3.9298783944780524,-0.3474586080518118
232.736,-0.270499,3.54119,4483.17,7.1124,1.52488,-0.318899,-176.418,18566.2,-0.00767307,-0.317922,1.49069,0.78937,1.52488,-5.76437,2.83134,-0.032492,66.8373,-0.198023,-0.280742,3.54057,66.8384,-176.418,10.9915,11.9358,0.0,0.0,51.588,6.0,11.0,-0.075455,0.0,0.0,1779.95,-3.30369,0.0,0.0,0.0,0.0,0.0,0.0,0.0,0.0,0.0,0.0,0.0,1256.09,-0.0966621,0.0,0.0,0.0,0.0,0.0,0.0,0.0,0.0,0.0,0.00890064,0.376762,5726.7,-230.367,0.0,1.87e-08,0.0,-7.8e-09,53.9379,-0.0339303,53.9379,0.0,1.44078,1.455,1.20385,4477.69,11.8172,0.0,-3.85e-20,0.0,6.47e-18,24.364,-0.108411,24.364,0.0,10.1907,999.0,4.0,2.0,7.176643920385129,gaze,0.6159990496744832,0.3145560677168474,-15.71558176730455,51.1061749546398,410.54790093242696,27.489421256858694,0.3902526330411364,-34.149797965110075,-0.09977708183468992,0.2714171186435031,0.9455891594375658,4.559182934241151,-31.094348821561884,-0.9426058450124779,-34.30023669854664,-0.17674207461240127,0.18589939934224084,0.9582214905686923,4.730382497875153,-0.1852998241854588,-0.43268120632626783,-34.06975120876438,-0.1478606429736022,0.22623567080812804,0.9495098497068095,4.68156913527548,6.408288363023232,True,-0.5169865546817582,imu,-1.4037594616777584,-9.471950602580144,2.7521899924024744,-0.9097900215468078,2.974094616009322,-6.043243177195181,72.85792726619064,-3.919223837645938,-0.4163855907050788
232.739044,-0.1966265468491632,2.6294383004636783,4483.110563003614,7.064790913146518,1.1616594644411515,-0.3128739464412988,-176.63631657393114,18565.616858685546,-0.005263109180353463,-0.31206974117047986,0.8018576085261762,0.40802862827956327,1.1616594644411515,-5.9921424630816436,1.8372445715002392,-0.026756995626803545,66.86312577538102,-0.1631290997123558,-0.20568326202367954,2.6281644975614595,66.86470427185209,-176.59633015847083,10.65417531823756,9.67331878127143,0.0,-0.01907583609629624,52.78811211820457,4.681340742701828,10.637482351221946,-0.07135300293077702,0.0,0.0,1779.9500000000003,-3.303690000000001,0.0,0.0,0.0,0.0,0.0,0.0,0.0,0.0,0.0,0.0,0.0,1256.0900000000006,-0.09666210000000006,0.0,0.0,0.0,0.0,0.0,0.0,0.0,0.0,0.0,0.008885295987628244,0.3767672323305249,5726.714765331861,-230.42522318684593,0.0,1.9438742166529937e-08,0.0,-7.80340327154862e-09,53.93802543402394,-0.033879157661252005,53.93802543402394,0.0,1.440797297292821,-1.8893333774863508,1.0046788426657236,4477.6754496066615,11.855508755611087,0.0,1.2302129145281245e-18,0.0,-3.735121530493836e-16,22.655175146817115,-0.09036515997234154,22.655175146817115,0.0,9.177395067881921,999.0,4.030228464693872,1.9943967708674124,7.180927923061301,gaze,0.6162671585317598,0.3146510381535647,-14.814436559473867,49.31013659325055,394.28891217748674,27.486257459353475,0.40879762723102947,-34.14733711128065,-0.10011796860907501,0.2713071883405683,0.9455633801225887,4.558332054127039,-31.09740715827475,-0.9402986088734109,-34.304165263712754,-0.1769047905779327,0.18576649792071448,0.9581849899493919,4.730143892332525,-0.16675925907561343,-0.4300118986847221,-34.073599853093725,-0.14813726690269222,0.2261322054067189,0.9494719080130511,4.681052752105163,6.737349254226029,True,-0.5153093054921023,imu,-1.9057148208,-9.514218436800002,2.3680869352,0.65807555,3.39400713,-4.96933327,72.8418236537751,-3.9131983381277373,-0.45584143855321857
232.739796,-0.19693716946084744,2.632226622459679,4483.096624728138,7.064025840161548,1.1634858384903242,-0.31252235280588875,-176.6290269510026,18565.399162089318,-0.0052552444968462595,-0.31171660467781653,0.7828164891642048,0.4082224675553997,1.1634858384903242,-5.992330804478768,1.8347871126338524,-0.026808340589631167,66.86250917084905,-0.16368826703562256,-0.20601941398230056,2.6309500855858494,66.86408729836995,-176.58923742247242,10.59239601207188,9.681970535954568,0.0,-0.019115013973016032,52.79167651347636,4.621683069013169,10.64081359399606,-0.07136128377127063,0.0,0.0,1779.9500000000003,-3.303690000000001,0.0,0.0,0.0,0.0,0.0,0.0,0.0,0.0,0.0,0.0,0.0,1256.0900000000008,-0.09666210000000006,0.0,0.0,0.0,0.0,0.0,0.0,0.0,0.0,0.0,0.008881883635478174,0.37676756804881856,5726.717272657917,-230.43622959403655,0.0,1.9435813648147748e-08,0.0,-7.80392297254821e-09,53.93804923557228,-0.03387900748454832,53.93804923557228,0.0,1.4407979470823518,-1.9022903173663332,1.004758976658464,4477.6765773590905,11.850822047878097,0.0,1.228844079752548e-18,0.0,-3.728023612426811e-16,22.65188225191566,-0.09037202838035022,22.65188225191566,0.0,9.17925027917964,999.0000000000001,4.030248487453461,1.9943922090740225,7.167396994890413,gaze,0.5210815129416269,0.410076216589415,-16.42599717978503,50.36022496519072,390.0729152671042,28.63399502371417,0.574666910010559,-34.50590515839681,-0.0527780915585796,0.1458812283262007,0.9878932838487532,4.678553581237793,-29.62871161555182,-1.569954945174765,-33.76734384204858,-0.0216007910319445,0.0917404038582914,0.9955486447817165,4.673064231872559,-0.5187405423913749,-0.467105708442887,-34.141389855897344,-0.0419956049884202,0.1225631846489887,0.9911912879588056,4.696423196792603,6.768496057501014,True,1.0,imu,-1.4035539537271642,-9.470903879619499,2.7559206006195267,-0.7562378176771285,2.99683242657886,-5.833803516431889,72.83775414039728,-3.9117088740648374,-0.4656471915995021
232.747477,-0.20008056530488683,2.660773831393392,4482.954272455261,7.0561422498650135,1.182257706136864,-0.3089108311880667,-176.55392471120237,18563.161402588048,-0.005173073328933084,-0.3080891946063223,0.5876707648409416,0.4101949410379018,1.182257706136864,-6.049280323776658,1.8090807112274832,-0.027337095517540367,66.85613653246965,-0.16946004678551382,-0.20942606665221458,2.659469145322227,66.85771103740989,-176.5161741985889,9.952835758547268,9.769674527462133,0.0,-0.019494713045835443,52.810171036429466,3.1813496007865325,10.675725989099309,-0.07144886837853663,0.0,0.0,1779.9500000000005,-3.3036900000000013,0.0,0.0,0.0,0.0,0.0,0.0,0.0,0.0,0.0,0.0,0.0,1256.0900000000008,-0.09666210000000006,0.0,0.0,0.0,0.0,0.0,0.0,0.0,0.0,0.0,0.008847101100207259,0.3767709896998137,5726.742894764542,-230.54864952379862,0.0,1.9406907302149983e-08,0.0,-7.809230836121895e-09,53.93829185074377,-0.03387744980430564,53.93829185074377,0.0,1.4408045693650393,-2.034822962424137,1.005510793974058,4477.688139695569,11.802950683261574,0.0,1.2138512998566708e-18,0.0,-3.6525058856243684e-16,22.617399644334295,-0.09043613747191034,22.617399644334295,0.0,9.197854514797932,999.0000000000002,4.030426188883968,1.9943506251286467,7.029256600178962,gaze,0.6169975491705691,0.3149264781994782,-13.195465559632924,44.64199494990135,339.98847391967496,27.47763901027892,0.46002465089738404,-34.139695128951956,-0.10105067812740184,0.27098981214653395,0.9454945619771233,4.55597524224892,-31.105704872536723,-0.9340574647091764,-34.31495422194252,-0.17734129141864147,0.18538720892818827,0.9580866611945046,4.729469340640083,-0.11661853048473919,-0.4227340841479372,-34.084201657013,-0.1488892328087219,0.2258346062173523,0.9493697938891072,4.67961126340827,9.2634477499569,True,-0.5105833826565488,imu,-1.8656385832,-9.5602762024,2.3662924768,0.4711528,3.55849915,-4.81979507,72.79409575705476,-3.896475483609417,-0.5671181708207074
232.752,-0.275134,3.58244,4482.87,7.0942,1.56887,-0.306146,-176.226,18561.3,-0.00736219,-0.305111,0.398988,0.801895,1.56887,-8.92326,2.67633,-0.0344452,66.8197,-0.218315,-0.286656,3.58138,66.8209,-176.226,9.79276,12.0792,0.0,0.0,51.606,0.0,11.0,-0.075455,0.0,0.0,1779.95,-3.30369,0.0,0.0,0.0,0.0,0.0,0.0,0.0,0.0,0.0,0.0,0.0,1256.09,-0.0966621,0.0,0.0,0.0,0.0,0.0,0.0,0.0,0.0,0.0,0.0088299,0.376768,5726.75,-230.596,0.0,1.94e-08,0.0,-7.81e-09,53.9384,-0.0339221,53.9384,0.0,1.44079,1.455,1.22485,4477.71,11.7132,0.0,-3.68e-20,0.0,6.19e-18,24.4461,-0.110277,24.4461,0.0,10.3334,999.0,4.0,2.0,6.878603654812385,gaze,0.6173817788033332,0.3150816669166027,-12.947561309730489,42.170914898070315,309.5012106394888,27.473105495574487,0.48737893453133957,-34.13516497170781,-0.10154383445527457,0.27081183017391514,0.9454592293809847,4.55471143831809,-31.110049119618814,-0.9308015698243126,-34.320683131502804,-0.17756675173598227,0.18517707136714903,0.9580356163013354,4.729099304569275,-0.09203303189126878,-0.4189018955559061,-34.08985092973395,-0.14928381569977553,0.22566836223732878,0.9493168443860582,4.6788314879131585,12.116794169876218,True,-0.5080006675456147,imu,-1.402812544055986,-9.467559815369615,2.767865033401051,-0.2051871220064819,3.0908530440058155,-5.154391342276577,72.76658420849002,-3.8874889236441197,-0.6279776215596604
232.755911,-0.2034697230642638,2.6922594102968405,4482.797995960424,7.047339734749428,1.2031170020667565,-0.30490241492442594,-176.47009640076018,18560.676226412645,-0.005078942446357367,-0.30406305844844084,0.3729903478710858,0.41234505171449376,1.2031170020667565,-6.219125377489528,1.7795692393774631,-0.027926801106525508,66.84898293018324,-0.17592546698180803,-0.21310957249971757,2.6909233417818412,66.85055376783005,-176.43464305602086,9.230685420671842,9.864532656738968,0.0,-0.019868221453714162,52.793023501062976,-0.4070089689676367,10.715827959927148,-0.07155139733987169,0.0,0.0,1779.9500000000005,-3.3036900000000013,0.0,0.0,0.0,0.0,0.0,0.0,0.0,0.0,0.0,0.0,0.0,1256.0900000000008,-0.09666210000000006,0.0,0.0,0.0,0.0,0.0,0.0,0.0,0.0,0.0,0.008809058257221307,0.3767747312976646,5726.771053968397,-230.67208927451733,0.0,1.937729609730143e-08,0.0,-7.815058187629308e-09,53.93855721358324,-0.03387568911025216,53.93855721358324,0.0,1.440811810050011,-2.18059184529272,1.0061947664186301,4477.7009268509655,11.75038528361349,0.0,1.1952360657566362e-18,0.0,-3.5631655921860425e-16,22.57773978719468,-0.09049369806886412,22.57773978719468,0.0,9.217549838372594,999.0000000000001,4.030563473025624,1.99431578453539,6.877713313063256,gaze,0.6177097775287744,0.3152200477880158,-13.112045329214169,40.031141597845746,286.53475300094726,27.469235639142045,0.5109455795116435,-34.131045662960844,-0.10196624929946657,0.27065356880871344,0.9454295676431097,4.553618782057067,-31.113745645363814,-0.928037874083262,-34.32560415283834,-0.17775682962616493,0.18499160063407355,0.9579924331587212,4.728774666168096,-0.07324639930356694,-0.4156285057730966,-34.094714765903234,-0.14962008169523666,0.22552088723797328,0.9492720852834714,4.678153468091087,15.673653485527767,True,-0.5057404282952479,imu,-1.8985369872,-9.588389384,2.3315996144,0.47862971,3.61831443,-4.647826139999999,72.7417033296897,-3.879709054793694,-0.6812548515064373
232.759888,-0.20504483001733081,2.7071566211923503,4482.724316290407,7.04313541794392,1.213043441772943,-0.3029966148974743,-176.43006844282166,18559.49492837641,-0.005033119451454005,-0.30214880241505,0.27203066998677783,0.41335313828292547,1.213043441772943,-6.330935908718955,1.7651805192044332,-0.028208211692751443,66.84555307481085,-0.1790210850250457,-0.2148254144848453,2.705805581016843,66.84712229775415,-176.39571925554043,8.882127544609187,9.908717653160076,0.0,-0.02002837752757307,52.771398903332965,-2.7141219653603197,10.735336865160237,-0.07160207771227166,0.0,0.0,1779.9500000000003,-3.3036900000000013,0.0,0.0,0.0,0.0,0.0,0.0,0.0,0.0,0.0,0.0,0.0,1256.0900000000008,-0.09666210000000006,0.0,0.0,0.0,0.0,0.0,0.0,0.0,0.0,0.0,0.008791173459036157,0.3767764900212902,5726.78434143608,-230.73029610394696,0.0,1.9364114297508263e-08,0.0,-7.817805725643066e-09,53.9386819689916,-0.033874840400163954,53.9386819689916,0.0,1.4408152132050227,-2.24934802749211,1.006465172570135,4477.706989856415,11.725598398746936,0.0,1.1856631341773382e-18,0.0,-3.5186696469144237e-16,22.558378938385186,-0.09051611538102425,22.558378938385186,0.0,9.226567149527131,999.0000000000001,4.030606514586121,1.9943034189877211,6.8063053679968615,gaze,0.5201444444251424,0.4066379857736382,-10.78644320396252,35.84057155052729,269.0344493325263,28.65512060711195,0.5570126400215676,-34.50135795700918,-0.0466587987987783,0.1494871661062048,0.9876621606927094,4.669976234436035,-29.62343761199047,-1.584662467587359,-33.77259592634596,-0.02064129080988,0.088120499563687,0.9958959356631336,4.665426254272461,-0.508855887923918,-0.4795438870980241,-34.14062338801057,-0.0397603406613614,0.1212395658453344,0.991388572631483,4.68586950302124,20.86938878776456,True,1.0,imu,-1.402268457648084,-9.465415789654218,2.7755443226329852,0.18246723092825484,3.171186322828146,-4.723023468728461,72.71535422667148,-3.8717894276285127,-0.7360446388867867
232.764344,-0.2067918775289124,2.7238862040067398,4482.641771376132,7.038383635314904,1.224234641657373,-0.3008492932411357,-176.38483672103285,18558.164661010018,-0.00498067225123513,-0.2999919293783661,0.1593810279181792,0.4144781917278684,1.224234641657373,-6.473765419419181,1.748694921234181,-0.028526076133034293,66.84166709100828,-0.1825255497497948,-0.21673163403526396,2.722518255953656,66.8432345931961,-176.35174047960066,8.484994067331906,9.957796454387086,0.0,-0.02019553480320331,52.736908121785504,-5.5727215419794245,10.75762272868607,-0.07166065442040091,0.0,0.0,1779.9500000000003,-3.3036900000000013,0.0,0.0,0.0,0.0,0.0,0.0,0.0,0.0,0.0,0.0,0.0,1256.0900000000008,-0.09666210000000006,0.0,0.0,0.0,0.0,0.0,0.0,0.0,0.0,0.0,0.00877117557218622,0.37677845631843354,5726.799236261475,-230.79551320351825,0.0,1.9349944738707988e-08,0.0,-7.820883946023223e-09,53.93882146606955,-0.03387387528500765,53.93882146606955,0.0,1.4408190177876592,-2.326354836818977,1.006728012034482,4477.713808548872,11.697826354976153,0.0,1.1743233971697181e-18,0.0,-3.466987904228477e-16,22.536179657463105,-0.09053759400927183,22.536179657463105,0.0,9.236462618969812,999.0000000000001,4.030637778167343,1.9942927442529617,6.726336379512285,gaze,0.6184035925305367,0.31553162799879114,-14.638373599070565,35.503660684848526,258.41067155077246,27.461050393135633,0.5614303909153778,-34.12165564278991,-0.1028643515082738,0.27029857483551684,0.9453684251568605,4.551263216517815,-31.121526734615166,-0.9222421277252958,-34.33611098783731,-0.1781512824924019,0.18457982726849154,0.9579023396540781,4.7280598345463,-0.045343034365096194,-0.4086979602936927,-34.10513514317242,-0.15032956346989684,0.22519116049282958,0.9491788181731996,4.676679604082015,26.779536455502004,True,-0.5007817581508691,imu,-1.9176778768,-9.561472508,2.3244217808,0.42629134,3.98468302,-4.35622665,72.68456462165294,-3.8629062034438233,-0.798159488078978
232.768,-0.244917,3.65347,4482.57,7.0751,1.61031,-0.293264,-176.031,18556.4,-0.00721333,-0.292172,-0.297912,0.807461,1.61031,-4.787,2.51705,-0.0363532,66.8021,-0.238535,-0.257711,3.65278,66.8032,-176.031,8.21899,12.1956,0.0,0.0,51.543,-6.0,11.0,-0.075455,0.0,0.0,1779.95,-3.30369,0.0,0.0,0.0,0.0,0.0,0.0,0.0,0.0,0.0,0.0,0.0,1256.09,-0.0966621,0.0,0.0,0.0,0.0,0.0,0.0,0.0,0.0,0.0,0.00875915,0.376775,5726.81,-230.825,0.0,2.01e-08,0.0,-7.82e-09,53.9389,-0.0339139,53.9389,0.0,1.4408,1.455,1.24585,4477.74,11.6093,0.0,-3.51e-20,0.0,5.9e-18,24.5282,-0.112142,24.5282,0.0,10.4761,999.0,4.0,2.0,6.580861631275649,gaze,0.6186986706792031,0.315672302781597,-15.74649760004063,33.63316139070847,256.1522927635024,27.457569523382823,0.5831538858767655,-34.11742180354212,-0.10324828842375997,0.27013884396428167,0.9453431152547487,4.55024218435704,-31.124819518845605,-0.9197990054923462,-34.340621617234284,-0.17831575008814826,0.184396287656447,0.957864564919442,4.7277435924690945,-0.04093166761714703,-0.40574772057408015,-34.10962393267395,-0.15063051809742004,0.22504323703494183,0.9491397631492519,4.676035560202482,32.6532000003367,True,-0.4985959124995023,imu,-1.401656396994195,-9.463225372360913,2.7834072978631714,0.5894181284687038,3.2724571888137604,-4.298274792294265,72.65829469614332,-3.855610443007842,-0.8496886376372076
232.772778,-0.21004646819750655,2.7556603218965057,4482.485562455432,7.029269994400206,1.2456178816565915,-0.2967501475439729,-176.29811058302573,18555.62889323418,-0.004878172262257185,-0.2958744813989623,-0.05172885441057434,0.41659460735396653,1.2456178816565915,-6.77320897834058,1.7164280088560662,-0.029135167000990385,66.83418772365178,-0.1892635962260002,-0.2202918292426851,2.7542599843542703,66.83575222820866,-176.26743111181702,7.71299315435279,10.049412511372983,0.0,-0.020475987041449834,52.642085107212566,-11.040175979233005,10.800951714897437,-0.07177675524924007,0.0,0.0,1779.9500000000003,-3.3036900000000013,0.0,0.0,0.0,0.0,0.0,0.0,0.0,0.0,0.0,0.0,0.0,1256.0900000000008,-0.09666210000000007,0.0,0.0,0.0,0.0,0.0,0.0,0.0,0.0,0.0,0.008733443152532121,0.37678216572717443,5726.827448323125,-230.91895061919786,0.0,1.9324876184335667e-08,0.0,-7.826709494804931e-09,53.93908467733179,-0.03387200718099309,53.93908467733179,0.0,1.4408261944443943,-2.471882351150907,1.007108049634839,4477.726788354239,11.645262775821369,0.0,1.1510596329323237e-18,0.0,-3.363814767129008e-16,22.492683876637656,-0.09056759961878574,22.492683876637656,0.0,9.254583478494094,999.0000000000002,4.03064657235489,1.9942819943337327,6.575092298165866,gaze,0.619079081544393,0.3158612394261422,-17.53625354144868,31.326408732035322,259.55323125479794,27.453082325860493,0.6113728002019816,-34.11179089876023,-0.10374508963679427,0.26992478664317104,0.9453111319364783,4.548907973813532,-31.129049218929495,-0.9166696513129446,-34.34647571977995,-0.17852472417310916,0.18415185513352528,0.9578163699680344,4.727324484079605,-0.04484059607737195,-0.40194186140684746,-34.11546375262328,-0.15101777528786406,0.22484538861389047,0.9490899823801618,4.675189220791798,40.565084261346925,True,-0.4957063778606159,imu,-1.9033222096,-9.606932120800002,2.30288828,0.25432241,4.08188285,-4.48333412,72.62258191905454,-3.8460661071830273,-0.917790207208467
232.779869,-0.2127292244370567,2.782484913505838,4482.354254735268,7.021485130006784,1.2638013892997606,-0.2932682270079401,-176.2240564401095,18553.480476617235,-0.004788680093124345,-0.2923769441028673,-0.22621651091566577,0.41836068341638843,1.2638013892997606,-7.0291527509412415,1.688207744467252,-0.02965488649783247,66.82777380351902,-0.19503614163512,-0.2232359579196349,2.7810569484458387,66.82933605452926,-176.19545422272728,7.041990086058502,10.12509999579987,0.0,-0.020674937725083213,52.5326379730447,-14.832568908031908,10.8384322172239,-0.07187972103655527,0.0,0.0,1779.9499999999998,-3.3036900000000005,0.0,0.0,0.0,0.0,0.0,0.0,0.0,0.0,0.0,0.0,0.0,1256.0900000000006,-0.09666210000000003,0.0,0.0,0.0,0.0,0.0,0.0,0.0,0.0,0.0,0.008701838204894046,0.37678527209922485,5726.851188444441,-231.02273144005244,0.0,1.930559033030195e-08,0.0,-7.83160670857247e-09,53.93930515048744,-0.033870394179229595,53.93930515048744,0.0,1.440832203717046,-2.5938376884620338,1.0073070334551688,4477.737776416748,11.601071448995807,0.0,1.1296467694776545e-18,0.0,-3.271565794719795e-16,22.454601241044173,-0.09058189953934091,22.454601241044173,0.0,9.269194019866157,998.9999999999998,4.030601363838793,1.994282838600212,6.448050256195704,gaze,0.5416764403241048,0.4259111543016439,-23.151189801553063,29.761860954008164,269.2984554374212,28.683597452682346,-0.3829030484009517,-33.381210322847096,0.0550900094557797,0.1711334552347336,0.97811338518196,4.553231442955179,-29.62024605658661,-1.5873544794814138,-33.78769579708712,-0.0201209139666627,0.0855156149006873,0.9961300508745689,4.664733647431507,-0.4965796940422976,-0.5860490855374397,-34.02835094811665,-0.0273899285670379,0.1220378672811994,0.990629444489233,4.666708799611788,50.0856496049607,False,-1.0,imu,-1.400666002229413,-9.460047405010329,2.7948475788464258,1.1614364406804911,3.4597897536675126,-3.7337149686532243,72.56667146464838,-3.8318825947049855,-1.020415933419742
232.781211,-0.21323136581347696,2.787572813649551,4482.329407050043,7.01999912738024,1.2672639115859434,-0.2926055902527653,-176.20992362056188,18553.072341193318,-0.0047713990577401095,-0.2917113281179121,-0.2588559872918759,0.4186935362589515,1.2672639115859434,-7.0761010432382445,1.6827535418370472,-0.02975403421864904,66.82654706308735,-0.19613975712302104,-0.22378802422450725,2.7861395790183128,66.82810891539214,-176.18171914301405,6.912643050730401,10.139282280828082,0.0,-0.020708762464940467,52.50888681981888,-15.407194163535971,10.845623510394567,-0.07189976278553378,0.0,0.0,1779.9500000000003,-3.303690000000001,0.0,0.0,0.0,0.0,0.0,0.0,0.0,0.0,0.0,0.0,0.0,1256.0900000000006,-0.09666210000000006,0.0,0.0,0.0,0.0,0.0,0.0,0.0,0.0,0.0,0.008695869037631525,0.3767858587258421,5726.855683458751,-231.042372287198,0.0,1.9302126095085034e-08,0.0,-7.832533454394214e-09,53.9393467914134,-0.03387008451820438,53.9393467914134,0.0,1.4408333384753818,-2.616861942146899,1.0073321603118612,4477.73986370039,11.592708364317527,0.0,1.125401129787631e-18,0.0,-3.2535341265254413e-16,22.447237045281987,-0.09058346978428641,22.447237045281987,0.0,9.271894145982134,999.0,4.0305872612634985,1.994284041359157,6.424019351582915,gaze,0.6197360121949215,0.3162087466690069,-21.592463332343684,27.77363196039959,270.7248238173825,27.445334262216235,0.6606426245503331,-34.10172299521688,-0.10460815209622402,0.2695323372621917,0.9452577127827559,4.546553601942418,-31.13631061600378,-0.9113225037270243,-34.356694436103176,-0.17887705145764884,0.18370785315906218,0.9577345543307737,4.726568603937754,-0.08741531730342293,-0.39536281431872755,-34.12569667372848,-0.15168448849093777,0.22448369758290493,0.9490056100486909,4.673682577302037,52.77428469946338,False,-0.49051568683807806,imu,-1.8596570552,-9.583006008800002,2.2915233768,-0.06718472,4.31366706,-4.737549059999999,72.5556962925201,-3.8291959077035673,-1.0400443221505262
232.784,-0.252585,3.69521,4482.28,7.05508,1.64912,-0.280387,-175.835,18551.6,-0.00692127,-0.279239,-0.964269,0.800901,1.64912,-4.82418,2.34186,-0.0381849,66.7844,-0.258357,-0.266669,3.69418,66.7856,-175.835,7.21166,12.2895,0.0,0.0,51.435,-18.0,11.0,-0.075455,0.0,0.0,1779.95,-3.30369,0.0,0.0,0.0,0.0,0.0,0.0,0.0,0.0,0.0,0.0,0.0,1256.09,-0.0966621,0.0,0.0,0.0,0.0,0.0,0.0,0.0,0.0,0.0,0.0086866,0.376782,5726.86,-231.064,0.0,1.99e-08,0.0,-7.83e-09,53.9394,-0.0339097,53.9394,0.0,1.44082,0.492734,1.25038,4477.77,11.5026,0.0,-3.35e-20,0.0,5.63e-18,24.4408,-0.112533,24.4408,0.0,10.5528,999.0,4.0,2.0,6.29343443966779,gaze,0.6199491977072583,0.3163276118678922,-23.24058060289503,26.778081736810886,273.1339577247301,27.44282014040181,0.6767704516284444,-34.09839429144404,-0.10488970487060523,0.26939843681380704,0.9452408985250816,4.545775082147709,-31.13865477539377,-0.9096036237005142,-34.36004191519138,-0.17898893665989168,0.18355748448581083,0.9577084092686593,4.726314048642797,-0.1142467382617685,-0.3932259078294108,-34.12905991972886,-0.1519002639414956,0.22436057360226364,0.9489786876366809,4.673180661397766,55.76709985804125,False,-0.4887735282413246,imu,-1.400295124802783,-9.458948922726824,2.798811061260874,1.3433316736064647,3.5372500344740976,-3.558327699343461,72.53248409750303,-3.823609991836677,-1.081043740165222
232.789645,-0.21634595870548667,2.8196298074352697,4482.173268940166,7.010566976434967,1.2891801379156962,-0.2884142763829976,-176.12023991873954,18550.497244709815,-0.004660259010594938,-0.2875011169670397,-0.46067206506169267,0.420775214864499,1.2891801379156962,-7.350921371129919,1.6476407275890155,-0.030382930206786608,66.81874377641032,-0.20315742505862106,-0.22721974946015988,2.818163154948591,66.82030332811033,-176.09456833135164,6.0819579271542406,10.227348926952804,0.0,-0.020893161306644238,52.33762547556719,-17.790354581770718,10.8914546517114,-0.07202979749834833,0.0,0.0,1779.9500000000003,-3.3036900000000013,0.0,0.0,0.0,0.0,0.0,0.0,0.0,0.0,0.0,0.0,0.0,1256.0900000000008,-0.09666210000000006,0.0,0.0,0.0,0.0,0.0,0.0,0.0,0.0,0.0,0.008658443407488375,0.3767895362718694,5726.8839483601205,-231.16580751595123,0.0,1.9281719073675296e-08,0.0,-7.838357207905858e-09,53.93960787694292,-0.03386810611181816,53.93960787694292,0.0,1.440840451731998,-2.761035857198121,1.0073977463869137,4477.7530382011955,11.540152020371915,0.0,1.0972921667091165e-18,0.0,-3.135981983497251e-16,22.399802470561625,-0.09058496827682626,22.399802470561625,0.0,9.288384637866343,999.0000000000002,4.030457194816364,1.9942993985809179,6.273084146333877,gaze,0.6203744730116183,0.31657417099162866,-27.24187677501221,25.08390294218943,274.4825266276849,27.437805241349828,0.7091332822480744,-34.09171809566761,-0.10545364614265323,0.26912118177074773,0.9452081655447991,4.544199534642639,-31.143312017012583,-0.9062000922733715,-34.366768149130344,-0.17920833794418248,0.1832477869514782,0.9576568823804538,4.725791836497701,-0.1929497421519471,-0.38896020829901196,-34.13583489770645,-0.1523298013214437,0.2241060487447498,0.9489256913932946,4.672159228567892,59.71489102617356,False,-0.48520866409189695,imu,-1.8758071808,-9.3975786408,2.3034864328,-0.10456927,4.6426511,-4.70016451,72.48382926030551,-3.8122947388423962,-1.1648716972567752
232.798078,-0.21938813215475866,2.851822236677342,4482.017185971497,7.0009739063817085,1.311363648244369,-0.28417683548814204,-176.02906568122359,18547.907083212558,-0.004544709614908618,-0.28324447878749615,-0.6558185804607046,0.42283888733611286,1.311363648244369,-7.58664975834542,1.611074898685592,-0.031021812151423585,66.81078021100708,-0.2103167105269103,-0.23058488382356224,2.8503216480952203,66.81233782124839,-176.00598332226673,5.219824388050822,10.313512102711107,0.0,-0.021028379311519435,52.12871678495509,-18.332600760297172,10.938227122696748,-0.07216692062790556,0.0,0.0,1779.95,-3.303690000000001,0.0,0.0,0.0,0.0,0.0,0.0,0.0,0.0,0.0,0.0,0.0,1256.0900000000006,-0.09666210000000003,0.0,0.0,0.0,0.0,0.0,0.0,0.0,0.0,0.0,0.008621174228039515,0.3767931975747469,5726.91223631999,-231.28922707219223,0.0,1.9263690231016854e-08,0.0,-7.844179376225726e-09,53.93986787847499,-0.033866071696517244,53.93986787847499,0.0,1.4408475326845323,-2.904063332178496,1.0073021201973356,4477.766309246804,11.487607580867465,0.0,1.066689311584548e-18,0.0,-3.0110470837586136e-16,22.35036529322808,-0.09057185282220315,22.35036529322808,0.0,9.304036843542658,999.0,4.03025372462028,1.9943285837542466,6.122324927677248,gaze,0.6209942502255825,0.31695736073545583,-34.92647530374243,23.450313037554462,270.7247307150883,27.43049786687678,0.756715310133337,-34.08204443877182,-0.10628127914003066,0.2686914695291779,0.9451625117949285,4.541846324856799,-31.150051197819863,-0.9013042454418284,-34.376693102541026,-0.1795184997668103,0.18277183991943002,0.9575833807785697,4.724994194466466,-0.3853067673053938,-0.38273645783545135,-34.145874620587996,-0.15295350642774871,0.2237125818690511,0.9488502547391858,4.67061945469559,60.159631076574044,False,-0.47978679219937564,imu,-1.845301388,-9.5130221312,2.3070753496,0.2468455,4.89686604,-4.21416536,72.40694677120838,-3.795369728695416,-1.2921587458298567
232.79996,-0.2200570833202612,2.8590255021383726,4481.982357880985,6.998810707273678,1.3163514273243542,-0.28322476180648537,-176.00851183831915,18547.327228490638,-0.00451831175772451,-0.28228807925603033,-0.6983361921304762,0.42329698855015774,1.3163514273243542,-7.63525281769487,1.6027132537540802,-0.031165775864217104,66.80898102575122,-0.2119340766111157,-0.23132671807193433,2.857517268189164,66.81053825240241,-175.98601494932166,5.023026810072071,10.332474707927814,0.0,-0.02105176943308075,52.076993887903384,-18.297648193016514,10.948772554310178,-0.07219850142561986,0.0,0.0,1779.9499999999998,-3.30369,0.0,0.0,0.0,0.0,0.0,0.0,0.0,0.0,0.0,0.0,0.0,1256.0900000000006,-0.09666210000000003,0.0,0.0,0.0,0.0,0.0,0.0,0.0,0.0,0.0,0.008612877487392163,0.3767940125218139,5726.918552972719,-231.31677058499872,0.0,1.925999404637438e-08,0.0,-7.845478592719708e-09,53.93992576018016,-0.033865609923407994,53.93992576018016,0.0,1.4408491086690551,-2.9357965554702994,1.0072585060006143,4477.769284399442,11.475882106297497,0.0,1.0595137190823682e-18,0.0,-2.982141573426762e-16,22.33905561563791,-0.09056690671952541,22.33905561563791,0.0,9.307414372102512,998.9999999999999,4.030198021195574,1.9943370379703915,6.0887016865172185,gaze,0.5633269748121782,0.4452904260546237,-35.58400717266922,23.64968565774145,269.5639149566366,28.71223106983639,-1.327993188839515,-32.25489601835994,0.1573989682988299,0.192898912162886,0.9685120414661034,4.435843944549561,-29.61703693093629,-1.590061311520024,-33.80287879608921,-0.0195976723292531,0.0828963897485756,0.996365454944082,4.664037227630615,-0.4822470366226078,-0.7872072859445644,-33.80506535559014,-0.0049461045736091,0.1247239616124173,0.9889232607169012,4.637507673513156,60.74304975060756,False,-1.0,imu,-1.3987370184851964,-9.454742535550158,2.81403276172011,1.8857023210255937,3.910613954615697,-3.014410890078466,72.3890989714563,-3.791589346418415,-1.320894328233897
232.8,-0.260401,3.73983,4481.98,7.03414,1.68502,-0.267684,-175.638,18546.6,-0.00576659,-0.266484,-1.59173,0.785779,1.68502,-6.64928,2.15737,-0.0399306,66.7667,-0.277564,-0.275774,3.73845,66.7679,-175.638,6.16521,12.36,0.0,0.0,51.237,-18.0,11.0,-0.075455,0.0,0.0,1779.95,-3.30369,0.0,0.0,0.0,0.0,0.0,0.0,0.0,0.0,0.0,0.0,0.0,1256.09,-0.0966621,0.0,0.0,0.0,0.0,0.0,0.0,0.0,0.0,0.0,0.00861321,0.376791,5726.92,-231.307,0.0,1.93e-08,0.0,-7.85e-09,53.9399,-0.0339074,53.9399,0.0,1.44084,-0.909165,1.24739,4477.79,11.3945,0.0,-3.19e-20,0.0,5.37e-18,24.2759,-0.11225,24.2759,0.0,10.5993,999.0,4.0,2.0,5.996448153665186,gaze,0.6211328965070908,0.31704717984513847,-36.79988343396233,23.240871414247973,269.70106005966574,27.428863381145483,0.7674213747793317,-34.079913125963685,-0.10646741416074437,0.26859093442415133,0.9451526515819078,4.541310075652829,-31.151550525436882,-0.9002200875578804,-34.37893435385562,-0.17958623957747902,0.18266114316633159,0.9575672117453148,4.724809449628706,-0.44402529680466263,-0.38134298521822346,-34.14814905877332,-0.15309263978830037,0.22362069113320515,0.9488336883629467,4.670266187066306,59.418421001800056,False,-0.4785349374783455,imu,-1.3987328656877598,-9.454732069026164,2.814070726643874,1.8866406409440868,3.9117289522021115,-3.0133504234007304,72.38871689486157,-3.7915089861916105,-1.3215063560210762
232.806512,-0.22235722193150775,2.884156246522065,4481.8611219522145,6.991215756809603,1.3338220010470763,-0.27989189581330304,-175.93636415325722,18545.30412892084,-0.00442465402483087,-0.2789400340567163,-0.8431080542949368,0.4248847799979454,1.3338220010470763,-7.8039577758720196,1.5730241934768943,-0.03167093859875543,66.80265499317903,-0.21762109947447184,-0.23388290897242586,2.882621190122641,66.80421102765847,-175.91592697308516,4.3252712005569816,10.397711430508629,0.0,-0.021113682206742507,51.88251518379987,-18.0800826484197,10.985731485905045,-0.07231125758322193,0.0,0.0,1779.95,-3.3036900000000005,0.0,0.0,0.0,0.0,0.0,0.0,0.0,0.0,0.0,0.0,0.0,1256.0900000000006,-0.09666210000000004,0.0,0.0,0.0,0.0,0.0,0.0,0.0,0.0,0.0,0.008584051750845971,0.3767968435843781,5726.940554042541,-231.41266026442912,0.0,1.9248065847060825e-08,0.0,-7.850001342084418e-09,53.9401268641448,-0.03386398004946377,53.9401268641448,0.0,1.4408545831695059,-3.045656845473372,1.00704256475238,4477.779680500495,11.435063968579271,0.0,1.0335347291477754e-18,0.0,-2.8785593323098746e-16,22.298887478827314,-0.0905438763815472,22.298887478827314,0.0,9.318840159037316,998.9999999999999,4.029974078820877,1.994372134052381,5.971708412653722,gaze,0.6215954333010442,0.31735833794557244,-42.0524467430396,23.004743000940945,267.57069775635375,27.423411166218717,0.8032824857789603,-34.07296106867713,-0.10709116045221694,0.268243154173051,0.9451207498409224,4.539493411773878,-31.156529259203616,-0.8966343549650283,-34.3864703256657,-0.17980760978998364,0.1822799768837774,0.9575140395450656,4.724175323945394,-0.6910887117899642,-0.3766909304318767,-34.1558168587433,-0.1535557028928354,0.22330325693035688,0.94877929072733,4.6690628158833505,55.046975171834994,False,-0.4742490234182591,imu,-1.8500866104,-9.6230822464,2.281952932,0.71789083,5.10621952,-3.85527368,72.32499150445489,-3.77841996974769,-1.4218467185284653
232.814945,-0.22525112906843153,2.9166226550696157,4481.705114721275,6.981292943585786,1.3565521799581197,-0.27556010435465306,-175.84214212291837,18542.69189659817,-0.004300050707356487,-0.2745884311611541,-1.0213501136467664,0.4269121437681974,1.3565521799581197,-8.065908868675717,1.5334742565482697,-0.03233026332004961,66.7943705826173,-0.2250706606696535,-0.23711171770678993,2.915052601837396,66.79592541447252,-175.82440439812726,3.398345968192298,10.479844797634328,0.0,-0.021148277831746255,51.599509263976074,-18.388910912896,11.033722407042772,-0.07246286781164404,0.0,0.0,1779.9500000000003,-3.303690000000001,0.0,0.0,0.0,0.0,0.0,0.0,0.0,0.0,0.0,0.0,0.0,1256.0900000000008,-0.09666210000000006,0.0,0.0,0.0,0.0,0.0,0.0,0.0,0.0,0.0,0.008547083869117213,0.37680047351772705,5726.968894807894,-231.53607786045595,0.0,1.923488045803357e-08,0.0,-7.855821726832514e-09,53.94038477901323,-0.0338618309206455,53.94038477901323,0.0,1.4408616016722156,-3.185446281025234,1.006616425863725,4477.793149308758,11.382535037940924,0.0,9.977852386639233e-19,0.0,-2.738408385905429e-16,22.245354730361377,-0.09050079972139911,22.245354730361377,0.0,9.3327766460066,999.0000000000001,4.029615556343851,1.9944305781454932,5.821272807126048,gaze,0.6221778269724053,0.31777693493649056,-41.356490750067856,23.787548598510924,268.2300318731698,27.4165475228274,0.8487069456481372,-34.064724940995724,-0.10788301631042278,0.26777640119316176,0.9450828980350005,4.537141353188464,-31.1627442333963,-0.8921920205170074,-34.39609621858673,-0.1800756033309474,0.18177239550443425,0.9574488817874328,4.723335261163052,-1.1377456963196375,-0.37082585076794355,-34.165657925187205,-0.15413620453350393,0.22287822731063664,0.9487128238790431,4.667489613120933,46.535223591652,False,-0.46859692295557226,imu,-1.857264444,-9.600352440000002,2.2861400016,0.68050628,5.352957549999999,-3.66087402,72.23795632315627,-3.7614525730000454,-1.5538109321336864
232.816,-0.282265,3.70808,4481.69,7.01227,1.71802,-0.255238,-175.44,18541.7,-0.00565446,-0.253988,-1.68529,0.76971,1.71802,-11.0716,1.98137,-0.041591,66.7488,-0.296199,-0.298555,3.70646,66.75,-175.44,2.40106,12.4055,0.0,0.0,50.949,-18.0,11.0,-0.075455,0.0,0.0,1779.95,-3.30369,0.0,0.0,0.0,0.0,0.0,0.0,0.0,0.0,0.0,0.0,0.0,1256.09,-0.0966621,0.0,0.0,0.0,0.0,0.0,0.0,0.0,0.0,0.0,0.00853983,0.3768,5726.97,-231.551,0.0,1.87e-08,0.0,-7.86e-09,53.9404,-0.033905,53.9404,0.0,1.44086,-2.31106,1.2444,4477.82,11.2864,0.0,-3.04e-20,0.0,5.1e-18,24.111,-0.111967,24.111,0.0,10.6457,999.0,4.0,2.0,5.7098972944261694,gaze,0.622249366914789,0.3178305425344754,-40.358869529141,23.967266418588782,268.4707697611852,27.415704526178892,0.8543038968931286,-34.06376650503718,-0.10798081483102798,0.2677167104765608,0.9450784378475583,4.536847142409335,-31.16350327083055,-0.8916522648572174,-34.3972898237516,-0.18010764707844093,0.1817077890795645,0.9574410244347197,4.723228660338772,-1.2048956591954334,-0.37010479290384496,-34.166881977868094,-0.15420730380984857,0.22282394882830603,0.9487048248651618,4.667291617748228,45.35529923710426,False,-0.4678817449519776,imu,-1.39697379024513,-9.450576367446981,2.8291808242055145,2.029700962577686,4.465275867895287,-2.730142163555231,72.22670889978144,-3.759328658784582,-1.5704765400646565
232.819941,-0.2269297114530128,2.9359205065920375,4481.612709056377,6.975335334297267,1.3701487381122122,-0.27297131176951744,-175.78559315284258,18541.140981536893,-0.004224050882460891,-0.27198775466719727,-1.1222583709212832,0.4281044908192711,1.3701487381122122,-8.287109530289055,1.5093246266712772,-0.03272576078484225,66.78938729375754,-0.22955365963181018,-0.23899156850016803,2.9343294663352157,66.79094159195117,-175.76947998450532,2.834057223376311,10.52749969692065,0.0,-0.021144543972529378,51.41465734793011,-19.2891403574251,11.062285587248148,-0.0725561641346348,0.0,0.0,1779.9500000000003,-3.3036900000000013,0.0,0.0,0.0,0.0,0.0,0.0,0.0,0.0,0.0,0.0,0.0,1256.0900000000006,-0.09666210000000006,0.0,0.0,0.0,0.0,0.0,0.0,0.0,0.0,0.0,0.00852525329343318,0.37680261666972986,5726.985697305108,-231.60919426259554,0.0,1.9228231196485355e-08,0.0,-7.859269504087562e-09,53.94053708872609,-0.033860530166528506,53.94053708872609,0.0,1.4408657450483062,-3.2672765069448393,1.0062842631696207,4477.801175668825,11.351419646694932,0.0,9.753592119190264e-19,0.0,-2.6516978918248734e-16,22.21265706076141,-0.09046805466544791,22.21265706076141,0.0,9.340619142149729,999.0000000000002,4.029364790911389,1.9944724529093611,5.732227495947735,gaze,0.5625188001254245,0.4484829741642121,-35.13333741859601,22.62224551838354,269.6445552989524,28.71947803067889,-1.027260842198189,-32.55752401727583,0.1325696724203589,0.1902639441098933,0.9727409282671858,4.391763210296631,-29.60946274630098,-1.59941505768094,-33.81361163726582,-0.0181423874143637,0.0795526285551309,0.9966655572803128,4.659286499023438,-0.469447277734243,-0.9537925790851032,-33.61450194727256,0.0145518704265506,0.1277490242566291,0.9875527443000524,4.605591627370577,39.792522428559856,False,-1.0,imu,-1.3965107806333106,-9.449562327058974,2.8328790559522767,1.9824637753820784,4.645366298142918,-2.706537873131851,72.18398692593851,-3.751392489605233,-1.6330318481569706
232.823379,-0.22806913537104787,2.9492276225766005,4481.549128115674,6.971201201751914,1.3795618977627504,-0.27118006220241475,-175.74636198152433,18540.072670327678,-0.004170799523815699,-0.27018826323605416,-1.1895390335871951,0.42892119462854994,1.3795618977627504,-8.488712493796974,1.4923921324099036,-0.033000051096782244,66.78592556568125,-0.23266897526013341,-0.24027074152843553,2.9476220296933975,66.78747957489028,-175.73137753717305,2.439324345063815,10.559848167142889,0.0,-0.021131396605511648,51.28008595074367,-20.29347237391903,11.081963358582428,-0.07262188176364599,0.0,0.0,1779.95,-3.3036900000000005,0.0,0.0,0.0,0.0,0.0,0.0,0.0,0.0,0.0,0.0,0.0,1256.0900000000006,-0.09666210000000004,0.0,0.0,0.0,0.0,0.0,0.0,0.0,0.0,0.0,0.008510260904954641,0.37680408831725914,5726.9972653326295,-231.65950916889406,0.0,1.9224162054126093e-08,0.0,-7.861641912818659e-09,53.9406416907293,-0.03385962304842903,53.9406416907293,0.0,1.4408685900145057,-3.323112718164248,1.0060208643670105,4477.8067193847755,11.330009736048158,0.0,9.593808353578937e-19,0.0,-2.590417899201766e-16,22.18972764409566,-0.09044236473391098,22.18972764409566,0.0,9.345835064920742,999.0,4.029175259819187,1.9945044778671979,5.6709849411820805,gaze,0.6227415214216353,0.31821317463777604,-27.64096338187503,25.642443888645737,270.0516753487972,27.40990595501748,0.892883483409324,-34.05758052112676,-0.10865695793088209,0.26729116268495834,0.9450489551699712,4.5347895936403235,-31.168697227973357,-0.88797662093964,-34.405571825247875,-0.18032255235310882,0.18124905973338468,0.9573878979369796,4.7224736556104565,-1.7521784797618525,-0.365140567142796,-34.175398859244694,-0.15469511103734498,0.22243745153672767,0.9486508452939616,4.665899411560714,37.03948041953338,False,-0.46282941622256435,imu,-1.8429087768,-9.556089132800002,2.3190384056,0.7104139199999999,5.704372319999999,-3.4216129,72.1458070186552,-3.7444665919934876,-1.6879836629319311
232.831812,-0.23080915885503217,2.9819618528033325,4481.393199966892,6.960940999857139,1.4028480320667374,-0.2667524341089887,-175.64903111626148,18537.449974194067,-0.004036859972330185,-0.26574019652951947,-1.3466957490834286,0.4309111905049218,1.4028480320667374,-9.235308558067356,1.4497637970554607,-0.03368025219164425,66.77732251422444,-0.2404160687563753,-0.24335788833514882,2.9803201803420274,66.77887608814227,-175.6368519874245,1.4496246798602648,10.63761769768669,0.0,-0.0210622591187698,50.924796198424445,-24.040904336407092,11.130181003470335,-0.07278835701823128,0.0,0.0,1779.9499999999998,-3.3036900000000005,0.0,0.0,0.0,0.0,0.0,0.0,0.0,0.0,0.0,0.0,0.0,1256.0900000000006,-0.09666210000000003,0.0,0.0,0.0,0.0,0.0,0.0,0.0,0.0,0.0,0.00847359067954907,0.37680768720734903,5727.02565888423,-231.78292495856417,0.0,1.921594457165588e-08,0.0,-7.867460521856798e-09,53.940897544855034,-0.03385735619873602,53.940897544855034,0.0,1.440875546696562,-3.458255683381791,1.0052532618188015,4477.820388030893,11.27750193370126,0.0,9.182786310012426e-19,0.0,-2.4344785534517963e-16,22.1319925077211,-0.09036833543193774,22.1319925077211,0.0,9.357997661813759,999.0,4.028650436962469,1.994594372527081,5.520882979157633,gaze,0.62328633977406,0.3186668735747682,-8.025342709079924,28.067361211036783,270.54612303167175,27.403488627306526,0.9356867140322553,-34.05176553477012,-0.10941273031669842,0.2667876200633767,0.945018936387626,4.532438695678724,-31.174386529611812,-0.8839895287815339,-34.41489370221287,-0.18054841118655704,0.18071018124791619,0.957331107563376,4.721590567009144,-2.558597778702791,-0.3596371154379873,-34.1850360912737,-0.15523225724108156,0.22198109642161878,0.9485933757063207,4.664292532922549,28.386294500280407,False,-0.4569481504954587,imu,-1.8740127224,-9.648204664,2.3800499912,0.76275229,5.92867962,-3.32441307,72.04856538125439,-3.727469117162015,-1.8242289440489368
232.832,-0.256483,3.75889,4481.39,6.98946,1.74826,-0.24311,-175.241,18536.8,-0.00526967,-0.241813,-3.32568,0.743704,1.74826,-12.0927,1.80308,-0.0431507,66.7313,-0.313838,-0.274113,3.75643,66.7326,-175.241,1.85265,12.4324,0.0,0.0,50.598,-24.0,11.0,-0.075455,0.0,0.0,1779.95,-3.30369,0.0,0.0,0.0,0.0,0.0,0.0,0.0,0.0,0.0,0.0,0.0,1256.09,-0.0966621,0.0,0.0,0.0,0.0,0.0,0.0,0.0,0.0,0.0,0.00846977,0.376807,5727.03,-231.788,0.0,1.88e-08,0.0,-7.87e-09,53.9409,-0.0339097,53.9409,0.0,1.44087,-3.44558,1.22464,4477.85,11.1848,0.0,-2.9e-20,0.0,4.87e-18,23.8246,-0.110203,23.8246,0.0,10.6003,999.0,4.0,2.0,5.413965364832266,gaze,0.6232982709850253,0.31867718694644415,-7.650252231129895,28.12135406590876,270.54098989323825,27.403348113772946,0.9366244782345285,-34.051652781652805,-0.1094293725276889,0.26677618570898426,0.9450183118854756,4.532386292929477,-31.174510364772598,-0.8839032413334671,-34.41509977045902,-0.18055320648757,0.18069799071256223,0.9573298892494689,4.721570632962047,-2.578929017182121,-0.35951649413572684,-34.185249759716235,-0.15524398462826486,0.22197074510873524,0.9485921458511458,4.664256517616306,28.212835985435675,False,-0.45681573546239784,imu,-1.395022099955254,-9.446483328049759,2.844136010848981,1.5961193741796251,5.364562298205062,-2.75613360923198,72.0463394684235,-3.727090055667537,-1.8272892774749074
232.840033,-0.2334042008730266,3.0139997920820347,4481.241231021542,6.950773580084952,1.4258196987475198,-0.26238945072946285,-175.552628813704,18534.89233723744,-0.003901691571219149,-0.26135698178115924,-1.4885183427110518,0.4328327927417723,1.4258196987475198,-10.41856008266466,1.406691246534666,-0.03435355805415358,66.76878321851262,-0.2481142365538432,-0.24629731128331236,3.0123224179786043,66.77033674774657,-175.5432337483109,0.45692902823402476,10.711208790170499,0.0,-0.02094380529045218,50.54434983452171,-29.03047378392273,11.17690606543252,-0.07295793893896063,0.0,0.0,1779.95,-3.303690000000001,0.0,0.0,0.0,0.0,0.0,0.0,0.0,0.0,0.0,0.0,0.0,1256.0900000000006,-0.09666210000000004,0.0,0.0,0.0,0.0,0.0,0.0,0.0,0.0,0.0,0.008437984265438472,0.3768111808005236,5727.053364038526,-231.90323734409117,0.0,1.9210369943988888e-08,0.0,-7.873132003207899e-09,53.9411459845102,-0.03385508858668933,53.9411459845102,0.0,1.4408822989655592,-3.587221594710664,1.004336635209628,4477.833809981749,11.226326352775384,0.0,8.755584745702964e-19,0.0,-2.2746522510361836e-16,22.07364747293454,-0.09028090983416737,22.07364747293454,0.0,9.368979616475075,999.0,4.028054627307831,1.9946979516868302,5.374718698425639,gaze,0.4999116023856615,0.4171254980117906,0.7467772371938537,32.43762693300563,269.8139875667234,28.75709600980692,0.0211316137245676,-33.87701244353423,0.0248823147237327,0.1391758450806742,0.9899550265340692,4.435025215148926,-29.60345292011152,-1.601733035348651,-33.82123230116106,-0.0172277781718035,0.0782207523788536,0.9967871977290588,4.662878513336182,-0.4546113095809382,-1.012323917731091,-33.55700152169754,0.022755212340796,0.1257265207841326,0.9878827738633184,4.580220218908053,22.59150802186291,True,2.0,imu,-1.3939709306142716,-9.444452456393002,2.8515843922994826,1.1176486565258554,6.039542622167486,-2.893527976769968,71.94886941000905,-3.710888854624302,-1.9589550015789736
232.840246,-0.23347042593712708,3.0148315192028345,4481.237294141593,6.950507966414007,1.4264184522941408,-0.26227579362068393,-175.55011105032577,18534.82608362746,-0.0038981285462660834,-0.2612427964422329,-1.492037393467518,0.4328823367899348,1.4264184522941408,-10.455944801196136,1.4055551760108562,-0.034371137732569244,66.76855997555043,-0.2483156194044252,-0.24637253812166438,3.013153213107145,66.77011350866958,-175.54078875419506,0.4308626002780062,10.713085572848884,0.0,-0.020940059669050305,50.53404973879607,-29.17067669119809,11.178110582024939,-0.07296242917036197,0.0,0.0,1779.9499999999998,-3.3036900000000005,0.0,0.0,0.0,0.0,0.0,0.0,0.0,0.0,0.0,0.0,0.0,1256.0900000000004,-0.09666210000000004,0.0,0.0,0.0,0.0,0.0,0.0,0.0,0.0,0.0,0.008437063584524713,0.3768112711231164,5727.054082191686,-231.90635453823913,0.0,1.9210257744594404e-08,0.0,-7.873278935915913e-09,53.94115240856063,-0.033855029070345516,53.94115240856063,0.0,1.4408824735257342,-3.5905231978492473,1.0043106539780982,4477.83415901069,11.225000603789042,0.0,8.744163951406362e-19,0.0,-2.2704075961980484e-16,22.07210852018419,-0.09027844237583926,22.07210852018419,0.0,9.369252546233227,999.0,4.028038061065785,1.9947008493747655,5.370933866799043,gaze,0.6238123727214856,0.31913805565802916,0.7493952184712358,30.06426152740878,270.067483792938,27.39729455141216,0.9770131055406134,-34.047502395036695,-0.11015044629088702,0.26626572379309615,0.9449928409908682,4.5300881090990055,-31.179813250002947,-0.8802301125620013,-34.42406290572611,-0.18075325073495385,0.18015572305407088,0.9572785015373879,4.720685647917843,-3.577418119923597,-0.3543148272102265,-34.194570681423606,-0.15574774321115684,0.22150911897278208,0.9485404067050598,4.662668547036286,21.893572251682993,True,-0.4509520242697399,imu,-1.9780913096,-9.7546758624,2.4081631728,0.57582954,6.38477113,-3.15992105,71.94622228976549,-3.710459165483008,-1.9624697071548345
232.841252,-0.23378251277482404,3.018760890012903,4481.218700598526,6.949251975058573,1.4292488159444128,-0.2617385692127753,-175.5382059045287,18534.513185566506,-0.0038812585488119237,-0.26070307442520735,-1.508549655165261,0.43311616665862457,1.4292488159444128,-10.63715962879393,1.4001757156999255,-0.03445425902783531,66.76750423731106,-0.249268074361847,-0.2467271946228899,3.0170781773242266,66.76905779224604,-175.5292277282955,0.3075225978714686,10.721928926988134,0.0,-0.020921904668378524,50.485101576644325,-29.837435952812864,11.18379441114399,-0.07298370273417605,0.0,0.0,1779.9500000000003,-3.303690000000001,0.0,0.0,0.0,0.0,0.0,0.0,0.0,0.0,0.0,0.0,0.0,1256.0900000000006,-0.09666210000000006,0.0,0.0,0.0,0.0,0.0,0.0,0.0,0.0,0.0,0.008432716467472148,0.3768116975851077,5727.057474259873,-231.92107705390117,0.0,1.920974993417613e-08,0.0,-7.87397289217493e-09,53.94118274063937,-0.033854747450223974,53.94118274063937,0.0,1.4408832977112045,-3.6060882080620362,1.00418641173909,4477.835808348861,11.218739207336151,0.0,8.689981273171739e-19,0.0,-2.2502888255586815e-16,22.064821331375754,-0.09026664962537556,22.064821331375754,0.0,9.370533625112856,999.0000000000002,4.0279590382361885,1.9947146831294598,5.353059583104658,gaze,0.6238738574420463,0.3191954172925789,0.4694745318965045,30.203897081942873,270.0139754571194,27.396570705166297,0.9818382425477948,-34.04710757840591,-0.11023722606763565,0.26620225464243097,0.9449899907856335,4.52980777306145,-31.180442961263857,-0.8797969359969965,-34.425146281380634,-0.18077627981559963,0.18008855638178053,0.9572725066991804,4.72057625335618,-3.7138650049804514,-0.35369215512626545,-34.19570097392474,-0.15580777859306474,0.22145178581548242,0.9485343897277507,4.6624737080508565,21.342269732766916,True,-0.4502292047972792,imu,-1.3938073006800764,-9.444145697578413,2.852711108841217,1.0287201438649374,6.1598613304632766,-2.9216937715677807,71.97364040000001,-4.974464400000023,0.3967487999999908
232.848,-0.275116,3.73097,4481.09,6.96571,1.77542,-0.231467,-175.042,18531.8,-0.00482451,-0.230126,-1.43772,0.715283,1.77542,-9.25466,1.61403,-0.0446183,66.7133,-0.330972,-0.293379,3.72987,66.7146,-175.042,-0.465062,12.4307,0.0,0.0,50.067,-36.0,11.0,-0.075455,0.0,0.0,1779.95,-3.30369,0.0,0.0,0.0,0.0,0.0,0.0,0.0,0.0,0.0,0.0,0.0,1256.09,-0.0966621,0.0,0.0,0.0,0.0,0.0,0.0,0.0,0.0,0.0,0.00840121,0.376813,5727.08,-232.022,0.0,1.94e-08,0.0,-7.88e-09,53.9414,-0.0339176,53.9414,0.0,1.44088,-4.4601,1.19736,4477.88,11.0859,0.0,-2.77e-20,0.0,4.65e-18,23.4838,-0.107775,23.4838,0.0,10.5135,999.0,4.0,2.0,5.1187225636970535,gaze,0.6242793319931236,0.31958655231889027,-8.283889029848448,30.143972078091053,269.9167024003252,27.391797951559504,1.0136035178979839,-34.04513311151782,-0.11081261894378232,0.26576982699320073,0.9449723195089179,4.527927570102004,-31.184569997463,-0.8769753339223483,-34.432356187624414,-0.18092302319290793,0.17963235869292205,0.9572338380677422,4.719834405868182,-4.713900253669417,-0.34958258606875864,-34.2032439361189,-0.15620248015015828,0.22106151683030348,0.9484956893476234,4.661160533135808,19.512879756623562,True,-0.44533887189332383,imu,-1.3928820256772334,-9.442454415010607,2.858931069753246,0.4569161673411529,6.929675930666298,-3.112019591426428,71.8476637143499,-3.6948140329219727,-2.0912127871756865
232.848679,-0.2360508728653369,3.0478272122263763,4481.081448463045,6.939902624311063,1.4502699279341986,-0.25775082356425094,-175.44960978483223,18532.204506015205,-0.003754565834182762,-0.25669674740492654,-1.6248391869678314,0.43483389867386574,1.4502699279341986,-12.200592037104261,1.3597525964426351,-0.03507265437852175,66.75964063349848,-0.25636760789957913,-0.24931261507205774,3.046111721520635,66.76119452761854,-175.4431939317775,-0.6142835027991118,10.786146262266737,0.0,-0.020764032266097285,50.108449327011755,-34.859961924443574,11.225450096213876,-0.07314415385369959,0.0,0.0,1779.9500000000005,-3.3036900000000013,0.0,0.0,0.0,0.0,0.0,0.0,0.0,0.0,0.0,0.0,0.0,1256.0900000000008,-0.09666210000000006,0.0,0.0,0.0,0.0,0.0,0.0,0.0,0.0,0.0,0.008400687369763744,0.3768148392962833,5727.08252850984,-232.0297686777316,0.0,1.9207134883590986e-08,0.0,-7.879095777271856e-09,53.94140622790416,-0.03385264144575305,53.94140622790416,0.0,1.4408893690169757,-3.71948345476858,1.0031904604585837,4477.848029581879,11.17251963227542,0.0,8.277515740870472e-19,0.0,-2.0980968491673604e-16,22.010062576682387,-0.09017245303412907,22.010062576682387,0.0,9.379582160925779,999.0000000000002,4.027335330190306,1.9948244580667978,5.2211757247509984,gaze,0.6243194616587638,0.3196265218685301,-9.674854893049146,30.020100324569437,269.935917147096,27.391325674254965,1.0167406284782212,-34.04500166865572,-0.11086986952334492,0.2657256710000847,0.9449706809220203,4.5277384011030675,-31.184975928221167,-0.8766995195078603,-34.4330761488306,-0.18093704416237807,0.17958591060641443,0.9572300959085215,4.719758981509814,-4.822779506090997,-0.3491755506510733,-34.203999177688345,-0.1562414246454993,0.2210216992472395,0.9484919552557216,4.661027796186351,19.55003239036594,True,-0.44484276630419173,imu,-1.9954377408,-9.805518850400002,2.4183317704,0.00758438,7.177323589999999,-3.02533667,71.83883044533067,-3.693443803379725,-2.10255852604587
232.857163,-0.2385642357729383,3.0811518908068143,4480.924703186294,6.929056045540021,1.474554460280506,-0.25314880102820325,-175.34687771510704,18529.57199312583,-0.0036051696934239225,-0.2520731902827994,-1.7452524644589307,0.4367774663263556,1.474554460280506,-14.34495440409579,1.3120347548821822,-0.03578933575199505,66.75050871391605,-0.26462493962193484,-0.2521942019654348,3.0793984245729504,66.75206338408012,-175.343434992142,-1.689511962919357,10.857138885901314,0.0,-0.02053180202728965,49.64558915351721,-40.32204525128178,11.27217750549747,-0.07333481881955195,0.0,0.0,1779.9499999999996,-3.3036899999999996,0.0,0.0,0.0,0.0,0.0,0.0,0.0,0.0,0.0,0.0,0.0,1256.0900000000001,-0.09666210000000001,0.0,0.0,0.0,0.0,0.0,0.0,0.0,0.0,0.0,0.008364238113614962,0.37681841367511687,5727.111173475835,-232.15392841256912,0.0,1.9206612179347636e-08,0.0,-7.884946908236446e-09,53.9416605655349,-0.033850177276883275,53.9416605655349,0.0,1.4408962755770707,-3.845480435979872,1.0018813328865608,4477.862086706547,11.119736996768982,0.0,7.779173700302977e-19,0.0,-1.9162601258264427e-16,21.94542494496909,-0.09004931162005816,21.94542494496909,0.0,9.389026796774981,998.9999999999999,4.026534079286423,1.9949667040923518,5.070689259388919,gaze,0.6248105355898282,0.3201353468738328,-28.789529119548046,26.386241157302308,270.53096698102297,27.38554761817973,1.0549882256436285,-34.0444591784807,-0.11157521688960599,0.26516404690545237,0.9449523597250489,4.525375100508229,-31.189903939122562,-0.8733782143062064,-34.44198654639675,-0.1811007638474515,0.17899719107616696,0.9571856324177409,4.718804532708174,-6.311284317380756,-0.3441897627501902,-34.213377613425706,-0.15671613491454695,0.2205157653804773,0.9484477664324125,4.659359974953861,24.73008983103235,True,-0.4385820148246886,imu,-2.0702068408,-9.989749912800002,2.488315648,-0.58309151,8.10446043,-2.98047521,71.7257263052972,-3.676321094737915,-2.245254579015249
232.860014,-0.23938996110698668,3.092379309322336,4480.872039640252,6.925370887694568,1.4827805913957255,-0.25159106186836877,-175.31198698277603,18528.688965398364,-0.003553834967398672,-0.2505081400700556,-1.7826709597538561,0.4374260860028815,1.4827805913957255,-15.089338205751304,1.2956262188036671,-0.03603265155898838,66.74740437898961,-0.2674353735390224,-0.2531451250967143,3.090612953171179,66.74895940421348,-175.30955418739342,-2.055596506457938,10.880414403441396,0.0,-0.020441204322864018,49.48233236536462,-42.00094648613272,11.287621281869479,-0.07340067372382945,0.0,0.0,1779.95,-3.3036900000000005,0.0,0.0,0.0,0.0,0.0,0.0,0.0,0.0,0.0,0.0,0.0,1256.0900000000006,-0.09666210000000004,0.0,0.0,0.0,0.0,0.0,0.0,0.0,0.0,0.0,0.008352022473577338,0.37681961137779013,5727.120805445451,-232.19565141918645,0.0,1.920703200298149e-08,0.0,-7.886912947814505e-09,53.94174580647727,-0.03384933508483062,53.94174580647727,0.0,1.4408985896180184,-3.8869015741321853,1.0013998876366719,4477.8668337339195,11.102003490677724,0.0,7.60511230469125e-19,0.0,-1.8532181288535154e-16,21.923199861911886,-0.09000416726209792,21.923199861911886,0.0,9.391984602825769,999.0,4.026243059332548,1.995018638198129,5.020159534252331,gaze,0.5596956667876921,0.4476825407483333,-33.65611948628786,22.96083881249712,270.7731804677128,27.383657095708557,1.0674344266066726,-34.04475289310651,-0.11180808659412043,0.2649712088231915,0.9449470983395918,4.5245810683710355,-29.60651137836193,-1.534306160431529,-33.90641129689281,-0.0132474560728648,0.0801308048529974,0.996696322367655,4.67774486541748,-6.279081884765472,-1.2164201670608177,-33.5108883927406,0.0268357300870888,0.1179919151877429,0.9888662287012652,4.5822289431207,28.78163040649323,True,2.0,imu,-1.3911538302718627,-9.439472214756266,2.8699319772418654,-0.8950033618063625,8.851797492944568,-3.589534989120165,71.68658821424536,-3.670566638770187,-2.2935810192403903
232.864,-0.324905,3.7144,4480.8,6.94101,1.79978,-0.220257,-174.844,18527.0,-0.00449041,-0.218875,-1.22214,0.686228,1.79978,-12.8292,1.43418,-0.0459896,66.6958,-0.347397,-0.344066,3.7125,66.6971,-174.844,-3.86188,12.4064,0.0,0.0,49.41,-42.0,11.0,-0.075455,0.0,0.0,1779.95,-3.30369,0.0,0.0,0.0,0.0,0.0,0.0,0.0,0.0,0.0,0.0,0.0,1256.09,-0.0966621,0.0,0.0,0.0,0.0,0.0,0.0,0.0,0.0,0.0,0.00833264,0.376819,5727.13,-232.255,0.0,1.99e-08,0.0,-7.89e-09,53.9419,-0.0339255,53.9419,0.0,1.44089,-5.47463,1.17007,4477.9,10.9871,0.0,-2.64e-20,0.0,4.43e-18,23.1429,-0.105346,23.1429,0.0,10.4268,999.0,4.0,2.0,4.834221043777539,gaze,0.6251923334371293,0.3205580311548616,-39.28589348970146,21.560182271053524,271.10687323583034,27.381057128186416,1.084480073936612,-34.045584100724945,-0.11213015075662844,0.26469814641195066,0.9449404978896655,4.5234710485933425,-31.193681181763836,-0.8708701040189283,-34.449051609972905,-0.18121725962173674,0.1785115448238356,0.9571528928716055,4.7180191025109135,-7.6814484164675765,-0.3403069105825553,-34.22085648243118,-0.15708265640100158,0.2200967384974778,0.948415482848424,4.6580033917243595,36.924562253651445,True,-0.4334532932368052,imu,-1.390557826143294,-9.438491046864522,2.873560909939039,-1.4357049670215865,9.687753767320546,-3.784524999783069,71.63092363633334,-3.66252125334851,-2.3614472945789475
232.865647,-0.24099318454981553,3.1146047051669656,4480.768001821319,6.918029823960902,1.4991310964743096,-0.24849655194113218,-175.2425019085755,18526.947304024397,-0.003450718713229889,-0.2473990740785711,-1.8520292438620196,0.43870090422370905,1.4991310964743096,-16.457261810936227,1.2626487655922265,-0.03651708594542494,66.7412183332248,-0.27304130216882494,-0.2549978870218204,3.112812689892276,66.74277420107073,-175.24208022868225,-2.7851301995214794,10.925522126827827,0.0,-0.02024344765996139,49.14848207255425,-45.06629416189578,11.317678304928757,-0.07353344883909887,0.0,0.0,1779.95,-3.3036900000000005,0.0,0.0,0.0,0.0,0.0,0.0,0.0,0.0,0.0,0.0,0.0,1256.0900000000004,-0.09666210000000003,0.0,0.0,0.0,0.0,0.0,0.0,0.0,0.0,0.0,0.008327935322424151,0.3768219727170865,5727.139845130786,-232.27808741301385,0.0,1.920874947269041e-08,0.0,-7.890797149897633e-09,53.94191388998383,-0.03384765002232683,53.94191388998383,0.0,1.4409031515723214,-3.967281489996676,1.0003866022086487,4477.876247344377,11.066971612813731,0.0,7.251324994094186e-19,0.0,-1.7257617295890517e-16,21.87853601896842,-0.08990934730152206,21.87853601896842,0.0,9.397505762366396,999.0,4.025635186099486,1.9951274966534398,4.920383334457675,gaze,0.6252824452171981,0.3206615331509311,-40.68697220474219,20.473101554228705,271.18876677966006,27.379997539274214,1.0913999267284682,-34.04607410877579,-0.11226202970880385,0.2645841439270884,0.9449380278956431,4.523012434309308,-31.19456520965446,-0.8702883868423532,-34.450738068586524,-0.18124326533072627,0.17839306573173952,0.9571454186669045,4.717827718532791,-8.033626603276304,-0.3393895944282298,-34.22264750422449,-0.15716881035032113,0.21999429325210249,0.9484081498255584,4.657674923414387,41.12091127926686,True,-0.4322067105319775,imu,-2.2299136384,-9.76484446,2.3884241304,-1.81678166,9.33067367,-3.09262886,71.60760300038187,-3.659196980290801,-2.389588937627341
232.874131,-0.24333623133609467,3.148183932718673,4480.611345252922,6.90682193194477,1.5240022765059527,-0.24379368321209102,-175.13646642873215,18524.33330434565,-0.0032911374824332,-0.24267400225734348,-1.9449286411575488,0.44060393749901816,1.5240022765059527,-17.757275754252735,1.2115694307307776,-0.03725601961633778,66.73177016525308,-0.28161862426458,-0.2577222569418625,3.1463527890743404,66.73332766002704,-175.13911230861243,-3.897316427003382,10.9912024468787,0.0,-0.01989814191986547,48.61768148003294,-49.345735233524515,11.36161083143694,-0.07374014509946762,0.0,0.0,1779.95,-3.303690000000001,0.0,0.0,0.0,0.0,0.0,0.0,0.0,0.0,0.0,0.0,0.0,1256.0900000000006,-0.09666210000000004,0.0,0.0,0.0,0.0,0.0,0.0,0.0,0.0,0.0,0.00829177806559759,0.3768255165053326,5727.168543469429,-232.4022457200123,0.0,1.921358018291179e-08,0.0,-7.896646504384842e-09,53.94216620788211,-0.03384505888068694,53.94216620788211,0.0,1.4409099971634738,-4.0844264075698655,0.9987033452625552,4477.8905120327745,11.01422497471914,0.0,6.693415619313104e-19,0.0,-1.5264477707464657e-16,21.809367376706852,-0.08975229543564417,21.809367376706852,0.0,9.40500354231235,999.0,4.024635509195916,1.9953074492270195,4.770260615439397,gaze,0.6257351700553071,0.32120498103621026,-43.83577196576283,18.65023172976853,270.81255121318463,27.374675757176693,1.1258670433685127,-34.05000448059777,-0.1129302605781839,0.2639860472248607,0.9449276892759922,4.520650419844651,-31.19895975357678,-0.8674301221209669,-34.459329708802116,-0.1813645839796675,0.17777363974950353,0.9571094559898655,4.716828425030519,-9.97644705043546,-0.3347754901442627,-34.231807740957585,-0.15759944430913328,0.21945736094128876,0.9483731074659174,4.655972616780789,70.75466281295323,True,-0.4257172070145752,imu,-2.326814392,-9.718188541600002,2.410555784,-2.77382614,11.10270134,-3.7954584,71.48453414200247,-3.642074501331528,-2.5354294803651936
232.88,-0.33541,3.627,4480.5,6.91538,1.82109,-0.209572,-174.645,18522.2,-0.00434159,-0.208152,-1.10353,0.653725,1.82109,-21.4825,1.24341,-0.0472444,66.6784,-0.363125,-0.355001,3.62479,66.6798,-174.645,-7.82988,12.3561,0.0,0.0,48.618,-54.0,11.0,-0.075455,0.0,0.0,1779.95,-3.30369,0.0,0.0,0.0,0.0,0.0,0.0,0.0,0.0,0.0,0.0,0.0,1256.09,-0.0966621,0.0,0.0,0.0,0.0,0.0,0.0,0.0,0.0,0.0,0.00826503,0.376826,5727.19,-232.489,0.0,2.02e-08,0.0,-7.9e-09,53.9424,-0.0339246,53.9424,0.0,1.44091,-6.36206,1.1325,4477.93,10.8921,0.0,-2.52e-20,0.0,4.23e-18,22.7219,-0.101963,22.7219,0.0,10.2743,999.0,4.0,2.0,4.540794223965657,gaze,0.6260371180398973,0.32159097026052563,-46.89096993815874,23.649568169246965,269.4578939664333,27.37112802497247,1.1485165834923008,-34.05415045341889,-0.11338162856527627,0.2635617003360503,0.9449228756667276,4.519016834248717,-31.20184373885952,-0.8655883707361065,-34.46517910632031,-0.181436134216574,0.1773362411191209,0.9570870658853133,4.716123930331557,-11.437227224167037,-0.33169266510060225,-34.238079812018434,-0.1578844463595225,0.21907692147738073,0.9483515434626797,4.654784900411752,98.01569433394174,True,-0.42116131261782813,imu,-1.3880537864531441,-9.434594596748543,2.8880205658350406,-4.026281532792106,14.352511959693958,-4.723129509749076,71.39655003363225,-3.6302321831559143,-2.63712778923957
232.880105,-0.24493373567314042,3.1719036132528453,4480.501063047826,6.8988198026755185,1.541693341338843,-0.24045157796565753,-175.06079721792005,18522.500604577894,-0.0031756493495152948,-0.239316059271799,-2.0019749905625073,0.44193156484215723,1.541693341338843,-17.65431190273455,1.1745722537428476,-0.037783111329704494,66.72502295101117,-0.28775596064084846,-0.25959226218674925,3.170044566653088,66.72658185307183,-175.0656302465723,-4.688184724186569,11.035778139652502,0.0,-0.01962037473161493,48.22400556008883,-52.47204645883962,11.391412266115156,-0.07389058485288663,0.0,0.0,1779.9499999999996,-3.3036899999999996,0.0,0.0,0.0,0.0,0.0,0.0,0.0,0.0,0.0,0.0,0.0,1256.0900000000001,-0.09666210000000001,0.0,0.0,0.0,0.0,0.0,0.0,0.0,0.0,0.0,0.008266404784973959,0.3768280027531703,5727.188767382498,-232.4896712722646,0.0,1.921861596040161e-08,0.0,-7.900764790287027e-09,53.9423432769463,-0.033843195563025834,53.9423432769463,0.0,1.440914799324468,-4.163862248493031,0.9974033757851856,4477.900619219094,10.97709554382999,0.0,6.282226158396672e-19,0.0,-1.3807278983506347e-16,21.759279070596754,-0.0896313110440034,21.759279070596754,0.0,9.409685946302332,998.9999999999999,4.023869395952692,1.9954459949646495,4.664663227328285,gaze,0.5844778346101184,0.4439585692258822,-47.79290846194871,24.23661163731117,270.0116094051634,27.371065550269904,1.1489126476597111,-34.054235554076485,-0.11338962258129932,0.26355402980366743,0.94492280696766,4.51898761137194,-30.11682980829912,-1.448413234424449,-34.08360731434963,-0.0578236385507084,0.0840232510530578,0.9947846601688388,4.644607543945312,-12.208782986034867,-1.3090770611574707,-33.6107192436171,0.0117740928280354,0.1091316583848124,0.99039881712938,4.589353942871094,98.216842009272,False,-1.0,imu,-1.3880367692275395,-9.43456925026872,2.888114884483344,-4.045302499038922,14.391037305792727,-4.73000318432128,71.39495497130284,-3.6300203432647424,-2.6389529197388533
232.882615,-0.24559187846815397,3.1818878244671365,4480.454734371583,6.895430328049336,1.5491704532355617,-0.23903979923303398,-175.02875527248403,18521.732823726772,-0.0031263499875383758,-0.237897575745309,-2.0238858503586745,0.4424862904077103,1.5491704532355617,-17.280711795308537,1.1587713493959602,-0.038006252148509445,66.72216490303916,-0.2903588484691261,-0.2603658891347959,3.1800169672719676,66.72372446165552,-175.03451378334722,-5.021953482521683,11.054084844849182,0.0,-0.019495051557599556,48.05374695656271,-53.84897176142982,11.40361765856899,-0.07395500963571637,0.0,0.0,1779.9499999999998,-3.3036900000000005,0.0,0.0,0.0,0.0,0.0,0.0,0.0,0.0,0.0,0.0,0.0,1256.0900000000004,-0.09666210000000003,0.0,0.0,0.0,0.0,0.0,0.0,0.0,0.0,0.0,0.008255765411776202,0.37682904512302456,5727.197268486447,-232.5264033748104,0.0,1.9221138024582572e-08,0.0,-7.902494973849326e-09,53.942417525867576,-0.03384240304448096,53.942417525867576,0.0,1.4409168125114038,-4.196436746573772,0.9968286158763735,4477.9048813106965,10.961498587633258,0.0,6.104886573875002e-19,0.0,-1.3181629665060478e-16,21.73789038723501,-0.08957788929694249,21.73789038723501,0.0,9.411504501125929,999.0,4.0235318594813245,1.995507184817685,4.620323786849517,gaze,0.626168694213518,0.32176558734403227,-49.71832431915256,27.787100798376056,268.5240312034887,27.369582536624677,1.1582831469593005,-34.05638585355899,-0.11357986705559164,0.26336984537931907,0.9449213470432168,4.518289076865219,-31.203087647300013,-0.8648034476225629,-34.46776050205819,-0.18146475950067056,0.17713902140050589,0.9570777449611446,4.71580654479216,-12.115717930348975,-0.33034784435406733,-34.240857248640715,-0.15800803533856553,0.21890504937281843,0.9483426405762191,4.654253036442746,111.20939883856288,False,-0.4191138714547325,imu,-2.3962001168,-9.935318008,2.4368745072,-3.43927113,13.43549726,-4.02724261,71.35660749327849,-3.6249566833234934,-2.682639575909642
232.891098,-0.24775836836229748,3.2157106105976716,4480.298188524746,6.883854332615547,1.574635072839063,-0.2342350713098917,-174.9193653657473,18519.148953338772,-0.0029562999709559002,-0.23306996507859123,-2.0890161116060773,0.4443474681738815,1.574635072839063,-14.52310702371087,1.1042354495682762,-0.03876780920232034,66.71240441870557,-0.2992628717990893,-0.2629270546782151,3.2137994535674514,66.71396648548499,-174.9282797091363,-6.154571635409007,11.114065949636501,0.0,-0.019033395208623113,47.457313869374914,-58.52751247406819,11.443320833244798,-0.07417811854205925,0.0,0.0,1779.9499999999998,-3.30369,0.0,0.0,0.0,0.0,0.0,0.0,0.0,0.0,0.0,0.0,0.0,1256.0900000000004,-0.09666210000000003,0.0,0.0,0.0,0.0,0.0,0.0,0.0,0.0,0.0,0.008219900648203965,0.3768325582401147,5727.226016785957,-232.6505457847341,0.0,1.9231455628248914e-08,0.0,-7.908341871267589e-09,53.94266782113769,-0.03383968202477432,53.94266782113769,0.0,1.4409235969791185,-4.302803303916612,0.994759700256029,4477.919354006343,10.908800178471768,0.0,5.485248742495801e-19,0.0,-1.1007768057868965e-16,21.664085049190795,-0.08938588375358114,21.664085049190795,0.0,9.416992296198156,999.0,4.02232114907204,1.9957273088412606,4.470593191736318,gaze,0.6265829586522026,0.32234317632179416,-66.5452196851746,46.42709223467127,264.27137112888664,27.36471864782307,1.1885408306660126,-34.06532813216341,-0.11421073834722126,0.26273570616500086,0.9449190037544041,4.515928705714835,-31.206948589844853,-0.8624086025262315,-34.476028559596145,-0.18154382781695458,0.17648939947360054,0.9570502883878551,4.714762101369269,-14.41789127254969,-0.3261074908071285,-34.249793939344976,-0.15839454286459811,0.21833751008531593,0.9483167523594818,4.65251637565207,152.65107581304653,False,-0.41239788291599727,imu,-2.7700456168,-9.9514681336,2.4631932304,-4.40379252,16.26924615,-3.9449966,71.22394044354336,-3.607848551946142,-2.831060860952101
232.895,-0.277368,3.68209,4480.23,6.89048,1.83821,-0.200048,-174.461,18517.7,-0.00321616,-0.198596,-1.15337,0.621379,1.83821,-13.3139,1.05298,-0.0483217,66.6622,-0.37741,-0.297968,3.68095,66.6637,-174.461,-6.17779,12.2816,0.0,0.0,47.682,-60.0,11.0,-0.075455,0.0,0.0,1779.95,-3.30369,0.0,0.0,0.0,0.0,0.0,0.0,0.0,0.0,0.0,0.0,0.0,1256.09,-0.0966621,0.0,0.0,0.0,0.0,0.0,0.0,0.0,0.0,0.0,0.00819815,0.376834,5727.24,-232.722,0.0,2.04e-08,0.0,-7.91e-09,53.9428,-0.0339168,53.9428,0.0,1.44092,-7.15157,1.08701,4477.95,10.8001,0.0,-2.41e-20,0.0,4.04e-18,22.2391,-0.0978426,22.2391,0.0,10.071,999.0,4.0,2.0,4.27791877791014,gaze,0.6267670599748126,0.3226145491021601,-77.30661303311017,55.35245442997592,261.8824316130656,27.362558206047307,1.2017073041150277,-34.07032583512349,-0.11449465177235706,0.2624379946573816,0.9449192688614797,4.514843224576362,-31.208635126125763,-0.8613847380872821,-34.47977713969326,-0.18157312770296397,0.17618555581826106,0.9570390859395904,4.71427403706501,-15.520593548462589,-0.32421981137402706,-34.25386682763693,-0.15856493177156913,0.21807134305261186,0.9483063803841425,4.65171174356224,168.03447708824368,False,-0.4092706930024426,imu,-1.3855467502950027,-9.4310036315047,2.9014176249447114,-6.957740025252529,21.0621553990798,-5.773759508401398,71.16135081839447,-3.5999825740016824,-2.899704321700966
232.899582,-0.2498346946100356,3.2496584633826306,4480.141671706045,6.872089147425889,1.600404617452835,-0.22937796602169414,-174.80825478367467,18516.58382338998,-0.002780870123868883,-0.2281896279320239,-2.14065461267984,0.44618763213035184,1.600404617452835,-10.580167109025496,1.0479230669300317,-0.039540987157990634,66.70248714273065,-0.3083347636905648,-0.26540491630949997,3.2477064048071913,66.70405217037319,-174.82036736010159,-7.290960332511046,11.17106195355461,0.0,-0.018512218795551233,46.8288056807127,-63.053596871557275,11.480340101424824,-0.07440962815095227,0.0,0.0,1779.9500000000003,-3.3036900000000005,0.0,0.0,0.0,0.0,0.0,0.0,0.0,0.0,0.0,0.0,0.0,1256.0900000000004,-0.09666210000000004,0.0,0.0,0.0,0.0,0.0,0.0,0.0,0.0,0.0,0.00818417438628328,0.3768360567681057,5727.254795140379,-232.77470226014552,0.0,1.924456973129727e-08,0.0,-7.914188577332379e-09,53.94291715935471,-0.033836894360409486,53.94291715935471,0.0,1.4409303523273034,-4.403035277270134,0.9924931184900627,4477.933934073874,10.856118849540705,0.0,4.833787035275177e-19,0.0,-8.740799667947712e-17,21.587904913682916,-0.08917596265189509,21.587904913682916,0.0,9.421452346030565,999.0000000000001,4.020999807541533,1.9959685153738858,4.321036251256764,gaze,0.626978054214831,0.32293777405700436,-90.6721970312507,63.99648235763923,258.96148460828533,27.360083100423278,1.2165459224929553,-34.0769180999545,-0.11482299053921927,0.2620835753699459,0.9449206607175931,4.513568774397345,-31.210543691374067,-0.8602449363209674,-34.48413494818528,-0.1816018558206093,0.17582473513787694,0.95702707887006,4.713694754067625,-16.84254889389772,-0.3220537255571941,-34.258618912736495,-0.15875906679482168,0.217754695780994,0.948295436337547,4.650762218538807,180.9870362740016,False,-0.40556805208060087,imu,-3.221650980800001,-9.9658238008,2.527793732800001,-5.794497779999999,20.22453154,-4.602964679999999,71.08661644720382,-3.590749066783791,-2.980583714326631
232.900086,-0.24995516235672144,3.25167893843478,4480.1323751910195,6.871384269871411,1.6019450365719994,-0.22908778595894508,-174.80160006265365,18516.432097071876,-0.002770278201704096,-0.22789805678117542,-2.1433077493855555,0.44629627459710447,1.6019450365719994,-10.379012786609827,1.0445215135394785,-0.03958728393479061,66.7018931158268,-0.3088789804369557,-0.2655494537029991,3.2497244311500535,66.70345833376831,-174.81390392152178,-7.35848498038803,11.174351552467828,0.0,-0.018479368115772332,46.790473556980665,-63.34440263998225,11.482445969915782,-0.07442364698907421,0.0,0.0,1779.9499999999998,-3.3036900000000005,0.0,0.0,0.0,0.0,0.0,0.0,0.0,0.0,0.0,0.0,0.0,1256.0900000000004,-0.09666210000000003,0.0,0.0,0.0,0.0,0.0,0.0,0.0,0.0,0.0,0.008182056505527776,0.37683626413110816,5727.256505584635,-232.782077875358,0.0,1.924543749867964e-08,0.0,-7.914535878741319e-09,53.94293194062345,-0.0338367266516079,53.94293194062345,0.0,1.4409307526970583,-4.4087847446390995,0.99235219229587,4477.934803553468,10.852990031805692,0.0,4.794074786326436e-19,0.0,-8.603171952768405e-17,21.58330427053072,-0.08916292312607242,21.58330427053072,0.0,9.42168459169801,999.0000000000001,4.020917763241604,1.9959835211440398,4.31215775991978,gaze,0.6659562956047964,0.3116827519202989,-91.1287881388933,65.02747947899884,257.7592894882431,27.359814927664758,1.2181364495299811,-34.077691266707376,-0.11485877305964465,0.26204427320898566,0.9449208850745199,4.513428603623129,-31.30479600965759,-0.5155226474171153,-34.76638447713224,-0.1957018276124903,0.214410386983862,0.9569372918966852,4.963643074035645,-18.379261601856395,-1.12037614060494,-33.95821865759863,-0.0411464022914202,0.1244342055904386,0.9852985258676984,4.672094440460205,182.53339176141748,False,-1.0,imu,-1.3846623063761276,-9.42979986018955,2.9059245076369353,-8.031116771440892,23.91598430945446,-6.153158101743556,71.07831521889138,-3.5897336557307766,-2.989497192456786
232.908083,-0.25182295223100476,3.2837939551922806,4479.984889802039,6.86010989559867,1.6265311481909788,-0.22445875365565376,-174.69519228241845,18514.03535237773,-0.002599634417020072,-0.2232467861321338,-2.17938624026229,0.44800990564383103,1.6265311481909788,-9.134997721569562,0.9896962556815619,-0.04032739888017248,66.69239463040279,-0.3175941556751579,-0.2678024249013061,3.2818003083405007,66.69396308651119,-174.71055005623086,-8.428714223386924,11.22507100054196,0.0,-0.017929495571497547,46.167499712829084,-69.21452590331894,11.514329113203026,-0.07465010671704458,0.0,0.0,1779.9499999999998,-3.3036900000000005,0.0,0.0,0.0,0.0,0.0,0.0,0.0,0.0,0.0,0.0,0.0,1256.0900000000004,-0.09666210000000003,0.0,0.0,0.0,0.0,0.0,0.0,0.0,0.0,0.0,0.00814851876700423,0.3768395473406833,5727.2836579022905,-232.89910698859458,0.0,1.9260548700303807e-08,0.0,-7.920046117784806e-09,53.943166014287954,-0.033834033754034425,53.943166014287954,0.0,1.4409370913625024,-4.496764974335085,0.9900209406500027,4477.9486498919605,10.803356866624968,0.0,4.1485955403045595e-19,0.0,-6.374552762648341e-17,21.509169408575207,-0.08894739910814282,21.509169408575207,0.0,9.424873730309397,999.0,4.0195616450906755,1.9962319806933715,4.1713742767369695,gaze,0.6273546624480328,0.32355044194840626,-111.40721740702594,72.20235067983366,253.90091444501093,27.35566798456544,1.2422452331096452,-34.09124250104847,-0.1154176908207881,0.26141226505057646,0.9449263350113174,4.511204861535034,-31.21387914556948,-0.8583089633691501,-34.492093592772875,-0.1816389385693636,0.17514384498040306,0.957008084497482,4.712602329054247,-19.34736104296701,-0.318179747453023,-34.267347475243184,-0.15910223831145032,0.2171555484859544,0.9482786657123825,4.6489872014492715,189.7299221558657,False,-0.39861154747870736,imu,-3.684621248,-10.0836599024,2.5403549416,-7.26744905,25.79482949,-5.784316459999999,70.94448978763144,-3.573629001791377,-3.1313449184772044
232.911,-0.225718,3.76316,4479.93,6.86302,1.85353,-0.190325,-174.265,18513.0,-0.00248189,-0.188842,-2.18783,0.593359,1.85353,-6.01489,0.867871,-0.0493498,66.6454,-0.391872,-0.247641,3.76183,66.6469,-174.265,-4.83061,12.1771,0.0,0.0,46.584,-72.0,11.0,-0.075455,0.0,0.0,1779.95,-3.30369,0.0,0.0,0.0,0.0,0.0,0.0,0.0,0.0,0.0,0.0,0.0,1256.09,-0.0966621,0.0,0.0,0.0,0.0,0.0,0.0,0.0,0.0,0.0,0.00813127,0.376841,5727.3,-232.956,0.0,2.06e-08,0.0,-7.92e-09,53.9433,-0.0339091,53.9433,0.0,1.44094,-7.94107,1.04151,4477.98,10.708,0.0,-2.29e-20,0.0,3.86e-18,21.7563,-0.0937226,21.7563,0.0,9.86767,999.0,4.0,2.0,3.987096823554975,gaze,0.6274794434865725,0.323764542792544,-115.73333884673491,73.10593870022859,252.43139747676605,27.354205999038225,1.250501420786376,-34.09678873045846,-0.11561741796145349,0.26117780986230466,0.944929208098406,4.5103938952576925,-31.214962162114237,-0.8576981491730137,-34.494786517923345,-0.1816468148620117,0.17490679306021564,0.9570025494638025,4.712222172293142,-20.214968493864227,-0.3168938282901015,-34.27031607091022,-0.15921490226154017,0.21694647783273424,0.9482739691147791,4.648374128851906,189.48911878316366,False,-0.39619853232570246,imu,-1.3827065559645433,-9.427240574173068,2.9155338846331795,-10.41592153508152,31.03701407877116,-6.984318375121126,70.89470160678377,-3.5677581819587396,-3.1832657905913444
232.916567,-0.2537136494387748,3.3179787012104494,4479.828470781393,6.847962387858651,1.6529126800855924,-0.21949670229544077,-174.5806137628239,18511.51636303061,-0.002413239132464131,-0.21826079870960136,-2.2058054620440974,0.44980672076726136,1.6529126800855924,-12.972004877342865,0.929761631376321,-0.04112401760061563,66.68216801914012,-0.32700601624940073,-0.27010852912367966,3.3159429396762015,66.68374036552837,-174.59924906961663,-9.558742932809098,11.275775951143254,0.0,-0.01728669725288466,45.476600078443404,-78.65994874296796,11.544728391616303,-0.0748986980774691,0.0,0.0,1779.9499999999996,-3.3036899999999996,0.0,0.0,0.0,0.0,0.0,0.0,0.0,0.0,0.0,0.0,0.0,1256.0900000000001,-0.09666210000000001,0.0,0.0,0.0,0.0,0.0,0.0,0.0,0.0,0.0,0.008113075459684439,0.3768430160806614,5727.312489628644,-233.0232624522328,0.0,1.9279363591536996e-08,0.0,-7.92589106746302e-09,53.943413397312966,-0.033831110813303894,53.943413397312966,0.0,1.4409437872934852,-4.583061789675711,0.9873500101884474,4477.963443150311,10.750726804285069,0.0,3.43183454250859e-19,0.0,-3.9168794226383954e-17,21.428163915591423,-0.08870083168027378,21.428163915591423,0.0,9.427226618143116,999.0,4.018009025286949,1.9965173138991008,4.022208611519572,gaze,0.627711279174227,0.3241786125759761,-118.57992902399644,74.00023974532681,250.12950099102494,27.35149100869224,1.2654404098466352,-34.10826992414354,-0.11599243759122145,0.26072456218173423,0.9449360045038492,4.508846450868063,-31.216941933774816,-0.8566082292153614,-34.4998718597579,-0.18165498448081507,0.17444957269008324,0.956993378829168,4.711489113691174,-21.87049317871786,-0.3145012498517855,-34.275943774443526,-0.15942270374981243,0.21654255664119812,0.9482665056073941,4.647198429166167,187.97299237297221,False,-0.3915566132987635,imu,-4.085383624,-10.1871403368,2.483530425600001,-9.6226757,33.52595443,-6.666591840000001,70.79826911318466,-3.5565597948602274,-3.2825899827457907
232.920178,-0.2544896332257536,3.3325637302831463,4479.761910166538,6.8427333338281695,1.6642350523421632,-0.21736866500393318,-174.53131429341443,18510.4522406859,-0.0023322116591247668,-0.21612246550459085,-2.213573739463934,0.45056480931532117,1.6642350523421632,-15.475976513818429,0.9036925866490643,-0.041466677663314466,66.67776875339055,-0.331064253573893,-0.2710634533105862,3.330509857465617,66.67934289958063,-174.55135595154732,-10.036963178204767,11.296363432562643,0.0,-0.016994333446655144,45.17330153561862,-82.98019301635729,11.556492311241861,-0.07500713541180494,0.0,0.0,1779.9499999999998,-3.3036900000000005,0.0,0.0,0.0,0.0,0.0,0.0,0.0,0.0,0.0,0.0,0.0,1256.0900000000004,-0.09666210000000003,0.0,0.0,0.0,0.0,0.0,0.0,0.0,0.0,0.0,0.008098032420756275,0.3768444879810289,5727.324769209619,-233.0761059484641,0.0,1.928824952272478e-08,0.0,-7.928378557173316e-09,53.94351839599408,-0.033829845905399135,53.94351839599408,0.0,1.4409466283070373,-4.6174554525135,0.9861507074703592,4477.969772051124,10.72833453631286,0.0,3.11663648915869e-19,0.0,-2.84129055742775e-17,21.392942970419952,-0.08859022322584494,21.392942970419952,0.0,9.427902308524335,999.0000000000002,4.017311788922953,1.9966457108434765,3.9587804155364146,gaze,0.7194924567148647,0.2757245339998727,-117.4773974143232,74.38606311788755,249.328583820647,27.349782686882644,1.2745467118468943,-34.116344725923476,-0.11623137215883536,0.2604265092930425,0.9449413344130443,4.507842895531556,-32.35890215544188,-1.070178997880504,-34.40943333875595,-0.2784475674876863,0.2468395030362717,0.9281902886267432,4.848888397216797,-24.76204356138256,-1.071744350193128,-34.20299175989565,-0.108278644289557,0.1468204489311905,0.9739959350382972,4.736767148971557,187.61644461676795,False,-1.0,imu,-1.3810016446639053,-9.425113818151942,2.923548545986569,-12.456498310485687,37.99352862036431,-7.681781740100181,70.7347438851651,-3.549300479996106,-3.347163912402793
232.925051,-0.2555093078638018,3.352278962697153,4479.672101987432,6.83562074831145,1.6796036719308391,-0.21448161878474414,-174.46427852418913,18509.02429596326,-0.0022212482578601454,-0.21322142203079752,-2.220981172487746,0.45158146314931036,1.6796036719308391,-18.27435977280669,0.8679781350619071,-0.04193252329557891,66.67178807175586,-0.33659070466610874,-0.2723266397436643,3.35020047147829,66.67336478460159,-174.48622845104038,-10.678879757502541,11.323185464706508,0.0,-0.01658185567267289,44.75536705555489,-87.93858497856058,11.571169367291724,-0.07515598093021736,0.0,0.0,1779.95,-3.3036900000000005,0.0,0.0,0.0,0.0,0.0,0.0,0.0,0.0,0.0,0.0,0.0,1256.0900000000004,-0.09666210000000003,0.0,0.0,0.0,0.0,0.0,0.0,0.0,0.0,0.0,0.00807777208392936,0.37684647006665584,5727.341348005833,-233.1474174745256,0.0,1.9301078719210713e-08,0.0,-7.931735143211777e-09,53.943659813735714,-0.03382811904700792,53.943659813735714,0.0,1.440950453788138,-4.661545274994259,0.9844725227279025,4477.978343717201,10.69812468546819,0.0,2.6815821118489323e-19,0.0,-1.3615195553982195e-17,21.344703705418862,-0.08843554433864599,21.344703705418862,0.0,9.428502661019577,999.0000000000002,4.016335755361055,1.9968256914613982,3.8732425521198546,gaze,0.6280486832435721,0.3248233741607642,-110.57229691430311,78.11785748663019,247.6517648146466,27.347543111585157,1.286093081391237,-34.12801970814674,-0.11654842057908596,0.2600192472296647,0.9449496764515386,4.5064888458127434,-31.21973937332791,-0.8551383787501383,-34.50748506739513,-0.1816501494963768,0.1737406946274221,0.9569829164880799,4.710352870959968,-24.36209972580702,-0.3110104490865164,-34.28442447200253,-0.15972119520521713,0.2159146318745665,0.9482589151771331,4.645392380839738,191.67720620223426,False,-0.3843898848247782,imu,-4.1757046968,-10.159625308,2.3495441984,-12.60596279,42.67021536,-7.72083615,70.647826616629,-3.5395101394266963,-3.434465434685372
232.927,-0.398418,3.54782,4479.64,6.83463,1.86555,-0.181153,-174.071,18508.4,-0.00174174,-0.179644,-0.707304,0.558037,1.86555,-22.9033,0.650746,-0.050232,66.6287,-0.405977,-0.419952,3.5442,66.6303,-174.071,-14.7822,12.0399,0.0,0.0,45.324,-90.0,11.0,-0.075455,0.0,0.0,1779.95,-3.30369,0.0,0.0,0.0,0.0,0.0,0.0,0.0,0.0,0.0,0.0,0.0,1256.09,-0.0966621,0.0,0.0,0.0,0.0,0.0,0.0,0.0,0.0,0.0,0.00806574,0.376849,5727.35,-233.187,0.0,2.03e-08,0.0,-7.93e-09,53.9438,-0.0339073,53.9438,0.0,1.44096,-8.4511,0.995696,4478.01,10.6198,0.0,-2.19e-20,0.0,3.68e-18,21.2656,-0.0895893,21.2656,0.0,9.65092,999.0,4.0,2.0,3.707926358074318,gaze,0.6281234811660952,0.3249738236003304,-107.62401070991864,79.96688852734664,247.1374684412948,27.346668527619133,1.2904690331756414,-34.132937713200775,-0.11667349271478901,0.25985474125472047,0.944953382546653,4.505947358636965,-31.220344583827615,-0.8548332964525621,-34.509210632038304,-0.18164609606272972,0.1735757966187475,0.9569811119915697,4.710088585838428,-24.924133395427543,-0.3102350436011729,-34.28635629205078,-0.1597866656938681,0.21576828176955362,0.9482578165707045,4.644975045047945,194.4364992192818,False,-0.38272775273666954,imu,-1.3796992471160252,-9.423548208231011,2.929466094794695,-13.960491546690143,43.62672073209259,-8.187408225642253,70.61268657952003,-3.535596450344445,-3.4694279116510347
232.933535,-0.2572083705047092,3.3866928297174916,4479.515784344943,6.823082851695915,1.7066066545155842,-0.2094130922096027,-174.3461701652834,18506.561638828174,-0.00202358212026547,-0.2081282415837366,-2.226133178981149,0.4533338518029585,1.7066066545155842,-18.99037369587073,0.80431913203225,-0.04275303575294397,66.66125559854878,-0.3463502474798463,-0.2744552779419045,3.3845709877396137,66.66283716206212,-174.37147004926666,-11.784844860113573,11.367195537703108,0.0,-0.01581410113056202,44.004342614967435,-92.7857027371336,11.593195095948165,-0.0754220624720709,0.0,0.0,1779.9499999999998,-3.3036900000000005,0.0,0.0,0.0,0.0,0.0,0.0,0.0,0.0,0.0,0.0,0.0,1256.0900000000001,-0.09666210000000003,0.0,0.0,0.0,0.0,0.0,0.0,0.0,0.0,0.0,0.00804260770294866,0.3768499093820879,5727.370233028161,-233.27157209854005,0.0,1.9325729591904066e-08,0.0,-7.937578347316196e-09,53.94390527023951,-0.03382505761071031,53.94390527023951,0.0,1.4409570910082736,-4.7316203854809435,0.9813853923399636,4477.993352140874,10.645552081123888,0.0,1.8972488470395193e-19,0.0,1.2931644165704843e-17,21.258758878210326,-0.08815125770839234,21.258758878210326,0.0,9.42868549413148,999.0000000000001,4.01453835391527,1.9971577948450605,3.724478898529069,gaze,0.628366885464737,0.32548460329258183,-99.60869917341142,88.32457732971574,245.0149403380806,27.343824238738897,1.3041145394411167,-34.150450893819645,-0.11708562617934778,0.2592964284925445,0.9449673501355802,4.5041320800726625,-31.22227190403049,-0.8538991058784858,-34.51493249429809,-0.18162449846227494,0.17301733678737113,0.9569766936131209,4.709193531761543,-26.765866848228615,-0.3077074490281305,-34.292788692974945,-0.1599977413560238,0.21527187149751656,0.9482558909251687,4.643569073751663,209.13622365249324,False,-0.3771118090866835,imu,-3.981305036800001,-9.980179468,2.3722740048,-15.55186533,52.51730583,-8.81994192,70.49332574035398,-3.5224829630284376,-3.5868147387193217
232.940158,-0.25846659104695735,3.4136355866017962,4479.393791765763,6.813157412171889,1.7279049030577562,-0.20541895695071416,-174.25272638409717,18504.661171532163,-0.0018652786935109819,-0.20411460734996498,-2.224127280078577,0.4546861288707821,1.7279049030577562,-16.686229122929287,0.753303178185337,-0.04340198810005602,66.65292799082451,-0.3540918374397045,-0.27605384650448406,3.411479467432898,66.65451368274279,-174.28066479949777,-12.635749968784518,11.399121183416472,0.0,-0.015170466465236496,43.39769448176621,-95.26100040607908,11.607015720647965,-0.07563596285689426,0.0,0.0,1779.9499999999996,-3.30369,0.0,0.0,0.0,0.0,0.0,0.0,0.0,0.0,0.0,0.0,0.0,1256.0900000000001,-0.09666210000000001,0.0,0.0,0.0,0.0,0.0,0.0,0.0,0.0,0.0,0.00801525277334279,0.3768525841269913,5727.3928005184225,-233.3684926505576,0.0,1.934703667625034e-08,0.0,-7.942139216439762e-09,53.944096221999274,-0.033822618742634376,53.944096221999274,0.0,1.4409622520848795,-4.780084307134211,0.978827726776692,4478.005143723112,10.604533024071765,0.0,1.2608923625520758e-19,0.0,3.435629218377545e-17,21.18992013154523,-0.08791594421773946,21.18992013154523,0.0,9.428057794585062,999.0,4.01304667202663,1.9974339851468972,3.6084896521679046,gaze,0.692388110888077,0.1875133103707153,-100.4473437161319,98.87758019624889,242.661901094111,27.341080227389295,1.31629922035991,-34.16977688200984,-0.11749193681641733,0.25872006907568595,0.9449839274910101,4.502292886930677,-34.17976466694692,3.917118084925255,-40.2465358488037,-0.2167806906527548,0.3106435282013016,0.9254764883813968,5.467296600341797,-31.513360803741488,-0.1302605910456684,-35.48247445518687,-0.1524002360753009,0.1872094948254981,0.9604170102882638,4.920436096191406,230.67287566277463,False,-1.0,imu,-1.377103969412992,-9.42056551557811,2.9407825215463346,-16.74141824297434,55.103973004089305,-9.103324614084995,70.37000661897022,-3.5092082664673017,-3.705972798439048
232.942019,-0.2588092703907985,3.421218365112883,4479.359518784487,6.810346558633578,1.7339241717266356,-0.20429070907285446,-174.22627221879426,18504.130801316383,-0.001820160429635387,-0.20298084025096924,-2.222733280786681,0.4550636048718908,1.7339241717266356,-15.992504845988664,0.7387577795030792,-0.04358567550190626,66.65057142968276,-0.3562866853988732,-0.2764929554534451,3.4190525451923346,66.65215833616767,-174.25495559471833,-12.872599572715682,11.407700629808984,0.0,-0.014982557784930958,43.22405667470241,-96.20375943624562,11.610331234500233,-0.07569705077191134,0.0,0.0,1779.9499999999998,-3.30369,0.0,0.0,0.0,0.0,0.0,0.0,0.0,0.0,0.0,0.0,0.0,1256.0900000000001,-0.09666210000000003,0.0,0.0,0.0,0.0,0.0,0.0,0.0,0.0,0.0,0.008007581378908064,0.3768533341104347,5727.399144689869,-233.39572636764902,0.0,1.9353352020732707e-08,0.0,-7.94342068208412e-09,53.944149773516294,-0.033821925653746844,53.944149773516294,0.0,1.4409636991158918,-4.7926714538524084,0.9780855095350062,4478.008468971133,10.593010573290872,0.0,1.0782402160731788e-19,0.0,4.048824380878228e-17,21.170299320262476,-0.087847690282117,21.170299320262476,0.0,9.427758629740293,999.0000000000001,4.01261328980886,1.9975143154678583,3.5759204701871856,gaze,0.6286659009484267,0.3261621733438565,-103.74934535096497,100.64226797549274,240.2653989437528,27.340334284168126,1.3194197208450467,-34.17548616223972,-0.11760404543571658,0.258556217418354,0.9449890242040024,4.501776189588234,-31.224540024125996,-0.8528900508726909,-34.52221345864175,-0.18157810026311463,0.17227962797632762,0.9569747056244529,4.708011033218905,-29.025506953967728,-0.3045923067197086,-34.30103559493127,-0.16025237572975184,0.21461437543641282,0.9482574285905393,4.6417285309670655,236.70477414992075,False,-0.3697228461283027,imu,-3.6732563448,-9.7540777096,2.3800499912,-17.88466125,61.22042906999999,-9.97138606,70.33494099354577,-3.505481176401446,-3.7394792364033895
232.942815,-0.25895437924234294,3.4244633374226923,4479.344860082396,6.809141335518394,1.7365034326652942,-0.20380732986050548,-174.21493053247698,18503.904447997924,-0.001800776431559494,-0.20249509491476458,-2.222035400278022,0.4552247250253697,1.7365034326652942,-15.721745762622763,0.7325079900243452,-0.04366442344556026,66.64956124805194,-0.35722810899748797,-0.2766794167789274,3.422293358927578,66.65114868138735,-174.24393301480353,-12.973586054053708,11.411317291487457,0.0,-0.014901234588054172,43.149364467630825,-96.66094103225277,11.611670633791222,-0.07572331211237537,0.0,0.0,1779.9499999999996,-3.30369,0.0,0.0,0.0,0.0,0.0,0.0,0.0,0.0,0.0,0.0,0.0,1256.0900000000001,-0.09666210000000003,0.0,0.0,0.0,0.0,0.0,0.0,0.0,0.0,0.0,0.008004302131243689,0.3768536546854905,5727.401858654766,-233.4073749599354,0.0,1.9356097429532683e-08,0.0,-7.943968786836995e-09,53.944172665037286,-0.03382162815277161,53.944172665037286,0.0,1.4409643176247362,-4.79791380759747,0.977764873386241,4478.009892870027,10.588082588929774,0.0,9.995970806370886e-20,0.0,4.31261147326566e-17,21.161869596569115,-0.08781820897085624,21.161869596569115,0.0,9.42761413181034,999.0,4.012425994596292,1.9975490435081995,3.5619928058095995,gaze,0.6286929718029837,0.3262265793344028,-105.27847097049407,101.6416935208947,239.6769898256435,27.340018585164493,1.3207133870934686,-34.177964865702485,-0.11765172125013859,0.2584858797201857,0.9449912629515711,4.501555197562166,-31.224739279148118,-0.852807176507072,-34.52288802035525,-0.18157268498680323,0.17220968172437398,0.9569747362261479,4.707898896405806,-29.22813892976834,-0.3043096729940671,-34.30180330022522,-0.1602751434296429,0.2145519342584254,0.9482578067732235,4.641554961056701,239.4525979782514,False,-0.36902391336831947,imu,-1.3765667650690172,-9.41996917699453,2.9430519619945694,-17.272830556357,57.4385611628013,-9.275595445240498,73.0356668,-5.743518000000014,-3.949014400000006
232.943,-0.244257,3.62112,4479.34,6.80532,1.87404,-0.172537,-173.88,18503.9,-0.00105098,-0.171005,-2.68713,0.518595,1.87404,-13.8541,0.416687,-0.05095,66.6125,-0.419254,-0.266941,3.61861,66.6141,-173.88,-10.0473,11.8737,0.0,0.0,43.893,-96.0,11.0,-0.075455,0.0,0.0,1779.95,-3.30369,0.0,0.0,0.0,0.0,0.0,0.0,0.0,0.0,0.0,0.0,0.0,1256.09,-0.0966621,0.0,0.0,0.0,0.0,0.0,0.0,0.0,0.0,0.0,0.00800192,0.376856,5727.4,-233.416,0.0,1.93e-08,0.0,-7.94e-09,53.9442,-0.033913,53.9442,0.0,1.44097,-8.6058,0.949463,4478.03,10.5365,0.0,-2.09e-20,0.0,3.52e-18,20.7648,-0.0854389,20.7648,0.0,9.41706,999.0,4.0,2.0,3.421260332450729,gaze,0.6286992392333596,0.3262415684893636,-105.66105130660816,101.86636467512996,239.53694164688727,27.339945501295517,1.3210105165604764,-34.17854407559951,-0.11766277799444802,0.25846951061876594,0.9449917883041283,4.501503837504835,-31.224785255824386,-0.852788205185373,-34.523044585905815,-0.18157140035353558,0.17219340745697748,0.9569747486701454,4.707872805184382,-29.27497733376314,-0.3042442223555905,-34.30198157519652,-0.16028040734507507,0.21453740373653157,0.9482579004118918,4.641514599625806,240.08938499898298,False,-0.3688613338079481,imu,-1.3765291980354284,-9.419927730425341,2.9432097794330225,-17.309358993391708,57.60053398445778,-9.287405496713653,70.31638486522718,-3.503517039106338,-3.7571447916734018
232.950503,-0.2603104305584119,3.4558536043846533,4479.203306242397,6.797409715585121,1.7615587805815567,-0.19911405328465262,-174.10456815139833,18501.73410916429,-0.0016109022767112698,-0.1977787983000334,-2.2125161109543505,0.4567704396317055,1.7615587805815567,-14.562632366128062,0.6712670258946192,-0.0444305638151335,66.63973641528003,-0.3664020733306603,-0.278438174545724,3.4536431731914092,66.64132916519588,-174.13666669911197,-13.938423025697226,11.44459365337074,0.0,-0.01408634363338194,42.41502449533848,-102.31423962128326,11.62208580748947,-0.07598105477417462,0.0,0.0,1779.9499999999996,-3.3036899999999996,0.0,0.0,0.0,0.0,0.0,0.0,0.0,0.0,0.0,0.0,0.0,1256.0900000000001,-0.0966621,0.0,0.0,0.0,0.0,0.0,0.0,0.0,0.0,0.0,0.007972692172889262,0.3768567443352317,5727.4280829851305,-233.51988032553297,0.0,1.9383982120385693e-08,0.0,-7.949262149846276e-09,53.94439333026681,-0.03381872231920495,53.94439333026681,0.0,1.440970278273183,-4.844061849072919,0.9745697411833729,4478.023694759329,10.540501755132365,0.0,2.239565374236085e-20,0.0,6.907126589440529e-17,21.079294703318023,-0.08752455841276224,21.079294703318023,0.0,9.42570545677172,998.9999999999999,4.0105569818606766,1.997895954761281,3.427570106041021,gaze,0.6289457490655551,0.3268559545131468,-128.0107385289394,107.60945337995443,233.05669287746662,27.33707309089607,1.3319274054626928,-34.20300984987247,-0.11810367399610935,0.2577987285661843,0.9450146966762286,4.499421212511572,-31.226544289698555,-0.8521108009281045,-34.529327317869786,-0.18151102777895362,0.17152769977167723,0.9569769472292947,4.706805318631187,-31.08630273352478,-0.3016650328300015,-34.309164367725444,-0.16048513665422093,0.21394224619957353,0.9482635231539647,4.639870781278321,263.6073182440317,False,-0.3622234689244744,imu,-3.3502538328,-9.6876827488,2.3531331152,-19.2678896,68.34592430000001,-10.96581509,70.17285751160387,-3.488507673341103,-3.892298487325769
232.958987,-0.2617102640272489,3.490596555576595,4479.047147660812,6.784270154807255,1.789513051260659,-0.19388270615313688,-173.9810413638362,18499.373798160465,-0.0013957261309149385,-0.192521693374062,-2.1974899782352244,0.4584540724910706,1.789513051260659,-16.63685053104514,0.6018196101162915,-0.04528782271089911,66.62875142551513,-0.37669848042710574,-0.28028942799650514,3.488340873597043,66.63035052753847,-174.01658485509765,-14.978988776616527,11.47776596287066,0.0,-0.013124570493310703,41.577744075375406,-107.07629089064639,11.627948973515132,-0.07627418430229695,0.0,0.0,1779.9499999999998,-3.3036900000000005,0.0,0.0,0.0,0.0,0.0,0.0,0.0,0.0,0.0,0.0,0.0,1256.0900000000004,-0.09666210000000001,0.0,0.0,0.0,0.0,0.0,0.0,0.0,0.0,0.0,0.00793793914485091,0.37686014014007746,5727.457047908064,-233.64403401617827,0.0,1.9417656310161593e-08,0.0,-7.955102752956282e-09,53.94463594720099,-0.033815446743903486,53.94463594720099,0.0,1.4409768286425377,-4.885133635073824,0.9708349304366627,4478.039030058373,10.488027230973033,0.0,-6.662070387274637e-20,0.0,9.869751712586414e-17,20.985714483870645,-0.08718157630648495,20.985714483870645,0.0,9.422509240411259,999.0000000000001,4.008365798551828,1.9983034242312767,3.2794306646068403,gaze,0.6292064534054076,0.3275658138686347,-158.0299105499446,103.38690494105612,225.3677850637365,27.33404045144305,1.3415604140239716,-34.23286596364292,-0.11858451206810114,0.25702407956756723,0.94504436494763,4.497067189181434,-31.228285314071762,-0.8515608907189229,-34.53627346840144,-0.1814233578423797,0.17076168648136036,0.9569834124277181,4.705576337427696,-32.896651198372986,-0.2989255921070049,-34.31717423326228,-0.16069606720868754,0.21325558884433635,0.9482741688440577,4.6379958591489245,277.7509602033978,False,-0.35461416329840195,imu,-2.9405191648,-9.725964528,2.4069668672,-20.03053442,74.23025247,-11.89295193,70.00727061556236,-3.4715653305637475,-4.045110610002562
232.959,-0.250929,3.52009,4479.05,6.7751,1.87853,-0.164617,-173.692,18499.5,-0.000671191,-0.16307,-1.44115,0.47584,1.87853,-16.1774,0.16206,-0.0514801,66.5967,-0.431883,-0.273584,3.51836,66.5983,-173.692,-14.2969,11.6733,0.0,0.0,42.282,-108.0,11.0,-0.075455,0.0,0.0,1779.95,-3.30369,0.0,0.0,0.0,0.0,0.0,0.0,0.0,0.0,0.0,0.0,0.0,1256.09,-0.0966621,0.0,0.0,0.0,0.0,0.0,0.0,0.0,0.0,0.0,0.00793809,0.376863,5727.46,-233.645,0.0,1.84e-08,0.0,-7.96e-09,53.9446,-0.0339188,53.9446,0.0,1.44099,-8.76051,0.903231,4478.05,10.4532,0.0,-2e-20,0.0,3.36e-18,20.264,-0.0812885,20.264,0.0,9.1832,999.0,4.0,2.0,3.1472590948317265,gaze,0.6292068382058894,0.32756691385125075,-158.07031747038664,103.37105274979038,225.35701918428154,27.334035979790386,1.3415729309450675,-34.23291340580915,-0.11858523443788581,0.25702287946996905,0.9450444134726989,4.497063582874011,-31.22828778018161,-0.8515602238128641,-34.53628398298002,-0.1814232077420393,0.1707605019841915,0.9569834255718309,4.705574436388073,-32.899208267940274,-0.29892153856568143,-34.317186415121625,-0.16069637368969147,0.2132545255889654,0.9482741886453449,4.637992973056095,277.75789467802264,False,-0.35460241949229687,imu,-1.3732008019422253,-9.416380293305803,2.956760585817046,-20.183244894844442,70.8532331587026,-10.204584388683006,70.00701430293287,-3.471539395254291,-4.04534467462803
232.96025,-0.26190989241876417,3.495777772813014,4479.023905245954,6.782296619748514,1.7937020544326585,-0.19309922086096842,-173.96249523130876,18499.025665812216,-0.001363182087769955,-0.1917343415530292,-2.1949784684387423,0.4587027107926798,1.7937020544326585,-17.142164488007847,0.5913120761915879,-0.045416506903224255,66.62710333613285,-0.37824689798784916,-0.28055689297753983,3.4935152993500083,66.6287034277905,-173.99855399248423,-15.13155460852674,11.48237936559661,0.0,-0.012975731819619727,41.450713345523724,-107.32552565773459,11.628285909064724,-0.07631860918343054,0.0,0.0,1779.9499999999998,-3.30369,0.0,0.0,0.0,0.0,0.0,0.0,0.0,0.0,0.0,0.0,0.0,1256.0900000000001,-0.09666210000000001,0.0,0.0,0.0,0.0,0.0,0.0,0.0,0.0,0.0,0.007932777102788625,0.3768606444403091,5727.461362148189,-233.66251656454983,0.0,1.9422931896206968e-08,0.0,-7.955972160741088e-09,53.944671985252874,-0.03381495288320384,53.944671985252874,0.0,1.440977801334077,-4.890324189312015,0.9702600089630175,4478.0413223994765,10.480218460929123,0.0,-8.018298915013112e-20,0.0,1.031981798007797e-16,20.971561206566186,-0.0871288019836535,20.971561206566186,0.0,9.421934646045429,999.0000000000001,4.008027841702988,1.9983663365247009,3.2573955874761777,gaze,0.83601619261448,0.1515303054992802,-162.0002795500379,101.2281823096329,221.0611385423041,27.333608516770003,1.3427441120964168,-34.237498475771034,-0.11865448705014671,0.2569072986651056,0.945049123129319,4.496716833492629,-34.54235157812515,1.867457660297775,-38.41523434198179,-0.4169522721572869,0.325038077779393,0.8488233330536767,4.855810642242432,-32.500528843694134,0.5500921731001924,-36.38423906420466,-0.2331411992921853,0.2361909494107772,0.9308424124254682,4.956049251556396,277.8174224914044,False,-1.0,imu,-1.3729342308909485,-9.41610625847059,2.957810995418783,-20.380128366464213,71.79086788049824,-10.266630951998843,69.98233279233487,-3.4690459901709434,-4.067848933867001
232.967471,-0.263007173776731,3.5254451991585527,4478.891043987674,6.770925694309186,1.8177895671398057,-0.1885962463749507,-173.8556751909838,18497.052008152434,-0.0011745498382369937,-0.18720910048223505,-2.1799477089948325,0.4601142189929332,1.8177895671398057,-20.031710485674928,0.5303880608494689,-0.04615757495524035,66.61761735070829,-0.38717799013004506,-0.28204519907187403,3.5231436206581686,66.6192233217947,-173.8946914358946,-15.991441439090181,11.507107344392967,0.0,-0.012096343982452643,40.712693546574776,-107.23301872982383,11.627392791665537,-0.07657655006216872,0.0,0.0,1779.9499999999996,-3.3036899999999996,0.0,0.0,0.0,0.0,0.0,0.0,0.0,0.0,0.0,0.0,0.0,1256.09,-0.0966621,0.0,0.0,0.0,0.0,0.0,0.0,0.0,0.0,0.0,0.007903321353588538,0.37686352160863607,5727.4860394527095,-233.7681874838787,0.0,1.9454411315005275e-08,0.0,-7.960942493790813e-09,53.944877631038125,-0.033812098058372375,53.944877631038125,0.0,1.440983350386554,-4.915207229475037,0.966877896648923,4478.054475422725,10.435588616334355,0.0,-1.5928605492872407e-19,0.0,1.29383948932481e-16,20.889527902467236,-0.0868184560155239,20.889527902467236,0.0,9.418153121699714,999.0,4.00603605772827,1.9987374455189997,3.1315050240284736,gaze,0.6294480417338122,0.32829161539164087,-176.9720802550879,88.79661163299293,219.65557577288737,27.33123610831511,1.3482458059889215,-34.2648561960078,-0.11904656437438887,0.2562323910877821,0.9450780257940843,4.494714162098099,-31.229763767207622,-0.8512398029539633,-34.54305134533863,-0.18131517119558502,0.16998172510341458,0.9569940945184462,4.704324045121949,-34.40960771948794,-0.29637390383146256,-34.32506444526513,-0.16088521517498477,0.21255451094410446,0.9482893591435367,4.636103804657277,271.37337962688554,False,-0.34689542783878025,imu,-2.52719558,-9.7756112104,2.4775488976,-20.92776362,78.46218353,-12.28175125,69.83838537150665,-3.4546570075677305,-4.197752622777857
232.975,-0.366554,3.42941,4478.75,6.74399,1.87907,-0.157367,-173.507,18495.3,0.000611761,-0.15581,-0.916076,0.434306,1.87907,-22.3651,-0.0840095,-0.0518209,66.5812,-0.443732,-0.389337,3.42564,66.5829,-173.507,-20.7188,11.4399,0.0,0.0,40.527,-108.0,11.0,-0.075455,0.0,0.0,1779.95,-3.30369,0.0,0.0,0.0,0.0,0.0,0.0,0.0,0.0,0.0,0.0,0.0,1256.09,-0.0966621,0.0,0.0,0.0,0.0,0.0,0.0,0.0,0.0,0.0,0.007874,0.376869,5727.51,-233.876,0.0,1.76e-08,0.0,-7.97e-09,53.9451,-0.0339232,53.9451,0.0,1.441,-8.88465,0.857349,4478.08,10.3709,0.0,-1.91e-20,0.0,3.21e-18,19.7564,-0.077167,19.7564,0.0,8.94638,999.0,4.0,2.0,2.867413789479977,gaze,0.6296464519008342,0.3289489565432813,-182.1973526704559,74.81280719099583,217.09136557348992,27.328938384699313,1.3516547411897404,-34.29483823555669,-0.11944088029538863,0.25551564813236005,0.9451112382668982,4.492626873380393,-31.23085648215502,-0.8511460372169527,-34.54892491931361,-0.1812020481710346,0.16927799109086858,0.9570070998322808,4.7031931629836,-35.470187532227285,-0.2942665860269255,-34.331965711692725,-0.1610348712346438,0.21192036137798512,0.9483066397732955,4.634410417464385,248.93810486186763,False,-0.3399543161472108,imu,-1.3697184694837183,-9.412907005468224,2.9701142840469474,-22.330197362864915,81.20264001152104,-10.877964766499938,69.68592093157028,-3.4396827495495503,-4.332938074120264
232.975955,-0.26419955272236284,3.560397487910032,4478.734996176754,6.757374137809105,1.846390924823245,-0.18325425002575624,-173.7284529019231,18494.770777053433,-0.0009472906191247839,-0.18184059199022995,-2.1624774891262666,0.46175059381572786,1.846390924823245,-21.37268476717088,0.4569446958301103,-0.04703994406411749,66.60633510141899,-0.3978427002167755,-0.2837039615042282,3.5580493608959483,66.60794846686534,-173.77096769492738,-16.973473311679815,11.532506005089882,0.0,-0.011000763499424998,39.82032856929885,-109.62147584429681,11.619870987949133,-0.07688826364558941,0.0,0.0,1779.9499999999994,-3.3036899999999996,0.0,0.0,0.0,0.0,0.0,0.0,0.0,0.0,0.0,0.0,0.0,1256.0900000000001,-0.0966621,0.0,0.0,0.0,0.0,0.0,0.0,0.0,0.0,0.0,0.007868837856694507,0.37686688882464237,5727.515057613053,-233.8923407732379,0.0,1.9494284166544985e-08,0.0,-7.966781374749787e-09,53.945118388507254,-0.03380867538683232,53.945118388507254,0.0,1.4409898436680464,-4.933581062305865,0.9626954352978324,4478.070031408407,10.383187537969999,0.0,-2.556619237051055e-19,0.0,1.6114765801157264e-16,20.79070398301009,-0.08643490743106644,20.79070398301009,0.0,9.412620117128675,999.0,4.003564026303418,1.9991987504615614,2.9837960821354548,gaze,0.6296705459513111,0.32903322002013824,-182.36342610970192,73.43204382392975,216.92772075856777,27.328659754492453,1.3519150774073938,-34.29873794002778,-0.11948984010825645,0.25542378678716254,0.9451156753765321,4.492362175898233,-31.230980375105478,-0.8511469689324287,-34.54966042217318,-0.18118655244744009,0.16918795528551783,0.9570089861046506,4.703048403265683,-35.584430065862115,-0.29400984227035615,-34.33283428904363,-0.16105263298866493,0.2118391225553921,0.9483090867954387,4.634194663440507,245.22391332943894,False,-0.3390677738169153,imu,-2.2358951664,-9.8180800592,2.6127314304,-21.92966956,81.41556298,-11.96772103,69.66641614998993,-3.4377855464944664,-4.350060784723787
232.980231,-0.264760390702933,3.5780523328940355,4478.656368378882,6.750464859724691,1.8609301700725032,-0.180540659504252,-173.6636231004873,18493.637006783494,-0.0008304183730765058,-0.17911349431087295,-2.15460301191859,0.46256623873249386,1.8609301700725032,-20.64897474395288,0.41915736033676765,-0.04748948602234463,66.60059289592189,-0.4032886560019849,-0.28450273701040657,3.5756804959722093,66.60221018993313,-173.707910311886,-17.45633568971206,11.543776962930385,0.0,-0.010422767831004914,39.36035455947904,-113.588472174921,11.6132619088872,-0.07704894816251152,0.0,0.0,1779.9499999999994,-3.3036899999999996,0.0,0.0,0.0,0.0,0.0,0.0,0.0,0.0,0.0,0.0,0.0,1256.09,-0.0966621,0.0,0.0,0.0,0.0,0.0,0.0,0.0,0.0,0.0,0.007851508515310633,0.37686858055148115,5727.52969307061,-233.95491491424062,0.0,1.9515573897261737e-08,0.0,-7.969723889658784e-09,53.94523938311146,-0.03380692201389862,53.94523938311146,0.0,1.4409931055947298,-4.938179098797869,0.9605009822733223,4478.077913846077,10.356791743763322,0.0,-3.0566204069729896e-19,0.0,1.7757056084155064e-16,20.7398865303379,-0.08623376103243412,20.7398865303379,0.0,9.409379975622612,999.0,4.002262978302703,1.9994418269219196,2.909432715546249,gaze,0.8802713703240883,0.2681892806897907,-182.5612027396136,69.12182537935428,221.0117006583305,27.327447553498804,1.3526008687030244,-34.316441985639656,-0.11970614194476674,0.2550098727009377,0.9451361614593874,4.491177166328802,-34.62730249343078,0.9343233042836516,-37.6620142986282,-0.4839351840893551,0.2230613220795147,0.8461976035138252,4.595809459686279,-33.40262338072047,1.0266394808418124,-37.09992046106038,-0.3183635083999147,0.2639985636160685,0.9011250010944654,4.9462896347045895,227.53614942009585,False,-1.0,imu,-1.3685473179822667,-9.411787721752432,2.9744366589434836,-22.83883802173632,83.69884514082119,-11.037706056242152,69.5786437747969,-3.4292970683588897,-4.426646787448824
232.984438,-0.265285661978033,3.5954472091389746,4478.579023570765,6.743614909090438,1.8753163049689583,-0.17785693011721493,-173.59937302735858,18492.532296151134,-0.0007138929466588791,-0.17641638036991408,-2.147975117728722,0.46336272216139796,1.8753163049689583,-19.138048090303926,0.38147063953981974,-0.04793494804415316,66.59490696436134,-0.4086934326077095,-0.28526400143658814,3.593051880925698,66.59652825690175,-173.64540967632456,-17.923290977536922,11.553846290539528,0.0,-0.009837063443276138,38.90118964683801,-118.51401924932578,11.6048209624125,-0.07720939911537317,0.0,0.0,1779.9499999999991,-3.3036899999999996,0.0,0.0,0.0,0.0,0.0,0.0,0.0,0.0,0.0,0.0,0.0,1256.0899999999997,-0.0966621,0.0,0.0,0.0,0.0,0.0,0.0,0.0,0.0,0.0,0.007834491751513009,0.376870241477516,5727.544098957967,-234.0164792953736,0.0,1.9537306945056275e-08,0.0,-7.97261871018521e-09,53.94535819813185,-0.03380517826387244,53.94535819813185,0.0,1.440996307889693,-4.939531294582701,0.9582848514413492,4478.085696719751,10.330831803371185,0.0,-3.5579832779802384e-19,0.0,1.940019487262353e-16,20.689223653350155,-0.08603068715945555,20.689223653350155,0.0,9.405893982175144,998.9999999999999,4.000946237312205,1.9996880217949387,2.8363241278578912,gaze,0.6298739791910969,0.3297903955169526,-182.47285817528004,67.834167987801,216.77269579831776,27.326311297360867,1.352504473184562,-34.334218040255124,-0.1199143039571474,0.2545984915549624,0.9451573041036028,4.490011554361755,-31.23193582192342,-0.8512817398228478,-34.55609946143654,-0.18103760878382902,0.1683806152558222,0.9570280766020368,4.70174953389643,-36.388050613942525,-0.291833482646255,-34.3404821868653,-0.16119836178612987,0.21110962301261665,0.9483333406836132,4.632268714676414,207.88449817184028,False,-0.33113266688412984,imu,-2.150957468800001,-9.870717505600002,2.6910894472,-23.05868297,83.48666705000001,-11.4219066,69.49160695203187,-3.4209557534841712,-4.501853078635335
232.991,-0.217602,3.43557,4478.46,6.71199,1.87566,-0.150712,-173.326,18491.2,0.0018273,-0.14915,-3.08671,0.396388,1.87566,-16.4369,-0.339187,-0.0519627,66.5664,-0.454869,-0.241005,3.43278,66.5682,-173.326,-16.8592,11.1744,0.0,0.0,38.628,-126.0,11.0,-0.075455,0.0,0.0,1779.95,-3.30369,0.0,0.0,0.0,0.0,0.0,0.0,0.0,0.0,0.0,0.0,0.0,1256.09,-0.0966621,0.0,0.0,0.0,0.0,0.0,0.0,0.0,0.0,0.0,0.0078091,0.376875,5727.57,-234.114,0.0,1.74e-08,0.0,-7.98e-09,53.9455,-0.0339232,53.9455,0.0,1.44101,-8.91692,0.812519,4478.1,10.2912,0.0,-1.82e-20,0.0,3.06e-18,19.2283,-0.0731326,19.2283,0.0,8.70069,999.0,4.0,2.0,2.602171108920416,gaze,0.63001830643704,0.33038675492632485,-182.98349753196916,70.75706106914778,217.88099684076613,27.324650511145357,1.3508105371399992,-34.36255068780794,-0.12022979036751728,0.25394865481560214,0.945192235122629,4.488194014684224,-31.23249639583897,-0.8515416799786194,-34.56096397656953,-0.18090850049449045,0.1677468191837316,0.9570457197887999,4.700728744885578,-36.73976433275332,-0.29027838913724097,-34.34631476432466,-0.16129626535363328,0.2105356565645676,0.9483552029414029,4.630767255291063,179.45435666734176,False,-0.3249204905597149,imu,-1.3660866272294365,-9.409508931797765,2.9832667666201784,-23.550106607181583,87.32431527230314,-11.266192404292143,69.35456847948447,-3.4079661131942895,-4.618825905846137
232.992922,-0.2662641304881024,3.6306005236213426,4478.423090362093,6.729642539425471,1.9045751500872818,-0.1724025849945755,-173.46838827406563,18490.337853582332,-0.00047421776501561583,-0.1709347538715441,-2.139648271767369,0.4649506970956074,1.9045751500872818,-15.114936968775957,0.3039199942594476,-0.04884292291644639,66.5833311963976,-0.4197348719072195,-0.28672414142402863,3.6281573240620615,66.58496095910034,-173.5179687924404,-18.840135978122998,11.57101826112141,0.0,-0.008604056445636984,37.95546294360755,-126.15869179550627,11.58165558436247,-0.07754014554700599,0.0,0.0,1779.9499999999998,-3.3036899999999996,0.0,0.0,0.0,0.0,0.0,0.0,0.0,0.0,0.0,0.0,0.0,1256.0900000000001,-0.0966621,0.0,0.0,0.0,0.0,0.0,0.0,0.0,0.0,0.0,0.007800273995573067,0.3768735804415752,5727.573170328257,-234.14063236310162,0.0,1.958352743821992e-08,0.0,-7.978455878786584e-09,53.9455971231994,-0.03380160497662038,53.9455971231994,0.0,1.4410027447387896,-4.932312834854745,0.9536418530249282,4478.101475609179,10.278510718018797,0.0,-4.5978144084598065e-19,0.0,2.279719541302835e-16,20.58503157953523,-0.08560540547619318,20.58503157953523,0.0,9.397955898927552,999.0,3.998178238105988,2.0002061272092377,2.6890573294694256,gaze,0.6300584294560382,0.3305631753942499,-183.25341783324973,72.15812847994425,218.3501163090352,27.32418977867177,1.349955100593851,-34.37096773720494,-0.12032007399385401,0.253756440336433,0.9452029167351887,4.487661792122153,-31.232631169108252,-0.8516434776156213,-34.56236953066751,-0.18086839729313134,0.1675596594825418,0.9570513617418501,4.700427104278006,-36.79695522755893,-0.2898440974720759,-34.34800928968868,-0.16132249751530894,0.2103659552373316,0.9483621178095015,4.630325560872656,172.17675333522612,False,-0.323088772549739,imu,-2.0672160768,-9.80970592,2.668957793600001,-24.51668042,84.85494158,-11.16021475,69.31414819814495,-3.404166467386847,-4.653001071262457
233.000323,-0.26702839880678575,3.661346011870514,4478.28711029969,6.717279269534762,1.9303706665756255,-0.1675981067693219,-173.35256743860128,18488.461047819277,-0.00025996694493130327,-0.16610615818442256,-2.140188354039753,0.4663158569559178,1.9303706665756255,-12.7474981512101,0.23455799034154745,-0.049645598647314736,66.57311438581903,-0.42952323154599725,-0.28791493571516585,3.658860504083759,66.57475198688775,-173.40525538054627,-19.612741905284903,11.582500681840813,0.0,-0.0074712344693782795,37.10912613141538,-127.2959833883812,11.5543500692358,-0.07783657936582383,0.0,0.0,1779.9499999999998,-3.30369,0.0,0.0,0.0,0.0,0.0,0.0,0.0,0.0,0.0,0.0,0.0,1256.0900000000001,-0.09666210000000001,0.0,0.0,0.0,0.0,0.0,0.0,0.0,0.0,0.0,0.007770531598346973,0.37687648174299604,5727.598552399885,-234.24893700065948,0.0,1.962648494933874e-08,0.0,-7.983547224517936e-09,53.94580480875575,-0.03379842525929504,53.94580480875575,0.0,1.4410083370607378,-4.914659008252064,0.9493995891130886,4478.115331982381,10.23290316398874,0.0,-5.536722520502376e-19,0.0,2.585273866618238e-16,20.49191015294908,-0.08521701768372687,20.49191015294908,0.0,9.390028386295082,999.0000000000001,3.995638113968056,2.00068219375471,2.5607735042398736,gaze,0.8857588132897644,0.2379023938634328,-183.7288106758372,76.7551180015627,218.7334525927885,27.32252429417157,1.345125259482867,-34.40375812717015,-0.12065875558002236,0.25300837669236176,0.9452459521299555,4.48561294970852,-34.43092526485428,0.2420403620393987,-36.80902030135987,-0.4883971796882288,0.2502967220569935,0.8359543921770543,4.577405452728271,-34.0278492317598,1.1781520827331151,-37.5084476259059,-0.3769025788150624,0.2711758306306949,0.8769284211505394,4.869042110443115,150.39394909788578,False,-1.0,imu,-1.363903220626074,-9.407564005717385,2.9908361848854574,-23.780451997493216,88.825452379893,-11.351754260726793,69.15738249002501,-3.3895572524409103,-4.7841856644368415
233.001406,-0.2671331865143057,3.6658511745521793,4478.267215911925,6.71545639899888,1.9341667062044923,-0.16689141575918973,-173.3354968197815,18488.189411932013,-0.0002282075539583599,-0.16539591296597855,-2.141038172234799,0.46651403924474344,1.9341667062044923,-12.610999972648749,0.22427321695208724,-0.04976388970725418,66.57161010788607,-0.43096789113526046,-0.2880826367269674,3.6633594326541026,66.57324889144542,-173.3886406269363,-19.723689458186165,11.583902567236125,0.0,-0.007300956271325175,36.98362785611047,-127.20637334925385,11.549773500470094,-0.07788057991400751,0.0,0.0,1779.9499999999994,-3.303689999999999,0.0,0.0,0.0,0.0,0.0,0.0,0.0,0.0,0.0,0.0,0.0,1256.0899999999997,-0.09666209999999999,0.0,0.0,0.0,0.0,0.0,0.0,0.0,0.0,0.0,0.0077661876992766695,0.37687690540473306,5727.6022682957955,-234.2647853881478,0.0,1.9632978718935143e-08,0.0,-7.984292194851991e-09,53.94583514214618,-0.03379795503806923,53.94583514214618,0.0,1.4410091536151586,-4.911154657384321,0.948763669820154,4478.117366797276,10.226232116761441,0.0,-5.676627792993373e-19,0.0,2.6307140184502506e-16,20.47810793628573,-0.0851588121705115,20.47810793628573,0.0,9.388789230009014,998.9999999999998,3.9952564409311524,2.0007537734823435,2.542016041627434,gaze,0.6302239156962253,0.3313513233834936,-184.02018590929282,76.62019629818298,220.94354520956404,27.322295036015788,1.344212699802818,-34.40859552803606,-0.12070712141318388,0.25289786184583135,0.9452525029422368,4.485313217237435,-31.23306717915768,-0.8522314602372809,-34.56846944772698,-0.18067903028700083,0.1667253296882401,0.9570788300724713,4.699081245536205,-36.7981545634501,-0.2880416962991563,-34.35541406748081,-0.16142508782416115,0.2096083216983912,0.9483954061421067,4.628365490038235,148.9733352877111,False,-0.31493756866990014,imu,-1.8799942504,-9.5213962704,2.638452000800001,-26.08683152,85.95404735,-11.09292256,69.13429997075923,-3.387422463780813,-4.80332286291641
233.007,-0.192432,3.37324,4478.17,6.67913,1.86803,-0.144701,-173.15,18487.2,0.00240542,-0.143142,-2.0027,0.357467,1.86803,-10.5741,-0.594971,-0.0518909,66.552,-0.465116,-0.215856,3.37173,66.5539,-173.15,-18.3925,10.8737,0.0,0.0,36.612,-126.0,11.0,-0.075455,0.0,0.0,1779.95,-3.30369,0.0,0.0,0.0,0.0,0.0,0.0,0.0,0.0,0.0,0.0,0.0,1256.09,-0.0966621,0.0,0.0,0.0,0.0,0.0,0.0,0.0,0.0,0.0,0.0077442,0.37688,5727.62,-234.353,0.0,1.72e-08,0.0,-7.99e-09,53.946,-0.0339232,53.946,0.0,1.44102,-8.94919,0.767689,4478.13,10.2116,0.0,-1.74e-20,0.0,2.92e-18,18.7001,-0.0690981,18.7001,0.0,8.455,999.0,4.0,2.0,2.3435729553184927,gaze,0.6303226792371239,0.33187932990272856,-183.294037625168,75.58459080771748,222.94005943145442,27.321169539434177,1.3386557537558956,-34.433675124433755,-0.1209520949425517,0.2523227746921254,0.9452873688058697,4.483765338871289,-31.233213249826527,-0.8527425496364555,-34.57239821503284,-0.18054319145354436,0.1661679632207985,0.9570992251186476,4.69818101729265,-36.57510191785928,-0.28695541371624406,-34.36022926643652,-0.16148097912151704,0.20910118723355384,0.9484198180869499,4.627063877951197,141.38243383897526,False,-0.3095045679711749,imu,-1.3623097161655273,-9.40618709371212,2.9962140479974275,-23.71921815655251,89.01007344036009,-11.34836823966616,69.01452785393946,-3.376408274521168,-4.901907620047346
233.00989,-0.26789118248109467,3.701197002783661,4478.111401197476,6.701054233933235,1.9640936231607455,-0.16132298790905686,-173.20068167115133,18486.088541459485,2.422298924968473e-05,-0.15979941935050482,-2.1560228217045267,0.46805245984112387,1.9640936231607455,-13.635588003914481,0.14250177443474754,-0.05069797495359564,66.55974469127725,-0.44239464586287597,-0.2893379227238365,3.698656041144875,66.56139305497905,-173.25740595044886,-20.574600639588343,11.59238099515615,0.0,-0.005926837248816368,35.98602411666708,-127.25872300976108,11.508552771020259,-0.07823081738620569,0.0,0.0,1779.9499999999994,-3.3036899999999996,0.0,0.0,0.0,0.0,0.0,0.0,0.0,0.0,0.0,0.0,0.0,1256.0899999999997,-0.0966621,0.0,0.0,0.0,0.0,0.0,0.0,0.0,0.0,0.0,0.007732231915008181,0.37688021645104175,5727.631392854308,-234.38893841635462,0.0,1.968569905589107e-08,0.0,-7.990127660875184e-09,53.946072261742856,-0.033794227547000774,53.946072261742856,0.0,1.4410155346825573,-4.87526383181666,0.9436470010145146,4478.133370846304,10.173997671641665,0.0,-6.795059685150869e-19,0.0,2.993179750371562e-16,20.36842087398749,-0.08469060841837134,20.36842087398749,0.0,9.378376489684573,999.0,3.9921769060034356,2.0013317338413907,2.3952032415054987,gaze,0.6303704859322667,0.332154688684638,-182.43372254805902,73.74144398263074,224.0112923068825,27.320626569161227,1.335228491189095,-34.44666176521718,-0.12107547284483766,0.2520228913365624,0.9453060564715763,4.482965882638695,-31.233244796202897,-0.8530449189121253,-34.57439883673214,-0.18046960741134893,0.1658777757144118,0.9571104714729172,4.697711942915417,-36.39110453681208,-0.2864259778798815,-34.36269592956833,-0.1615062032739742,0.20883684205503988,0.948433195527942,4.626388569482857,138.85164648676056,False,-0.3066796164173066,imu,-1.6383405192,-9.310248332,2.6599855016,-26.84947634,86.56715397,-11.24993767,68.95230945162626,-3.370726513994959,-4.95265508446787
233.018374,-0.2685364606307355,3.7366358208935115,4477.955647201854,6.686433775843257,1.9943585641869765,-0.155696864274091,-173.06392576938967,18484.036680524452,0.0002831598034345804,-0.1541448320314813,-2.1888297905664813,0.46956566925849447,1.9943585641869765,-16.44056573871828,0.058576918996781524,-0.051645305953153836,66.54773595972868,-0.45401730622352804,-0.29048842514923495,3.7340449556650155,66.54939447151362,-173.12424541200616,-21.39444956447953,11.59633369955199,0.0,-0.004480767390249326,34.962955963255,-129.93948551537724,11.45735195540119,-0.07859097403659078,0.0,0.0,1779.9499999999994,-3.303689999999999,0.0,0.0,0.0,0.0,0.0,0.0,0.0,0.0,0.0,0.0,0.0,1256.0899999999997,-0.09666209999999999,0.0,0.0,0.0,0.0,0.0,0.0,0.0,0.0,0.0,0.007698405693750528,0.3768835136646418,5727.66054399744,-234.51309149387595,0.0,1.974172702964264e-08,0.0,-7.995962279373665e-09,53.94630848877112,-0.033790421595786074,53.94630848877112,0.0,1.441021888104996,-4.823823733850031,0.9382885215252952,4478.149488320078,10.121809066114139,0.0,-7.953751638324623e-19,0.0,3.3672950484916136e-16,20.255938322898412,-0.0842004931990381,20.255938322898412,0.0,9.36670006564775,999.0,3.9889356411192014,2.0019407920131833,2.2486219262624623,gaze,0.6304981921103314,0.332973117671814,-178.43183946418466,65.73324013848024,227.16626356178975,27.319183830793374,1.3229591209951346,-34.48467257741426,-0.12142515916640191,0.25113166686367205,0.9453635704778829,4.480619843267941,-31.233165017406957,-0.854083036233654,-34.58015735872535,-0.18024023196414846,0.16501714984995802,0.9571462751556404,4.6963191874684584,-35.58818218681551,-0.284996598220469,-34.369854315702085,-0.16156591883545493,0.20805163828490764,0.9484754751049007,4.624394871794089,130.6114427392198,False,-0.2983154892333532,imu,-1.4122387608,-9.006386709600001,2.6372556952,-26.39338483,86.59706161,-11.0480611,68.76843092411013,-3.354081371307552,-5.100835311966525
233.020304,-0.2686673428221721,3.7447104465187437,4477.920223767184,6.683077097032191,2.0012909175562945,-0.1544088931394042,-173.0325428355548,18483.5768890656,0.0003429819307567395,-0.15285032982253938,-2.1992495425303904,0.4699063547332506,2.0012909175562945,-16.877857965734254,0.03918144765930309,-0.05186267408786009,66.544984226326,-0.456688889040362,-0.2907353557823744,3.742108132720986,66.5466451268659,-173.09368221344482,-21.576864768688246,11.59658845181134,0.0,-0.004141662419476232,34.72669430091193,-130.54253203623705,11.444242883674875,-0.07867430201624832,0.0,0.0,1779.9499999999991,-3.303689999999999,0.0,0.0,0.0,0.0,0.0,0.0,0.0,0.0,0.0,0.0,0.0,1256.0899999999997,-0.09666209999999999,0.0,0.0,0.0,0.0,0.0,0.0,0.0,0.0,0.0,0.007690728657908048,0.37688426181541107,5727.6671792155885,-234.54133472099144,0.0,1.975493850082299e-08,0.0,-7.997289461365547e-09,53.946362103441984,-0.033789544742099886,53.946362103441984,0.0,1.4410233295834964,-4.809864147004143,0.9370354288911795,4478.153170731182,10.109943410550649,0.0,-8.223027043729056e-19,0.0,3.454046534434094e-16,20.229956355424143,-0.08408590770091827,20.229956355424143,0.0,9.363865560285209,998.9999999999999,3.9881752965952737,2.0020837688150177,2.21530920955265,gaze,0.8641247895377991,0.2948465523321669,-178.0845052675363,62.99292543017708,225.7788977968982,27.318887081795012,1.3197053019096177,-34.493255932242,-0.12150210582553408,0.25092667003744085,0.9453772063663933,4.4800863364289505,-34.10396584496891,-0.1079091760749735,-36.39271399678981,-0.471002581117594,0.2064213406159856,0.8576402501741995,4.697847366333008,-34.37686196966521,1.3706060470942214,-37.90510375751267,-0.4154135815410439,0.2630921981466377,0.8628184134600305,4.838833904266357,128.51394060376086,False,-1.0,imu,-1.3590619530959014,-9.403483738943821,3.006820682158133,-23.03886159280074,87.35739229485995,-11.183178539829182,68.72636426539738,-3.3503021946831826,-5.134366817859286
233.023,-0.288373,3.23077,4477.87,6.64544,1.8564,-0.139311,-172.979,18483.3,0.00312242,-0.13776,-2.10104,0.315227,1.8564,-20.487,-0.858621,-0.0516007,66.5381,-0.474364,-0.311362,3.22707,66.54,-172.979,-25.1114,10.5406,0.0,0.0,34.524,-132.0,11.0,-0.075455,0.0,0.0,1779.95,-3.30369,0.0,0.0,0.0,0.0,0.0,0.0,0.0,0.0,0.0,0.0,0.0,1256.09,-0.0966621,0.0,0.0,0.0,0.0,0.0,0.0,0.0,0.0,0.0,0.00767968,0.376885,5727.68,-234.59,0.0,1.77e-08,0.0,-8e-09,53.9464,-0.0338809,53.9464,0.0,1.44102,-8.45889,0.730677,4478.15,10.1324,0.0,-1.65e-20,0.0,2.78e-18,18.2653,-0.0656861,18.2653,0.0,8.25124,999.0,4.0,2.0,2.085179635810676,gaze,0.6305598980295521,0.33342566595423734,-175.73401922201322,61.52814442109561,228.82797502449097,27.318492046708947,1.3148713912413028,-34.505180793877265,-0.1216079787339496,0.2506389189742349,0.9453965965213807,4.47934120385403,-31.23301345286946,-0.8547434199452159,-34.583225166622654,-0.18010679465249177,0.16454243174640934,0.9571675469773379,4.695549889590949,-34.99179121569506,-0.2842955778244499,-34.373705299907634,-0.16158949214869306,0.2076177593076432,0.9485004160870427,4.6233007444943395,122.74963706390227,False,-0.2937103301018628,imu,-1.3583921901890985,-9.402942469404724,3.0089522641687965,-22.813127080749673,86.7240078942674,-11.124701113267058,68.6674666306195,-3.345027795682372,-5.181089333970758
233.026858,-0.2690673529996629,3.77216541306862,4477.79995491408,6.671592741792299,2.024964205937749,-0.15001260500663238,-172.92521199035153,18482.035129593773,0.0005486894656240903,-0.14843170731478372,-2.2440470589409025,0.4710533770132368,2.024964205937749,-17.039321887370214,-0.027530312317611494,-0.052606010766435694,66.5355849471988,-0.46583805695863434,-0.2915325600719135,3.7695239539162593,66.5372541837256,-172.98913953866435,-22.18582372418255,11.59563919295794,0.0,-0.0029618083719637305,33.914689534846566,-131.53192758586064,11.395509878534913,-0.07896116684477086,0.0,0.0,1779.9499999999991,-3.303689999999999,0.0,0.0,0.0,0.0,0.0,0.0,0.0,0.0,0.0,0.0,0.0,1256.0899999999997,-0.09666209999999997,0.0,0.0,0.0,0.0,0.0,0.0,0.0,0.0,0.0,0.007664708085045167,0.3768867971297664,5727.689721718783,-234.63724466717943,0.0,1.9801101533647888e-08,0.0,-8.001796052888888e-09,53.946543830024126,-0.03378653627036522,53.946543830024126,0.0,1.4410282140467507,-4.755993703955689,0.9326848819207457,4478.165719783978,10.069667995081055,0.0,-9.153350524530939e-19,0.0,3.7532397094134637e-16,20.14062799245049,-0.08368816328794693,20.14062799245049,0.0,9.353742218615952,999.0,3.985528601358032,2.0025817422849492,2.1022751131005757,gaze,0.6306070900603179,0.33380645393684333,-173.40588294054467,58.78997414123353,230.15533498492456,27.317966227002962,1.3073668591877088,-34.52207788456293,-0.12175621545881206,0.2502243292451515,0.9454250375282347,4.478275156052952,-31.23282889236359,-0.8553449467203553,-34.585744711381246,-0.17999101085250668,0.16414360679072815,0.9571862296723237,4.694902976010595,-34.41348536477735,-0.28375317103447983,-34.37688869582477,-0.16160431383986912,0.20725283465105368,0.9485222333084641,4.622384474781159,114.04289894392527,False,-0.28984577274524836,imu,-1.1077789856,-8.8251464112,2.678528238400001,-24.86809519,85.72226314000001,-10.44243139,68.58292533260354,-3.3374897708072973,-5.247702407541098
233.035342,-0.26948218139481445,3.807783534987567,4477.644325329103,6.656528834249233,2.0559132385231838,-0.1442697675721285,-172.78452314460756,18480.0850452483,0.0008208991931521895,-0.14265959879642243,-2.3266338585910615,0.47251529176552864,2.0559132385231838,-15.17973342681604,-0.11584909842431224,-0.05358021821890302,66.52329270854057,-0.47785909746274713,-0.2924687338727249,3.80509078505386,66.52497325524949,-172.8520687351467,-22.95239468805356,11.590174335237828,0.0,-0.0013690155150828075,32.84145026677753,-131.78161593558528,11.32234539730938,-0.07934151370041595,0.0,0.0,1779.9499999999994,-3.3036899999999996,0.0,0.0,0.0,0.0,0.0,0.0,0.0,0.0,0.0,0.0,0.0,1256.0899999999997,-0.09666209999999999,0.0,0.0,0.0,0.0,0.0,0.0,0.0,0.0,0.0,0.007631138136953033,0.3768900669307448,5727.718926011854,-234.76139798304445,0.0,1.9863861775303385e-08,0.0,-8.007628983986249e-09,53.946778292306675,-0.03378257065022712,53.946778292306675,0.0,1.4410345126723674,-4.670908706099617,0.9268327083414115,4478.182065804951,10.017576164929045,0.0,-1.0394508553176111e-18,0.0,4.151195020327233e-16,20.02245737055516,-0.0831533132495827,20.02245737055516,0.0,9.339485081926224,999.0,3.981951688785416,2.0032553895650724,1.956165839328061,gaze,0.6306972394540217,0.3346545383327306,-168.31063128081053,55.2741087120727,232.8380495497665,27.31697311777488,1.2884197973178266,-34.55826941293963,-0.12206868096180515,0.2493010220232707,0.9454904496066697,4.475931879882245,-31.23223752249623,-0.8568297373714705,-34.59116062871371,-0.17972205454974532,0.1632573035990878,0.9572303229196802,4.693463311073606,-32.90108143581146,-0.28269526819637647,-34.383798569838476,-0.16162147193017967,0.20644055766903574,0.9485734578779182,4.620357461418819,92.59960402001123,False,-0.281271064683385,imu,-0.7775986400000001,-8.740806866400002,2.775428992000001,-22.69231438,83.65863598,-10.0760628,68.39605984194976,-3.320954429254883,-5.393096860294874
233.039,-0.160559,3.19875,4477.58,6.61093,1.84029,-0.134676,-172.813,18479.7,0.00371831,-0.133142,-3.24121,0.268121,1.84029,-11.9339,-1.13198,-0.0510604,66.5248,-0.482182,-0.183654,3.19672,66.5268,-172.813,-21.7368,10.18,0.0,0.0,32.391,-132.0,11.0,-0.075455,0.0,0.0,1779.95,-3.30369,0.0,0.0,0.0,0.0,0.0,0.0,0.0,0.0,0.0,0.0,0.0,1256.09,-0.0966621,0.0,0.0,0.0,0.0,0.0,0.0,0.0,0.0,0.0,0.00761675,0.376891,5727.73,-234.823,0.0,2.09e-08,0.0,-8.01e-09,53.9469,-0.0336584,53.9469,0.0,1.44104,-5.74628,0.726906,4478.17,10.0551,0.0,-1.58e-20,0.0,2.66e-18,18.227,-0.0649212,18.227,0.0,8.22582,999.0,4.0,2.0,1.849000406949584,gaze,0.6307303398507128,0.3350247121798897,-166.1496421979729,54.425947078342496,233.88474293543567,27.316614018605417,1.2792087351731833,-34.57333447881997,-0.12219767981778917,0.24889803399124652,0.9455198680214085,4.474921992772727,-31.231904079538293,-0.857538454134367,-34.593442827903885,-0.1796000295347786,0.16287126392628049,0.9572506081369405,4.692835344257593,-32.15511308094858,-0.2822962625825524,-34.38673932953352,-0.16162233941548004,0.20608620776141173,0.9485969189068086,4.619478380264389,84.93092733453913,False,-0.27754171317578863,imu,-1.3543385146026141,-9.399775994087944,3.0214776722197514,-20.91445923378982,81.22510835774737,-10.61538106918703,68.31513854313656,-3.3138430093392266,-5.455291964322852
233.040395,-0.2696734070123713,3.829038525457172,4477.551663844822,6.647450045276119,2.0745105022163193,-0.14082136428823794,-172.69978447084927,18478.94846635822,0.0009862352449076677,-0.13919356755702628,-2.391006448002231,0.4733736201548139,2.0745105022163193,-14.432546148409282,-0.16951395396488922,-0.054166917260176875,66.5159048895174,-0.4851148088595891,-0.29297435361334523,3.8263148933445597,66.51759245428879,-172.7694887435037,-23.399108543832263,11.584601590316014,0.0,-0.0003848876564290435,32.19044850695598,-133.36575958118513,11.273101797562397,-0.07957291873752516,0.0,0.0,1779.949999999999,-3.303689999999999,0.0,0.0,0.0,0.0,0.0,0.0,0.0,0.0,0.0,0.0,0.0,1256.0899999999995,-0.09666209999999999,0.0,0.0,0.0,0.0,0.0,0.0,0.0,0.0,0.0,0.007611204421813944,0.37689200793911615,5727.736332469617,-234.8353427548394,0.0,1.9902866258371892e-08,0.0,-8.01110263012611e-09,53.94691752124636,-0.03378017022607428,53.94691752124636,0.0,1.4410382511697153,-4.611669159659076,0.9232277126957236,4478.191856026064,9.986574806237806,0.0,-1.1153749349575848e-18,0.0,4.393995970030771e-16,19.95070338289672,-0.0828239339416347,19.95070338289672,0.0,9.330368886048872,998.9999999999999,3.9797388880890114,2.00367247947454,1.8692584937466612,gaze,0.8229114488846131,0.3274813806891041,-163.7790318055828,55.83088374374687,235.155342339684,27.316488021140504,1.2755301164449415,-34.5789758018262,-0.12224596686559924,0.24874357978228273,0.94553127951033,4.474536939437606,-33.70525443116723,-0.6621024907511561,-35.64979061901585,-0.4255094829118441,0.1848051301807993,0.8858830305468961,4.729485034942627,-34.28195992250927,0.454761931958939,-36.9857547115551,-0.4571593399928618,0.2379245185425372,0.8548997218931303,4.691271591186523,81.76415464011235,False,-1.0,imu,-1.3539787795057083,-9.399503650608589,3.022559524937345,-20.707082961285547,80.62265797786124,-10.55854047528144,68.28423011842955,-3.311133959131739,-5.478927988926113
233.043826,-0.26977925736998765,3.8434879137042306,4477.488759447806,6.641239741044924,2.087208365541797,-0.13846790673964693,-172.641841977515,18478.18743418965,0.0010998768457712786,-0.13682805735299008,-2.4419315148365266,0.47395112132055134,2.087208365541797,-14.47327832466417,-0.20640883491670758,-0.05456805790313181,66.51086031959498,-0.4900826418290827,-0.29329534322261086,3.8407431695700858,66.51255277077153,-172.71301328347977,-23.698994732367638,11.579814323050908,0.0,0.00029856223394660736,31.743420286085225,-135.4024268208588,11.237157167009254,-0.07973213340671276,0.0,0.0,1779.9499999999994,-3.3036899999999996,0.0,0.0,0.0,0.0,0.0,0.0,0.0,0.0,0.0,0.0,0.0,1256.0899999999997,-0.09666209999999999,0.0,0.0,0.0,0.0,0.0,0.0,0.0,0.0,0.0,0.007597694896014483,0.3768933231520061,5727.748156870102,-234.885551488564,0.0,1.9930047276981354e-08,0.0,-8.01346107525525e-09,53.94701188243548,-0.033778523808389076,53.94701188243548,0.0,1.4410407841466706,-4.567678986462955,0.9207286024213057,4478.198526951507,9.965535293564546,0.0,-1.1677883289856684e-18,0.0,4.561343764430038e-16,19.901393722905357,-0.08259563543034582,19.901393722905357,0.0,9.323910661130652,999.0000000000001,3.9782007521553355,2.003962549443843,1.8102971624172501,gaze,0.6307687037633034,0.3355172090171781,-163.32125841412994,53.456832069703765,235.16262382459175,27.316203817476584,1.2660920463803285,-34.59257871023391,-0.12236259902938298,0.24836189142588366,0.9455597981187411,4.47359007557993,-31.23139206045677,-0.8585364482227653,-34.596404880783,-0.17943347705247362,0.162358399663461,0.9572785421452485,4.692000200859805,-31.093242048909083,-0.28182242019502346,-34.39058346737225,-0.1616174810121862,0.20561493607395442,0.9486291358625626,4.618313919791153,78.3063813931759,False,-0.2725919747984546,imu,-0.4701481008,-8.6648414608,2.9124059832,-20.09782661,80.70525653,-9.78446331,68.20810739685915,-3.3044780449440534,-5.536861127205776
233.044347,-0.2697936251306206,3.8456832690861957,4477.479208290423,6.640293451299904,2.0891415304350307,-0.13810968251958938,-172.63301464994595,18478.072632459298,0.0011172313313690249,-0.136467997020921,-2.4502042855507833,0.4740384385146452,2.0891415304350307,-14.51934177936206,-0.2120437778430344,-0.05462916804965109,66.51009230706039,-0.4908399356967229,-0.29334249824039743,3.8429353089308242,66.51178550885408,-172.70440880396978,-23.744321540433784,11.579015758971718,0.0,0.0004034263834001191,31.675185940745223,-135.76626908746908,11.231517867640399,-0.07975645872337353,0.0,0.0,1779.9499999999991,-3.303689999999999,0.0,0.0,0.0,0.0,0.0,0.0,0.0,0.0,0.0,0.0,0.0,1256.0899999999995,-0.09666209999999997,0.0,0.0,0.0,0.0,0.0,0.0,0.0,0.0,0.0,0.007595645264269232,0.3768935226749408,5727.749952794323,-234.8931757268722,0.0,1.9934224230790257e-08,0.0,-8.0138191949908e-09,53.94702619886711,-0.03377827262507521,53.94702619886711,0.0,1.4410411683949265,-4.56072798112215,0.9203454639239328,4478.199541590533,9.962341178058848,0.0,-1.1758085641752521e-18,0.0,4.586932389085844e-16,19.893864217287344,-0.08256063770086684,19.893864217287344,0.0,9.322910904405104,999.0,3.9779646428151487,2.0040070865670248,1.8013473188916138,gaze,0.6307724848969412,0.3355706570793601,-163.01714906373633,53.35110331301232,235.2937071512776,27.3161638528672,1.264610253661202,-34.594608263158186,-0.12238004502520701,0.24830370731546872,0.9455641848786819,4.473446315414983,-31.23133188658451,-0.8586484670259151,-34.59672132961359,-0.17941511874078261,0.16230279117626312,0.9572816374448121,4.691909587870887,-30.97365745799879,-0.28177483865019676,-34.39099604291366,-0.16161654871668205,0.2055638029030242,0.9486326998685558,4.618187889883556,77.86094958254857,False,-0.2720556063956386,imu,-1.3529542504597556,-9.398735375750894,3.0256154329935243,-20.086985174747895,78.8261378626933,-10.387455605969803,66.6879228,-3.228834800000002,-5.304013600000001
233.05231,-0.269956882202189,3.8792762475313936,4477.333258277033,6.625723135328677,2.118852304113358,-0.1326065745723842,-172.49715116928866,18476.34314724699,0.0013857109277648156,-0.13093663113210613,-2.5956742884680946,0.47536057262969544,2.118852304113358,-16.091773835527572,-0.29923913478325226,-0.055569660180972535,66.49828887728461,-0.502510918895061,-0.2940107750605829,3.876478799177723,66.49999383612334,-172.5719533426289,-24.43169346920289,11.56443267931751,0.0,0.002041882322818458,30.620735806845286,-141.7471741459642,11.139223407746,-0.08013314568382043,0.0,0.0,1779.9499999999996,-3.3036899999999996,0.0,0.0,0.0,0.0,0.0,0.0,0.0,0.0,0.0,0.0,0.0,1256.0899999999997,-0.0966621,0.0,0.0,0.0,0.0,0.0,0.0,0.0,0.0,0.0,0.007564377407209243,0.376896565878083,5727.777414286913,-235.00970523114674,0.0,1.9999697877067028e-08,0.0,-8.019292329309692e-09,53.94724460723956,-0.03377439481137657,53.94724460723956,0.0,1.4410470286347725,-4.445389732161417,0.9143691412090683,4478.215103793723,9.913547110449167,0.0,-1.3004137675162316e-18,0.0,4.983870226346688e-16,19.777404092277386,-0.08201481995141657,19.777404092277386,0.0,9.307000833591742,999.0000000000001,3.974271586612858,2.00470404825421,1.6646721600627394,gaze,0.6308215502182608,0.3363943014961011,-158.40531871593237,51.60864406552114,237.14032570027732,27.315657595346753,1.2403639346732844,-34.6242751606208,-0.12263801708527525,0.24740708632773442,0.945633073896077,4.471249805880594,-31.230293709524545,-0.8604640729023278,-34.60147727340287,-0.17912539583766113,0.16144705665787226,0.9573308739531916,4.690513659196061,-29.03867790699904,-0.28113411658720744,-34.3972429475499,-0.16159243320566508,0.20477610078749744,0.9486892536279244,4.616253943035374,77.06545852178307,False,-0.263809124778563,imu,-0.2356722032,-8.657065474400001,3.0410088352,-17.34632373,76.52566384,-9.38071017,68.01934628132526,-3.288063297562658,-5.678839974026296
233.055,-0.207071,3.05684,4477.28,6.57562,1.81994,-0.13077,-172.653,18476.1,0.00484404,-0.129258,-3.54852,0.222813,1.81994,-17.6322,-1.39263,-0.0503045,66.512,-0.488558,-0.229504,3.05349,66.514,-172.653,-24.9356,9.79207,0.0,0.0,30.213,-144.0,11.0,-0.075455,0.0,0.0,1779.95,-3.30369,0.0,0.0,0.0,0.0,0.0,0.0,0.0,0.0,0.0,0.0,0.0,1256.09,-0.0966621,0.0,0.0,0.0,0.0,0.0,0.0,0.0,0.0,0.0,0.00755383,0.376897,5727.79,-235.057,0.0,2.41e-08,0.0,-8.02e-09,53.9473,-0.0334359,53.9473,0.0,1.44105,-3.03366,0.723135,4478.2,9.97788,0.0,-1.51e-20,0.0,2.53e-18,18.1887,-0.0641564,18.1887,0.0,8.2004,999.0,4.0,2.0,1.6236713782041354,gaze,0.6308344300469911,0.3366753833339269,-156.86574933401857,51.00599722856219,237.70224069089818,27.31553086090686,1.2314940766307865,-34.633653143848505,-0.1227214885702206,0.24710110026660528,0.9456571257143903,4.47050811339664,-31.229892855882298,-0.8611212181666418,-34.60304965309921,-0.17902366035899223,0.1611555285825415,0.9573483231243823,4.690037435764175,-28.344239276083353,-0.28095432299065215,-34.399328197481815,-0.16158011010649995,0.2045073958353164,0.9487092397475936,4.615597375559417,78.77707080652148,False,-0.26100280594537195,imu,-1.3501531646082636,-9.39668856023632,3.033786649897202,-18.200336065519835,73.41979414654328,-9.8571080348255,67.95937297253406,-3.2828720153514666,-5.7234593597271735
233.060376,-0.2700134287190269,3.9133770454146686,4477.185479456912,6.610757910412513,2.149263117597376,-0.1269784662676252,-172.35770974746654,18474.63980511293,0.0016639015300334492,-0.12527952450237698,-2.7830865682980184,0.47667585252175004,2.149263117597376,-17.73646572699144,-0.3896284806918767,-0.05653479608804971,66.48620889403226,-0.51451876139855,-0.2945863820984579,3.9105288250747336,66.48792631182232,-172.43596632351264,-25.12212087155984,11.545035393896807,0.0,0.0037704260727299474,29.530583301592106,-145.12054436271387,11.033618773651993,-0.08052414755922736,0.0,0.0,1779.9499999999991,-3.303689999999999,0.0,0.0,0.0,0.0,0.0,0.0,0.0,0.0,0.0,0.0,0.0,1256.0899999999992,-0.09666209999999997,0.0,0.0,0.0,0.0,0.0,0.0,0.0,0.0,0.0,0.007532817183547578,0.37689963640057844,5727.805254835754,-235.12774227994038,0.0,2.0069166688436886e-08,0.0,-8.024835508116696e-09,53.94746506969142,-0.03377039220621826,53.94746506969142,0.0,1.441052940588151,-4.310594215895361,0.9080830679254912,4478.230971715073,9.864170790368707,0.0,-1.4305420788247945e-18,0.0,5.397226562358054e-16,19.656779779039017,-0.08144088036732515,19.656779779039017,0.0,9.28966915888999,998.9999999999999,3.9703668508011773,2.005441620247475,1.5264507741238824,gaze,0.8016969299056688,0.3593494782674662,-156.0566036307383,47.54089735935239,240.5307185287133,26.12892981772074,1.751333935185126,-35.42366580294711,-0.2846661424057962,0.2429787140035226,0.9273222373635808,4.638516902923584,-33.45632653393581,-0.9076568006425774,-35.27351411921508,-0.4010614711537558,0.1584894330323399,0.9022365521153932,4.678773880004883,-28.106229278505747,0.1656381133536389,-36.37242583537496,-0.4423416469173596,0.2130637176902448,0.8680909342302925,4.651838541030884,84.29613539925185,False,-1.0,imu,-1.3487181163372024,-9.395669072940226,3.037873273503071,-17.147806500682954,70.44648850538725,-9.554775175294164,67.83939362354758,-3.272516875602668,-5.812028794880436
233.060785,-0.2700133517716145,3.9151081119226707,4477.177987683497,6.609993502308649,2.1508136562216538,-0.1266916337147008,-172.35059005651254,18474.554743724988,0.0016781762916779235,-0.12499121142908436,-2.7937639310290687,0.47674189914758003,2.1508136562216538,-17.78698990676183,-0.3942676830961699,-0.05658407151877732,66.4855930547582,-0.5151326580914005,-0.2946128276303825,3.9122572997439273,66.48731111918151,-172.4290218147111,-25.15710461035887,11.543925797150862,0.0,0.0038599369072435004,29.474714552160396,-145.17385357830346,11.027927283547546,-0.08054422900445889,0.0,0.0,1779.9499999999994,-3.3036899999999996,0.0,0.0,0.0,0.0,0.0,0.0,0.0,0.0,0.0,0.0,0.0,1256.0899999999995,-0.09666209999999999,0.0,0.0,0.0,0.0,0.0,0.0,0.0,0.0,0.0,0.007531219859618053,0.3768997917749676,5727.806667176504,-235.13372755322612,0.0,2.0072774254263162e-08,0.0,-8.025116564201188e-09,53.947476228044316,-0.033770187231837494,53.947476228044316,0.0,1.4410532397204041,-4.303262608588877,0.907758036228476,4478.231779133044,9.861668419563511,0.0,-1.437246361801245e-18,0.0,5.418491922497487e-16,19.6505915473826,-0.08141120825410576,19.6505915473826,0.0,9.288757446065588,999.0,3.97016439333081,2.005479880283612,1.5194480185803363,gaze,0.6308558231807467,0.33728469561474705,-153.57919858377122,49.89238247050857,238.81808814187582,27.315333902102964,1.2112549314346968,-34.65253609395604,-0.1228947237356258,0.2464377957262888,0.9457101832405983,4.468913615442865,-31.228945287971314,-0.8626091649795012,-34.60637254062064,-0.17879828942655943,0.16052442473996906,0.957387242281138,4.689005319674011,-26.793240890123396,-0.2806302441502773,-34.40376973453485,-0.1615464846730053,0.20392509549793783,0.9487537260536,4.614179840501766,83.98514702317604,False,-0.25493262900616287,imu,-0.0532355992,-8.668430377600002,3.156452325600001,-14.76678978,71.25444229,-9.18631051,67.83026065438001,-3.271730157941575,-5.818733337943957
233.069259,-0.26994721932824894,3.9510148339387805,4477.022801998664,6.594034050875092,2.1831247067016593,-0.12071715461104379,-172.20200647686355,18472.82095969101,0.001977626266180619,-0.11898583670526777,-3.0428410453769463,0.47809615804777095,2.1831247067016593,-17.945248523660553,-0.49161007653540145,-0.057612356431744186,66.4727622473347,-0.5279616596570386,-0.29510064090943366,3.948109942565864,66.47449403556436,-172.28406732869547,-25.884670719766348,11.518153957404778,0.0,0.005755273965030814,28.304354641202575,-144.67253573914914,10.902426553495085,-0.0809658740320137,0.0,0.0,1779.9499999999991,-3.3036899999999987,0.0,0.0,0.0,0.0,0.0,0.0,0.0,0.0,0.0,0.0,0.0,1256.0899999999995,-0.09666209999999997,0.0,0.0,0.0,0.0,0.0,0.0,0.0,0.0,0.0,0.007498189778258952,0.37690300399594034,5727.835943098581,-235.25773557340932,0.0,2.014937954660449e-08,0.0,-8.030939281861486e-09,53.947706971839004,-0.03376589630118571,53.947706971839004,0.0,1.4410594234791272,-4.140235792567297,0.9008860423617921,4478.248569076262,9.809851901052063,0.0,-1.5784747510062571e-18,0.0,5.865783651946611e-16,19.520808307795953,-0.08078395859374607,19.520808307795953,0.0,9.269147344958334,998.9999999999999,3.965871317913079,2.0062915611473064,1.3744903260799402,gaze,0.6308716621610339,0.3381890375301036,-148.686624651559,49.244062382674024,240.25827593399904,27.315231222423886,1.1787369611539018,-34.67653598371033,-0.12313304915046219,0.24545328566358704,0.9457911817479743,4.46657936246446,-31.227347266247463,-0.8649722667421853,-34.611095484033235,-0.1784520072181244,0.1595898202923313,0.9574476784770841,4.68747382471249,-24.411273580853063,-0.28030941307169716,-34.41016983016536,-0.16147972916479567,0.20306127478930575,0.948822591242713,4.612089785955718,91.4856837634385,False,-0.24595493402595878,imu,0.0053833752,-8.828735328,3.352646444,-12.35922476,65.66919052,-9.37323326,67.64095971912293,-3.2554657288125024,-5.956527553876758
233.071,-0.153709,2.94783,4476.99,6.53955,1.79535,-0.127633,-172.5,18472.7,0.00478578,-0.126151,-4.18822,0.169713,1.79535,-18.2814,-1.67064,-0.0493317,66.4996,-0.493474,-0.175552,2.94515,66.5016,-172.5,-25.3522,9.37736,0.0,0.0,27.963,-144.0,11.0,-0.075455,0.0,0.0,1779.95,-3.30369,0.0,0.0,0.0,0.0,0.0,0.0,0.0,0.0,0.0,0.0,0.0,1256.09,-0.0966621,0.0,0.0,0.0,0.0,0.0,0.0,0.0,0.0,0.0,0.00749147,0.376904,5727.84,-235.289,0.0,2.64e-08,0.0,-8.03e-09,53.9477,-0.0332702,53.9477,0.0,1.44106,-0.597782,0.721239,4478.22,9.90073,0.0,-1.44e-20,0.0,2.41e-18,18.1626,-0.0636689,18.1626,0.0,8.19061,999.0,4.0,2.0,1.434370455112466,gaze,0.630872641276845,0.3383765608636872,-147.6358588358617,49.30246519116906,240.52981658536612,27.315237411199146,1.1716334323252904,-34.68085658312087,-0.12317974660491215,0.24524913159502393,0.9458083047736612,4.4660999975252125,-31.226988145089567,-0.865484693996569,-34.61204454710079,-0.178378495174857,0.1593963232287914,0.957460598359749,4.687156289480267,-23.910165434800856,-0.2802660987475138,-34.411469117748226,-0.1614634464450606,0.2028822142497154,0.9488372831951607,4.611658384291533,92.70640853553707,False,-0.244097847716285,imu,-1.34584062380236,-9.393681017829753,3.045875695175456,-14.922750294315417,64.25950037201719,-8.899162168928108,67.60206443679435,-3.252132677466842,-5.984566433178918
233.077734,-0.26975674525391674,3.98700250740597,4476.867665617646,6.577838650981006,2.2157958302973775,-0.11468127257685906,-172.0513479049627,18471.14173235128,0.0022842216793110175,-0.11291863101206753,-3.3499189567251886,0.4794233743243443,2.2157958302973775,-16.974730789741063,-0.5913194593806979,-0.05865488985806748,66.4597945836276,-0.5410032173098922,-0.29547269303894785,3.9840428020125014,66.46154072619633,-172.13703552704828,-26.62476884808116,11.486979949966667,0.0,0.007729314361358819,27.109362844997975,-144.74667860162384,10.761909716444297,-0.08139830237030451,0.0,0.0,1779.9499999999991,-3.303689999999999,0.0,0.0,0.0,0.0,0.0,0.0,0.0,0.0,0.0,0.0,0.0,1256.0899999999992,-0.09666209999999997,0.0,0.0,0.0,0.0,0.0,0.0,0.0,0.0,0.0,0.007465278410711805,0.37690620338372477,5727.865248955933,-235.38175860777594,0.0,2.0229572492603736e-08,0.0,-8.036761859223754e-09,53.94793689992772,-0.03376152005675505,53.94793689992772,0.0,1.4410655815358848,-3.955282063679274,0.893748052029737,4478.265478158969,9.758087083927764,0.0,-1.7241999616554116e-18,0.0,6.326039182825793e-16,19.387990223019074,-0.08013260737333291,19.387990223019074,0.0,9.24814745320989,999.0,3.961386994061713,2.007140138507563,1.2297679986237258,gaze,0.6308691488888147,0.3391073690613276,-143.2759896248774,50.18513507113195,241.51434222993223,27.315348671759164,1.1428025044666728,-34.69535463699801,-0.12335310874309567,0.24445347984552274,0.9458760777088538,4.46424656411281,-31.225500614240303,-0.8675527974762686,-34.615647129881175,-0.17808659472088498,0.15864319046645292,0.9575121815648945,4.685918843170229,-21.94946211269368,-0.28017091924277077,-34.41644439229225,-0.16139225504521493,0.20218457161655007,0.9488958498524033,4.609983393708653,96.13767768566596,False,-0.2368745757894532,imu,0.0293094872,-8.982460597600001,3.4650991704,-10.42270507,59.91196982,-9.02181849,67.45168949393529,-3.2392687859826514,-6.092109354397649
233.080468,-0.2696684869878372,3.9986279515843948,4476.817633857051,6.572563752954554,2.2264118618972226,-0.11272109693109827,-172.0023042320603,18470.611736333045,0.0023846599745327947,-0.11094825928207258,-3.4625569769461992,0.4798456765415662,2.2264118618972226,-16.653942083992593,-0.6239928413283737,-0.05899424273966823,66.45558258836938,-0.5452557709384399,-0.29556773450407636,3.995650406893671,66.45733349727105,-172.08916079597583,-26.86807182259829,11.475749577193833,0.0,0.008383036534701046,26.718627358479488,-145.66512610308945,10.713247062614442,-0.08154011220408033,0.0,0.0,1779.949999999999,-3.3036899999999982,0.0,0.0,0.0,0.0,0.0,0.0,0.0,0.0,0.0,0.0,0.0,1256.0899999999992,-0.09666209999999996,0.0,0.0,0.0,0.0,0.0,0.0,0.0,0.0,0.0,0.007454687339716549,0.3769072326882354,5727.874708552821,-235.42176801559933,0.0,2.0256212642818443e-08,0.0,-8.0386400225538e-09,53.94801089507622,-0.03376009004737542,53.94801089507622,0.0,1.4410675624878784,-3.890775958170753,0.8913882108110065,4478.27095804911,9.741400594518138,0.0,-1.7721773850464573e-18,0.0,6.477301504585373e-16,19.344493889894334,-0.07991730558664037,19.344493889894334,0.0,9.241073899391576,998.9999999999999,3.9598989495042667,2.0074218801911083,1.1831355563324881,gaze,0.7686636801161126,0.3418218343840902,-139.51081539708562,52.926912563496906,242.1884363007353,25.95334355474729,1.7821086099672196,-35.449007433759235,-0.3038667667802394,0.2415701899785324,0.9211369602880298,4.654795376435453,-33.24022101399147,-0.9271358541807244,-35.1042108989565,-0.3777063834768317,0.1639791119594218,0.9105832243066716,4.674655573504869,-21.90945652574401,0.0642707280755581,-35.895344808920896,-0.4137119251251957,0.2090063834681373,0.8820234319869975,4.66562174408766,96.31643919865948,False,-1.0,imu,-1.3432306029185843,-9.391939260595482,3.0529244274809835,-12.836564722216723,58.57010386780057,-8.26158666949116,67.39069152964846,-3.2340589556462693,-6.135348422721419
233.086209,-0.26944019557874055,4.023064489609402,4476.712597885053,6.561406793869216,2.2488259976367715,-0.10858423169733944,-171.898614230603,18469.517436906794,0.0025980184215749326,-0.10678983805990205,-3.72236104279582,0.48072309106338296,2.2488259976367715,-16.329615850783746,-0.6934148744269961,-0.05971168431414268,66.4466927481116,-0.5542581104390362,-0.29572727275481936,4.020049234975042,66.44845388310651,-171.98792312289802,-27.389056844123296,11.450273653822293,0.0,0.009782819098229449,25.889802740656698,-149.16735363297545,10.605587493374783,-0.08184158791790491,0.0,0.0,1779.9499999999987,-3.3036899999999982,0.0,0.0,0.0,0.0,0.0,0.0,0.0,0.0,0.0,0.0,0.0,1256.0899999999988,-0.09666209999999995,0.0,0.0,0.0,0.0,0.0,0.0,0.0,0.0,0.0,0.007432488703466755,0.376909389643184,5727.894581288458,-235.50578207092076,0.0,2.0313385242972402e-08,0.0,-8.04258361181481e-09,53.948165991889645,-0.03375705804336768,53.948165991889645,0.0,1.4410717133251858,-3.7474042563469787,0.8863413498595637,4478.28250498122,9.706381856662732,0.0,-1.8744738330107576e-18,0.0,6.799396220603495e-16,19.252118684084714,-0.07945690937707652,19.252118684084714,0.0,9.225741424010236,998.9999999999998,3.956707509258316,2.0080263858320553,1.085301306242488,gaze,0.6308483619836422,0.3400394102105374,-136.81085683053837,52.63714035781934,242.62794253954647,27.315685371857438,1.1034623380762105,-34.70799325619541,-0.12355493635294634,0.24343865211337953,0.9459648504138957,4.461915565845564,-31.223406901013348,-0.8703493086219235,-34.620026856657994,-0.17770222221134646,0.15768481470796714,0.9575807287936651,4.6843405901361805,-19.464720265971525,-0.2802141439093269,-34.42259233394901,-0.16128417709703827,0.20129522604800068,0.9489734777615901,4.60786102186638,97.57482476506559,False,-0.22769327416885077,imu,0.0023926112,-8.972292000000001,3.5033809496,-9.31612239,54.31176422999999,-8.44609642,67.26276659709026,-3.2231438484300248,-6.225320205327267
233.087,-0.149839,2.85988,4476.7,6.50273,1.76612,-0.125453,-172.354,18469.4,0.00591338,-0.124006,-3.96496,0.106217,1.76612,-15.6216,-1.96621,-0.0481347,66.4877,-0.496803,-0.171169,2.85746,66.4897,-172.354,-26.3872,8.93992,0.0,0.0,25.596,-150.0,11.0,-0.075455,0.0,0.0,1779.95,-3.30369,0.0,0.0,0.0,0.0,0.0,0.0,0.0,0.0,0.0,0.0,0.0,1256.09,-0.0966621,0.0,0.0,0.0,0.0,0.0,0.0,0.0,0.0,0.0,0.00743301,0.376914,5727.9,-235.518,0.0,2.31e-08,0.0,-8.04e-09,53.9482,-0.0334951,53.9482,0.0,1.44109,-0.0657117,0.732245,4478.24,9.82432,0.0,-1.37e-20,0.0,2.31e-18,18.2209,-0.0650896,18.2209,0.0,8.2884,999.0,4.0,2.0,1.2848948956625712,gaze,0.6308454925128796,0.34012709394752866,-136.13973069579504,52.92773390366798,242.7258137157786,27.31572795052568,1.0996172783135327,-34.708820162197675,-0.12357284571050414,0.24334317411958728,0.9459733332461585,4.461698100389168,-31.223198933146996,-0.8706212928290566,-34.62042685848224,-0.17766538479921964,0.15759477310512285,0.9575873322945847,4.684192100576879,-19.233601789243217,-0.28022742506979637,-34.423159670612556,-0.16127304252753696,0.20121158041885942,0.9489809453678878,4.607662122646695,97.53389149420686,False,-0.22683122637200143,imu,-1.3414053826696783,-9.390754174596712,3.0577414258223934,-11.374351689088206,54.63871822106374,-7.799469590213849,67.24516208034007,-3.2216426200101753,-6.237627294504261
233.094684,-0.26899582544559475,4.059198341294983,4476.557599834402,6.544736086320931,2.282217985025415,-0.10242557184320507,-171.74378786572086,18467.948055707533,0.0029191079573264974,-0.10059899370034313,-4.168002146893393,0.4819950119134935,2.282217985025415,-17.31620055221568,-0.7979269339047939,-0.060782873610642045,66.43345794061219,-0.5677286349039702,-0.29586272332740365,4.056126795427616,66.43523471532208,-171.83670971999615,-28.19089146024803,11.407900500988921,0.0,0.011916774714439004,24.64554255939963,-154.27842238152263,10.432635138566472,-0.08229585463266921,0.0,0.0,1779.949999999999,-3.3036899999999987,0.0,0.0,0.0,0.0,0.0,0.0,0.0,0.0,0.0,0.0,0.0,1256.0899999999992,-0.09666209999999996,0.0,0.0,0.0,0.0,0.0,0.0,0.0,0.0,0.0,0.007399819696176084,0.3769125628591543,5727.923940089223,-235.62980601167652,0.0,2.0400859098754995e-08,0.0,-8.048404542362547e-09,53.94839425459724,-0.03375250929788254,53.94839425459724,0.0,1.4410778190131661,-3.515560568988364,0.8786624001637062,4478.299650119098,9.654738001307363,0.0,-2.029365153324097e-18,0.0,7.286046022435852e-16,19.113159717956357,-0.0787565445226336,19.113159717956357,0.0,9.201910547876048,999.0,3.9518284005878592,2.0089511812352154,0.9410934184576427,gaze,0.6308093865543823,0.34098498444949427,-129.00534388223036,56.10018486307632,243.63078816433776,27.316240376820858,1.0607314129546275,-34.71338876857383,-0.12373859885633595,0.2424089634733222,0.9460574879335906,4.459586439337909,-31.221067569184424,-0.8733605741813052,-34.624234644483316,-0.17729902348530213,0.156714864955964,0.9576533036925082,4.682739106718957,-17.011407806774873,-0.280438381169087,-34.42861335908271,-0.16115560740445034,0.20039337898707124,0.9490554580665157,4.605722787597392,95.27891057795411,False,-0.21841170709178073,imu,-0.0723764888,-9.0596223088,3.5452516456,-8.5759083,48.95829667,-7.78812834,67.07448844070996,-3.2070934925897245,-6.356021954245419
233.100449,-0.2686196065091586,4.083817700299563,4476.452204934478,6.533258344326801,2.305140612842858,-0.09820077963444238,-171.6372644626459,18466.9117898953,0.0031417392955222804,-0.09635205924367037,-4.5171890129807855,0.48284418179419913,2.305140612842858,-18.992029470400535,-0.8704165915154567,-0.06151983014696356,66.42437978033593,-0.5770161783058801,-0.29588593145537834,4.08070743560146,66.42616756838295,-171.73263777364653,-28.76539620314696,11.375768752832839,0.0,0.013414850806953222,23.784940462808542,-152.60600247003183,10.305051666195835,-0.08261120242829734,0.0,0.0,1779.9499999999991,-3.3036899999999987,0.0,0.0,0.0,0.0,0.0,0.0,0.0,0.0,0.0,0.0,0.0,1256.089999999999,-0.09666209999999996,0.0,0.0,0.0,0.0,0.0,0.0,0.0,0.0,0.0,0.007377665547985651,0.3769147139841552,5727.943926124528,-235.71417185760228,0.0,2.0462475444085664e-08,0.0,-8.052363680430268e-09,53.94854905671998,-0.03374936501713398,53.94854905671998,0.0,1.4410819574904978,-3.343611587421968,0.873281501703495,4478.311380768604,9.619643980410507,0.0,-2.1374019539957984e-18,0.0,7.6247776267614665e-16,19.016852978396688,-0.07826587008107605,19.016852978396688,0.0,9.184876045413553,999.0,3.948393070020227,2.0096027432767904,0.8431475525393994,gaze,0.7358129253856234,0.3243910234925082,-123.05643580836627,58.28317225859895,243.83699586686933,25.77872733334217,1.8127132673841464,-35.47420906252973,-0.322961315636783,0.2401694474669196,0.914985854313186,4.670983918105798,-33.025309387771735,-0.9465072939948612,-34.93584300905077,-0.3544803230113466,0.1694384626782156,0.9188837845820996,4.670560018946997,-15.747929678216114,0.1024832530066069,-35.57454595580698,-0.3837766530523629,0.1999078300712521,0.8982195174411153,4.684295047247286,91.88155925827436,False,-1.0,imu,-1.3375856628199951,-9.388356967159913,3.067540174791214,-8.395160258668861,46.742017161657394,-6.811289799594823,66.9469364417494,-3.196219391119799,-6.443427579672284
233.103,-0.210911,2.70366,4476.4,6.46521,1.73229,-0.12424,-172.215,18466.2,0.00703747,-0.122835,-4.2691,0.0462217,1.73229,-20.1784,-2.25028,-0.04675,66.4763,-0.498816,-0.231218,2.69997,66.4784,-172.215,-30.8047,8.47675,0.0,0.0,23.103,-150.0,11.0,-0.075455,0.0,0.0,1779.95,-3.30369,0.0,0.0,0.0,0.0,0.0,0.0,0.0,0.0,0.0,0.0,0.0,1256.09,-0.0966621,0.0,0.0,0.0,0.0,0.0,0.0,0.0,0.0,0.0,0.00737454,0.376924,5727.95,-235.747,0.0,1.98e-08,0.0,-8.05e-09,53.9486,-0.0337199,53.9486,0.0,1.44112,0.466359,0.743252,4478.27,9.74791,0.0,-1.31e-20,0.0,2.21e-18,18.2791,-0.0665103,18.2791,0.0,8.38619,999.0,4.0,2.0,1.1870346347515328,gaze,0.6307535480439225,0.34192580053272537,-120.33600382776572,59.77609969754762,244.52933042294427,27.316996215042465,1.0155318369772104,-34.71057298383631,-0.12390122678805553,0.24138430540888758,0.946152132161127,4.457302900051711,-31.21853481450036,-0.876522868377932,-34.62819637251047,-0.17688522179204405,0.15575203021317446,0.9577284155501962,4.681145132929962,-14.68380649016061,-0.2808336435113094,-34.43439779709466,-0.16100964315775315,0.19949643766491024,0.9491401140649681,4.603609367744558,88.81597029046947,False,-0.20920747639861098,imu,-1.336851937077847,-9.387908796257447,3.069380578965425,-7.844494161013746,45.294582744421284,-6.620668106013329,66.89065916354092,-3.1914192245729036,-6.481703382815336
233.103159,-0.26842187962289094,4.095401593891878,4476.4026725052145,6.527824120239084,2.3159745824267963,-0.09620483013451724,-171.58685115782026,18466.43338011053,0.0032475824053130363,-0.09434563101091414,-4.695133111912348,0.4832388396802079,2.3159745824267963,-19.898377330386786,-0.9048864707961127,-0.061868592337079635,66.4200913825058,-0.5814171015169455,-0.29587737820484533,4.092273007988752,66.42188445348599,-171.6833747973888,-29.04531903523329,11.359724193944203,0.0,0.014132174231918919,23.376389263616733,-149.89204469406025,10.242206163239407,-0.082761227406141,0.0,0.0,1779.949999999999,-3.3036899999999987,0.0,0.0,0.0,0.0,0.0,0.0,0.0,0.0,0.0,0.0,0.0,1256.089999999999,-0.09666209999999996,0.0,0.0,0.0,0.0,0.0,0.0,0.0,0.0,0.0,0.00736727042670125,0.37691572311659677,5727.953325351217,-235.7538304791925,0.0,2.0492035681858307e-08,0.0,-8.054224653619666e-09,53.94862169493672,-0.03374787285057301,53.94862169493672,0.0,1.4410838987662922,-3.2586822096019095,0.8707076423031257,4478.316914150249,9.603157311633039,0.0,-2.188943257285768e-18,0.0,7.786181372878719e-16,18.971079125465955,-0.07803119046930744,18.971079125465955,0.0,9.176635985262806,999.0,3.946745149978139,2.0099154138912816,0.7971475252845815,gaze,0.6307523112024707,0.34194391286914666,-120.16644242819268,59.84413276615062,244.5457925606177,27.31701269873069,1.014636314024948,-34.71043389085789,-0.12390416691615279,0.24136457733623934,0.946153977794137,4.45725925801756,-31.218484108195543,-0.876585325263596,-34.62827050732988,-0.17687713554789308,0.15573351518396733,0.9577298891844975,4.681114439353481,-14.640370419777131,-0.280842887068755,-34.43450719962256,-0.16100666195604899,0.1994791733178032,0.9491417732196336,4.603568812766525,88.65683468472966,False,-0.20903056387846078,imu,-0.1531271168,-8.9956199592,3.581140813600001,-8.00766314,44.03101298,-7.00305279,66.8871551232033,-3.191120275541431,-6.484080782969283
233.111634,-0.267716592481052,4.131671749396391,4476.247816943045,6.510668472605195,2.3500985934946885,-0.08992154093129696,-171.42778639004393,18464.97300451834,0.0035835345407736244,-0.08802928028564425,-5.312511564865622,0.4844542763271703,2.3500985934946885,-21.503230759728055,-1.0143245395473224,-0.06296897586395014,66.40659431681317,-0.5953258360881409,-0.29576956099116974,4.128485367805159,66.40840434995033,-171.52789770905622,-29.969151717570686,11.305606695147716,0.0,0.016430017175079355,22.082085956001144,-143.27885976458327,10.033432103221093,-0.08323783206698672,0.0,0.0,1779.9499999999985,-3.303689999999998,0.0,0.0,0.0,0.0,0.0,0.0,0.0,0.0,0.0,0.0,0.0,1256.0899999999988,-0.09666209999999995,0.0,0.0,0.0,0.0,0.0,0.0,0.0,0.0,0.0,0.0073348399310733895,0.37691887050060197,5727.982737067366,-235.87785552293585,0.0,2.0586956936082573e-08,0.0,-8.060043948363826e-09,53.948848319808526,-0.03374314772510682,53.948848319808526,0.0,1.441089952751372,-2.975673056293655,0.8624734906089527,4478.334297653885,9.551641593167863,0.0,-2.353278027893633e-18,0.0,8.299996589275396e-16,18.825842480620807,-0.07728052261095594,18.825842480620807,0.0,9.149898766162455,998.9999999999998,3.9414531839039704,2.010919984094718,0.6534668372919752,gaze,0.6306772279803035,0.342916014222908,-111.49531882109761,63.09623404124029,245.38840050536206,27.318001308133407,0.9652212495705159,-34.69801530619737,-0.12405171493754784,0.24030565947926422,0.9462543069819762,4.45493409703981,-31.215658053715007,-0.8800222506378391,-34.632134492732135,-0.17643669857091085,0.1547409413596999,0.957810467592434,4.679466639755296,-12.398017003214015,-0.28142688005515104,-34.440273615248884,-0.1608374605962443,0.1985527538720934,0.9492324050357895,4.601399223879097,79.35005982836635,False,-0.19955054515933807,imu,-0.2416537312,-8.8879524552,3.608655842400001,-7.05061866,39.73178973,-6.031054489999999,66.70106899101621,-3.1752267348713614,-6.609367546647605
233.119,-0.116099,2.58877,4476.11,6.42701,1.69355,-0.124131,-172.083,18463.1,0.00680456,-0.122774,-4.99875,-0.0279842,1.69355,-17.2674,-2.57196,-0.0451555,66.4652,-0.499912,-0.135551,2.5866,66.4673,-172.083,-30.3496,7.98404,0.0,0.0,20.412,-180.0,11.0,-0.075455,0.0,0.0,1779.95,-3.30369,0.0,0.0,0.0,0.0,0.0,0.0,0.0,0.0,0.0,0.0,0.0,1256.09,-0.0966621,0.0,0.0,0.0,0.0,0.0,0.0,0.0,0.0,0.0,0.00731608,0.376934,5728.01,-235.976,0.0,1.65e-08,0.0,-8.07e-09,53.949,-0.0339448,53.949,0.0,1.44114,0.998429,0.754258,4478.29,9.6715,0.0,-1.25e-20,0.0,2.1e-18,18.3374,-0.0679309,18.3374,0.0,8.48398,999.0,4.0,2.0,1.1633824908859216,gaze,0.6305974164770987,0.34377146837336275,-105.61092766858205,65.002153187253,246.06930119341652,27.31903540767305,0.9196277956500535,-34.678694141328734,-0.12416537878849103,0.23937363353415858,0.9463446156388244,4.452914896809684,-31.213005977714296,-0.8831807301244547,-34.635353304157455,-0.1760389394324065,0.15386927235118417,0.9578837310559504,4.678015718023912,-10.58567964372581,-0.2820796127822537,-34.44518179341032,-0.16067404268136584,0.1977377544319573,0.9493146689146035,4.599500956298337,72.22493789908367,False,-0.1912312769096376,imu,-1.332184786771754,-9.38514560676721,3.08079001065749,-4.582655919221753,36.7411321867415,-5.426172940911477,66.5405825522206,-3.161479626702636,-6.715911598965485
233.120109,-0.26687818796898527,4.1680062802558275,4476.093034199497,6.493266705436199,2.3845928356055164,-0.08357523582414307,-171.2665757812458,18463.56632041756,0.003927057797537636,-0.08164946902562223,-6.029372701413275,0.4856410229773218,2.3845928356055164,-15.826634099909779,-1.1262724167819638,-0.06408416034486748,66.3929680082923,-0.6094571794708367,-0.295537585424373,4.164761340435471,66.39479567886966,-171.37025768355167,-30.981043688756554,11.245408216562534,0.0,0.018811309590152783,20.76230928868336,-194.0294664361551,9.805422286613853,-0.08372579538442865,0.0,0.0,1779.9499999999985,-3.303689999999998,0.0,0.0,0.0,0.0,0.0,0.0,0.0,0.0,0.0,0.0,0.0,1256.0899999999988,-0.09666209999999993,0.0,0.0,0.0,0.0,0.0,0.0,0.0,0.0,0.0,0.007302527243453813,0.3769220050963935,5728.012175230524,-236.00188119269217,0.0,2.0685665128152604e-08,0.0,-8.06586242939775e-09,53.94907413612753,-0.03373833293852588,53.94907413612753,0.0,1.441095981135564,-2.6654093178042477,0.853956334304127,4478.351801210791,9.500192663232333,0.0,-2.522439898322062e-18,0.0,8.827687527144322e-16,18.67741512991034,-0.07650421406889975,18.67741512991034,0.0,9.121679789701082,998.9999999999998,3.935947873091383,2.0119658033206407,0.5100545856610742,gaze,0.6305842323496281,0.3439011049699331,-104.94992510620615,65.19181458640186,246.1679172620589,27.31920513452659,0.912554241741788,-34.675053235045574,-0.12418132102362964,0.239232378007293,0.9463584619483246,4.452611033262542,-31.212590987039405,-0.8836699972857734,-34.63582668149488,-0.17597785585009934,0.15373732140484767,0.9578950206446141,4.677795764874829,-10.325425888827326,-0.2821895414263275,-34.44591239316182,-0.16064812697665518,0.19761426739692084,0.9493273346984005,4.599214152025013,71.41162464035547,False,-0.18997236279272425,imu,-0.3265914288,-8.900513664000002,3.615833676,-5.794497779999999,35.61948923,-4.83474889,66.51653420038164,-3.1594153885342244,-6.731758112854903
233.12054,-0.2668319609242156,4.1698557630176065,4476.085164617375,6.492375109339501,2.3863570006105594,-0.083250799141542,-171.25831967759132,18463.496203527622,0.003944731852700317,-0.08132331641634506,-6.068662739485513,0.48570060342797644,2.3863570006105594,-15.162758080981307,-1.132033215953661,-0.06414127155390267,66.39227160606879,-0.6101818266704926,-0.2955224396415221,4.166607824689596,66.39410019182294,-171.36218265123915,-31.035224216191825,11.242181728357263,0.0,0.01893465961538994,20.694503910947184,-200.36042195173462,9.793296165212388,-0.08375091682402425,0.0,0.0,1779.949999999999,-3.3036899999999987,0.0,0.0,0.0,0.0,0.0,0.0,0.0,0.0,0.0,0.0,0.0,1256.0899999999988,-0.09666209999999996,0.0,0.0,0.0,0.0,0.0,0.0,0.0,0.0,0.0,0.007300887097213524,0.3769221641675423,5728.0136730283275,-236.00818859247696,0.0,2.0690786945248142e-08,0.0,-8.066158309219598e-09,53.94908559864098,-0.033738085666481996,53.94908559864098,0.0,1.4410962870307789,-2.6488815298752093,0.8535155619889809,4478.352694580741,9.497578022385586,0.0,-2.5311729811626993e-18,0.0,8.854897861537303e-16,18.669780894507653,-0.07646404339894096,18.669780894507653,0.0,9.120204756167588,999.0000000000001,3.935662111893935,2.0120201079514706,0.5027685221964222,gaze,0.7027813196956944,0.3068642519784255,-106.5114710760172,63.66891939509512,245.4946311325322,25.60314980948193,1.843486410478269,-35.4995494320622,-0.3421609843759323,0.2387609935456534,0.9088008850853886,4.687261581420898,-32.80921462362669,-0.9659853780400018,-34.76654821519175,-0.3311263977417298,0.1749278683781966,0.9272300413507136,4.666441917419434,-9.647742990636804,0.2118151914654283,-35.32261292117441,-0.3569048750406103,0.1999924481404401,0.9102945600498856,4.680095923864717,70.41229305109034,False,-1.0,imu,-1.3317297407855508,-9.384884011320239,3.0818759365211026,-4.2904592290932975,35.972350125791245,-5.3126427774593195,66.50719662867463,-3.158613537310859,-6.737902758301736
233.128584,-0.26590487959055936,4.204402629252232,4475.938325332227,6.475616365741345,2.4194601398906017,-0.07716544362487199,-171.1032014860633,18462.212510417354,0.004278246270122107,-0.0752057219295723,-6.855440070388148,0.4867987799140814,2.4194601398906017,8.361154156870562,-1.2407616020131838,-0.06521428271869975,66.37921374353158,-0.6238134876065393,-0.29517975535451313,4.20109836173389,66.38105973629422,-171.21043382364087,-32.10156738657898,11.178987209177027,0.0,0.021277064064529082,19.41666687236991,-449.4669079709196,9.557263601463076,-0.08422524507167635,0.0,0.0,1779.9499999999982,-3.3036899999999974,0.0,0.0,0.0,0.0,0.0,0.0,0.0,0.0,0.0,0.0,0.0,1256.0899999999983,-0.09666209999999992,0.0,0.0,0.0,0.0,0.0,0.0,0.0,0.0,0.0,0.0072703313960945865,0.37692512698933134,5728.041639833475,-236.1259075385654,0.0,2.0788202848748512e-08,0.0,-8.07168009954931e-09,53.94929915082326,-0.033733427501226015,53.94929915082326,0.0,1.4411019840863803,-2.3267391940371676,0.8451525374250669,4478.369425403316,9.448812350975226,0.0,-2.6964998537903222e-18,0.0,9.36945158556494e-16,18.525762191613453,-0.07570193568483279,18.525762191613453,0.0,9.09195982373666,998.9999999999998,3.9302245322218394,2.013053794285238,0.3669140222454893,gaze,0.630473423139932,0.3448989993183919,-102.49689449562231,65.67354349931234,246.88883774655463,27.32062306684493,0.8567333172378225,-34.640541007247705,-0.12429306693115907,0.23814490331450827,0.9464664286137038,4.45029014522128,-31.20928453449576,-0.8875271709546536,-34.63934718740187,-0.1755007537624596,0.15272283515482812,0.9579835294805933,4.6761018768516704,-8.457451086915388,-0.28313001578269403,-34.451423347850216,-0.16043878850750878,0.1966638625215766,0.9494265427656327,4.597013732822898,68.23464289781103,False,-0.18029673978246716,imu,-0.4133235848,-8.9818624448,3.6283948848,-4.20191595,32.29226428,-3.74312003,66.33385627907039,-3.1436887347152367,-6.851133700685282
233.137059,-0.2647948703810643,4.240858209386746,4475.783691404962,6.4577149854787965,2.454703351268999,-0.07069169035704989,-170.9376455949875,18460.910542287944,0.004637194715835021,-0.06869756088432144,-7.800936358335928,0.4879272465825474,2.454703351268999,68.40989373909136,-1.357823818358103,-0.066359480711723,66.3653328310428,-0.63839713157035,-0.29469436472179644,4.237493837734433,66.36719784026313,-171.04840510593897,-33.35328972842433,11.106200352525494,0.0,0.023828299746132514,18.04469468545944,-1180.0591593231827,9.288020263421162,-0.08473630978936664,0.0,0.0,1779.9499999999985,-3.303689999999998,0.0,0.0,0.0,0.0,0.0,0.0,0.0,0.0,0.0,0.0,0.0,1256.0899999999986,-0.09666209999999992,0.0,0.0,0.0,0.0,0.0,0.0,0.0,0.0,0.0,0.007238251419298611,0.3769282362649161,5728.071130868932,-236.24993461098043,0.0,2.0894613013538262e-08,0.0,-8.07749696167174e-09,53.94952337084028,-0.03372843041693683,53.94952337084028,0.0,1.4411079617717006,-1.958482536581134,0.8360584387431913,4478.387170815383,9.397502497408603,0.0,-2.8755294334339174e-18,0.0,9.925487712572715e-16,18.37084855510329,-0.07487335601371964,18.37084855510329,0.0,9.060719504456323,998.9999999999998,3.9242784196363587,2.014184891006208,0.22404841962857303,gaze,0.6303449025068326,0.34590950926875913,-105.2363258462408,64.37999748082999,247.55217569291202,27.322253953946177,0.7978926979868228,-34.59358463412833,-0.12438703802624736,0.23704340804588403,0.9465781923724776,4.447971513104182,-31.205740366843532,-0.8915923367101359,-34.64269615692444,-0.17500554172354563,0.15169766431854173,0.958075974656957,4.674385042968846,-6.821828531353162,-0.28424741147814964,-34.456806320860515,-0.16020957630903548,0.19570168972487864,0.9495300091765831,4.594798106364191,69.91157530107604,False,-0.17052441019545944,imu,-0.4103328208,-8.868213412800001,3.6325819544,-3.02056417,29.00242388,-3.26459779,66.15334168813877,-3.1280492516918716,-6.967381219848234
233.140521,-0.2643016930556977,4.255766588926778,4475.720545935671,6.450329557982792,2.4692088487001405,-0.06802868031710332,-170.86938499093404,18460.393326326128,0.004786077989033121,-0.06602036417379564,-8.223986111618682,0.48837972435630533,2.4692088487001405,108.67491847347112,-1.406390801680518,-0.06683165797513481,66.35962641197126,-0.6444204366603089,-0.2944589919185172,4.252377440018068,66.36149939127355,-170.9815779131102,-33.907974085741984,11.07460245093293,0.0,0.024895296324333138,17.476553796049615,-1708.044473978839,9.171749242358635,-0.08494844880416454,0.0,0.0,1779.9499999999982,-3.3036899999999974,0.0,0.0,0.0,0.0,0.0,0.0,0.0,0.0,0.0,0.0,0.0,1256.089999999998,-0.09666209999999992,0.0,0.0,0.0,0.0,0.0,0.0,0.0,0.0,0.0,0.0072251800002598515,0.37692950278022336,5728.083185428886,-236.3005993419917,0.0,2.0939205103867517e-08,0.0,-8.079872892318876e-09,53.94961473671716,-0.03372636253350243,53.94961473671716,0.0,1.4411103964001186,-1.7992615996214334,0.8322591744527089,4478.394454745557,9.376563346507725,0.0,-2.95010852853906e-18,0.0,1.0156778083741886e-15,18.306620821188343,-0.07452724147279083,18.306620821188343,0.0,9.047516095562766,998.9999999999997,3.921784265244466,2.0146595577223656,0.1657683143371495,gaze,0.7012242527667796,0.2995161605598743,-105.6207744362382,65.81935910317034,245.2683744156536,25.50369090754808,1.98528683406488,-35.56508433650156,-0.3472905983023823,0.2510379286456362,0.9035315150630232,4.63884162902832,-32.71056021033407,-1.018724530352602,-34.63033131496619,-0.3201666921080926,0.17642902596623,0.9307878856437536,4.631506443023682,-3.6273790346819568,0.4408919199868873,-35.212196362518014,-0.338548707499289,0.2057781175654668,0.916549894011184,4.661233724081392,71.92175039681646,False,-1.0,imu,-1.3257357683154967,-9.381559760336437,3.095768806845788,-0.9456895067777811,26.99400987672953,-3.899719970395291,66.0802955159041,-3.121686237998036,-7.013942987096274
233.145534,-0.26354635288370415,4.277370403762739,4475.629133487523,6.439560081512827,2.4903253284791615,-0.06415349924673977,-170.76989013443816,18459.65916299913,0.005003998556866802,-0.06212450495548307,-8.876594174027192,0.4890261215906592,2.4903253284791615,188.98376604834635,-1.4774910132483352,-0.06751989283973729,66.3513266013544,-0.6532104976158497,-0.2940796975346743,4.2739451445339585,66.35321133089796,-170.88415038055274,-34.76084833454567,11.026902544211085,0.0,0.026466042362715676,16.645854483203884,-2814.8316144049877,8.996733583419886,-0.0852591191489867,0.0,0.0,1779.9499999999987,-3.3036899999999987,0.0,0.0,0.0,0.0,0.0,0.0,0.0,0.0,0.0,0.0,0.0,1256.0899999999988,-0.09666209999999995,0.0,0.0,0.0,0.0,0.0,0.0,0.0,0.0,0.0,0.007206286341380746,0.3769313330087923,5728.10064832954,-236.37396246068127,0.0,2.10049388642067e-08,0.0,-8.08331301864362e-09,53.94974680313839,-0.03372334068270153,53.94974680313839,0.0,1.4411139143597747,-1.5594305092439549,0.8266703516867366,4478.405038032485,9.34626495544454,0.0,-3.0596007321700675e-18,0.0,1.0495996410535932e-15,18.2126388801571,-0.07401814131671963,18.2126388801571,0.0,9.027939335974617,999.0,3.918104737039823,2.015360038863163,0.0814610711856017,gaze,0.6301987758904691,0.34693244465707235,-112.52740507889196,61.5338781278657,248.15679202296295,27.324096605097136,0.7362089918285599,-34.53344238058035,-0.12446332324004815,0.23592806705872646,0.94669373809738,4.445655218727114,-31.20196019867677,-0.8958640194890352,-34.64587376893011,-0.1744923721447762,0.1506619924381565,0.9581723361530837,4.672645335607121,-5.438282324674558,-0.2855408010711942,-34.46206118056547,-0.15996062516287102,0.19472790130241718,0.9496377132574566,4.592567417157301,73.70687664958311,False,-0.1606561190794712,imu,-0.3899956256000001,-8.8987192056,3.6959861512,-1.5476129,25.90698314,-2.62158353,65.97529738368243,-3.1124993976961304,-7.080393609760421
233.14597,-0.26347834269145076,4.279250271588925,4475.621184264986,6.438619191765481,2.492168213511558,-0.06381538756341315,-170.7612000600792,18459.59612712615,0.005023083168806984,-0.06178458719822667,-8.935658014728714,0.4890818477626541,2.492168213511558,197.3967081394257,-1.4837183916264816,-0.06758000479289726,66.3506026804636,-0.6539788349856586,-0.2940445474240134,4.275821858653581,66.35248844374271,-170.8756396283328,-34.83796128782417,11.022644230296455,0.0,0.0266041008923755,16.573152846154837,-2933.964155280647,8.981133974417032,-0.08528633535660222,0.0,0.0,1779.9499999999982,-3.3036899999999974,0.0,0.0,0.0,0.0,0.0,0.0,0.0,0.0,0.0,0.0,0.0,1256.0899999999983,-0.09666209999999992,0.0,0.0,0.0,0.0,0.0,0.0,0.0,0.0,0.0,0.00720464497383402,0.3769314919847585,5728.102167582482,-236.3803431484249,0.0,2.1010721332885413e-08,0.0,-8.083612206459705e-09,53.949758276532776,-0.03372307631468981,53.949758276532776,0.0,1.4411142199175497,-1.538045449085623,0.8261793577744886,4478.405960524303,9.343631008361097,0.0,-3.069208058572628e-18,0.0,1.0525741630291928e-15,18.204409914158038,-0.07397341785435402,18.204409914158038,0.0,9.026210936944176,998.9999999999997,3.9177808848882147,2.0154217039009508,0.0741331909301175,gaze,0.6301907841681642,0.34698540251740284,-112.9801065770602,61.35592624361674,248.18627201368042,27.324197105875548,0.7329626880229234,-34.52998059339533,-0.12446677112715544,0.2358703166575296,0.9466997843967104,4.4455361207345465,-31.201759375753717,-0.8960893356619275,-34.646032611760184,-0.1744654890966895,0.150608431263653,0.9581773990540212,4.6725552183910235,-5.374164395580366,-0.2856120823358189,-34.46232805205584,-0.15994728644832282,0.19467749302583023,0.9496433683611851,4.592452253743673,73.88966450633296,False,-0.16014585917692709,imu,-1.3240728732231453,-9.380675816173753,3.09949370759573,-0.193161298179127,24.88145252479484,-3.541482811284803,64.9422932,-2.484195600000016,-9.076038400000009
233.154009,-0.26215750912605806,4.313936565470163,4475.474652655827,6.421149155570418,2.5263289441117722,-0.057550390713034014,-170.5999170668334,18458.45689275882,0.005378753882393542,-0.05548607037792481,-10.093666832996714,0.49009510271039813,2.5263289441117722,403.255777612395,-1.599795359144338,-0.06869565841022045,66.33719640710447,-0.6682559872204644,-0.29333402784792934,4.310449628176414,66.33910157049573,-170.71764837071737,-36.35102775136859,10.940946889426467,0.0,0.029191324241235817,15.219531206824659,-5976.779573357548,8.682421735334495,-0.08579380371631389,0.0,0.0,1779.949999999999,-3.3036899999999987,0.0,0.0,0.0,0.0,0.0,0.0,0.0,0.0,0.0,0.0,0.0,1256.0899999999988,-0.09666209999999996,0.0,0.0,0.0,0.0,0.0,0.0,0.0,0.0,0.0,0.007174435188627876,0.3769344173067519,5728.130192207867,-236.49799113873308,0.0,2.1119223969488057e-08,0.0,-8.08912827336907e-09,53.94996945469292,-0.03371815728885671,53.94996945469292,0.0,1.4411198420192328,-1.128345248575127,0.8169845642622795,4478.4230276416865,9.295101589930134,0.0,-3.248786402569011e-18,0.0,1.1081179741550622e-15,18.051097596261048,-0.07313595555408413,18.051097596261048,0.0,8.993599689930768,999.0000000000001,3.9116986292050946,2.016580194658062,-0.0608447088588453,gaze,0.6300351519738919,0.34796761319822145,-121.42668628485752,57.800177831243666,248.70061571019988,27.326149790459617,0.6719073831949347,-34.459564337152536,-0.12452201502445513,0.23479905738417947,0.9468130501440519,4.443341345508663,-31.19794578782614,-0.9003407046522118,-34.64888023439125,-0.17396140039073205,0.1496160048488601,0.9582725933769135,4.670882832199254,-4.317630983091046,-0.287009221776056,-34.4671878219331,-0.15969207346345132,0.19374265133377008,0.9497496337277469,4.590321814071713,75.88501157746653,False,-0.15069262238065873,imu,-0.4175106544000001,-8.834716856000002,3.7366605416,0.00758438,22.95360369,-1.91127708,65.80003037715704,-3.0970416107762966,-7.190070175714008
233.160613,-0.2609768255079632,4.34246581977709,4475.354330219915,6.406623661003763,2.55465056297596,-0.05235971872549247,-170.4659195278826,18457.552995993436,0.005676349845055347,-0.050267548738338996,-11.147630594661711,0.49090717051833943,2.55465056297596,662.3363221317186,-1.6969478665615272,-0.0696225870253315,66.32610064050955,-0.6801423936682994,-0.2926610495617173,4.338930268367055,66.32802222750162,-170.5863329031188,-37.735292286089134,10.869256630218295,0.0,0.031376304744153795,14.088598104399267,-10037.662777177437,8.420893377187614,-0.08621876414198662,0.0,0.0,1779.9499999999982,-3.303689999999998,0.0,0.0,0.0,0.0,0.0,0.0,0.0,0.0,0.0,0.0,0.0,1256.0899999999983,-0.09666209999999992,0.0,0.0,0.0,0.0,0.0,0.0,0.0,0.0,0.0,0.007149694066557713,0.3769368121210695,5728.15323208238,-236.59463898959152,0.0,2.121105150729968e-08,0.0,-8.093659157726023e-09,53.95014241540348,-0.03371405263804799,53.95014241540348,0.0,1.4411244438748734,-0.7694105664968318,0.8092283079391345,4478.437130961971,9.255286030538791,0.0,-3.399798502117577e-18,0.0,1.1547477369761702e-15,17.92288677384901,-0.0724296132112402,17.92288677384901,0.0,8.965747358329999,998.9999999999997,3.906542504070322,2.0175628021333503,-0.17153674467327218,gaze,0.7386446094514671,0.3472417429371017,-128.1973054590706,52.86361897601613,250.7734358358264,25.23836077602959,-2.265018142668412,-30.2525685794057,-0.1321845642713602,0.4286998954674073,0.8937245887825986,3.756315231323242,-32.64812259301352,-1.043017866018273,-34.55180533454238,-0.3125694064911664,0.1763444226129032,0.9333825639785016,4.616535186767578,-3.635615544758842,0.0257206056639639,-34.6229157616966,-0.3144513432195864,0.2261357346699116,0.9163047303393966,4.566789687597627,74.49999433309091,False,-1.0,imu,-1.3195463116782213,-9.378348701951637,3.1093667410894015,1.465372643640305,19.92846193363167,-2.6570143522701866,65.66557873018542,-3.0850617685174027,-7.273160669024177
233.162484,-0.2606265105965566,4.350554017469294,4475.320249991903,6.40247969419816,2.562717084641994,-0.050881882358693925,-170.42770829066262,18457.30201905149,0.005761557450674393,-0.048781770546344,-11.463939142069496,0.49113388687896864,2.562717084641994,754.102163537962,-1.724769254247855,-0.06988691752446297,66.32294362313382,-0.6835360171305923,-0.29245561974076695,4.347004604536477,66.32486994362232,-170.54887767243613,-38.15283567477852,10.848184690475598,0.0,0.032005184327190316,13.765030392651301,-11518.28072982029,8.34407952365186,-0.0863404950148472,0.0,0.0,1779.9499999999982,-3.3036899999999974,0.0,0.0,0.0,0.0,0.0,0.0,0.0,0.0,0.0,0.0,0.0,1256.089999999998,-0.09666209999999992,0.0,0.0,0.0,0.0,0.0,0.0,0.0,0.0,0.0,0.007142696985259509,0.37693748924473863,5728.159762496413,-236.6220206965227,0.0,2.1237512226196705e-08,0.0,-8.09494272877786e-09,53.95019133249503,-0.03371287921901216,53.95019133249503,0.0,1.4411257449190937,-0.6639595243939658,0.8069973389764058,4478.441140231625,9.244014277683386,0.0,-3.4431596567224137e-18,0.0,1.168124133282647e-15,17.886188901917514,-0.07222646037806725,17.886188901917514,0.0,8.957680805086444,998.9999999999998,3.9050551836772445,2.017846326675637,-0.20286558537110333,gaze,0.6298541426414513,0.34901482052922184,-127.94007926273055,54.17001848305135,249.18124100657636,27.328412241576427,0.6052678237309204,-34.371631991907414,-0.12456320930779716,0.23365655818874723,0.9469361123555698,4.441029978445159,-31.193698934761002,-0.905020838537384,-34.65171579609363,-0.17341278473645882,0.14855988863862696,0.9583767251707137,4.669097615184292,-3.4608936953074285,-0.28865167591381846,-34.4721861662954,-0.15940406316941166,0.19274609564973177,0.9498657487064146,4.5880614502820904,73.59919893246192,False,-0.14063468686123454,imu,-0.4707462536000001,-8.9507584992,3.790494293600001,1.54035093,20.03760879,-1.61220068,65.62784725206227,-3.0816783086589403,-7.296316835517469
233.170959,-0.25895151822095563,4.3872200524746034,4475.165926583922,6.383549168719098,2.599492650461838,-0.04414748896076808,-170.25324564055822,18456.19259067675,0.00615250669115013,-0.04201111600582184,-12.999738183889392,0.49214217019998446,2.599492650461838,1295.2967909635806,-1.8524453232147438,-0.07109381107970676,66.3085696465792,-0.6990530194067784,-0.2914427272949061,4.383607359203314,66.31051785720584,-170.37781675411946,-40.197579173411825,10.74846543629531,0.0,0.03490866820396026,12.281575581255627,-20556.507658200306,7.980678151137851,-0.08689932552924062,0.0,0.0,1779.9499999999975,-3.3036899999999965,0.0,0.0,0.0,0.0,0.0,0.0,0.0,0.0,0.0,0.0,0.0,1256.0899999999976,-0.09666209999999988,0.0,0.0,0.0,0.0,0.0,0.0,0.0,0.0,0.0,0.007111070753388274,0.37694054890885165,5728.1893591876105,-236.74605118575948,0.0,2.1359847860258323e-08,0.0,-8.100756387825524e-09,53.95041244355206,-0.033707505450030754,53.95041244355206,0.0,1.4411316232287725,-0.1649764003166463,0.7967049127573531,4478.459376392515,9.193004907528893,0.0,-3.642794268112356e-18,0.0,1.2296386382074535e-15,17.717876763951953,-0.07128931512583399,17.717876763951953,0.0,8.920162786923425,998.9999999999993,3.8981694304777386,2.0191594147438123,-0.3445982022491213,gaze,0.6296558629371892,0.3500738702524924,-129.69234750951387,51.69707250835822,249.5959972981722,27.33088265185731,0.5366309102902622,-34.269596612335974,-0.1245870054505328,0.23250075073581325,0.9470629080669812,4.438721204085712,-31.189221481991478,-0.909902829011977,-34.65438072834506,-0.1728466863247698,0.14749383260798338,0.9584847098168457,4.667289771961838,-2.858467662223195,-0.29046713136354363,-34.477056161117254,-0.15909673975498376,0.19173839179954058,0.9499860357180668,4.58578648321242,66.68084509488891,False,-0.1304830900171051,imu,-0.5042428104000001,-9.0482574056,3.813822252800001,2.6394567,17.5777054,-1.61220068,65.45905355827053,-3.0664118886108866,-7.399046115128917
233.179434,-0.2571306823388156,4.423931932838495,4475.011683526191,6.364355035189627,2.6366585559124025,-0.037346722461233446,-170.0765108873683,18455.126411787845,0.006551699706540333,-0.035173614442400324,-14.713944101441685,0.4931196479446501,2.6366585559124025,2092.705562509243,-1.9828564178673513,-0.0723164807712797,66.29407589696639,-0.7148094414688352,-0.29029359457267345,4.420255147364216,66.29604674062985,-170.20444395622454,-42.51894091193857,10.641636791977218,0.0,0.03790282811214381,10.768305726591013,-34508.840300884905,7.5911649865060395,-0.08747042870873421,0.0,0.0,1779.9499999999982,-3.3036899999999974,0.0,0.0,0.0,0.0,0.0,0.0,0.0,0.0,0.0,0.0,0.0,1256.089999999998,-0.0966620999999999,0.0,0.0,0.0,0.0,0.0,0.0,0.0,0.0,0.0,0.007079555512980515,0.3769435963853489,5728.218982273818,-236.87008265847527,0.0,2.1486275427740567e-08,0.0,-8.10656925349345e-09,53.950632794887696,-0.03370203495200824,53.950632794887696,0.0,1.4411374771180891,0.36993110571489574,0.7861034968766848,4478.4777367161505,9.14207538033373,0.0,-3.84776457347962e-18,0.0,1.2926821662892789e-15,17.546124916820272,-0.07032417681237144,17.546124916820272,0.0,8.881025607241398,998.9999999999998,3.891036341808662,2.0205204502941285,-0.48603918236268673,gaze,0.62944043102323,0.3511445639791281,-127.15100555862959,51.21715301682489,249.9419587501658,27.333559677064944,0.4663994043394422,-34.153701037190366,-0.12459350620094706,0.23133181834716512,0.9471934201098366,4.436415110507257,-31.184515313470595,-0.9149850460259276,-34.656875336684095,-0.17226326912355136,0.14641802722977673,0.9585965250435324,4.665459394846349,-2.4902964403772927,-0.2924545220133838,-34.481797779765266,-0.15877025216139587,0.19071969901811012,0.9501104716991379,4.583497074480126,58.04439073688318,False,-0.12023861999554623,imu,-0.5927694248,-9.079959504,3.804251808000001,3.35724006,15.34958622,-2.06081528,65.29395315316609,-3.051244727301216,-7.498177035171795
233.180594,-0.2568700086517015,4.428960217677127,4474.9905781044945,6.361707222218597,2.6417761026877233,-0.03641068884022593,-170.0521428528078,18454.983712950296,0.006606985376889604,-0.0342325156675129,-14.963191819824353,0.49325102469686954,2.6417761026877233,2226.0025179527006,-2.0009208216663867,-0.07248506676040796,66.2920828525664,-0.7169848367388801,-0.29012561140280857,4.42527459613584,66.2940568524345,-170.18053279542528,-42.86016758623476,10.626453159449472,0.0,0.03831976176493383,10.558808496687831,-36893.745903785886,7.535760116111629,-0.0875495597000236,0.0,0.0,1779.949999999998,-3.3036899999999974,0.0,0.0,0.0,0.0,0.0,0.0,0.0,0.0,0.0,0.0,0.0,1256.089999999998,-0.0966620999999999,0.0,0.0,0.0,0.0,0.0,0.0,0.0,0.0,0.0,0.007075250503693302,0.3769440125596216,5728.2230389323295,-236.88705931704803,0.0,2.1503900819179493e-08,0.0,-8.107364817203305e-09,53.950662896351325,-0.033701278604427995,53.950662896351325,0.0,1.4411382764678307,0.44601549243896965,0.7846281959967759,4478.480259444785,9.135110813142228,0.0,-3.876238787118138e-18,0.0,1.3014312494217483e-15,17.52234705734542,-0.07018987821209208,17.52234705734542,0.0,8.875541685391864,998.9999999999998,3.8900404886727635,2.0207105254682323,-0.5053757772528854,gaze,0.7344679262236724,0.3499181744608705,-126.2637961210359,52.16528720369945,251.5140059354769,25.62620277600354,0.275271038946121,-33.12187096904938,-0.2202373059323568,0.3672762268583221,0.9036612762868464,4.450215339660645,-32.49847855467666,-0.9613695754277138,-34.54838000869429,-0.3067338597992771,0.1737928790201168,0.9357939807749016,4.751754760742188,-3.594155376701736,-0.1283865235628448,-34.334619026199405,-0.2989911447670427,0.2396877150639601,0.9170782375861012,4.554041602643879,56.70463792345841,False,-1.0,imu,-1.3132385666680007,-9.375287452123283,3.122514143355906,2.9073017436370376,14.811012366486903,-1.6673902241497456,65.27165943326627,-3.0491766035701073,-7.511461221587937
233.187909,-0.2551621426799496,4.46068689043566,4474.8575219191725,6.344894734356061,2.6742177293167364,-0.030479091957521937,-169.89748573822615,18454.10103593014,0.006959235274947331,-0.028268770673544177,-16.62000088260526,0.4940660145529583,2.6742177293167364,3225.4808197407256,-2.116035617909099,-0.07355506909475064,66.27946381630295,-0.7308077461412271,-0.2890064555950773,4.456945193688843,66.28145804582638,-170.02873749089147,-45.15305537438553,10.527544588287826,0.0,0.040988722968940156,9.224272605106144,-55128.27845571294,7.174463332079752,-0.08805393897059491,0.0,0.0,1779.9499999999982,-3.3036899999999974,0.0,0.0,0.0,0.0,0.0,0.0,0.0,0.0,0.0,0.0,0.0,1256.0899999999979,-0.0966620999999999,0.0,0.0,0.0,0.0,0.0,0.0,0.0,0.0,0.0,0.007048150281816342,0.37694663176065063,5728.248631747316,-236.9941151670264,0.0,2.1616839815885854e-08,0.0,-8.112381328789071e-09,53.950852393542235,-0.03369646668825288,53.950852393542235,0.0,1.441143306757272,0.9421203609132149,0.7751892768707856,4478.496221795894,9.091227609042424,0.0,-4.058145474695434e-18,0.0,1.3572755530162334e-15,17.370896861913295,-0.06933070012338362,17.370896861913295,0.0,8.84024910375506,998.9999999999999,3.8836508317568192,2.0219304364221773,-0.6271851274960225,gaze,0.6292079681381667,0.35222670137219125,-122.15033626124375,53.070171674156235,250.21595382672442,27.336441935800952,0.3950324621452857,-34.02447372341851,-0.12458281765084601,0.23014994636449684,0.9473276308167229,4.434111787289543,-31.179582353996235,-0.9202658221645877,-34.65919995758853,-0.17166269988305694,0.14533266460892477,0.9587121480306254,4.663606581021379,-2.3276956186636353,-0.29461274821173733,-34.48641102127663,-0.15842475274826578,0.18969017819324158,0.9502390330040676,4.581193389840169,51.77660489481651,False,-0.1099020755127001,imu,-0.6585662328000002,-8.934608373600001,3.851505879200001,3.93296213,13.45045108,-1.97856927,65.13284754039383,-3.036179180663029,-7.593634992553084
233.196384,-0.2530440283409345,4.49748212654621,4474.703442869509,6.325165691611883,2.7121731130114615,-0.023544103693275836,-169.7161518366261,18453.11376007963,0.007375212851946715,-0.02129608663883277,-18.731927144646832,0.4949809636348573,2.7121731130114615,4787.255746606777,-2.2520162316346806,-0.07480971934804369,66.2647348691718,-0.7470504116979307,-0.28757953431992245,4.493674692212258,66.26675324736973,-169.85067544158656,-48.13858508738081,10.406032811192254,0.0,0.044167418387432954,7.648438224909576,-84538.85426297222,6.729472191467266,-0.08864999170353838,0.0,0.0,1779.9499999999985,-3.303689999999998,0.0,0.0,0.0,0.0,0.0,0.0,0.0,0.0,0.0,0.0,0.0,1256.0899999999979,-0.0966620999999999,0.0,0.0,0.0,0.0,0.0,0.0,0.0,0.0,0.0,0.0070168540754507866,0.3769496551213437,5728.278307600318,-237.11814876409252,0.0,2.1751586244140007e-08,0.0,-8.118192616745868e-09,53.951071246572994,-0.03369079961526553,53.951071246572994,0.0,1.4411491123169722,1.5529794571075675,0.763958412462719,4478.514832226688,9.040463518713732,0.0,-4.2740124406263414e-18,0.0,1.4234397925422429e-15,17.192155866867104,-0.06830853740821918,17.192155866867104,0.0,8.797812979692608,998.9999999999998,3.8760077559980757,2.023390387948006,-0.7680326182856373,gaze,0.6289585985554563,0.35332008018996736,-116.14080914108611,56.920279835983706,250.414574810883,27.339528009991785,0.3230380055709343,-33.88271571570236,-0.12455504919125243,0.22895532211095213,0.947465522025793,4.431811325490214,-31.17442456861331,-0.9257434532014626,-34.66135495818408,-0.1710451480932207,0.1442379384422022,0.9588315554153688,4.661731432493905,-2.3356012614984203,-0.29694067721833045,-34.49089591012783,-0.15806039724500462,0.18864999183287132,0.9503716954114799,4.578875599129197,50.6352084862861,False,-0.09947426577142124,imu,-0.7070166096,-9.081155809600002,3.926873132,4.74794532,12.03731509,-1.97109236,64.97603520861288,-3.021217583755706,-7.685351642078168
233.200685,-0.2519112843664124,4.516169941465323,4474.625280823528,6.31504972109603,2.7315876936338888,-0.01999872388723116,-169.62323718642577,18452.62636125213,0.007589579636248825,-0.01773139055612076,-19.88710938033141,0.4954331775002372,2.7315876936338888,5778.2445698744905,-2.322107702685489,-0.07545263516064266,66.2572158078937,-0.7553877144826605,-0.2868013420065127,4.512328827380605,66.25924673637142,-169.7594021617102,-49.80123230634723,10.341477938980079,0.0,0.04581642358870087,6.836191567165919,-103619.3691554854,6.492462270879504,-0.08895732538464912,0.0,0.0,1779.9499999999975,-3.3036899999999965,0.0,0.0,0.0,0.0,0.0,0.0,0.0,0.0,0.0,0.0,0.0,1256.0899999999974,-0.09666209999999988,0.0,0.0,0.0,0.0,0.0,0.0,0.0,0.0,0.0,0.007001012870376768,0.37695118488649393,5728.29337796506,-237.18109533321496,0.0,2.1821583330738494e-08,0.0,-8.121141502331667e-09,53.95118202991678,-0.03368788548539701,53.95118202991678,0.0,1.441152049439485,1.8782304619974157,0.7581364734821763,4478.524325023101,9.014733745828295,0.0,-4.385686155721578e-18,0.0,1.4576252967943486e-15,17.100090547848698,-0.06777871256109393,17.100090547848698,0.0,8.775635593322578,998.9999999999995,3.872028765994766,2.024150743142657,-0.8393964170088392,gaze,0.709621619572549,0.3222816639469333,-112.50365972623511,60.27887616175112,250.6937953659348,25.704498523668004,0.6070898773807756,-33.50943314004799,-0.2323442641339631,0.3533558611890907,0.9057967866571986,4.5531619862033255,-32.40070999698812,-0.9331308981295956,-34.53228881643682,-0.297556183921889,0.1736570408668816,0.938679340791965,4.706965350960526,-3.5391183185907904,-0.2476112229766553,-34.097786014689824,-0.2842370257078149,0.2514282142550438,0.9181388864414892,4.545899942654984,51.98139760332191,False,-1.0,imu,-1.3067516422580197,-9.372343186367363,3.1353513582607158,3.5934972474267375,11.39509296605176,-0.9508429974819128,64.89819079667363,-3.0136651872690594,-7.73044591067073
233.204859,-0.2507744577615595,4.534314811740027,4474.549447490023,6.305165316954303,2.7505276633796325,-0.016541261048874725,-169.5324907624927,18452.16161868147,0.00779973257269123,-0.014255061390422333,-21.064326918771894,0.4958641879714481,2.7505276633796325,6887.338772901522,-2.390831796644627,-0.07608057563359306,66.24989054282406,-0.7635399319078171,-0.2860110446198845,4.530440806219172,66.25193384256937,-169.67023576273846,-51.51679684347481,10.276943591374364,0.0,0.0474399866959737,6.039672234883739,-125271.04469283349,6.25506603722402,-0.08925872327116964,0.0,0.0,1779.9499999999975,-3.3036899999999965,0.0,0.0,0.0,0.0,0.0,0.0,0.0,0.0,0.0,0.0,0.0,1256.0899999999974,-0.09666209999999986,0.0,0.0,0.0,0.0,0.0,0.0,0.0,0.0,0.0,0.006985665907173842,0.37695266655418475,5728.308009824959,-237.24218350267844,0.0,2.1890560265185018e-08,0.0,-8.124003120423572e-09,53.95128936105445,-0.03368503268271931,53.95128936105445,0.0,1.4411548939682657,2.2039275502239066,0.7524070374837224,4478.533568605056,8.989785046555621,0.0,-4.4954415090059124e-18,0.0,1.4911960382266594e-15,17.00986496486751,-0.0672573386727664,17.00986496486751,0.0,8.753696803392856,998.9999999999995,3.8681019115014585,2.0249013314765514,-0.9085782141629247,gaze,0.6286924495418067,0.35442449632925604,-109.80772344699919,61.90145260356517,250.5341873244345,27.34281644537475,0.2509650597028544,-33.72948748975052,-0.12451031346810146,0.2277481348526288,0.9476070750853026,4.429513817619816,-31.16904396201583,-0.9314161986511064,-34.66334073595302,-0.17041078594095363,0.14313404397799148,0.9589547232981688,4.659834056048577,-2.474825892995206,-0.29943714365536767,-34.49525249600361,-0.15767734470221176,0.18759930403228461,0.9505084341303632,4.576543876209651,53.54036085659955,False,-0.08895601037877748,imu,-0.7823838624,-9.193608536,3.946612174400001,5.22646756,10.90830168,-2.2253073,64.82381097024548,-3.006362250626659,-7.773264778069056
233.213334,-0.2483515387013062,4.571182085760521,4474.3955368997495,6.284891004941185,2.789284350882986,-0.00947006453207673,-169.3464840322539,18451.241377688544,0.008232895254007994,-0.007145191083623076,-23.632400434647913,0.4967153795161674,2.789284350882986,9651.907977715098,-2.5325160805576967,-0.07736778286047791,66.23493234727226,-0.7802788160797756,-0.284299190260605,4.567240668127584,66.23700135156342,-169.4873962793782,-55.331637924424115,10.140117193758691,0.0,0.050807506957515416,4.396749333824147,-180297.18403258242,5.750094578521258,-0.08988027101541461,0.0,0.0,1779.949999999998,-3.303689999999997,0.0,0.0,0.0,0.0,0.0,0.0,0.0,0.0,0.0,0.0,0.0,1256.0899999999976,-0.09666209999999989,0.0,0.0,0.0,0.0,0.0,0.0,0.0,0.0,0.0,0.006954584787971095,0.3769556661461049,5728.337738413316,-237.36621943611493,0.0,2.2033807765969785e-08,0.0,-8.129812842908263e-09,53.9515067440787,-0.03367916483343945,53.9515067440787,0.0,1.441160651882667,2.896415199756108,0.7405312597948862,4478.552431529104,8.939194141961165,0.0,-4.722509288303053e-18,0.0,1.5605656031728227e-15,16.823986953957508,-0.06617675157236454,16.823986953957508,0.0,8.707880007903047,998.9999999999999,3.859928036233378,2.0264643054580667,-1.0488184532943858,gaze,0.628409651315567,0.35553974386864406,-103.3959074949658,66.92939315719877,250.5709398478149,27.34630575198396,0.17939609047901836,-33.56609579559261,-0.12444872633793538,0.22652857576010088,0.9477522708581385,4.427219357616814,-31.16344257794891,-0.9372822823219404,-34.66515771844273,-0.16975978826744684,0.14202117797605088,0.9590816272483587,4.657914563202,-2.7043144811472275,-0.3021009499586465,-34.49948085356572,-0.15727575744307276,0.18653828044134588,0.9506492238062489,4.574198398913884,53.91445499356653,False,-0.07834813926372253,imu,-0.88227538,-9.222918023200002,3.957977077600001,5.15169846,10.07088776,-2.2253073,64.67646530022793,-2.991615474173351,-7.857318215980913
233.220666,-0.24613020551380999,4.603102850790431,4474.262453082817,6.267128003754468,2.8231407712917322,-0.0032970064005990313,-169.18365676960804,18450.46828798666,0.008614689749796742,-0.0009382753325929138,-26.05642885751098,0.49742569136504095,2.8231407712917322,12690.379277984364,-2.657432448663928,-0.07849469207447278,66.2219008340765,-0.7949633032236364,-0.2827011517160218,4.599102428604465,66.22399271578244,-169.32726252543088,-59.02016502903227,10.015377414304707,0.0,0.053798302109308985,2.946828661439163,-242079.2580868785,5.287662407875004,-0.09042843888721504,0.0,0.0,1779.9499999999975,-3.303689999999996,0.0,0.0,0.0,0.0,0.0,0.0,0.0,0.0,0.0,0.0,0.0,1256.0899999999974,-0.09666209999999986,0.0,0.0,0.0,0.0,0.0,0.0,0.0,0.0,0.0,0.00692778109676409,0.376958251705225,5728.363478852422,-237.47352798881718,0.0,2.2161219292453824e-08,0.0,-8.134838396195586e-09,53.95169422459353,-0.03367400612621764,53.95169422459353,0.0,1.4411656142246565,3.5301641100253383,0.7299923912217884,4478.568853020619,8.895498453990932,0.0,-4.923561790530934e-18,0.0,1.6218976426002865e-15,16.660254903000236,-0.06521791669682395,16.660254903000236,0.0,8.666854400728049,998.9999999999997,3.85263620489419,2.027859272281992,-1.1698958329036673,gaze,0.6849113486454353,0.2947964657696609,-98.81886129386169,68.34804250344675,249.87807552172407,25.78236559519682,0.9370919783598244,-33.894873373920454,-0.2443849356698031,0.3395117107517199,0.9079206049196072,4.655544990761163,-32.30347673079048,-0.9050468300844852,-34.516285724878564,-0.2884287566307491,0.1735219464395363,0.9415489032080222,4.662421167154426,-3.470622950735681,-0.3321568113929481,-33.912292159844334,-0.2701896567261039,0.2613626937817844,0.9194827446106416,4.54232620856251,46.50042573795262,False,-1.0,imu,-1.3001653589111672,-9.369549082855029,3.1477330379380994,3.8393683004144346,9.444359797138969,-0.5110421949912991,64.55314784404968,-2.97894688873175,-7.926882722915497
233.221809,-0.2457733682158212,4.608081057408475,4474.241712223928,6.26434013464786,2.828446160094296,-0.002330011768636328,-169.1581130989125,18450.349528599847,0.00867480239649705,3.40310325471771e-05,-26.451954904932933,0.497534229395972,2.828446160094296,13225.205492886493,-2.677103081723697,-0.07867148674656081,66.21986181538324,-0.7972695891078856,-0.28244216487878054,4.604071379372537,66.22195731741182,-169.30213468677766,-59.62981232448237,9.995392007031983,0.0,0.054271064988956216,2.718346679573493,-253066.87637388875,5.2133825288133835,-0.09051477325995289,0.0,0.0,1779.9499999999982,-3.303689999999998,0.0,0.0,0.0,0.0,0.0,0.0,0.0,0.0,0.0,0.0,0.0,1256.0899999999979,-0.0966620999999999,0.0,0.0,0.0,0.0,0.0,0.0,0.0,0.0,0.0,0.0069236097264841765,0.37695865398421186,5728.367493357376,-237.49025661805857,0.0,2.2181374968741184e-08,0.0,-8.135621787312463e-09,53.95172340275553,-0.033673195003383075,53.95172340275553,0.0,1.4411663862321307,3.6319247082389463,0.7283271612087898,4478.571421598515,8.888692766544203,0.0,-4.955292959590986e-18,0.0,1.6315699607668302e-15,16.634484396344014,-0.0650664214047117,16.634484396344014,0.0,8.660341890576483,999.0,3.8514808088618278,2.02808036024854,-1.1887498525223306,gaze,0.6281103370051186,0.35666561511178313,-97.07484845805347,71.02296085031327,250.52077323998898,27.349994404636355,0.10893934231685365,-33.39408050087347,-0.12437040682360011,0.2252968378699396,0.9479010897263555,4.424928040822653,-31.157622498610937,-0.9433398928690899,-34.666806362974434,-0.169092332525475,0.14089953866727942,0.9592122423099672,4.6559730701570246,-2.983400422008108,-0.30493086682868525,-34.50358108222182,-0.15685580101475793,0.1854670882317257,0.9507940385273926,4.571839348988288,44.14487633807667,False,-0.0676514925947343,imu,-0.8816772272000001,-9.219927259200002,3.9352472712,4.77037605,9.5774117,-2.04586146,64.53428367476144,-2.9769795260052523,-7.937461674018932
233.230284,-0.2430380326333897,4.645008804425922,4474.087974594031,6.243510069623975,2.8680160897297458,0.004879402507077066,-168.96735935211848,18449.482282499077,0.009125556186629913,0.007283114624808587,-29.539415309804205,0.4983204279125244,2.8680160897297458,17770.7319064564,-2.8246270299363085,-0.07999183382062648,66.20468050297143,-0.8145147915165926,-0.2804381519602542,4.640930010289875,66.20680330618967,-169.11442855008897,-64.46085697369148,9.842604533164774,0.0,0.057831753380482825,1.0030412981557575,-347542.40810007614,4.643729373505316,-0.09116236931365115,0.0,0.0,1779.9499999999975,-3.3036899999999965,0.0,0.0,0.0,0.0,0.0,0.0,0.0,0.0,0.0,0.0,0.0,1256.0899999999974,-0.09666209999999988,0.0,0.0,0.0,0.0,0.0,0.0,0.0,0.0,0.0,0.006892739728971278,0.3769616301557948,5728.397274649053,-237.61429510249292,0.0,2.233330843207522e-08,0.0,-8.14142995677527e-09,53.9519393442128,-0.033667122121619056,53.9519393442128,0.0,1.4411720971890636,4.4119704607210215,0.7157907974111446,4478.590539414553,8.838282894175073,0.0,-5.19387027841623e-18,0.0,1.7042307452163068e-15,16.44131961770473,-0.06392599110277287,16.44131961770473,0.0,8.61106161267022,998.9999999999998,3.8427548484605705,2.0297505581701203,-1.3283689073055722,gaze,0.6277946426072649,0.3578019006306659,-91.28972882103605,73.61677128870286,250.37943025833567,27.35388084341758,0.04022117574118983,-33.215201434147225,-0.12427547706993972,0.22405311604623115,0.9480535115957055,4.422639963956756,-31.151585844055546,-0.9495871843472152,-34.66828715635166,-0.16840859873669792,0.1397693257134812,0.959346543007482,4.654009697757012,-3.274061523872549,-0.3079256336818433,-34.507553305894255,-0.15641764413981962,0.18438589606412745,0.9509428518309502,4.569466912037398,25.77064029987023,False,-0.056866920697450474,imu,-0.8906495192000001,-9.2127494256,3.931658354400001,4.32176145,9.14375092,-1.6271545,64.39754591006262,-2.962456656305789,-8.013650654755203
233.238759,-0.24014360753141964,4.681962373379887,4473.9343251477785,6.222398157850411,2.907997152681162,0.012158686461436488,-168.77420411824144,18448.635564093136,0.009585259498846584,0.014602572285040916,-32.911835181475006,0.49907366454337615,2.907997152681162,23472.440666098748,-2.975122387145401,-0.08132897142451606,66.18938998889199,-0.8320169795058227,-0.2782853248181132,4.6778135999998876,66.19154090708055,-168.92425530398413,-69.87721796115335,9.6815893769335,0.0,0.061490671514901805,-0.7506925070835635,-468234.1603729368,4.039909137621942,-0.09182319947399417,0.0,0.0,1779.9499999999969,-3.3036899999999956,0.0,0.0,0.0,0.0,0.0,0.0,0.0,0.0,0.0,0.0,0.0,1256.0899999999967,-0.09666209999999983,0.0,0.0,0.0,0.0,0.0,0.0,0.0,0.0,0.0,0.006861973799267743,0.3769645947483281,5728.427082280197,-237.73833494372892,0.0,2.2489655051907632e-08,0.0,-8.14723735446246e-09,53.95215457559677,-0.033660945110307816,53.95215457559677,0.0,1.4411777849263314,5.238099264234891,0.7029181978824771,4478.609785580067,8.787966511016473,0.0,-5.438319576666768e-18,0.0,1.778569752088925e-15,16.244454706495635,-0.06275510122769216,16.244454706495635,0.0,8.560018198942881,998.9999999999993,3.8337447142133794,2.031475973571533,-1.467672091659666,gaze,0.6274627069456225,0.3589483893088996,-86.86496104353544,74.71876919247671,250.1424650785355,27.357963474168066,-0.026121594987575134,-33.03142522817189,-0.12416406229949281,0.22279760694210182,0.9482095159001724,4.420355225091595,-31.14533477159382,-0.9560222767633233,-34.66960061456903,-0.16770876944896648,0.13863074016713478,0.9594845033516205,4.652024571440133,-3.543175991456217,-0.31108395910143566,-34.511397672788924,-0.15596145866759245,0.18329487405551886,0.9510956367091601,4.567081277468046,12.0648820448436,False,-0.045995283972348366,imu,-0.9014162696,-9.247442288000002,3.929863896000001,4.06754651,8.83719761,-1.12620153,64.26652550111483,-2.948049093694368,-8.08584632674537
233.240758,-0.23943750120042206,4.6906820593576635,4473.89809679829,6.21737711754352,2.9174877464880526,0.013885891806478395,-168.72829249661035,18448.43837211033,0.009695005464711097,0.016339327409261722,-33.75073062885061,0.4992464925427082,2.9174877464880526,25007.68904920084,-3.011056612340604,-0.08164682568566306,66.18576766930414,-0.8361829595421464,-0.277755647668646,4.686516653341092,66.18792533871506,-168.87903705112257,-71.2460458821678,9.642393359641645,0.0,0.06236813854145418,-1.1701220529192753,-501063.5821522219,3.8923705674362523,-0.09198101385159003,0.0,0.0,1779.949999999998,-3.3036899999999974,0.0,0.0,0.0,0.0,0.0,0.0,0.0,0.0,0.0,0.0,0.0,1256.0899999999974,-0.09666209999999989,0.0,0.0,0.0,0.0,0.0,0.0,0.0,0.0,0.0,0.006854732092789868,0.3769652923292249,5728.434116850464,-237.7675924503804,0.0,2.2527180913846646e-08,0.0,-8.148607034412162e-09,53.95220523955076,-0.03365947284254255,53.95220523955076,0.0,1.4411791231285918,5.439846055465255,0.6998324943640052,4478.614343949986,8.776112218450711,0.0,-5.496842298500866e-18,0.0,1.7963510958973655e-15,16.197476696589376,-0.062474444378704405,16.197476696589376,0.0,8.547719306466846,999.0,3.831577476635803,2.031891113508769,-1.5004831387108797,gaze,0.6600638053058795,0.2671585796889909,-85.05804000847552,76.46203530347583,249.0578241274052,25.86066523991716,1.268927332589961,-34.28245483525708,-0.2564924964774776,0.3255906522167263,0.9100562215818526,4.758496761322021,-32.20570330681553,-0.8768067472476666,-34.50019373170563,-0.2792506239480196,0.1733861015251565,0.944434406839644,4.617629528045654,-3.384439827146919,-0.3896009832299464,-33.77101545139383,-0.2570182397276062,0.268513673694786,0.921499867382114,4.552904030294077,10.33277575630864,True,2.0,imu,-1.2934156948911162,-9.366875093550087,3.1597915733958217,3.9833954181476976,8.610024327853353,-0.31281847353807835,64.23648411344755,-2.9446678254051895,-8.10228937106667
233.247234,-0.2370881577128749,4.718938779546751,4473.780765029151,6.2010017316958335,2.948392376048916,0.01950835117103701,-168.57862866044007,18447.805005750684,0.010054015897660282,0.02199291953982771,-36.58690738876945,0.49979362794316307,2.948392376048916,30535.932482653778,-3.128623848171882,-0.0826830477152838,66.17399187513362,-0.8497787249963928,-0.2759818465707501,4.714719156291563,66.17617173246971,-168.73159225229142,-75.93432675839546,9.512179235439866,0.0,0.0652489255870325,-2.544485746367016,-620236.0216217043,3.400670153467251,-0.09249740503052671,0.0,0.0,1779.9499999999973,-3.3036899999999956,0.0,0.0,0.0,0.0,0.0,0.0,0.0,0.0,0.0,0.0,0.0,1256.089999999997,-0.09666209999999983,0.0,0.0,0.0,0.0,0.0,0.0,0.0,0.0,0.0,0.006831310938746148,0.3769675478494749,5728.456916242583,-237.86237619640698,0.0,2.26504620625671e-08,0.0,-8.153043983566678e-09,53.952369104072346,-0.03365466288468114,53.952369104072346,0.0,1.4411834496172684,6.1118906872812495,0.6897053658195961,4478.629160699497,8.737745615558483,0.0,-5.6887197644443224e-18,0.0,1.8546089388521776e-15,16.04385151325515,-0.06155338996168474,16.04385151325515,0.0,8.507190537251658,998.9999999999995,3.824444905118103,2.03325769288853,-1.6066558580994696,gaze,0.6271146716290064,0.3601048683849983,-84.62159747015002,74.76330823900695,249.80525281445236,27.36224066896892,-0.08944936404557306,-32.844912079863334,-0.12403629076818608,0.2215305089612192,0.9483690816065041,4.418073923627659,-31.138871475196176,-0.9626432566296922,-34.67074728252073,-0.16699302969361476,0.13748398443114174,0.959626096845094,4.650017821193612,-3.7647705058276557,-0.31440452128889984,-34.51511435516411,-0.1554874195255843,0.1821941937463433,0.9512523656155222,4.564682638433423,14.02393192618377,True,-0.035037452812231334,imu,-0.8469843648000001,-9.102091157600002,3.862272629600001,3.70117792,8.65775177,-0.6476792899999999,64.14148896041698,-2.933759045088132,-8.154015406146426
233.247502,-0.2369888890261182,4.720108402221323,4473.775910556485,6.200320454577184,2.9496765597323065,0.019741919011363573,-168.57240440714196,18447.778954344067,0.010068987925316897,0.02222778220977832,-36.70825954556127,0.49981584875508206,2.9496765597323065,30783.969862682094,-3.1335273540216657,-0.08272614481661468,66.17350321234068,-0.8503446565876794,-0.2759065273408959,4.715886524237618,66.17568399836134,-168.72545891705465,-76.13695636189706,9.506683280634944,0.0,0.06536940323597819,-2.601882160335272,-625614.7850634422,3.3798641056580756,-0.09251894477880562,0.0,0.0,1779.9499999999969,-3.303689999999995,0.0,0.0,0.0,0.0,0.0,0.0,0.0,0.0,0.0,0.0,0.0,1256.0899999999965,-0.09666209999999983,0.0,0.0,0.0,0.0,0.0,0.0,0.0,0.0,0.0,0.006830342975056749,0.3769676410472079,5728.45786009404,-237.866298704486,0.0,2.2655620448128855e-08,0.0,-8.153227590723469e-09,53.95237587659567,-0.03365446249729877,53.95237587659567,0.0,1.441183628374503,6.1403172446878616,0.6892819501397224,4478.629775497721,8.736159089063506,0.0,-5.696735966707317e-18,0.0,1.8570414577409694e-15,16.037446555793125,-0.06151488219421804,16.037446555793125,0.0,8.50549066122824,998.9999999999993,3.82414603644526,2.03331496564986,-1.6110456115242358,gaze,0.6271034048930337,0.3601415996424693,-84.5917087474442,74.75422532009335,249.79290167531897,27.362379079525866,-0.09139572619035183,-32.838994820391,-0.12403198496675438,0.22149025343561696,0.9483741853146239,4.418001840534242,-31.138663653041085,-0.9628556386622583,-34.670780828644844,-0.16697013881684397,0.13744759022211323,0.9596306333379688,4.649954011658151,-3.7707896808321157,-0.31451215692139,-34.51522980506609,-0.15547214000422793,0.1821592319406428,0.951257385785725,4.564606577711288,14.328154079472966,True,-0.03468954344828277,imu,-1.2911231718023644,-9.366008175199342,3.163750244493934,4.053707922902489,8.5227620243728,-0.29319809034612543,64.441798,-1.812799600000004,-7.879732800000006
233.255709,-0.23386973718280704,4.755935006795354,4473.627295388395,6.179318107873943,2.98920480117348,0.02692891063193112,-168.3806141787384,18446.985941540537,0.010531929639746748,0.029454674859755114,-40.58297492158332,0.5004800059447739,2.98920480117348,39189.64973346715,-3.285166341417493,-0.08405421166730859,66.15848778691199,-0.8678026156748315,-0.27352587011999574,4.751643655505595,66.16069741803749,-168.5364165676381,-82.69067644255313,9.334204887635641,0.0,0.0691076286229769,-4.380077334315821,-809260.8000279196,2.7247348283038644,-0.09318512826827342,0.0,0.0,1779.949999999997,-3.3036899999999956,0.0,0.0,0.0,0.0,0.0,0.0,0.0,0.0,0.0,0.0,0.0,1256.0899999999967,-0.09666209999999985,0.0,0.0,0.0,0.0,0.0,0.0,0.0,0.0,0.0,0.006800750146277403,0.3769704895470899,5728.486776527901,-237.98641891549485,0.0,2.2815777037803215e-08,0.0,-8.158849847307421e-09,53.952582936823255,-0.03364827435302198,53.952582936823255,0.0,1.4411890914356804,7.03495739928529,0.6761482780574897,4478.648665378856,8.687622218655266,0.0,-5.9451503319284125e-18,0.0,1.9323704254106485e-15,15.839471649914875,-0.060320493100968466,15.839471649914875,0.0,8.452557378150955,998.9999999999994,3.814849859691053,2.0350968147042785,-1.745316637577041,gaze,0.6267506810098269,0.3612711234956358,-84.84749763416814,74.37200283984667,249.36299903802407,27.36671076662792,-0.14912738424815336,-32.65799754441408,-0.1238922937210322,0.2202520222193381,0.9485321872187439,4.415796160268553,-31.13219818489464,-0.9694481775165711,-34.67172773370925,-0.1662615669427774,0.13632926221861508,0.9597712964883739,4.64798958150805,-3.9217973145550755,-0.31788596851485174,-34.518703549099264,-0.15499570467088397,0.1810840280677694,0.951413010470975,4.5622711917772625,26.382895386791066,True,-0.02399430752009104,imu,-0.9014162696,-9.125419116800002,3.888591352800001,3.88062376,8.20166026,-0.40094126,64.02269515673683,-2.919588695564209,-8.218130038332161
233.260739,-0.23188170587319296,4.777900778081518,4473.536252830048,6.166311739822602,3.0136259327931603,0.03136682536797081,-168.26192945918558,18446.503234809912,0.010819949602418201,0.033917284338812415,-43.114216479159694,0.50087136851308,3.0136259327931603,45179.89102026037,-3.3795283430925798,-0.08487615328680687,66.14923650998435,-0.8786250084030431,-0.2719953501521317,4.773566437103979,66.1514642111519,-168.41938022343442,-87.05636105769199,9.224455525155758,0.0,0.07144576679244326,-5.490036984013592,-941531.1440451012,2.30567528930629,-0.09359974991808978,0.0,0.0,1779.949999999997,-3.303689999999996,0.0,0.0,0.0,0.0,0.0,0.0,0.0,0.0,0.0,0.0,0.0,1256.0899999999965,-0.09666209999999983,0.0,0.0,0.0,0.0,0.0,0.0,0.0,0.0,0.0,0.0067826598564077875,0.37697223011845415,5728.504511359762,-238.06004026598262,0.0,2.291604449313079e-08,0.0,-8.162295326779265e-09,53.95270952271651,-0.03364443197440856,53.95270952271651,0.0,1.441192429168373,7.60677998494648,0.6679375596221444,4478.660303122373,8.657920397053925,0.0,-6.100228891694601e-18,0.0,1.979346218460613e-15,15.716368388794454,-0.059573859197490774,15.716368388794454,0.0,8.419269508674594,998.9999999999995,3.8090131932024427,2.036215950713955,-1.8274590399477177,gaze,0.6631801056666277,0.2736038651826603,-86.77531046303184,74.54904889395729,249.2183369973319,25.99121788603745,1.895858111790409,-34.97109660177475,-0.2776439414895147,0.2993081650015304,0.9128682621920776,4.577105045318604,-32.15242346371318,-0.7812422088676083,-34.51697360313687,-0.2699359397711487,0.1847892151731338,0.944980176710371,4.591363430023193,-3.259584203216099,0.0526642079310021,-34.23938508049018,-0.2673008307774199,0.2564189799042214,0.9245739959962488,4.632465836019175,33.007859539448795,False,-1.0,imu,-1.2865859782379594,-9.364351506354586,3.1713895158248895,4.251795345542013,8.558013118629615,-0.3115893564953073,63.955244685689955,-2.911235935621658,-8.25425602450247
233.264236,-0.23046511680634663,4.7931751533229034,4473.472976586901,6.157208864208878,3.03069177828368,0.03446707170140663,-168.17890414742342,18446.168425171374,0.011022123646103697,0.03703480715119184,-44.94673618064331,0.5011363836948637,3.03069177828368,49756.72141370637,-3.4457739690237346,-0.08545118539634405,66.14278328574112,-0.8862042911095369,-0.2708990416386574,4.788810739984762,66.1450237263302,-168.33748432121942,-90.25650201884235,9.14632227094438,0.0,0.07309251534447217,-6.270985835154008,-1043249.794341827,2.0062988976547995,-0.09389085841367314,0.0,0.0,1779.9499999999973,-3.3036899999999956,0.0,0.0,0.0,0.0,0.0,0.0,0.0,0.0,0.0,0.0,0.0,1256.0899999999965,-0.09666209999999983,0.0,0.0,0.0,0.0,0.0,0.0,0.0,0.0,0.0,0.006770103836520568,0.3769734378744052,5728.516846583993,-238.11122425850905,0.0,2.29867043291894e-08,0.0,-8.164690564908244e-09,53.95279738672974,-0.03364173822576996,53.95279738672974,0.0,1.4411947449633538,8.015082229897267,0.6621564822614828,4478.66842110219,8.637291723795448,0.0,-6.209321249529531e-18,0.0,2.0123697506938533e-15,15.629987210801207,-0.05904818762556986,15.629987210801207,0.0,8.395745229633604,998.9999999999995,3.8048922970891996,2.0370062760396515,-1.8844986001656578,gaze,0.6263685033259719,0.3624541822212952,-86.77732390709411,74.11190680337455,248.80701088008956,27.37140126016434,-0.2048588809255626,-32.47203176215942,-0.12373117370755893,0.2189544013521174,0.9486998439465721,4.413508095121452,-31.12527430990643,-0.976478487499513,-34.67254705962622,-0.1655099401790982,0.1351596223370948,0.9599209986320544,4.645927350066877,-4.006294485753858,-0.3215497487685164,-34.52218632322773,-0.15448331706492577,0.17995765416453086,0.9515785641282691,4.55983222623276,34.04496392907092,False,-0.012798204138589937,imu,-0.9887465784,-9.202580828,3.8509077264,3.91800831,7.96239914,-0.11681868,63.90972615858506,-2.905454391591897,-8.27852342929175
233.272763,-0.2268915346553143,4.830429143287306,4473.318751732149,6.134803390475116,3.072607312559981,0.04207805295937411,-167.9746866981433,18445.352133525572,0.01152180156338877,0.044688288425591305,-49.67472453499592,0.5017581261805384,3.072607312559981,62472.13981753576,-3.6095317107915736,-0.08686576216523846,66.1269748775025,-0.9048766419611763,-0.268114055421589,4.825990763518828,66.12924699393169,-168.1359617531582,-98.65862450663863,8.94942047193756,0.0,0.07718136876384908,-8.208078677146887,-1328353.4987545754,1.2480402465531917,-0.09461056464020598,0.0,0.0,1779.949999999997,-3.3036899999999956,0.0,0.0,0.0,0.0,0.0,0.0,0.0,0.0,0.0,0.0,0.0,1256.0899999999965,-0.09666209999999982,0.0,0.0,0.0,0.0,0.0,0.0,0.0,0.0,0.0,0.006739558810252286,0.37697637483684365,5728.546943269935,-238.23603119862116,0.0,2.3162292728639115e-08,0.0,-8.170530514345673e-09,53.95301114699579,-0.03363509224556939,53.95301114699579,0.0,1.4412003756914182,9.048466395865518,0.6478079421338783,4478.6883092157805,8.587064049202688,0.0,-6.479759984872647e-18,0.0,2.0941579955715996e-15,15.41660092339362,-0.05774356574059443,15.41660092339362,0.0,8.337061784884238,998.9999999999995,3.7946243837696967,2.038976114816727,-2.02334628592832,gaze,0.6259704753081607,0.36364669726505117,-88.18162931105842,74.25995984002773,248.13447272179087,27.37628355779071,-0.25565245647045126,-32.29076940821716,-0.12355390394051632,0.21764566301105623,0.9488710391041292,4.411223820018779,-31.118142492681912,-0.9836909514390668,-34.67319937366497,-0.16474278488777486,0.13398233546254698,0.9600742949722575,4.643843651364437,-4.01634422612362,-0.3253735597145879,-34.525540509656025,-0.1539534066283924,0.1788220334427164,0.9517480233114513,4.557380706214378,29.537247126144287,False,-0.0015175541602018873,imu,-1.0312154272,-9.2181328008,3.8287760728,3.86566994,7.96239914,0.38413429,63.803576420094394,-2.891445630348134,-8.334771993980626
233.28083,-0.22335337701979618,4.865683297856705,4473.172934293644,6.1133314045569715,3.112659001191853,0.04934596496236317,-167.77916037123185,18444.575853556227,0.012003351902338928,0.051996898688913995,-54.501680874441966,0.502314155290721,3.112659001191853,76759.15045742148,-3.767387930281594,-0.08822037142455331,66.11192518500127,-0.9227932814472585,-0.265331990068655,4.861174102312056,66.11422807583128,-167.94290471459087,-107.44004503388174,8.754677160878764,0.0,0.08114639251055569,-10.085099832377693,-1652291.8800371035,0.4927795047417085,-0.0953044446382977,0.0,0.0,1779.9499999999969,-3.303689999999995,0.0,0.0,0.0,0.0,0.0,0.0,0.0,0.0,0.0,0.0,0.0,1256.0899999999963,-0.09666209999999982,0.0,0.0,0.0,0.0,0.0,0.0,0.0,0.0,0.0,0.0067107538809570875,0.37697914298072666,5728.575440857258,-238.35410678927292,0.0,2.3332744246081308e-08,0.0,-8.176054716104742e-09,53.95321274751828,-0.0336287026433273,53.95321274751828,0.0,1.4412056818361316,10.076708431132412,0.6339012792377166,4478.707246871769,8.539642506684984,0.0,-6.741454102840215e-18,0.0,2.1732016498445538e-15,15.211098236855097,-0.05647923300480499,15.211098236855097,0.0,8.279801553428273,998.9999999999995,3.784619408315338,2.0408963130217144,-2.154392594764118,gaze,0.6619481743266464,0.2800099692059678,-86.28856131823098,72.74352518393188,249.82906081958,26.04896864032439,2.145569061263986,-35.26877606829726,-0.2873946617585607,0.2831866837460065,0.9149915904212572,4.497658252716064,-32.08470324690886,-0.7408475817415647,-34.51128620105996,-0.2574110733745875,0.1881488805740562,0.947807753736417,4.55055046081543,-3.175930086007234,0.2617462095314035,-34.45036620965154,-0.2690842877175713,0.2494456257483838,0.9269084047058412,4.617089697332041,19.391761268055493,True,2.0,imu,-1.27960946539471,-9.361951049575538,3.1826512143932013,4.703662147428672,8.956436965783299,-0.4527532485257586,63.7096440598204,-2.878310107191228,-8.384159373090755
233.281291,-0.22314652620746595,4.867698178421182,4473.164603945144,6.112096225141188,3.114959537206894,0.04976329242646718,-167.767918094902,18444.531266601116,0.012031132004693055,0.05241656641480774,-54.78830457444679,0.5023449796946355,3.114959537206894,77647.86321739739,-3.776495628891392,-0.08829826524939362,66.11106241744096,-0.9238245904259434,-0.2651686438716082,4.863184911212105,66.11336709082498,-167.93180111472213,-107.96761984884864,8.743296475537353,0.0,0.08137584163376971,-10.193709377589158,-1672549.2574940748,0.448480506544243,-0.0953444818339793,0.0,0.0,1779.9499999999966,-3.3036899999999947,0.0,0.0,0.0,0.0,0.0,0.0,0.0,0.0,0.0,0.0,0.0,1256.089999999996,-0.0966620999999998,0.0,0.0,0.0,0.0,0.0,0.0,0.0,0.0,0.0,0.006709110475333565,0.3769793008669508,5728.577070111298,-238.36085442980016,0.0,2.3342613160304663e-08,0.0,-8.176370383725095e-09,53.953224249946814,-0.03362833448008922,53.953224249946814,0.0,1.441205984454772,10.136986907544653,0.6330967323445102,4478.708332697527,8.536935409194681,0.0,-6.756582125727092e-18,0.0,2.177768102127939e-15,15.19924723332576,-0.05640609037515054,15.19924723332576,0.0,8.276477761594768,998.9999999999993,3.784039008037198,2.041007729449649,-2.1618722169664073,gaze,0.625556702701981,0.3648485871171971,-86.70469767116846,74.53957363871953,247.33993968291207,27.381356474480235,-0.3009280862111247,-32.11683266987114,-0.12336060338514575,0.2163258606364938,0.9490457701013372,4.408943174171937,-31.110804238956288,-0.9910843667241767,-34.6736853931053,-0.16396020657457389,0.13279747348373364,0.9602311751093205,4.641738387794817,-3.9574528836783003,-0.3293564118978941,-34.52876675048364,-0.15340609841433958,0.1776772113299504,0.9519213783809398,4.554916553515319,19.43223857070032,True,0.00984805354804245,imu,-1.0814602624,-9.3048649568,3.832963142400001,3.71613174,8.06707588,0.54862631,63.704470914519355,-2.87756294926866,-8.386869139410702
233.289818,-0.21922894311243094,4.904970316388899,4473.010570574343,6.089089895803858,3.157741676261468,0.057521523352345685,-167.55862742186906,18443.699982848382,0.012550104571555705,0.060218368933941765,-60.307731321561775,0.502896485278861,3.157741676261468,95618.7074345671,-3.9466631081453922,-0.08974851380916263,66.09505138880513,-0.9430463936182483,-0.26206157424827403,4.900381250455566,66.09738950356389,-167.7250264932288,-118.25419149595655,8.527818297312582,0.0,0.08567611214990228,-12.22965148119954,-2084470.2903728252,-0.39360261068540225,-0.09609258691683865,0.0,0.0,1779.9499999999966,-3.3036899999999947,0.0,0.0,0.0,0.0,0.0,0.0,0.0,0.0,0.0,0.0,0.0,1256.089999999996,-0.0966620999999998,0.0,0.0,0.0,0.0,0.0,0.0,0.0,0.0,0.0,0.006678764942147305,0.37698221536882537,5728.607220033924,-238.4856647356483,0.0,2.3527673193587976e-08,0.0,-8.182208806861887e-09,53.95343665300333,-0.03362146537349781,53.95343665300333,0.0,1.4412115701171047,11.282170051102819,0.618022096285475,4478.728487475291,8.486919659250384,0.0,-7.039806113393768e-18,0.0,2.263203663685647e-15,14.977937028822002,-0.05503569437897097,14.977937028822002,0.0,8.213985157199874,998.9999999999994,3.7731327369390817,2.0431018128243457,-2.300040181659028,gaze,0.6251274403811494,0.36605934544611785,-83.06546324816463,73.90041823720215,246.41817081559245,27.386616997293192,-0.3401262514858658,-31.952886950764835,-0.12315146283471695,0.21499551420034618,0.949223972217765,4.406666800093959,-31.10326368262691,-0.9986548877007527,-34.674005702169445,-0.16316258927905736,0.13160552672874481,0.9603915727541296,4.6396122080329825,-3.839983775035957,-0.3334958765613598,-34.53186458387914,-0.15284171394184684,0.1765236378148809,0.9520985579644758,4.552440561063059,15.072824771633092,True,0.021295017122898628,imu,-1.079665804,-9.2211235648,3.739651305600001,3.589024269999999,8.396059919999999,0.1224424399999999,63.612658525556704,-2.863811739158651,-8.43479526636338
233.298345,-0.21513631866799793,4.942246692409551,4472.856634742508,6.065778943674581,3.2009618416038865,0.06535418119476291,-167.3467711117668,18442.85181655117,0.013078888183891762,0.06809514114004174,-66.25575531299413,0.503412391670981,3.2009618416038865,116754.19503407471,-4.120090320262706,-0.09121683072344891,66.07894170718943,-0.9625469742509,-0.2587905766958921,4.937580899862907,66.08131416251905,-167.5155901756292,-129.59578566396462,8.302779982814737,0.0,0.0900838348497573,-14.318497857588724,-2573682.8396527646,-1.2797378469423855,-0.09685511518196041,0.0,0.0,1779.9499999999962,-3.303689999999994,0.0,0.0,0.0,0.0,0.0,0.0,0.0,0.0,0.0,0.0,0.0,1256.0899999999956,-0.09666209999999978,0.0,0.0,0.0,0.0,0.0,0.0,0.0,0.0,0.0,0.006648517601363578,0.3769851187767584,5728.637396560103,-238.61047681061746,0.0,2.3717543902533654e-08,0.0,-8.18804647200719e-09,53.95364838861168,-0.033614482992117174,53.95364838861168,0.0,1.4412171335170025,12.485957269854298,0.602578096441617,4478.748776514599,8.437013026933322,0.0,-7.329547992269966e-18,0.0,2.350497746404519e-15,14.752604724638612,-0.05363183958156126,14.752604724638612,0.0,8.149554627585692,998.9999999999991,3.7618983695037156,2.045259781527591,-2.4378626972194204,gaze,0.6246828011610197,0.367278886789733,-81.99983312795143,70.89906913382613,245.36478705429622,27.39206385532409,-0.3727476962111279,-31.801464883753777,-0.12292660883979858,0.2136546815629783,0.9494056415460462,4.404394538972793,-31.095522421775613,-1.0064012283595711,-34.67416109354493,-0.162350044900769,0.1304065702590147,0.9605554761145879,4.637465025771138,-3.6776858929145226,-0.3377908885685166,-34.53483471365933,-0.1522603860451559,0.17536136192497306,0.9522795509354146,4.549952659132913,23.456376830106077,True,0.03282371839552367,imu,-1.1011993048,-9.100894852,3.7223048744,3.64883955,8.72504396,0.0252426100000002,63.528341598665754,-2.850192476309734,-8.478554302332176
233.300811,-0.21391981377124708,4.953027309742302,4472.81213500657,6.058980250095159,3.2135431794297773,0.06763332958039894,-167.285021418729,18442.60243442857,0.013233656532352691,0.0703871492073987,-68.0590557833964,0.5035549090566853,3.2135431794297773,123512.41481902699,-4.17085823110451,-0.09164485706959569,66.07426466790902,-0.9682388803690245,-0.2578137720492824,4.9483391538343255,66.07664722369836,-167.4545217925128,-133.0837280793653,8.235890773699305,0.0,0.09137874198852769,-14.932803338561001,-2731025.8394979504,-1.544427116160115,-0.09707834780752946,0.0,0.0,1779.9499999999966,-3.303689999999995,0.0,0.0,0.0,0.0,0.0,0.0,0.0,0.0,0.0,0.0,0.0,1256.089999999996,-0.0966620999999998,0.0,0.0,0.0,0.0,0.0,0.0,0.0,0.0,0.0,0.006639788257710534,0.3769859563842698,5728.646128539851,-238.64657267778512,0.0,2.3773358302118483e-08,0.0,-8.189734578203183e-09,53.95370949897465,-0.03361244241377376,53.95370949897465,0.0,1.4412187383222712,12.845278857656238,0.5980422455553134,4478.754669202636,8.422600721390438,0.0,-7.414568121266961e-18,0.0,2.3760929141005504e-15,14.686683288303975,-0.05321955404002496,14.686683288303975,0.0,8.130556922424667,998.9999999999995,3.7585873807191073,2.0458959429320767,-2.4776558996321665,gaze,0.6607167032999708,0.2784487987761341,-83.23577515806952,71.17180481181018,242.8556588815258,26.06966218110324,2.258578356497727,-35.42219454215389,-0.2948038397320562,0.2722400949485554,0.9159563454562872,4.512402534484863,-31.99239655120923,-0.7007862865262666,-34.47027962360215,-0.242638113146424,0.1982954654587052,0.9496344846451495,4.514887809753418,-3.098582375685821,0.4501295186034316,-34.635441430578666,-0.2698384381998341,0.2437978915835126,0.9290198749710686,4.593805998039484,28.81136247337212,True,2.0,imu,-1.2725712433679246,-9.359700558679883,3.1934497007206137,5.2551784203287015,9.519324410351597,-0.6824418722196718,63.50538362567465,-2.8462786938685136,-8.490432775882079
233.306872,-0.21086660403886182,4.979524039166862,4472.7027976600175,6.042160538728063,3.2446232190267943,0.07326180759554567,-167.13232963037223,18441.98005537744,0.01361759332397566,0.07604742938441739,-72.65528325563075,0.5038923759030929,3.2446232190267943,141453.00110794333,-4.296814289952914,-0.09270337278974682,66.06273517251537,-0.9823290657020893,-0.25535370671158425,4.974780584197764,66.06514287869335,-167.30346809849297,-142.0724195231344,8.067997174683828,0.0,0.09460018573022302,-16.462737987482598,-3150569.294813104,-2.2113906320427397,-0.09763221773524354,0.0,0.0,1779.9499999999962,-3.3036899999999942,0.0,0.0,0.0,0.0,0.0,0.0,0.0,0.0,0.0,0.0,0.0,1256.0899999999956,-0.09666209999999978,0.0,0.0,0.0,0.0,0.0,0.0,0.0,0.0,0.0,0.00661836741709935,0.3769880111814932,5728.667599680916,-238.73529071272668,0.0,2.391227584805229e-08,0.0,-8.193883382607915e-09,53.95385946421084,-0.033607386180914606,53.95385946421084,0.0,1.441222674834576,13.7502016428697,0.5867604716018022,4478.769200442449,8.387217637014075,0.0,-7.625892326358118e-18,0.0,2.439673888743636e-15,14.523209741890405,-0.05219414023241693,14.523209741890405,0.0,8.083163678126894,998.9999999999993,3.750329863546847,2.0474828303696873,-2.5753359948468897,gaze,0.6242229480136479,0.36850698391412195,-87.29917821745867,65.44659946130932,244.18048615010989,27.39769516282251,-0.3983392697977255,-31.664995993178277,-0.1226861924713277,0.21230357622719057,0.9495907534491964,4.402126500838519,-31.087582936230106,-1.0143212159068897,-34.674152320705694,-0.1615227784476199,0.12920081873621747,0.9607228547321133,4.635297004652035,-3.4862866125140917,-0.34223989713235875,-34.537677480794876,-0.15166231352827397,0.17419056762516813,0.9524643255584,4.5474530696660524,44.44963353532491,True,0.04443320169480371,imu,-1.0264302048,-9.1481489232,3.6810323312,4.32923836,9.00916654,0.2869344599999999,63.451722603180215,-2.836707249204434,-8.518148654705127
233.315399,-0.2064177391547525,5.016799056323214,4472.54906054378,6.018231834584781,3.2887290091498507,0.08124494725606686,-166.9152833792775,18441.077638354385,0.014166331198520739,0.08407578310354154,-79.52996578272173,0.504336114173749,3.2887290091498507,170145.81380628835,-4.476872286431863,-0.09420829765856288,66.04643360917727,-1.0023954178321488,-0.2517490091649272,5.011976995159891,66.04887748763359,-167.08863606133337,-155.76779686895023,7.8232834743968365,0.0,0.09922634792814494,-18.66499059584767,-3826401.440545206,-3.190054636958756,-0.09842404672747736,0.0,0.0,1779.9499999999966,-3.3036899999999947,0.0,0.0,0.0,0.0,0.0,0.0,0.0,0.0,0.0,0.0,0.0,1256.089999999996,-0.0966620999999998,0.0,0.0,0.0,0.0,0.0,0.0,0.0,0.0,0.0,0.006588313350622583,0.3769908926739969,5728.697829387363,-238.86010650033853,0.0,2.4111919946316056e-08,0.0,-8.199719542139478e-09,53.954069887261184,-0.033600173777590926,53.954069887261184,0.0,1.441228194250479,15.076792615949373,0.5705649329751866,4478.789759887475,8.337535627189592,0.0,-7.928924287579097e-18,0.0,2.530755799506421e-15,14.289711252175822,-0.05072220808480778,14.289711252175822,0.0,8.014789670594242,998.9999999999997,3.738421112773097,2.0497721670446323,-2.712456283219851,gaze,0.6237480464228358,0.3697434082556833,-96.48750020205006,60.272251660431344,242.87575133568913,27.40350900344205,-0.41650737613142785,-31.54573267165992,-0.12243036754414899,0.21094241317299658,0.9497792828487258,4.399862796876643,-31.079447738464697,-1.022412647774285,-34.67398016434318,-0.16068099712112827,0.12798848787477154,0.9608936776749946,4.633108312603884,-3.282060760128335,-0.34684132404409956,-34.540393249002214,-0.1510476979496429,0.17301144006942606,0.9526528495968486,4.544942017982932,71.12527269194582,True,0.05612250178764565,imu,-1.0371969552,-9.2318903152,3.614637370400001,5.15917537,9.39048895,0.30188828,63.38299141110245,-2.823358122949385,-8.553585441623689
233.320903,-0.2034499807195305,5.040856502738469,4472.449880114369,6.002620229157593,3.3174358889060733,0.08643825534528538,-166.77379207038436,18440.475409010076,0.014525910393547595,0.08929857140945927,-84.23116317560175,0.5046031371239361,3.3174358889060733,191003.32979466222,-4.594884083956627,-0.09518953174343467,66.03586169011386,-1.0155000826973903,-0.24933220552038288,5.03598319797464,66.03832941160766,-166.94851593224132,-165.29590697186993,7.6599638260437075,0.0,0.10227131243173157,-20.118589306014044,-4320855.843937157,-3.8474392374339708,-0.09894304810588067,0.0,0.0,1779.9499999999957,-3.3036899999999934,0.0,0.0,0.0,0.0,0.0,0.0,0.0,0.0,0.0,0.0,0.0,1256.0899999999954,-0.09666209999999976,0.0,0.0,0.0,0.0,0.0,0.0,0.0,0.0,0.0,0.00656896463659741,0.37699274686472334,5728.717356144403,-238.9406735072035,0.0,2.424341868223622e-08,0.0,-8.203486263721845e-09,53.954205367894886,-0.03359545638832357,53.954205367894886,0.0,1.4412317453716117,15.96708967024965,0.5599083362329884,4478.803102841848,8.305528148253243,0.0,-8.128116760499427e-18,0.0,2.590570521645266e-15,14.136794425030045,-0.049753744101397934,14.136794425030045,0.0,7.969591891926298,998.9999999999991,3.7305506855541304,2.05128565992793,-2.8007753043289703,gaze,0.6962019496839142,0.3222778523548705,-101.0529413238644,57.90483493919135,241.079477063692,25.65740271803147,-2.040931429323376,-30.22053779903281,-0.1041874253547811,0.452060195468549,0.8858817980243634,3.764501333236694,-31.95745859525951,-0.6849793827945625,-34.45364330417964,-0.2382242392385492,0.2020032770999757,0.9499704668462514,4.483267784118652,-3.0764768498492594,0.1743339225641038,-34.26174363102,-0.2507982354291119,0.2579008731212395,0.927658150645367,4.486786293983459,86.50902184586626,False,-1.0,imu,-1.2654021805229956,-9.357575610693369,3.2039009839919625,5.769314965250666,10.049847826892016,-0.9616906846005009,63.34289904221581,-2.8148147763333395,-8.574256519878965
233.323926,-0.2017876526862913,5.054068410398903,4472.395424617243,5.9939899684671065,3.333282427451932,0.08930414794670793,-166.69561269596971,18440.137149721893,0.014725213740828589,0.09218075482857746,-86.90420857317582,0.5047432818491642,3.333282427451932,203296.56583499225,-4.660301824151919,-0.09573176383558125,66.03003886613833,-1.0227487970296016,-0.24797451827545403,5.049166791264323,66.03251984952715,-166.87106972624056,-170.76938671236292,7.568450431470147,0.0,0.10396351174014948,-20.92800632316495,-4613376.969038781,-4.2172520133423,-0.09923075535786058,0.0,0.0,1779.9499999999962,-3.3036899999999942,0.0,0.0,0.0,0.0,0.0,0.0,0.0,0.0,0.0,0.0,0.0,1256.0899999999954,-0.09666209999999978,0.0,0.0,0.0,0.0,0.0,0.0,0.0,0.0,0.0,0.006558354360312302,0.3769937633454639,5728.728085670358,-238.9849242321563,0.0,2.4316527469816628e-08,0.0,-8.205554954105758e-09,53.95427966524472,-0.033592844612559826,53.95427966524472,0.0,1.4412336919459143,16.467656351605783,0.5539871641108447,4478.810455479938,8.287969148121311,0.0,-8.23872965769134e-18,0.0,2.6237673583937665e-15,14.052068176868328,-0.049215652388503936,14.052068176868328,0.0,7.944409822741504,998.9999999999993,3.7261659464712635,2.052129012192363,-2.8492197484310235,gaze,0.6232582643412431,0.37098792996572416,-103.29001740069761,58.91758996603666,241.47567629500733,27.409503430741175,-0.42692577853378705,-31.445697037140317,-0.12215929057134142,0.20957140881798328,0.9499712042293093,4.397603539402416,-31.071119372984054,-1.0306732921884514,-34.67364543206584,-0.1598249102724172,0.12676979440038674,0.9610679135443336,4.630899121793274,-3.080402784383879,-0.35159356413819326,-34.542982404505075,-0.15041674357204254,0.17182416556696475,0.9528450903193165,4.542419732725748,94.16084876723748,False,0.06789064396359025,imu,-1.0533470808,-9.298285276,3.5733648272,5.54797469,9.76433445,0.2495499100000003,63.322324615319616,-2.8101471391333694,-8.584876369921895
233.332453,-0.19697426202063203,5.0913287346532785,4472.241891110429,5.969432061154266,3.378286704305537,0.09743996051671729,-166.4732978539004,18439.15081278571,0.015294353612965501,0.10036290019530447,-94.80318347118322,0.5051135534644509,3.378286704305537,241403.66595468097,-4.847140663541094,-0.09727393068390386,66.01355281702669,-1.0433919862582068,-0.24402825758998226,5.086346597722397,66.01607184929779,-166.65074461750504,-187.1685018706754,7.303307532650049,0.0,0.10881287464269532,-23.254670396811917,-5524655.992298584,-5.294533633095533,-0.10005249787755965,0.0,0.0,1779.9499999999964,-3.303689999999994,0.0,0.0,0.0,0.0,0.0,0.0,0.0,0.0,0.0,0.0,0.0,1256.0899999999951,-0.09666209999999978,0.0,0.0,0.0,0.0,0.0,0.0,0.0,0.0,0.0,0.006528489401617166,0.3769966232873208,5728.75836852075,-239.10974396722776,0.0,2.4526150048432992e-08,0.0,-8.211389622039369e-09,53.95448880566552,-0.03358539750892697,53.95448880566552,0.0,1.4412391681026477,17.924756079109933,0.5370228208166034,4478.831287851741,8.238520363470851,0.0,-8.555394830224888e-18,0.0,2.718732616561645e-15,13.81023918639634,-0.047674079882429825,13.81023918639634,0.0,7.8720012078890855,998.9999999999993,3.713558129209072,2.0545545994611065,-2.985622553929482,gaze,0.6227537721474731,0.37224031795510826,-104.88269477780294,61.73156627233308,240.02479013304165,27.415676468684463,-0.42934340472412624,-31.366629300517964,-0.12187312071853203,0.20819078097760327,0.9501664916434616,4.395348841835034,-31.062600415706505,-1.0391008887413828,-34.6731489580988,-0.15895472935817262,0.1255449560085512,0.9612455304799945,4.628669608577975,-2.8944621221203124,-0.3564949857575618,-34.54544535579626,-0.1497696573124665,0.17062893154844327,0.9530410145058745,4.539886445800747,108.50625585140487,False,0.07973664411999931,imu,-0.9911391896,-9.3425485832,3.530895978400001,5.88443564,10.28771815,0.2645037299999999,63.269884847815945,-2.797076315684672,-8.61203761306748
233.340884,-0.1920327910263847,5.128157360737352,4472.090188046264,5.944837075171276,3.423230758917455,0.10556004272876568,-166.25086685405674,18438.122527747662,0.015867281729649563,0.10852935059765893,-103.15454747683934,0.5054430615162363,3.423230758917455,284477.7628938267,-5.035265174618619,-0.09881727825093106,65.99716446317426,-1.0640904434479421,-0.2399555990427571,5.1230946609065935,65.99972205516264,-166.43016353906637,-204.85027367419661,7.03082467528526,0.0,0.1137191330712913,-25.620677673553516,-6561753.459168314,-6.410475794153491,-0.10087992200218356,0.0,0.0,1779.9499999999962,-3.3036899999999947,0.0,0.0,0.0,0.0,0.0,0.0,0.0,0.0,0.0,0.0,0.0,1256.0899999999954,-0.09666209999999978,0.0,0.0,0.0,0.0,0.0,0.0,0.0,0.0,0.0,0.006499052096840492,0.3769994405716218,5728.78833654741,-239.2331604650324,0.0,2.473839422336544e-08,0.0,-8.217157873178656e-09,53.954694972044614,-0.03357791713314256,53.954694972044614,0.0,1.441244561609118,19.432532387700718,0.5198651152443154,4478.852020783968,8.189746137151413,0.0,-8.875324486271479e-18,0.0,2.81457327777848e-15,13.56697657453576,-0.04611504761340171,13.56697657453576,0.0,7.7983905624422105,998.9999999999995,3.7007393663029844,2.057021685305682,-3.120131316166959,gaze,0.7052176518161978,0.2937211129203224,-104.7561130379054,65.69887574577203,238.3566564284838,25.52602016774716,-3.721643744746689,-28.30535103644661,-0.0208055981148015,0.5236287269633402,0.8516924817008996,3.480772018432617,-31.99751985003907,-0.5579997494517395,-34.48334441884933,-0.2508537436278873,0.2284374192907772,0.940685252768238,4.423452854156494,-3.089123011388613,-0.2928424853899685,-33.66234831985333,-0.2243898575608311,0.2832098123724629,0.9214468612501312,4.339596152305603,116.29242632522364,False,-1.0,imu,-1.25819010741315,-9.355600045118948,3.2138864909052423,6.105109918165554,10.450958691191982,-1.2660334311386738,63.22626907666542,-2.7842924037886423,-8.634852944027243
233.34098,-0.19197547323724448,5.128576628964622,4472.088461259925,5.944555216938051,3.4237450850097155,0.10565293890380519,-166.24831906256162,18438.11048377103,0.015873864207920887,0.10862277795377885,-103.25283960562112,0.5054466027248344,3.4237450850097155,285001.23047885124,-5.037426811736269,-0.09883495842624072,65.99697736023123,-1.0643277851033384,-0.23990823996005634,5.123513006321522,65.999535396702,-166.42763612124685,-205.06037755800406,7.027662191111126,0.0,0.11377564131197347,-25.64800530237231,-6574397.55444129,-6.423479327910151,-0.10088942959324074,0.0,0.0,1779.9499999999962,-3.3036899999999942,0.0,0.0,0.0,0.0,0.0,0.0,0.0,0.0,0.0,0.0,0.0,1256.0899999999951,-0.09666209999999975,0.0,0.0,0.0,0.0,0.0,0.0,0.0,0.0,0.0,0.006498717427015022,0.3769994725912291,5728.7886779292985,-239.2345657649446,0.0,2.4740839670492638e-08,0.0,-8.217223549501712e-09,53.95469731604988,-0.03357783128246919,53.95469731604988,0.0,1.4412446229030103,19.450092444495212,0.5196675310784019,4478.852257636419,8.18919144993726,0.0,-8.879006812405498e-18,0.0,2.8156757971757332e-15,13.564182699530713,-0.04609709478736581,13.564182699530713,0.0,7.797540754509816,998.9999999999994,3.700591360528284,2.0570501755696613,-3.12166084045815,gaze,0.6222347426031752,0.37350033993886667,-104.06433835663144,65.323553410657,238.5918823455024,27.422026112143605,-0.42359215178074233,-31.30995118208783,-0.12157201975821699,0.20680074882551294,0.9503651187162125,4.393098818671917,-31.053893473347625,-1.0476931489603107,-34.67249160298334,-0.15807066789662674,0.12431419132305868,0.9614264961665485,4.626419953459831,-2.734408115892282,-0.3615439312186999,-34.54778253339925,-0.1491066486920148,0.16942592653218133,0.9532405884544786,4.537342392320651,115.90267822068473,False,0.09165950884686612,imu,-0.9432869656,-9.343744888800002,3.500390185600001,6.05640457,10.78119421,-0.2514030599999999,63.22582009788793,-2.784147646728893,-8.635089689101624
233.349065,-0.18706265581373338,5.163879169518154,4471.943081363146,5.920670662442563,3.4672694797075176,0.11351196986741512,-166.03252370704712,18437.06648814559,0.016433017546581587,0.11652680491757499,-111.7973672771088,0.5057277131525123,3.4672694797075176,331927.70286671864,-5.221068031096522,-0.10033263569116438,65.98118026720832,-1.0844511769279928,-0.23583949141886906,5.158737383663063,65.98377617878671,-166.21349935666473,-223.49354319514254,6.756428400533853,0.0,0.11858699975559348,-27.981726045334284,-7711386.564507954,-7.54308223952901,-0.10169714916953536,0.0,0.0,1779.9499999999966,-3.3036899999999947,0.0,0.0,0.0,0.0,0.0,0.0,0.0,0.0,0.0,0.0,0.0,1256.0899999999951,-0.09666209999999978,0.0,0.0,0.0,0.0,0.0,0.0,0.0,0.0,0.0,0.006470573618790166,0.37700216445878376,5728.817440759555,-239.35291934077316,0.0,2.4949128162779716e-08,0.0,-8.22275439267843e-09,53.954894443181885,-0.03357054615185742,53.954894443181885,0.0,1.4412497753933713,20.96123485830053,0.5028467912261035,4478.872267934744,8.142532216903154,0.0,-9.19233978432357e-18,0.0,2.9094428249891974e-15,13.32693819416488,-0.04456878504847597,13.32693819416488,0.0,7.72502385551131,998.9999999999998,3.68795942767595,2.059482176975476,-3.250307345845144,gaze,0.6217293494782316,0.3747018870695157,-104.24117130701481,66.70407344376738,237.33830194743933,27.428207885259877,-0.41052299232707534,-31.277879855983507,-0.12127288536734784,0.2054742838501069,0.9505565100449349,4.3909698483389406,-31.04546663012373,-1.0559900064508037,-34.67172053817335,-0.157219807730517,0.12314194950830991,0.9616011445751713,4.624268474625655,-2.613195124538834,-0.3664658869799429,-34.54988280949851,-0.14846349406963405,0.16827827452843272,0.953433157288271,4.534920483064463,121.33510999553828,False,0.10303442921666178,imu,-1.2552154155234947,-9.354830841947598,3.2178568764228515,6.1704443191922405,10.580490355858398,-1.3978322675474808,64.60049160000001,-2.130186800000011,-7.928561600000005
233.349507,-0.1867891810837108,5.1658086597100334,4471.935136308914,5.91935652357858,3.4696608298229834,0.11394364014373325,-166.0206564675625,18437.007645675694,0.016463859651765007,0.11696094997798881,-112.27991450942785,0.5057421025068728,3.4696608298229834,334660.31477170024,-5.231198523316193,-0.1004150081470991,65.98031441899782,-1.085559009818349,-0.23561246751940182,5.160662575304963,65.98291242642533,-166.20171948504594,-224.54424997565565,6.741319735655331,0.0,0.11885302364379985,-28.111173454942545,-7777796.143984864,-7.6056981288035495,-0.10174170687060079,0.0,0.0,1779.9499999999955,-3.303689999999993,0.0,0.0,0.0,0.0,0.0,0.0,0.0,0.0,0.0,0.0,0.0,1256.0899999999947,-0.09666209999999972,0.0,0.0,0.0,0.0,0.0,0.0,0.0,0.0,0.0,0.006469037385972475,0.3770023113490895,5728.819013886684,-239.3593896850416,0.0,2.4960648683832483e-08,0.0,-8.223056740083034e-09,53.95490520394661,-0.03357014474161374,53.95490520394661,0.0,1.441250056529908,21.045703860557147,0.5019168949796792,4478.873365469145,8.139984597294362,0.0,-9.209653227078316e-18,0.0,2.9146212959659134e-15,13.313856882672614,-0.04448429879865246,13.313856882672614,0.0,7.721005245814897,998.9999999999992,3.6872592746398514,2.0596170003696685,-3.2573307259912916,gaze,0.6217013508101483,0.3747677624808044,-104.29328234092192,66.71765188956078,237.27482778856432,27.428550327398384,-0.4095946911025869,-31.276748978709627,-0.12125615202408464,0.2054015328539107,0.950567058649774,4.390853585462986,-31.04500118280382,-1.0564477568776056,-34.671674253276564,-0.15717294142354468,0.12307771985453599,0.9616107778392168,4.624150341037627,-2.6075170003371975,-0.36673871727674945,-34.549994389629795,-0.14842792978579078,0.1682153400903813,0.9534437779873376,4.534787810547063,121.68232619895143,False,0.10365823551160892,imu,-0.9373054376000002,-9.4221029056,3.4650991704,6.36295788,11.12513207,-0.6476792899999999,63.19026303035845,-2.7713631024467427,-8.654057338579046
233.358035,-0.18141262729053903,5.203025722478615,4471.781899544796,5.893830039844556,3.5160426799091495,0.12231361046178318,-165.7902629752565,18435.833259868188,0.017064525866469886,0.12537897302607376,-121.91311140871822,0.5059997528380942,3.5160426799091495,390997.1669705782,-5.428517646990916,-0.10201443047579706,65.9635639724158,-1.1070910358342965,-0.23113839652574822,5.19779618224078,65.96620293392907,-165.9729428239351,-245.72602226340513,6.444047895029936,0.0,0.12404685664673538,-30.647781737281647,-9151289.895188907,-8.842976874762005,-0.10260958982180451,0.0,0.0,1779.9499999999962,-3.3036899999999942,0.0,0.0,0.0,0.0,0.0,0.0,0.0,0.0,0.0,0.0,0.0,1256.0899999999947,-0.09666209999999975,0.0,0.0,0.0,0.0,0.0,0.0,0.0,0.0,0.0,0.0064394447601365205,0.3770051399841248,5728.849379945817,-239.48423042665493,0.0,2.5185656486808282e-08,0.0,-8.228889881358582e-09,53.95511250119955,-0.0335623357645583,53.95511250119955,0.0,1.4412554698003748,22.713866791809416,0.4837643324207913,4478.894614486563,8.09089625966225,0.0,-9.547462347527995e-18,0.0,3.015605643104846e-15,13.059189532176443,-0.04283509555286781,13.059189532176443,0.0,7.642361973602189,998.9999999999993,3.6735538109534693,2.062256660739261,-3.3926441506509772,gaze,0.6211537091257715,0.3760425009259806,-105.58598977420269,66.46950038740255,236.20530701601305,27.435247848028542,-0.3873691888059868,-31.267760816975127,-0.12092564476028192,0.20399318917353612,0.9507723084875643,4.388612996343913,-31.035925135664336,-1.0653634243490546,-34.67069769744737,-0.15626165981061502,0.1218356159957821,0.96179836447756,4.621860690321969,-2.5184098104448487,-0.3720782700949312,-34.55208163580825,-0.1477336328588036,0.16699721955163707,0.9536505729148338,4.532222640445244,130.46291488133878,False,0.11573323261713388,imu,-0.9229497704,-9.4819181856,3.418443252,6.49754226,11.43916229,-1.20844754,63.16332765510993,-2.7587231554018254,-8.668970914722795
233.360975,-0.1795147287608322,5.215851067278198,4471.72909651201,5.884954034366087,3.5321400668644105,0.12521738237487887,-165.71020509003367,18435.41016803011,0.017274082073569036,0.1282994454570668,-125.3794984313488,0.5060797353919455,3.5321400668644105,412082.10262589465,-5.497366847594225,-0.10257030340266002,65.95776983600305,-1.1145837992451293,-0.22955439462301097,5.21059252623177,65.96042314521469,-165.89341144245935,-253.44078470126533,6.339002646907588,0.0,0.1258644922008179,-31.539847374024163,-9667309.89578543,-9.282557505641059,-0.10291241272532631,0.0,0.0,1779.9499999999957,-3.3036899999999942,0.0,0.0,0.0,0.0,0.0,0.0,0.0,0.0,0.0,0.0,0.0,1256.0899999999947,-0.09666209999999974,0.0,0.0,0.0,0.0,0.0,0.0,0.0,0.0,0.0,0.006429263678911815,0.37700611273973506,5728.859854696531,-239.52726937938718,0.0,2.5264435961629345e-08,0.0,-8.230900668312877e-09,53.9551838250526,-0.033559615253731474,53.9551838250526,0.0,1.441257331174353,23.306117566814372,0.4774128005308119,4478.901972285694,8.074002428577531,0.0,-9.665588430838795e-18,0.0,3.0508940838173344e-15,12.970386518910821,-0.04225806932468043,12.970386518910821,0.0,7.614759183321466,998.9999999999993,3.668741530779615,2.0631837220852387,-3.4392059781871387,gaze,0.7055457706414506,0.2914295739104923,-104.8587453275842,66.32437073939266,238.1720600916593,25.47923384776207,-4.35556149069189,-27.59441200151482,0.0122836415345931,0.5561046716471344,0.8310214836710798,3.376472473144531,-31.98055646587749,-0.5433482291973641,-34.48693983978415,-0.2512660801120066,0.2305434574280036,0.9400612061043094,4.440513134002686,-3.123134715432583,-0.8941950476711739,-32.92167648349206,-0.193530113292506,0.3134648872625103,0.9127702863374252,4.204447865486145,133.87033760896597,False,-1.0,imu,-1.2508638977416524,-9.353752269773642,3.223513856839397,6.179939681114883,10.747045020638236,-1.5993193720046253,63.15605997798578,-2.7543997911143556,-8.673177854274956
233.366562,-0.17584494457789185,5.2402155877382945,4471.628788161426,5.867978806521086,3.5628830483245677,0.13076145023560892,-165.55717263399364,18434.578318940694,0.017675837592924164,0.13387544109695265,-132.17852162904808,0.5062191644846535,3.5628830483245677,454647.26858189446,-5.629376662641714,-0.10363301314400147,65.9467319222681,-1.1289216634354677,-0.2264850566775229,5.234901608948191,65.94941282297704,-165.74133475790154,-268.70821153702263,6.135717493975026,0.0,0.1293571487701626,-33.260685894009754,-10711933.372952083,-10.136693710340644,-0.10349303341952215,0.0,0.0,1779.9499999999957,-3.303689999999993,0.0,0.0,0.0,0.0,0.0,0.0,0.0,0.0,0.0,0.0,0.0,1256.0899999999942,-0.09666209999999972,0.0,0.0,0.0,0.0,0.0,0.0,0.0,0.0,0.0,0.00640994543283424,0.37700795792535835,5728.8797689757175,-239.60905877236883,0.0,2.5415863385492893e-08,0.0,-8.234721608979647e-09,53.95531916678853,-0.03355440497622368,53.95531916678853,0.0,1.4412608616289804,24.456305223422184,0.46520964416788513,4478.91600034383,8.041940165565302,0.0,-9.892443818819641e-18,0.0,3.1186299005393962e-15,12.800198028390266,-0.04114946840667631,12.800198028390266,0.0,7.56160587055166,998.9999999999991,3.659471685691302,2.064969824051903,-3.527565452390725,gaze,0.6205921256549045,0.37732402069288307,-106.00922782946543,66.92338016005498,235.55395308801292,27.44211501371452,-0.3570485112084952,-31.283364914170388,-0.12058074481360914,0.2025762711034615,0.9509807924619497,4.386377694370379,-31.026670156131562,-1.0744356909780497,-34.6695631022996,-0.15533725623333633,0.12058839222842443,0.9619891784395135,4.61955173095563,-2.4693372100306616,-0.3775596042900554,-34.554044277665355,-0.14702413779277573,0.165772042188847,0.9538608896254707,4.5296477280134555,141.84149658303542,False,0.12788064739307325,imu,-0.8433954480000001,-9.3586987088,3.386143000800001,6.28071187,11.77562324,-1.97109236,63.14512026834982,-2.74623269198453,-8.679859742816173
233.375089,-0.1700833742519402,5.277379085945538,4471.475785446939,5.841796887349149,3.6101906521075877,0.13928870272192032,-165.321338540969,18433.233015938473,0.018297980980337993,0.14245190796442084,-143.10640830680026,0.5064000402840871,3.6101906521075877,526306.0886099003,-5.83383750201945,-0.10527110625646668,65.9298183077566,-1.1510562664792021,-0.22164990364785228,5.271979667892043,65.93254214917283,-165.50684345672352,-293.6049113277378,5.816093327414876,0.0,0.13478573590631893,-35.95377726439217,-12478397.373676261,-11.488688537490098,-0.10439229808444193,0.0,0.0,1779.9499999999957,-3.3036899999999942,0.0,0.0,0.0,0.0,0.0,0.0,0.0,0.0,0.0,0.0,0.0,1256.0899999999945,-0.09666209999999975,0.0,0.0,0.0,0.0,0.0,0.0,0.0,0.0,0.0,0.006380534868889496,0.37701076559773083,5728.910184526022,-239.7338894217524,0.0,2.5651348892962856e-08,0.0,-8.24055261066568e-09,53.95552523267558,-0.033546350254324384,53.95552523267558,0.0,1.4412662328364003,26.275364299843105,0.44624624105279853,4478.937526164571,7.993112780755058,0.0,-1.0244726314684262e-17,0.0,3.2237307072207443e-15,12.536810167418091,-0.039426820179203924,12.536810167418091,0.0,7.478704183311783,998.9999999999993,3.6450047500448037,2.0677580951844043,-3.6621065693814874,gaze,0.6200167188739906,0.37861223422053913,-104.82722938911455,69.08741963696146,235.5189885359766,27.449150483245568,-0.3188723709728697,-31.32356009354939,-0.12022158602478797,0.20115083823120822,0.9511925064103299,4.384147535072114,-31.017237914343475,-1.0836631978518123,-34.66827132543633,-0.15439984594276332,0.11933612514203017,0.9621832074526004,4.617223392214968,-2.4603640259485613,-0.3831815804237165,-34.555883083529665,-0.14629958351500133,0.16453985812504182,0.9540747165920427,4.527063020419068,147.7077431463512,False,0.14010086160265003,imu,-0.8756956992000001,-9.3676710008,3.374778097600001,6.29566569,11.77562324,-2.62158353,63.135719802395165,-2.7338921189103575,-8.6867624850247
233.380956,-0.16600541210983194,5.302932252840379,4471.3705757392045,5.823588836199793,3.6430137011059482,0.14520229009677132,-165.1574691152165,18432.249680229215,0.018732397740550757,0.14839970020861123,-151.02563586764452,0.5065019409621564,3.6430137011059482,580640.5362538632,-5.9766288314126985,-0.10640961168164764,65.91813458495376,-1.1664640016616827,-0.21821643180832223,5.297473462860577,65.92088855942134,-165.34381423293067,-311.9070908398551,5.589511762950892,0.0,0.13859021681684303,-37.85526975587189,-13823541.363296704,-12.453670089266556,-0.10502030821779827,0.0,0.0,1779.949999999995,-3.303689999999992,0.0,0.0,0.0,0.0,0.0,0.0,0.0,0.0,0.0,0.0,0.0,1256.0899999999936,-0.09666209999999967,0.0,0.0,0.0,0.0,0.0,0.0,0.0,0.0,0.0,0.006360349933122937,0.37701269150081335,5728.931127333231,-239.81978048525974,0.0,2.581646806158526e-08,0.0,-8.244564210123483e-09,53.95566667196228,-0.03354073559793693,53.95566667196228,0.0,1.4412699166152108,27.572602893385298,0.43295877652144454,4478.952418614589,7.959593023879564,0.0,-1.0491400980853353e-17,0.0,3.2972642541195554e-15,12.35301083450724,-0.0382198408023091,12.35301083450724,0.0,7.42040531357223,998.9999999999987,3.6348238603484564,2.069720864485205,-3.7544546959878815,gaze,0.7063644790105038,0.2741907426766941,-104.8492003276747,71.04614784975294,236.9631901054907,25.46154949551014,-4.561860921178624,-27.34961076139475,0.0244312779925582,0.576283744216742,0.8168844219393482,3.354949951171875,-31.95079348350843,-0.4519869937393466,-34.51294418429178,-0.2513357867454964,0.2465079931052401,0.9359829761466014,4.459091186523438,-3.1684856535739647,-1.5360519871152132,-32.129925751124986,-0.1617399906544851,0.3486105045627022,0.9017770917302528,4.081031107902527,143.23815445689087,False,-1.0,imu,-1.2435122993095562,-9.352052692204358,3.2326751156455455,5.9581031373069715,11.021118090568365,-1.9721531883019843,63.134400606556206,-2.725489212578942,-8.689217950436749
233.383616,-0.16412576548860344,5.314512648272801,4471.322892671025,5.815281303514196,3.6579688116918745,0.1478959374461119,-165.08274058698635,18431.78727943686,0.018931073108852503,0.15110894809628903,-154.7267738844747,0.506542049810423,3.6579688116918745,606704.7585885075,-6.041939416856919,-0.10692887436710442,65.91282515251737,-1.1734977283593495,-0.21663089647185596,5.309026781937995,65.91559294788242,-165.2694436100733,-320.5321482027554,5.484972278361198,0.0,0.14033385903001738,-38.730804712799426,-14470383.42724054,-12.90068958360797,-0.10530754445394162,0.0,0.0,1779.9499999999957,-3.3036899999999925,0.0,0.0,0.0,0.0,0.0,0.0,0.0,0.0,0.0,0.0,0.0,1256.089999999994,-0.0966620999999997,0.0,0.0,0.0,0.0,0.0,0.0,0.0,0.0,0.0,0.006351212005314989,0.3770135630941379,5728.940626587087,-239.85872243592547,0.0,2.5892166805775456e-08,0.0,-8.246382890123756e-09,53.955730706502635,-0.03353817037768017,53.955730706502635,0.0,1.4412715836079242,28.17323700575014,0.426869610737032,4478.959192590513,7.944416347672007,0.0,-1.0604399939800922e-17,0.0,3.3309331547149973e-15,12.268983098995406,-0.037666742390547014,12.268983098995406,0.0,7.393633109878737,998.9999999999992,3.630146373843452,2.0706227871444596,-3.7962635279142214,gaze,0.6194276728166357,0.3799069039140008,-103.1379813524635,71.96348800605737,236.23898244617072,27.45635211354168,-0.27320460052764156,-31.387959827771155,-0.11984834251573499,0.1997171159264643,0.9514074218903495,4.381922637951612,-31.007631161757747,-1.0930435247207455,-34.66682335447623,-0.15344965210473355,0.11807903737974333,0.962380417014059,4.614875874615524,-2.4896635580051507,-0.38894241765443816,-34.557598590505194,-0.14556019181572538,0.1633008608101035,0.9542920177974409,4.524468767943283,137.6922850731812,False,0.15239283657162855,imu,-0.9408943544,-9.4633754488,3.3520482912,6.35548097,11.61860813,-3.26459779,63.13519080415697,-2.721703309153785,-8.689719551791132
233.392143,-0.15796995601049557,5.351612671793515,4471.170111110046,5.7884290594469014,3.7062208626385105,0.1565837270801929,-164.84135859933235,18430.23063404992,0.019575231802522783,0.1598471391331957,-167.07046480750444,0.5066448618151389,3.7062208626385105,696617.5067399121,-6.253721910008341,-0.10860648290268723,65.8957545055232,-1.1962489493711388,-0.21142598335377483,5.34603933980917,65.89856727988142,-165.02910976721682,-349.6103426790982,5.142149091425335,0.0,0.14600276643554302,-41.59567039014314,-16708811.073751876,-14.374455473216756,-0.10623893424214993,0.0,0.0,1779.949999999995,-3.3036899999999916,0.0,0.0,0.0,0.0,0.0,0.0,0.0,0.0,0.0,0.0,0.0,1256.0899999999938,-0.0966620999999997,0.0,0.0,0.0,0.0,0.0,0.0,0.0,0.0,0.0,0.006321975775907804,0.37701635050773386,5728.9710951491925,-239.98355787635765,0.0,2.613837128531862e-08,0.0,-8.252212451090547e-09,53.95593559593567,-0.033529864117657016,53.95593559593567,0.0,1.44127691412946,30.152155842744943,0.40707521257517965,4478.981000265034,7.895853122014307,0.0,-1.0971555424111455e-17,0.0,3.4402625099324376e-15,11.99667371690839,-0.03586882399876111,11.99667371690839,0.0,7.306368700911003,998.999999999999,3.614889860060596,2.0735652263841766,-3.9300323312086602,gaze,0.6188251736420669,0.38120779125023435,-102.56284247267972,73.77504025616632,237.6468330223732,27.46371773543654,-0.22053800264166296,-31.475778627111463,-0.11946119074114325,0.19827533067904396,0.9516255100602102,4.379703123435085,-30.997852676930123,-1.1025742266906895,-34.665220201551605,-0.15248689968247295,0.11681735226408348,0.9625807722015116,4.61250938253402,-2.553752444447411,-0.3948403119052423,-34.559191356296594,-0.14480618678861643,0.16205524457880946,0.9545127567806717,4.521865223728045,110.0241875084621,False,0.16475552482809147,imu,-0.9498666464000002,-9.499862769600002,3.307784984,6.1536044,11.84291543,-3.89265823,63.14357908706286,-2.7096681110324483,-8.688774965758824
233.40067,-0.15161377206282667,5.388675519361343,4471.017442047039,5.7612371427793505,3.754950155668087,0.16535264745223088,-164.59717234185706,18428.552194284086,0.020230575631464708,0.1686670618981154,-180.16918264341174,0.5067081442283798,3.754950155668087,796862.8894707804,-6.469224736178767,-0.11030409816500919,65.87860844117982,-1.2193128467571528,-0.20603310164451474,5.383013695965301,65.88146723145174,-164.78581633664774,-380.96438781346524,4.787416362023162,0.0,0.15179371375644937,-44.55243240513374,-19215854.375793435,-15.911775467474413,-0.1071866302434617,0.0,0.0,1779.9499999999953,-3.303689999999993,0.0,0.0,0.0,0.0,0.0,0.0,0.0,0.0,0.0,0.0,0.0,1256.0899999999938,-0.0966620999999997,0.0,0.0,0.0,0.0,0.0,0.0,0.0,0.0,0.0,0.0062928251112094585,0.3770191279319352,5729.001590202539,-240.10839580486555,0.0,2.639001685886759e-08,0.0,-8.258041297332278e-09,53.95613990866497,-0.03352143023814652,53.95613990866497,0.0,1.4412822245875385,32.21439317931819,0.3868584775346523,4479.002949833149,7.847425372775881,0.0,-1.1346284124737905e-17,0.0,3.551744215680165e-15,11.719838658286276,-0.034032651392595495,11.719838658286276,0.0,7.216886859316793,998.9999999999991,3.5992284445088703,2.0765867528623048,-4.063408959348585,gaze,0.6182094095922441,0.3825146568227076,-103.74511297371839,73.38102488471483,239.31819889610156,27.471245154178316,-0.1614921669383516,-31.585842638309405,-0.11906030944281137,0.1968257100592498,0.9518467416833378,4.377489112846785,-30.98790526489821,-1.1122528347926788,-34.66346290300787,-0.15151181539259717,0.11555129375549335,0.9627842376789064,4.610124124161295,-2.647738258325937,-0.40087343632863437,-34.56066195897069,-0.1440377947806731,0.16080320461707542,0.9547368966432219,4.519252643718487,75.00984779803736,False,0.1771878701870322,imu,-0.9367072848000002,-9.4526086984,3.2850551776,5.66012834,11.9700229,-4.53567249,63.16091104927107,-2.697788348065144,-8.683976239711859
233.401048,-0.15132733126751807,5.390317588780479,4471.010676886032,5.7600238209306625,3.75712141428704,0.16574325881896312,-164.58628238809723,18428.474793508314,0.020259887663261283,0.16905994817999298,-180.7678332446942,0.5067100292664316,3.75712141428704,801559.3747658092,-6.478864674532241,-0.11037981880780873,65.8778466472958,-1.220342548043205,-0.20578965274619654,5.384651818703269,65.88070750163315,-164.77496228108473,-382.4090102350959,4.771412166578699,0.0,0.15205326996146157,-44.68569807859211,-19333573.99359391,-15.981424227437504,-0.10722902142308563,0.0,0.0,1779.949999999995,-3.3036899999999916,0.0,0.0,0.0,0.0,0.0,0.0,0.0,0.0,0.0,0.0,0.0,1256.0899999999933,-0.0966620999999997,0.0,0.0,0.0,0.0,0.0,0.0,0.0,0.0,0.0,0.006291534832469177,0.3770192508247755,5729.002942654471,-240.1139299008454,0.0,2.6401299062739825e-08,0.0,-8.258299672296252e-09,53.956148952574864,-0.03352105339250301,53.956148952574864,0.0,1.4412824595374873,32.30777663514266,0.3859524257638437,4479.003926147255,7.845281753383926,0.0,-1.1363072513351008e-17,0.0,3.556736399600233e-15,11.70746117718384,-0.03395036222955665,11.70746117718384,0.0,7.212868439528255,998.9999999999991,3.598524697515704,2.0767225484212046,-4.0693123738556904,gaze,0.7024631425885449,0.2655526524360956,-102.7845357158075,73.4875832928947,236.7533800075337,25.46326357008793,-4.677661261286985,-27.22426056865731,0.0302016377284749,0.5773761330480636,0.8159195193552994,3.349101781845093,-31.92200418086563,-0.2951114125355101,-34.65050368226257,-0.2443165891428181,0.2543845939134688,0.9357338738386568,4.518299579620361,-3.2220862776411368,-2.1891084614946084,-31.32815475964137,-0.1294072905080713,0.3847330212181294,0.8903833480395047,3.965042209625244,73.47831880027756,False,-1.0,imu,-1.2360625286495135,-9.35048260716186,3.2414692759136923,5.444922821161896,11.374728602623712,-2.4064006168278618,63.16188657135942,-2.6972653472261308,-8.683675089903417
233.409197,-0.14505502838898113,5.425697519491425,4470.864886771737,5.733702524299822,3.8041600566953635,0.1742032775562567,-164.3501615150418,18426.740658391267,0.020897223914035853,0.1775693004063314,-194.0554952016042,0.5067315641601823,3.8041600566953635,908305.0228729949,-6.688487902664695,-0.11202188733313581,65.86138905942141,-1.2426923547545148,-0.20045017781891755,5.419946170483869,65.86429491447716,-164.53953758570836,-414.7237277935849,4.420564525562185,0.0,0.1577079639856538,-47.605307495687185,-22014978.430786353,-17.514469703761886,-0.10815079633610246,0.0,0.0,1779.9499999999948,-3.3036899999999916,0.0,0.0,0.0,0.0,0.0,0.0,0.0,0.0,0.0,0.0,0.0,1256.0899999999933,-0.09666209999999965,0.0,0.0,0.0,0.0,0.0,0.0,0.0,0.0,0.0,0.006263758938464373,0.3770218954604239,5729.032111737235,-240.23323628361652,0.0,2.6647158420654645e-08,0.0,-8.263869432644982e-09,53.956343652405295,-0.03351286749554481,53.956343652405295,0.0,1.4412875151693227,34.3622616009185,0.36621480811435403,4479.025041941517,7.799135382281913,0.0,-1.1728678027919334e-17,0.0,3.665403891220518e-15,11.438434302879415,-0.03215780838413303,11.438434302879415,0.0,7.125163339836874,998.9999999999989,3.583155295534794,2.0796887201066103,-4.196389369224258,gaze,0.6175805709489444,0.38382726038604426,-104.89655088085506,71.65160198712809,240.3329602690515,27.47893214993098,-0.09679835016195588,-31.7166309280103,-0.11864587960395287,0.19536848267815884,0.9520710871330612,4.375280728383191,-30.977791756564653,-1.1220768565531982,-34.661552519103154,-0.15052462766106284,0.11428108641082166,0.9629907777024668,4.607720311455087,-2.7655671038605116,-0.4070399417718922,-34.562010996718215,-0.14325524434209375,0.15954493692813115,0.9549644000554368,4.516631286605249,47.29686594206855,False,0.18968880783560524,imu,-0.9881484256000002,-9.2875185256,3.2623253712,5.45825177,11.99993054,-4.602964679999999,63.18719299188481,-2.6860658188291806,-8.675374254515237
233.417724,-0.1382915282064306,5.462674966239657,4470.712446580581,5.705822157909029,3.853853946861345,0.18313619956170396,-164.10030575608005,18424.784302222135,0.021575296718981753,0.18655444187493975,-208.76284765249096,0.5067147879016963,3.853853946861345,1031854.8142193131,-6.911551670083289,-0.11376001846556401,65.8440984858073,-1.2663904246408508,-0.19467512745331514,5.456833048939278,65.8470524665402,-164.29024764022472,-451.0224365279545,4.0413818466470275,0.0,0.1637467874952276,-50.758673700176985,-25130975.88322427,-19.18438943519047,-0.10913159748564327,0.0,0.0,1779.9499999999948,-3.303689999999992,0.0,0.0,0.0,0.0,0.0,0.0,0.0,0.0,0.0,0.0,0.0,1256.0899999999933,-0.09666209999999967,0.0,0.0,0.0,0.0,0.0,0.0,0.0,0.0,0.0,0.006234776181579945,0.3770246531871523,5729.062659743318,-240.3580793751267,0.0,2.6909851232925567e-08,0.0,-8.269696860854505e-09,53.956546834896365,-0.03350417463873205,53.956546834896365,0.0,1.441292786062618,36.59811425991337,0.3451395782644311,4479.047277238449,7.750985446226973,0.0,-1.2118829750928883e-17,0.0,3.781267332823605e-15,11.152416772351948,-0.03024387620152688,11.152416772351948,0.0,7.03117374863215,998.9999999999992,3.5666635137142038,2.0828724952760984,-4.32896949446772,gaze,0.6169388499908742,0.3851453609006115,-101.78323855644875,71.69628328620728,239.52629318969525,27.48677647827515,-0.02728161972005412,-31.8663232576809,-0.11821808440352652,0.19390387814798582,0.9522985163972815,4.373078093087329,-30.967515008081005,-1.132043776563924,-34.659490133707926,-0.14952556657916974,0.11300695534187097,0.9632003561266336,4.605298160092965,-2.9002712128016555,-0.4133379572420375,-34.56323908761544,-0.1424587661761852,0.1582806382987627,0.9551952292628855,4.514001413766931,37.32703843681955,False,0.20225726441771238,imu,-0.9666149248,-9.3868118904,3.2581383016,5.63769761,12.14946874,-4.43847266,63.222410437165976,-2.674502296818365,-8.663023137055234
233.421028,-0.13561532862476158,5.476990030082282,4470.653411019308,5.694925616922889,3.873239916141915,0.18661972989645323,-164.00272377372528,18423.984748839284,0.021841129834712463,0.19005837129123798,-214.68959605402634,0.5066974110061538,3.873239916141915,1083185.4268714455,-6.99901360405144,-0.11443900511709884,65.83738014199137,-1.275659101935233,-0.19238534670421098,5.471112737724128,65.84035305798477,-164.19283901091154,-465.79941181233517,3.8910977136144282,0.0,0.16612044026012535,-52.0085033427666,-26429074.730073452,-19.84991403224251,-0.10951614057935437,0.0,0.0,1779.9499999999941,-3.3036899999999902,0.0,0.0,0.0,0.0,0.0,0.0,0.0,0.0,0.0,0.0,0.0,1256.0899999999924,-0.09666209999999963,0.0,0.0,0.0,0.0,0.0,0.0,0.0,0.0,0.0,0.006223568277434666,0.3770257191229104,5729.074503447911,-240.406453677655,0.0,2.7013142249319593e-08,0.0,-8.27195465481159e-09,53.95662541384123,-0.03350077112886096,53.95662541384123,0.0,1.4412948231503226,37.48861293486242,0.3368564510723028,4479.055931490819,7.732366686945581,0.0,-1.227210909681883e-17,0.0,3.826759465149026e-15,11.040342624443847,-0.029491677718671686,11.040342624443847,0.0,6.994140745269317,998.9999999999986,3.5601593399548306,2.0841284142192795,-4.380232515967293,gaze,0.6949740593308288,0.2696772535725533,-99.31410509470356,72.5335370338897,237.7859702218012,25.99416011545777,-0.0771300045115257,-32.253876821887,-0.1595199949691933,0.4446859183189149,0.8813670093972725,4.120680332183838,-31.88338598881642,-0.1919810472869461,-34.77512317952637,-0.2324845435034219,0.2507397087906196,0.9397236484560773,4.566864013671875,-3.1810032772541974,-1.9434284854626616,-31.563636649461465,-0.1343665778959998,0.3888692366722304,0.8889071873377782,4.009019732475281,38.64230104261976,False,-1.0,imu,-1.2286056867812611,-9.349059421149684,3.249796763237774,4.688133981221843,11.858272084553022,-2.907757907664794,63.238451266482926,-2.6700648371326694,-8.657241745182967
233.426252,-0.13132023350026784,5.499608446953903,4470.560104919906,5.677589649435106,3.904041136269501,0.1921530610302695,-163.8475548323555,18422.670715546716,0.02226499642408099,0.19562414517237942,-224.327450290201,0.5066574718157648,3.904041136269501,1168488.0202963045,-7.138483390129288,-0.11551886795588326,65.82673683181248,-1.290412860641459,-0.18870514368691438,5.493674899347328,65.82974001704612,-164.03789071344005,-490.0040298545415,3.6496077245061365,0.0,0.16991219244647138,-54.01746149816216,-28590430.273163356,-20.923625341198832,-0.1101293177337233,0.0,0.0,1779.9499999999944,-3.3036899999999907,0.0,0.0,0.0,0.0,0.0,0.0,0.0,0.0,0.0,0.0,0.0,1256.0899999999926,-0.09666209999999964,0.0,0.0,0.0,0.0,0.0,0.0,0.0,0.0,0.0,0.0062058723765877335,0.377027401528053,5729.093237797894,-240.4829397836532,0.0,2.7178182722729362e-08,0.0,-8.275524269102135e-09,53.956749487634085,-0.03349534936644015,53.956749487634085,0.0,1.4412980380705944,38.92462342829867,0.32362558479583026,4479.06965900686,7.702972252084027,0.0,-1.2516879683689055e-17,0.0,3.899374495431248e-15,10.861707565943878,-0.028290202058930597,10.861707565943878,0.0,6.934882116354468,998.9999999999989,3.5497441223352415,2.0861398472880155,-4.461160722370728,gaze,0.6162843634688014,0.38646887207181174,-91.68130532862192,75.9275235087468,236.8167883430648,27.49477681783861,0.046165841244257745,-32.032868365823205,-0.11777705668975336,0.19243195403337274,0.9525290262907652,4.370881073547968,-30.95707666693303,-1.1421522505101118,-34.657276585637966,-0.14851474465620756,0.11172897610901633,0.9634129615148699,4.602857602189588,-3.044233651654486,-0.4197663516955662,-34.56434699227046,-0.14164849728258996,0.157010356976989,0.9554293737399746,4.511362979354049,47.12166366767076,False,0.21489364372420036,imu,-0.9229497704,-9.472347740800002,3.258736454400001,5.57788233,12.52331424,-4.146873169999999,63.26653314040866,-2.6630982025411516,-8.646978042564001
233.434779,-0.12414055906458038,5.536485524344247,4470.407898827157,5.649008539699734,3.9547132669703338,0.20125233592059572,-163.59194752824044,18420.387805399412,0.02296628286782837,0.20477687696592684,-240.7808896273598,0.5065592939684683,3.9547132669703338,1319180.8832712988,-7.3692706158867285,-0.11729819315660928,65.8093103464305,-1.3147570147685625,-0.18253952011461883,5.530459297337053,65.81236381562118,-163.78249982760312,-531.8029491863779,3.2451179079520998,0.0,0.17620401823530826,-57.38561575701962,-32420090.336355332,-22.733683925639674,-0.11114389026072466,0.0,0.0,1779.9499999999948,-3.3036899999999916,0.0,0.0,0.0,0.0,0.0,0.0,0.0,0.0,0.0,0.0,0.0,1256.0899999999926,-0.09666209999999964,0.0,0.0,0.0,0.0,0.0,0.0,0.0,0.0,0.0,0.0061770532190579056,0.37703013993309364,5729.123838719619,-240.60778828996058,0.0,2.745214596750603e-08,0.0,-8.281350294621229e-09,53.9569515708831,-0.033486392482047156,53.9569515708831,0.0,1.441303270150672,41.34367906622996,0.30167318935450094,4479.092182649412,7.655109382753228,0.0,-1.2922828369247688e-17,0.0,4.019723834887062e-15,10.566330460222298,-0.026296820131803234,10.566330460222298,0.0,6.836286330801405,998.999999999999,3.5323940527876534,2.089491404623389,-4.592927937770638,gaze,0.6156174610370593,0.38779724098973195,-77.97872062709119,82.7410579199364,234.99884828094625,27.50292900006105,0.12256769102185827,-32.21395167249941,-0.11732308734498352,0.19095328705038195,0.952762531982009,4.36869030968464,-30.946482086221707,-1.1523973479174647,-34.654913524323604,-0.14749263226450565,0.11044767454530642,0.963628507071709,4.600399433106182,-3.189367132637851,-0.42632170406917,-34.56533510805335,-0.14082486256908486,0.15573458914309582,0.9556667399861127,4.508716868744203,69.02559999325545,False,0.22759389195694582,imu,-0.9313239096,-9.514218436800002,3.2635216768,5.06197554,12.6429448,-3.82536604,63.31949266610609,-2.6518579335700903,-8.627302992771295
233.44112,-0.11866454038840024,5.563872699792987,4470.2947897003205,5.627524571577189,3.992715205695386,0.20807336432425055,-163.39998513014626,18418.57250930238,0.023495422398041237,0.21163806374270272,-253.6150842055643,0.5064595917122079,3.992715205695386,1440992.5537603407,-7.543433745734812,-0.11863487560987983,65.79630930881264,-1.3330724185283036,-0.1778259909181072,5.557776860697288,65.79940088184516,-163.5905798700399,-564.8034122382473,2.935921498798635,0.0,0.18096604897096577,-59.96433638324737,-35525366.6668136,-24.126909789287726,-0.1119094653518649,0.0,0.0,1779.9499999999946,-3.3036899999999907,0.0,0.0,0.0,0.0,0.0,0.0,0.0,0.0,0.0,0.0,0.0,1256.0899999999924,-0.09666209999999961,0.0,0.0,0.0,0.0,0.0,0.0,0.0,0.0,0.0,0.006155674236540467,0.37703217013864615,5729.146611866172,-240.70063217886917,0.0,2.7659580168636355e-08,0.0,-8.285682296661445e-09,53.95710149848796,-0.03347964505643136,53.95710149848796,0.0,1.4413071485163802,43.20422035337435,0.28505992163862903,4479.109026145465,7.61961192846759,0.0,-1.3229914060028172e-17,0.0,4.110698301038122e-15,10.34360219080194,-0.024788322779869282,10.34360219080194,0.0,6.761450992687853,998.9999999999989,3.5192071882645584,2.0920394210894226,-4.690647745787926,gaze,0.6358047395378035,0.2217830102525259,-70.01328794176439,87.71296230727799,241.9068239085951,26.2732502010496,1.52754461470863,-34.22940756465987,-0.2261526158792138,0.3473083979800973,0.910072453721948,4.379356861114502,-31.76457795996742,-0.2160130062926022,-34.69201203800398,-0.225369425083095,0.2370476513596912,0.9449957847644452,4.666338443756104,-3.0829860849167883,-1.3843109752012164,-32.17690906419826,-0.1523528478179618,0.3720982269807975,0.8951762377395038,4.12316677570343,86.59140099409389,False,-1.0,imu,-1.22106658504954,-9.347767077733353,3.2577491967417,3.747703093572501,12.432639578433177,-3.4747752587119844,63.364560373247386,-2.643605589154707,-8.610354763553573
233.443306,-0.1167494681114764,5.573306722122607,4470.255811748433,5.620072441617589,4.005879622332074,0.21043566844031825,-163.33343382213363,18417.922305101238,0.02367935857861386,0.21401429275056028,-258.16108402318974,0.5064199138637621,4.005879622332074,1485007.3152527986,-7.603980756551371,-0.11909836981602079,65.79181920083838,-1.3394286876819312,-0.1761754508648181,5.567186747323861,65.79492405139436,-163.52401926875825,-576.5720409278863,2.827648884131044,0.0,0.1826242730477516,-60.86839034341065,-36649335.62222253,-24.616711084685715,-0.112175599320707,0.0,0.0,1779.9499999999946,-3.3036899999999916,0.0,0.0,0.0,0.0,0.0,0.0,0.0,0.0,0.0,0.0,0.0,1256.0899999999926,-0.09666209999999964,0.0,0.0,0.0,0.0,0.0,0.0,0.0,0.0,0.0,0.006148314228550555,0.3770328688198985,5729.154466082329,-240.73263959869226,0.0,2.773182847487632e-08,0.0,-8.28717562469566e-09,53.95715311625496,-0.033477301684628556,53.95715311625496,0.0,1.441308483109619,43.85802559349728,0.2792751826769898,4479.11485143541,7.60739353579906,0.0,-1.3336816543091544e-17,0.0,4.142355399928045e-15,10.26620698342584,-0.024263077087913726,10.26620698342584,0.0,6.735350393446747,998.9999999999991,3.51460424160812,2.092928953937708,-4.724282528801402,gaze,0.6149382647024882,0.38913037939223594,-68.91326983239063,88.5831154221563,241.55098683590245,27.511231638855296,0.2009331642133732,-32.40716071250097,-0.11685631491548443,0.18946793739216736,0.95299902918196,4.3665056689544555,-30.93573297948666,-1.1627776651384205,-34.65240185193593,-0.14645934637569058,0.10916312753405719,0.9638469802368539,4.597923594273642,-3.3274643363191894,-0.4330028268732494,-34.566204248224835,-0.13998800468351472,0.1544533851158025,0.955907316274669,4.506063042128111,90.66577074096604,False,0.240358388516644,imu,-0.9235479232,-9.562070660800002,3.2443807872,4.35166909,12.66537553,-3.36179762,63.38121275949847,-2.640781840577622,-8.604059454470955
233.451299,-0.10962727589307913,5.607767848968462,4470.113358306935,5.592623348870765,4.054293533104852,0.21912075366524142,-163.0884520242536,18415.433435381885,0.02435859256959009,0.22275064763065622,-275.32730768339235,0.5062515501634498,4.054293533104852,1655177.059522351,-7.8275910668438184,-0.12080489730038223,65.77536669968323,-1.3628553864345243,-0.1700278434882808,5.601559019474991,65.77852072129204,-163.27889694677356,-621.3707689994409,2.4243422280619455,0.0,0.1887602343465144,-64.24162291251838,-41003626.43678094,-26.449829863471678,-0.11315840894158628,0.0,0.0,1779.9499999999948,-3.3036899999999916,0.0,0.0,0.0,0.0,0.0,0.0,0.0,0.0,0.0,0.0,0.0,1256.0899999999924,-0.09666209999999964,0.0,0.0,0.0,0.0,0.0,0.0,0.0,0.0,0.0,0.00612144683062739,0.3770354182529803,5729.183199418466,-240.84967474512632,0.0,2.7999239648724414e-08,0.0,-8.292635517807706e-09,53.95734155849401,-0.033468657459415775,53.95734155849401,0.0,1.4413133524159405,46.303677491233834,0.2578710018740733,4479.136232973622,7.562801463437137,0.0,-1.3732263515426493e-17,0.0,4.259403094001454e-15,9.980528870203132,-0.02231966599871825,9.980528870203132,0.0,6.6385883973726205,998.9999999999991,3.4975228375183622,2.0962305752056434,-4.847032719516488,gaze,0.614290617255035,0.3903841446157779,-71.02437237195306,93.51722869341393,266.926315076686,27.51914886825398,0.27526605131759885,-32.59702425682155,-0.11640731865021468,0.18806974647624614,0.9532234041931682,4.3644635126025655,-30.925519341284495,-1.1726283893528346,-34.64991357424428,-0.1454808338809372,0.10795627956637321,0.9640543964384224,4.595586963825014,-3.4432768819986554,-0.43937801287179495,-34.566911543977795,-0.13919176003026326,0.15324765722398995,0.9561357063491563,4.5035686454315815,103.77708144700591,False,0.252380868753312,imu,-1.2172343142577857,-9.347165421350404,3.261616173082288,3.2296858529625534,12.701239949741787,-3.7762108919922768,63.9290956,-2.020322000000019,-9.185903200000013
233.451833,-0.10914471751049876,5.610068195308341,4470.103845007161,5.590778241090586,4.057543644738802,0.21970365355805732,-163.0719930987988,18415.260739379562,0.02440434664849616,0.22333699264887125,-276.5050993962292,0.5062389945293749,4.057543644738802,1667077.709363072,-7.842655093414217,-0.12091956953258567,65.77426562405732,-1.3644308992902219,-0.16961080769232595,5.603853395669171,65.77742296570668,-163.26242259291286,-624.4646843624965,2.396980126118301,0.0,0.18917425697311585,-64.47083523133395,-41308634.2616551,-26.574684933709243,-0.11322461426420047,0.0,0.0,1779.9499999999944,-3.30368999999999,0.0,0.0,0.0,0.0,0.0,0.0,0.0,0.0,0.0,0.0,0.0,1256.0899999999922,-0.09666209999999961,0.0,0.0,0.0,0.0,0.0,0.0,0.0,0.0,0.0,0.006119654315215567,0.37703558828353734,5729.185119875724,-240.85749377377073,0.0,2.8017286989828485e-08,0.0,-8.293000263271939e-09,53.95735413159165,-0.03346807569279097,53.95735413159165,0.0,1.4413136771378818,46.47018193535642,0.25642682370600045,4479.137666019755,7.559827060760664,0.0,-1.3758939365995312e-17,0.0,4.267295700437402e-15,9.961292217681274,-0.022188543746169492,9.961292217681274,0.0,6.632049311961121,998.9999999999987,3.4963675152308924,2.096453917539728,-4.855220335455103,gaze,0.6142469743026718,0.39046804350887176,-71.59274690197992,93.92695300629578,269.56833491005483,27.51968239647697,0.2802408439759374,-32.60995654911418,-0.11637693090660141,0.18797613827875528,0.9532384863835065,4.364327277529137,-30.92483229771197,-1.1732906007236052,-34.64974274379285,-0.14541512330231954,0.10787556199201552,0.964068343317034,4.595430315777723,-3.450377991710026,-0.4398077664031623,-34.56695510802206,-0.1391381624406886,0.15316694447821996,0.9561510632157827,4.503401771060203,104.39086415602758,False,0.253186026723097,imu,-0.8535640456000001,-9.5680521888,3.2138749944,3.64136264,12.71023699,-3.24964397,63.45158900682737,-2.6298715952966236,-8.5773133183525
233.46036,-0.10132405248380194,5.646766063863827,4469.95199993355,5.561122806909799,4.10970879196904,0.22905688946644331,-162.80760468007585,18412.38917982648,0.025141370930759202,0.23274558003420365,-295.850934625073,0.5060161981802582,4.10970879196904,1866555.4075451265,-8.085335164767876,-0.12276196479527585,65.75665187121305,-1.3897666867761271,-0.16284345134033387,5.640455353633035,65.75986282607818,-162.99768321268976,-675.6392814575611,1.9528888821553068,0.0,0.1958552775797579,-68.19817505230239,-46429964.49850131,-28.609615901628665,-0.1142911055468065,0.0,0.0,1779.9499999999935,-3.303689999999989,0.0,0.0,0.0,0.0,0.0,0.0,0.0,0.0,0.0,0.0,0.0,1256.0899999999915,-0.09666209999999958,0.0,0.0,0.0,0.0,0.0,0.0,0.0,0.0,0.0,0.006091072385661329,0.37703829841936876,5729.2158000894215,-240.98235087947404,0.0,2.830857863068727e-08,0.0,-8.298824214327116e-09,53.95755462476158,-0.033458713217520704,53.95755462476158,0.0,1.44131885242659,49.182709334165736,0.23312334243092658,4479.160627059,7.512412320729312,0.0,-1.4189292639413752e-17,0.0,4.394571426086841e-15,9.651540983447767,-0.020072788304933933,9.651540983447767,0.0,6.526357943358497,998.9999999999984,3.4776766307941003,2.100067731681037,-4.985737174163397,gaze,0.6135437914575906,0.3918099889980749,-86.64168122548088,103.21965009656141,327.51379547986073,27.528278913103918,0.3594649522909076,-32.81974021225022,-0.11588512879100547,0.18647812373288752,0.9534808717174796,4.362155262298164,-30.913783014047734,-1.1839335331391816,-34.64693739732233,-0.14436020080214354,0.10658520518342007,0.9642925582469307,4.592919831188238,-3.5502849662122458,-0.44673454943990787,-34.5675884013759,-0.1382755765579394,0.15187546742802416,0.9563979410266794,4.500733329494719,111.10700910569658,False,0.2660756917777958,imu,-0.8206656416,-9.5010590752,3.1857618128,2.70674889,12.74014463,-3.35432071,63.53049282765658,-2.6191288436645093,-8.54713311081308
233.461101,-0.10063416214210141,5.649951992410636,4469.938810320524,5.558528573868161,4.114265746035452,0.22987373551810097,-162.78448932281512,18412.1292536821,0.02520599117175374,0.23356726639276318,-297.58068032894744,0.5059948482769445,4.114265746035452,1884751.7705141231,-8.106614714475313,-0.12292307641440853,65.75511846131897,-1.3919842313930642,-0.16224572123360703,5.643632895945048,65.7583341285983,-162.97452795103735,-680.2467026832455,1.9136558947579303,0.0,0.19644209266190207,-68.52815691879982,-46897919.84239328,-28.790153538086003,-0.114384615068568,0.0,0.0,1779.9499999999948,-3.3036899999999916,0.0,0.0,0.0,0.0,0.0,0.0,0.0,0.0,0.0,0.0,0.0,1256.0899999999924,-0.09666209999999964,0.0,0.0,0.0,0.0,0.0,0.0,0.0,0.0,0.0,0.006088592250436848,0.3770385334939733,5729.218467460692,-240.99320115665978,0.0,2.833416936216593e-08,0.0,-8.299330285863442e-09,53.95757202330438,-0.033457893126242144,53.95757202330438,0.0,1.4413193012827268,49.42325449376795,0.23107660872305058,4479.162629321376,7.508299203069788,0.0,-1.422708238091288e-17,0.0,4.405742916179189e-15,9.624393568549241,-0.01988696722955237,9.624393568549241,0.0,6.5170596038975654,998.9999999999993,3.4760306970247914,2.1003860172974345,-4.997059125385829,gaze,0.6260137721386444,0.2610400902465757,-88.44922267791455,103.6224433476692,330.5574602289181,26.41937085678342,2.1008913857093,-35.01895986211021,-0.2487716494069692,0.2943429402503157,0.9227539758657964,4.488685607910156,-31.58937932162629,-0.2630051681431258,-34.60213498272032,-0.1911745340507453,0.2319887712561254,0.9537470878286096,4.50166654586792,-2.9498546695895334,-0.7106313814556735,-32.93088336455141,-0.172449222305992,0.3460665852239278,0.9057180751314056,4.240503430366516,109.94752805238394,False,-1.0,imu,-1.213537178870155,-9.346619740970793,3.2652368212144576,2.7195881386353693,12.893718809333416,-4.066164218488004,63.53774748279277,-2.6182032573667353,-8.54435057554452
233.469135,-0.09304811599427176,5.684460722447522,4469.79586702128,5.530224406830303,4.163917975195505,0.23877179573032303,-162.53242736221517,18409.199689083995,0.02591252865997243,0.24251811785421828,-316.84643471008525,0.5057428433998178,4.163917975195505,2091292.7111815144,-8.339299609649835,-0.12468025641089525,65.73846541681553,-1.416190832165844,-0.15566536325000851,5.6780501693547185,65.74173272888396,-162.72193481174293,-731.9011655266518,1.4816307240097544,0.0,0.2028688046516054,-72.17001354791168,-52217980.62203411,-30.786231887922334,-0.11540704177551453,0.0,0.0,1779.9499999999944,-3.3036899999999902,0.0,0.0,0.0,0.0,0.0,0.0,0.0,0.0,0.0,0.0,0.0,1256.089999999992,-0.09666209999999958,0.0,0.0,0.0,0.0,0.0,0.0,0.0,0.0,0.0,0.00606173943928345,0.37704107773917034,5729.247400182151,-241.11084246780814,0.0,2.8614492902337325e-08,0.0,-8.304816836093877e-09,53.957760412247254,-0.03344893458086081,53.957760412247254,0.0,1.4413241588710402,52.0816657159278,0.20866187145204607,4479.184409499061,7.463779490654328,0.0,-1.464085701203216e-17,0.0,4.528015475282864e-15,9.32768350173965,-0.01785200217313032,9.32768350173965,0.0,6.415070395460272,998.9999999999989,3.457960266649878,2.1038809435519803,-5.119606029338756,gaze,0.6128079552745601,0.39319517557158284,-105.19860696198879,115.09683341354331,393.56333159575667,27.537275120548774,0.43983907649429965,-33.040168419351026,-0.11536626394113011,0.184930299096853,0.9537333297462476,4.359926867547432,-30.902260381490795,-1.1950189443224022,-34.64389906537447,-0.14326367824364908,0.10525464520741522,0.9645262312180855,4.5903186173151305,-3.6214392395721826,-0.45398790189488586,-34.56811814055231,-0.1373748538917635,0.15054138234558367,0.9566552254864581,4.497980083675646,114.62091729580841,False,0.27940381631271827,imu,-0.7793930984000002,-9.517807353600002,3.170807992800001,2.05625772,12.50836042,-3.46647436,63.6204332800687,-2.6082502280671322,-8.512564707306023
233.477909,-0.0845396230301898,5.722075287931121,4469.639883607687,5.498940258700502,4.218659067329205,0.24857715695369542,-162.25411565624185,18405.756785606325,0.026696611426400167,0.2523817894389719,-338.98502895648636,0.5054244506567265,4.218659067329205,2337113.1418412477,-8.597566599199231,-0.12662114545268388,65.72022224899875,-1.4429717490587126,-0.1482688217567194,5.715563734883802,65.72354712686075,-162.44283264614197,-791.9887066044232,0.9957282365123277,0.0,0.21002311209531765,-76.28544792437344,-58568335.78502287,-33.04851017315851,-0.11654172518430077,0.0,0.0,1779.9499999999937,-3.30368999999999,0.0,0.0,0.0,0.0,0.0,0.0,0.0,0.0,0.0,0.0,0.0,1256.089999999991,-0.09666209999999957,0.0,0.0,0.0,0.0,0.0,0.0,0.0,0.0,0.0,0.006032490046711603,0.3770438470714784,5729.279024625834,-241.23932265551704,0.0,2.892667255387049e-08,0.0,-8.31080805561484e-09,53.957965640385446,-0.03343900975114004,53.957965640385446,0.0,1.4413294452815864,55.09220999455536,0.18371094687664757,4479.208345716093,7.41531798606335,0.0,-1.5101292515387055e-17,0.0,4.663975071453548e-15,8.998643993738373,-0.015586885538083281,8.998643993738373,0.0,6.301210104443814,998.9999999999986,3.4377494839455602,2.1077909301395517,-5.25300482891593,gaze,0.6120600496187317,0.39458421093385493,-108.33234041278685,115.19867311655551,399.6628320777855,27.54641949759091,0.5179751475317579,-33.262398712629654,-0.11483473139132036,0.18337657496714094,0.9539887897803938,4.357705752908318,-30.89058817457602,-1.2062350420374255,-34.64070888102115,-0.14215646705882504,0.10392177058656445,0.9647628142257925,4.587699994450435,-3.6535600516641664,-0.46136513882590313,-34.568524929827106,-0.13646126362766314,0.1492025485390048,0.9569157089717328,4.4952201553943105,115.31953668940497,False,0.2927936769076587,imu,-0.6866794144,-9.541733465600002,3.1743969096,1.64502767,12.06722273,-3.44404363,63.719038022520145,-2.597553651479527,-8.47451941295534
233.481192,-0.08129543454614024,5.736129300626482,4469.581552874962,5.4871337768694435,4.239280849098655,0.2522697382004154,-162.14916027802357,18404.399917543225,0.026993367813829078,0.25609636624699866,-347.57221772506176,0.5052936549235446,4.239280849098655,2434812.438389375,-8.695326203409532,-0.12735327932001864,65.71338153976528,-1.4530856392526488,-0.14544437999114923,5.7295796537106884,65.71672827237794,-162.33752372389023,-815.4954322809388,0.8100869960742401,0.0,0.21273675700407527,-77.86363952969904,-61097303.05857516,-33.9175472038894,-0.11697118449028132,0.0,0.0,1779.949999999994,-3.3036899999999907,0.0,0.0,0.0,0.0,0.0,0.0,0.0,0.0,0.0,0.0,0.0,1256.0899999999915,-0.09666209999999958,0.0,0.0,0.0,0.0,0.0,0.0,0.0,0.0,0.0,0.006021566068996697,0.3770448808179955,5729.290864844219,-241.2873974100743,0.0,2.9045114504484654e-08,0.0,-8.313049628340934e-09,53.95804229535206,-0.033435257981219955,53.95804229535206,0.0,1.4413314183654065,56.24804309168414,0.17424734828111488,4479.21734239444,7.397228117115636,0.0,-1.5275890793411627e-17,0.0,4.715504201803201e-15,8.87417422419269,-0.014727779744801953,8.87417422419269,0.0,6.257936259792664,998.9999999999989,3.430057810190373,2.109279261714049,-5.302801290412056,gaze,0.6282036246031047,0.2782487756878453,-102.906793365523,110.5344811283862,378.1874094744069,26.48503435494357,2.256236611033279,-35.25282932206776,-0.2551957834053615,0.2767378496475638,0.9264401085362002,4.572362422943115,-31.60705187561682,-0.3425860258591946,-34.55853255782369,-0.2007461741766179,0.2212104149221742,0.9543410951454466,4.569223403930664,-2.813132022857029,-0.017881531446468,-33.725764057971915,-0.1953529671888961,0.3135822379487034,0.9185094556909752,4.373257899284363,116.6994098424356,False,-1.0,imu,-1.2059424620613832,-9.345604429242238,3.27234128417204,1.6878856969574705,12.837452390435693,-4.614505731836161,63.75811980991948,-2.593598101092984,-8.459405753243967
233.486683,-0.07579514844377305,5.759609716034236,4469.48403336418,5.467263395082469,4.273942033852185,0.25847473750661826,-161.9726156466674,18402.043401812174,0.027493843844452817,0.2623383714205845,-362.31361210594474,0.505060620669576,4.273942033852185,2605492.3873741324,-8.86021094079587,-0.12858504012060631,65.70192284270881,-1.4701157948015944,-0.14065065399034687,5.752995984999439,65.70530651506016,-162.16031604003314,-856.0978563774352,0.4948784184567927,0.0,0.21732044061264752,-80.55121182733242,-65521749.70210264,-35.398992993836245,-0.11769547126638921,0.0,0.0,1779.9499999999935,-3.3036899999999894,0.0,0.0,0.0,0.0,0.0,0.0,0.0,0.0,0.0,0.0,0.0,1256.089999999991,-0.09666209999999956,0.0,0.0,0.0,0.0,0.0,0.0,0.0,0.0,0.0,0.006003319657342294,0.3770466068384517,5729.310677008441,-241.36780615653652,0.0,2.9245215562827262e-08,0.0,-8.316798560285546e-09,53.958170341319985,-0.03342893619261175,53.958170341319985,0.0,1.4413347124746043,58.21759925665201,0.1582625157283033,4479.232439132219,7.367024875042409,0.0,-1.557075661278797e-17,0.0,4.802494955519389e-15,8.664335755203915,-0.013276708680197591,8.664335755203915,0.0,6.184736640090392,998.9999999999985,3.417033941302284,2.111799731881483,-5.38594421805117,gaze,0.6113002166105834,0.39597698491220684,-87.79889814167564,95.22514772662909,313.68722865429584,27.555710420105928,0.5928658170299458,-33.48373414534726,-0.11429068973899502,0.18181703265908108,0.9542472445272518,4.355491804483634,-30.87876839734119,-1.2175801631700724,-34.63736788256243,-0.14103870643381272,0.1025866783051141,0.9650022910668031,4.585063932875313,-3.6408712259957032,-0.4688648683443477,-34.56880967477451,-0.1355349720880444,0.14785903417819318,0.9571793760159314,4.49245353732868,110.92745163717414,False,0.3062455479281809,imu,-0.6113121616,-9.5650614248,3.158246784000001,1.18145925,11.34196246,-3.68330475,63.82609912920205,-2.587039570602879,-8.433076065501902
233.495458,-0.06681114633137514,5.797063886087168,4469.328300030541,5.435186650108342,4.329777104703494,0.26846634746151976,-161.68787189422062,18398.041810738418,0.028304457386943146,0.2723896864788955,-386.8807181452763,0.5046509325360652,4.329777104703494,2897981.3953773417,-9.127309728997425,-0.13057236011156848,65.68356767696,-1.4976295118750054,-0.13280757359005813,5.79034677750414,65.6870113932467,-161.87432259843064,-924.4323895391587,-0.02123108979383659,0.0,0.2247631045864094,-84.97431543687125,-73121076.45328525,-37.840300122499414,-0.11886860546099982,0.0,0.0,1779.949999999994,-3.30368999999999,0.0,0.0,0.0,0.0,0.0,0.0,0.0,0.0,0.0,0.0,0.0,1256.089999999991,-0.09666209999999958,0.0,0.0,0.0,0.0,0.0,0.0,0.0,0.0,0.0,0.005974223752433631,0.377049357458229,5729.342360930582,-241.49630768671372,0.0,2.9570223231295966e-08,0.0,-8.322789037210412e-09,53.958374546985056,-0.03341871129308365,53.958374546985056,0.0,1.441339961258508,61.46119199001552,0.1323082653817491,4479.256693243084,7.318897317812616,0.0,-1.6049411610890627e-17,0.0,4.9436212397740216e-15,8.324669383194365,-0.010920718364997584,8.324669383194365,0.0,6.065608210002888,998.999999999999,3.3958029881290273,2.115909450183419,-5.518434605756323,gaze,0.6105285947362306,0.39737338860105936,-65.5555960822109,75.1657245818806,224.18195266913773,27.56514630830455,0.6635708137597458,-33.70160645033727,-0.11373429387670382,0.1802517515550137,0.9545086876747552,4.353284912330992,-30.866803008595543,-1.22905268350165,-34.63387706296637,-0.13991053216538063,0.10124946453714243,0.9652446464670613,4.582410398612695,-3.579066246402619,-0.4764857346417212,-34.56897324520488,-0.1345961417100078,0.14651090583451867,0.9574462121923006,4.4896802215355525,99.63023462169465,False,0.319759723294088,imu,-0.5544876456000001,-9.5219944232,3.1438911168,0.5982602699999999,10.40734871,-4.00481188,63.94138886713217,-2.5767084957671567,-8.388314353502166
233.501174,-0.06082950204690635,5.82141381034637,4469.226929103628,5.414077170489374,4.366443259264005,0.2750251310884879,-161.50065256497408,18395.271955259086,0.028839702627346708,0.2789877394062348,-403.57058171481253,0.5043592420390661,4.366443259264005,3102209.159668263,-9.30369889303364,-0.13187946389207486,65.67158356149483,-1.515750633353056,-0.12757697477807883,5.814628718452433,65.67506706523396,-161.6861606379511,-971.309790418775,-0.36572130231883904,0.0,0.22968964984148052,-87.94305775897632,-78439020.42705214,-39.480394193501986,-0.11964322947808279,0.0,0.0,1779.9499999999941,-3.3036899999999902,0.0,0.0,0.0,0.0,0.0,0.0,0.0,0.0,0.0,0.0,0.0,1256.089999999991,-0.09666209999999958,0.0,0.0,0.0,0.0,0.0,0.0,0.0,0.0,0.0,0.005955312072615536,0.37705114416181446,5729.363014729756,-241.58001492616248,0.0,2.9785420225074098e-08,0.0,-8.326690829955892e-09,53.958507290939224,-0.033411969359815996,53.958507290939224,0.0,1.4413433701713214,63.638883265962015,0.11512870994342017,4479.272577577145,7.287640488448407,0.0,-1.6366171759778394e-17,0.0,5.036958092520015e-15,8.100526398163282,-0.009361304284429134,8.100526398163282,0.0,5.986574075353242,998.999999999999,3.381693332931442,2.1186413209489765,-5.604486425144201,gaze,0.63608750508207,0.2455966826007871,-67.11374810840525,77.13971726149315,231.6824434760657,26.53978386423803,2.33339330390463,-35.31921593659811,-0.2500003633323385,0.303678552926769,0.9193906432121236,4.467588901519775,-31.58704643104775,-0.3126483489393825,-34.54236670563927,-0.2021352067940884,0.2288052956059549,0.95225495266603,4.573865413665771,-2.671984218460231,0.6814702314323062,-34.52444589710366,-0.2191550290601044,0.2836545501058226,0.930508675959395,4.490663194656372,85.99200581096457,False,-1.0,imu,-1.1983733523205262,-9.344731852666907,3.2789841866255958,0.7595027802615312,11.615884318688334,-4.993306128349337,64.02078318818013,-2.570078740525227,-8.357415778505562
233.504232,-0.05758714249438451,5.834424837154863,4469.172720588823,5.402713827261685,4.38615540747769,0.27855037937001037,-161.39992641949746,18393.735125818406,0.029128406510254105,0.28253411935190187,-412.72752363145,0.5041951071032638,4.38615540747769,3216096.2181947995,-9.398848785405596,-0.1325828453967303,65.66516353905632,-1.5255100352985207,-0.12473897574554893,5.827603165294561,65.66866854896163,-161.5848877335921,-997.1785687182021,-0.5527379043357925,0.0,0.23235087424723774,-89.56045924462185,-81408438.97752152,-40.37424926440804,-0.1200610523086133,0.0,0.0,1779.9499999999935,-3.30368999999999,0.0,0.0,0.0,0.0,0.0,0.0,0.0,0.0,0.0,0.0,0.0,1256.089999999991,-0.09666209999999956,0.0,0.0,0.0,0.0,0.0,0.0,0.0,0.0,0.0,0.005945207751857452,0.37705209840945675,5729.374069159058,-241.6247980299583,0.0,2.9901685809623354e-08,0.0,-8.328778125543051e-09,53.9585782195621,-0.033408335935869234,53.9585782195621,0.0,1.4413451906491592,64.82528065671548,0.10584875189008724,4479.281103245219,7.270948934269655,0.0,-1.653725638837716e-17,0.0,5.087351847039182e-15,7.9796716028368415,-0.008518966412972173,7.9796716028368415,0.0,5.943823727098421,998.9999999999989,3.3740531816153947,2.1201207917750384,-5.650441104597654,gaze,0.6097455887174846,0.39877283509296646,-75.18751668698526,86.75706138688318,267.2037222376769,27.57472232620693,0.7292109118925533,-33.91354606076432,-0.1131658915757819,0.178681347181389,0.954773022978638,4.351085721250594,-30.854698087624367,-1.2406470299648549,-34.63023864031303,-0.13877246772128893,0.09991068290322536,0.9654897817478396,4.579740269507794,-3.465637800811807,-0.4842237502790425,-34.569016481560794,-0.13364525846932007,0.1451586917409864,0.957716111262443,4.486901150957093,81.61982508151831,False,0.33333186454275665,imu,-0.5144114080000001,-9.555490980000002,3.1438911168,0.0449689299999999,9.323196759999998,-4.19173463,64.06461732380006,-2.566564429162199,-8.340331721154529
233.513007,-0.04811849891146569,5.871696620347633,4469.01726107049,5.369833997005178,4.443093665008152,0.2887298054738145,-161.10869063462886,18389.10401377076,0.029966019131651166,0.29277466187520806,-439.9078256767506,0.5036926669787195,4.443093665008152,3561560.1454377775,-9.674937005458323,-0.13461714822315635,65.64670886796108,-1.553767146490845,-0.11644061597734684,5.864769165864096,65.65027644914944,-161.29191553064783,-1074.5610153820855,-1.100021035701829,0.0,0.24008695450890266,-94.31761244160248,-90431531.75088066,-43.003830390325334,-0.12127327683705465,0.0,0.0,1779.949999999993,-3.303689999999989,0.0,0.0,0.0,0.0,0.0,0.0,0.0,0.0,0.0,0.0,0.0,1256.0899999999901,-0.09666209999999953,0.0,0.0,0.0,0.0,0.0,0.0,0.0,0.0,0.0,0.005916263825418573,0.3770548304228596,5729.405808909763,-241.75330654757732,0.0,3.0239743615317356e-08,0.0,-8.334767195013631e-09,53.95878141423444,-0.03339780629988975,53.95878141423444,0.0,1.441350402051596,68.31371414353188,0.0788725506271315,4479.305675429307,7.223171461265464,0.0,-1.7034510869494148e-17,0.0,5.233749838503553e-15,7.629212775464978,-0.00607041713413102,7.629212775464978,0.0,5.819327016131244,998.9999999999985,3.351771201146742,2.1244363763449323,-5.781989087209033,gaze,0.6089512506638979,0.40017537437242273,-116.73676381280615,129.60958196882785,442.21997149432394,27.584437949551585,0.7890393695043317,-34.117398251621495,-0.11258557615488067,0.1771057210050603,0.9550402736575392,4.348893872399877,-30.842454248425202,-1.2523628681371881,-34.62645323063814,-0.13762452137720196,0.09857027721864751,0.9657377089627481,4.577053213590919,-3.3000997880069036,-0.49207840958392346,-34.56894029088234,-0.13268237944412817,0.14380230512379027,0.9579890889239954,4.484116005305226,59.00754631497279,False,0.3469637983712947,imu,-0.4533998224,-9.5237888816,3.146881880800001,-0.13447691,8.27642936,-4.04967334,64.19552800362214,-2.556606676364272,-8.289206604771076
233.521265,-0.038982944350789306,5.906683077385681,4468.871087901149,5.338519799432906,4.497186351979643,0.29839617731662377,-160.83161765333315,18384.432942513027,0.03076680265902441,0.302499201778845,-466.7459755355729,0.5031769631179412,4.497186351979643,3913157.417220411,-9.938928167593001,-0.13655331576396645,65.62929964134581,-1.580703585360479,-0.10841998167484185,5.899654961030247,65.63292728055424,-161.0129766134546,-1151.803355745459,-1.629647798108472,0.0,0.24750325254266478,-98.95660288532258,-99636938.54557046,-45.56776492570825,-0.12243219543409206,0.0,0.0,1779.9499999999925,-3.303689999999987,0.0,0.0,0.0,0.0,0.0,0.0,0.0,0.0,0.0,0.0,0.0,1256.0899999999895,-0.09666209999999947,0.0,0.0,0.0,0.0,0.0,0.0,0.0,0.0,0.0,0.005889092960524615,0.37705739311911035,5729.435704118629,-241.8742469696556,0.0,3.056393196103371e-08,0.0,-8.340402767586481e-09,53.95897218735201,-0.033387755891024905,53.95897218735201,0.0,1.4413552896282986,71.71265029105953,0.05301166363025267,4479.328946134615,7.178372416496191,0.0,-1.7511110570571134e-17,0.0,5.3739712138592714e-15,7.2944038646817795,-0.0037231949407844633,7.2944038646817795,0.0,5.699675025991903,998.9999999999983,3.330310627553583,2.1285939767865556,-5.905349802630996,gaze,0.6211258301298858,0.2857284651405917,-149.8608129302174,165.1296164359164,583.8424115884403,26.60282295895266,2.388911850025917,-35.45563699300654,-0.250428387834127,0.2669729470473343,0.930597156728765,4.565380096435547,-31.54532106344499,-0.32131947539877,-34.50051762841555,-0.1974899734610583,0.2319572078984026,0.9524670934401503,4.535160064697266,-2.577311441573599,0.915140574074868,-34.81716135910453,-0.2247464113423614,0.2640050028894428,0.9367060351909516,4.531962776184082,38.95030578527405,False,-1.0,imu,-1.19075538340412,-9.343992033108682,3.2852373360015634,0.0131511402040001,8.40470661943793,-5.0392532428186785,64.32545788667258,-2.54740826773571,-8.238310038077437
233.521781,-0.03840482536567352,5.908866235909345,4468.861958410618,5.33655110683233,4.500582788465624,0.29900298289041194,-160.8142078998889,18384.13062403808,0.03081724529296374,0.3031096630919625,-468.4644625757875,0.5031433523452032,4.500582788465624,3936014.1945995567,-9.955558749091939,-0.13667499988323187,65.62821053362028,-1.5823978504632925,-0.10791196821496979,5.901831793735345,65.63184196358756,-160.995442665411,-1156.7763610079487,-1.6632161443477074,0.0,0.24797106579349978,-99.25183074167046,-100236082.25970207,-45.730894313592465,-0.12250519720788274,0.0,0.0,1779.9499999999925,-3.303689999999988,0.0,0.0,0.0,0.0,0.0,0.0,0.0,0.0,0.0,0.0,0.0,1256.0899999999897,-0.0966620999999995,0.0,0.0,0.0,0.0,0.0,0.0,0.0,0.0,0.0,0.005887397349803553,0.3770575529820301,5729.4375729365875,-241.88180402269205,0.0,3.058438477728346e-08,0.0,-8.340754885166724e-09,53.9589840934773,-0.03338712332051773,53.9589840934773,0.0,1.4413555944918501,71.92882920170888,0.05138038444528359,4479.33040492311,7.175578469841168,0.0,-1.7541171158991228e-17,0.0,5.382812346864041e-15,7.2733214886564355,-0.0035751374601924873,7.2733214886564355,0.0,5.692117869568947,998.9999999999984,3.328953683543312,2.128856895892485,-5.913043827207719,gaze,0.6081459938336401,0.40158041751632934,-150.9575983585499,165.45466540818788,588.0517608412484,27.59428823654521,0.8423989706120639,-34.31117513570068,-0.11199370456932795,0.17552549212041935,0.9553103414011677,4.346710008377098,-30.830077674285747,-1.2641945329327482,-34.62252316427632,-0.1364672236934279,0.09722880199390856,0.9659883274172687,4.574350123459147,-3.084376636477007,-0.5000456349889083,-34.568745606632596,-0.1317079996124321,0.1424422769738479,0.9582650367524689,4.48132573474299,35.592866915552854,False,0.3606511425358794,imu,-0.3756399584,-9.5219944232,3.1588449368,-0.38121494,6.885724099999999,-3.97490424,64.3337869982622,-2.5468390945174773,-8.23504199426359
233.530556,-0.02844134567957074,5.9459376106560935,4468.70677871923,5.302854003416616,4.55863978898682,0.3093729343727435,-160.51638799743398,18378.794349541917,0.031682420873478764,0.3135421657344267,-498.4541324782556,0.5025466626979553,4.55863978898682,4341334.399649914,-10.24082557109647,-0.13875706545592847,65.60966701371902,-1.6114121391746088,-0.09914865802898037,5.938794941453442,65.61336359869553,-160.6953712907778,-1244.0639998319532,-2.2427146391963078,0.0,0.25600649768018763,-104.37160026728088,-110874144.72887585,-48.558551608613215,-0.12375728998584848,0.0,0.0,1779.9499999999928,-3.303689999999989,0.0,0.0,0.0,0.0,0.0,0.0,0.0,0.0,0.0,0.0,0.0,1256.0899999999897,-0.09666209999999952,0.0,0.0,0.0,0.0,0.0,0.0,0.0,0.0,0.0,0.005858600520259787,0.37706026681421434,5729.4693684679505,-242.01031981903822,0.0,3.093575347256328e-08,0.0,-8.346742565484125e-09,53.959186312311516,-0.033376283089106056,53.959186312311516,0.0,1.4413607693682038,75.67463285477692,0.023360527009128607,4479.355298093856,7.128161808886277,0.0,-1.8057462939965675e-17,0.0,5.534604061441492e-15,6.91186502150963,-0.001032064379309,6.91186502150963,0.0,5.562138530637723,998.9999999999986,3.3055869041623254,2.1333850501269915,-6.043630426383757,gaze,0.6073298685246739,0.402988015270543,-148.68712808186493,165.91839557020174,583.0639360821274,27.604272684538515,0.8887924179078878,-34.49328381548249,-0.11139036841544023,0.17394056087360174,0.9555832500031453,4.344533775000977,-30.81756895640276,-1.27614170877296,-34.61844903520936,-0.1353005810463979,0.0958862004970338,0.9662416496826214,4.571630666633378,-2.822939091745185,-0.5081249372944614,-34.56843331944836,-0.1307221741023882,0.1410785195340311,0.958543971052547,4.478530020821702,16.55460573526546,False,0.37439573324516034,imu,-0.2595983152,-9.5249851872,3.154059714400001,-0.58309151,5.45015738,-3.78798149,64.47910355072094,-2.5372610147208774,-8.177918731087237
233.53933,-0.018227755829554937,5.9828977095653135,4468.551758883115,5.268746781290029,4.617255357926717,0.3198379810312464,-160.21527564854864,18373.076364608714,0.0325614913819325,0.3240704825729546,-529.9213420193859,0.5019023579024069,4.617255357926717,4779290.858008775,-10.530720330017205,-0.14086306738726262,65.59108525885941,-1.6408068847011021,-0.09015024018874651,5.97564558873004,65.59484830448916,-160.39173937184472,-1336.631099471911,-2.8386500374842285,0.0,0.26419291952173196,-109.68333777134092,-122395176.11168747,-51.48868506816049,-0.12502946679261415,0.0,0.0,1779.9499999999925,-3.303689999999988,0.0,0.0,0.0,0.0,0.0,0.0,0.0,0.0,0.0,0.0,0.0,1256.0899999999892,-0.09666209999999947,0.0,0.0,0.0,0.0,0.0,0.0,0.0,0.0,0.0,0.005829878671213346,0.37706297140787104,5729.501188244831,-242.138824718884,0.0,3.129383565409445e-08,0.0,-8.352728875897687e-09,53.95938803349931,-0.033365286594325624,53.95938803349931,0.0,1.4413659257166969,79.55350490269916,-0.005186127455249823,4479.3803499998685,7.0809349983124275,0.0,-1.8583379452337187e-17,0.0,5.6891212995607475e-15,6.544873867522291,0.0015587196514751656,6.544873867522291,0.0,5.42938969550398,998.9999999999985,3.2816675857445468,2.138021515077184,-6.173714323447934,gaze,0.6065032961218253,0.40439757714771885,-124.16972899724902,144.8277904361981,482.0815692167247,27.614386250723747,0.9278436258421913,-34.66237779566442,-0.11077593341687222,0.17235154950681628,0.9558588991428196,4.342365812418619,-30.804934376128113,-1.288198643914251,-34.61423328330198,-0.134125130640623,0.09454302770997647,0.9664975731162225,4.568895749989578,-2.5232841574800506,-0.5163121530366015,-34.56800445387803,-0.1297254064117731,0.13971156619497066,0.958825781285181,4.475729820371861,7.234495391675116,False,0.388193146028673,imu,-0.080750628,-9.552500216,3.1923414936,-0.71767589,3.53606842,-3.60105874,64.63110554108692,-2.527876146968561,-8.11794470433031
233.541246,-0.01596371353831072,5.990954082991699,4468.517925881328,5.261243283283654,4.630130953444149,0.32213613363858096,-160.14907623725225,18371.77484026976,0.032755331726499845,0.3263825488234552,-536.9950568652743,0.5017552795034705,4.630130953444149,4879464.972461234,-10.594650037174354,-0.1413261952992374,65.58702241843615,-1.6472772810213234,-0.08815358493496206,5.983677895412818,65.59080015331938,-160.32495333621503,-1357.571663295407,-2.971007504586396,0.0,0.26600096372270987,-110.86965239269983,-125033937.58234769,-52.1424716502909,-0.12530998525251474,0.0,0.0,1779.9499999999923,-3.303689999999987,0.0,0.0,0.0,0.0,0.0,0.0,0.0,0.0,0.0,0.0,0.0,1256.0899999999888,-0.09666209999999947,0.0,0.0,0.0,0.0,0.0,0.0,0.0,0.0,0.0,0.005823616026539438,0.3770635608394188,5729.50814051389,-242.1668871565075,0.0,3.137293583953642e-08,0.0,-8.354036030254453e-09,53.95943202159307,-0.03336286416540591,53.95943202159307,0.0,1.441367049356324,80.41862368266638,-0.011490973912310576,4479.385842211094,7.070646766850293,0.0,-1.8699524232445624e-17,0.0,5.723231522293e-15,6.463986262866072,0.002130909839685502,6.463986262866072,0.0,5.400027771864655,998.9999999999983,3.276369558557464,2.1390486370047967,-6.202055699678722,gaze,0.6220248195421977,0.2686945719515605,-119.101403989652,139.8336788549755,460.156794314209,26.63022056563789,2.337556279738381,-35.39777919171845,-0.2442287366000477,0.2858797653452282,0.9266202479899204,4.488303661346436,-31.53468298744919,-0.291965248921775,-34.50069116156592,-0.1973943124410677,0.2397640565276688,0.9505517779759898,4.556157112121582,-2.518624907862947,0.988546516314926,-34.91486643416658,-0.2237565121502421,0.2581337801427537,0.9389164139389032,4.531839323043823,5.830736368821556,True,2.0,imu,-1.18317956082451,-9.343392482610003,3.2910322055157533,-0.4706644026388369,2.4625189353017216,-4.5496519166496565,64.66515552139488,-2.5258524542965737,-8.104477405014363
233.548105,-0.007759139034365259,6.01975033046225,4468.3968650923,5.234218059879557,4.676446798441548,0.33040119679568747,-159.91077898470232,18366.95474223778,0.03345480079894408,0.33469770790774694,-562.9257874671939,0.5012099140049893,4.676446798441548,5251919.664871198,-10.825357286775702,-0.14299368377699656,65.57246378834758,-1.6705922929163701,-0.0809122079948495,6.012387498455869,65.5762946297761,-160.08444709995965,-1434.7323908546146,-3.451426436193742,0.0,0.27253370701540236,-115.19606534926146,-134855804.33437586,-54.524529245098535,-0.12632221592466808,0.0,0.0,1779.9499999999925,-3.303689999999988,0.0,0.0,0.0,0.0,0.0,0.0,0.0,0.0,0.0,0.0,0.0,1256.0899999999892,-0.09666209999999947,0.0,0.0,0.0,0.0,0.0,0.0,0.0,0.0,0.0,0.005801224022049335,0.37706566748688247,5729.533039508159,-242.2673480884651,0.0,3.1658779423183747e-08,0.0,-8.358715185645635e-09,53.95958931190847,-0.033354129838521415,53.95958931190847,0.0,1.4413710649290898,83.56961502319717,-0.03427161234299847,4479.405567085599,7.033890001675367,0.0,-1.9119152247411097e-17,0.0,5.846430409238483e-15,6.172212173216373,0.004198305450204387,6.172212173216373,0.0,5.293811997730511,998.9999999999986,3.257181590440519,2.1427690723032637,-6.30332034471539,gaze,0.6056663251266272,0.40580915461533246,-107.36491614328618,131.54005032742205,409.63146763360334,27.624628453871505,0.9593347228750563,-34.81751300998137,-0.11015048944324929,0.17075835729986705,0.9561373131759394,4.340205771122108,-30.792174502123043,-1.3003650415066739,-34.609876480453465,-0.1329408769963974,0.09319922638905541,0.9667561107937299,4.5661450405802535,-2.195986405372743,-0.5246068095340353,-34.567459883907425,-0.12871774974018216,0.13834132826285403,0.9591104843490329,4.4729248168077405,9.76620144533914,True,0.40204522582834723,imu,0.1112564208,-9.596763523200002,3.167817228800001,-0.81487572,1.06121121,-3.28702852,64.78947316560532,-2.5186838486453236,-8.055202682141514
233.552066,-0.0029497867154399393,6.036347619173917,4468.326994143192,5.218494154976183,4.703353102495695,0.3352013444716664,-159.77222672553762,18364.05379407917,0.03386270753533199,0.3395269907067333,-578.340613290985,0.5008815003298646,4.703353102495695,5477140.171101239,-10.95991090034519,-0.14396347373050378,65.56404655843959,-1.6841651323157882,-0.07666337618203711,6.028934401368726,65.56790844138966,-159.94454058579475,-1480.8885122244928,-3.7335984657812844,0.0,0.276349375215488,-117.75227771312785,-140802812.1897964,-55.93011430425692,-0.12691250301666113,0.0,0.0,1779.9499999999925,-3.3036899999999876,0.0,0.0,0.0,0.0,0.0,0.0,0.0,0.0,0.0,0.0,0.0,1256.089999999989,-0.09666209999999947,0.0,0.0,0.0,0.0,0.0,0.0,0.0,0.0,0.0,0.005788312183254917,0.3770668816246807,5729.547426164849,-242.32536429738286,0.0,3.182576593780222e-08,0.0,-8.361417159520661e-09,53.95968001798178,-0.03334904123201505,53.95968001798178,0.0,1.441373379000952,85.42817636720531,-0.04757762402071042,4479.417003351241,7.01271613670234,0.0,-1.936423725549947e-17,0.0,5.918356330512194e-15,6.002136184829197,0.0054058290883017834,6.002136184829197,0.0,5.231683166777831,998.9999999999984,3.2459416180756246,2.144948786424884,-6.361661280596568,gaze,0.6052852078407909,0.406446870473258,-105.23206286069086,131.12088570088835,401.34416349559376,27.629292756642563,0.9710408011018069,-34.88276821208396,-0.10986464490114092,0.17003795648593872,0.9562638732555069,4.339233451860322,-30.78637509904693,-1.305891495415463,-34.607864201912584,-0.1324035427895113,0.09259255068259797,0.9668736483351706,4.564898388314079,-2.04284886116449,-0.5283852460407555,-34.567176443202435,-0.1282594429790544,0.13772184307312355,0.9592399225786424,4.471657267030574,13.942157574471649,True,0.4083150430475837,imu,-1.1790801072364991,-9.3431242975508,3.2939936532868717,-0.6068460967708074,-2.1087439652292166,-3.9821785893101245,63.9168884,-2.423159600000013,-9.381218400000002
233.556879,0.0029647203003643208,6.056482406686484,4468.242134183977,5.199272083819885,4.736204578646681,0.34106086618981685,-159.6029441096492,18360.409671549656,0.03436228998002472,0.3454221176516298,-597.5136482955518,0.5004691109023934,4.736204578646681,5761123.982227297,-11.124717758262866,-0.1451486280553304,65.55380963140087,-1.7007650999989112,-0.0714341991794264,6.049007619168769,65.5577096027576,-159.77353375552946,-1538.5857333655294,-4.081175017024357,0.0,0.2810284771682218,-120.91656620528477,-148309337.00059617,-57.66799771266717,-0.12763544230048288,0.0,0.0,1779.9499999999916,-3.3036899999999862,0.0,0.0,0.0,0.0,0.0,0.0,0.0,0.0,0.0,0.0,0.0,1256.0899999999883,-0.09666209999999943,0.0,0.0,0.0,0.0,0.0,0.0,0.0,0.0,0.0,0.00577264186586603,0.37706835454449406,5729.56491498602,-242.39586070913265,0.0,3.203056850149322e-08,0.0,-8.364700135043422e-09,53.95979011058154,-0.03334281386491809,53.95979011058154,0.0,1.441376186051275,87.72538473176921,-0.06389485741941603,4479.430944339272,6.987040285453821,0.0,-1.9664771608037115e-17,0.0,6.006526866803228e-15,5.793912382025908,0.006886594614931393,5.793912382025908,0.0,5.155407061645965,998.9999999999982,3.232125733348462,2.1476283805933494,-6.4324140980826545,gaze,0.6048193846379736,0.40722215607357864,-105.26001854465245,133.56548783493048,406.8697724333729,27.634994154994853,0.9831602733706113,-34.95797202171426,-0.10951441056767455,0.16916160922171364,0.9564183898278127,4.338054288557172,-30.77929570783091,-1.3126350685408874,-34.605381173294305,-0.1317483635119134,0.09185535156922998,0.9670171581928745,4.5633794590809895,-1.8552511877325861,-0.5330046616898594,-34.56680072320107,-0.12769971561971044,0.13696834116916576,0.9593979676627149,4.47011597307,20.21315400781577,True,0.41594750751676945,imu,0.3684621248000001,-9.5812115504,3.1486763392,-0.89712173,-2.0865679,-3.15244414,64.95380190888783,-2.5096876805462114,-7.989804803028103
233.561338,0.008513758639940805,6.075103778208082,4468.163555146824,5.181349752466485,4.766794734816741,0.3465158216774026,-159.4452005155855,18356.91392584704,0.03482900096839829,0.35091025934471826,-615.7171859923943,0.5000739465827865,4.766794734816741,6034607.429746337,-11.278693181347718,-0.14625326379482823,65.54431703738442,-1.7162499974474916,-0.06652425661889882,6.0675716093026875,65.54825265986238,-159.6141147276411,-1593.6520548599833,-4.407835390114641,0.0,0.28540543284391684,-123.90626379717582,-155546152.40886852,-59.30774948259979,-0.12831079991107924,0.0,0.0,1779.9499999999923,-3.303689999999987,0.0,0.0,0.0,0.0,0.0,0.0,0.0,0.0,0.0,0.0,0.0,1256.0899999999888,-0.09666209999999945,0.0,0.0,0.0,0.0,0.0,0.0,0.0,0.0,0.0,0.005758142372117939,0.3770697168186697,5729.581124963593,-242.46117311977443,0.0,3.222217470433137e-08,0.0,-8.36774146425847e-09,53.95989198549812,-0.03333700103321832,53.95989198549812,0.0,1.4413787819984107,89.8921513435459,-0.07915871022809884,4479.4439039302015,6.963304639601494,0.0,-1.994589167444258e-17,0.0,6.0889739857371496e-15,5.5994643359341865,0.008271740827288154,5.5994643359341865,0.0,5.083970035488651,998.9999999999986,3.2191699127343805,2.1501415052698696,-6.497828113836814,gaze,0.6184545595373903,0.2505040445570241,-105.4015729491459,136.8559878528163,419.4249111320335,26.87718297355882,2.54930713862559,-35.57105096227652,-0.2246661821554577,0.3002442024534404,0.9270267123922524,4.46529483795166,-31.49853918724974,-0.2462528426265713,-34.48128979455868,-0.1996704305941485,0.2582157093109408,0.945228208747176,4.554227828979492,-2.463759682747752,1.0350633241582103,-34.95799102536705,-0.2221955550794313,0.2613466001685477,0.9384917996834056,4.534756374359131,25.829360076138595,True,2.0,imu,-1.1755700260206592,-9.342925947222263,3.2964327223237126,-0.6486941324568061,-6.832431217443901,-3.289913053724149,65.03948446338595,-2.505190993471119,-7.955580401331325
233.565654,0.013948882031646515,6.0930976023013645,4468.087532429637,5.1638972417986855,4.796546297465648,0.3518201149925224,-159.29167748333518,18353.41785844791,0.03528431114802785,0.35624685835076636,-633.7477180998897,0.49967940085410645,4.796546297465648,6309107.416086766,-11.428918758848644,-0.14732859153354547,65.53512135190118,-1.7313357291479616,-0.06171157243017644,6.085509579324406,65.53909181759806,-159.45889753874172,-1648.4617703740882,-4.728312859445474,0.0,0.289680693263908,-126.85441785942601,-162817193.50336167,-60.92245244781367,-0.12896964614541412,0.0,0.0,1779.9499999999916,-3.3036899999999862,0.0,0.0,0.0,0.0,0.0,0.0,0.0,0.0,0.0,0.0,0.0,1256.089999999988,-0.09666209999999943,0.0,0.0,0.0,0.0,0.0,0.0,0.0,0.0,0.0,0.005744124444873606,0.3770710333013402,5729.596821931847,-242.52439194969293,0.0,3.24093549801075e-08,0.0,-8.370685093090532e-09,53.95999048424264,-0.03333133458539733,53.95999048424264,0.0,1.441381290468724,92.0251509712109,-0.09406820855042852,4479.456488283234,6.9403779305273545,0.0,-2.0220475064429487e-17,0.0,6.169478709908394e-15,5.4098354570092795,0.009624706259716828,5.4098354570092795,0.0,5.01411388269929,998.9999999999981,3.206485454086174,2.152602305218455,-6.561020129708234,gaze,0.6039625213789266,0.4086366336715136,-103.67486194858637,138.05318831997118,430.8243723188606,27.64548289405666,0.9993454751271547,-35.083382536083505,-0.10886778493184604,0.1675612035410829,0.9567021540028072,4.335911019902316,-30.766298539675812,-1.3250084467504204,-34.600747911652014,-0.13054759289651532,0.09051134553056381,0.9672807288799323,4.560598672123109,-1.5189094639260914,-0.541505253355687,-34.56602782887955,-0.1266713553457248,0.13559251533064437,0.9596882487051183,4.467302974463215,30.512034244733222,True,0.4299018439758456,imu,0.7171852072000001,-9.573435564,3.164228312,-0.7550604399999999,-6.296068229999999,-3.10758268,65.12374810574624,-2.5008870270492087,-7.921835286347002
233.574428,0.025193471064400563,6.129582822711627,4467.933096615543,5.128097931653413,4.8574621963183375,0.36267719055445213,-158.97702661356928,18345.958497818734,0.03622080038350653,0.3671701684688944,-671.6758515390002,0.4988405841383116,4.8574621963183375,6897910.042337938,-11.737940022965503,-0.14953327845471545,65.51640605558461,-1.7623007776451551,-0.05174405058790926,6.121880299998466,65.52044837857551,-159.14057907164124,-1764.5891966645713,-5.392968612517116,0.0,0.2984899186716226,-133.01677496376652,-178436649.390353,-64.28983653395731,-0.13032472550911822,0.0,0.0,1779.9499999999912,-3.3036899999999862,0.0,0.0,0.0,0.0,0.0,0.0,0.0,0.0,0.0,0.0,0.0,1256.0899999999874,-0.0966620999999994,0.0,0.0,0.0,0.0,0.0,0.0,0.0,0.0,0.0,0.005715677011783257,0.37707370325537215,5729.628753060833,-242.6529125905151,0.0,3.27951202933197e-08,0.0,-8.376668700482258e-09,53.960190396207835,-0.03331969309900885,53.960190396207835,0.0,1.4413863772370201,96.47137554517161,-0.12479041479689701,4479.482193834949,6.893916347609675,0.0,-2.078624984877719e-17,0.0,6.335280547882619e-15,5.02001583610258,0.012412525612622696,5.02001583610258,0.0,4.869935038161529,998.9999999999981,3.1802576666945557,2.157691486426266,-6.689104220816545,gaze,0.6030961717471578,0.4100519951488498,-91.34294044496892,134.66038319167293,438.52815183232104,27.656089440760233,1.008013966878677,-35.19356699218442,-0.10821099453641678,0.16595776753184466,0.9569885015291532,4.333776599650765,-30.753189457188185,-1.3374792672806493,-34.595979346119876,-0.12933911428956427,0.08916776294277132,0.9675467165219629,4.557803613696461,-1.2090046053647199,-0.5501042620950058,-34.56514240172138,-0.12563318799638823,0.13421438786025017,0.9599812129254032,4.464486789477255,33.262395591678754,True,0.44390373100568326,imu,1.1191438888,-9.579417092000002,3.1618357008,-0.51579932,-11.8065509,-3.10758268,65.29888068824042,-2.4922852977571233,-7.851409867559747
233.581319,0.034210018691617605,6.158146587230499,4467.811909477913,5.099678753114942,4.905714825376255,0.37127411536892313,-158.72749062761358,18339.75670410617,0.036966620949890894,0.3758196429930466,-702.6920119286729,0.49814704889471567,4.905714825376255,7390467.875788452,-11.984077595908984,-0.15128245315423314,65.50168871218101,-1.7869016669103481,-0.04374157553054131,6.150353235697636,65.5057884417987,-158.88794836091,-1860.3552201424409,-5.927496107684128,0.0,0.30552035518378234,-138.02017422837378,-191525300.91219363,-67.01574569381512,-0.1314038636730332,0.0,0.0,1779.9499999999907,-3.3036899999999854,0.0,0.0,0.0,0.0,0.0,0.0,0.0,0.0,0.0,0.0,0.0,1256.0899999999874,-0.09666209999999936,0.0,0.0,0.0,0.0,0.0,0.0,0.0,0.0,0.0,0.005693380694407181,0.3770757943204293,5729.653850902151,-242.75385412983766,0.0,3.310306329943212e-08,0.0,-8.381367692199464e-09,53.9603471029923,-0.033310434378804946,53.9603471029923,0.0,1.4413903605046736,100.06868425101007,-0.14931016747619075,4479.502498505429,6.857564791695575,0.0,-2.1237782659576882e-17,0.0,6.46753129589206e-15,4.709764449609747,0.014637448125003963,4.709764449609747,0.0,4.7546448698407975,998.9999999999977,3.159238862646043,2.1617708370486164,-6.7893411581220295,gaze,0.5829143572120397,0.2738871264805794,-74.54385003006699,126.7936266975243,427.9151742799195,27.57822563156694,2.176109503482614,-35.41316340440884,-0.147723902825598,0.294777520080996,0.9440783135889056,4.419705390930176,-30.88427822078376,-0.2758462924750393,-34.52050403038834,-0.1525349100534471,0.2236089723259866,0.9626692727569024,4.345926761627197,-2.282163189602109,1.0337245867415594,-34.97022158085762,-0.2066272406091379,0.2633904229522721,0.9410884379498216,4.49716100692749,29.82606680119561,True,2.0,imu,-1.168018638418375,-9.342596868158854,3.3013793421898554,-0.5032496065681482,-19.513251021157625,-1.0428350432288103,65.4398159303332,-2.4856692488053405,-7.794437213753662
233.583203,0.03670369282771785,6.165941593373101,4467.778793096123,5.091862307803519,4.918970173675637,0.37363527118273476,-158.65889626781126,18338.006880221947,0.03717211829405903,0.37819524748304467,-711.3640409200391,0.4979520888877842,4.918970173675637,7529910.565301974,-12.051901366291785,-0.15176339353424284,65.49766235391908,-1.7936708894625903,-0.04152685536148204,6.158123270356235,65.50177792823558,-158.81847453334078,-1887.2551559624521,-6.075572637432408,0.0,0.30745970574564024,-139.41379033599083,-195234137.25339547,-67.77364288958552,-0.13170119274529235,0.0,0.0,1779.949999999992,-3.3036899999999862,0.0,0.0,0.0,0.0,0.0,0.0,0.0,0.0,0.0,0.0,0.0,1256.0899999999879,-0.09666209999999942,0.0,0.0,0.0,0.0,0.0,0.0,0.0,0.0,0.0,0.005687291830309379,0.37707636512409237,5729.660715638905,-242.7814520030474,0.0,3.318802058829392e-08,0.0,-8.382652325984236e-09,53.96038990106714,-0.03330788522569958,53.96038990106714,0.0,1.441391447735584,101.0685673673513,-0.1560741399677168,4479.508067595332,6.847647737590339,0.0,-2.1362339582260552e-17,0.0,6.504002139337915e-15,4.624311247461293,0.015251200579079333,4.624311247461293,0.0,4.722807856599317,998.9999999999984,3.1534273787836016,2.162898875088532,-6.816690632678071,gaze,0.6022203807078279,0.4114682932960926,-69.29683657651915,124.40755180393089,423.2129836922395,27.666813356000056,1.0093921917175097,-35.2886342594858,-0.10754412579684378,0.16435119850758864,0.9572774578457026,4.331650687681349,-30.73996898488384,-1.3500472702760808,-34.59107600450232,-0.12812292863653635,0.08782454564482453,0.9678151351614244,4.554993950064386,-0.9517831445188285,-0.5588012482782925,-34.56414528180014,-0.12458526298985594,0.1328338683329515,0.9602768783682917,4.461667105337864,26.53727526342834,True,0.45795502862030657,imu,1.4313796504,-9.551902063200002,3.136115130400001,-0.10456927,-18.78250793,-2.93561375,65.4788372907556,-2.4838819046924265,-7.778613744196288
233.591977,0.04847957925241164,6.202160795533502,4467.6246586053685,5.055194924425444,4.98106024077374,0.38469256646165606,-158.33733537963602,18329.5411983683,0.03813819606193417,0.38932029580940375,-752.8618162343863,0.497013736114062,4.98106024077374,8207289.683595007,-12.370780899452775,-0.1540186316548865,65.47889742700714,-1.8254425199494468,-0.031059796869386036,6.194225387797802,65.48308764476826,-158.49262591415334,-2016.6993097552509,-6.7762508486777975,0.0,0.3165895629093298,-146.0529946454891,-213271013.83441994,-71.37584276567094,-0.1330989388667981,0.0,0.0,1779.9499999999916,-3.3036899999999862,0.0,0.0,0.0,0.0,0.0,0.0,0.0,0.0,0.0,0.0,0.0,1256.0899999999874,-0.09666209999999942,0.0,0.0,0.0,0.0,0.0,0.0,0.0,0.0,0.0,0.005658974113725103,0.3770790184100769,5729.692702368373,-242.90998096661167,0.0,3.358803495506987e-08,0.0,-8.38863461066778e-09,53.96058896240318,-0.03329591212163168,53.96058896240318,0.0,1.4413965010295264,105.81922700648278,-0.18791794766218084,4479.534104410416,6.801585453057241,0.0,-2.1948728351456727e-17,0.0,6.675637200217329e-15,4.222758168643065,0.018140599586521117,4.222758168643065,0.0,4.572735893325131,998.9999999999983,3.125991610071777,2.1682250915825385,-6.943745324037072,gaze,0.6013355915395732,0.41288493564444945,-43.816309593929056,112.83131274505455,395.7827906774923,27.677649323071122,1.0037909157102143,-35.368856574087715,-0.10686756821660465,0.1627421256246521,0.9575689169411856,4.329533915282859,-30.72664366234663,-1.3627064764834307,-34.58604063851515,-0.1268995903636471,0.08648224752331767,0.968085876724321,4.5521706280397485,-0.7782489975205764,-0.5675918164504555,-34.563037754974225,-0.12352810645952977,0.13145149518343474,0.960575128587014,4.458844895519771,17.89479697752132,True,0.47205119514618543,imu,1.5934790592,-9.596763523200002,3.113983476800001,0.26179932,-26.81270927,-2.26269185,65.66316615752902,-2.4756801043289536,-7.703565594014471
233.600752,0.060526483860477986,6.238243811120462,4467.470659582124,5.018083698105286,5.0437505994433565,0.3958523079125701,-158.0122470029272,18320.53527812555,0.03911940282360314,0.400548566547696,-796.2384721072408,0.49602492948181354,5.0437505994433565,8932608.930435896,-12.694701287841458,-0.1562997111306552,65.46010993696916,-1.8576265373345424,-0.020337957452523814,6.230189997267603,65.4643762221811,-158.16292734189906,-2153.225902529973,-7.495447193261086,0.0,0.3258831330874866,-152.94513631333467,-232618950.77635115,-75.10006361254091,-0.13451848855750814,0.0,0.0,1779.949999999991,-3.3036899999999854,0.0,0.0,0.0,0.0,0.0,0.0,0.0,0.0,0.0,0.0,0.0,1256.089999999987,-0.09666209999999936,0.0,0.0,0.0,0.0,0.0,0.0,0.0,0.0,0.0,0.005630716145919788,0.37708166382781305,5729.724720527632,-243.03852885536992,0.0,3.3995323663986045e-08,0.0,-8.394616923069621e-09,53.96078763468139,-0.03328376951332968,53.96078763468139,0.0,1.4414015384924541,110.7280401494207,-0.22033482516582503,4479.560310960367,6.755721817624849,0.0,-2.2545665981933683e-17,0.0,6.850257241796631e-15,3.8152110409059645,0.021081899832666118,3.8152110409059645,0.0,4.4196547809350815,998.9999999999981,3.097934926535867,2.173673174300948,-7.0702922664946986,gaze,0.6004418474726549,0.4143019755858372,-20.092137510434778,103.93171719992269,366.9478278920322,27.688596923507884,0.9915961898167667,-35.43473380742142,-0.10618140648933218,0.1611304452979469,0.9578629047741961,4.327425947049097,-30.713213992540847,-1.3754566442607554,-34.58087375402512,-0.12566909870129608,0.08514081001083192,0.9683589557142648,4.549333313576902,-0.7242311211371817,-0.5764755434600537,-34.56182064411989,-0.12246176597584241,0.13006717719287755,0.9608759821771011,4.456019849204038,19.963413423692757,True,0.48619409690741,imu,1.6233866992,-9.5877912312,3.0469903632,0.51601426,-35.33638667,-0.63272547,65.85149136423274,-2.467679336928194,-7.626351121618606
233.60141,0.061440774527571185,6.240943730908868,4467.459118061437,5.015283059142189,5.048475507052554,0.39669322791668443,-157.98772864095247,18319.837536786625,0.03919358888464718,0.4013946564201949,-799.5683391833237,0.49594874307608416,5.048475507052554,8988995.622754678,-12.71919381736545,-0.1564717965305347,65.4587004022201,-1.860056457658572,-0.019523680105173524,6.232880985272614,65.46297244887772,-158.13805007946428,-2163.7561390391725,-7.5501278401515535,0.0,0.3265866189665965,-153.47237606612305,-234124466.84096682,-75.38430793887805,-0.13462581274255328,0.0,0.0,1779.9499999999912,-3.3036899999999854,0.0,0.0,0.0,0.0,0.0,0.0,0.0,0.0,0.0,0.0,0.0,1256.089999999987,-0.09666209999999938,0.0,0.0,0.0,0.0,0.0,0.0,0.0,0.0,0.0,0.005628599703966281,0.3770818618701943,5729.727122553002,-243.04816829036594,0.0,3.402615781721812e-08,0.0,-8.395065485054348e-09,53.96080251593027,-0.033282852170298666,53.96080251593027,0.0,1.4414019155753077,111.10258561698646,-0.22278874184425224,4479.562282820941,6.752290995820877,0.0,-2.2590853550360353e-17,0.0,6.863471690879548e-15,3.784409544023486,0.021304548664257364,3.784409544023486,0.0,4.40805443440286,998.9999999999981,3.09580591628934,2.1740866416616575,-7.079760295504334,gaze,0.6003744793748697,0.41440823540433447,-18.48258294098601,103.43127045966298,364.95098054661304,27.689422206526707,0.9904282735786091,-35.4391121444244,-0.10612957682038228,0.16100950186678903,0.9578850491244888,4.327268248157335,-30.712202912919135,-1.3764162459867126,-34.58048107986575,-0.12557655441497845,0.08504026904907847,0.9683795243958699,4.549120013085067,-2.221796166151421,1.0395626140562932,-34.98007914579235,-0.201767104495619,0.2626775476237497,0.9424048479525078,4.491269469261169,18.46802076378021,True,2.0,imu,-1.1604496113564284,-9.342400791375475,3.305927198817196,-0.058065097161358104,-35.270552308338694,2.3764382487144315,65.8657615238087,-2.467087569815241,-7.620477042719565
233.609526,0.07284434329937328,6.274177501077698,4467.31683270676,4.98053334253116,5.10703102721608,0.407112666753218,-157.6836815188655,18310.96630320116,0.04011566473803899,0.4118782214611165,-841.5452117646867,0.49498551108942257,5.10703102721608,9708193.190315185,-13.023638976378308,-0.15860631730890937,65.44130713606567,-1.8902192519621726,-0.009361236699314268,6.266003976351992,65.44565091035513,-157.8294222020952,-2297.0856811238787,-8.23328464428161,0.0,0.3353398684338266,-160.09812615739492,-253343495.06845704,-78.9483034327362,-0.13595972562313918,0.0,0.0,1779.9499999999907,-3.303689999999985,0.0,0.0,0.0,0.0,0.0,0.0,0.0,0.0,0.0,0.0,0.0,1256.0899999999865,-0.09666209999999933,0.0,0.0,0.0,0.0,0.0,0.0,0.0,0.0,0.0,0.005602523101686119,0.37708430088442013,5729.756762806137,-243.1670664475303,0.0,3.4409863403147344e-08,0.0,-8.400597904633222e-09,53.96098588174421,-0.033271458615371965,53.96098588174421,0.0,1.4414065591988443,115.79754450974028,-0.25332314579747983,4479.586682019116,6.710070123365808,0.0,-2.3153133318335208e-17,0.0,7.027855059862522e-15,3.4017084271067475,0.024074952508093966,3.4017084271067475,0.0,4.263569078203275,998.999999999998,3.069254460457863,2.179243722390277,-7.196297600556611,gaze,0.5995395982465239,0.41571882089474343,-1.2241467901744243,99.35074485173769,343.9136122882686,27.699650759128364,0.9732637928531369,-35.486897509961985,-0.10548603719397161,0.15951678814340395,0.9581593135521399,4.32532741081182,-30.699686589043605,-1.3882917294264325,-34.57557820099415,-0.12443201290662487,0.08380078579351989,0.9686342623864013,4.546482965814793,-0.8308083151532046,-0.5854479651801855,-34.56049531811038,-0.12138677423424268,0.1286814537577168,0.9611793208699855,4.4531929442827565,32.25874926554602,True,0.5003791563696312,imu,1.5719455584,-9.5889875368,3.056560808,0.74779847,-43.93483317,1.78979337,66.04334634879298,-2.45988270395537,-7.547091290725366
233.6183,0.0854372107050273,6.309961029196753,4467.1631620094095,4.942535889166594,5.17091271791016,0.4184756274652957,-157.3515782999046,18300.807776683243,0.04112724344488547,0.4233112589924918,-888.8492304025908,0.4938949870081257,5.17091271791016,10536697.160704762,-13.357681164454146,-0.1609389149560737,65.42248988556119,-1.9232279738830607,0.0018741294617241055,6.301666465028124,65.42691259418665,-157.4920412152149,-2448.582890934024,-8.990133688516892,0.0,0.34496239774079523,-167.52246693454163,-275519174.573825,-82.9238673977571,-0.13742301924081335,0.0,0.0,1779.9499999999912,-3.303689999999986,0.0,0.0,0.0,0.0,0.0,0.0,0.0,0.0,0.0,0.0,0.0,1256.0899999999865,-0.09666209999999936,0.0,0.0,0.0,0.0,0.0,0.0,0.0,0.0,0.0,0.005574390486716088,0.37708692999228927,5729.788832838043,-243.2956084694547,0.0,3.483177012540829e-08,0.0,-8.406578242110387e-09,53.96118373541412,-0.03325897649180125,53.96118373541412,0.0,1.4414115639472231,121.03200131665051,-0.2868923665984555,4479.613221312384,6.664627986491956,0.0,-2.3771315434123764e-17,0.0,7.208483189739488e-15,2.982149594717818,0.027120614467426557,2.982149594717818,0.0,4.104431004932035,998.9999999999982,3.0399377043473157,2.1849392073911713,-7.3217707332864705,gaze,0.5986289896336789,0.4171353641043584,11.449700697948051,98.88453364070193,330.7888684230583,27.71080915418176,0.9493009260665252,-35.526144984959174,-0.10478162409965039,0.15790123396188543,0.9584581355443889,4.323238213469487,-30.68606349163439,-1.4012100313704148,-34.57015508876633,-0.12318847263262543,0.08246226839137474,0.9689117799361869,4.543619577543743,-1.1445180281021519,-0.5945076374338669,-34.55906275184819,-0.12030330094830485,0.12729439106912568,0.9614851288036916,4.450364194423217,33.529847413959416,True,0.5146066214180288,imu,1.417622136,-9.5788189392,3.071514628,0.7702292,-52.24915709,4.922618659999999,66.23832437172595,-2.4522905280528557,-7.465881206300562
233.621391,0.08993957524684404,6.322530538281426,4467.109062726912,4.929042528790805,5.19356163985808,0.4225032692033499,-157.23373423138372,18297.083726136654,0.04148729011819632,0.42736377528919434,-906.0016038934035,0.4934985600934555,5.19356163985808,10841671.380601281,-13.476586557916029,-0.16176689764009872,65.41585786376004,-1.934956425612889,0.005894335089747571,6.3141930146084855,65.4203087273145,-157.37225576211713,-2503.828351220213,-9.2613477604798,0.0,0.3483921152484659,-170.20448744077578,-283691035.0358099,-84.3552966685622,-0.13794381724876395,0.0,0.0,1779.94999999999,-3.303689999999984,0.0,0.0,0.0,0.0,0.0,0.0,0.0,0.0,0.0,0.0,0.0,1256.0899999999858,-0.09666209999999933,0.0,0.0,0.0,0.0,0.0,0.0,0.0,0.0,0.0,0.0055644937798079545,0.37708785433026526,5729.800137425539,-243.3408937184877,0.0,3.498217195552506e-08,0.0,-8.408684907852081e-09,53.96125334546351,-0.03325453807473905,53.96125334546351,0.0,1.4414133233150288,122.91604595220733,-0.2988579543433447,4479.622611076387,6.648669589225175,0.0,-2.3991669693707436e-17,0.0,7.272844809185811e-15,2.832890011343107,0.028206203327522814,2.832890011343107,0.0,4.047635316600598,998.999999999998,3.0294563562753885,2.1869757842599267,-7.365846054325926,gaze,0.598306245661003,0.4176342771890993,14.412318126991638,99.448335082163,328.8784249438857,27.714764513801033,0.9396199974444671,-35.53706145800378,-0.10453135685528975,0.15733168630902056,0.9585639749056295,4.322504460479465,-30.681242072196117,-1.4057802636344434,-34.56821450995744,-0.12274889960888383,0.08199112581914685,0.96901006449134,4.5426077851329225,-2.13864520411984,1.0414847563038665,-34.98074642415279,-0.1943697457782944,0.2670817043407101,0.942695755575191,4.471602598826091,31.140182113935687,False,-1.0,imu,-1.1529534027183401,-9.342338981780827,3.310027137762381,0.607653443492363,-52.75686727483759,6.900865431250778,66.30767682061501,-2.4496648032213892,-7.436826517400641
233.627075,0.09830927818115481,6.34559344888206,4467.009631599339,4.904083145482551,5.235407157452638,0.42994322513350636,-157.0158750366997,18290.03229042812,0.04215440846762867,0.43484972857503423,-938.2199229603171,0.492752839125159,5.235407157452638,11420885.954781095,-13.69691768286191,-0.16329798173489313,65.40365907150195,-1.9566602231946195,0.01337203586078195,6.337176492228199,65.40816218410063,-157.15071316580654,-2608.0326090488434,-9.766376211069755,0.0,0.35475343420918254,-175.22903934458208,-299223670.103322,-87.03016019592496,-0.13890874995981045,0.0,0.0,1779.94999999999,-3.3036899999999845,0.0,0.0,0.0,0.0,0.0,0.0,0.0,0.0,0.0,0.0,0.0,1256.0899999999856,-0.09666209999999932,0.0,0.0,0.0,0.0,0.0,0.0,0.0,0.0,0.0,0.005546313829390968,0.37708955156059587,5729.820934270046,-243.4241696499344,0.0,3.5261163584121825e-08,0.0,-8.412558621996002e-09,53.96138122737004,-0.033246320119598244,53.96138122737004,0.0,1.4414165535297823,126.43580210266232,-0.321052243676176,4479.639932644464,6.619393134755152,0.0,-2.4400403048189182e-17,0.0,7.392195762022473e-15,2.5564307411281035,0.030219769648321765,2.5564307411281035,0.0,3.9421912113361977,998.9999999999978,3.009971776258263,2.1907621747994086,-7.446720801356585,gaze,0.5977101646563939,0.41855149794504287,17.969255652281724,101.03250818470895,329.0982786734143,27.722070466782665,0.9202570429207502,-35.55338760471748,-0.10406832805987147,0.1562838617222831,0.9587593638166846,4.3211582664203485,-30.672346707845026,-1.4142098773597596,-34.564605486756065,-0.12193861524791642,0.08112535149425812,0.9691914922798073,4.540743138485173,-1.7178916958506996,-0.6036531441073567,-34.55752388709596,-0.11921151300280776,0.12590605465825055,0.9617933909406667,4.4475336138831985,15.561430781843988,False,0.5288767520235158,imu,1.2136520312,-9.558481744000002,2.9925584584,0.65807555,-60.07748186,8.35452035,66.43601710957611,-2.444903193040972,-7.382815371625485
233.635849,0.11146033506940123,6.381061598012602,4466.856278073889,4.865180070458085,5.300503766152856,0.4415135722865603,-156.67662432301694,18278.615504364134,0.043197078192600345,0.44649173284326227,-989.7109935088146,0.4915589418348743,5.300503766152856,12363307.081031132,-14.041322398255554,-0.1656831883575111,65.38482205011806,-1.9905120868969532,0.02513244454593927,6.372520913225991,65.38940703322325,-156.80548358332197,-2775.7024039710095,-10.562130374509188,0.0,0.3647123430728217,-183.2263311767258,-324529008.80765367,-91.2692171386136,-0.1404167904507448,0.0,0.0,1779.9499999999896,-3.3036899999999827,0.0,0.0,0.0,0.0,0.0,0.0,0.0,0.0,0.0,0.0,0.0,1256.0899999999851,-0.09666209999999928,0.0,0.0,0.0,0.0,0.0,0.0,0.0,0.0,0.0,0.005518298248597838,0.3770921651031175,5729.85305977232,-243.55272076538196,0.0,3.569801675466422e-08,0.0,-8.418537686284354e-09,53.96157832183092,-0.03323349080344381,53.96157832183092,0.0,1.441421527034735,132.01153704362397,-0.35580085576383347,4479.666810679866,6.574378764912655,0.0,-2.5040371958765525e-17,0.0,7.578984141252046e-15,2.1245936439455804,0.03337224255642926,2.1245936439455804,0.0,3.7768558097185068,998.9999999999976,2.9793539905584465,2.1967131892982525,-7.571114225974104,gaze,0.5967835819527131,0.41996663140241464,19.379971744262768,103.53888036157339,338.2765258209445,27.73342918584236,0.8867262021527883,-35.56962555037451,-0.10334655546001001,0.15466530343644755,0.9590628880148371,4.319088191835835,-30.65854295082593,-1.427285136124961,-34.5589323868228,-0.12068300639795285,0.07979058520685504,0.9694732872989915,4.537854625323078,-2.622037997440227,-0.6128799262696062,-34.555880213309564,-0.11811195200670169,0.12451698468902173,0.9621039864199614,4.4447021861103435,21.675939150224774,False,0.543184919915461,imu,0.9821668976,-9.5004609224,2.9500896096,0.22441477,-67.09082344,11.66679148,66.63594684308045,-2.437723564478399,-7.298016946283022
233.641483,0.12005407540940422,6.403749744069511,4466.75789080136,4.839957956906479,5.342627146096362,0.448998371891116,-156.45688164327203,18270.933051020955,0.04387490881255259,0.45402296636469647,-1023.9262014117118,0.49076478102250076,5.342627146096362,13000525.626839248,-14.265242008703353,-0.16722880757260158,65.37272337028452,-2.012474153152052,0.03282437563756674,6.395128894026129,65.37736170952759,-156.58171079956603,-2887.854724072231,-11.083574817650614,0.0,0.37119703676452476,-188.52018289298064,-341660603.5990346,-94.06285576932868,-0.14139708964316158,0.0,0.0,1779.9499999999898,-3.303689999999983,0.0,0.0,0.0,0.0,0.0,0.0,0.0,0.0,0.0,0.0,0.0,1256.0899999999847,-0.09666209999999927,0.0,0.0,0.0,0.0,0.0,0.0,0.0,0.0,0.0,0.005500338674746492,0.37709383930089635,5729.8737029552085,-243.63526903484762,0.0,3.598252245446936e-08,0.0,-8.422376657781833e-09,53.961704687614606,-0.033225160112929475,53.961704687614606,0.0,1.4414247125727393,135.68461826352862,-0.37842895685747413,4479.68415956381,6.545588803298958,0.0,-2.545714165865153e-17,0.0,7.700573635417017e-15,1.8440236176801683,0.035425065302309405,1.8440236176801683,0.0,3.6690337643187956,998.9999999999975,2.9593436516355913,2.2006032224140397,-7.65070195433697,gaze,0.5961845716282125,0.42087475652532624,18.358511743001444,104.18492068302284,348.94927505944486,27.740773553377352,0.8631111578429653,-35.57475196283973,-0.10287868964384306,0.15362538739220627,0.9592589973375679,4.317764094903979,-30.6496342145712,-1.435720142971393,-34.55522491908385,-0.11987377261984368,0.07893466627571696,0.9696553269797104,4.535993452416207,-1.9818522007269344,1.0508293767516483,-34.996502047908095,-0.1811488564071628,0.2692116010428409,0.9447506268713092,4.446288704872131,66.10458847846945,False,-1.0,imu,-1.1454546251390354,-9.342409793219744,3.3137253839429843,1.368528786241919,-70.1042067770255,12.240315501480074,66.76531678673291,-2.433222942222644,-7.242695801297504
233.644624,0.12489611630990088,6.416368477674933,4466.703068089575,4.825813970266032,5.366221521125681,0.45319003652640044,-156.33372483575448,18266.52735932276,0.044255643719456346,0.4582406620245755,-1043.4004606468038,0.490312636128166,5.366221521125681,13367013.946120229,-14.391025315619206,-0.16809528799736173,65.36597762394659,-2.0247950093380527,0.03716063219716337,6.407702690349771,65.37064597806615,-156.45624133320106,-2951.9419832880185,-11.377875452631287,0.0,0.3748430003472488,-191.52667161999528,-351520976.3174117,-95.64501819628475,-0.1419476971212004,0.0,0.0,1779.949999999991,-3.3036899999999845,0.0,0.0,0.0,0.0,0.0,0.0,0.0,0.0,0.0,0.0,0.0,1256.0899999999856,-0.09666209999999933,0.0,0.0,0.0,0.0,0.0,0.0,0.0,0.0,0.0,0.0054903360727909375,0.3770947713273215,5729.885216654397,-243.6812911970651,0.0,3.614250051397409e-08,0.0,-8.42451680296203e-09,53.96177507299296,-0.033220484029693936,53.96177507299296,0.0,1.4414264858222074,137.76435540970516,-0.3911520234452175,4479.693862299891,6.529577519455385,0.0,-2.569148800744962e-17,0.0,7.768924361557237e-15,1.6864842961363742,0.03657928584762027,1.6864842961363742,0.0,3.6083560634245337,998.9999999999983,2.948067766046001,2.202795516681804,-7.69497423332754,gaze,0.5958492805306472,0.4213808191990551,17.36390171338407,103.93845876495338,356.1677917264595,27.744884943034485,0.8493121901336032,-35.57594391248233,-0.10261638672469348,0.15304545352152799,0.9593687353284703,4.3170276661649805,-30.644652671383582,-1.4404356105516187,-34.553136240592934,-0.11942164124850066,0.0784579100929818,0.9697571805808141,4.534953703533661,-4.024245099572669,-0.6221876016276455,-34.55413250991241,-0.11700466105450082,0.12312708816876114,0.9624169351445481,4.441869605342655,112.78756136136191,False,0.5575330035065742,imu,0.7656355840000001,-9.4262899752,2.8669463704,0.20198404,-73.41628929999999,14.62017093,66.83772616476975,-2.430751155446471,-7.211570849606487
233.653398,0.1386163100799463,6.451500915409675,4466.550038186633,4.785989971488457,5.43254960003134,0.4649706904844917,-155.98723067142834,18253.742494200065,0.04533001809168249,0.4700945785564048,-1099.343686305335,0.4890138183770078,5.43254960003134,14434706.480839103,-14.74599852874611,-0.1705339413851925,65.347133215605,-2.059504924670529,0.04945646581006019,6.4427086690477156,65.35188643764366,-156.10303340877644,-3137.030239921468,-12.2137261279629,0.0,0.3851447116170398,-200.1389369487825,-380276043.290456,-100.15962156450149,-0.14350133499833942,0.0,0.0,1779.9499999999894,-3.3036899999999827,0.0,0.0,0.0,0.0,0.0,0.0,0.0,0.0,0.0,0.0,0.0,1256.0899999999842,-0.09666209999999925,0.0,0.0,0.0,0.0,0.0,0.0,0.0,0.0,0.0,0.005462432384808733,0.37709736975131913,5729.9173975735885,-243.8098517201133,0.0,3.659458528778545e-08,0.0,-8.430494614385454e-09,53.96197144531705,-0.033207301164776125,53.96197144531705,0.0,1.4414314289893553,143.69688003638237,-0.42710362285439496,4479.721082095235,6.485002528524069,0.0,-2.6353723503707848e-17,0.0,7.962006798700814e-15,1.2421466772505987,0.03984070567555548,1.2421466772505987,0.0,3.436699153180747,998.9999999999975,2.9161105475353137,2.2090096968669877,-7.818267437211219,gaze,0.5949077244296258,0.4227934716912707,13.864545169610969,100.0998506275639,379.5167288892681,27.75643215823865,0.8086483104038316,-35.57347475571395,-0.10187823423611256,0.151424944390968,0.9596767937699983,4.314977307488362,-30.630682641411887,-1.4536551182058253,-34.547220130831576,-0.11815508913026072,0.07712787401712834,0.9700430585140088,4.532041360861051,-6.285550913114511,-0.6315715535453846,-34.55228234408348,-0.11589018707525132,0.12173690532313435,0.9627321146195001,4.439036858014157,284.6691087908182,False,0.5719163427565445,imu,0.5191966304000001,-9.353913486400002,2.7550917968,0.32909151,-79.01649488999999,17.3641969,67.04087729315363,-2.4239886720497004,-7.123600882333473
233.653629,0.13898142062037927,6.4524235253713025,4466.54601145981,4.7849352118326705,5.434304256061033,0.46528228130087623,-155.9780589360733,18253.39620472223,0.04535852060782206,0.47040810915944664,-1100.8477039623813,0.48897890849586995,5.434304256061033,14463709.792440886,-14.755416401058799,-0.17059851010614374,65.34663708403076,-2.060424615584945,0.04978384612078923,6.443627931007172,65.35139256094611,-156.0936798144383,-3142.025982972261,-12.236007864958054,0.0,0.38541827415303725,-200.37000572013056,-381057733.3111478,-100.28039116892407,-0.14354255025513904,0.0,0.0,1779.9499999999894,-3.303689999999982,0.0,0.0,0.0,0.0,0.0,0.0,0.0,0.0,0.0,0.0,0.0,1256.0899999999842,-0.09666209999999925,0.0,0.0,0.0,0.0,0.0,0.0,0.0,0.0,0.0,0.005461698477759265,0.37709743806173185,5729.9182452000805,-243.81323649893767,0.0,3.6606591708644966e-08,0.0,-8.430651988547803e-09,53.96197661063578,-0.03320695167551214,53.96197661063578,0.0,1.441431558930695,143.85554320309797,-0.42805836935278685,4479.7218010527595,6.4838319820777865,0.0,-2.637131102822093e-17,0.0,7.967133283451249e-15,1.230362922634292,0.03992731611184985,1.230362922634292,0.0,3.432136608754959,998.9999999999975,2.9152599826323424,2.20917511082912,-7.821505960480443,gaze,0.5948828381918322,0.42283064270472026,13.76983588400165,99.92741582378642,380.17076436912726,27.756737396890102,0.80753949396058,-35.57330162025725,-0.10185869358403422,0.1513822709735864,0.9596849342217079,4.314923461618789,-30.6303137756182,-1.4540040823295257,-34.54706275935382,-0.11812167417503097,0.07709289293479067,0.9700506118482741,4.531964529564077,-6.360813274823251,-0.6318196341963063,-34.55223225715232,-0.11586074939034095,0.12170030091534378,0.962740442747242,4.438962274554043,289.59353866811256,False,0.5722955098968455,imu,-1.1409436045920438,-9.342516821821759,3.3157550970362895,1.793868193609906,-79.26994006618284,15.561335762677867,64.58828439999999,-1.849421200000023,-8.160498400000005
233.661463,0.15148239274477443,6.48363966451841,4466.409518990776,4.748972884746415,5.494066406520196,0.4758930885309679,-155.66550994560873,18241.350315078802,0.046331758641668254,0.48108503530439073,-1152.8186761661304,0.48777317951513344,5.494066406520196,15475249.434339702,-15.077015733650605,-0.17279937919360364,65.3298123986464,-2.0917933277110894,0.06099823431482537,6.474729959727777,65.3346449726352,-155.77480615973556,-3315.2646851680774,-13.000109824912442,0.0,0.39476725503437676,-208.3406906904392,-408338422.3736334,-104.43493594029513,-0.14494981580990862,0.0,0.0,1779.9499999999898,-3.3036899999999836,0.0,0.0,0.0,0.0,0.0,0.0,0.0,0.0,0.0,0.0,0.0,1256.0899999999842,-0.09666209999999925,0.0,0.0,0.0,0.0,0.0,0.0,0.0,0.0,0.0,0.005436831172466367,0.3770997516833853,5729.947002472914,-243.9280279137021,0.0,3.7016949222476294e-08,0.0,-8.435988831387143e-09,53.96215164305303,-0.03319502556699285,53.96215164305303,0.0,1.441435959631539,149.3125195229182,-0.46068834188787,4479.746254043579,6.444227078919685,0.0,-2.6972422876068062e-17,0.0,8.142306453450273e-15,0.8281290031381481,0.04288732646795512,0.8281290031381481,0.0,3.276084793395558,998.9999999999977,2.88613234444984,2.2148403020038168,-7.931105773672307,gaze,0.5940359762453155,0.4240905310985301,10.91849083099542,91.73530909938927,402.4964891263084,27.767125538334422,0.7689390580009933,-35.564453260189914,-0.10119282642293065,0.1499348651597651,0.9599619033975275,4.313101519729302,-30.61777285224912,-1.4658658675058174,-34.541677218946774,-0.1169864237594077,0.07590771668497742,0.9703075723429458,4.529354273319446,-1.653026294608409,0.9501316055037874,-34.966833717398586,-0.1501294064395225,0.2591932462034912,0.953373793172904,4.382816076278687,441.17008146616666,False,-1.0,imu,-1.138043856748568,-9.342611382134942,3.3169820807738755,2.0261493326925453,-84.25303427113033,17.62244868949527,67.22847412232605,-2.4179580297855825,-7.04147586047761
233.662173,0.15262680842980353,6.486461750954571,4466.397155111328,4.74569512969888,5.499507296945386,0.47685895743257983,-155.63703871855517,18240.229203379364,0.046420601455121474,0.4820569287653129,-1157.6223721938752,0.4876618038965762,5.499507296945386,15569649.179207856,-15.106375066101766,-0.17299991598869924,65.32828768946277,-2.0946535139838276,0.06202536997807356,6.477541649571608,65.33312731116072,-155.74574651602,-3331.3361867706517,-13.070176363308818,0.0,0.39562144884415373,-209.07612659433818,-410886059.54964435,-104.81715489969257,-0.14507827354512992,0.0,0.0,1779.9499999999896,-3.3036899999999827,0.0,0.0,0.0,0.0,0.0,0.0,0.0,0.0,0.0,0.0,0.0,1256.0899999999842,-0.09666209999999927,0.0,0.0,0.0,0.0,0.0,0.0,0.0,0.0,0.0,0.005434579528559539,0.37709996107997823,5729.949609851859,-243.9384317187671,0.0,3.705444631735419e-08,0.0,-8.436472488330181e-09,53.96216749290883,-0.033193937596288706,53.96216749290883,0.0,1.4414363578913392,149.81445455528012,-0.4636698179085581,4479.748477028868,6.440646567065354,0.0,-2.7027350901358604e-17,0.0,8.158309353494928e-15,0.7914233069620771,0.04315778578585791,0.7914233069620771,0.0,3.2618145420110256,998.9999999999977,2.8834652773005462,2.2153590901315607,-7.941016757013253,gaze,0.5939589510197989,0.4242046440663787,10.713007293586724,90.76896349702443,404.48132190367215,27.768070482534284,0.7653531463008748,-35.563380923450076,-0.1011321767312549,0.14980366976252285,0.9599870909926825,4.312936797025497,-30.616633291596578,-1.4669434793339182,-34.54118448779724,-0.11688334367548141,0.07580041725200627,0.9703309370898997,4.529117262721676,-9.793937434823759,-0.6410314158828587,-34.550330477756276,-0.11476857143538209,0.12034634253391575,0.9630495452415018,4.436203640459982,450.84300187531215,False,0.5863368194043365,imu,0.2506260232,-9.226506940000002,2.6839116136,0.7702292,-84.02602458999999,19.67456209,67.24501717846208,-2.4174356572336078,-7.034190829874773
233.670619,0.1663873248736738,6.519941080767926,4466.25016074393,4.7064669997317985,5.56454601281156,0.4884025650505316,-155.29649857499243,18226.50844985759,0.04748563537188395,0.49367261527266026,-1215.9814435707876,0.4863100116265725,5.56454601281156,16728347.744349962,-15.458354263033605,-0.17539917527881366,65.31015268589154,-2.1288984147969803,0.07438208337703556,6.510896603106961,65.31507692002634,-155.39800996934719,-3527.355429758455,-13.914168075455038,0.0,0.40587111185422475,-217.99474766823977,-442179406.9350948,-109.43750741730678,-0.1466181308310294,0.0,0.0,1779.9499999999891,-3.3036899999999827,0.0,0.0,0.0,0.0,0.0,0.0,0.0,0.0,0.0,0.0,0.0,1256.0899999999838,-0.09666209999999924,0.0,0.0,0.0,0.0,0.0,0.0,0.0,0.0,0.0,0.005407820758225317,0.37710244837626816,5729.980640541304,-244.0621955132472,0.0,3.750442972221727e-08,0.0,-8.442225654966894e-09,53.96235587100668,-0.03318090430022304,53.96235587100668,0.0,1.4414410882027051,155.88058335100277,-0.49944726649020454,4479.775008047591,6.398168066949697,0.0,-2.7686524666133105e-17,0.0,8.350304441034013e-15,0.3515625290929556,0.046403226893122346,0.3515625290929556,0.0,3.090427255647592,998.9999999999976,2.8513883403970732,2.2215992975429084,-8.05863200925894,gaze,0.5930392701300073,0.42556110914000445,9.272103097528829,76.74266563693222,426.3516091770673,27.779354473064267,0.7217790944438054,-35.54755607106206,-0.10040693535466096,0.14824287802827327,0.9602877957258148,4.31098245237991,-30.6030406563152,-1.479794247294257,-34.53526454836613,-0.11565477447864134,0.07452553641200814,0.970609835038269,4.526292317230391,-14.26994475604893,-0.650204944333109,-34.54835705110941,-0.11368265916530496,0.11900791475421034,0.9633571185645743,4.433476829241886,516.3459106393399,False,0.600248850304319,imu,-0.107667504,-9.2001882168,2.7730363808,1.73475059,-87.96635615999999,21.44658976,67.44201840705726,-2.4113278895890637,-6.946878768785162
233.679064,0.18041873771869887,6.553244270551378,4466.103338926799,4.666804488865655,5.630160884221171,0.5000445968669122,-154.95256599147177,18212.061756777228,0.04856572896132819,0.5053874815569233,-1276.6200453112242,0.4849085311305804,5.630160884221171,17954835.006028634,-15.815355019848662,-0.1778235883940859,65.29202661372523,-2.16354885121743,0.08699378414588732,6.544074132056864,65.29703688858149,-155.04651344892284,-3732.485518186226,-14.777612281405894,0.0,0.41628357748257266,-227.23317356007954,-475346621.9281914,-114.19498169593797,-0.1481796203944696,0.0,0.0,1779.9499999999896,-3.3036899999999836,0.0,0.0,0.0,0.0,0.0,0.0,0.0,0.0,0.0,0.0,0.0,1256.0899999999838,-0.09666209999999925,0.0,0.0,0.0,0.0,0.0,0.0,0.0,0.0,0.0,0.005381112818971875,0.37710492873705764,5730.011693182489,-244.18594926730407,0.0,3.796164776897527e-08,0.0,-8.447977576718413e-09,53.96254392235248,-0.03316770360523133,53.96254392235248,0.0,1.4414458046360283,162.12419046318342,-0.5357969325522891,4479.801696666969,6.355907571299753,0.0,-2.835632583013635e-17,0.0,8.545301422158446e-15,-0.09421743171882113,0.049700488678783156,-0.09421743171882113,0.0,2.9160309559756037,998.9999999999978,2.8186632289736107,2.227966939313319,-8.175707014050776,gaze,0.5921135723214167,0.4269154100097882,9.864170363849277,59.639736337697826,442.8829008945594,27.790714855525238,0.6768894622018269,-35.52678552295043,-0.09967498679650313,0.14668221081946517,0.9605904280118881,4.309037948421089,-30.589384222897117,-1.4927000553213148,-34.52923848748715,-0.11442218812946477,0.07325377666063007,0.9708904329302618,4.523457730027464,-19.09295362986122,-0.6594421344531571,-34.54629203761486,-0.11259091672544357,0.11766984545268397,0.9636666132224835,4.4307508290704165,454.57011355991875,False,0.614189558740124,imu,-0.4821111568000001,-9.3389596664,2.8029440208,2.87871782,-90.99450471,23.23357125,67.63912182776946,-2.405417474444106,-6.8584398952584
233.681555,0.1846099583192129,6.5630340570283945,4466.060061115958,4.655020985658638,5.649627187077952,0.5034977722737135,-154.85045833911033,18207.65750870388,0.04888724205757136,0.5088622875258737,-1294.9525855735158,0.4844855692964408,5.649627187077952,18330008.67221648,-15.921632470078277,-0.1785435972680326,65.28668173145456,-2.173848321633562,0.09076314706905253,6.553826603141665,65.291717662252,-154.94210316471634,-3794.7820101958087,-15.036074770621866,0.0,0.41938645354112153,-230.02102073284607,-485500539.67284936,-115.62499219117754,-0.14864440354645048,0.0,0.0,1779.9499999999896,-3.3036899999999827,0.0,0.0,0.0,0.0,0.0,0.0,0.0,0.0,0.0,0.0,0.0,1256.0899999999835,-0.09666209999999922,0.0,0.0,0.0,0.0,0.0,0.0,0.0,0.0,0.0,0.0053732437784273,0.37710565910927113,5730.02085759253,-244.22245348635488,0.0,3.8097913581832136e-08,0.0,-8.449674099361148e-09,53.96259933446433,-0.033163777353640525,53.96259933446433,0.0,1.441447193316976,164.00042302604754,-0.5466297787641945,4479.809599737793,6.343483162454481,0.0,-2.8555955942885556e-17,0.0,8.603401303160367e-15,-0.22685580041919806,0.050683114902343424,-0.22685580041919806,0.0,2.864007047723227,998.9999999999977,2.8088845719269173,2.2298699236690247,-8.21013912808384,gaze,0.4902459960853377,0.4152709806566587,10.40065495638551,54.5725846779398,446.3482394106683,27.794080250487184,0.6634720445280717,-35.519861064388714,-0.09945782099794054,0.14622188748815831,0.9606800639530267,4.308466237589751,-28.74521520293105,-1.283761730805068,-34.356766890571,0.0806266955207683,0.1150443869678195,0.9900828879425198,4.230648040771484,-28.74521520293105,-1.283761730805068,-34.356766890571,0.0806266955207683,0.1150443869678195,0.9900828879425198,4.230648040771484,415.5295653028439,False,-1.0,imu,-1.1306453020531277,-9.342944870770932,3.319835163221122,2.370733493069856,-92.56203150328251,22.178114278224726,67.697230798573,-2.4037117751133046,-6.832149469976286
233.68751,0.19472687122065857,6.586374486436218,4465.956656362118,4.626694702377766,5.696371220978429,0.5117884782300675,-154.60513782022207,18196.858232441416,0.0496612788525344,0.5172049759658365,-1339.6176046216963,0.483456681671244,5.696371220978429,19252344.084179964,-16.17750916456459,-0.18027392095478467,65.27390808192055,-2.198616444583556,0.09986583100398516,6.577077363148506,65.27900586020638,-154.69114403012708,-3947.0871686686296,-15.66099139819525,0.0,0.4268627830442278,-236.80414871519963,-510478815.7109103,-119.09358056119125,-0.14976330755189063,0.0,0.0,1779.9499999999887,-3.303689999999982,0.0,0.0,0.0,0.0,0.0,0.0,0.0,0.0,0.0,0.0,0.0,1256.0899999999829,-0.0966620999999992,0.0,0.0,0.0,0.0,0.0,0.0,0.0,0.0,0.0,0.005354448216932897,0.37710740285127425,5730.04277511713,-244.30972236096176,0.0,3.8426274288881147e-08,0.0,-8.453729620488709e-09,53.962731699912105,-0.0331543309277324,53.962731699912105,0.0,1.4414505085145446,168.55046451699582,-0.572732838330045,4479.828549888694,6.313857732043413,0.0,-2.903702339045907e-17,0.0,8.743377266133859e-15,-0.5460730804413245,0.05305084207856178,-0.5460730804413245,0.0,2.7385558602237303,998.9999999999975,2.7852732512818115,2.234465302443983,-8.292264800665198,gaze,0.5911818650723185,0.42826763117592376,11.906914895434422,43.44747126352513,451.66368914249256,27.802151635017392,0.6311872335380123,-35.50206320642964,-0.09893638029786411,0.14512153250533966,0.9608950208525012,4.3071029573050605,-30.57566399938559,-1.5056610965223782,-34.52310650657665,-0.11318554540670547,0.07198505178356157,0.9711727527253097,4.520613130113425,-23.269399726829235,-0.6687429176903305,-34.54413604072167,-0.1114933507898629,0.11633201608306241,0.9639780559613506,4.428025302072039,294.27989911880735,False,0.6281609831714609,imu,-0.8021229048,-9.4801237272,2.790382812,3.47687062,-92.81139384,24.31024629,67.83600494892114,-2.3997038923540224,-6.768944402874366
233.695956,0.2093125934075485,6.619323016254153,4465.810131925312,4.586138791184939,5.763173074596118,0.5236335081236467,-154.25423282759965,18180.871471160965,0.05077229968843501,0.5291243946821635,-1405.0333443996296,0.48195427663024437,5.763173074596118,20623760.50522583,-16.54482227663584,-0.18275007977780214,65.25580216696088,-2.234100549541703,0.11299912915771049,6.609897589325525,65.26098891540681,-154.3319132773998,-4171.455730814996,-16.564484732582784,0.0,0.4376089845469456,-246.71739516076514,-547657863.2524378,-124.13566276206065,-0.15136920538911244,0.0,0.0,1779.949999999989,-3.303689999999982,0.0,0.0,0.0,0.0,0.0,0.0,0.0,0.0,0.0,0.0,0.0,1256.0899999999826,-0.09666209999999917,0.0,0.0,0.0,0.0,0.0,0.0,0.0,0.0,0.0,0.005327828944155924,0.3771098705267224,5730.073882657247,-244.43350021262867,0.0,3.889832151804617e-08,0.0,-8.459481109870072e-09,53.96291918986428,-0.03314078635549335,53.96291918986428,0.0,1.4414551994861342,175.1624371937047,-0.610256158000906,4479.855565244818,6.272026240666541,0.0,-2.972864971902903e-17,0.0,8.944540042098831e-15,-1.0040031937228449,0.05645439257549481,-1.0040031937228449,0.0,2.557993799344132,998.9999999999975,2.7512132263608855,2.241095434773702,-8.40828675265537,gaze,0.5902444849436721,0.4296173765281707,13.812042770318872,33.98494095612051,451.71761699137517,27.81366077734993,0.5851586412552816,-35.47433977097303,-0.0981914254191107,0.14356126160714758,0.961201499629778,4.305177842543425,-30.561884846572184,-1.5186729781957808,-34.516870954901044,-0.11194524495573394,0.07071972677797521,0.9714567166007857,4.517759154990685,-26.029632654017554,-0.6781039412366958,-34.54189040379609,-0.1103903560391804,0.11499478316215095,0.9642913634842627,4.42530087959883,115.62683073613383,False,0.6421602058558393,imu,-1.1107697496,-9.511227672800002,2.8358424248,3.19274804,-93.61890012,24.28033865,68.03228200881367,-2.394188706620518,-6.678493134355718
233.701536,0.21910241624732518,6.640989048082174,4465.713415420527,4.559098354673588,5.807633246891388,0.5315149534345438,-154.02048330034796,18169.865941561875,0.05151487158279267,0.537055414686135,-1449.610744788205,0.48093378209027976,5.807633246891388,21571865.172801133,-16.7903475461531,-0.18440025975853352,65.2438485314681,-2.257773920283302,0.12182035643578837,6.631478126851124,65.24909487114965,-154.0924482859156,-4325.205052404063,-17.17256531528676,0.0,0.44480098645722355,-253.45987948481013,-573386498.6570027,-127.54694978452832,-0.15244245076717938,0.0,0.0,1779.949999999988,-3.3036899999999796,0.0,0.0,0.0,0.0,0.0,0.0,0.0,0.0,0.0,0.0,0.0,1256.089999999982,-0.09666209999999913,0.0,0.0,0.0,0.0,0.0,0.0,0.0,0.0,0.0,0.005310266742149035,0.37711149735796434,5730.094448446875,-244.51527889549877,0.0,3.921429097989278e-08,0.0,-8.463280631735432e-09,53.96304290479184,-0.033131742879559244,53.96304290479184,0.0,1.4414582916806418,179.63447598368737,-0.6353715086253742,4479.873502695722,6.244510610152178,0.0,-3.019163451807689e-17,0.0,9.079150374509909e-15,-1.3099001947241646,0.058732432270063084,-1.3099001947241646,0.0,2.436994829824087,998.999999999997,2.7283388739802454,2.245548914468624,-8.484642463557924,gaze,0.485967162512835,0.4548374155421473,14.27872087971736,33.51354724440733,447.9659823227477,27.82130287941102,0.5547858714752449,-35.45480868934348,-0.09769588409566354,0.14253077797483216,0.961404995835403,4.303911463729995,-28.40445834516808,-1.656301443197655,-34.39369843662673,0.0879123054671498,0.0724374926424301,0.9934909341343424,4.340948104858398,-28.574836774049565,-1.4700315870013614,-34.375232663598865,0.084269500493959,0.0937409398051248,0.9917869110384312,4.285798072814941,28.549466587728062,True,2.0,imu,-1.1233481929986342,-9.343405357109622,3.322254599829389,2.2121919613857464,-93.57408656634566,25.032149278365655,68.16145063272118,-2.390654238010061,-6.618254215904332
233.704401,0.22417665272243942,6.652081196845356,4465.663784423841,4.545138099789788,5.83056223218718,0.5355789409978836,-153.8998713680246,18164.074832743616,0.05189879957731117,0.5411449890154147,-1472.9265465332237,0.48040115258309346,5.83056223218718,22072019.683922015,-16.917297759874344,-0.18525196036680072,65.23771396711957,-2.270000341390962,0.12639447130791803,6.642526153118898,65.24299115586116,-153.9688344356142,-4405.888927833924,-17.488264504210463,0.0,0.44852236665846495,-256.9827145165094,-586967129.535675,-129.32355679235485,-0.15299731763427105,0.0,0.0,1779.9499999999878,-3.30368999999998,0.0,0.0,0.0,0.0,0.0,0.0,0.0,0.0,0.0,0.0,0.0,1256.0899999999817,-0.09666209999999914,0.0,0.0,0.0,0.0,0.0,0.0,0.0,0.0,0.0,0.005301256966691273,0.3771123315746384,5730.105012102633,-244.55726823881793,0.0,3.937779856680614e-08,0.0,-8.465231368749936e-09,53.96310637855708,-0.0331270700497814,53.96310637855708,0.0,1.441459877205668,181.96310259743808,-0.6483678176402905,4479.882740192222,6.230420699305155,0.0,-3.043123268170458e-17,0.0,9.14879654558618e-15,-1.468003942936015,0.05991122318254183,-1.468003942936015,0.0,2.3743379098195607,998.9999999999973,2.71647821548631,2.2478583368713094,-8.523754482977893,gaze,0.5893017717158647,0.43096425180889164,14.559854397653218,35.20276351732207,445.41392797416745,27.825238206625833,0.5392487594376557,-35.444498183318366,-0.0974404353613239,0.14200181613224902,0.9615097886130863,4.3032629629517345,-30.54805165749671,-1.5317312799441805,-34.510534243772746,-0.11070168733162654,0.06945816422206544,0.971742245761294,4.514896448655132,-27.012332515038565,-0.6875218177956477,-34.539556524076524,-0.10928233017477412,0.11365850258446263,0.9646064514086644,4.422578193201313,3.7109326738481645,True,0.6561842904140001,imu,-1.444539012,-9.4813200328,2.8627593008,2.85628709,-93.12542406,24.10089281,68.22757545400269,-2.3888733578436474,-6.587186557554892
233.712847,0.23932510624811892,6.684651954148968,4465.517580693031,4.503679363471122,5.898558470959122,0.5476282841625882,-153.54194764836183,18146.435052412504,0.053041188515209184,0.5532702899085682,-1543.381969410547,0.47879659063359203,5.898558470959122,23600661.96565892,-17.295071909911023,-0.18778034944177535,65.21964218362945,-2.30632779107495,0.14005743542183458,6.674965939989635,65.22501131849958,-153.60179139239725,-4650.7754161247285,-18.432834736100972,0.0,0.45960700856679193,-267.61381958300365,-628506559.4694972,-134.6614805164404,-0.15464822886508434,0.0,0.0,1779.9499999999873,-3.303689999999979,0.0,0.0,0.0,0.0,0.0,0.0,0.0,0.0,0.0,0.0,0.0,1256.089999999981,-0.09666209999999911,0.0,0.0,0.0,0.0,0.0,0.0,0.0,0.0,0.0,0.0052747248092794245,0.3771147866805274,5730.136170812931,-244.68105582401182,0.0,3.986488570374429e-08,0.0,-8.470981763736415e-09,53.963293318852,-0.03311317728118287,53.963293318852,0.0,1.4414645429898516,188.9579324002443,-0.687082347045016,4479.910081852631,6.189033957170668,0.0,-3.114505104829401e-17,0.0,9.356226503781858e-15,-1.9382369627980438,0.06342265079623283,-1.9382369627980438,0.0,2.187515746683456,998.999999999997,2.681050825620458,2.2547574347535724,-8.638690567180179,gaze,0.5883537304362303,0.4323083418003107,16.00660759531635,43.79730780457748,440.5442155438551,27.836883957035624,0.49383637346542736,-35.41332288183372,-0.09668345675898996,0.1404430597762229,0.9618199214847684,4.301357997645466,-30.534164411364433,-1.5448362201326782,-34.504096540033,-0.10945483124730103,0.06820027788955556,0.9720293627515658,4.512024639609345,-26.226721265072133,-0.6969965037239063,-34.53713497560236,-0.10816927736382471,0.11232305520769999,0.9649233471976936,4.419856907955556,-16.4716851999992,True,0.670235278633363,imu,-1.7232782168,-9.4992646168,2.891470635200001,2.34785721,-91.23376583,24.11584663,68.42158613114962,-2.383757381260618,-6.495091704030228
233.721293,0.2547587595700862,6.717026528212168,4465.371539573248,4.461763837764418,5.96715768030311,0.5597808109306452,-153.18048149069023,18127.924163416144,0.0541994780582646,0.5654995676819857,-1616.4616339837996,0.477140419815571,5.96715768030311,25212805.409759097,-17.67814928720957,-0.19033514744056484,65.2015919726012,-2.3430821597730898,0.15398886806470824,6.707208195426085,65.20705456316904,-153.23079663252878,-4906.428359365922,-19.398374988950223,0.0,0.4708631305294689,-278.62104559214924,-672364800.3627247,-140.1518560357194,-0.1563219478070571,0.0,0.0,1779.949999999988,-3.30368999999998,0.0,0.0,0.0,0.0,0.0,0.0,0.0,0.0,0.0,0.0,0.0,1256.089999999981,-0.09666209999999911,0.0,0.0,0.0,0.0,0.0,0.0,0.0,0.0,0.0,0.00524823443394973,0.37711723565566035,5730.167355090792,-244.80484838601905,0.0,4.0359593709899185e-08,0.0,-8.476731618717725e-09,53.96347999713207,-0.03309910817447546,53.96347999713207,0.0,1.441469196493848,196.15004512759367,-0.7264008032317266,4479.9375877054945,6.1478736709527375,0.0,-3.187013534349997e-17,0.0,9.566837461547305e-15,-2.4146996981828224,0.06698877028455139,-2.4146996981828224,0.0,1.9975197617429252,998.999999999997,2.644925886009876,2.2617937753647332,-8.753076505029751,gaze,0.5874007011972033,0.43364925339806637,21.928760238482724,50.093065564753815,445.72704752034457,27.848593947326933,0.4492580255676973,-35.38150248184842,-0.0959208032394285,0.1388854098806025,0.9621318223045814,4.299463306521887,-30.520228001735003,-1.557983378264928,-34.497560268165564,-0.10820507709882739,0.06694642906234106,0.9723179885914817,4.509144374766495,-23.972632976154973,-0.7065246078620163,-34.53462716736076,-0.10705159546864686,0.11098879625565893,0.9652419662943413,4.417137656876391,8.845516217518673,True,0.6843102264959546,imu,-1.9176778768,-9.435262267200002,2.9142004416,1.65250458,-88.25047873999999,24.13827736,68.61395561133754,-2.3788421831979236,-6.402306939890172
233.721628,0.2553768323243439,6.718306511435156,4465.365750409258,4.4600918424160945,5.969891068177567,0.5602649627498862,-153.16607104102195,18127.171565406607,0.054245750034405814,0.5659867801722434,-1619.4153483135437,0.47707366083991454,5.969891068177567,25278517.713756397,-17.693453596299182,-0.19043702755721093,65.20087652094338,-2.3445488272215087,0.15454701028911122,6.708482902460675,65.20634284964143,-153.21599968613123,-4916.795348248516,-19.43710836222718,0.0,0.4713131472977874,-279.06555272937226,-674153526.2351073,-140.37281107223674,-0.15638880684934403,0.0,0.0,1779.9499999999875,-3.303689999999979,0.0,0.0,0.0,0.0,0.0,0.0,0.0,0.0,0.0,0.0,0.0,1256.0899999999808,-0.0966620999999991,0.0,0.0,0.0,0.0,0.0,0.0,0.0,0.0,0.0,0.0052471845712205555,0.3771173326662306,5730.168592503057,-244.80975856641976,0.0,4.037937375838737e-08,0.0,-8.47695966844006e-09,53.963487396210056,-0.033098546484214994,53.963487396210056,0.0,1.4414693808190011,196.43943432841291,-0.7279728504592298,4479.938682085714,6.1462458072223285,0.0,-3.1899128781392936e-17,0.0,9.575257112734421e-15,-2.4337271746456324,0.06713135065855111,-2.4337271746456324,0.0,1.9899179600901498,998.9999999999972,2.643478522774391,2.2620757186830387,-8.75760206916883,gaze,0.477323694001283,0.4230967897457045,22.57526863576556,50.23161278993416,445.9795668973682,29.13160494794061,1.024502333872502,-35.14765117869969,0.0184296346270939,0.1808041392183217,0.983346435295839,4.730355739593506,-28.51449773629768,-1.94714323443546,-34.35057305912821,0.0732935354371048,0.0280150121649188,0.9969168554882244,4.381969451904297,-18.94703998075922,-1.1337945414280677,-34.4998591487039,0.0714668620066724,0.0972971517672899,0.9912351558229644,4.375919580459595,12.672862859941244,True,2.0,imu,-1.1160784907601626,-9.343996657232605,3.324269204225006,1.4479277205030119,-87.72759039854148,25.71807747806941,68.62154728554194,-2.3786513781926133,-6.398613739403433
233.729739,0.27048017369221805,6.749200011832542,4465.22566257287,4.419387932045342,6.036363709895613,0.5720372064689095,-152.81545090523326,18108.51163551456,0.05537381302656255,0.5778335133914835,-1692.2366885040467,0.47543228752774563,6.036363709895613,26911823.382165924,-18.0665785188222,-0.19291655043692002,65.18356637532919,-2.380266952790532,0.16819119761937973,6.739248002351469,65.18912394559948,-152.85581972905715,-5173.195302985154,-20.385175468348052,0.0,0.48229224289541833,-290.0161715833758,-718637590.5846405,-145.79774943124067,-0.15801867581666665,0.0,0.0,1779.949999999987,-3.3036899999999783,0.0,0.0,0.0,0.0,0.0,0.0,0.0,0.0,0.0,0.0,0.0,1256.0899999999806,-0.09666209999999906,0.0,0.0,0.0,0.0,0.0,0.0,0.0,0.0,0.0,0.005221784649018368,0.37711967860349654,5730.198564923393,-244.9286459984985,0.0,4.0861990089908645e-08,0.0,-8.482480938554457e-09,53.96366642199631,-0.033084861232568624,53.96366642199631,0.0,1.441473837928371,203.54340468101287,-0.7663287512630359,4479.965258440097,6.106942571719257,0.0,-3.260659930667709e-17,0.0,9.780661155171876e-15,-2.8974444477471835,0.0706100854065557,-2.8974444477471835,0.0,1.8043206868980661,998.9999999999968,2.60809407721991,2.268969213838819,-8.866907476762073,gaze,0.5864429131895941,0.4349867539587214,32.66723582831544,47.469834535439894,457.1218300728146,27.860365457092747,0.4057776881294887,-35.34959740221791,-0.09515270036466321,0.13732909865082826,0.9624454513229307,4.297579022043542,-30.506245689945025,-1.5711698753485441,-34.49092712044509,-0.10695267827670799,0.06569682849072526,0.9726080778403741,4.506255964507556,-20.731135987350914,-0.7161038462338366,-34.532034247936615,-0.10592955175352015,0.10965592223130148,0.9655622611611607,4.414420751043569,25.11983462945714,True,0.6984078438459415,imu,-2.066617924,-9.3688673064,2.980595402400001,1.20388998,-84.19051660999999,24.13080045,68.80435999137154,-2.3741284996050065,-6.308918692011233
233.738184,0.2864900085242068,6.781163687776192,4465.079968449523,4.376553137642359,6.10617212272991,0.5843966896071129,-152.44687770112682,18088.168774762307,0.05656419711924489,0.5902713424584807,-1770.7700620197766,0.4736720519710746,6.10617212272991,28700961.51318948,-18.460361551440666,-0.1955244450271269,65.16557059042574,-2.4178812136640744,0.18266513359255365,6.77107664968194,65.17122466739747,-152.4768752161615,-5451.397457091942,-21.393408184717643,0.0,0.4938944795884928,-301.80980785535894,-767417338.9020282,-151.6015686408213,-0.15973841040359776,0.0,0.0,1779.949999999987,-3.3036899999999783,0.0,0.0,0.0,0.0,0.0,0.0,0.0,0.0,0.0,0.0,0.0,1256.0899999999804,-0.09666209999999904,0.0,0.0,0.0,0.0,0.0,0.0,0.0,0.0,0.0,0.0051953773828006655,0.3771221153396984,5730.229796598077,-245.0524340770143,0.0,4.137208187762606e-08,0.0,-8.488229047519152e-09,53.963852580048794,-0.033070436669120254,53.963852580048794,0.0,1.4414784669576033,211.14111469619021,-0.8068669497101846,4479.993091441733,6.066248209651491,0.0,-3.3354468111756885e-17,0.0,9.997703617373573e-15,-3.3864655007694964,0.07428666399982115,-3.3864655007694964,0.0,1.6079125458787438,998.9999999999968,2.5705504919794926,2.276284746009723,-8.98016526012292,gaze,0.5854807101702567,0.43632045398629027,41.95072270084054,39.03940440941681,454.9202049738578,27.87219435632698,0.3635925213122474,-35.31803643679061,-0.09437946601840935,0.1357745417980545,0.9627607311566979,4.295705497777004,-30.492222402260204,-1.5843912633130346,-34.48419960319449,-0.1056980368788231,0.06445183310953023,0.972899550289702,4.503360064452149,-17.048508895490706,-0.7257307879166458,-34.52935769829201,-0.10480354730719132,0.10832478669159827,0.9658841458725203,4.411706823234309,22.610819005989175,True,0.7125251624859962,imu,-2.3244217808,-9.432869656,3.09544074,1.0693056,-79.36043274999999,24.36258466,68.99246571489431,-2.3696175592928106,-6.215023239893734
233.741609,0.29306636674477904,6.794067201393284,4465.020927497057,4.359047781498232,6.13465890658916,0.5894392209330442,-152.29637011406885,18079.645364348078,0.05705162292322852,0.5953458789552397,-1803.4259665708253,0.4729431729537002,6.13465890658916,29453125.175805304,-18.621616539325206,-0.19658979950274802,65.15828071757174,-2.4332607221893072,0.188613710299938,6.783925008269064,65.16397437606715,-152.32203795720403,-5567.577261665724,-21.80852151722283,0.0,0.4986500214216674,-306.70966014276496,-787939761.0537612,-154.00131450271132,-0.16044253609489867,0.0,0.0,1779.949999999987,-3.3036899999999787,0.0,0.0,0.0,0.0,0.0,0.0,0.0,0.0,0.0,0.0,0.0,1256.0899999999801,-0.09666209999999904,0.0,0.0,0.0,0.0,0.0,0.0,0.0,0.0,0.0,0.005184678460047816,0.3771231019315291,5730.242470360796,-245.10263971872195,0.0,4.158118326114388e-08,0.0,-8.490560131790624e-09,53.963928011544944,-0.033064535115275344,53.963928011544944,0.0,1.4414803410013561,214.2819016719057,-0.8234843989911846,4480.0044268840575,6.04981070413443,0.0,-3.3661079431140135e-17,0.0,1.008666045572907e-14,-3.5866126799834106,0.07579374612012638,-3.5866126799834106,0.0,1.5273283136357243,998.9999999999969,2.5551178458385735,2.2792922731694327,-9.025938067558133,gaze,0.4557671312543599,0.4499329685015152,42.9112250330339,35.83811640586033,447.3842885330251,29.66777197753297,-1.146162830025295,-33.63725661698138,0.1242535673357374,0.1233950492060167,0.9845479738620097,4.204567432403564,-28.72628915123511,-2.008159416007407,-34.28099065316556,0.0505713087826562,0.0307295200968746,0.9982475841807108,4.552412986755371,-14.092594632282184,-1.2446361868251383,-34.36467527029629,0.0754532560198035,0.0922384349883288,0.9912758116225636,4.376562237739563,18.376322166399245,True,2.0,imu,-1.1089233716698284,-9.34471086770941,3.3258588853665545,0.12347576872240028,-76.75522166706263,24.19607842531165,69.0680376497082,-2.3678458579018193,-6.176813962457281
233.74663,0.3027946403351921,6.8129201440632094,4464.934424221203,4.3332456841001585,6.1766033323427445,0.596862879319612,-152.07465248647156,18066.85897242464,0.05777105865968891,0.6028166983558002,-1852.1539987006813,0.4718589422219871,6.1766033323427445,30584196.920883253,-18.859640807086265,-0.198159646738704,65.1476034533681,-2.4559373916238805,0.19741655457390184,6.802696683493473,65.15335560148597,-152.093842626085,-5741.462892873733,-22.423607061947436,0.0,0.5056741141922853,-314.0170316935464,-818816559.2881168,-157.56783139980223,-0.16148176253577975,0.0,0.0,1779.9499999999869,-3.3036899999999783,0.0,0.0,0.0,0.0,0.0,0.0,0.0,0.0,0.0,0.0,0.0,1256.0899999999801,-0.09666209999999907,0.0,0.0,0.0,0.0,0.0,0.0,0.0,0.0,0.0,0.005169005180378218,0.377124546545599,5730.261057498332,-245.1762420122423,0.0,4.189005816062501e-08,0.0,-8.493977311842883e-09,53.964038524043964,-0.03305582955507487,53.964038524043964,0.0,1.4414830848903437,218.94904177374917,-0.8480306244840192,4480.021093994462,6.02578370647524,0.0,-3.4114033957994717e-17,0.0,1.021804836417048e-14,-3.881931513092198,0.07801988599491577,-3.881931513092198,0.0,1.408219242402069,998.999999999997,2.53227676764433,2.2837439901468723,-9.092871809022052,gaze,0.5845140941299729,0.4376504384590517,42.14765871499168,32.0392879457617,431.4726663373125,27.884080715711846,0.32281913563152137,-35.287112710836446,-0.0936011434947729,0.1342216023621334,0.96307769632765,4.293842422213061,-30.47815808200166,-1.5976477922776047,-34.47737783868647,-0.10444110911560739,0.0632113568264687,0.9731924291943211,4.500456302827913,-13.418240954391829,-0.7354054211437809,-34.526598053819306,-0.1036735831695932,0.10699526990226482,0.9662076487760757,4.408995542716534,21.44259065572144,True,0.7266642255261095,imu,-2.52719558,-9.5985579816,3.2066971608,0.8749059399999999,-73.77518097999999,24.41492303,69.17801954221476,-2.3653089711092155,-6.12068206251542
233.755076,0.3193947875751394,6.844460563429496,4464.78904867926,4.289466971740194,6.247653006083256,0.6094350136970456,-151.6987965282147,18044.55214666028,0.058994404879976974,0.6154688159172624,-1936.4542851593587,0.4699928087820962,6.247653006083256,32564968.870041385,-19.264419417736697,-0.200822047211788,65.12967022277809,-2.4944346181023564,0.2124462252568451,6.834099292416877,65.13552200982068,-151.7067357156646,-6043.729024893275,-23.475951671349137,0.0,0.5176313170878332,-326.64901296074186,-872933266.6464256,-163.69904253261217,-0.1632487348426216,0.0,0.0,1779.949999999987,-3.3036899999999783,0.0,0.0,0.0,0.0,0.0,0.0,0.0,0.0,0.0,0.0,0.0,1256.0899999999795,-0.09666209999999904,0.0,0.0,0.0,0.0,0.0,0.0,0.0,0.0,0.0,0.005142669965170323,0.3771269720369729,5730.292343914334,-245.30005522108166,0.0,4.24159276835388e-08,0.0,-8.499725055802175e-09,53.96422424062698,-0.033041040066733016,53.96422424062698,0.0,1.4414876913912256,226.97041851744166,-0.8898206683487029,4480.049263506471,5.98555666849947,0.0,-3.488532474672813e-17,0.0,1.0441702196875592e-14,-4.383838077713463,0.08180983137877815,-4.383838077713463,0.0,1.2052340984976215,998.9999999999973,2.4932677581748184,2.2913479898132723,-9.205008785267314,gaze,0.5835434089189816,0.43897631926443414,31.903700111561434,28.55341725109843,421.20181161724395,27.896020402419097,0.28353422022955915,-35.25702612259496,-0.09281805086213546,0.1326706951957643,0.9633962692598763,4.2919901498663835,-30.464057652797607,-1.6109350170565944,-34.47046434492548,-0.10318229671017932,0.061975755063476516,0.9734866341847949,4.497545337959213,-10.181153032127735,-0.7451243135954864,-34.52375680595553,-0.10254006033479263,0.10566772458490019,0.9665326837978219,4.406287543439669,32.93786525141864,True,0.7408220571669075,imu,-2.606749902400001,-9.7504887928,3.3394870824,0.20946095,-67.46466894,23.91397006,69.36071598981046,-2.361203928854627,-6.02598844764139
233.756076,0.3213799200085624,6.848180385557887,4464.771847565538,4.284252232847182,6.2561063641826316,0.6109305919883602,-151.65405404200118,18041.843483724166,0.059140346489150834,0.6169739185297578,-1946.6320124995702,0.4697683327452651,6.2561063641826316,32806122.37813899,-19.312711325652437,-0.20113908353910298,65.12754933395382,-2.49902202893197,0.21424426499457816,6.837802705527759,65.13341302265908,-151.66063134583138,-6080.342456245064,-23.602028726856076,0.0,0.5190588694349988,-328.17334848865835,-879525509.1117691,-164.4360445463509,-0.1634595165107711,0.0,0.0,1779.949999999987,-3.3036899999999787,0.0,0.0,0.0,0.0,0.0,0.0,0.0,0.0,0.0,0.0,0.0,1256.0899999999797,-0.09666209999999907,0.0,0.0,0.0,0.0,0.0,0.0,0.0,0.0,0.0,0.005139554287973384,0.37712725883986986,5730.296049891036,-245.31471496385558,0.0,4.2478716064235076e-08,0.0,-8.500405550111985e-09,53.964246214681175,-0.033039276856326155,53.964246214681175,0.0,1.4414882360505639,227.93447023478507,-0.8948103145988395,4480.052609842037,5.980809670175232,0.0,-3.497742672383798e-17,0.0,1.0468403249367476e-14,-4.443692349666499,0.08226233766832683,-4.443692349666499,0.0,1.1809814660613664,998.9999999999973,2.4885999894060546,2.2922579711662747,-9.21824777785864,gaze,0.5834282218810914,0.4391330201321785,30.22806977267455,28.219675715689277,423.2303083002509,27.897437454970845,0.2789831344459133,-35.25352529129326,-0.09272502808083108,0.1324872142800869,0.9634340926086498,4.291771563658562,-30.462385934617707,-1.6125101120127172,-34.46963980036075,-0.10303314133339399,0.06182979315971201,0.973521553477915,4.497200219837569,-9.833097054862925,-0.7462778460347665,-34.523415056999426,-0.10240562900228428,0.10551068385037825,0.966571266885319,4.405967150243367,34.904160032092705,True,0.7424995151438497,imu,-1.103792916241425,-9.345305700584946,3.3267536842604875,-1.0902593271318106,-66.8931808491647,21.941743635703837,69.019498,-1.922664400000018,-3.363068800000002
233.7617,0.3326223552665971,6.869042535168726,4464.675153070804,4.2548002434590515,6.303810870835779,0.6193696256475909,-151.40146670381625,18026.338365776348,0.05996547682465814,0.6254667323421148,-2004.6589830321038,0.4684919133740654,6.303810870835779,34189111.195262104,-19.585757881107007,-0.20292926577270062,65.11563138116998,-2.524938008231137,0.2244299365971525,6.858572204985026,65.12156241921076,-151.4002659549952,-6289.5705700936505,-24.316970745031313,0.0,0.5271343137308612,-336.8614797746417,-917346073.8259963,-168.62511027727822,-0.1646511902579217,0.0,0.0,1779.9499999999857,-3.303689999999976,0.0,0.0,0.0,0.0,0.0,0.0,0.0,0.0,0.0,0.0,0.0,1256.0899999999783,-0.09666209999999897,0.0,0.0,0.0,0.0,0.0,0.0,0.0,0.0,0.0,0.005122040965968671,0.3771288703629133,5730.31689896208,-245.3971627597649,0.0,4.28339224475411e-08,0.0,-8.504232515932208e-09,53.96436974035034,-0.033029312420452546,53.96436974035034,0.0,1.4414912963025002,233.41345139174706,-0.9230375729483338,4480.071473465393,5.954175505103814,0.0,-3.549850939509556e-17,0.0,1.0619445070440593e-14,-4.78201265464817,0.08482221938924686,-4.78201265464817,0.0,1.0437149463187403,998.9999999999965,2.462153190687351,2.297414155968725,-9.292553476098016,gaze,0.4790439275107354,0.470021798700235,20.83301856708859,25.4411108304649,449.7305807467636,29.51571384775407,-0.6625408853234944,-34.41399011232519,0.0743893758358001,0.0427898401938408,0.9963108201454736,4.222649574279785,-29.0310790880491,-1.861025232666981,-34.24939102342246,0.0104297986224943,0.0672072596987765,0.9976845210508556,4.761064529418945,-11.22561222985525,-1.2480655612591582,-34.35807832981179,0.0688445222616722,0.0847904579799248,0.9924201834176838,4.399621200561524,48.23344010911282,False,-1.0,imu,-1.1018104553668493,-9.345554419233112,3.3270436926177878,-1.5962238579798285,-62.855743858510145,20.863076708454464,69.50182718693101,-2.3581272603396335,-5.9515282399921645
233.763522,0.3362930592739683,6.875779887985351,4464.643843360127,4.245213338221819,6.319325057274117,0.6221137915878474,-151.319287604076,18021.215215984383,0.06023438381486899,0.6282283999919093,-2023.74712084886,0.4680732960812719,6.319325057274117,34647016.19752976,-19.674747096353638,-0.20351184623790886,65.11177405305142,-2.5333764710218194,0.22775661938378877,6.865279408502916,65.11772706154619,-151.31552345707945,-6358.57304997183,-24.550742202056156,0.0,0.5297676300358037,-339.71855370771243,-929873805.0376221,-169.99842396602097,-0.16503953339967123,0.0,0.0,1779.9499999999855,-3.303689999999976,0.0,0.0,0.0,0.0,0.0,0.0,0.0,0.0,0.0,0.0,0.0,1256.0899999999783,-0.09666209999999897,0.0,0.0,0.0,0.0,0.0,0.0,0.0,0.0,0.0,0.005116370526513774,0.3771293919188941,5730.323655832904,-245.4238737786415,0.0,4.2949759527876495e-08,0.0,-8.505472284390667e-09,53.96440973853611,-0.03302606667493475,53.96440973853611,0.0,1.4414922866746511,235.20941768588568,-0.9322427684402999,4480.077600673549,5.945569883801369,0.0,-3.566845693683397e-17,0.0,1.0668697616867973e-14,-4.892238594502764,0.08565701495920583,-4.892238594502764,0.0,0.9989272115944736,998.9999999999964,2.453513837318411,2.2990986619993476,-9.316571270354556,gaze,0.5825688849601903,0.4402978674159427,17.089516181262873,24.899396608568086,463.6099873491629,27.908010676797876,0.24576521879226582,-35.22788866456762,-0.09203041526197571,0.13112205038813132,0.9637164094231502,4.2901488125843965,-30.449924380419944,-1.6242500561351627,-34.46346085988429,-0.10192185283974665,0.06074523446453295,0.9737821191683288,4.49462748745446,-7.499478336979316,-0.754885167205781,-34.520835143978296,-0.10140324681555085,0.10434234517410577,0.9668592027236903,4.403583138161853,49.98692769500195,False,0.7549973471404323,imu,-2.5188214408,-9.811500378400002,3.391526376000001,-1.10647521,-61.24387982,22.5232648,69.5402878701629,-2.357303050486872,-5.9310229517748745
233.771967,0.3534900222699215,6.906869354070182,4464.498826968926,4.200486427907014,6.391614817930297,0.6348983950347146,-150.9361490209704,17996.817399787484,0.06149099450923926,0.6410946289362587,-2114.099110847006,0.4661002846360009,6.391614817930297,36833906.71252803,-20.090624250321547,-0.20622892116379496,65.09392023870862,-2.5727618561413044,0.24334835895816254,6.896228274717556,65.09997605374171,-150.92022172648478,-6686.340170540592,-25.648150058533062,0.0,0.5420831336222004,-353.23709013840664,-989739990.0839752,-176.46846074356858,-0.16685414916514885,0.0,0.0,1779.9499999999857,-3.303689999999976,0.0,0.0,0.0,0.0,0.0,0.0,0.0,0.0,0.0,0.0,0.0,1256.089999999978,-0.09666209999999896,0.0,0.0,0.0,0.0,0.0,0.0,0.0,0.0,0.0,0.005090108756647331,0.37713180601131213,5730.354989528942,-245.54768309940584,0.0,4.349155853748766e-08,0.0,-8.511218322258472e-09,53.96459500461937,-0.03301090964828496,53.96459500461937,0.0,1.441496870413834,243.6692500297121,-0.975297506372061,4480.106102808102,5.905830845928037,0.0,-3.646345282103969e-17,0.0,1.0899039841501725e-14,-5.407125381175021,0.08956148854259613,-5.407125381175021,0.0,0.7892935425344696,998.9999999999966,2.413010142621822,2.3069969951670606,-9.427541215132873,gaze,0.5815908688968541,0.4416146992962844,5.973034129981988,18.24727167005247,516.8632891089449,27.9200473675526,0.20951044115961492,-35.19975182162636,-0.09123855813465503,0.12957608031158788,0.9640380379293797,4.2883187580417745,-30.435763208772755,-1.6375884479214706,-34.456369977053676,-0.10066017999369009,0.059520145293892684,0.9740788027007876,4.491703417241389,-5.399319392908962,-0.76468451886446,-34.517834626713565,-0.10026354581639081,0.10301948200405983,0.9671871182730155,4.400882959416835,62.36660239280674,False,0.769187099194438,imu,-2.4500338688,-9.8432024768,3.4022931264,-2.69905704,-55.14272126,20.17551506,69.71646410399242,-2.3536073496022163,-5.835875667843122
233.780413,0.37099238218186686,6.937731191082442,4464.353966712317,4.155271950188608,6.464543353131947,0.6477925574457668,-150.54926770561588,17971.318531147786,0.06276468420153924,0.6540712615457264,-2207.610433785768,0.46407295017250594,6.464543353131947,39130086.55764629,-20.512199625542866,-0.20897411710799296,65.07610776267144,-2.6126037151053794,0.2592276328225407,6.926948077009726,65.08226800858148,-150.52070557865238,-7027.500443883771,-26.76874034865544,0.0,0.5545823019118766,-367.2211513222953,-1052657844.4079587,-183.1139860357212,-0.16869322032296302,0.0,0.0,1779.9499999999862,-3.3036899999999765,0.0,0.0,0.0,0.0,0.0,0.0,0.0,0.0,0.0,0.0,0.0,1256.0899999999779,-0.09666209999999897,0.0,0.0,0.0,0.0,0.0,0.0,0.0,0.0,0.0,0.005063877215821817,0.3771342149918407,5730.38635240973,-245.67151258053624,0.0,4.4041522893880227e-08,0.0,-8.516964535280116e-09,53.96478009156131,-0.03299556385203643,53.96478009156131,0.0,1.441501443910596,252.35619782867815,-1.0190008267156696,4480.134777359165,5.866332960135704,0.0,-3.7270618493492447e-17,0.0,1.1132816305781928e-14,-5.928674325818896,0.09352469713450823,-5.928674325818896,0.0,0.5762532253069352,998.9999999999966,2.3717373012948393,2.315046807933963,-9.53793993249506,gaze,0.5806093598796118,0.4429268998857728,3.7337288179619676,10.34323676125767,468.83456705263853,27.93213057915521,0.17473290390692148,-35.17261372564524,-0.09044251959485133,0.12803264762094962,0.9643611900589503,4.286499684212699,-30.42157404825607,-1.6509504720689543,-34.44919177605432,-0.09939723216821532,0.05830040175130604,0.9743767086644304,4.488772755743432,-3.8190272963770484,-0.7745223870947681,-34.51475575170069,-0.09912095549979666,0.10169901497374988,0.9675164595937483,4.398186680967527,67.40861026126588,False,0.7833933541305236,imu,-2.3991908808,-9.7690315296,3.3664039584,-4.29163887,-49.08642416,17.52121201,69.88905284608848,-2.3501165090534952,-5.740601098175855
233.781681,0.37364637125871325,6.942344195246168,4464.3322338668695,4.148442020934005,6.475546789033963,0.6497377335572984,-150.49086450672087,17967.393404431758,0.0629573745884464,0.6560288914007676,-2221.926102121079,0.46376389377136995,6.475546789033963,39484474.021984614,-20.575981691904733,-0.2093886667386184,65.07343752316083,-2.6186244166378483,0.26163641327259834,6.931539634389336,65.07961358742357,-150.46036434755177,-7079.896588737312,-26.938984193605066,0.0,0.5564746334544688,-369.36147456577885,-1062373642.7556608,-184.12697203264668,-0.16897142639264223,0.0,0.0,1779.9499999999857,-3.303689999999976,0.0,0.0,0.0,0.0,0.0,0.0,0.0,0.0,0.0,0.0,0.0,1256.0899999999776,-0.09666209999999895,0.0,0.0,0.0,0.0,0.0,0.0,0.0,0.0,0.0,0.005059941871038101,0.37713457619319607,5730.3910631251465,-245.69010360970694,0.0,4.412479297211001e-08,0.0,-8.51782717230666e-09,53.96480786189385,-0.03299324374460394,53.96480786189385,0.0,1.4415021296129966,253.68016136840362,-1.0256179321203935,4480.13909691471,5.8604245353814015,0.0,-3.739284840191707e-17,0.0,1.1168209423059769e-14,-6.0075478906661886,0.09412475817067559,-6.0075478906661886,0.0,0.5439755677754867,998.9999999999965,2.3654743969000087,2.3162684475263253,-9.554463355540998,gaze,0.4970013492346558,0.4988608058760354,3.615023588628357,10.18313559636512,450.438052097101,29.43396836462144,-0.0736845907046395,-35.11110708935865,0.0276012347777682,0.0195658428890101,0.9994275109435328,4.336856365203857,-29.16724586142649,-1.657026842250373,-34.56860870240888,-0.0132592401810734,0.0259461532126991,0.999575404701058,4.571116924285889,-5.4498969389495455,-1.164384358393646,-34.454696530874344,0.0541533826171881,0.0663327801965318,0.9943038973936388,4.444288921356201,66.44728749807861,False,-1.0,imu,-1.0948242031439903,-9.34651654812979,3.327813317791537,-3.4218299748119123,-48.56993024018325,16.430320805892457,69.91463844523159,-2.349610186775003,-5.726292167406112
233.788859,0.3888007658089073,6.968356532022761,4464.209281329981,4.109571456347766,6.5381061013576645,0.6607954805293415,-150.15866641278046,17944.68637901242,0.06405545555619217,0.6671574959973111,-2304.3506731993357,0.46199116534885776,6.5381061013576645,41539328.339546,-20.93947484383639,-0.21174731657251636,65.05834198169573,-2.652901043618346,0.27539511951087114,6.957429954745879,65.06460828572826,-150.11699009486227,-7382.416054911468,-27.912692262338837,0.0,0.567265252830277,-381.68275946389633,-1118735118.6020575,-189.9375851254543,-0.1705567430756482,0.0,0.0,1779.9499999999857,-3.3036899999999765,0.0,0.0,0.0,0.0,0.0,0.0,0.0,0.0,0.0,0.0,0.0,1256.0899999999772,-0.09666209999999896,0.0,0.0,0.0,0.0,0.0,0.0,0.0,0.0,0.0,0.0050376777904959265,0.37713661868061976,5730.417740752997,-245.79534763789243,0.0,4.459965919250759e-08,0.0,-8.52271024811296e-09,53.96496498625734,-0.03298002951655383,53.96496498625734,0.0,1.4415060068387635,261.2736054471108,-1.063353448586803,4480.163621662372,5.827083777700276,0.0,-3.808997904417525e-17,0.0,1.1370033015286368e-14,-6.4568790806090774,0.0975467049902736,-6.4568790806090774,0.0,0.3598005017283512,998.9999999999968,2.32969020523074,2.323249137874127,-9.647749254556635,gaze,0.5796247044270219,0.44423408718239854,7.083638424828058,4.950045741062046,320.88104975667346,27.944256140011994,0.14139687475277535,-35.146459431279276,-0.08964262102676822,0.12649216363648408,0.9646857867474254,4.284691939586032,-30.407361836981217,-1.6643316728532553,-34.44192886059026,-0.09813341126208447,0.05708635236960964,0.9746757554777438,4.485836171383954,-2.6598042195140823,-0.7843953098486097,-34.51160008698599,-0.09797587872034902,0.10038129341634851,0.9678471392826081,4.395494936228584,67.93856103135961,False,0.7976131081215377,imu,-2.3160476416,-9.5907819952,3.3269258736,-5.70477486,-43.39649565,14.47063273,70.05781595315653,-2.346831506633586,-5.645285762444589
233.797305,0.40691783057701403,6.998740166487686,4464.064772386634,4.0633812116487,6.612307040085362,0.6739078769630008,-149.7643226888132,17916.885216896306,0.06536345985563714,0.6803540510818408,-2404.401249353079,0.4598545716447229,6.612307040085362,44065755.1506253,-21.372500715284005,-0.21454872310031015,65.04062616474278,-2.693657492930156,0.2918533384697014,6.987668687276193,65.04700016920837,-149.70904364074718,-7751.495050616726,-29.080316137056656,0.0,0.5801335598540345,-396.635780372352,-1188089319.3572326,-196.94263943919816,-0.1724449282718173,0.0,0.0,1779.9499999999848,-3.3036899999999743,0.0,0.0,0.0,0.0,0.0,0.0,0.0,0.0,0.0,0.0,0.0,1256.0899999999765,-0.09666209999999889,0.0,0.0,0.0,0.0,0.0,0.0,0.0,0.0,0.0,0.005011509250405713,0.377139017184397,5730.449154545193,-245.9191883480442,0.0,4.516603810796671e-08,0.0,-8.528455465885526e-09,53.965149697589375,-0.032964305080290295,53.965149697589375,0.0,1.4415105594165505,270.4258598396751,-1.1083611824273578,4480.192636420033,5.788086144269673,0.0,-3.892165368088111e-17,0.0,1.1610723244957164e-14,-6.991794157529519,0.10162803807796641,-6.991794157529519,0.0,0.13990482842909557,998.9999999999962,2.286858916706942,2.331605964784674,-9.75696416314121,gaze,0.5786371335396834,0.4455360365372327,2.9150562486499436,4.395301200931005,310.15580234372806,27.956421298871227,0.10945959987350089,-35.12126452876087,-0.08883909045455315,0.12495485572592786,0.9650117867552319,4.282895655001375,-30.39312983575169,-1.6777291749315935,-34.43458300974982,-0.09686896956769979,0.05587819905367148,0.9749758964864997,4.482893988279739,-1.825666236666807,-0.7943009820650682,-34.5083688589042,-0.09682858347491671,0.09906650918266942,0.9681791085460876,4.392808038757695,67.71122874899709,False,0.8118450320827181,imu,-2.156340844,-9.504647992000002,3.3113739008,-6.43751204,-38.08788955,11.3826689,70.22255252074562,-2.343752840137705,-5.550003138624263
233.801773,0.41662764853974066,7.01471380559386,4463.988397918925,4.0387468632567565,6.651819379864174,0.6808889553113662,-149.55419055876462,17901.69302035868,0.06606242566905775,0.6873799947722723,-2458.695739863857,0.4587020081506813,6.651819379864174,45451083.09564187,-21.60391791927085,-0.21604216646452856,65.0312756891965,-2.715404905038816,0.30067830775548265,7.003565086755524,65.03770733739023,-149.49151482241837,-7952.610291823228,-29.70767848296677,0.0,0.5870164969772748,-404.74959579678944,-1226144442.822266,-200.72291858650846,-0.17345383943846823,0.0,0.0,1779.9499999999855,-3.303689999999975,0.0,0.0,0.0,0.0,0.0,0.0,0.0,0.0,0.0,0.0,0.0,1256.089999999977,-0.09666209999999892,0.0,0.0,0.0,0.0,0.0,0.0,0.0,0.0,0.0,0.0049976779581374,0.37714028395119803,5730.465782974374,-245.9847033638168,0.0,4.5469014745555223e-08,0.0,-8.53149453252457e-09,53.96524734020899,-0.03295590931361445,53.96524734020899,0.0,1.441512963654476,275.36396468281373,-1.132437561620488,4480.208054630148,5.767558799574468,0.0,-3.936663708061324e-17,0.0,1.1739466451108162e-14,-7.277500928152271,0.10381126815617128,-7.277500928152271,0.0,0.022175410023020703,998.9999999999966,2.263880268823346,2.336089954254642,-9.814497587044663,gaze,0.5073421338868034,0.5086007552238626,-6.263894896893188,5.066295620196898,450.6400767624932,29.21428002612479,-0.1129186325741817,-35.11047887228064,-0.0071244675011324,0.0072678733013355,0.9999482086490786,4.292389869689941,-29.29824039568874,-1.806751713046357,-34.46616920565172,-0.0185054352706258,0.0175555377322537,0.9996746230451068,4.582428932189941,0.2225986931276754,-1.0250911043161688,-34.53362165134224,0.0340079312465823,0.0543276227714047,0.995567993736189,4.463581180572509,69.1582787656311,False,-1.0,imu,-1.0878938254639932,-9.347606289523133,3.3281791764905457,-5.065962504619692,-35.68949022221017,11.5816735191577,70.30800728081542,-2.342207810221401,-5.499635628793883
233.80575,0.4253440456234978,7.028873292324919,4463.920458532168,4.016703019831239,6.68714126337191,0.687128890809785,-149.36626138190877,17887.882149556885,0.06668869123922426,0.6936600668878194,-2507.8324624540196,0.4576630725877991,6.68714126337191,46713268.22770633,-21.811276023705535,-0.21737820443928169,65.02296569759439,-2.734871824868219,0.3086028198037283,7.017655479569049,65.0294490469017,-149.29688348825368,-8135.107073585972,-30.27178235546849,0.0,0.5931872475774782,-412.09249139711187,-1260832011.473359,-204.13170848839002,-0.17435775997620923,0.0,0.0,1779.9499999999846,-3.3036899999999734,0.0,0.0,0.0,0.0,0.0,0.0,0.0,0.0,0.0,0.0,0.0,1256.0899999999758,-0.09666209999999886,0.0,0.0,0.0,0.0,0.0,0.0,0.0,0.0,0.0,0.004985373453408489,0.3771414103272648,5730.480590048796,-246.04302012426132,0.0,4.5740662177575736e-08,0.0,-8.5341995136177e-09,53.96533421263696,-0.03294839086941516,53.96533421263696,0.0,1.4415151013259129,279.81627605337326,-1.154024423206086,4480.221818870346,5.749347491968729,0.0,-3.976566162066989e-17,0.0,1.1854891342776132e-14,-7.533409811163686,0.1057687312959511,-7.533409811163686,0.0,-0.08343784556277356,998.9999999999962,2.243238632038933,2.340118267000329,-9.86556679070352,gaze,0.5776469956556248,0.4468323713209812,-19.292611838631398,8.619186663827811,669.518224968927,27.96862185599479,0.078882463476876,-35.09700744169556,-0.08803225174705903,0.12342113188496419,0.9653391098382107,4.281111171600212,-30.378882990525156,-1.6911385173370759,-34.42715689626778,-0.09560430881583833,0.054676284378512005,0.9752770491896474,4.479946881338186,-1.2372362015930252,-0.8042359199033747,-34.50506369821261,-0.09567947381169288,0.09775500850337683,0.9685122789376961,4.390126619372842,69.37265967015436,False,0.8260861055066072,imu,-1.9661282536,-9.4591883792,3.3119720536,-6.58705024,-33.19799041,8.63116602,70.38305872450886,-2.3408813047479553,-5.454836175564679
233.814196,0.4440864562629764,7.058757759034315,4463.776307168013,3.9695220554456423,6.76263050329708,0.7004623727329014,-148.96436565390616,17857.633227811777,0.06803161646046342,0.7070794203785365,-2614.752893735085,0.45541578922005516,6.76263050329708,49486816.41003807,-22.255956040510448,-0.2202366360966582,65.00535972424836,-2.7765574878958086,0.3256500724113849,7.047392136129248,65.01195410392464,-148.88038009030726,-8533.7668531155,-31.487688530693603,0.0,0.6064309967519751,-428.07096464372967,-1337103707.0422528,-211.50995704012274,-0.17629590443246024,0.0,0.0,1779.949999999985,-3.3036899999999747,0.0,0.0,0.0,0.0,0.0,0.0,0.0,0.0,0.0,0.0,0.0,1256.089999999976,-0.09666209999999889,0.0,0.0,0.0,0.0,0.0,0.0,0.0,0.0,0.0,0.004959262969679336,0.37714379878357873,5730.512054694836,-246.16687237048947,0.0,4.6323738957725616e-08,0.0,-8.539943756848467e-09,53.965518584052646,-0.0329322815373176,53.965518584052646,0.0,1.4415196338626401,289.4515735990341,-1.2003598571671235,4480.251176630004,5.710861520817273,0.0,-4.062232332838382e-17,0.0,1.2102628795804808e-14,-8.08190937715991,0.10997029680779943,-8.08190937715991,0.0,-0.31031127681287884,998.9999999999964,2.1988089265801722,2.3487900718183976,-9.973577789364148,gaze,0.5766542873051798,0.4481231763371174,-50.819359388252245,15.548843550100816,1256.4453112957128,27.98085794688391,0.04961684153926682,-35.07365838796639,-0.08722214200515147,0.12189085464489738,0.9656677919517351,4.279338196945125,-30.364621181742567,-1.7045600070444074,-34.41965055919374,-0.09433938107464995,0.053480522977211176,0.9755792380118268,4.476994479675259,-0.8305007173771498,-0.8142001705500346,-34.50168506553876,-0.09452854526690083,0.09644667112717646,0.9688466803190754,4.387450356639749,73.7860584718505,False,0.8403383631817132,imu,-1.797449164,-9.431075197600002,3.312570206400001,-6.29545075,-28.77165969,6.29089319,70.53920300527881,-2.3382166572652845,-5.359832223678743
233.821754,0.4611267636636054,7.085282004901256,4463.647465222863,3.926876929426994,6.830734064199604,0.7124886143867033,-148.60149501837816,17829.480337947956,0.069248343267283,0.719183239040246,-2713.44975825012,0.4533574090463657,6.830734064199604,52078969.96832236,-22.65888766414581,-0.22281896728573797,64.98965553843293,-2.814258903030286,0.3411578805957226,7.0737828666151925,64.9963507055559,-148.5039998703395,-8903.585359253759,-32.59661853047767,0.0,0.6184434610359685,-442.822330947115,-1408444352.8012784,-218.27501034703107,-0.17805172051909202,0.0,0.0,1779.9499999999837,-3.303689999999972,0.0,0.0,0.0,0.0,0.0,0.0,0.0,0.0,0.0,0.0,0.0,1256.0899999999745,-0.0966620999999988,0.0,0.0,0.0,0.0,0.0,0.0,0.0,0.0,0.0,0.00493592077141072,0.3771459319956346,5730.540232735907,-246.27770796081379,0.0,4.685267980189108e-08,0.0,-8.545083652145709e-09,53.96568343797874,-0.032917700779790796,53.96568343797874,0.0,1.4415236816332528,298.28423671322014,-1.2423938283841784,4480.277594046108,5.6766424011966645,0.0,-4.139966009979258e-17,0.0,1.2327349027230128e-14,-8.578568064959605,0.11378174907431177,-8.578568064959605,0.0,-0.5163281472997028,998.9999999999957,2.158360269502893,2.3566861769285827,-10.069715976695399,gaze,0.5209522175375472,0.506795547286832,-68.28161600629754,21.85728487255468,1602.654303756736,28.80194747000815,-0.1741559738352139,-35.05103297727898,-0.0580284261502121,0.0180273769199887,0.99815215044597,4.1274733543396,-29.3397398123753,-1.745424914371042,-34.54671361821129,-0.0249219906979792,0.0098035787762002,0.9996413277885368,4.56205940246582,0.1071087377266678,-1.1247851030804985,-34.54357388710847,0.0165405725553433,0.0362288032026995,0.9973210124812332,4.421301937103271,78.12243834124547,False,-1.0,imu,-1.0811021744189915,-9.348809922310211,3.328140383824716,-6.226363964635474,-25.38765574875122,6.954777738698504,70.67508938420237,-2.336008202133429,-5.275020361763792
233.822642,0.4631455930371292,7.088384657744007,4463.632336979475,3.921840027042812,6.838769962519535,0.7139074868723139,-148.55865979078607,17826.104042178486,0.06939223336640024,0.720611271877661,-2725.235945224407,0.45311261705030603,6.838769962519535,52390517.07689855,-22.70654079362092,-0.2231238910888438,64.9878136950021,-2.8187133358699916,0.3429956842933356,7.0768697549391835,64.99452079302935,-148.45954990615928,-8947.861806906374,-32.728213060210976,0.0,0.6198648702085734,-444.58409040244044,-1417022239.9539046,-219.08004827362862,-0.17825935107647434,0.0,0.0,1779.9499999999837,-3.303689999999973,0.0,0.0,0.0,0.0,0.0,0.0,0.0,0.0,0.0,0.0,0.0,1256.0899999999747,-0.09666209999999884,0.0,0.0,0.0,0.0,0.0,0.0,0.0,0.0,0.0,0.004933179650402195,0.37714618237770153,5730.5435447486025,-246.2907305014155,0.0,4.6915272778916756e-08,0.0,-8.545687520608304e-09,53.96570279896977,-0.032915977371028415,53.96570279896977,0.0,1.4415241567094652,299.3352058844273,-1.2473680201495518,4480.280706960764,5.672635722297329,0.0,-4.1491660889489796e-17,0.0,1.235394076024373e-14,-8.637284475828096,0.11423278226566705,-8.637284475828096,0.0,-0.5407202529470965,998.9999999999959,2.1535647439603256,2.3576224080984627,-10.080979170001415,gaze,0.5756593565838735,0.4494080768055553,-68.88366032208349,21.54521061930658,1617.5179135332207,27.993125374020902,0.02162581247096049,-35.05119660739094,-0.08640908480111928,0.12036443075440494,0.9659977526914157,4.2775770728574,-30.35034934641123,-1.7179891919397454,-34.412066680026996,-0.09307458726801737,0.05229125547259473,0.9758823803378621,4.474037460487954,-0.5553655908543335,-0.8241902536822195,-34.49823459962327,-0.09337620128352109,0.09514184211686925,0.969182224146604,4.384779881966386,79.43632518942448,False,0.8545987770439056,imu,-1.6323589912,-9.382624820800002,3.3646095,-5.99637435,-24.9659125,4.61606535,70.69081165993218,-2.335759656218643,-5.265070657227873
233.831088,0.4825241621379851,7.117748623710314,4463.48854955978,3.873653126813034,6.915563683181453,0.727464959882262,-148.1491211086592,17793.2561274115,0.07077069652015733,0.7342563542663645,-2839.368427610004,0.4507531946266564,6.915563683181453,55428896.36082808,-23.163082201449736,-0.22604017674383386,64.97033099484662,-2.8613430940788147,0.36064222094484466,7.106082960820311,64.9771525145912,-148.0343606892189,-9377.832030901609,-33.993676594630514,0.0,0.633490473444091,-461.64683898780163,-1500716836.4684792,-226.84552676893816,-0.1802483155839236,0.0,0.0,1779.949999999984,-3.303689999999974,0.0,0.0,0.0,0.0,0.0,0.0,0.0,0.0,0.0,0.0,0.0,1256.0899999999747,-0.09666209999999881,0.0,0.0,0.0,0.0,0.0,0.0,0.0,0.0,0.0,0.00490712224509101,0.37714856121811335,5730.575060196186,-246.41459459508073,0.0,4.751533592505067e-08,0.0,-8.551430810162451e-09,53.96588686641839,-0.032899476776296496,53.96588686641839,0.0,1.4415286700885401,309.4717793992207,-1.295054847133477,4480.310410571492,5.634673000188988,0.0,-4.237379629009081e-17,0.0,1.2608861293071423e-14,-9.19959074216844,0.11855672490944094,-9.19959074216844,0.0,-0.7746959644613618,998.9999999999961,2.1074958303346083,2.3666173193946403,-10.18776581383405,gaze,0.5746624344155901,0.45068685309555606,-64.385855656318,21.946475894453393,1509.0317737085265,28.005421382196158,-0.0051304871045891685,-35.0295987626711,-0.08559330834499257,0.11884208425458437,0.9663289501796168,4.275827928776114,-30.336070730962568,-1.7314232115468977,-34.40440707438883,-0.09181017813202594,0.051108678397632445,0.976186429042785,4.4710761536823735,-0.3735065669328618,-0.8342038643389885,-34.494713560222394,-0.09222270907815601,0.09384071022405412,0.9695188611445205,4.382115508831156,81.93673196756724,False,0.8688660004869379,imu,-1.477437416,-9.4005694048,3.4070783488,-5.480467559999999,-21.63121064,3.33003683,70.83774504626565,-2.3335106770696457,-5.170617771729003
233.839533,0.5022225302803252,7.146840824515281,4463.344963500813,3.8249633243562435,6.99300651427966,0.7411338966271324,-147.73577604093794,17759.054450790398,0.07216699489811258,0.7480137681354362,-2957.224345237498,0.4483374491892653,6.99300651427966,58606199.424938574,-23.625577337903145,-0.22898535085430485,64.95291709595965,-2.904445374124446,0.37859011608943394,7.135022928987447,64.95985474239933,-147.6048311621953,-9824.07199581843,-35.28424805954121,0.0,0.6473077723469184,-479.2723420716968,-1588309131.081105,-234.80902356109706,-0.1822627747749435,0.0,0.0,1779.949999999984,-3.3036899999999734,0.0,0.0,0.0,0.0,0.0,0.0,0.0,0.0,0.0,0.0,0.0,1256.0899999999742,-0.09666209999999884,0.0,0.0,0.0,0.0,0.0,0.0,0.0,0.0,0.0,0.0048810925789546464,0.3771509351329036,5730.606597287657,-246.53845006340418,0.0,4.81239285073494e-08,0.0,-8.557172950892511e-09,53.96607077369692,-0.03288278013953484,53.96607077369692,0.0,1.4415331736902681,319.8647102561493,-1.3434205365216034,4480.34028462485,5.596980720297058,0.0,-4.326874547187351e-17,0.0,1.2867393817413605e-14,-9.76881627394524,0.1229421418313246,-9.76881627394524,0.0,-1.0122414218458324,998.9999999999962,2.0605974553338235,2.3757757710390175,-10.293920043614614,gaze,0.5736638699411849,0.45195913666610743,-54.61259759339508,13.35947703944911,1180.3069266136176,28.01774175608888,-0.030688211434624163,-35.00884427309623,-0.08477513780511416,0.11732421773245108,0.9666613029662772,4.274091098670642,-30.321790267843486,-1.7448576196482066,-34.39667448626171,-0.09054655349121654,0.04993312562917017,0.9764913007482613,4.4681112418056435,-0.25661153209146675,-0.8442375094107721,-34.491123644026274,-0.09106847227149861,0.0925436167006641,0.9698565018906969,4.3794578648634985,75.46149690279425,False,0.8831369925819591,imu,-1.4307814976,-9.4502160872,3.435789683200001,-4.97951459,-18.70026192,2.64963802,70.9798614416775,-2.3314702936169467,-5.0765491706381605
233.841846,0.5076742613241263,7.154761364364561,4463.305669101395,3.8115384499072427,7.014332678389774,0.7448975009346388,-147.62188954564192,17749.444872553693,0.07255258720796162,0.7518017594425999,-2990.1675769551084,0.4476658791613435,7.014332678389774,59501350.86222391,-23.75330501574001,-0.22979713146582836,64.94815970062862,-2.9163344575000023,0.38355913895116367,7.142901512478254,64.95512945483104,-147.486417157686,-9949.199771852966,-35.64217155630615,0.0,0.6511261260729462,-484.2003566480199,-1612999237.0286708,-237.025326406183,-0.18281903198925395,0.0,0.0,1779.9499999999844,-3.303689999999974,0.0,0.0,0.0,0.0,0.0,0.0,0.0,0.0,0.0,0.0,0.0,1256.0899999999745,-0.09666209999999881,0.0,0.0,0.0,0.0,0.0,0.0,0.0,0.0,0.0,0.004873967451094138,0.3771515845284715,5730.615239402382,-246.57237388627422,0.0,4.829212579586421e-08,0.0,-8.558745584024804e-09,53.96612112110256,-0.0328781723481958,53.96612112110256,0.0,1.4415344055984272,322.75678010666735,-1.3567876085816921,4480.3484972656315,5.586703966332664,0.0,-4.351613277219484e-17,0.0,1.2938843157383979e-14,-9.925947433698063,0.12415414785532358,-9.925947433698063,0.0,-1.077934427514876,998.9999999999964,2.047605445826182,2.3783131663858876,-10.322885815383636,gaze,0.5238046442712662,0.5111411742374284,-53.89219153052238,9.45252382324322,1107.489227194745,28.73316876703466,-0.2016118698300879,-35.01300109058979,-0.0697999907804416,0.0161330315449757,0.9974305422335028,4.099210262298584,-29.38950067307148,-1.888583379286549,-34.44754783513459,-0.0237895652958196,0.0022018749660173,0.9997145634278166,4.557192802429199,-0.0526727355068,-1.018372403388892,-34.69780405266622,-0.0103008706641221,0.0226498369235097,0.9987559672430932,4.411244201660156,72.40789930676998,False,-1.0,imu,-1.0743799582292426,-9.35013905042691,3.327699935442401,-6.700094967970269,-17.678615736477454,2.8712400950165393,71.01793341545567,-2.3309478369253447,-5.05085814677547
233.847979,0.5222480930045955,7.1756627079019495,4463.201546404978,3.7757552444138405,7.071120870593823,0.7549182678992216,-147.3185039002127,17723.451046601054,0.07358161538118563,0.761887511514427,-3078.9211701800627,0.44586444575065665,7.071120870593823,61927912.96855522,-24.094188205701393,-0.2319603201280941,64.93557131748304,-2.9480341459723354,0.3968462086581608,7.163691060602215,64.94262683864102,-147.17082704948334,-10287.143908028778,-36.60055893332259,0.0,0.6613216606809246,-497.4803101551121,-1679955149.51823,-242.97605178652125,-0.18430342381483178,0.0,0.0,1779.9499999999832,-3.3036899999999716,0.0,0.0,0.0,0.0,0.0,0.0,0.0,0.0,0.0,0.0,0.0,1256.089999999973,-0.09666209999999874,0.0,0.0,0.0,0.0,0.0,0.0,0.0,0.0,0.0,0.004855083226772019,0.37715330479363485,5730.638163477721,-246.66232631741846,0.0,4.874126774410201e-08,0.0,-8.562915308023433e-09,53.96625457346421,-0.03286588189597356,53.96625457346421,0.0,1.441537668805361,330.52117757065764,-1.3924825397116327,4480.370336907866,5.559552888857226,0.0,-4.4176843756648814e-17,0.0,1.3129634008404532e-14,-10.345152073914171,0.12739061447841843,-10.345152073914171,0.0,-1.2534443954879606,998.9999999999956,2.012848099555855,2.385102007580037,-10.399461830556927,gaze,0.5726636572914732,0.4532250119826918,-57.52562636887981,-0.474119532744253,1018.556397107007,28.0300866594397,-0.05509177529573715,-34.98890558185081,-0.08395460743617696,0.11581069384586655,0.966994847595579,4.272366299792413,-30.307507810461335,-1.7582927483665574,-34.388868916352195,-0.08928366376723178,0.04876451235575616,0.976797020334339,4.4651423551863045,-0.18448121790036,-0.854291263107634,-34.48746527582539,-0.08991348402318983,0.09125044135080466,0.9701951768718554,4.3768066337411415,58.140240627110934,False,0.8974137783308539,imu,-1.309954632,-9.471749588000002,3.4776603792,-4.90474549,-16.15811252,1.94680848,71.11708344709032,-2.32963833609339,-4.982905248247088
233.856425,0.542601279896549,7.204205331278928,4463.058316900466,3.726030759254158,7.149901711891362,0.768817199057743,-146.89733054750513,17686.40930278611,0.07501455074315017,0.7758767056506475,-3204.536134521975,0.4433341033702535,7.149901711891362,65398509.83309248,-24.568913153046,-0.23496494774137922,64.91829919844545,-2.9921081153737634,0.41541099165776874,7.192078420433798,64.92547434432188,-146.73236624298784,-10767.46082117806,-37.942786390635646,0.0,0.6755321434836609,-516.284515314009,-1775783135.0351737,-251.34934965367773,-0.18637024502402633,0.0,0.0,1779.9499999999832,-3.303689999999972,0.0,0.0,0.0,0.0,0.0,0.0,0.0,0.0,0.0,0.0,0.0,1256.0899999999733,-0.09666209999999872,0.0,0.0,0.0,0.0,0.0,0.0,0.0,0.0,0.0,0.004829096006175754,0.3771556700287491,5730.669755019279,-246.78620877050278,0.0,4.936735558205343e-08,0.0,-8.568657206950867e-09,53.96643825307915,-0.0328487823919735,53.96643825307915,0.0,1.4415421551251726,341.44474066728696,-1.4422411994034776,4480.400564607131,5.522396932687418,0.0,-4.509811002697761e-17,0.0,1.339558611775405e-14,-10.928587637364451,0.1319021730069113,-10.928587637364451,0.0,-1.4983086504668321,998.9999999999959,1.964242772763562,2.394597046317579,-10.504373372946658,gaze,0.5716621450469642,0.4544841125898058,-63.389699870325025,-5.104990366217674,1100.167618953173,28.042451881664974,-0.078375708988758,-34.96976289538265,-0.08313204186964102,0.11430191373834472,0.9673295024730406,4.270653866655552,-30.29322827914828,-1.771724163329956,-34.38099311597585,-0.08802190776070504,0.047603170278720366,0.9771035043315883,4.462170178457785,-0.14325736890279214,-0.8643616382938303,-34.48374015907202,-0.08875814709307006,0.08996152409021989,0.9705347965939937,4.374162443392554,36.609116333728544,False,0.9116933092580329,imu,-1.2226243232,-9.457992073600002,3.4824456016,-5.293544809999999,-13.85522424,1.16173293,71.24929665379096,-2.3280153407367825,-4.8897580303232155
233.856876,0.5436973678740327,7.205721491738371,4463.05067403018,3.723360969917172,7.15412727953092,0.7695626112005616,-146.87473054702082,17684.390100997407,0.07509158484505274,0.7766269628386334,-3211.355697961078,0.4431973683487145,7.15412727953092,65588115.02464203,-24.59443551984468,-0.2351262272140517,64.91737903976653,-2.994475298864227,0.4164110470761302,7.1935862473988985,64.92456062289088,-146.7088273121537,-10793.602895727567,-38.01519398919278,0.0,0.6762965163254023,-517.305701250926,-1781020489.6490104,-251.80234002740156,-0.18648134958811904,0.0,0.0,1779.949999999983,-3.3036899999999716,0.0,0.0,0.0,0.0,0.0,0.0,0.0,0.0,0.0,0.0,0.0,1256.0899999999729,-0.09666209999999875,0.0,0.0,0.0,0.0,0.0,0.0,0.0,0.0,0.0,0.00482770893705139,0.377155796205363,5730.671442658983,-246.79282402882515,0.0,4.9401034929652353e-08,0.0,-8.5689638004213e-09,53.96644805801127,-0.032847863619984416,53.96644805801127,0.0,1.4415423944429246,342.03564246242075,-1.4449179249990851,4480.402183654874,5.52042058014896,0.0,-4.5147676601777295e-17,0.0,1.3409892510514699e-14,-10.959942733851278,0.13214486629204372,-10.959942733851278,0.0,-1.5114875109381174,998.9999999999959,1.9616230655619287,2.395108850971866,-10.509957619779083,gaze,0.5716086341196007,0.45455115145548575,-63.2806059204293,-4.769420222449045,1107.80866134749,28.04311267900727,-0.07958825011139745,-34.96876267622072,-0.083088065610571,0.11422148546969672,0.9673474028026148,4.270562776293504,-30.2924659242684,-1.7724412157164937,-34.38057062385024,-0.08795456911226357,0.04754136504206233,0.9771198905666534,4.462011383901436,-0.141728721934436,-0.8648998000037494,-34.48353939257972,-0.08869644965431293,0.08989282173715155,0.9705529572426508,4.37402145279974,35.5533924852329,False,0.9124558594722539,imu,-1.069425217898624,-9.351210107127393,3.327109450523358,-6.5331970832182815,-13.40142436530706,0.3072552565800474,73.5239548,-2.166808400000009,-3.826942400000011
233.861827,0.5557920855007085,7.222312013599532,4462.96680746282,3.6939547815134457,7.200640719527927,0.777767263508746,-146.6258950295079,17661.94447818154,0.07594072169673854,0.7848849716837552,-3286.975526130258,0.4416854819129533,7.200640719527927,67698621.34509967,-24.87577405466782,-0.23690233394857652,64.90729231398174,-3.020553663530543,0.4274479533941198,7.210084999746444,64.9145448957861,-146.44957794966828,-11083.92820844919,-38.81500692910326,0.0,0.6847249014152915,-528.6315988995245,-1839331921.2725868,-256.81471492367757,-0.18770599350134337,0.0,0.0,1779.9499999999832,-3.3036899999999725,0.0,0.0,0.0,0.0,0.0,0.0,0.0,0.0,0.0,0.0,0.0,1256.0899999999729,-0.09666209999999877,0.0,0.0,0.0,0.0,0.0,0.0,0.0,0.0,0.0,0.0048124857874992984,0.37715718054622155,5730.68997402495,-246.86544637103805,0.0,4.977241808213911e-08,0.0,-8.572329445865992e-09,53.9665556744557,-0.03283773939549355,53.9665556744557,0.0,1.4415450200352395,348.57364638039974,-1.4744345519337596,4480.419990330113,5.498776174149903,0.0,-4.569430720370986e-17,0.0,1.3567649507191544e-14,-11.305497606633104,0.13482106410652672,-11.305497606633104,0.0,-1.656856467020571,998.9999999999961,1.9327014688456874,2.4007594848289093,-10.571141163232662,gaze,0.5234966698636712,0.515898617017472,-57.10639032245563,3.431956450550619,1188.477516101726,28.80239537439203,-0.0810238544223365,-35.13540712132082,-0.0689590631548101,0.008211686202159,0.9975856934712568,4.324875831604004,-29.42925991841082,-1.995639611749797,-34.36563129901187,-0.0237092059576209,-0.0009254585583567,0.9997184689097808,4.531779766082764,-0.1638226658791762,-0.9736821382070578,-34.78156978112472,-0.0280496150211946,0.0123787496986282,0.999086849361564,4.39853835105896,24.84818037924568,True,2.0,imu,-1.0678074137604552,-9.35157715706616,3.326866341934357,-6.380341302387199,-12.221498335456719,-0.43902553198840133,71.33119372683545,-2.32708696816627,-4.830469504418112
233.864871,0.5632848462842784,7.232463173735824,4462.915276609211,3.6757859873147165,7.229353145487736,0.7828314308811627,-146.47223306982,17647.88792158384,0.07646595886081664,0.7899820976641728,-3334.1616089842346,0.4407460576832385,7.229353145487736,69022937.97584257,-25.049805217891354,-0.23799944484084135,64.9011042413316,-3.036671082365335,0.434287076976817,7.2201794769467895,64.90840077763326,-146.2894158782163,-11265.49607893742,-39.31126156002324,0.0,0.6899408585763502,-535.7010731153957,-1875934590.4002104,-259.9326285501366,-0.18846345895925198,0.0,0.0,1779.9499999999832,-3.303689999999972,0.0,0.0,0.0,0.0,0.0,0.0,0.0,0.0,0.0,0.0,0.0,1256.0899999999724,-0.09666209999999875,0.0,0.0,0.0,0.0,0.0,0.0,0.0,0.0,0.0,0.0048031296458363095,0.377158030948516,5730.70137189803,-246.91009750217947,0.0,5.000226593062632e-08,0.0,-8.57439865307856e-09,53.966621821724175,-0.03283148000026172,53.966621821724175,0.0,1.4415466328759103,352.64023090966407,-1.4927025763478354,4480.430968438051,5.485515814261307,0.0,-4.603266907666677e-17,0.0,1.3665284992950431e-14,-11.51917973321435,0.13647736604004068,-11.51917973321435,0.0,-1.746866030732381,998.9999999999962,1.9147709003378175,2.404262995513048,-10.608649450465036,gaze,0.5706595634004203,0.4557362245555249,-48.45098377195656,13.05475012750792,1222.889277609875,28.054834671240137,-0.10057690645914341,-34.95139425431067,-0.08230766880463372,0.11279809751915336,0.9676652251542501,4.268953926905916,-30.27895489655998,-1.7851490276233197,-34.37304893270428,-0.08676153397989393,0.04644928992634791,0.9774107052349945,4.459195046596455,-0.12351168018416361,-0.8744463372032949,-34.47994958330833,-0.08760272715310156,0.08867705005586694,0.9708753113962788,4.371525606338021,21.262219218276435,True,0.9259742225310835,imu,-1.2058760448,-9.3269966104,3.490221588,-5.92160525,-12.1056273,0.2046884499999999,71.37641719944456,-2.326601558504141,-4.797166560932549
233.873321,0.5843115926546902,7.260443850689862,4462.772359552784,3.6249928596594874,7.309517403074026,0.7969684273687239,-146.04298436410795,17607.825550948037,0.07793669909005277,0.804211201740886,-3467.9557021911437,0.4380986765930661,7.309517403074026,72808083.96940291,-25.53714989698565,-0.24106548206856487,64.88398189264477,-3.0817483214237478,0.45348625127570064,7.248001759541285,64.89140165962465,-145.8417299367984,-11781.980400966484,-40.70698526042119,0.0,0.7045564181088694,-555.7560368041948,-1980604803.9196525,-268.73385961054584,-0.19058429769073862,0.0,0.0,1779.9499999999825,-3.3036899999999694,0.0,0.0,0.0,0.0,0.0,0.0,0.0,0.0,0.0,0.0,0.0,1256.0899999999717,-0.09666209999999865,0.0,0.0,0.0,0.0,0.0,0.0,0.0,0.0,0.0,0.004777170585238511,0.3771603887788168,5730.733029091221,-247.03405127020082,0.0,5.064638013283935e-08,0.0,-8.580142370659676e-09,53.96680537548716,-0.03281396474532494,53.96680537548716,0.0,1.4415511043995728,364.1180363246613,-1.543897165867521,4480.461563642592,5.448895241890032,0.0,-4.698109856409505e-17,0.0,1.3938896101575346e-14,-12.117270252554576,0.14111895755403978,-12.117270252554576,0.0,-1.9992689124250589,998.9999999999955,1.8643977720567761,2.414106680798162,-10.712333746034943,gaze,0.5696556668797508,0.45698172332568787,-13.085138452246875,47.327311017461895,1237.4140883000596,28.067238153301986,-0.12174131178377244,-34.933769870008845,-0.08148132419636574,0.11129875573418209,0.9680021327831716,4.26726581158037,-30.26468412526807,-1.7985708624446903,-34.36503441206494,-0.08550219455920474,0.045302519218095375,0.9777187214161474,4.456215884912917,-0.1184773806462809,-0.8845478492446335,-34.47609300436752,-0.08644694233750613,0.08739659839422942,0.9712168333963225,4.368895191418551,16.154078123016152,True,0.9402619146553297,imu,-1.172379488,-9.2067678976,3.5267089088,-6.36274294,-10.42332255,-0.8420789499999999,71.4984308360271,-2.3253966881576034,-4.70514465374713
233.881772,0.6056771339856654,7.288131562271357,4462.629618279312,3.5736650192068637,7.39037076955452,0.8112240215572536,-145.60971025886982,17566.19224969158,0.07942642560773461,0.8185598254281725,-3605.969915144768,0.4353924820593189,7.39037076955452,76757918.72927037,-26.0308333756525,-0.24416221099696456,64.86694187007507,-3.127328109937567,0.4730046162647724,7.275529512483828,64.87448668171054,-145.3894301182719,-12317.237734596383,-42.12982250989856,0.0,0.7193754672294737,-576.4595731499799,-2089908653.8997457,-277.75390980211057,-0.19273225524820992,0.0,0.0,1779.9499999999812,-3.303689999999969,0.0,0.0,0.0,0.0,0.0,0.0,0.0,0.0,0.0,0.0,0.0,1256.0899999999706,-0.09666209999999863,0.0,0.0,0.0,0.0,0.0,0.0,0.0,0.0,0.0,0.004751226774128274,0.3771627427901694,5730.764715367611,-247.1580261533457,0.0,5.129955225133825e-08,0.0,-8.585886325588955e-09,53.96698885838482,-0.032796241017575986,53.96698885838482,0.0,1.4415555683298487,375.8792810019762,-1.595813555191935,4480.492340235404,5.4125514602145515,0.0,-4.7943200084210013e-17,0.0,1.421636096121261e-14,-12.722710688455841,0.145825911842544,-12.722710688455841,0.0,-2.2554632148917833,998.9999999999952,1.8131297399587236,2.424126905231229,-10.815383600258857,gaze,0.5686510410738126,0.45821994917584663,12.148535663270293,71.61904113370498,1186.954648060465,28.079655186528075,-0.14189598123798047,-34.916875352738984,-0.08065352753672907,0.10980464353676919,0.9683400638939917,4.265590258009964,-30.25042425212385,-1.8119820682636825,-34.35695420494074,-0.08424458555758724,0.044163459652899646,0.9780273963831138,4.453234086512986,-0.12291412010948481,-0.894660303867732,-34.47217303945733,-0.08529146815049786,0.08612081122116892,0.9715591922039047,4.366272451491616,16.332775184540008,True,0.9545499406003409,imu,-1.2010908224,-9.0967077824,3.4920160464,-6.60948097,-9.01766347,-1.88884635,71.6152315496933,-2.3244015316575664,-4.613780997455109
233.881918,0.6060492183016495,7.2886072599575815,4462.627153975315,3.572773606858954,7.391773594275505,0.8114713340377091,-145.60218992408602,17565.45897055883,0.07945232848134143,0.8188087531357745,-3608.391773578681,0.43534521341977817,7.391773594275505,76827630.70259112,-26.03941779773444,-0.24421597806676623,64.86664824807437,-3.1281199414053384,0.4733446174100351,7.276002433069199,64.87419523589604,-145.38157588133663,-12326.652250818133,-42.15464235409385,0.0,0.7196332648902519,-576.8230275813889,-2091838494.021503,-277.91167719027294,-0.19276960093041523,0.0,0.0,1779.9499999999825,-3.3036899999999707,0.0,0.0,0.0,0.0,0.0,0.0,0.0,0.0,0.0,0.0,0.0,1256.0899999999715,-0.0966620999999987,0.0,0.0,0.0,0.0,0.0,0.0,0.0,0.0,0.0,0.00475077872063282,0.37716278342286375,5730.7652630042585,-247.16016800823726,0.0,5.131091586663652e-08,0.0,-8.58598555465547e-09,53.96699202748812,-0.03279593299779081,53.96699202748812,0.0,1.4415556453789624,376.0849773916523,-1.5967167921214134,4480.492873500176,5.411926071025498,0.0,-4.795994132042072e-17,0.0,1.422118825221898e-14,-12.73323462310421,0.1459078023374199,-12.73323462310421,0.0,-2.259922490401234,998.9999999999957,1.812236154510293,2.424301569145917,-10.817158181452855,gaze,0.496053413223453,0.4665767348814229,12.32330093899157,72.33485853153984,1185.833668501552,29.30398286858298,-2.520176117888346,-32.46677330172455,0.0499653225960722,0.1227020625761879,0.9911849829256998,3.479068517684937,-29.51918698793659,-2.081024765912161,-34.2907743602476,-0.0296679977143178,-0.0008364057815813,0.9995594581299264,4.518731594085693,-0.2120153281340318,-1.2607310832916072,-34.489352968145184,-0.0274540819926887,0.020014115767918,0.9982610019026674,4.307521033287048,17.13771182800429,True,2.0,imu,-1.061317676722216,-9.353138220468544,3.3256343267301975,-5.316827259035492,-8.3548621478157,-2.9747872692752706,71.61720318140848,-2.32438618441518,-4.612208793209218
233.890223,0.6273817990892397,7.31551733055968,4462.487071359966,3.521804501515616,7.471907962012453,0.8255973001248798,-145.17243819336056,17522.949106365908,0.08093512613799159,0.8330270509972316,-3748.2854842565307,0.4326274167454246,7.471907962012453,80877289.94774488,-26.530852330450855,-0.24728948498139441,64.84998980275985,-3.1734090060232303,0.49284257012289556,7.302753765719752,64.85766147452938,-144.93253574366724,-12871.708005609657,-43.57994941523228,0.0,0.7343979533834802,-597.8263780716154,-2203985367.7912045,-286.995596043895,-0.19490730687823382,0.0,0.0,1779.949999999981,-3.3036899999999685,0.0,0.0,0.0,0.0,0.0,0.0,0.0,0.0,0.0,0.0,0.0,1256.0899999999704,-0.09666209999999859,0.0,0.0,0.0,0.0,0.0,0.0,0.0,0.0,0.0,0.004725299996056441,0.37716509281514393,5730.796426967669,-247.28200756369068,0.0,5.1961781861143794e-08,0.0,-8.591629843628758e-09,53.9671722580052,-0.03277830922248802,53.9671722580052,0.0,1.4415600243668167,387.9276355796412,-1.6484518947502227,4480.523295327855,5.376491831764309,0.0,-4.891898933916894e-17,0.0,1.449768292564854e-14,-13.33548841855783,0.1505982416443611,-13.33548841855783,0.0,-2.5154516850596984,998.9999999999952,1.7609618756413639,2.434324675434299,-10.917781398229927,gaze,0.5676460343636978,0.4594505446974417,4.49212247065271,68.25570682611718,1166.735651546303,28.09208155525619,-0.16107314430059588,-34.90069184584399,-0.07982460379040525,0.10831615582256753,0.9686789357769572,4.263927592988471,-30.2361801709233,-1.82537823755517,-34.34881112774475,-0.08298910294464498,0.04303243333805089,0.9783366459075724,4.450250342720972,-0.1327772365293239,-0.9047802145188301,-34.46819145303088,-0.08413670586785088,0.08485002275754662,0.9719022974767438,4.363658010086735,15.298962433154836,True,0.9688352328917482,imu,-1.2106612672,-9.0344998912,3.487230824,-6.45994277,-7.769019500000001,-2.84589083,71.7267588979788,-2.3236164004059146,-4.52314017344648
233.898674,0.6494283978023793,7.342595466500805,4462.344720448583,3.4694073435338435,7.55413316088591,0.8400890194689654,-144.73114498540338,17478.051817242755,0.08246296219207899,0.8476136413142411,-3895.000686376341,0.4298031127385741,7.55413316088591,85171595.93417063,-27.037261026770402,-0.25044751940436405,64.83312931862142,-3.2199948920915427,0.5130027762184437,7.329668819358891,64.84092968206414,-144.4710132651699,-13445.899919550826,-45.05770835901764,0.0,0.7496255500013991,-619.8737843288045,-2322989560.936734,-296.4628071470789,-0.19710967847513744,0.0,0.0,1779.9499999999812,-3.3036899999999685,0.0,0.0,0.0,0.0,0.0,0.0,0.0,0.0,0.0,0.0,0.0,1256.08999999997,-0.0966620999999986,0.0,0.0,0.0,0.0,0.0,0.0,0.0,0.0,0.0,0.004699388955923131,0.3771674389660587,5730.828163876696,-247.40599558239484,0.0,5.263314464828779e-08,0.0,-8.597372930333129e-09,53.96735558370425,-0.032760167696485334,53.96735558370425,0.0,1.441564472741277,400.26817071523527,-1.701818383339437,4480.554429643198,5.34071938365971,0.0,-4.9908594187742374e-17,0.0,1.4782897704998485e-14,-13.955661459942277,0.1554365080772671,-13.955661459942277,0.0,-2.7792668846674538,998.9999999999952,1.7078832595675593,2.444702169214061,-11.019521807662615,gaze,0.5666408759625948,0.4606733019716598,-22.854381617046215,47.40520109158725,1185.216306702456,28.10451451442609,-0.1793068876794979,-34.885198695683506,-0.07899477985072981,0.10683350854509896,0.9690187054156904,4.26227794219788,-30.22195507679627,-1.8387565606894039,-34.34060705875744,-0.08173599276454363,0.04190962448855563,0.9786464221101344,4.447264993468915,-0.1450793004843007,-0.9149052936705326,-34.46414956312769,-0.08298291931951046,0.0835844143302712,0.9722460991772721,4.361052178438479,11.522052817977984,True,0.9831164113127216,imu,-1.1532385984,-8.984255056000002,3.4650991704,-5.96646671,-6.49046789,-3.72816621,71.83297927396849,-2.32304141885755,-4.4332739945311825
233.901899,0.6579323672022547,7.35284650290596,4462.290449702259,3.4492696763831336,7.585693503917465,0.8456506105452365,-144.56167744562856,17460.473019696074,0.08305108066819551,0.8532116811943103,-3952.1695709167384,0.4287096318426894,7.585693503917465,86857619.11142251,-27.232208349532964,-0.25166081641073157,64.82672006923677,-3.2379065497460955,0.5207816570603754,7.33985720622479,64.83457002912557,-144.2936638062776,-13670.325270765803,-45.628994853763714,0.0,0.7554910009717282,-628.4704321366746,-2369734868.067403,-300.1358794014846,-0.19795737869261298,0.0,0.0,1779.9499999999807,-3.3036899999999685,0.0,0.0,0.0,0.0,0.0,0.0,0.0,0.0,0.0,0.0,0.0,1256.0899999999697,-0.09666209999999859,0.0,0.0,0.0,0.0,0.0,0.0,0.0,0.0,0.0,0.004689504878132659,0.37716833328687727,5730.840281719553,-247.4533126131418,0.0,5.289176810176387e-08,0.0,-8.599564446549828e-09,53.967425525403534,-0.0327531890401226,53.967425525403534,0.0,1.44156616832127,405.05555865082476,-1.7223769140252174,4480.566358258764,5.327144543452569,0.0,-5.028990786583457e-17,0.0,1.489277271687236e-14,-14.194288455018693,0.15730034701074372,-14.194288455018693,0.0,-2.8809574812011505,998.999999999995,1.6873854498948262,2.4487101790262837,-11.058172711550665,gaze,0.5136102947569154,0.4904951116780283,-32.05410452976076,39.06983916203018,1188.950897329769,29.07538272328112,-0.8539195039697871,-34.19976012755846,-0.0162302075889513,0.0642422093078606,0.9978023446078208,4.191546440124512,-29.59043463006583,-2.180071682175034,-34.18564319452732,-0.0356876205496734,0.0020284526894733,0.999360935357786,4.439558982849121,-0.2551244818561077,-1.3721631673440355,-34.37022849256053,-0.0300828745293753,0.0241588408642924,0.9980150467298096,4.283149695396423,8.959294665199526,True,2.0,imu,-1.0549874388896427,-9.354803168064983,3.3240215055641578,-3.7465757862052844,-5.66268953806697,-4.779542627622033,71.87211023692048,-2.322877419145201,-4.39919474286417
233.907125,0.6718197524260442,7.369360241161071,4462.202567206298,3.416469563451235,7.637050563151929,0.8546999395863617,-144.28580739587244,17431.45533057698,0.0840100961250909,0.8623203628740154,-4046.2152607851745,0.4269192014036014,7.637050563151929,89646348.35877582,-27.55011401511942,-0.2536365306190152,64.81636407562262,-3.2670896695742266,0.5334879096861072,7.356268933583128,64.82429497842017,-144.00482897781148,-14040.33100214427,-46.563444416732324,0.0,0.765059938738003,-642.6194282790111,-2447079152.0319567,-306.1594752130926,-0.19933959717841165,0.0,0.0,1779.9499999999812,-3.3036899999999676,0.0,0.0,0.0,0.0,0.0,0.0,0.0,0.0,0.0,0.0,0.0,1256.0899999999695,-0.09666209999999857,0.0,0.0,0.0,0.0,0.0,0.0,0.0,0.0,0.0,0.004673492353152255,0.37716978135570545,5730.859926079884,-247.52999029099152,0.0,5.331371671275658e-08,0.0,-8.603115591291527e-09,53.96753884487789,-0.03274181476758787,53.96753884487789,0.0,1.4415689136850975,412.906015594372,-1.7559192517761961,4480.585743906349,5.305237157958853,0.0,-5.091214320427472e-17,0.0,1.5072041210928157e-14,-14.583288118285246,0.16034127515708985,-14.583288118285246,0.0,-3.046941541784097,998.9999999999955,1.6538828899196467,2.455261580979826,-11.120599470445129,gaze,0.5656357946339202,0.4618880147850414,-40.773055532428366,30.702151278253925,1172.7429893397452,28.116951323014185,-0.19663059580441108,-34.870375579247586,-0.07816428219918808,0.10535691642606698,0.9693593296808138,4.26064143071086,-30.207752155084126,-1.8521142374825124,-34.33234388239941,-0.08048550022963687,0.04079521555690052,0.9789566770531121,4.444278379666597,-0.15774054647248392,-0.9250332584883979,-34.46004869377075,-0.08183037163698886,0.08232416615048253,0.9725905472110059,4.358455267183364,7.234932260146432,True,0.9973920921076429,imu,-1.1299106392,-8.9178600952,3.481249296000001,-5.38326773,-5.24182392,-4.32631901,71.93387081600154,-2.322676679382209,-4.344232428203535
233.915576,0.6945586977485955,7.395805885612973,4462.060613301554,3.362987160655994,7.720664382359206,0.8694308240827979,-143.8364021287606,17383.113840723177,0.08557669113804371,0.877147985809461,-4202.030419829131,0.42397531338412653,7.720664382359206,94307173.43029866,-28.069466131832385,-0.2568567359512607,64.79969776185838,-3.3146972589689137,0.5543006574486853,7.382548328532056,64.80776106791723,-143.53394901910923,-14655.527674449644,-48.09750536708137,0.0,0.780702809491546,-666.081252432047,-2576415398.040384,-316.0895758627694,-0.20159729137611676,0.0,0.0,1779.949999999981,-3.3036899999999676,0.0,0.0,0.0,0.0,0.0,0.0,0.0,0.0,0.0,0.0,0.0,1256.089999999969,-0.09666209999999854,0.0,0.0,0.0,0.0,0.0,0.0,0.0,0.0,0.0,0.004647608881652301,0.3771721200973511,5730.8917135623415,-247.65399177139045,0.0,5.400357456951404e-08,0.0,-8.608857832128974e-09,53.967722050962365,-0.03272324875539105,53.967722050962365,0.0,1.4415733474312231,425.8463582655072,-1.8107607629744569,4480.617238843859,5.2700482116923375,0.0,-5.192976568053636e-17,0.0,1.536514955718757e-14,-15.218426988546518,0.165313109804748,-15.218426988546518,0.0,-3.3185085512082644,998.9999999999955,1.5989496823073228,2.466005121803211,-11.221009002582024,gaze,0.5646310186502834,0.4630944786721603,-38.34569009920879,24.98489937370951,1050.964417262433,28.129389244512737,-0.21307695726953818,-34.85620250189777,-0.07733333686172551,0.10388659291740311,0.9697007653344217,4.259018182966116,-30.193574580750028,-1.86544847774169,-34.324023488944114,-0.07923786967835704,0.03968938719337219,0.9792673627462053,4.44129084315643,-0.16943795354211863,-0.9351618312758094,-34.455890174738606,-0.08067932520543586,0.08106945728122708,0.9729355914326419,4.355867586304726,4.540266741694348,True,1.0116608880634508,imu,-1.124527264,-8.882569080000001,3.478856684800001,-4.463607799999999,-3.85111866,-4.759979789999999,72.02942306398799,-2.32252224212836,-4.256063592316201
233.921991,0.7120532310180608,7.415663661478707,4461.952992796015,3.322023562776682,7.7846016628834125,0.8806933342874123,-143.49253668973222,17345.22509312723,0.08677895860794482,0.8884845580035661,-4323.441419064956,0.4217003914180574,7.7846016628834125,97972872.3255958,-28.468069790293686,-0.25932209565483605,64.78711499846743,-3.3511801058090933,0.5703196209605415,7.402278839760324,64.79528006386252,-143.17335671094352,-15136.70467180898,-49.28110910184023,0.0,0.7927172615040639,-684.3800436133538,-2678196040.503786,-323.78565030934493,-0.20332975095935607,0.0,0.0,1779.9499999999807,-3.3036899999999676,0.0,0.0,0.0,0.0,0.0,0.0,0.0,0.0,0.0,0.0,0.0,1256.0899999999688,-0.09666209999999853,0.0,0.0,0.0,0.0,0.0,0.0,0.0,0.0,0.0,0.0046279691722360735,0.3771738930277507,5730.9158597289725,-247.7481236057149,0.0,5.453347991003389e-08,0.0,-8.613216385425185e-09,53.96786108839798,-0.03270901233371951,53.96786108839798,0.0,1.4415767083452233,435.8743168498667,-1.8528883035681174,4480.641267149762,5.243534616087594,0.0,-5.2711700203276463e-17,0.0,1.559031214954691e-14,-15.705600948789936,0.16913226583417848,-15.705600948789936,0.0,-3.527269114418811,998.999999999995,1.5566212290062946,2.474284647604126,-11.296778653570625,gaze,0.5188043177777021,0.4990673789709042,-29.73979675014895,23.06121065418744,873.6892764531825,29.01792405146293,-0.5610023378397312,-34.546043071532296,-0.0330764232644252,0.0456457892142771,0.9980962950238762,4.266706141865787,-29.607132692990863,-2.1939079750885515,-34.17576513379922,-0.0384486278191093,0.0014734571707835,0.9992555398528332,4.410692583041458,-0.2602661117721861,-1.455696109816238,-34.282634653544655,-0.0289403379529097,0.0260876699331796,0.99797088239403,4.281936292206606,4.612958154101437,True,2.0,imu,-1.0487521887491698,-9.356588356836474,3.322014406658216,-1.9906386887670828,-3.8490701011022277,-6.016092441264549,72.09839025607793,-2.322545436789875,-4.189747385457877
233.924027,0.7176480810692268,7.421926590820913,4461.918860410104,3.308956115691741,7.804978848660878,0.8842824401822852,-143.38290583124513,17332.98078226368,0.08716291127996162,0.8920972839010419,-4362.548859553765,0.4209710786036921,7.804978848660878,99159813.07362416,-28.595372499778243,-0.26010835370192675,64.78313409564737,-3.362821599884177,0.5754437182389052,7.4085011841886415,64.79133168518112,-143.05833936870528,-15292.02532801852,-49.66024170234434,0.0,0.7965558604229965,-690.2775080047215,-2711162929.108711,-326.2571284655094,-0.20388299070829102,0.0,0.0,1779.9499999999807,-3.303689999999967,0.0,0.0,0.0,0.0,0.0,0.0,0.0,0.0,0.0,0.0,0.0,1256.0899999999685,-0.09666209999999853,0.0,0.0,0.0,0.0,0.0,0.0,0.0,0.0,0.0,0.004621737229777111,0.37717445530474303,5730.923526309065,-247.77800010587904,0.0,5.470279514952536e-08,0.0,-8.61459965850626e-09,53.96790521143446,-0.0327044679710458,53.96790521143446,0.0,1.4415777742136793,439.09444597477045,-1.86634921202334,4480.6489151839405,5.235155616898092,0.0,-5.296159162757699e-17,0.0,1.566225906014528e-14,-15.861136955659724,0.17035258185329477,-15.861136955659724,0.0,-3.5940009748677006,998.999999999995,1.543072469475442,2.4769350194778212,-11.320744994136763,gaze,0.5636267757524518,0.4642924909583046,-27.15800914198241,21.265435928860487,807.5687000428671,28.141825547409137,-0.22867797127613923,-34.84265979510852,-0.07650216936505788,0.10242275016331284,0.9700429690345526,4.2574083227437605,-30.179425517789323,-1.878756501810381,-34.31564777423046,-0.0779933445331062,0.0385923182063769,0.9795784311521923,4.438302726668356,-0.1794543259222722,-0.9452887399188539,-34.451675341337335,-0.07953004161570919,0.07982046560513402,0.9732811816521522,4.353289445077602,3.927199015787043,True,1.0259214085909891,imu,-1.0868436376,-8.857446662400001,3.472875156800001,-3.10281018,-2.87164345,-5.11887147,72.11963661572521,-2.3225781348871024,-4.168813750754225
233.932478,0.7410907622207018,7.447716507526173,4461.777310215044,3.254372390216032,7.889998208844729,0.8992555587360664,-142.92529509376857,17281.008824127726,0.08876892144991386,0.9071690345857932,-4527.874770333641,0.41790612626699164,7.889998208844729,104210126.10727721,-29.127888529052623,-0.2633916031487961,64.76667682562415,-3.411466651083102,0.5969198026206027,7.434121640264086,64.77501059523605,-142.57796584802009,-15950.368400032079,-51.2520066386748,0.0,0.8126207979747929,-715.2267574747414,-2851489783.4780955,-336.6661963681422,-0.2061969260702898,0.0,0.0,1779.9499999999803,-3.3036899999999654,0.0,0.0,0.0,0.0,0.0,0.0,0.0,0.0,0.0,0.0,0.0,1256.0899999999674,-0.0966620999999985,0.0,0.0,0.0,0.0,0.0,0.0,0.0,0.0,0.0,0.004595876080287454,0.37717678709211155,5730.955364304967,-247.90201537712124,0.0,5.541145580075972e-08,0.0,-8.620341076119893e-09,53.96808833581176,-0.03268547071723887,53.96808833581176,0.0,1.441582194267584,452.6555855003949,-1.9226909262632794,4480.680773656456,5.200562460657325,0.0,-5.400775177754762e-17,0.0,1.596340623931364e-14,-16.511477195202787,0.1754602640548094,-16.511477195202787,0.0,-3.8734520422104346,998.9999999999948,1.4862400010134564,2.4880535185785986,-11.419802009171182,gaze,0.5626232931083481,0.46548185080211857,-21.670563192756077,13.563455993129633,565.0919181435265,28.1542575056648,-0.24346495407462707,-34.829728114208876,-0.07567100469300861,0.100965598962367,0.970385897339651,4.2558119731407205,-30.16530811864029,-1.89203554111306,-34.30721863937569,-0.0767521672581852,0.037504185522794255,0.9798898341926072,4.435314373774822,-0.18752737365311398,-0.9554117183308867,-34.4474055341728,-0.07838278161648009,0.07857736779212837,0.97362726764087,4.350721152013693,4.831036614722427,True,1.0401722598059224,imu,-1.0712916648,-8.831726092,3.4417712112,-1.66724346,-2.0117988,-5.283363489999999,72.20452278321139,-2.3228443529560754,-4.082527309111721
233.940929,0.7648896135928509,7.473169746132773,4461.635964406813,3.199231926957097,7.975726726366237,0.9143509542320651,-142.46354645010297,17227.149863715284,0.09039488739910467,0.9223640189668333,-4698.113847507081,0.4147800848609998,7.975726726366237,109464089.42107162,-29.667069917687613,-0.26670670454876,64.75032973083063,-3.460636390528471,0.6187316330106009,7.459403796083583,64.75880159359649,-142.09279411989053,-16631.110448459458,-52.87315612645213,0.0,0.8288993368901239,-740.9478771354229,-2997567442.3998046,-347.3208871241201,-0.2085393296162007,0.0,0.0,1779.949999999979,-3.3036899999999645,0.0,0.0,0.0,0.0,0.0,0.0,0.0,0.0,0.0,0.0,0.0,1256.089999999966,-0.09666209999999845,0.0,0.0,0.0,0.0,0.0,0.0,0.0,0.0,0.0,0.004570024110311741,0.3771791155741745,5730.987227534859,-248.0260376681593,0.0,5.6129634289216114e-08,0.0,-8.626082090702355e-09,53.96827143365297,-0.032666255288172845,53.96827143365297,0.0,1.441586607829153,466.5351434875846,-1.979792265364009,4480.712814992921,5.166271845129199,0.0,-5.506837758555694e-17,0.0,1.6268627817883894e-14,-17.169507174089915,0.18063673208745598,-17.169507174089915,0.0,-4.156895150605084,998.9999999999948,1.428440943063075,2.499362880521555,-11.518174585688422,gaze,0.5616207972720124,0.46666235923828714,-26.29334264011462,7.751614184880962,540.8395621646739,28.166682399194414,-0.2574685454072158,-34.81738843612361,-0.07484006724281542,0.09951534872954268,0.9707295067130407,4.254229256546109,-30.15122552359447,-1.9052828387004643,-34.29873799048801,-0.07551457931768048,0.036425164148294095,0.9802015237534298,4.432326128845666,-0.19369879321659872,-0.9655285068974395,-34.443082098922616,-0.07723780506629974,0.07734033926710314,0.973973799137587,4.348163014806232,6.411804268869227,True,1.0544120446101248,imu,-1.0156634544,-8.899317358400001,3.462108406400001,-0.11952309,-1.45850746,-5.75440882,72.28410324896254,-2.3233208590033545,-3.9972468103655947
233.941971,0.767848794944697,7.476284499999203,4461.618550844571,3.192394407850953,7.986346287721332,0.916220707550863,-142.40632559006178,17220.376042928547,0.09059675751476365,0.9242461180787238,-4719.449637810181,0.4143903983203576,7.986346287721332,110126298.39267074,-29.734014776036727,-0.26711766990285846,64.74832196621436,-3.466735501918545,0.6214443948554682,7.462497342729767,64.75681098902312,-142.0326389533925,-16716.623905416905,-53.075094722077154,0.0,0.8309213411866775,-744.1736558636264,-3015985460.031224,-348.65181264140216,-0.20883012854524424,0.0,0.0,1779.9499999999784,-3.3036899999999627,0.0,0.0,0.0,0.0,0.0,0.0,0.0,0.0,0.0,0.0,0.0,1256.0899999999658,-0.09666209999999839,0.0,0.0,0.0,0.0,0.0,0.0,0.0,0.0,0.0,0.004566837158437595,0.3771794024504721,5730.991157986534,-248.04132998504912,0.0,5.621884793725651e-08,0.0,-8.626789924534027e-09,53.96829400806939,-0.032663870851890445,53.96829400806939,0.0,1.4415871515789802,468.26879543876566,-1.9868857219969904,4480.716778357637,5.162064949734447,0.0,-5.5200159935663387e-17,0.0,1.6306545302045377e-14,-17.251177070914096,0.18127977731614053,-17.251177070914096,0.0,-4.192121503016331,998.9999999999941,1.4212468801432987,2.5007706426386944,-11.530256161110334,gaze,0.5239693874549523,0.5075918613774166,-27.43838975051524,7.141819971991772,560.1850367003578,28.96078567484899,-0.2697179968444045,-34.89039571042323,-0.0498287321035624,0.0271530322229487,0.998388606855092,4.341446876525879,-29.62373767493602,-2.20766713955262,-34.1659421369175,-0.0411942442457133,0.0009215553957776,0.9991507318601518,4.38198709487915,-0.2609281211772071,-1.4944150985442768,-34.242213545706285,-0.0286836799802111,0.0270616380439529,0.9980103056994224,4.288639382874331,6.340344625047216,True,2.0,imu,-1.0426863968838964,-9.358471841550106,3.319639935924611,-0.41112126877123106,-2.78721578125249,-6.8448852494164445,72.29354946674304,-2.323394171265803,-3.986803484766269
233.94938,0.7890475201556127,7.498280376592794,4461.4948246832155,3.14353064967165,8.062168681379902,0.9295694048040328,-141.99763637742342,17171.355021019,0.09204097573293155,0.937683021822574,-4873.37330200777,0.411592582156161,8.062168681379902,114927799.15366311,-30.21297265235095,-0.27005387913990453,64.73409662080812,-3.5103348154269645,0.640881943700168,7.48434171047154,64.74270850635907,-141.60278968821692,-17334.814227203373,-54.52404886060165,0.0,0.8453932002318912,-767.460059649904,-3149570865.0481453,-358.22535272250997,-0.21091043476221252,0.0,0.0,1779.949999999978,-3.303689999999963,0.0,0.0,0.0,0.0,0.0,0.0,0.0,0.0,0.0,0.0,0.0,1256.0899999999654,-0.09666209999999839,0.0,0.0,0.0,0.0,0.0,0.0,0.0,0.0,0.0,0.0045441799913072175,0.37718144086614036,5731.019115983451,-248.150067062414,0.0,5.685740879993521e-08,0.0,-8.63182270802213e-09,53.96845451455823,-0.03264681996954624,53.96845451455823,0.0,1.4415910151357103,480.7385467831175,-2.0376596214014464,4480.745039926509,5.1322868875863,0.0,-5.614360123150695e-17,0.0,1.657796072325536e-14,-17.83528665125067,0.18588256456244123,-17.83528665125067,0.0,-4.4443638657356495,998.9999999999941,1.369663878026964,2.510865383623253,-11.615857235573735,gaze,0.5606195141425848,0.46783381922019557,-37.49463254165079,10.846906803721769,833.6220139079315,28.17909751434506,-0.27071871495024885,-34.8056220571148,-0.07400958078145652,0.09807220745829466,0.9710737535273919,4.252660294616612,-30.13718086020725,-1.918495649794549,-34.29020773837934,-0.07428082113337615,0.035355427127674435,0.980513451690771,4.42933833700307,-0.19816400177191154,-0.9756368529209262,-34.43870638610831,-0.07609537088569007,0.07610955417761607,0.9743207258546431,4.3456153402749145,8.322065052089155,True,1.0686393627727928,imu,-0.9175663952000002,-8.937599137600001,3.4800529904,1.34595127,-1.16690797,-6.33013089,72.35840972232727,-2.324007582931359,-3.9130129305510164
233.957831,0.8135673794825531,7.52304242829222,4461.353892749428,3.087264463101576,8.14932837077233,0.9449116922410061,-141.5275412963747,17113.574632746633,0.09370735391307654,0.9531268316162433,-5053.761870999788,0.4083432452075142,8.14932837077233,120607471.87021063,-30.76565300905623,-0.2734333491436646,64.7179813356887,-3.5605659422743785,0.6633734808769169,7.508929401637309,64.72673519029446,-141.10791789760077,-18062.051761259856,-56.205046290947735,0.0,0.8621041194020054,-794.7828166058971,-3307678523.4364557,-369.38378981720246,-0.2133104761900328,0.0,0.0,1779.949999999978,-3.303689999999963,0.0,0.0,0.0,0.0,0.0,0.0,0.0,0.0,0.0,0.0,0.0,1256.0899999999651,-0.09666209999999835,0.0,0.0,0.0,0.0,0.0,0.0,0.0,0.0,0.0,0.0045183423890206905,0.37718376308371193,5731.0510296353605,-248.2741036436866,0.0,5.7594857938025764e-08,0.0,-8.637562933883911e-09,53.968637588169294,-0.03262716303853343,53.968637588169294,0.0,1.4415954164256917,495.271282770229,-2.096299418935729,4480.777449192043,5.09861072044934,0.0,-5.723355562195014e-17,0.0,1.689144208757079e-14,-18.508875678322333,0.19119834303107752,-18.508875678322333,0.0,-4.7358919220020965,998.9999999999941,1.3098973042763777,2.5225633231605418,-11.712844444537431,gaze,0.5596196689232675,0.4689960356626123,-49.1186759924039,20.169540260948423,1269.3120218911708,28.19150014437542,-0.2832447687568014,-34.794410590523114,-0.07317976840195729,0.0966363816825972,0.9714185940691938,4.251105208251844,-30.12317724270814,-1.9316712423337241,-34.28162979827797,-0.07305113204264096,0.034295145505178815,0.9808255698365588,4.426351344076425,-0.2011473285098018,-0.9857345110655491,-34.43427975086728,-0.07495573700920957,0.0748851853615609,0.9746679974840224,4.343078434310758,11.042934011671683,True,1.0828528110118332,imu,-0.9648204664,-9.0584260032,3.5267089088,2.6394567,-1.29401544,-7.249790819999999,72.42748359580342,-2.3249044217407566,-3.82986447443521
233.958286,0.8148978481630628,7.524365606281607,4461.346310932868,3.084218997992945,8.154041474762238,0.9457412460536223,-141.50211229521096,17110.40644453559,0.09379765022440358,0.9539618790207478,-5063.621596069538,0.40816654016849285,8.154041474762238,120919513.45875624,-30.79560257248629,-0.2736162196001526,64.71711710988863,-3.5632855658578846,0.6645941541947833,7.510243145223584,64.72587866361599,-141.0811353493654,-18101.884955018246,-56.29641193535713,0.0,0.8630100231143442,-796.2772469953461,-3316367696.7281313,-369.99184479462474,-0.21344051937541406,0.0,0.0,1779.9499999999784,-3.303689999999963,0.0,0.0,0.0,0.0,0.0,0.0,0.0,0.0,0.0,0.0,0.0,1256.089999999965,-0.09666209999999836,0.0,0.0,0.0,0.0,0.0,0.0,0.0,0.0,0.0,0.0045169514570145945,0.37718388802643654,5731.05274857413,-248.28078195173975,0.0,5.7634838033908245e-08,0.0,-8.63787197540241e-09,53.96864744479361,-0.03262609839308257,53.96864744479361,0.0,1.4415956532241478,496.06317251121203,-2.099478611715311,4480.779199343497,5.096806424158636,0.0,-5.729265902132774e-17,0.0,1.6908438268871603e-14,-18.545364286641416,0.19148653904052224,-18.545364286641416,0.0,-4.7517035472451425,998.9999999999941,1.3066511887024213,2.5231987268947904,-11.718046378125166,gaze,0.5595658826298646,0.46905834315117967,-49.646280009286144,20.682414577061117,1291.0381071867994,28.192167492620346,-0.28389918556300825,-34.79382235762255,-0.07313511492970326,0.09655928865978956,0.9714371762022606,4.251021878716533,-30.122424515711902,-1.9323795046378744,-34.28116664823741,-0.07298504591869147,0.034238331707924986,0.9808423786698339,4.426190554418884,-0.20127007226664806,-0.9862778200800566,-34.434040003543686,-0.07489446380636419,0.0748194509730064,0.9746867033205333,4.342942159268774,11.223218324467963,True,1.083617639192237,imu,-1.0378364414999055,-9.36008837029,3.3174243900801925,0.580285382591229,-2.390869735702018,-7.343220052499533,72.2177844,-1.568655600000013,-2.594015200000011
233.962063,0.8259830902198724,7.53530963300624,4461.283397003395,3.058874529601553,8.193246306632824,0.9526414163213555,-141.2905521873896,17083.8781174873,0.09454950167546768,0.9609077615822923,-5146.05674556084,0.4066927251039256,8.193246306632824,123534809.54530092,-31.044982806299338,-0.27513788893738805,64.7099567845026,-3.5859215769808177,0.6747656345605082,7.521108670524094,64.71878246941311,-140.85826147287952,-18435.25488137738,-57.05826433018311,0.0,0.8705545395960481,-808.7759990254062,-3389204620.5022836,-375.06835233836983,-0.2145232901003534,0.0,0.0,1779.9499999999784,-3.303689999999963,0.0,0.0,0.0,0.0,0.0,0.0,0.0,0.0,0.0,0.0,0.0,1256.089999999965,-0.09666209999999839,0.0,0.0,0.0,0.0,0.0,0.0,0.0,0.0,0.0,0.004505405744420885,0.3771849248597231,5731.067020473162,-248.3362200628029,0.0,5.796780987525628e-08,0.0,-8.640437316580882e-09,53.96872926607473,-0.03261723563694352,53.96872926607473,0.0,1.441597618270039,502.6743171608361,-2.1259567011445526,4480.793748249003,5.081863754552153,0.0,-5.778494833893383e-17,0.0,1.704999443222037e-14,-18.84914175694876,0.1938867873798546,-18.84914175694876,0.0,-4.883416165506631,998.9999999999945,1.279592595572499,2.5284954529495653,-11.761149585820764,gaze,0.5182212764921108,0.5037942062779753,-53.41862664663328,24.88408380055868,1451.002438210439,28.97911733198991,-0.1397684063885587,-34.99934029923796,-0.0454274976168393,0.0269605025252875,0.9986037621418498,4.251911163330078,-29.46104973027617,-2.105312407130613,-34.21374512660149,-0.0260810730788101,0.0080018125633153,0.999627805046838,4.489211559295654,-0.2464349066039538,-1.5112568332789806,-34.213418246256964,-0.0265677101385329,0.029829246788433,0.9981030461801874,4.277086095368228,12.39064550238563,True,2.0,imu,-1.0367271890286438,-9.360472527500482,3.316876345141974,0.7634238521018114,-2.351349770852502,-7.444983083743308,72.46012294433707,-2.325432444373577,-3.7886458036931816
233.966282,0.8384521017735728,7.547449889935923,4461.213170318022,3.030429252932514,8.23721010819239,0.960378601996247,-141.0532375711499,17053.758246443933,0.09539419025954184,0.9686962405048852,-5239.389828506792,0.4050317003559267,8.23721010819239,126509445.7398531,-31.32516755385459,-0.2768453377668644,64.70198774628759,-3.611333806899155,0.6862090026459594,7.533160847060071,64.71088553293968,-140.60814393299847,-18813.404421854142,-57.9165126325114,0.0,0.8790338341601215,-822.935981069541,-3472072437.327926,-380.80043995575335,-0.2157396898502238,0.0,0.0,1779.9499999999784,-3.303689999999963,0.0,0.0,0.0,0.0,0.0,0.0,0.0,0.0,0.0,0.0,0.0,1256.089999999965,-0.09666209999999838,0.0,0.0,0.0,0.0,0.0,0.0,0.0,0.0,0.0,0.004492509963450091,0.3771860823430901,5731.082968475101,-248.39814749615738,0.0,5.83420607296665e-08,0.0,-8.643302774128594e-09,53.96882066416984,-0.03260728276376507,53.96882066416984,0.0,1.4415998119386557,510.1388997030208,-2.1557181150872977,4480.810043526005,5.065246491323082,0.0,-5.833837439191044e-17,0.0,1.7209109248241286e-14,-19.190334600319936,0.19658465199166902,-19.190334600319936,0.0,-5.031513222911176,998.9999999999941,1.2491296358606476,2.5344590114299095,-11.80913067205431,gaze,0.558621486080322,0.47014881548433407,-56.22396756394031,27.538475342303208,1574.2534570707044,28.203887589934745,-0.29507535569883814,-34.78373596450933,-0.07235085247972732,0.0952080764390337,0.9717639845432176,4.249564117569772,-30.109217771411597,-1.9448068975176327,-34.273006089541404,-0.07182575025635701,0.03324448828484857,0.9811378300042213,4.4233654965573255,-0.20285935497529275,-0.9958192438018716,-34.42980355272512,-0.0738191603375587,0.07366740431488131,0.9750155637034409,4.340552601821077,14.827918631909087,True,1.097050983074783,imu,-0.9396980488,-9.094315171200002,3.539270117600001,3.34976315,-1.61552257,-8.34141968,72.49137560135205,-2.3260112393943593,-3.747838371194059
233.974733,0.8637046098783439,7.571496709433433,4461.072659108965,2.9730208857507314,8.32581822408399,0.9759709231966457,-140.57470150955646,16991.85461461637,0.09710165395273532,0.9843920443488284,-5430.368996046378,0.40165757322923146,8.32581822408399,132640181.71334833,-31.891573143542985,-0.2802900692038599,64.68611975419441,-3.662642464507414,0.7093912790517267,7.557029983374499,64.69516345268974,-140.10343281936076,-19589.463001597476,-59.65881487585773,0.0,0.8961840926428761,-851.9397101400402,-3642938209.1509523,-392.47958980855105,-0.2181983129656117,0.0,0.0,1779.949999999978,-3.3036899999999627,0.0,0.0,0.0,0.0,0.0,0.0,0.0,0.0,0.0,0.0,0.0,1256.0899999999638,-0.09666209999999834,0.0,0.0,0.0,0.0,0.0,0.0,0.0,0.0,0.0,0.004466681368805235,0.3771883987609773,5731.114932487089,-248.52219870438682,0.0,5.909909662313e-08,0.0,-8.649042234633462e-09,53.969003752285744,-0.03258717740530806,53.969003752285744,0.0,1.4416042019152897,525.3470070412915,-2.2159221996147345,4480.842823666534,5.0321973630311305,0.0,-5.945819190673657e-17,0.0,1.7530999748480588e-14,-19.879724056326253,0.20204207889655598,-19.879724056326253,0.0,-5.331261841475996,998.9999999999945,1.1873492022149819,2.546554777807132,-11.904710351306303,gaze,0.5576251893020335,0.471291967650864,-57.70881341518471,29.705475543720834,1671.5786115298806,28.216257159542046,-0.3062384739097845,-34.77358041979576,-0.07152305462887054,0.09378749522884387,0.9721098810769868,4.248037141882073,-30.095305532127334,-1.9578999103523338,-34.26433853536903,-0.07060491281681078,0.03220362239084366,0.9814501839943729,4.420381141554464,-0.20349517834961364,-1.005888821851686,-34.42527915536747,-0.072685896689651,0.07245638115924638,0.9753633741824396,4.33803814667435,18.250458501352846,True,1.1112324698201528,imu,-0.8619381848000001,-9.222918023200002,3.565588840800001,3.95539286,-2.26601374,-9.23117197,72.5501454667138,-2.3273278666810246,-3.6669696700861434
233.982044,0.8858496485058793,7.592004083029786,4460.951273934119,2.922891039752093,8.403062882327701,0.9895617009985966,-140.15728494662983,16936.577512439806,0.09859556107175804,0.9980731441365579,-5599.990409427343,0.3986878223538598,8.403062882327701,138133535.71774983,-32.3871767053714,-0.2832967115511711,64.67249663470251,-3.7074692530494797,0.7297282651820829,7.577382288855755,64.6816681724448,-139.66279471320155,-20281.228840185813,-61.19125063702225,0.0,0.9112001402345079,-877.7329444536169,-3796121897.189888,-402.79838711447746,-0.22034918939400375,0.0,0.0,1779.949999999978,-3.3036899999999623,0.0,0.0,0.0,0.0,0.0,0.0,0.0,0.0,0.0,0.0,0.0,1256.0899999999633,-0.09666209999999831,0.0,0.0,0.0,0.0,0.0,0.0,0.0,0.0,0.0,0.0044443389790111976,0.3771904005029333,5731.142605000542,-248.6295219900494,0.0,5.976200638553745e-08,0.0,-8.654007167212513e-09,53.96916215997862,-0.032569601230316894,53.96916215997862,0.0,1.44160799542463,538.7826727769602,-2.2686436783179387,4480.871332391292,5.003863063671901,0.0,-6.04391557158429e-17,0.0,1.7812905022093163e-14,-20.482563071700568,0.20682115429191192,-20.482563071700568,0.0,-5.593931901672118,998.9999999999941,1.1330765483740954,2.5571821040075218,-11.986822462691096,gaze,0.5164984273974534,0.5034571873642069,-56.10202369787121,29.62365621377925,1691.087958948252,28.98515040170193,-0.0604484417496034,-35.07774061575795,-0.0460218138887645,0.0241104431036787,0.9986494275669175,4.31564474105835,-29.39716821381611,-2.18156250422746,-34.10887791987438,-0.0186856920734644,0.0114827968707225,0.99975946621563,4.543213367462158,-0.2661162758800109,-1.2753378394966364,-34.45632533362298,-0.0350681932229313,0.0212020051064124,0.9988694914528796,4.363191895043215,20.59611845486646,True,2.0,imu,-1.0309456219382553,-9.362565952017324,3.313759350520537,1.4409128475681245,-2.407757616523163,-7.943487256397666,72.59690770755986,-2.3286359970577264,-3.597969117442757
233.983184,0.8893278393197627,7.595176793784669,4460.93236084965,2.9150352090000062,8.415157065718903,0.991689448652129,-140.09190936308505,16927.811688851798,0.09882991503555694,1.0002150427211596,-5626.812753264781,0.3982204887433599,8.415157065718903,139006264.70072517,-32.464926926372755,-0.2837677686386826,64.67038129186516,-3.71449598972802,0.7329230920998074,7.580530706256394,64.67957289888972,-139.59374942127135,-20390.827789645533,-61.43232279744424,0.0,0.9135566513831332,-881.8144875043643,-3820465058.914844,-404.4255713980004,-0.22068658403469626,0.0,0.0,1779.9499999999766,-3.3036899999999614,0.0,0.0,0.0,0.0,0.0,0.0,0.0,0.0,0.0,0.0,0.0,1256.0899999999629,-0.09666209999999827,0.0,0.0,0.0,0.0,0.0,0.0,0.0,0.0,0.0,0.0044408552534686545,0.3771907124545818,5731.146921655641,-248.64625735331845,0.0,5.986604548980704e-08,0.0,-8.654781321312337e-09,53.96918686228541,-0.03256684521464536,53.96918686228541,0.0,1.4416085865974186,540.9012757853883,-2.2769181949926334,4480.8757903534315,4.999466513650855,0.0,-6.059314326395618e-17,0.0,1.785715133783952e-14,-20.577104980182305,0.20757121415916246,-20.577104980182305,0.0,-5.635172020615748,998.9999999999936,1.1245442478682222,2.558852968807029,-11.999577889124907,gaze,0.5566310014576781,0.4724253032170912,-55.720103587133586,30.00322645965641,1696.1381146087895,28.228606170065355,-0.31676147722705716,-34.76392650740749,-0.07069659565849687,0.09237483997997105,0.9724562397252519,4.246524399669508,-30.08144359557068,-1.9709475901954856,-34.25562906251473,-0.06938885555558483,0.031172712627763638,0.9817625836005031,4.4173986267485175,-0.20323493153303174,-1.015941024632889,-34.42070792641219,-0.07155620075468395,0.07125228460972739,0.9757113785884821,4.335535371645111,18.830631639453713,True,1.1253958592987705,imu,-0.8697141712000002,-9.364082084,3.649330232800001,4.30680763,-2.96884328,-10.12840117,72.60386157172486,-2.328854101079579,-3.5872915361268514
233.991634,0.9153216399025615,7.6184812733421925,4460.792293838108,2.8564750157088064,8.505220295192627,1.0075330923317098,-139.60489521595503,16861.584583277814,0.10057893618333544,1.0161641438444002,-5828.8118086607,0.39472048906664825,8.505220295192627,145613608.22501755,-33.04521725257012,-0.2872782448332396,64.65477816118327,-3.766892243274885,0.7568043886331001,7.60365415620886,64.66411967253599,-139.07911964320257,-21218.009197890082,-63.23719349266074,0.0,0.9311511798094142,-912.5774318086706,-4004823628.3110695,-416.6413004589415,-0.2232044430857112,0.0,0.0,1779.949999999978,-3.3036899999999623,0.0,0.0,0.0,0.0,0.0,0.0,0.0,0.0,0.0,0.0,0.0,1256.0899999999633,-0.09666209999999831,0.0,0.0,0.0,0.0,0.0,0.0,0.0,0.0,0.0,0.004415033315795087,0.37719302326830134,5731.178932175271,-248.77030884717794,0.0,6.06428950959163e-08,0.0,-8.660519361079193e-09,53.96936998230676,-0.032546286881189455,53.96936998230676,0.0,1.4416129657100663,556.8055356020445,-2.3387052969041484,4480.908940393967,4.967060952380724,0.0,-6.174322728167567e-17,0.0,1.8187562614950084e-14,-21.282454648965214,0.21317198404668153,-21.282454648965214,0.0,-5.943241466008441,998.9999999999948,1.0607105482218024,2.5713544564667936,-12.09371656794723,gaze,0.5556392617755219,0.4735485030460314,-52.015172906622055,31.031152358159517,1728.50080156187,28.240930490181032,-0.3266699442911282,-34.7547581434298,-0.0698717930379571,0.09097047671734647,0.9728029754176417,4.245026185007149,-30.06763664745483,-1.9839457260057147,-34.24688063860593,-0.06817795604729236,0.030152041825419737,0.9820749436510254,4.414418652863542,-0.2022444575722823,-1.0259724547983393,-34.41609178610579,-0.07043045903207162,0.07005542315665748,0.9760594853904575,4.3330448723717865,15.687073227872075,True,1.1395380644112565,imu,-0.9067996448,-9.5094332144,3.664882205600001,3.95539286,-3.68662664,-11.04058419,72.65259512855077,-2.3305894888742937,-3.5088444559755327
233.999985,0.9413808358787701,7.641140421784494,4460.654080429339,2.798025645156235,8.59495468292032,1.023316643131804,-139.11935959817094,16793.92762630363,0.10232823025138767,1.032052902606402,-6034.038812740704,0.39119891720645483,8.59495468292032,152387991.46994185,-33.62564675998669,-0.2907804199920627,64.63949286944356,-3.819217872197285,0.7807547186049797,7.626132725120761,64.64898452347664,-138.56556581081318,-22061.56178473241,-65.05230371569317,0.0,0.948761396824065,-943.8766845484347,-4193946918.9343576,-428.98463633652636,-0.2257223963749038,0.0,0.0,1779.9499999999762,-3.3036899999999596,0.0,0.0,0.0,0.0,0.0,0.0,0.0,0.0,0.0,0.0,0.0,1256.0899999999613,-0.09666209999999817,0.0,0.0,0.0,0.0,0.0,0.0,0.0,0.0,0.0,0.004389513675459112,0.3771953045639147,5731.210592339707,-248.89291443304938,0.0,6.142053812880528e-08,0.0,-8.66618981861481e-09,53.96955099767126,-0.032525743146615084,53.96955099767126,0.0,1.4416172887940262,572.8747831336105,-2.400559250794874,4480.941886742148,4.935353963006801,0.0,-6.289496936835143e-17,0.0,1.8518362926571417e-14,-21.987510507485574,0.21877873812248128,-21.987510507485574,0.0,-6.251856956669979,998.9999999999936,0.9965950768961598,2.5839129621051065,-12.1860417672413,gaze,0.5546616472045166,0.474648536877745,-46.266222386513,30.49875882151221,1663.6473919764323,28.25308499035345,-0.33588532609726235,-34.74615662246361,-0.06905839929518515,0.08959074344042686,0.9731460163263947,4.2435597341508515,-30.05404684542264,-1.9967418161480146,-34.23819732274323,-0.06698639744315235,0.029153425442209023,0.9823835943943744,4.411476082994313,-0.20069667463406124,-1.035864963553598,-34.41148641945141,-0.06932190673487668,0.06887971436936027,0.9764036056056895,4.330595614850917,10.860259261257577,True,1.1534940273677907,imu,-0.9247442288,-9.5877912312,3.6672748168,3.02825602,-4.15019506,-11.17516857,72.69595172880196,-2.332509938656572,-3.432545382512863
234.002136,0.948152918818344,7.646916152529868,4460.618514689875,2.7828774922454755,8.618185386278606,1.0274023805768153,-138.99361483002838,16776.139395411592,0.1027821663821324,1.0361658984500768,-6087.814620805117,0.39028173210431605,8.618185386278606,154173074.24250382,-33.77627415718667,-0.2916878014130062,64.63557799274086,-3.8327835445854275,0.7869801950922737,7.63186167291216,64.64510864278533,-138.43248598963825,-22283.109290341665,-65.52492665132988,0.0,0.953333255314273,-952.0854653281158,-4243798646.66909,-432.20807354614703,-0.22637574883511608,0.0,0.0,1779.9499999999766,-3.3036899999999605,0.0,0.0,0.0,0.0,0.0,0.0,0.0,0.0,0.0,0.0,0.0,1256.0899999999615,-0.09666209999999821,0.0,0.0,0.0,0.0,0.0,0.0,0.0,0.0,0.0,0.004382940281987987,0.37719589178664503,5731.218751144708,-248.92449565116738,0.0,6.162244143367076e-08,0.0,-8.667650324197458e-09,53.969597630246255,-0.032520414977042715,53.969597630246255,0.0,1.441618401576338,577.0710581178778,-2.4166193138512058,4480.950402687395,4.927238795419104,0.0,-6.319408072780231e-17,0.0,1.860425889942535e-14,-22.170405043268588,0.2202344910386749,-22.170405043268588,0.0,-6.332021406432034,998.9999999999939,0.9799134061154788,2.587180751133829,-12.209707260435867,gaze,0.5137913374492024,0.5025703816252641,-44.39669391927558,29.95013082732647,1617.209767333422,29.03826550023777,0.0523560483142097,-35.18483782909213,-0.04297982927871,0.0232164585724217,0.99880615252737,4.423908233642578,-29.38353186001694,-2.205742373411528,-34.10196491070477,-0.0105031808796789,0.0143172140289944,0.9998423378582528,4.558135509490967,-0.2491377211794571,-1.187277353391886,-34.54646527539409,-0.0352247114249077,0.0183283061668207,0.9990180124948812,4.398285727059206,6.8550291203597205,True,2.0,imu,-1.0252822073137442,-9.364773021997483,3.310259664469036,1.6971765312806808,-2.787502784855292,-8.436557646617537,72.70635621137704,-2.3330376307746983,-3.4130938843717877
234.008436,0.968129415192846,7.663687973090817,4460.514428840148,2.738290007072967,8.686503037965329,1.039417033428983,-138.62370800641384,16723.174247337505,0.10411965667992495,1.0482607653972233,-6247.502167222122,0.387571471185713,8.686503037965329,159497782.78255183,-34.2201054834497,-0.29435798094772603,64.6241651860336,-3.8727239590990656,0.8053476588554555,7.6484958321950955,64.63381081625195,-138.04081404516108,-22942.214618493137,-66.92128669468337,0.0,0.9668087488780368,-976.4795167191448,-4392541168.870882,-441.75418808422114,-0.2283006906943043,0.0,0.0,1779.9499999999762,-3.3036899999999596,0.0,0.0,0.0,0.0,0.0,0.0,0.0,0.0,0.0,0.0,0.0,1256.089999999961,-0.0966620999999982,0.0,0.0,0.0,0.0,0.0,0.0,0.0,0.0,0.0,0.004363686856849564,0.3771976108206446,5731.242656582888,-249.016995825057,0.0,6.221758754244804e-08,0.0,-8.671927823882408e-09,53.96973423168815,-0.032504722666846106,53.96973423168815,0.0,1.441621659108156,589.4978028500034,-2.46396070212639,4480.9754152630385,4.903593233926237,0.0,-6.407595360882042e-17,0.0,1.885747383085713e-14,-22.709136315548555,0.2245256887172737,-22.709136315548555,0.0,-6.568407798331094,998.9999999999939,0.9306579173498513,2.596830159521353,-12.278747804360481,gaze,0.5536750801447528,0.47575143551444515,-38.472192300882135,25.62480327853451,1411.6101794677863,28.265356672396823,-0.3446523284057072,-34.73790068727516,-0.0682372479765997,0.08820295833737399,0.9734934933041375,4.2420902195964265,-30.040353353658237,-2.009638157561878,-34.22937410584391,-0.06578601611127839,0.028153225443477023,0.9826958430909096,4.408501143350537,-0.19869166924094378,-1.045852110163504,-34.40678343957316,-0.06820437689780107,0.06769730568812138,0.9767518896514725,4.328129532932054,7.044269168276284,True,1.167594901983495,imu,-0.9396980488,-9.580613397600002,3.6774434144,2.0413039,-4.41188691,-11.14526093,72.73505499156612,-2.3346609506439613,-3.356603595724061
234.016887,0.9952605493608575,7.685844080894421,4460.374997163681,2.6779603075896823,8.778799623882371,1.0556468265600891,-138.12370506086927,16650.065919986693,0.10593256725692131,1.0645990485639327,-6466.897983605587,0.3838795648951031,8.778799623882371,166870438.36402786,-34.8217432228369,-0.29796941783113345,64.6089830240425,-3.9267913574936797,0.8303013499172202,7.670465771827201,64.61878469532272,-137.5109482712486,-23850.663590221637,-68.82297795263142,0.0,0.9850854902159683,-1010.0383861712601,-4598587790.00456,-454.8083035155148,-0.23090959686615295,0.0,0.0,1779.9499999999757,-3.3036899999999587,0.0,0.0,0.0,0.0,0.0,0.0,0.0,0.0,0.0,0.0,0.0,1256.0899999999597,-0.09666209999999814,0.0,0.0,0.0,0.0,0.0,0.0,0.0,0.0,0.0,0.004337857068501781,0.37719991482562276,5731.274745919103,-249.1410850003279,0.0,6.302487268884741e-08,0.0,-8.677665479273776e-09,53.96991752697363,-0.03248346829593,53.96991752697363,0.0,1.4416260251036577,606.4902189409943,-2.5281804031841073,4481.009133297168,4.872163610505925,0.0,-6.527261778611414e-17,0.0,1.9200998434105066e-14,-23.438999543821318,0.23034673185722887,-23.438999543821318,0.0,-6.889258460770577,998.9999999999936,0.8636485054246172,2.6099593112264667,-12.37071913095576,gaze,0.55269150187203,0.47684378565710445,-32.119764203701834,18.418427158467075,1120.8586412843915,28.277597187447693,-0.3528820238019633,-34.730079838572976,-0.067418307262195,0.08682388809263385,0.9738412565054185,4.2406354022710655,-30.02672224894919,-2.022478589135753,-34.22051668390303,-0.06459134258797622,0.027163616955270233,0.9830079451954845,4.405529435265797,-0.19637045925174604,-1.055813121037879,-34.40203911681053,-0.06709141829894785,0.0665224818251665,0.9771001669959298,4.3256763266361045,5.5399975410450395,True,1.181672022094611,imu,-0.960035244,-9.5237888816,3.648732080000001,1.00201341,-4.46422528,-10.86861526,72.76945642919802,-2.337020428065546,-3.281965812695761
234.022116,1.0122406494776537,7.699354241055249,4460.28883564384,2.640332349102099,8.836284167724141,1.0657540616228585,-137.81214193571236,16603.62678362243,0.10706512891995652,1.074773923712828,-6605.671585448984,0.38156277569454644,8.836284167724141,171567011.73680633,-35.19762338302649,-0.30022103577287496,64.59966382418834,-3.960528124475507,0.845923183642859,7.683859873277269,64.60956308647664,-137.180520584519,-24426.96366617515,-70.01618452014671,0.0,0.9965097648387585,-1031.29115940564,-4729900537.796982,-463.02995033089303,-0.23253927741600552,0.0,0.0,1779.9499999999762,-3.3036899999999596,0.0,0.0,0.0,0.0,0.0,0.0,0.0,0.0,0.0,0.0,0.0,1256.0899999999601,-0.09666209999999814,0.0,0.0,0.0,0.0,0.0,0.0,0.0,0.0,0.0,0.004321872968092614,0.37720133933804695,5731.294613541655,-249.21786828734616,0.0,6.352953681374321e-08,0.0,-8.681215442805562e-09,53.97003097475735,-0.032470199381419415,53.97003097475735,0.0,1.4416287244797714,617.1917673456114,-2.5683286115326895,4481.030091340285,4.8528839778620245,0.0,-6.602095882408872e-17,0.0,1.9415779293746725e-14,-23.894750075410712,0.23398583308415125,-23.894750075410712,0.0,-7.089951329330212,998.9999999999941,0.8216445786301705,2.618190094561978,-12.427255337208278,gaze,0.5148698584250317,0.5061612442121264,-30.81878438981685,14.78486433128428,1035.514954374439,28.96935729050958,0.0291486584687001,-35.17627861358015,-0.0545386900012524,0.0199386168890374,0.9983125677108846,4.325911521911621,-29.3227269500072,-2.301423899562009,-33.99590906876195,-0.0026128305376484,0.0097782153603661,0.9999487784986528,4.63046932220459,-0.2255538229764258,-1.1390138462083883,-34.59150322309515,-0.0337873583704443,0.0165880647532549,0.999108963628164,4.426183938980103,7.862694692886116,True,2.0,imu,-1.0198043077662637,-9.367066830007882,3.306421693082166,1.694888126801354,-3.3038209758534056,-8.962904109541915,72.78843368293022,-2.338584576481765,-3.2364476583738706
234.025338,1.0227772374652389,7.707602446424675,4460.235787164548,2.6170322980344025,8.871848872352565,1.0720068338434077,-137.61932673319484,16574.546513046604,0.10776713635822499,1.0810685703371594,-6692.347572339504,0.3801228197172186,8.871848872352565,174513179.0253964,-35.43061859064959,-0.3016149607941466,64.59395047126037,-3.981424239553613,0.8556186337798967,7.692036233675022,64.60391026578841,-136.97593254845776,-24787.557480569845,-70.75776131634345,0.0,1.0035934195352922,-1044.5754437737623,-4812294568.420343,-468.1515442910516,-0.23354935980247316,0.0,0.0,1779.9499999999766,-3.3036899999999605,0.0,0.0,0.0,0.0,0.0,0.0,0.0,0.0,0.0,0.0,0.0,1256.0899999999601,-0.09666209999999817,0.0,0.0,0.0,0.0,0.0,0.0,0.0,0.0,0.0,0.004312022929151256,0.3772022166986332,5731.306860332175,-249.2651820457167,0.0,6.384247556506469e-08,0.0,-8.683402790886448e-09,53.97010089351228,-0.03246197824223693,53.97010089351228,0.0,1.4416303870281486,623.8580143716887,-2.5932250407818,4481.043041592632,4.841068347437297,0.0,-6.648510067735562e-17,0.0,1.9548975522998975e-14,-24.17716260657798,0.23624247282989416,-24.17716260657798,0.0,-7.214444040313303,998.9999999999941,0.7955546577803716,2.623302850114417,-12.461950021542444,gaze,0.5517111305577582,0.47792540941971495,-31.200302418326896,13.803820121237763,1039.663183161683,28.28980390117423,-0.3605986485562588,-34.72267814145772,-0.06660179329343538,0.0854537262199628,0.9741892616887052,4.239195396143298,-30.0131565179163,-2.0352604999529573,-34.21162699711472,-0.06340260603717046,0.02618475361735262,0.9833198525509417,4.402561308600857,-0.1938463026346343,-1.0657458256129866,-34.3972548349919,-0.06598327927688191,0.0653554039969077,0.9774483873871245,4.323236292458305,5.829240664777517,True,1.195723962958965,imu,-0.9367072848000002,-9.405952780000002,3.5841315776,0.0898303899999999,-4.51656365,-10.45738521,72.79926244590455,-2.3395880002154765,-3.2086557351589065
234.033789,1.05068249140038,7.728956729315543,4460.096800614851,2.555501710338188,8.965655232075381,1.0884978703355468,-137.11054893915866,16496.559059199877,0.10962353923455449,1.097670152715955,-6923.97386566875,0.37630085632977184,8.965655232075381,182433356.58836478,-36.04679049504806,-0.30529484099090587,64.57907164689308,-4.036626797140454,0.8813023645234616,7.713200865751207,64.58919166424903,-136.43573077367574,-25753.55501673163,-72.72602346036865,0.0,1.0223343440437564,-1080.113182279012,-5033873116.849176,-481.7885187950476,-0.23622022571121393,0.0,0.0,1779.9499999999753,-3.3036899999999587,0.0,0.0,0.0,0.0,0.0,0.0,0.0,0.0,0.0,0.0,0.0,1256.0899999999597,-0.09666209999999817,0.0,0.0,0.0,0.0,0.0,0.0,0.0,0.0,0.0,0.004286183051473061,0.3772045165599862,5731.338999805817,-249.38928704846296,0.0,6.467047859736186e-08,0.0,-8.689139764855143e-09,53.97028434133256,-0.03244025070543406,53.97028434133256,0.0,1.441634745130425,641.6072356518024,-2.659101334911481,4481.077140899175,4.810310714876458,0.0,-6.771354180287345e-17,0.0,1.9901444093738355e-14,-24.923688216938785,0.24221351992573498,-24.923688216938785,0.0,-7.543999805563573,998.9999999999936,0.7263641044247002,2.6368632265748406,-12.552434723934788,gaze,0.5507341833086894,0.4789961312611435,-34.686498038022144,13.567384918405345,1181.9960777896226,28.301974190462634,-0.3678258332202949,-34.71567995780841,-0.06578792114523409,0.0840926644326504,0.9745374645664466,4.237770314203335,-29.999659128556093,-2.047981296712107,-34.20270698750745,-0.06222003416001479,0.025216786712395706,0.9836315170270429,4.399597113518571,-0.19122060757358308,-1.075648064684449,-34.39243198051308,-0.0648802067535252,0.0641962318196837,0.9777965006075204,4.3208097254700615,6.867663784849664,True,1.209749297512849,imu,-0.998915176,-9.3706617648,3.6080576896,-0.38869185,-4.42684073,-9.71717112,72.82458603998818,-2.342363262262907,-3.1366951547029336
234.042208,1.078871446541536,7.749822025234097,4459.958564291647,2.4936006925887977,9.059863642049478,1.105057562011478,-136.59929916704039,16416.355452897726,0.1114947976047352,1.1143410041630546,-7160.988464741761,0.3724281392938993,9.059863642049478,190606839.27084956,-36.66794318360274,-0.30899516019616435,64.56440614000164,-4.092190954725396,0.9072560574306282,7.7338754801625385,64.57468787852434,-135.89238184336176,-26745.497428321294,-74.72050841146557,0.0,1.041237782045074,-1116.5340389882638,-5262653744.798798,-495.6705469564687,-0.23891215062308158,0.0,0.0,1779.9499999999744,-3.303689999999956,0.0,0.0,0.0,0.0,0.0,0.0,0.0,0.0,0.0,0.0,0.0,1256.0899999999576,-0.09666209999999806,0.0,0.0,0.0,0.0,0.0,0.0,0.0,0.0,0.0,0.004260433927832433,0.37720680583259414,5731.37104248439,-249.5129301226159,0.0,6.550576980979701e-08,0.0,-8.694854685976615e-09,53.97046718534514,-0.03241836750822087,53.97046718534514,0.0,1.4416390831783223,659.6745790583996,-2.7255618314864205,4481.111301761291,4.780008525275171,0.0,-6.895333839617124e-17,0.0,2.025708296796148e-14,-25.67576476837032,0.24823744344975937,-25.67576476837032,0.0,-7.876688287499963,998.999999999993,0.6563327877087666,2.6505903145707057,-12.641829108683078,gaze,0.514133028637681,0.508402572031391,-37.32216266972689,15.34372881341067,1322.205694122679,29.03690541409352,0.0914358037581847,-35.24597455808274,-0.0478902447186871,0.0160750801231457,0.9987232430757876,4.419178009033203,-29.3315230152707,-2.347548736216398,-33.94098077792771,-0.0068276137908882,0.0081807219860459,0.999943228127332,4.605479717254639,-0.1887203830854407,-1.1168866258145074,-34.60456497196212,-0.0301568465864743,0.0162061862023015,0.9992216768769516,4.456306314468383,8.422816150567085,True,2.0,imu,-1.0144548560294553,-9.369470602044572,3.302208217668916,1.648642402213812,-3.7805410734183553,-9.525719961523999,72.84547516691343,-2.345334091417162,-3.0663686385462205
234.042239,1.0789759642676828,7.749898093760903,4459.958055700334,2.49337164573803,9.060211933422739,1.1051187800358766,-136.5974085280634,16416.055427943356,0.11150172843346498,1.1144026334069157,-7161.872896760926,0.3724137586144528,9.060211933422739,190637467.0058752,-36.67024392153659,-0.3090088489978705,64.56435243406759,-4.092396607750998,0.9073523035430037,7.733950843332175,64.57463477197533,-135.89037153090936,-26749.205331001598,-74.72791498782539,0.0,1.0413078201322288,-1116.6700511532429,-5263511246.378485,-495.7222155669969,-0.23892212048411893,0.0,0.0,1779.9499999999744,-3.303689999999956,0.0,0.0,0.0,0.0,0.0,0.0,0.0,0.0,0.0,0.0,0.0,1256.0899999999579,-0.09666209999999803,0.0,0.0,0.0,0.0,0.0,0.0,0.0,0.0,0.0,0.0042603391009758875,0.37720681425871405,5731.37116051617,-249.51338540951622,0.0,6.550886480140678e-08,0.0,-8.694875728558958e-09,53.97046785878365,-0.0324182864900106,53.97046785878365,0.0,1.44163909914541,659.7418238938064,-2.7258080946576233,4481.1114278992145,4.779897577367304,0.0,-6.895793320476665e-17,0.0,2.0258400839556642e-14,-25.67854955385706,0.24825976439737463,-25.67854955385706,0.0,-7.877921418388961,998.9999999999932,0.6560728730177949,2.6506412649424647,-12.642156885897979,gaze,0.5497609910727315,0.48005565330257693,-37.32636219726649,15.127982435638886,1320.743967599797,28.314104010826597,-0.37458583577341237,-34.709070703814724,-0.0649770005718422,0.08274105200265323,0.974885779581506,4.2363604343941335,-29.986234614017743,-2.060636910435483,-34.19375965911456,-0.061043991942408254,0.024259977698860773,0.9839428537006859,4.396637550415801,-0.18858376208799413,-1.085516525000688,-34.387572519338796,-0.06378257575948912,0.06304525900399312,0.9781444153180207,4.3183972039436895,7.867974802556891,True,1.2237449418780113,imu,-0.9941299536,-9.3114446376,3.5847297304,-0.45598404,-4.07542596,-8.75264973,72.84554423316852,-2.34534540995542,-3.0661122197155066
234.05069,1.1076673900347096,7.7704250730322695,4459.819521368952,2.4306230923286147,9.155545839067806,1.1218743193671805,-136.0797598531459,16332.957913823193,0.11340232548593814,1.1312708022422988,-7406.22716827256,0.3684602258571743,9.155545839067806,199135068.69599158,-37.301185928758024,-0.3127580970121615,64.54979353084562,-4.148751102295398,0.9337774945455111,7.754284642670514,64.5602403430108,-135.33968931548043,-27775.42285844912,-76.76430208135903,0.0,1.0605201626694751,-1154.2778847853726,-5501482658.129944,-509.9606345753466,-0.24165593240825342,0.0,0.0,1779.9499999999753,-3.303689999999957,0.0,0.0,0.0,0.0,0.0,0.0,0.0,0.0,0.0,0.0,0.0,1256.0899999999576,-0.09666209999999806,0.0,0.0,0.0,0.0,0.0,0.0,0.0,0.0,0.0,0.0042344835613242465,0.37720911046001615,5731.403350058756,-249.63750658927398,0.0,6.63579158912788e-08,0.0,-8.700612045831305e-09,53.97065149941842,-0.032396078579717165,53.97065149941842,0.0,1.441643450354806,678.272245298292,-2.793367894511473,4481.145911461032,4.749825037398878,0.0,-7.021871041186317e-17,0.0,2.0619969660182862e-14,-26.44198858933956,0.25438325156511454,-26.44198858933956,0.0,-8.216323524321773,998.9999999999936,0.58465188364206,2.6646427116049862,-12.731131938257128,gaze,0.5487915383417781,0.48110405561176794,-38.46036089780771,16.630369925535145,1399.450168839712,28.32619363424467,-0.3809026924803749,-34.7028337652831,-0.06416905242925046,0.08139875700181998,0.9752342448135056,4.234965533965165,-29.972882725593198,-2.073227780349923,-34.18478483886868,-0.059874425658429466,0.02331424654826362,0.9842538882064157,4.393682269401447,-0.18601440384603773,-1.0953514073503892,-34.382676692010506,-0.06269037042137672,0.06190236943417908,0.9784921637397853,4.315998448897937,8.372583392674144,True,1.2377127773110963,imu,-0.963026008,-9.3317818328,3.587720494400001,-0.23915365,-3.68662664,-7.646067049999999,72.86226712872902,-2.348534675686387,-2.9969081808506535
234.059141,1.1367564940570802,7.790528698615864,4459.6812158482735,2.367259040278661,9.251650303957753,1.1387633555012202,-135.55763912742066,16247.21638248628,0.115325287314366,1.1482735202848853,-7657.1367629876895,0.36444033275111853,9.251650303957753,207932959.6673623,-37.93960297092223,-0.3165423817295368,64.53540090256976,-4.205687966026156,0.9605777670837355,7.774193306025885,64.54601434126386,-134.78371176454522,-28832.78056189199,-78.83534512164252,0.0,1.0799709730539508,-1192.9559516153245,-5747983960.4412775,-524.5068945317284,-0.24442159370833505,0.0,0.0,1779.949999999974,-3.303689999999955,0.0,0.0,0.0,0.0,0.0,0.0,0.0,0.0,0.0,0.0,0.0,1256.0899999999565,-0.096662099999998,0.0,0.0,0.0,0.0,0.0,0.0,0.0,0.0,0.0,0.0042086180847856255,0.37721140501378025,5731.435564612467,-249.7616359904166,0.0,6.721761699143859e-08,0.0,-8.706348044087344e-09,53.97083525168701,-0.032373627733116105,53.97083525168701,0.0,1.4416477984955327,697.202615953506,-2.861779709905039,4481.180588293104,4.720100031154182,0.0,-7.149586887503951e-17,0.0,2.0986148208950902e-14,-27.213980104137626,0.2605838877415062,-27.213980104137626,0.0,-8.559202655166832,998.9999999999932,0.5120968572366813,2.6788684522810673,-12.819343385762735,gaze,0.5478261541729119,0.4821410438920346,-46.09023809828776,20.247039528054813,1743.1806123687845,28.338239036287533,-0.38679742831379893,-34.69695518566852,-0.06336438447088841,0.08006612602215032,0.9755827746511433,4.233585890565595,-29.959607964847507,-2.0857498677432647,-34.17578552979233,-0.058711697927700306,0.02237985112253564,0.9845645356661116,4.390731971778589,-0.1835818266209269,-1.105149419437335,-34.37774646417043,-0.06160396334014065,0.06076785442269051,0.978839654611387,4.313614037127811,8.195044992149077,True,1.2516497122948724,imu,-0.9719983,-9.4161213776,3.588916800000001,0.35899915,-3.26044277,-7.055391159999999,72.87488270852002,-2.3519302107734834,-2.9291075079531064
234.05994,1.139527411287633,7.792407256508586,4459.668151653611,2.361236280532852,9.260776536156522,1.140367067166179,-135.50804294072304,16238.970967033878,0.11550825743382848,1.1498880347169655,-7681.202867016103,0.36405682445101406,9.260776536156522,208780577.84501994,-38.00035106672031,-0.3169019883730875,64.53404890768033,-4.2111013502032115,0.9631311116890847,7.776053338564026,64.54467821208624,-134.73087153632292,-28934.384900157092,-79.03295946066507,0.0,1.0818223556234947,-1196.6690062611606,-5771738962.231673,-525.8982722279361,-0.24468473024211448,0.0,0.0,1779.9499999999734,-3.303689999999955,0.0,0.0,0.0,0.0,0.0,0.0,0.0,0.0,0.0,0.0,0.0,1256.089999999956,-0.096662099999998,0.0,0.0,0.0,0.0,0.0,0.0,0.0,0.0,0.0,0.004206172067569328,0.37721162187159407,5731.438611631747,-249.7733722362529,0.0,6.729945154100483e-08,0.0,-8.706890337901819e-09,53.970852630694225,-0.03237149248106492,53.970852630694225,0.0,1.4416482094409764,699.0133096398472,-2.8682920388568833,4481.183876842513,4.717307782025166,0.0,-7.161747059223367e-17,0.0,2.102100852226653e-14,-27.287412888585656,0.2611741412612151,-27.287412888585656,0.0,-8.591853118353647,998.9999999999927,0.5051780081194863,2.680225121600377,-12.827643617388418,gaze,0.5477351001029838,0.48223848938267094,-47.44197374007746,20.808661389018418,1801.9003993618978,28.33937548794179,-0.3873336780952945,-34.6964174121801,-0.06328848445229995,0.07994063909657892,0.975615728151189,4.233456245514969,-29.958356997492952,-2.0869301187557436,-34.17493349311234,-0.05860212965862291,0.022292100347181716,0.9845938840780214,4.390453306344694,-0.18336113213771535,-1.106073788681165,-34.37727860607225,-0.061501557680577454,0.06066103052651603,0.9788724930106781,4.313389355455008,8.142475828005066,True,1.2529657294600172,imu,-1.009869647407084,-9.371670873830743,3.298199600749043,1.7419902460123973,-4.0340867618215075,-10.016222080446985,74.573774,-2.618474800000015,-4.96221200000001
234.062189,1.1473461559482092,7.797674285200161,4459.631390050948,2.3442538278405767,9.286501996165345,1.1448875966855794,-135.36822519769464,16215.631805980112,0.11602435914082872,1.1544390224207324,-7749.265132759578,0.36297413157397207,9.286501996165345,211181273.90349925,-38.17170494578056,-0.31791589225148487,64.53025156946578,-4.226366957707686,0.9703363464676297,7.781268136484538,64.54092563644649,-134.5818823692565,-29221.91068330472,-79.59088324583445,0.0,1.0870451149418179,-1207.1730770941067,-5839025711.559431,-529.8297170155964,-0.24542694103347426,0.0,0.0,1779.949999999974,-3.303689999999955,0.0,0.0,0.0,0.0,0.0,0.0,0.0,0.0,0.0,0.0,0.0,1256.089999999957,-0.096662099999998,0.0,0.0,0.0,0.0,0.0,0.0,0.0,0.0,0.0,0.004199286540530773,0.37721223220383127,5731.44718948491,-249.8064074503372,0.0,6.753031260441777e-08,0.0,-8.708416754464675e-09,53.97090155449732,-0.03236547048077459,53.97090155449732,0.0,1.4416493660240006,704.1295354771395,-2.88666400474611,4481.193142664688,4.709465109867516,0.0,-7.196054529780023e-17,0.0,2.111935565948465e-14,-27.494523147640166,0.2628393049875162,-27.494523147640166,0.0,-8.683973456235247,998.9999999999934,0.48564792892330644,2.684054735013353,-12.850969877672341,gaze,0.5131002594854894,0.5086812766041903,-51.8587839506952,22.40488099431252,1990.706916904215,29.07291765295549,0.0185572743297114,-35.15906841221596,-0.0388447274608491,0.0151286520038593,0.9991307277013548,4.425021171569824,-29.36712195656328,-2.384421523605167,-33.89823691206445,-0.0121797252853851,0.0081491717404444,0.9998926168803915,4.556199073791504,-0.1699475736175941,-1.1289649693901358,-34.58898696180622,-0.0281084347915328,0.0150377370678716,0.9993008546162574,4.480316066741944,6.310120473260965,True,2.0,imu,-1.0092973458793653,-9.371955126410958,3.2976719732023416,1.769597824417999,-4.049780529716383,-10.075680124411766,72.87845100052803,-2.3532053789663676,-2.9050011504574154
234.067592,1.1662463397069693,7.8102024626236535,4459.543140940566,2.303275143509305,9.348529845180959,1.1557867185396615,-135.0310220438181,16158.770463495515,0.11727079268950263,1.165411624699807,-7914.731206462716,0.36035369716630483,9.348529845180959,217039027.54403538,-38.585555145807824,-0.32036193833415727,64.5211787950242,-4.263211470003382,0.987756023813224,7.793670313688337,64.53196103025408,-134.22240212148188,-29921.977704960824,-80.94144227713295,0.0,1.0996620927240477,-1232.728137430467,-6003242421.29158,-539.3657929993918,-0.2472193558096663,0.0,0.0,1779.9499999999734,-3.3036899999999534,0.0,0.0,0.0,0.0,0.0,0.0,0.0,0.0,0.0,0.0,0.0,1256.0899999999556,-0.09666209999999792,0.0,0.0,0.0,0.0,0.0,0.0,0.0,0.0,0.0,0.0041827412594052545,0.3772136980424634,5731.467804160615,-249.88577370173084,0.0,6.808805225505194e-08,0.0,-8.712083729611654e-09,53.97101912579737,-0.03235093211486531,53.97101912579737,0.0,1.4416521438212015,716.5392398865577,-2.931050394310776,4481.2154591518565,4.690725890998891,0.0,-7.278955110576427e-17,0.0,2.135697632540424e-14,-27.9945880135419,0.2668622932981484,-27.9945880135419,0.0,-8.906594772586814,998.999999999993,0.4383951742950778,2.6933210079363805,-12.906785368841275,gaze,0.5468650510041818,0.48316645240809614,-65.23759833992993,28.032424977412255,2568.3582823151282,28.350237643502872,-0.39229131544364443,-34.691420491343706,-0.0625632070688187,0.07874334319593594,0.9759313246674856,4.232221613026311,-29.94641321938775,-2.0982006552232333,-34.166763678378565,-0.057556030179544464,0.021456932879610226,0.9848747481140514,4.387787008467682,-0.18134524177320877,-1.1149084519405361,-34.37278323020502,-0.06052359529216601,0.05964186686268395,0.9791868379138031,4.311244257458697,7.361741545360997,True,1.2655543112915135,imu,-0.9983170232,-9.3293892216,3.564392535200001,0.66555246,-3.11090457,-6.905852959999999,72.88352690978462,-2.3555314725289738,-2.8627243093202073
234.076043,1.1961400032846847,7.8294398149998425,4459.405298455658,2.2386670363315364,9.446188997004366,1.1729452423688551,-134.49988423973002,16067.558920908254,0.11923902126733056,1.1826859564672967,-8179.141699214618,0.3561999362736853,9.446188997004366,226461296.8486045,-39.2391028503707,-0.32421700302303147,64.50713148586787,-4.321325905199364,1.0153151795880695,7.812709103729738,64.51808470546163,-133.6557234653904,-31043.723873578165,-83.08299461570002,0.0,1.1195953717239637,-1273.618682673482,-6267489309.873251,-554.5421754105461,-0.2500494714504188,0.0,0.0,1779.949999999973,-3.3036899999999525,0.0,0.0,0.0,0.0,0.0,0.0,0.0,0.0,0.0,0.0,0.0,1256.0899999999547,-0.09666209999999789,0.0,0.0,0.0,0.0,0.0,0.0,0.0,0.0,0.0,0.00415685166697303,0.37721598966906833,5731.500068686413,-250.00991981239372,0.0,6.896930626957436e-08,0.0,-8.717819108726626e-09,53.97120313200291,-0.032327989880820134,53.97120313200291,0.0,1.4416564865866475,736.2884863427344,-3.0011868347661284,4481.250524795388,4.661705964939202,0.0,-7.409990036793373e-17,0.0,2.1732494061260554e-14,-28.783876535111503,0.2732190916445608,-28.783876535111503,0.0,-9.258536012509566,998.9999999999923,0.3635341271996495,2.7080029173302256,-12.99345200092631,gaze,0.5459084400038583,0.48418011798288646,-84.4251326554274,36.39544235635318,3399.5091282540184,28.362186896052094,-0.397405052532737,-34.68621549416709,-0.06176572931014831,0.07743059066530364,0.9762798504119282,4.230872809076788,-29.933301355249196,-2.1105776457381307,-34.15772123151842,-0.056407642170030664,0.020545630721983694,0.9851844776398617,4.384847730465881,-0.1793546114117189,-1.1246264091222333,-34.367788385928726,-0.05944950539760412,0.0585245578856811,0.9795336636928761,4.30888939701668,6.052863785614764,True,1.2794251368477556,imu,-0.9893447312,-9.222319870400002,3.5691777576,0.9945365,-2.99127401,-7.100252619999999,72.88834054547985,-2.359337883459683,-2.7977707724874947
234.08228,1.2184628947127794,7.843353601955007,4459.303718186333,2.190582113903128,9.518765986536561,1.185695736849438,-134.104980723249,15998.43301286595,0.12070629076136577,1.195522607630166,-8378.730874039238,0.3530911061139701,9.518765986536561,233622679.2099823,-39.7263404616473,-0.32708502643109416,64.4968789299977,-4.364596986191351,1.035900365678604,7.826475182634935,64.50795975296221,-133.23403865947608,-31892.890261296692,-84.6864766759866,0.0,1.1344629092060818,-1304.528328149314,-6468410846.480122,-565.9491160463859,-0.2521590495064918,0.0,0.0,1779.9499999999725,-3.3036899999999525,0.0,0.0,0.0,0.0,0.0,0.0,0.0,0.0,0.0,0.0,0.0,1256.0899999999535,-0.09666209999999786,0.0,0.0,0.0,0.0,0.0,0.0,0.0,0.0,0.0,0.00413773562980255,0.37721768010651346,5731.523896534369,-250.10154746115762,0.0,6.962667693546664e-08,0.0,-8.72205173566393e-09,53.971339022855375,-0.03231089882204559,53.971339022855375,0.0,1.4416596901386423,751.1322065164467,-3.0535081708885987,4481.276529281542,4.640517845205476,0.0,-7.507773684187008e-17,0.0,2.2012664576295095e-14,-29.371991622448974,0.2779611741320778,-29.371991622448974,0.0,-9.521214201642096,998.9999999999923,0.30753419954456973,2.7189870387451176,-13.056912908262621,gaze,0.5124254885643865,0.5088376759633403,-86.91218639501223,39.01863889251837,3528.991353933468,29.11346701389943,-0.0064640171152268,-35.12062437730669,-0.0309758749188374,0.0143348494606815,0.9994173338820737,4.474916934967041,-29.41194613896128,-2.407408636634279,-33.87468526752473,-0.017695879221393,0.0082306704526747,0.9998095378233204,4.512907028198242,-0.1585937049123611,-1.14615114016738,-34.56985607272613,-0.0265048596093329,0.0137349650617671,0.999382652408542,4.493212652206421,4.201493575242863,True,2.0,imu,-1.0042786469490286,-9.374545250653856,3.2927690823449205,2.2187241302833165,-3.9851788033151516,-10.553156695074595,72.88952129620964,-2.3622783021023093,-2.750756827212463
234.084507,1.2264874998305155,7.848262729706171,4459.267478712407,2.173329494639514,9.544784350638295,1.1902664736724633,-133.96337375321036,15973.372778198216,0.12123323424552411,1.2001242500227405,-8450.923975865315,0.35197212085275853,9.544784350638295,236223177.3395576,-39.90132982695898,-0.3281138258189847,64.49324209175543,-4.380126355186599,1.0433014427771103,7.831331328541637,64.50436876957136,-133.0827545009368,-32200.54178919133,-85.26378341424942,0.0,1.1398038959758094,-1315.7177374969551,-6541387833.503727,-570.0650275879891,-0.2529166236028624,0.0,0.0,1779.9499999999725,-3.3036899999999525,0.0,0.0,0.0,0.0,0.0,0.0,0.0,0.0,0.0,0.0,0.0,1256.0899999999533,-0.09666209999999786,0.0,0.0,0.0,0.0,0.0,0.0,0.0,0.0,0.0,0.004130908024058789,0.3772182835394212,5731.5324078624435,-250.13426540302987,0.0,6.986284488907177e-08,0.0,-8.723563009719123e-09,53.971387563989936,-0.03230476331187435,53.971387563989936,0.0,1.4416608337231325,756.4881407498713,-3.072305859630877,4481.28584037605,4.6329998031401445,0.0,-7.542911524742532e-17,0.0,2.2113330272364735e-14,-29.58314455799978,0.2796648705147426,-29.58314455799978,0.0,-9.615614674180765,998.9999999999923,0.28738305005568066,2.722939858664592,-13.07946887922207,gaze,0.5449550704567878,0.48518341177916524,-84.38656105929059,38.54049672380513,3429.3522648540443,28.37410250835907,-0.40216581652634964,-34.681319004484706,-0.06097094133656959,0.07612605282755694,0.976628843363104,4.229537546505849,-29.92025524595256,-2.1228972250435922,-34.14864618435185,-0.0552650028189525,0.01964470632028762,0.9854941515948644,4.381909981486835,-0.1776487873537513,-1.1343160575099533,-34.362755575857335,-0.058380293985224804,0.05741437855200154,0.9798806146142327,4.3065461539873,4.541209824420977,True,1.2932820048497369,imu,-1.0210468296,-9.2061697448,3.5482424096,1.55530475,-2.89407418,-7.75074379,72.889467933941,-2.363355158320445,-2.7341606145785824
234.092971,1.2572462729690828,7.866634611021839,4459.129895764056,2.10735699638394,9.644170870575667,1.2077249675521218,-133.4222795473654,15876.286921611987,0.12325060376065536,1.2177008903342113,-8729.81178926707,0.3476762027423608,9.644170870575667,246318760.9167767,-40.571297882635164,-0.332046743299233,64.47953671890264,-4.439528230993212,1.071675666770386,7.849500684424502,64.49083908554371,-132.50432537011022,-33391.46498938511,-87.48095056242269,0.0,1.1602590654913607,-1358.9883416189919,-6824778976.322659,-585.9162145628542,-0.2558167403011168,0.0,0.0,1779.9499999999725,-3.3036899999999534,0.0,0.0,0.0,0.0,0.0,0.0,0.0,0.0,0.0,0.0,0.0,1256.0899999999533,-0.09666209999999786,0.0,0.0,0.0,0.0,0.0,0.0,0.0,0.0,0.0,0.004104948708437448,0.37722057625199024,5731.564772059015,-250.25861959908713,0.0,7.076740670862512e-08,0.0,-8.729306616166468e-09,53.971572149203,-0.03228128563872745,53.971572149203,0.0,1.4416651788068573,777.1146735231998,-3.144307234704931,4481.3213528682845,4.604655715103586,0.0,-7.677533838063159e-17,0.0,2.2498951595201477e-14,-30.39124976321098,0.2861905443422096,-30.39124976321098,0.0,-9.977329541597296,998.9999999999927,0.2100432593889856,2.7381120108269936,-13.164696119233648,gaze,0.5440066268807406,0.48617460674806123,-62.62892446262808,32.66525182547944,2552.2841405405975,28.385963517598615,-0.4065851144664266,-34.67672559270949,-0.060180280134108304,0.07483193570531735,0.9769777226707488,4.228218018037395,-29.90729795993141,-2.135137830319477,-34.13955438714644,-0.054130101613467,0.0187557047837627,0.9858032451407761,4.378978640068836,-0.17626420352984118,-1.1439603392122848,-34.35769386391386,-0.057317854954576405,0.05631320251066286,0.9802271068383838,4.304218447241524,3.141061759123463,True,1.307102104003118,imu,-1.058730456,-9.132596950400002,3.4740714624,2.13102682,-2.909028,-8.588157709999999,72.88704898381445,-2.3675769491335514,-2.672003369704459
234.101435,1.2884194523517267,7.884548750739449,4458.992551451722,2.0407450962955487,9.744353164043277,1.2253215732188645,-132.8765769799162,15776.237186195794,0.12529131298149507,1.2354167338315314,-9015.942062498812,0.3433117952427214,9.744353164043277,256756529.21076816,-41.24906860009845,-0.33601599581999536,64.4660197614342,-4.499535903749637,1.1004408168167232,7.867210451091058,64.47750006566679,-131.9203984837443,-34617.237927259775,-89.73490778924139,0.0,1.1809627649366914,-1403.4559326432122,-7117907355.569211,-602.1007499263567,-0.2587500794316776,0.0,0.0,1779.949999999972,-3.3036899999999525,0.0,0.0,0.0,0.0,0.0,0.0,0.0,0.0,0.0,0.0,0.0,1256.0899999999526,-0.09666209999999784,0.0,0.0,0.0,0.0,0.0,0.0,0.0,0.0,0.0,0.0040789722762426955,0.3772228679320142,5731.597161258947,-250.38298249132936,0.0,7.16830780226498e-08,0.0,-8.7350499345348e-09,53.97175689808189,-0.03225755498204167,53.97175689808189,0.0,1.4416695220975657,798.1746820758699,-3.217197980559166,4481.357063038733,4.576677111698199,0.0,-7.813871597414146e-17,0.0,2.288939890975418e-14,-31.20825758090782,0.2927967486227461,-31.20825758090782,0.0,-10.343717445702463,998.9999999999925,0.13150172133144977,2.753521978338611,-13.249127725415459,gaze,0.5430633173425131,0.4871535469318692,-39.856946172676366,24.59839991361903,1634.8323577806862,28.397767396053716,-0.41068204976860234,-34.67242185256712,-0.05939395161696029,0.07354841605090053,0.9773264436343755,4.2269143284281885,-29.894432307845126,-2.1472970176133437,-34.130447795258036,-0.05300315402443809,0.017878757709821322,0.9861117103470275,4.376054058790635,-0.17522629508563053,-1.1535571924589891,-34.35260465529534,-0.05626242324630293,0.05522117608329528,0.9805730904126904,4.301906559774625,2.1419148786008573,True,1.3208839849231315,imu,-1.0874417904,-9.0542389336,3.4477527392,2.91610237,-2.86416654,-9.44800236,72.88123779037629,-2.3720025699354426,-2.6113057646395754
234.102261,1.2914839482844194,7.886272220299968,4458.979160898584,2.034210043476449,9.754172725328795,1.227046251041017,-132.8230742464399,15766.31218883954,0.12549172225461727,1.2371531067717931,-9044.258516568398,0.3428821910503297,9.754172725328795,257793796.89457467,-41.315632303796,-0.3364053093662283,64.46471090077264,-4.505424648860155,1.103269049965995,7.868913876521705,64.47620869101718,-131.8631173258196,-34738.75547999016,-89.956856868107,0.0,1.182996615950913,-1407.860585556159,-7147044468.925503,-603.6982375980732,-0.2590381323696449,0.0,0.0,1779.9499999999707,-3.30368999999995,0.0,0.0,0.0,0.0,0.0,0.0,0.0,0.0,0.0,0.0,0.0,1256.0899999999524,-0.09666209999999778,0.0,0.0,0.0,0.0,0.0,0.0,0.0,0.0,0.0,0.0040764362706629045,0.3772230915259973,5731.600323452683,-250.395119509273,0.0,7.177303642875623e-08,0.0,-8.735610408594753e-09,53.971774936844284,-0.032255225492572495,53.971774936844284,0.0,1.4416699458721376,800.2533884898419,-3.2243592690104212,4481.360558602606,4.573966387975791,0.0,-7.82726919447591e-17,0.0,2.2927762583638093e-14,-31.288468458244296,0.29344578356317375,-31.288468458244296,0.0,-10.379724822200668,998.9999999999927,0.12377201656508063,2.7550386685445787,-13.257324551412518,gaze,0.5123244336319449,0.5054035478117479,-38.47148333724729,23.87145407206554,1577.819755147482,29.04659563808731,-0.1539595728548835,-34.94234118536886,-0.0325054103481115,0.0242847157100687,0.9991764863531276,4.328046798706055,-29.39278495044085,-2.409170100966805,-33.87453418387651,-0.0149685217436148,0.0068900655013823,0.9998642259598038,4.542843341827393,-0.1586860001697978,-1.1871254750398172,-34.522863335670976,-0.0259039518026667,0.0130990759227706,0.9994218746012729,4.482097291946412,3.19866917368747,True,2.0,imu,-0.9994573973499399,-9.37720994015132,3.287559683183358,3.0477809060684584,-3.509330624055875,-10.886507049210099,72.88049487388285,-2.3724453551092566,-2.605460672971949
234.109899,1.3200101807307814,7.9019983977624175,4458.855447624213,1.9734893292032432,9.845335855679966,1.2430571437288342,-132.32624135299352,15673.158512487542,0.1273555459758158,1.253272640820489,-9309.453446753436,0.33887851095543886,9.845335855679966,267545106.33783388,-41.93470386589459,-0.3400218247650391,64.45269564591617,-4.560153764800102,1.1295998705254595,7.8844538653136915,64.46435615475713,-131.33093608595345,-35878.61574454432,-92.02606978260974,0.0,1.2019168877133708,-1449.1463153038972,-7421021754.995049,-618.6236963563513,-0.26171690021561134,0.0,0.0,1779.9499999999707,-3.3036899999999507,0.0,0.0,0.0,0.0,0.0,0.0,0.0,0.0,0.0,0.0,0.0,1256.0899999999515,-0.09666209999999775,0.0,0.0,0.0,0.0,0.0,0.0,0.0,0.0,0.0,0.004052977277157685,0.3772251587052955,5731.629575444953,-250.50735417091386,0.0,7.260994556661507e-08,0.0,-8.740792971328696e-09,53.97194182111335,-0.03223356945354246,53.97194182111335,0.0,1.4416738638562654,819.6748307893039,-3.29098515184693,4481.392971655721,4.54906741967169,0.0,-7.951939499902094e-17,0.0,2.3284713311624708e-14,-32.03423374813051,0.2994841219368918,-32.03423374813051,0.0,-10.714815394373659,998.999999999992,0.05174531218660405,2.7691723838637845,-13.332757674826125,gaze,0.5421253484660662,0.4881200791187189,-35.26816001883988,20.672206866473438,1475.1203707447035,28.409511631634714,-0.41447517475289297,-34.6683946559327,-0.05861216023051312,0.07227566846138825,0.9776749615476744,4.225626581227636,-29.881661076273968,-2.159372365633973,-34.12132836328582,-0.05188437366961271,0.01701399396491176,0.9864194993616352,4.373136590126614,-0.17455328578813764,-1.1631045709381647,-34.34748935571759,-0.05521423194161,0.05413844368889788,0.9809185154743127,4.299610772650212,1.7512867599970803,True,1.33462619662468,imu,-1.1317050976,-9.001003334400002,3.3807596256,3.62640882,-2.73705907,-10.59196959,72.87219197040626,-2.3766312991942575,-2.5520727940056647
234.118363,1.352021613982841,7.918976757989505,4458.718586138033,1.9055852099914645,9.947123587568454,1.260932535992544,-131.77124791321046,15566.984940585215,0.12944348771246986,1.2712694754921647,-9610.486332051474,0.33437596178467555,9.947123587568454,278693260.0867052,-42.6282658711218,-0.34406447254779154,64.43956883144841,-4.62138622574731,1.1591558178881094,7.901224120808886,64.45141183025223,-130.73590025377712,-37176.36434732191,-94.35485419971693,0.0,1.2231233359776112,-1496.0856640399215,-7734375160.04655,-635.4901658481036,-0.26471746321195694,0.0,0.0,1779.9499999999716,-3.3036899999999516,0.0,0.0,0.0,0.0,0.0,0.0,0.0,0.0,0.0,0.0,0.0,1256.0899999999515,-0.09666209999999781,0.0,0.0,0.0,0.0,0.0,0.0,0.0,0.0,0.0,0.0040269622543759286,0.3772274486982051,5731.6620145996585,-250.63173472939252,0.0,7.354809651806537e-08,0.0,-8.746535733091319e-09,53.97212692883133,-0.032209327155998585,53.97212692883133,0.0,1.4416782043452359,841.6218513503934,-3.3656758373816316,4481.429079489274,4.521830081686378,0.0,-8.091752319266506e-17,0.0,2.3684936112567357e-14,-32.869244309482504,0.30625330595696565,-32.869244309482504,0.0,-11.090660572820841,998.999999999993,-0.029239181863946584,2.7850658682699923,-13.415579917069287,gaze,0.5411929253911889,0.4890740528855692,-45.0451089711962,21.103083749173802,1902.0575543223051,28.421193728362056,-0.4179824971358165,-34.664631150554584,-0.057835108907331303,0.07101386534040123,0.9780232317030174,4.224354878752992,-29.868987027125055,-2.171361476300587,-34.11219804478289,-0.05077397227120421,0.016161539644546318,0.9867265644169283,4.370226586401368,-0.17425671215733202,-1.1726004442444173,-34.34234937118555,-0.05417351221398113,0.053065147811281355,0.9812633322563475,4.29733136494472,2.0514986227693757,True,1.3483272866041178,imu,-1.148453376,-8.975282764000001,3.354440902400001,4.36662291,-2.78939744,-11.56396789,72.8600723158521,-2.3814623796726746,-2.494307774579985
234.122353,1.3672588824240741,7.926815096095085,4458.654153075518,1.8733484974288395,9.995387703318585,1.2694078829399909,-131.5079968945181,15515.84140228806,0.13043603648119761,1.279802457043674,-9755.044867120243,0.3322292893569143,9.995387703318585,284075840.71840924,-42.957983741829935,-0.34598304925413215,64.4334504513865,-4.650466136340281,1.173227244141171,7.908963703901815,64.4453802753376,-130.45345157466835,-37800.96935368941,-95.46583070909756,0.0,1.2332082884974112,-1518.653996707254,-7885716953.164349,-643.5617723349665,-0.2661437307173094,0.0,0.0,1779.9499999999698,-3.30368999999995,0.0,0.0,0.0,0.0,0.0,0.0,0.0,0.0,0.0,0.0,0.0,1256.08999999995,-0.09666209999999772,0.0,0.0,0.0,0.0,0.0,0.0,0.0,0.0,0.0,0.004014691193854393,0.37722852798550943,5731.6773153415725,-250.69037186481177,0.0,7.3994286975176e-08,0.0,-8.749242825245598e-09,53.97221425722299,-0.03219780953913272,53.97221425722299,0.0,1.4416802501227233,852.1247822353549,-3.4012010357676075,4481.446170334452,4.509120300297965,0.0,-8.158270652191442e-17,0.0,2.3875318643202083e-14,-33.26602746132697,0.3094729130554299,-33.26602746132697,0.0,-11.26949420454103,998.9999999999918,-0.06784566446712859,2.7926432519633693,-13.454341148846511,gaze,0.5119526186674115,0.5094927265260043,-49.78363627111776,21.63240944490746,2106.224940052636,29.0696969518245,-0.1131243183821441,-35.00818868093226,-0.0324879711065256,0.0167660707961373,0.9993314918501472,4.418900966644287,-29.38967346284211,-2.425037735935721,-33.86881688564113,-0.0138461772368508,0.0046152589226103,0.9998934857078544,4.541426181793213,-0.1553466853217969,-1.2137141563622729,-34.493345124094105,-0.0248222145831142,0.012265525669705,0.9995182377361193,4.48249192237854,4.01870632935713,True,2.0,imu,-0.9947837726535315,-9.379975916459903,3.281992857536699,4.178524075328033,-2.6042710634630164,-11.031029719519005,72.8533396017957,-2.383809744815049,-2.4675865181273298
234.126827,1.3844569211325686,7.935476994199664,4458.581968857367,1.8370282335563246,10.049721019268853,1.2789486107844414,-131.21157185172717,15457.649604237638,0.13155532406350237,1.2894081059325582,-9919.182857959906,0.32980375893827096,10.049721019268853,290209903.105366,-43.32981711214834,-0.3481441826135191,64.4266438097565,-4.683237718498144,1.1891116613005352,7.917514368121972,64.43867160230289,-130.13525289681132,-38511.26048177738,-96.7216816774795,0.0,1.2445840206597716,-1544.3005255694766,-8058224793.052308,-652.7053199453458,-0.26775203032117606,0.0,0.0,1779.9499999999698,-3.303689999999948,0.0,0.0,0.0,0.0,0.0,0.0,0.0,0.0,0.0,0.0,0.0,1256.0899999999488,-0.09666209999999767,0.0,0.0,0.0,0.0,0.0,0.0,0.0,0.0,0.0,0.004000925744561592,0.3772297380376829,5731.694478705564,-250.75612425871185,0.0,7.44976184976574e-08,0.0,-8.752278226404507e-09,53.972312231817085,-0.03218482618320144,53.972312231817085,0.0,1.441682543828025,864.022543089073,-3.4412771602156136,4481.465387311077,4.494968556354234,0.0,-8.233324906067392e-17,0.0,2.409010884102952e-14,-33.71335561783072,0.31310494545420403,-33.71335561783072,0.0,-11.471290343991399,998.9999999999916,-0.11146506505553333,2.8012050906880823,-13.49758837423584,gaze,0.5402662517321442,0.4900153206412183,-52.8668024295683,21.869229457433146,2238.465999244537,28.432811206849287,-0.4212214865225702,-34.66111875777845,-0.057062999023127906,0.06976317685985053,0.9783712093959644,4.223099322064526,-29.85641289703813,-2.183261975292262,-34.10305879196663,-0.04967215961345534,0.015321518033314933,0.9870328578352834,4.367324399744243,-0.1743419475977073,-1.1820427983271982,-34.337186107763564,-0.05314049328087546,0.0520014289664924,0.9816074910939736,4.295068613691859,3.0045632550071852,True,1.3619858009212664,imu,-1.2154464896,-9.0446684888,3.3837503896,5.28628284,-2.63238233,-12.20698215,72.84504244749304,-2.3864950182908276,-2.438012399602623
234.135291,1.4173192843754179,7.951492225936343,4458.445597654147,1.7678138747641867,10.153132827848776,1.2971062327518643,-130.64718830433378,15345.084724910092,0.13369124180619402,1.3076894041316083,-10235.686924300817,0.3251615129290162,10.153132827848776,302104094.0875007,-44.03942039130662,-0.35226119944137035,64.4139251052853,-4.745712695307307,1.2194704155841118,7.933317714511308,64.42614001386673,-129.52895575686443,-39884.09180990098,-99.1269758429047,0.0,1.2663008614831475,-1593.8178214632317,-8392832148.400094,-670.2743699707667,-0.27082086478850453,0.0,0.0,1779.9499999999698,-3.303689999999948,0.0,0.0,0.0,0.0,0.0,0.0,0.0,0.0,0.0,0.0,0.0,1256.0899999999485,-0.09666209999999764,0.0,0.0,0.0,0.0,0.0,0.0,0.0,0.0,0.0,0.003974866277810891,0.3772320268512461,5731.72696774508,-250.88052285121432,0.0,7.545859957016569e-08,0.0,-8.758020457888906e-09,53.972497740699936,-0.03216006461994596,53.972497740699936,0.0,1.4416868825694769,886.8837733151564,-3.517796277716481,4481.501895894537,4.468486318272998,0.0,-8.376672187868097e-17,0.0,2.450027324267888e-14,-34.56663433497704,0.320039688305668,-34.56663433497704,0.0,-11.856742248962139,998.9999999999916,-0.1949457323326591,2.817592728572013,-13.578776940843275,gaze,0.5393455295363474,0.49094373766928046,-52.61808460951245,20.07087145546029,2275.992036241402,28.444361604785694,-0.4242090808990893,-34.65784517027133,-0.05629603035276271,0.06852377092173141,0.9787188499297614,4.2218600109407465,-29.843941396791774,-2.1950715125969475,-34.09391255542941,-0.04857914350024053,0.01449404956492773,0.9873383320348479,4.364430382043977,-0.17480872652986254,-1.1914296359388077,-34.33200097134582,-0.05211540235546228,0.05094742567027485,0.981950942430584,4.292822793827147,4.4799013783129515,True,1.375600284280965,imu,-1.3051694096,-9.0787631984,3.3987042096,5.94425092,-2.32582902,-12.92476551,72.82726846860427,-2.391728385989061,-2.3831867930857125
234.142334,1.4449922944052815,7.964444018595784,4458.332310402342,1.7097153756532624,10.239807230105972,1.3123239374203222,-130.1739514457804,15248.906920535024,0.13548705696505053,1.3230108808183876,-10505.110068255843,0.321244970122315,10.239807230105972,312295809.3442766,-44.63607329865202,-0.35571563467215483,64.40350225877782,-4.7981773789847155,1.245041615424146,7.946091740262084,64.4158746525238,-129.0201140817843,-41055.93281628313,-101.15807972673991,0.0,1.2845683612422247,-1636.034210169756,-8679654445.478193,-685.1673416098282,-0.27340079129725736,0.0,0.0,1779.949999999969,-3.3036899999999463,0.0,0.0,0.0,0.0,0.0,0.0,0.0,0.0,0.0,0.0,0.0,1256.0899999999474,-0.09666209999999759,0.0,0.0,0.0,0.0,0.0,0.0,0.0,0.0,0.0,0.0039531633089011555,0.377233931092843,5731.754021273411,-250.98404344731966,0.0,7.626704241784167e-08,0.0,-8.762798445558242e-09,53.972652269585126,-0.032139260191663487,53.972652269585126,0.0,1.4416904925167455,906.262927951419,-3.5821735640855525,4481.532428732964,4.4467417451328295,0.0,-8.497316826899137e-17,0.0,2.4845411311018306e-14,-35.28369435062512,0.325873989227916,-35.28369435062512,0.0,-12.181184454411447,998.9999999999914,-0.2653772129003009,2.831420383517779,-13.645705576206622,gaze,0.5112001510345646,0.5120233629102691,-51.41735794514931,16.90050110861005,2329.443513187424,29.08615921100242,-0.1518849303019648,-34.9715278050432,-0.0281361380501457,0.0136291112606897,0.9995111830599333,4.44927453994751,-29.39989143594083,-2.465703462623881,-33.83942761214213,-0.0152145667937403,0.0017667229805801,0.999882690942887,4.504842758178711,-0.1572581476979198,-1.2498617024090362,-34.45574513221159,-0.0236854992165453,0.0113795288829128,0.9995909780160892,4.475437879562378,5.343566251588434,True,2.0,imu,-0.9903126506158173,-9.382809815629265,3.276137014228466,5.387993395554419,-1.3413019840931193,-10.963886813806308,72.81050779754122,-2.396235523168837,-2.3386851138623377
234.143755,1.4506118991014456,7.96701552939228,4458.3094744080245,1.6979375884077967,10.25736370791686,1.3154062704246052,-130.07807235151404,15229.22160586575,0.1358514286251743,1.326114245992822,-10560.144201870116,0.3204488335757635,10.25736370791686,314385038.95931506,-44.75713881761087,-0.35641576854655566,64.40141727529054,-4.808815628823036,1.2502351080078977,7.948627223832989,64.4138216408,-128.91697040758828,-41295.65698523552,-101.57116332353269,0.0,1.288275786983475,-1644.6648507190594,-8738463027.724298,-688.2025772570648,-0.27392423120740306,0.0,0.0,1779.949999999968,-3.3036899999999463,0.0,0.0,0.0,0.0,0.0,0.0,0.0,0.0,0.0,0.0,0.0,1256.0899999999474,-0.09666209999999761,0.0,0.0,0.0,0.0,0.0,0.0,0.0,0.0,0.0,0.0039487823776123785,0.3772343152669889,5731.7594817005065,-251.0049305996376,0.0,7.643112824551956e-08,0.0,-8.763762434204044e-09,53.97268346615695,-0.03213504054200977,53.97268346615695,0.0,1.4416912208357204,910.2124776558995,-3.5952403816459775,4481.538606014718,4.442386858061191,0.0,-8.521809169422909e-17,0.0,2.4915471280944103e-14,-35.429147432358505,0.327058185501383,-35.429147432358505,0.0,-12.247054007344275,998.9999999999911,-0.27969466964397327,2.834231477759076,-13.659139483777913,gaze,0.5384309592430133,0.49185916217119563,-51.53611927954713,15.721753762459194,2364.7043622075385,28.45584247741917,-0.4269616931242254,-34.65479834974547,-0.05553440102621353,0.06729581311987481,0.9790661086198457,4.220637043853572,-29.83157521070917,-2.206787763060879,-34.08476128384894,-0.04749512971262906,0.013679251782228442,0.9876429395352709,4.361544884903222,-0.17565166852207237,-1.2007589770827327,-34.326795367426556,-0.05109846459831858,0.04990327440549409,0.9822936368239279,4.2905941781323556,6.283229143217626,True,1.3891692801150812,imu,-1.3207213824,-9.042874030400002,3.3969097512,6.39286552,-1.95198352,-13.32104174,72.80691861862043,-2.39716161759085,-2.329829564120716
234.152219,1.4843379739185707,7.982039937294124,4458.173601006403,1.6273948091636719,10.362418371654588,1.3338495962241734,-129.50419901851933,15109.990626242012,0.13803607311449928,1.3446835113425986,-10892.702143151286,0.3156653300046264,10.362418371654588,327062092.0661711,-45.48303580746292,-0.3606081364824582,64.38912490993167,-4.872551012131774,1.2814087783102985,7.963435916425345,64.4017210919509,-128.29925825412312,-42746.765728602135,-104.05467375783883,0.0,1.310510734528078,-1696.8692923359613,-9095387575.088146,-706.495253377723,-0.2770623955229583,0.0,0.0,1779.949999999969,-3.3036899999999463,0.0,0.0,0.0,0.0,0.0,0.0,0.0,0.0,0.0,0.0,0.0,1256.0899999999465,-0.09666209999999756,0.0,0.0,0.0,0.0,0.0,0.0,0.0,0.0,0.0,0.003922672560807843,0.3772366034135882,5731.792020554038,-251.12934759711743,0.0,7.741529347982447e-08,0.0,-8.769504162048504e-09,53.97286941891369,-0.03210975201613354,53.97286941891369,0.0,1.4416955588941884,934.0156603932087,-3.673616698237566,4481.575518448406,4.4166736823936965,0.0,-8.668750932862243e-17,0.0,2.5335745137548746e-14,-36.30096219173306,0.33416109115136017,-36.30096219173306,0.0,-12.642263517681716,998.9999999999914,-0.36572545423587854,2.8511240525298884,-13.738669842235769,gaze,0.5375227396418191,0.4927614553092233,-54.657159043904116,10.003864719332146,2662.6694315805094,28.467251398039135,-0.4294952174218652,-34.65196652468242,-0.054778307484561466,0.06607946670172075,0.9794129407983505,4.219430517943531,-29.819316996064096,-2.21840842693779,-34.075606923698835,-0.04642032196646828,0.012877239297222938,0.9879466329634349,4.358668259593139,-0.1768608024218634,-1.210028859461814,-34.32157070087046,-0.050089903069145875,0.048869109589580045,0.9826355249522519,4.288383037179998,8.185445631102567,True,1.4026913306642996,imu,-1.3560123976,-9.0662019896,3.418443252,7.04335669,-1.24915398,-13.11168826,72.78416292679991,-2.4027938116656324,-2.2779378611866887
234.160683,1.5185007306759544,7.996558438786994,4458.037979344446,1.5561809515491802,10.46830154884843,1.3524370864731123,-128.9255432754386,14987.321235131938,0.1402453647797366,1.363398083939613,-11233.509993030082,0.3108106106501518,10.46830154884843,340144757.3592601,-46.217175085360445,-0.36483855084275874,64.37705263236425,-4.936923358803048,1.312994478720838,7.977736768993412,64.38984300925175,-127.67578053273786,-44238.23890383005,-106.57793980564497,0.0,1.3330076503350865,-1750.4592078881578,-9463880312.166985,-725.1577603778339,-0.2802356250352934,0.0,0.0,1779.9499999999675,-3.3036899999999445,0.0,0.0,0.0,0.0,0.0,0.0,0.0,0.0,0.0,0.0,0.0,1256.0899999999456,-0.0966620999999975,0.0,0.0,0.0,0.0,0.0,0.0,0.0,0.0,0.0,0.0038965353375530233,0.3772388914203064,5731.824584287759,-251.2537739371856,0.0,7.841118467638648e-08,0.0,-8.77524564816e-09,53.973055609744165,-0.03208419710000068,53.973055609744165,0.0,1.4416998970136192,958.3003948009122,-3.752932488274299,4481.612633974048,4.3913503140372505,0.0,-8.817512637878354e-17,0.0,2.5761137213046544e-14,-37.18214620586833,0.3413490624926432,-37.18214620586833,0.0,-13.042408857850944,998.9999999999914,-0.45305175494645766,2.8682731856684143,-13.817361827663515,gaze,0.5366210678315628,0.4936504812494391,-56.46688372722562,3.804706491037603,2780.051282724464,28.478585958459256,-0.43182503587306115,-34.64933818805701,-0.05402794443597308,0.06487489253008577,0.9797593018186069,4.218240528994945,-29.807169382486865,-2.229931230438175,-34.06645141895909,-0.045354921869962275,0.012088123751104225,0.9882493650591823,4.3558008570079725,-0.1784220904875901,-1.2192373389264533,-34.316328375682986,-0.049089938678482284,0.047845063541966285,0.9829765576204365,4.286189639277819,9.951520356121382,True,1.4161649770599434,imu,-1.3781440512,-9.214543884,3.4351915304,7.58917112,-0.5687551700000002,-12.73036585,72.75917286588871,-2.408624030391666,-2.2275074264583306
234.161472,1.5217076916307333,7.997885800935563,4458.025349813462,1.5495081565011652,10.47821418720151,1.3541771584115154,-128.87135737536698,14975.7084637722,0.14045257390823906,1.3651500607784537,-11265.70525524279,0.3103544191188339,10.47821418720151,341385311.2470524,-46.28603257917558,-0.36523485048072213,64.37593865435909,-4.942956658738135,1.3159599486094695,7.979043743302141,64.38874725562606,-127.61736581518028,-44379.357773203534,-106.81519564204046,0.0,1.33511819316969,-1755.5263743418736,-9498829918.740755,-726.9164846241868,-0.2805332244642073,0.0,0.0,1779.949999999968,-3.3036899999999445,0.0,0.0,0.0,0.0,0.0,0.0,0.0,0.0,0.0,0.0,0.0,1256.0899999999456,-0.0966620999999975,0.0,0.0,0.0,0.0,0.0,0.0,0.0,0.0,0.0,0.0038940974194601533,0.37723910470197086,5731.827621091952,-251.2653732330001,0.0,7.850462067253779e-08,0.0,-8.775780847867618e-09,53.97307297865885,-0.03208180127027749,53.97307297865885,0.0,1.4417003014185927,960.5889677046505,-3.7603743032972976,4481.616104197676,4.389009699692373,0.0,-8.831473230954006e-17,0.0,2.580105386186863e-14,-37.26476852645004,0.34202347111340514,-37.26476852645004,0.0,-13.079962599780867,998.9999999999914,-0.4612586676425465,2.869884969673791,-13.82465442439903,gaze,0.5365373560814385,0.49373267400621507,-56.27464568109516,3.222264957466832,2764.712356693442,28.4796386732798,-0.4320323709851902,-34.64910314555405,-0.05395829570610391,0.06476320962532571,0.9797915634227201,4.218130446196554,-29.806042730440325,-2.231000300521571,-34.065597968754666,-0.04525609351143072,0.012015224749751731,0.988277534580831,4.355534044907477,-0.17858497574176582,-1.2200925407291672,-34.315838844959124,-0.048997169513788144,0.047750123910507127,0.9830083027839418,4.28598608792899,10.101345137499747,True,1.417418449682947,imu,-0.9861981417423153,-9.385599307110185,3.2702358038080193,6.396190634064214,0.08297730094786675,-10.704065118301436,72.1689556,-2.252258800000018,-1.849376000000003
234.162425,1.525586346148959,7.99948311433158,4458.0100980738935,1.5414405330376866,10.490196907435703,1.3562805999112308,-128.80585276791317,14961.641134028323,0.1407031411271356,1.367267895044368,-11304.690075045442,0.30980257435257763,10.490196907435703,342888546.9192997,-46.3692989739621,-0.3657139681881092,64.37459573646869,-4.950251466690103,1.3195466283959467,7.980616408518351,64.38742637799669,-127.54674182852813,-44550.28762431866,-107.10223320030053,0.0,1.337670489574197,-1761.6632075273524,-9541181672.104874,-729.0451279297976,-0.280893092042165,0.0,0.0,1779.9499999999675,-3.3036899999999445,0.0,0.0,0.0,0.0,0.0,0.0,0.0,0.0,0.0,0.0,0.0,1256.0899999999451,-0.0966620999999975,0.0,0.0,0.0,0.0,0.0,0.0,0.0,0.0,0.0,0.0038911524238540163,0.37723936231597943,5731.8312894083865,-251.2793836452492,0.0,7.861761510239116e-08,0.0,-8.776427290427294e-09,53.97309396073858,-0.03207890433661936,53.97309396073858,0.0,1.4417007898865415,963.3589094857846,-3.7693739378067113,4481.62029809832,4.3861871314845295,0.0,-8.848356926898832e-17,0.0,2.584932735364591e-14,-37.36467398517711,0.3428390550375574,-37.36467398517711,0.0,-13.125379866593924,998.9999999999909,-0.4711866392536628,2.8718347836720053,-13.833453052884098,gaze,0.5103856945853827,0.5176292991911309,-55.94317965553347,1.627902042385585,2741.167296948498,29.09240479053508,-0.1622231792532071,-34.9933134311248,-0.0294994993732307,0.0040994656964269,0.9995563885633132,4.479866981506348,-29.41722350519004,-2.450423473223526,-33.90252827262771,-0.0106761696064033,-0.0019881906426503,0.9999410315116108,4.482173919677734,-0.1603195888026366,-1.2745399427291637,-34.4395987701588,-0.0226006208398853,0.0092628740138601,0.9996383855654072,4.473519945144654,7.896306009193523,True,2.0,imu,-0.9859975959662604,-9.385740088817263,3.2699345834225646,6.439021626112318,0.1563345022936217,-10.686383481931053,72.75376806530144,-2.4098484481820948,-2.2173090295443556
234.169147,1.5531034044873713,8.010563979319132,4457.902611325098,1.4842914098797007,10.575017986922008,1.371169621404323,-128.34208003727213,14861.141945651267,0.14247949404005048,1.3822588514842002,-11582.718799509286,0.3058842832565005,10.575017986922008,353642689.58227396,-46.959620684605134,-0.3691072602635602,64.36520509883263,-5.001937202934355,1.3449952739819238,7.991522714493469,64.37819206781211,-127.04649831047209,-45770.90859348654,-109.14139715852932,0.0,1.3557684894926525,-1805.4630440992164,-9844220173.43155,-744.1955110049327,-0.2834441884029796,0.0,0.0,1779.949999999967,-3.3036899999999427,0.0,0.0,0.0,0.0,0.0,0.0,0.0,0.0,0.0,0.0,0.0,1256.089999999945,-0.09666209999999748,0.0,0.0,0.0,0.0,0.0,0.0,0.0,0.0,0.0,0.0038703692112783857,0.377241179416996,5731.857172883654,-251.37820971377357,0.0,7.941889168673659e-08,0.0,-8.780986899315503e-09,53.973242049471324,-0.032058373842217575,53.973242049471324,0.0,1.4417042354640701,983.0738234820383,-3.8331950471666585,4481.649953371803,4.366420291885905,0.0,-8.96810952191101e-17,0.0,2.6191690127356698e-14,-38.07276737923018,0.34862275989635405,-38.07276737923018,0.0,-13.44752828546062,998.9999999999909,-0.5416873324993468,2.885681628522006,-13.89520922369966,gaze,0.5357261391788241,0.49452610720473256,-50.471559534155865,-2.3524827930011574,2359.027654431278,28.489843769500357,-0.43396602490816133,-34.6469020950613,-0.053283504811682134,0.06368224904493223,0.9801051470596478,4.217067171411139,-29.795134971370285,-2.2413539262785402,-34.05729671082663,-0.04429912888125072,0.011312013774277312,0.9885510886810472,4.3529430276196255,-0.18031795252000984,-1.228382489922814,-34.31106979478071,-0.048098790139415176,0.046831266451528825,0.9833166857661373,4.2840142504132706,11.369380767121639,True,1.4295887594058094,imu,-1.36079762,-9.3425485832,3.4316026136,7.76114005,0.27613566,-11.90042884,72.7321210057844,-2.4146512994188774,-2.1785326501140614
234.177611,1.5881492437545863,8.02404946052652,4457.767498859096,1.4117215582257234,10.682572450968266,1.3900480851703854,-127.7537841640027,14731.380329024978,0.14473865223028676,1.4012667056277448,-11940.481424423384,0.3008859548786246,10.682572450968266,367565695.45807844,-47.710436948010994,-0.37341451442551377,64.35358699876218,-5.0675970991960515,1.377414241370618,8.004786642017546,64.36677297601125,-126.4113724847773,-47345.61817460697,-111.74548455023785,0.0,1.3787952159781751,-1861.9096354161106,-10236690541.331211,-763.6139689398223,-0.2866883556464468,0.0,0.0,1779.949999999967,-3.3036899999999427,0.0,0.0,0.0,0.0,0.0,0.0,0.0,0.0,0.0,0.0,0.0,1256.0899999999438,-0.09666209999999745,0.0,0.0,0.0,0.0,0.0,0.0,0.0,0.0,0.0,0.003844172678649855,0.37724346753410254,5731.889786323603,-251.50265502121056,0.0,8.043850481165542e-08,0.0,-8.786727922331367e-09,53.97342874896732,-0.032032280282293255,53.97342874896732,0.0,1.4417085745169222,1008.3431587060912,-3.9144117050304184,4481.687477423517,4.341887170996468,0.0,-9.120556900333191e-17,0.0,2.6627446720299194e-14,-38.972893928671596,0.35598284687474036,-38.972893928671596,0.0,-13.857660238251434,998.9999999999909,-0.6316460397975696,2.903352151061444,-13.972205786115559,gaze,0.5348381472766223,0.4953882034778017,-39.885837554317526,-8.022584417014352,1676.0309007812664,28.501022461473177,-0.43593256179893974,-34.64464726082861,-0.05254517972197272,0.0625016922251366,0.9804504319307107,4.21591053818961,-29.783216335275583,-2.2526742942306597,-34.048144737425766,-0.043253140265988005,0.010549014946385224,0.9888517568119826,4.35009512143223,-0.18252778999385802,-1.2374624059410269,-34.30579635976156,-0.0471166739192935,0.04582784634402575,0.9836558604659237,4.281857134197993,12.278799749566717,True,1.4429612168599926,imu,-1.3500308696,-9.372456223200002,3.42442478,7.82095533,1.33037997,-11.16021475,72.70318066720002,-2.420874607731719,-2.1310066246440718
234.182406,1.6082011910665353,8.0314557400221,4457.691069472883,1.370305866235432,10.743877556233418,1.4008081459381339,-127.41835059926166,14656.250766598154,0.14602968279318446,1.4121005848367854,-12147.01426331482,0.29802221847077304,10.743877556233418,375645707.3499564,-48.1395259740785,-0.37587184575461263,64.34710874517906,-5.105082955744094,1.3959668655839192,8.012066533691838,64.36040854335245,-126.04895501975358,-48256.69627664788,-113.23894068093858,0.0,1.3919589788469517,-1894.5388603637143,-10464523434.822094,-774.7858781009801,-0.28854213303068044,0.0,0.0,1779.9499999999666,-3.3036899999999427,0.0,0.0,0.0,0.0,0.0,0.0,0.0,0.0,0.0,0.0,0.0,1256.0899999999428,-0.09666209999999739,0.0,0.0,0.0,0.0,0.0,0.0,0.0,0.0,0.0,0.003829317832052195,0.37724476389452477,5731.908273409312,-251.5731596701508,0.0,8.102145051707445e-08,0.0,-8.7899802109119e-09,53.973534636819096,-0.03201737714837562,53.973534636819096,0.0,1.4417110330349567,1022.8814768268046,-3.9608484794851533,4481.708826545541,4.328166212359211,0.0,-9.207747892704694e-17,0.0,2.6876635605492133e-14,-39.487074748521444,0.3601910478929065,-39.487074748521444,0.0,-14.092245823870552,998.9999999999909,-0.6832015793977817,2.9134801529790533,-14.015445729063064,gaze,0.5125642687357669,0.5234073019829766,-35.24130594370128,-8.736404072811865,1406.422008166383,29.0786155316182,-0.0462240024754168,-35.1853604777239,-0.0445791350042148,-0.0054755569237115,0.9989908503077752,4.4075026512146,-29.4275793137994,-2.429278926095118,-33.97863232340347,-0.004028633325052,-0.0049261171689913,0.9999797515365848,4.458455085754395,-0.1653680545145714,-1.2807029702112669,-34.45646708578839,-0.0225942222587889,0.0059661546132542,0.9996127585793037,4.461333322525024,12.730275595286049,True,2.0,imu,-0.9818886342260026,-9.38873172014174,3.2634608263657023,7.12827492145055,1.6613914615405043,-10.22149839117405,72.68601344169498,-2.424486809891312,-2.1047221311863176
234.186075,1.623641510190604,8.037007740117424,4457.632643864972,1.3384667503702001,10.790969723781231,1.4090733658528132,-127.16063046066631,14597.963008661754,0.14702303160304997,1.4204225419819938,-12306.952554152087,0.2958152318834607,10.790969723781231,381923734.8753357,-48.46968852860989,-0.37776056405592695,64.34220305485206,-5.133907622875987,1.41025447072029,8.017521396677884,64.35559047559082,-125.77036378316012,-48963.22239441886,-114.39064376708492,0.0,1.4020898026774298,-1919.828206583149,-10641579281.475906,-783.4186490273382,-0.2899683981513832,0.0,0.0,1779.9499999999657,-3.303689999999941,0.0,0.0,0.0,0.0,0.0,0.0,0.0,0.0,0.0,0.0,0.0,1256.0899999999424,-0.09666209999999736,0.0,0.0,0.0,0.0,0.0,0.0,0.0,0.0,0.0,0.0038179442295296333,0.37724575590266807,5731.922424589369,-251.6271099542252,0.0,8.147011480219385e-08,0.0,-8.792468724063416e-09,53.9736157191536,-0.03200591445061954,53.9736157191536,0.0,1.441712914444886,1034.1156827462362,-3.9965898267642124,4481.725206912731,4.317754522624099,0.0,-9.274870166636251e-17,0.0,2.7068450052128503e-14,-39.88259438411815,0.3634299900881939,-39.88259438411815,0.0,-14.272843334494347,998.9999999999905,-0.722941822217205,2.921287541940888,-14.048345242756337,gaze,0.5339572839030797,0.4962366435041494,-33.25583509463381,-12.695593830503418,1319.820228682853,28.512119684661194,-0.43773853115072203,-34.642562958157484,-0.051813158412162906,0.061333375550261734,0.9807951118757399,4.214770720897244,-29.77141601733839,-2.2638901416707955,-34.03899743351877,-0.04221715105492512,0.00979922975633583,0.9891513225650898,4.347257487936738,-0.18502851018941488,-1.2464751999633625,-34.300509470675294,-0.04614380419144371,0.04483492904953924,0.9839940329414167,4.279718551812309,12.600274291368429,True,1.456280887716672,imu,-1.3745551344,-9.4394493368,3.4339952248,7.74618623,1.97339423,-10.43495448,72.67252557532827,-2.427292907511995,-2.0849211991585426
234.194539,1.6595834788435289,8.049431631757228,4457.49804826909,1.2645223197647013,10.900214605889662,1.428246355471634,-126.5625936774195,14460.81565423077,0.1493328253308192,1.4397272601287063,-12682.288710339963,0.2906717199510416,10.900214605889662,396726922.0753714,-49.23744039037006,-0.3821456609309492,64.33105802316746,-5.200873369925311,1.44351906444283,8.029719779491632,64.34464934174758,-125.12343276281553,-50624.58744609407,-117.07731965840085,0.0,1.425654231404112,-1979.2483752168182,-11059178777.82482,-803.6151175074418,-0.29328458867219115,0.0,0.0,1779.9499999999666,-3.303689999999941,0.0,0.0,0.0,0.0,0.0,0.0,0.0,0.0,0.0,0.0,0.0,1256.089999999942,-0.09666209999999739,0.0,0.0,0.0,0.0,0.0,0.0,0.0,0.0,0.0,0.0037916823469366367,0.3772480446543366,5731.955087662622,-251.75157460794787,0.0,8.25138128607117e-08,0.0,-8.79820931140714e-09,53.97380297100142,-0.0319792743684507,53.97380297100142,0.0,1.4417172555220148,1060.398748216926,-4.0797368121284965,4481.763142624685,4.294025934257409,0.0,-9.431064792617692e-17,0.0,2.7514743404074923e-14,-40.80193758926904,0.3709648593523995,-40.80193758926904,0.0,-14.693116373395966,998.9999999999911,-0.8155887179024504,2.939490608558158,-14.123621293482884,gaze,0.5330837389800691,0.4970713038950901,-32.54494556361388,-15.766064421885241,1414.0286330965573,28.523133109803595,-0.43939733139453757,-34.640638715235646,-0.05108762821857801,0.060177449962309816,0.9811391423778948,4.2136478096454795,-29.759736530674555,-2.2749993041290986,-34.029856730216245,-0.04119135400147551,0.009062757562317506,0.9894497391893518,4.344430476065457,-0.18779505032411503,-1.2554190049125555,-34.29521052579369,-0.045180392786869444,0.043852638169901786,0.984331154565434,4.277598761949671,12.3604628465657,True,1.469546309488118,imu,-1.3829292736,-9.499862769600002,3.4447619752,7.55926348,2.63883922,-9.68726348,72.64032951350501,-2.433905114001805,-2.040267033695094
234.202498,1.6937941852080032,8.060620280948365,4457.371721620918,1.1943564220125857,11.003719018700293,1.4464109524474882,-125.99576105957647,14328.38096837094,0.15152816508531858,1.4580168028867706,-13043.459629998166,0.28576833557904124,11.003719018700293,411062166.47482586,-49.967197776230606,-0.38630497155853766,64.32080019146693,-5.264445518708101,1.4751888696908275,8.040694553489399,64.33458549868229,-124.50966228350819,-52227.53496526932,-119.64197191041126,0.0,1.4480606534412794,-2036.519984257715,-11463723677.422012,-822.969019022733,-0.29643614278992103,0.0,0.0,1779.9499999999657,-3.3036899999999427,0.0,0.0,0.0,0.0,0.0,0.0,0.0,0.0,0.0,0.0,0.0,1256.0899999999415,-0.09666209999999734,0.0,0.0,0.0,0.0,0.0,0.0,0.0,0.0,0.0,0.0037669555021691316,0.37725019731660736,5731.985824526168,-251.86862209861175,0.0,8.350634892461713e-08,0.0,-8.80360720031733e-09,53.97397931737754,-0.03195397178096359,53.97397931737754,0.0,1.4417213388857069,1085.5860436463504,-4.158813402642441,4481.799003759974,4.272084938545156,0.0,-9.579670386356184e-17,0.0,2.793927379482513e-14,-41.67528742908253,0.3781307974004181,-41.67528742908253,0.0,-15.092992368810489,998.9999999999909,-0.9039531184724012,2.956854321866885,-14.19361271055485,gaze,0.5105332562128929,0.529489167433505,-31.52389200734764,-20.35322497399977,1513.098443365317,29.0969484194256,-0.1079417412178054,-35.10475496216807,-0.0362093473929853,-0.0058508634050447,0.9993270988814372,4.466593742370605,-29.41995194998375,-2.512988104793886,-33.93807171993069,-0.0042785417155833,-0.0187575917506448,0.9998149062864108,4.410696983337402,-0.1630494763350327,-1.286482987430267,-34.47906221707374,-0.0218956179604731,0.0003878309765401,0.9996228878647956,4.461973381042481,13.999022378719005,True,2.0,imu,-0.977942887242785,-9.391814790978541,3.2566517367912677,7.407071877539648,2.9127110359037625,-9.596830341114833,72.60880374767943,-2.44029870201238,-1.9995734981717592
234.203003,1.6959784381192176,8.061313904952742,4457.363714005634,1.18988357948799,11.01031191558699,1.447567949994323,-125.95964850962093,14319.862975735683,0.15166822750798709,1.4591817636286473,-13066.64826060381,0.2854550240757734,11.01031191558699,411985526.83855695,-50.01375780888897,-0.38657005787760745,64.32015669323216,-5.268498957001991,1.4772111375497543,8.041374547265082,64.33395438322611,-124.47053981028046,-52330.59104444587,-119.80596014688837,0.0,1.449490492918577,-2040.200154378751,-11489785967.861551,-824.2089922456516,-0.2966372013353311,0.0,0.0,1779.9499999999657,-3.303689999999939,0.0,0.0,0.0,0.0,0.0,0.0,0.0,0.0,0.0,0.0,0.0,1256.089999999941,-0.09666209999999731,0.0,0.0,0.0,0.0,0.0,0.0,0.0,0.0,0.0,0.0037653855070077166,0.3772503339213551,5731.987775524911,-251.87604907790774,0.0,8.356969064188109e-08,0.0,-8.803949691297674e-09,53.973990515531966,-0.03195235804788382,53.973990515531966,0.0,1.4417215980237073,1087.199778410656,-4.163860095821748,4481.80128534631,4.270705009654421,0.0,-9.58915632856373e-17,0.0,2.796637027887087e-14,-41.73099270226741,0.3785881276452293,-41.73099270226741,0.0,-15.118518335489913,998.9999999999905,-0.909600858057658,2.9579641771144303,-14.19802761011146,gaze,0.5322177005318909,0.49789206448072965,-31.26849074160135,-16.70870398410225,1508.092320804708,28.534060428577874,-0.44092188127921567,-34.638864313364074,-0.05036877452454702,0.0590340638275142,0.9814824789640456,4.212541893065525,-29.748180357786296,-2.2859996458386433,-34.02072455468778,-0.040175939539313824,0.008339694551839378,0.9897469600753561,4.34161443414668,-0.19080090168407243,-1.2642919740998273,-34.28990092138097,-0.044226649145983024,0.04288109504615493,0.9846671768681207,4.275498020761191,11.689190742988309,True,1.4827560189862512,imu,-1.3320862856,-9.437654878400002,3.385544848,7.08821815,3.20708438,-9.18631051,72.60676597687385,-2.4407101053662656,-1.997033653527772
234.211467,1.7328296898051312,8.072647284937037,4457.229643016652,1.1145458222021638,11.121266488964958,1.4670390493453838,-125.35176959789464,14175.028717595618,0.15402943315297524,1.4787869600312327,-13460.191429252267,0.28016474856754714,11.121266488964958,427709975.6711744,-50.79870637211171,-0.39103400877599015,64.30950388812124,-5.336789021516601,1.5113338176744113,8.052478412478377,64.3235104424115,-123.81164514106717,-54082.12250168041,-122.57701623906826,0.0,1.4736005869473754,-2102.7139551505797,-11933702377.782763,-845.2059429641372,-0.3000265116427774,0.0,0.0,1779.9499999999662,-3.303689999999939,0.0,0.0,0.0,0.0,0.0,0.0,0.0,0.0,0.0,0.0,0.0,1256.0899999999401,-0.09666209999999725,0.0,0.0,0.0,0.0,0.0,0.0,0.0,0.0,0.0,0.003739052178958119,0.37725262383657876,5732.020488157685,-252.0005334600363,0.0,8.463784025372493e-08,0.0,-8.80968987071004e-09,53.97417836381666,-0.031925163491838396,53.97417836381666,0.0,1.441725942226717,1114.5262676355865,-4.248967147559414,4481.839635866235,4.247795368877746,0.0,-9.749160403437066e-17,0.0,2.8423374401292146e-14,-42.66982919640127,0.3863004711138896,-42.66982919640127,0.0,-15.549088383042076,998.9999999999905,-1.004992467242527,2.976711092674469,-14.271557836355838,gaze,0.5313593546439205,0.4986988083529744,-24.424604775779407,-15.469190246505063,1248.8984641183465,28.54489935408283,-0.4423246263635404,-34.637229784680905,-0.04965678071637515,0.05790336289809265,0.9818250772092822,4.211453058283544,-29.736749949968015,-2.2968890602848333,-34.01160282987242,-0.03917109573994172,0.007630133701746273,0.990042938761029,4.338809709859228,-0.1940186337556884,-1.273092281673211,-34.284582051464106,-0.04328278027030558,0.041920418725975316,0.9850020515430948,4.2734165818000935,10.784339500850319,True,1.4959085524046534,imu,-1.3063657152,-9.389204501600002,3.346066763200001,7.0508336,3.69308353,-8.52834243,72.5720078260496,-2.4477067225564495,-1.955209503474492
234.219931,1.7701405490935933,8.083424452553993,4457.095837252042,1.0385043201100252,11.233083179945396,1.4866605574156022,-124.73893152820426,14026.23565272335,0.15641663821031165,1.4985437608838488,-13863.08030799929,0.2748004970529332,11.233083179945396,443910852.9920399,-51.59235198103671,-0.3955377685613573,64.29910446455321,-5.4057482216769746,1.5458902450936423,8.063024043169968,64.31332239542189,-123.14670879930628,-55880.08280312152,-125.39094203568288,0.0,1.4979865222023927,-2166.8205892078013,-12391234157.680092,-866.6116914724804,-0.3034527964754174,0.0,0.0,1779.9499999999634,-3.3036899999999374,0.0,0.0,0.0,0.0,0.0,0.0,0.0,0.0,0.0,0.0,0.0,1256.0899999999383,-0.09666209999999723,0.0,0.0,0.0,0.0,0.0,0.0,0.0,0.0,0.0,0.003712680825042239,0.37725491453347515,5732.053225542279,-252.12502785066692,0.0,8.571835425863779e-08,0.0,-8.81542985665918e-09,53.97436652697755,-0.031897688694036475,53.97436652697755,0.0,1.4417302884091603,1142.3857815527263,-4.335065472151495,4481.878194974795,4.225300648330091,0.0,-9.911092725062052e-17,0.0,2.8885799718691724e-14,-43.618516860789136,0.3941025690819416,-43.618516860789136,0.0,-15.984865860449009,998.9999999999902,-1.101777863665589,2.995734219226632,-14.344205587768043,gaze,0.5305088854212711,0.499491421908524,-15.123164064361632,-12.657641055127614,825.8906436158229,28.555647621321313,-0.44361754550837285,-34.635725409885474,-0.04895182813932866,0.05678549027401945,0.9821668927414158,4.210381390895842,-29.725447726712257,-2.307665470754617,-34.00249347418912,-0.038177008270270124,0.006934164738246842,0.9903376289373629,4.3360166501870285,-0.19742041835721874,-1.2818181230657226,-34.279255307603144,-0.04234899067418249,0.040970725931117155,0.9853357304535854,4.2713546959662,9.871492302729482,True,1.5090024454003483,imu,-1.2854303672,-9.4041583216,3.302999761600001,7.16298725,3.68560662,-8.16197384,72.53622694078257,-2.4548937691722164,-1.9147820022052533
234.222479,1.7814631045278237,8.086558778591748,4457.055608638493,1.0154742806726063,11.26691400455153,1.4925970014179915,-124.55346795365244,13980.656050226651,0.15714040277047978,1.5045211687012574,-13986.22062585627,0.2731710978858406,11.26691400455153,448882869.83059406,-51.83298391515692,-0.3969014133346034,64.29602417920606,-5.426639419080861,1.5563785165396116,8.066088269468633,64.31030623772696,-122.94534738658422,-56430.569284169105,-126.24650927246165,0.0,1.5053819782335476,-2186.4358371673306,-12531682278.008076,-873.1365932711342,-0.30449152679183394,0.0,0.0,1779.949999999963,-3.3036899999999374,0.0,0.0,0.0,0.0,0.0,0.0,0.0,0.0,0.0,0.0,0.0,1256.0899999999378,-0.09666209999999717,0.0,0.0,0.0,0.0,0.0,0.0,0.0,0.0,0.0,0.003704734322097253,0.37725560429737637,5732.063085639027,-252.16250757887565,0.0,8.604606717523675e-08,0.0,-8.817157783465506e-09,53.97442323489837,-0.031889362506331696,53.97442323489837,0.0,1.4417315972121907,1150.8781299348282,-4.361179740612849,4481.8898437644875,4.218610647480965,0.0,-9.960220764383988e-17,0.0,2.902607637025246e-14,-43.90604920761681,0.39646898955728893,-43.90604920761681,0.0,-16.11707789578309,998.9999999999893,-1.131189221009972,3.001515459063926,-14.365901665326119,gaze,0.5089703902016409,0.5279961175110983,-12.742348500197,-8.516081707642867,727.0770709640835,29.04857137319382,-0.3460558172589027,-34.80865978719722,-0.0276449898331137,0.0074294437052702,0.9995901949816022,4.344441890716553,-29.41923740505765,-2.558266893154363,-33.9171348029021,-0.0052972107205704,-0.0260176570814415,0.9996474483929694,4.37761926651001,-0.1681184284196547,-1.323099053039807,-34.46394111942633,-0.0205564231815039,-0.0036091233329517,0.9996241544464524,4.438146781921387,10.036766570998898,True,2.0,imu,-0.974206245769138,-9.394952183134768,3.2495903318658645,7.350844923670372,3.6129623157349604,-8.859025170816315,72.52528084831403,-2.4570944633926795,-1.9028832171922738
234.228395,1.807914344605158,8.093638044142915,4456.962298669577,0.9617543249121887,11.345766860312374,1.5064333820713682,-124.1211088319252,13873.405576595105,0.1588300395527157,1.5184530817412356,-14275.478866678915,0.26936187247635757,11.345766860312374,460598902.3191767,-52.394760850423864,-0.40008159322626513,64.28896331298287,-5.47538123653308,1.5808835727495452,8.073004062821113,64.3033951522014,-122.47569065738872,-57725.38468294032,-128.2481947421046,0.0,1.5226503164000647,-2232.551271393953,-12862692116.723444,-888.4320118985058,-0.306916334096463,0.0,0.0,1779.9499999999625,-3.303689999999934,0.0,0.0,0.0,0.0,0.0,0.0,0.0,0.0,0.0,0.0,0.0,1256.0899999999365,-0.09666209999999709,0.0,0.0,0.0,0.0,0.0,0.0,0.0,0.0,0.0,0.0036862699005144536,0.377257206146127,5732.085987659928,-252.24953234653606,0.0,8.68113256744104e-08,0.0,-8.821169656200131e-09,53.97455501618737,-0.031869931638982524,53.97455501618737,0.0,1.4417346368505273,1170.7859575132168,-4.422162609580386,4481.916963464017,4.203224500789759,0.0,-1.0074969080310373e-16,0.0,2.935369040153498e-14,-44.57712580106865,0.4019951040563471,-44.57712580106865,0.0,-16.425890294637636,998.9999999999891,-1.1999714594781459,3.015036439742886,-14.41596445167949,gaze,0.5296664749474528,0.5002697948918686,-9.320477628789535,-9.21266097074791,610.8011962175078,28.566302987683073,-0.4448121573687839,-34.63434171596229,-0.04825409605361706,0.05568058636479376,0.9825078812454807,4.209326974944056,-29.714276075115656,-2.318326830885741,-33.99339840124725,-0.03719386035019753,0.0062518740969383195,0.9906309844541454,4.333235601373693,-0.2009785537703493,-1.2904677154435666,-34.2739220786615,-0.04142548233649593,0.04003213102485132,0.9856681656385697,4.269312611450412,9.163545776374677,True,1.5220362331756305,imu,-1.2997860344,-9.4460290176,3.318551734400001,7.1256027,3.7454219,-7.840466709999999,72.49959387362233,-2.4622700113250633,-1.875737596550204
234.236859,1.8461544184119927,8.103280651423187,4456.829029234944,0.8842910677642273,11.45932241974439,1.5263584351639976,-123.49827598591446,13716.459301341325,0.16126983498318312,1.538515842174876,-14697.552963959935,0.263848477101283,11.45932241974439,477785027.45648706,-53.20599950950286,-0.4046657398226916,64.27908535769369,-5.545692766021922,1.6163169662712469,8.082411050240433,64.29373365661272,-121.79855041560666,-59618.95269988525,-131.14923467874775,0.0,1.5475939962806016,-2299.937622294643,-13348391758.34424,-910.6727309191091,-0.3104174041548619,0.0,0.0,1779.9499999999643,-3.3036899999999383,0.0,0.0,0.0,0.0,0.0,0.0,0.0,0.0,0.0,0.0,0.0,1256.0899999999374,-0.0966620999999972,0.0,0.0,0.0,0.0,0.0,0.0,0.0,0.0,0.0,0.003659817853589823,0.37725949880923637,5732.11877449177,-252.37404704478388,0.0,8.791684797525414e-08,0.0,-8.826909276428118e-09,53.97474384267021,-0.03184189030194342,53.97474384267021,0.0,1.441738987831688,1199.7345048956017,-4.510266135078753,4481.9559421276435,4.181570595446111,0.0,-1.0240805335286758e-16,0.0,2.9827090843935076e-14,-45.5457264400854,0.40997876173451575,-45.5457264400854,0.0,-16.87220139546498,998.9999999999905,-1.2995877610681603,3.0346206562388467,-14.486827987142073,gaze,0.528832303243032,0.5010338204382858,-8.115410186326788,-5.943275373798319,637.5081052825469,28.57686323342761,-0.4459195268861836,-34.63306947390501,-0.0475637615903749,0.054588788851208415,0.9828479984682408,4.20828989289036,-29.703237349284908,-2.3288711252160126,-33.98431951955717,-0.03622183271018968,0.005583344882831787,0.9909229593256904,4.330466908877098,-0.20466598887177123,-1.2990392981543384,-34.268583750576354,-0.04051245465237729,0.039104745979404304,0.9859993093189154,4.267290573679201,8.820321777513305,True,1.5350084505598967,imu,-1.2429615184,-9.437056725600002,3.3275240264,6.95363377,3.60336061,-7.85542053,72.46227750358177,-2.4698341775009847,-1.8380618158077013
234.24257,1.8722216690628826,8.109460542173386,4456.739260070835,0.8316180938693769,11.536437995849802,1.5398891383378575,-123.07518205156077,13608.195329419337,0.16293107565866366,1.5521401502165793,-14987.89445041165,0.26008592158126076,11.536437995849802,489668178.6841301,-53.758397297613215,-0.40778175940319017,64.27257150946684,-5.5935205156205114,1.6404755378074243,8.088430795208433,64.28736731385663,-121.33817734689632,-60924.36088870399,-133.13165601399254,0.0,1.564583659286482,-2346.3574761393156,-13684320545.574602,-925.9199231549595,-0.3128010640408976,0.0,0.0,1779.949999999963,-3.3036899999999347,0.0,0.0,0.0,0.0,0.0,0.0,0.0,0.0,0.0,0.0,0.0,1256.089999999936,-0.09666209999999709,0.0,0.0,0.0,0.0,0.0,0.0,0.0,0.0,0.0,0.003641945578015747,0.37726104642257563,5732.1409110352815,-252.45806791523148,0.0,8.866992681479287e-08,0.0,-8.83078193049447e-09,53.9748714477048,-0.031822808042481665,53.9748714477048,0.0,1.4417419251901706,1219.581000775983,-4.570285563326073,4481.982361744737,4.1672002635266665,0.0,-1.0353817089098634e-16,0.0,3.014964861485469e-14,-46.20496111198823,0.4154174873955846,-46.20496111198823,0.0,-17.176352474323906,998.9999999999895,-1.3676140621509454,3.0479957124220096,-14.53413332973314,gaze,0.5066620469476206,0.5227996244268527,-8.329055928437729,-3.700712430611313,660.6257566420599,29.00894710057371,-0.4975036719525526,-34.63871072763494,-0.0232101477296946,0.0148664353242558,0.9996200668969764,4.202482223510742,-29.42533558637613,-2.504183114966398,-33.98931960667486,-0.0001319752316945,-0.0212303693616827,0.9997746015974324,4.387576580047607,-0.1783840545060556,-1.3615088924391174,-34.44564861113878,-0.0185555649932542,-0.0057851001608213,0.9996242338956112,4.4017409324646,7.439926987690482,True,2.0,imu,-0.9706394273780679,-9.398175456006944,3.242206588836477,7.111606558732079,3.5696537786878384,-8.041859097860955,72.43679673054568,-2.475043543974106,-1.813406048758671
234.245323,1.8848641260612449,8.112344821378812,4456.696030921699,0.8061097592337241,11.573754765846477,1.5464366325390533,-122.87040741258352,13555.31664980622,0.1637362232370708,1.5587329657823745,-15129.470358060682,0.25825991251138003,11.573754765846477,495480293.6804248,-54.02613480268124,-0.4092904664641601,64.26947555688979,-5.616687531012398,1.6521936039966691,8.091237539448352,64.28434288652943,-121.1152476017943,-61561.72331301207,-134.0945252914791,0.0,1.5728195976272004,-2369.0116708116625,-13848653315.41869,-933.3397279910843,-0.31395628768870715,0.0,0.0,1779.9499999999625,-3.3036899999999365,0.0,0.0,0.0,0.0,0.0,0.0,0.0,0.0,0.0,0.0,0.0,1256.089999999936,-0.09666209999999709,0.0,0.0,0.0,0.0,0.0,0.0,0.0,0.0,0.0,0.003633323125404816,0.3772617926581272,5732.151586018792,-252.49857204295324,0.0,8.903501509282529e-08,0.0,-8.832648724478623e-09,53.97493301770109,-0.03181356264892818,53.97493301770109,0.0,1.44174334163489,1229.2392054431048,-4.5993836592073585,4481.9951317610885,4.160342617934987,0.0,-1.0408617435514636e-16,0.0,3.030604566418815e-14,-46.52438951858158,0.4180542310113501,-46.52438951858158,0.0,-17.323839056117944,998.9999999999895,-1.400641369354119,3.0544897898338093,-14.556789724869237,gaze,0.5280065482242914,0.5017833951168377,-7.992299055447159,-3.3610891624660315,644.2783475522124,28.587326162166935,-0.44695027178045127,-34.631899696440406,-0.04688099970764461,0.05351023264711815,0.9831872002226894,4.20727022559264,-29.692333869742672,-2.3392963697325486,-33.97525873224065,-0.03526110354885808,0.004928656830377808,0.9912135077365654,4.327710917323947,-0.20845684724674463,-1.3075311331752304,-34.26324170612892,-0.039610104384919784,0.0381886803433976,0.9863291139035177,4.265288825259075,8.908182688430024,True,1.5479176320914718,imu,-1.2435596712,-9.5004609224,3.391526376000001,6.87886467,3.34166876,-7.930189629999999,72.424444689801,-2.477584958423318,-1.8017393260523773
234.253787,1.9240468365982886,8.120823056143083,4456.5633057113355,0.7272055892577214,11.689068824182009,1.5666688940455964,-122.23747747997163,13389.896449638996,0.16622940398417357,1.5791053801967785,-15571.400717462177,0.2525957796117304,11.689068824182009,513695928.9266057,-54.855233890249934,-0.4139560323278496,64.26013890278942,-5.688370273349958,1.6885166769941726,8.09947601956165,64.2752278539294,-120.42574157097238,-63554.64495740691,-137.08453316201798,0.0,1.5983291652851808,-2439.8058567368475,-14363801785.449314,-956.4389355818771,-0.3175332671286376,0.0,0.0,1779.9499999999603,-3.3036899999999303,0.0,0.0,0.0,0.0,0.0,0.0,0.0,0.0,0.0,0.0,0.0,1256.0899999999328,-0.09666209999999698,0.0,0.0,0.0,0.0,0.0,0.0,0.0,0.0,0.0,0.0036067841499781983,0.37726408782875054,5732.184422221908,-252.62310743899235,0.0,9.016592141724592e-08,0.0,-8.838388007527564e-09,53.97512255260705,-0.031784946636668365,53.97512255260705,0.0,1.441747698543784,1259.3079136008027,-4.689522827932623,4482.0345331615,4.139544270374312,0.0,-1.0578421406121276e-16,0.0,3.0790599705307024e-14,-47.513186095881245,0.4262222039862643,-47.513186095881245,0.0,-17.780843353511415,998.9999999999882,-1.503146980078622,3.074646780810708,-14.62584316717678,gaze,0.5271893856618917,0.5025184189733645,-6.337698412218385,-1.7179517847502668,485.63785668170203,28.59768960134845,-0.4479145690420632,-34.63082363575245,-0.04620598314636064,0.0524450498612121,0.9835254423925542,4.206268052279708,-29.68156792283361,-2.3496006124210016,-33.96621793674151,-0.034311848490541995,0.0042878862634931,0.9915025840473211,4.3249679704643755,-0.21232693118518406,-1.3159415055612038,-34.25789732471488,-0.038718625616894195,0.037284041209289694,0.9866575319954398,4.263307605921082,9.363573585694777,True,1.5607623120993968,imu,-1.2333910736,-9.5680521888,3.372385486400001,6.60969591,3.02016163,-7.847943620000001,72.38625992521152,-2.4855210069155684,-1.7667539844433107
234.262251,1.9637059325906248,8.128707812883281,4456.430855593294,0.6475737270987807,11.805269538306412,1.5870561435457822,-121.59946050180884,13220.11652736459,0.1687495778308427,1.5996340170962355,-16023.51563162888,0.24685567862992674,11.805269538306412,532443324.9767254,-55.693364249102586,-0.41866269765678205,64.25108042171672,-5.760745755902441,1.7252893890848142,8.10711893467806,64.26639360498692,-119.72999150498083,-65598.67811994301,-140.1197280183876,0.0,1.6241247531815468,-2512.353033327123,-14894166965.755157,-979.9763394007236,-0.3211486263012963,0.0,0.0,1779.9499999999616,-3.303689999999932,0.0,0.0,0.0,0.0,0.0,0.0,0.0,0.0,0.0,0.0,0.0,1256.0899999999328,-0.09666209999999695,0.0,0.0,0.0,0.0,0.0,0.0,0.0,0.0,0.0,0.0035801993541714067,0.37726638445768823,5732.217283081927,-252.74765333125663,0.0,9.130966179814348e-08,0.0,-8.84412713279145e-09,53.97531245876705,-0.03175604021259747,53.97531245876705,0.0,1.4417520588434218,1289.9485568533069,-4.780691322705694,4482.0741471277215,4.119179271399268,0.0,-1.0750233352025762e-16,0.0,3.1280798035562975e-14,-48.51218755059243,0.43448337597034026,-48.51218755059243,0.0,-18.243254548694225,998.9999999999886,-1.6071193841035765,3.0950945886764405,-14.693981787924962,gaze,0.5263809891395201,0.5032387955734914,-3.884472076136507,-1.061712611164753,291.2873887920456,28.607951402737847,-0.4488221614242361,-34.62983278120615,-0.04553888238632279,0.05139336975876764,0.983862680936804,4.205283450526467,-29.670941760130138,-2.3597819338149475,-33.95719902453589,-0.03337424054287503,0.003661106055577904,0.9917901428002248,4.322238411126467,-0.2162540104412197,-1.3242687238933064,-34.25255198211451,-0.03783820970244903,0.03639093318080336,0.9869845163980544,4.26134715246526,9.998577946375127,True,1.573541024785427,imu,-1.2214280176,-9.541733465600002,3.341879693600001,6.25828114,2.63883922,-7.474098119999999,72.3478849901996,-2.493640937764379,-1.7330888935316289
234.262551,1.965120402926155,8.128976297234592,4456.426166073126,0.6447378230266914,11.80940451574284,1.587781609606922,-121.57675280953686,13214.01777336048,0.16883940130038833,1.6003645172763552,-16039.7295424681,0.24665082612716382,11.80940451574284,533117713.41632164,-55.72323770732226,-0.41883027924220295,64.25076451824097,-5.763323820935281,1.7266010607172084,8.107378808678446,64.26608569740114,-119.70521608702211,-65672.0772931496,-140.22814324753267,0.0,1.6250443322504635,-2514.9569932606837,-14913248735.875486,-980.8187207042233,-0.3212774777644489,0.0,0.0,1779.9499999999607,-3.303689999999932,0.0,0.0,0.0,0.0,0.0,0.0,0.0,0.0,0.0,0.0,0.0,1256.0899999999328,-0.09666209999999692,0.0,0.0,0.0,0.0,0.0,0.0,0.0,0.0,0.0,0.0035792562159671394,0.3772664658884095,5732.218448262171,-252.7520679588933,0.0,9.135043749388537e-08,0.0,-8.84433054888742e-09,53.97531919680027,-0.031755010291750346,53.97531919680027,0.0,1.4417522134566871,1291.0451855474266,-4.783941704581952,4482.075555125026,4.118465448117412,0.0,-1.0756360143053618e-16,0.0,3.1298276877528364e-14,-48.547784546227895,0.4347779058002761,-48.547784546227895,0.0,-18.25974408049569,998.9999999999891,-1.6108317074597345,3.0958247191670942,-14.69638004043184,gaze,0.5064263854322647,0.5272397502289685,-3.471000760598482,-3.10230223426574,285.5413069853706,29.00055679070365,-0.5889754172038777,-34.53735729766181,-0.017251283662317,0.0181027764851555,0.999687292454761,4.147832870483398,-29.42067088934159,-2.568291202402891,-33.9396026922963,-0.0031099161803872,-0.0277150397981262,0.999611026845112,4.354873180389404,-0.1879135929043535,-1.4159708891521212,-34.40376043975934,-0.0165741180795612,-0.0069574539974961,0.999604323818106,4.355807447433472,8.68690009752959,True,2.0,imu,-0.9672832827989599,-9.40144614068461,3.2345895761920875,6.8496944532190955,2.763919576661512,-7.192463778093088,72.34652331627751,-2.4939320991797826,-1.7319196700130355
234.263034,1.967398966947159,8.129406969658046,4456.418616677266,0.6401700833526363,11.816064183427102,1.588950021614707,-121.54017992670697,13204.187043011189,0.16898408889013422,1.601541037495776,-16065.861298654978,0.246320811975266,11.816064183427102,534204914.18474776,-55.77135799994646,-0.4191001947972265,64.25025666181445,-5.767476347313309,1.7287140477342553,8.107795612892161,64.26559072130307,-119.6653110699682,-65790.38754748316,-140.40281234005062,0.0,1.6265256151883143,-2519.154087329098,-14944011470.98544,-982.1761278494182,-0.3214850307095539,0.0,0.0,1779.9499999999616,-3.303689999999934,0.0,0.0,0.0,0.0,0.0,0.0,0.0,0.0,0.0,0.0,0.0,1256.0899999999338,-0.09666209999999698,0.0,0.0,0.0,0.0,0.0,0.0,0.0,0.0,0.0,0.0035777376381656845,0.37726659699609777,5732.2203242674,-252.75917553736497,0.0,9.14161205022122e-08,0.0,-8.844658048405413e-09,53.97533004604517,-0.03175335134696107,53.97533004604517,0.0,1.4417524623937839,1292.8122893956092,-4.789177557578105,4482.077822563968,4.11731734674985,0.0,-1.0766229621261058e-16,0.0,3.132643283601423e-14,-48.60512284261174,0.43525234675051394,-48.60512284261174,0.0,-18.286306609677776,998.9999999999895,-1.616812460670051,3.0970010050735226,-14.700238794228813,gaze,0.5263066538589201,0.5033046937352376,-3.6840579846699955,-1.048247219860042,278.6716040281838,28.608895505176285,-0.4489035885077184,-34.629745130013575,-0.04547757522201955,0.05129676622785237,0.9838938264225335,4.205193256203098,-29.669965881861703,-2.360717523847688,-33.95636586225688,-0.033288097543347,0.0036038324207822714,0.991816666417775,4.321986589667482,-0.21661945275634964,-1.325034809245015,-34.25205748721764,-0.0377573286253622,0.03630889857488253,0.9870146914382604,4.261166849633656,10.057742696858929,True,1.5747197912488908,imu,-0.9672045277985384,-9.401525979136157,3.2344021415674504,6.844111336330969,2.736393881048643,-7.171750447928804,71.6196316,-2.410952400000022,-3.582798400000009
234.270715,2.0038448101504667,8.1359915036851,4456.2986825649405,0.5672093213036185,11.92236186979696,1.6075993089237695,-120.95633073760064,13045.893702460453,0.17129694632202047,1.6203198122129674,-16485.988621714478,0.24103920911736143,11.92236186979696,551734038.6448652,-56.54059367342705,-0.4234107237618527,64.24230517419431,-5.833818762603519,1.7625149568633844,8.114158683760602,64.2578452201655,-119.02795641213231,-67694.7954149707,-143.20058274526508,0.0,1.650208424343689,-2586.6864698771924,-15440083488.644714,-1003.9579786290128,-0.32480265043266937,0.0,0.0,1779.9499999999607,-3.303689999999932,0.0,0.0,0.0,0.0,0.0,0.0,0.0,0.0,0.0,0.0,0.0,1256.0899999999324,-0.09666209999999692,0.0,0.0,0.0,0.0,0.0,0.0,0.0,0.0,0.0,0.0035535671576497965,0.3772686826821551,5732.250168579525,-252.87220981850544,0.0,9.246633154565231e-08,0.0,-8.849866107527355e-09,53.9755027476121,-0.03172684131483132,53.9755027476121,0.0,1.4417564228202622,1321.1691360614332,-4.872896860538477,4482.113974460297,4.099251356198138,0.0,-1.0924069458121244e-16,0.0,3.177668594901128e-14,-49.521465581275926,0.4428384454932093,-49.521465581275926,0.0,-18.711113087239656,998.9999999999891,-1.7125734677020894,3.1158361922214617,-14.761199032458107,gaze,0.5255815300125666,0.5039444320456109,-2.277574806750722,-1.2919883535383418,231.8888812953053,28.618109442901734,-0.4496823639350375,-34.6289188570717,-0.044879865602191656,0.050355318723440116,0.9841988718941438,4.204316496229123,-29.660457597838594,-2.3698384475449394,-33.948203880843,-0.03244845005438256,0.0030483855895533755,0.9920761387249823,4.319522581170898,-0.22021781437540694,-1.332511120726709,-34.247207050263235,-0.036969045218840965,0.035509458340382556,0.9873100201211771,4.259407698705152,10.564372148960683,True,1.5862523043056047,imu,-1.2363818376,-9.3269966104,3.279671802400001,5.72742053,2.12293243,-7.122683349999999,72.30947860627114,-2.5019433275822123,-1.7007264555692703
234.279537,2.0461957641841173,8.142935293584301,4456.161216124332,0.48266082509780617,12.045361189322236,1.6291783375417646,-120.28052906805488,12859.482168846764,0.17398122321637677,1.642048834126329,-16979.23665248898,0.2348950066191704,12.045361189322236,572431617.1269066,-57.433416196497234,-0.428403881240461,64.23346571806847,-5.91073011184163,1.8018005245878452,8.120845964552773,64.2492450437469,-118.28949365351184,-69936.07004347332,-146.46085919948894,0.0,1.6777042060943126,-2666.101524984951,-16026008933.686026,-1029.4333584505703,-0.32865269007991377,0.0,0.0,1779.9499999999607,-3.303689999999932,0.0,0.0,0.0,0.0,0.0,0.0,0.0,0.0,0.0,0.0,0.0,1256.0899999999315,-0.09666209999999692,0.0,0.0,0.0,0.0,0.0,0.0,0.0,0.0,0.0,0.0035257563407185832,0.377271079961114,5732.284471229774,-253.00204602859054,0.0,9.368578932046177e-08,0.0,-8.855847670116234e-09,53.97570150476591,-0.0316960938704902,53.97570150476591,0.0,1.4417609756038265,1354.3362103959576,-4.970114530595328,4482.155714321252,4.078949809486144,0.0,-1.1107430223425222e-16,0.0,3.2299653111628953e-14,-50.584448334201504,0.45164760395767745,-50.584448334201504,0.0,-19.204602218664505,998.9999999999891,-1.8240811023553505,3.1377710335876827,-14.830271587243741,gaze,0.5247579512340372,0.5046641298624598,-1.6574486662043768,-2.266866039583817,310.73797923020203,28.62858443399444,-0.4505381060154257,-34.62803947832148,-0.04420175757813811,0.04928800064869714,0.984548120302765,4.203327505820033,-29.649683478671754,-2.380185482398125,-33.938855596910194,-0.03149626031200779,0.002424784395075631,0.9923725193267151,4.316706860943,-0.22436854465753106,-1.3410100924644544,-34.241637958493826,-0.03607529367313672,0.03460318900700601,0.9876476651730799,4.2574088121402545,10.828337329957304,True,1.5994278761935499,imu,-1.1717813352,-9.3533153336,3.3083831368,5.69003598,1.43505671,-7.1600679,72.26958188130986,-2.5107895020141373,-1.668361957541485
234.282643,2.0612321136908047,8.145221008004373,4456.112890307682,0.4527017562902351,12.088898989712542,1.6368165149097915,-120.04126245537987,12792.662874556147,0.17493341547569913,1.6497401452352154,-17155.657786226788,0.23271185480746737,12.088898989712542,579864731.4305953,-57.75014097465915,-0.4301726623379165,64.23042920974652,-5.937991250335376,1.8157505829380938,8.12304081945871,64.24629346930546,-118.02785532064536,-70739.09804517141,-147.62074974424684,0.0,1.6874602325122348,-2694.539319014862,-16236479876.826447,-1038.520327721452,-0.3300183230803425,0.0,0.0,1779.9499999999603,-3.3036899999999303,0.0,0.0,0.0,0.0,0.0,0.0,0.0,0.0,0.0,0.0,0.0,1256.089999999931,-0.09666209999999681,0.0,0.0,0.0,0.0,0.0,0.0,0.0,0.0,0.0,0.0035159518611928738,0.37727192445902413,5732.296554674922,-253.04776081537977,0.0,9.411851744145496e-08,0.0,-8.857953589447529e-09,53.9757715864221,-0.03168519188218459,53.9757715864221,0.0,1.4417625796085463,1366.167251771093,-5.0046141830112285,4482.170465404701,4.071916940600207,0.0,-1.1172517903403136e-16,0.0,3.248526905906316e-14,-50.96138847826746,0.45477369273701096,-50.96138847826746,0.0,-19.37977476459072,998.9999999999882,-1.8637302650040297,3.145571109542825,-14.854348918656761,gaze,0.5031288788017743,0.525397388696157,-1.817550669355208,-3.064521591717869,350.4381637511268,29.00604614204824,-0.6508421135090056,-34.4796487460329,-0.0115090240624411,0.0173780418794455,0.9997827494138748,4.117599964141846,-29.42083579934085,-2.517449827883469,-34.0199038101774,0.003153594528985,-0.0251117461834335,0.9996796762189204,4.361514091491699,-0.1944961804154946,-1.4852497904343152,-34.33731641526764,-0.0125488841999802,-0.0066906570186246,0.9996535061969496,4.317123079299927,11.889726951652449,True,2.0,imu,-0.9641022536824186,-9.40479716064508,3.226663517836394,6.6730121023791416,1.4059348848175452,-6.332193077961136,72.25559943998806,-2.5139504988579886,-1.6572954009335412
234.288359,2.089075525495296,8.149209107457906,4456.024055167691,0.3973056719660768,12.1693402158776,1.6509288228153383,-119.59911566278538,12668.055955511983,0.17669549425473183,1.6639506798726393,-17484.129094269458,0.22866694791475828,12.1693402158776,593745651.3947421,-58.336275278536746,-0.43344255574311974,64.2249453059123,-5.98840992483011,1.8415852468693525,8.126860958516438,64.24096681365488,-117.54411141355592,-72236.12729277872,-149.77179966487637,0.0,1.7055175646346716,-2747.5323760708234,-16629588057.261007,-1055.4049290562514,-0.3325453722500117,0.0,0.0,1779.9499999999603,-3.303689999999932,0.0,0.0,0.0,0.0,0.0,0.0,0.0,0.0,0.0,0.0,0.0,1256.0899999999301,-0.09666209999999692,0.0,0.0,0.0,0.0,0.0,0.0,0.0,0.0,0.0,0.003497890497639315,0.3772734792800304,5732.318800602636,-253.13189396937912,0.0,9.491950636269903e-08,0.0,-8.861829085413612e-09,53.9759007032023,-0.03166502408147118,53.9759007032023,0.0,1.4417655330226191,1388.1513184530838,-5.0684760686887,4482.197687761656,4.059131446455197,0.0,-1.1293026182191542e-16,0.0,3.282890259925956e-14,-51.658755544608745,0.4605603318325716,-51.658755544608745,0.0,-19.704099612371202,998.9999999999889,-1.93723176041631,3.1600317240623106,-14.898328535301879,gaze,0.5239444543482497,0.505367620453933,-1.1108215821834055,-3.7355386926771783,414.87267467696506,28.638942075507785,-0.4513616146137443,-34.62722609817622,-0.043532796977420435,0.04823575944178714,0.9848961333839297,4.202357849899757,-29.639068421059086,-2.3903928575327753,-33.92953729495144,-0.030557277617257884,0.0018165994099816722,0.9926671023175241,4.313906811088364,-0.22852051045593771,-1.3494132991659904,-34.236072342832976,-0.03519417427084172,0.03370977558063226,0.9879835981091403,4.255433247688356,10.603526622827442,True,1.6125269377930558,imu,-1.2304003096,-9.4436364064,3.254549384800001,6.04145075,0.7546578999999998,-6.61425347,72.22999121782397,-2.519830608838485,-1.6373714738777834
234.297182,2.132492938039496,8.15480479148015,4455.88718648919,0.31112848270301896,12.294318851526073,1.6728543242941725,-118.91198298682798,12471.494767548516,0.17944030374265654,1.6860289353913969,-18000.928460521198,0.22235385690308118,12.294318851526073,615692332.1357372,-59.24935285535731,-0.4385276258308547,64.21674887685704,-6.066872629015237,1.8818774057872791,8.13219546704747,64.23301551986668,-116.79167699389194,-74596.38204094746,-153.13433466127697,0.0,1.7336540749222396,-2831.027737736419,-17251288296.52359,-1081.8827457148407,-0.3364814733581579,0.0,0.0,1779.949999999957,-3.303689999999925,0.0,0.0,0.0,0.0,0.0,0.0,0.0,0.0,0.0,0.0,0.0,1256.0899999999274,-0.09666209999999667,0.0,0.0,0.0,0.0,0.0,0.0,0.0,0.0,0.0,0.0034699646452965686,0.37727588106885124,5732.353160571731,-253.2617684747819,0.0,9.61677344927497e-08,0.0,-8.867811039766675e-09,53.976100378705496,-0.0316336260034152,53.976100378705496,0.0,1.4417700959234057,1422.6277219557605,-5.168001682869027,4482.239900491633,4.039798390831962,0.0,-1.1480897361632066e-16,0.0,3.336454755792302e-14,-52.744593232515946,0.4695784593623813,-52.744593232515946,0.0,-20.209709359941087,998.9999999999877,-2.0520557400619914,3.1826242833818164,-14.965369895452707,gaze,0.5231411349056457,0.5060548882885352,-0.12579504497783936,-5.4571193759426055,492.25275002669116,28.64918120608315,-0.45216208922240303,-34.626470061782136,-0.042873091687303674,0.04719861126170666,0.9852429008952045,4.2014075018005155,-29.628613631902407,-2.400459688507723,-33.92025003519353,-0.029631581185057668,0.0012238305040511849,0.9929598702027145,4.311122500380731,-0.23265753482728202,-1.3577198749268036,-34.230511111841125,-0.0343257928833027,0.032829225613726316,0.9883178042572779,4.2534810394347495,9.911363329047862,True,1.6255493011634294,imu,-1.3075620208,-9.440645642400002,3.2527549264,6.21341968,0.21632038,-6.098346680000001,72.19086888435478,-2.5290659605362915,-1.6077297484358484
234.302624,2.1595400420152377,8.157913863705659,4455.8029207936415,0.2575671386351388,12.37189922342143,1.686464414821387,-118.48533544502175,12347.66370653687,0.18114846962931963,1.6997339344245552,-18325.686912345936,0.21841771366141005,12.37189922342143,629549265.8238809,-59.817614779288405,-0.4416870628662874,64.21185793933319,-6.115656583575371,1.9069818812648438,8.135142280469513,64.2282772499594,-116.32408274714294,-76082.57078947713,-155.23411568724526,0.0,1.7511691908821256,-2883.569507410808,-17643927614.83352,-1098.468235136842,-0.33893082268830954,0.0,0.0,1779.949999999958,-3.3036899999999285,0.0,0.0,0.0,0.0,0.0,0.0,0.0,0.0,0.0,0.0,0.0,1256.0899999999283,-0.09666209999999678,0.0,0.0,0.0,0.0,0.0,0.0,0.0,0.0,0.0,0.003452710921897459,0.37727736364986675,5732.374367004424,-253.34188063750673,0.0,9.694485189782859e-08,0.0,-8.871500625678804e-09,53.97622377032235,-0.03161409678471956,53.97622377032235,0.0,1.4417729129268766,1444.2245934188672,-5.22996755831783,4482.2660545232575,4.028118809682276,0.0,-1.1597907914181497e-16,0.0,3.369811368856002e-14,-53.42005952881398,0.4751932172871309,-53.42005952881398,0.0,-20.524607898076038,998.9999999999882,-2.123714349838437,3.1967250390010538,-15.006207254551022,gaze,0.5004826240331318,0.5272453304630003,0.2009316664311704,-5.942041117735849,541.0296837129431,28.97772240752,-0.7821072855544811,-34.38292074781576,-0.0065676712885345,0.0096004657091055,0.9999323460874812,4.116845607757568,-29.42414598156385,-2.485292063484017,-34.08539269371361,0.0080453723867434,-0.0245840525270562,0.99966539219106,4.361734867095947,-0.2068381847640644,-1.549896740736996,-34.27986509121069,-0.0083523251793024,-0.0057281701848507,0.9996990795080192,4.277252054214477,11.16862605867091,True,2.0,imu,-0.9611327628097873,-9.408188198408679,3.218524633567108,6.634660697385999,-0.1021727552578507,-5.492862142760796,72.1670445612502,-2.534857869022953,-1.590111342121264
234.306004,2.1764420690966606,8.159712273381283,4455.750643413303,0.22414320116324404,12.420274468948737,1.6949509414854549,-118.21925739872381,12269.744211839512,0.1822152621125337,1.708279674600791,-18529.723214199887,0.21595670802288836,12.420274468948737,638280553.3009983,-60.17252020688911,-0.44365823972821783,64.20888417971807,-6.146105954452907,1.922671570158197,8.136839461970492,64.22539887863599,-116.03231372480275,-77017.45797978852,-156.54825228287422,0.0,1.7621097377629416,-2916.6083237005387,-17891370574.04599,-1108.8678968054344,-0.3404604307163166,0.0,0.0,1779.949999999959,-3.3036899999999285,0.0,0.0,0.0,0.0,0.0,0.0,0.0,0.0,0.0,0.0,0.0,1256.0899999999274,-0.09666209999999675,0.0,0.0,0.0,0.0,0.0,0.0,0.0,0.0,0.0,0.0034419832903692937,0.3772782849415186,5732.38754332596,-253.3916402185484,0.0,9.743030084834031e-08,0.0,-8.873792185593069e-09,53.97630049920423,-0.03160190437512435,53.97630049920423,0.0,1.4417746636029203,1457.767011456191,-5.268677717969474,4482.282343856914,4.020959332300766,0.0,-1.1671019877540385e-16,0.0,3.3906518916466774e-14,-53.84179795015156,0.47870074840755467,-53.84179795015156,0.0,-20.721363514544535,998.9999999999882,-2.1685443178930797,3.2055470539353177,-15.03137291470531,gaze,0.5223483582007031,0.5067256894809657,0.8222461956436992,-7.23567004972753,577.2343589459357,28.659297221101994,-0.4529479853857181,-34.625763233914526,-0.042222970456703354,0.046176920478750105,0.9855882948719806,4.2004767547953445,-29.618323819320533,-2.410381717584463,-33.91099802524032,-0.028719560894188652,0.000646673914036576,0.9932507062912979,4.308354942067172,-0.23676401249166326,-1.3659261653243153,-34.2249570591678,-0.0334705464227109,0.03196184220202314,0.9886501556788275,4.251552880140657,8.939957365748608,True,1.638490355171947,imu,-1.3243102992,-9.389204501600002,3.228828814400001,6.26575805,-0.2397711300000003,-5.60487062,72.1523851540477,-2.538491672611739,-1.5794209612167711
234.314826,2.2209317342464523,8.163923369095738,4455.614412718089,0.1363344911559956,12.547226901083697,1.7172222239186503,-117.52083187736525,12062.682136952877,0.1850209124689603,1.7307064733399957,-19070.779190620357,0.20947433317245712,12.547226901083697,661526835.8452296,-61.10595887473544,-0.4488352733297753,64.20135619820024,-6.2261242907646555,1.9639759952444262,8.140784714579489,64.21812192439685,-115.2658892867222,-79500.79258050521,-160.01448477835584,0.0,1.790890113404789,-3004.3236234773267,-18550312054.297237,-1136.3705088910447,-0.3444830191906593,0.0,0.0,1779.9499999999575,-3.3036899999999267,0.0,0.0,0.0,0.0,0.0,0.0,0.0,0.0,0.0,0.0,0.0,1256.0899999999265,-0.09666209999999667,0.0,0.0,0.0,0.0,0.0,0.0,0.0,0.0,0.0,0.0034139414388740033,0.37728069132925746,5732.421952735642,-253.52152403420592,0.0,9.87074567131142e-08,0.0,-8.87977320935246e-09,53.97650110055676,-0.03156985326696757,53.97650110055676,0.0,1.4417792369107567,1493.5825505119906,-5.37052433566404,4482.325023545023,4.002616378548463,0.0,-1.1863433691404105e-16,0.0,3.445492963874004e-14,-54.95057518265222,0.48792902501060625,-54.95057518265222,0.0,-21.2391659187467,998.999999999988,-2.2867278313420982,3.2288060641112075,-15.096337660328901,gaze,0.5215662128999463,0.507380019230149,0.7846092366052028,-8.922124968271147,682.7825500690983,28.669289036694543,-0.45372756557381566,-34.62509748345448,-0.04158253418506178,0.045170694302438,0.9859323054574561,4.199565575778876,-29.608200081837936,-2.4201581605944096,-33.90178230364367,-0.02782128769316444,8.511907693541446e-05,0.9935395938056992,4.305604200302404,-0.24082764006977322,-1.3740313770807524,-34.21941108114458,-0.03262853221392264,0.031107625116985817,0.9889806384587739,4.249648793551158,7.960182424024032,True,1.6513499216147953,imu,-1.3446474944,-9.329987374400002,3.2366048008,6.42277316,-0.7108164600000002,-5.46280933,72.11469124634569,-2.548106944143722,-1.5524186414278578
234.322715,2.2611772745353638,8.16709201869692,4455.492856019873,0.05711026932152663,12.66160200695111,1.7372869478959707,-116.89141896374213,11872.937160301488,0.1875560285232855,1.7509114548226774,-19565.17047247605,0.20360496657797822,12.66160200695111,682883636.5888124,-61.94944251712289,-0.4535043557969305,64.19491442541846,-6.298349437422858,2.0013473504350134,8.14371362821825,64.21190716625517,-114.574501203191,-81775.19472419754,-163.15889838595666,0.0,1.8169037026958577,-3084.6035123493148,-19155875776.254326,-1161.408653973347,-0.3481174109558188,0.0,0.0,1779.949999999957,-3.303689999999923,0.0,0.0,0.0,0.0,0.0,0.0,0.0,0.0,0.0,0.0,0.0,1256.0899999999256,-0.09666209999999659,0.0,0.0,0.0,0.0,0.0,0.0,0.0,0.0,0.0,0.0033888125049348385,0.377282845482241,5732.452745621036,-253.63768187228897,0.0,9.98619901914348e-08,0.0,-8.885121593582043e-09,53.97668090478615,-0.03154091081468821,53.97668090478615,0.0,1.4417833315933644,1526.1908786968183,-5.462598600038233,4482.363390405742,3.9866370743649746,0.0,-1.2037454201943165e-16,0.0,3.4950838414494454e-14,-55.951959559364674,0.49627176595595185,-55.951959559364674,0.0,-21.707452176554956,998.9999999999873,-2.3938623108799426,3.2498928872199624,-15.153546243559497,gaze,0.5002118863350768,0.527541201745054,0.7117348690437577,-8.595966161115546,758.1383750168059,28.91192375894292,-0.8150683588712508,-34.37234956815411,-0.0098367596940091,0.0075828372625489,0.9999228663940894,4.179858684539795,-29.42988838313754,-2.458781910083786,-34.14874094823315,0.0122885817054638,-0.0251466470310701,0.9996082417141045,4.355837821960449,-0.2215680439971436,-1.586849496591173,-34.25939468383949,-0.0048129229227885,-0.0056257298240857,0.9997284259813812,4.258615589141845,5.140621043743339,True,2.0,imu,-0.958342967787229,-9.411653382373492,3.210091842647714,6.7373914521512965,-1.3485799871548798,-4.6807157656524,72.0817750653953,-2.556864331487158,-1.5293593950580766
234.323648,2.265965874554963,8.167429167662268,4455.478496721316,0.04769671292285338,12.67518189323511,1.7396692506970144,-116.81667689759865,11850.207146447618,0.1878574896598881,1.7533104198252925,-19624.30668418857,0.20290627419995788,12.67518189323511,685445452.6729883,-62.049747866536244,-0.45405903006583015,64.19417090455318,-6.306933203757746,2.0057944133935344,8.144022298678852,64.21119065261908,-114.4923560379554,-82047.574085497,-163.53359000044253,0.0,1.8199976021588977,-3094.214290178177,-19228526431.251465,-1164.3978009795637,-0.3485495716471743,0.0,0.0,1779.949999999957,-3.303689999999923,0.0,0.0,0.0,0.0,0.0,0.0,0.0,0.0,0.0,0.0,0.0,1256.089999999925,-0.09666209999999659,0.0,0.0,0.0,0.0,0.0,0.0,0.0,0.0,0.0,0.0033858372499120694,0.377283100391977,5732.456388778135,-253.6514200364461,0.0,9.999931326379496e-08,0.0,-8.885754119550106e-09,53.97670219607984,-0.03153747027838473,53.97670219607984,0.0,1.4417838161813665,1530.083921610494,-5.473550525418589,4482.367940474425,3.984773875976888,0.0,-1.2058157695197756e-16,0.0,3.500983260889862e-14,-56.07100837686286,0.4972641028789016,-56.07100837686286,0.0,-21.76316367397202,998.9999999999875,-2.4066238128452397,3.252404823578754,-15.16025650890277,gaze,0.5207948763727552,0.5080177984324148,-1.0477519895908538,-10.411592516826577,763.850137336132,28.679154434447383,-0.4545085428219469,-34.62446502873689,-0.040951956033989774,0.044180054677961995,0.9862748835453039,4.198674038298278,-29.59824466605543,-2.429787127386828,-33.89260495394088,-0.026936934764172617,-0.0004607809176804499,0.9938264829432325,4.30287065425985,-0.24483745109134356,-1.382033801444893,-34.21387469851679,-0.031799943106589255,0.030266671455609694,0.9893092009904908,4.24776902208686,7.235691795577364,True,1.6641263424120323,imu,-1.3930978712,-9.325202152,3.236006648,6.74428029,-1.12952342,-4.67773378,72.07793671280646,-2.557909892338211,-1.5266993229960617
234.33247,2.311548447273968,8.170220703931218,4455.342897750248,-0.04177579811073784,12.804145212253324,1.7622931057504767,-116.10676287086767,11632.216604936402,0.19072522965882252,1.7760926071380316,-20190.518360349644,0.19625207216538554,12.804145212253324,710050881.5651368,-63.00396657045749,-0.4593298146452103,64.18733431217606,-6.388538284485539,2.048130572215101,8.146543233820955,64.20461110003049,-113.71166612893848,-84659.00569495108,-167.1061296161015,0.0,1.8494346152410648,-3186.321489844253,-19926433404.73757,-1192.9570571533777,-0.3526604226325059,0.0,0.0,1779.9499999999566,-3.303689999999923,0.0,0.0,0.0,0.0,0.0,0.0,0.0,0.0,0.0,0.0,0.0,1256.0899999999237,-0.09666209999999659,0.0,0.0,0.0,0.0,0.0,0.0,0.0,0.0,0.0,0.003357668873757217,0.3772855122903669,5732.490851430666,-253.78132834044675,0.0,1.013059822293543e-07,0.0,-8.891734924740311e-09,53.9769037991543,-0.03150475299764752,53.9769037991543,0.0,1.4417884017509315,1567.280796710993,-5.577765319333446,4482.411095565611,3.967436190825744,0.0,-1.2255210876867806e-16,0.0,3.5571280982141827e-14,-57.20318136312959,0.506706799578584,-57.20318136312959,0.0,-22.29340410283844,998.9999999999873,-2.5282499099492597,3.2763468652776417,-15.223121802850962,gaze,0.5200345230067317,0.5086389525549421,-4.748328192270958,-11.641620121080773,783.8857639143553,28.688891229327506,-0.45529818058560656,-34.6238583459662,-0.04033140606984683,0.04320511982412265,0.98661598016164,4.197802213708307,-29.588459771777423,-2.439266771548037,-33.88346804982043,-0.02606667178996987,-0.0009909774400480714,0.9941113241712023,4.300154681584493,-0.24878420046059957,-1.3899317617754066,-34.20834942553693,-0.030984968261989907,0.029439075062053798,0.9896357919632611,4.245913804171054,6.934540074916155,True,1.6768179601265079,imu,-1.3811348152,-9.3652783896,3.1947341048,7.14803343,-1.31644617,-3.83284295,72.04226454703341,-2.5678985881798577,-1.5022391755693236
234.341293,2.3576886868687543,8.172289151525202,4455.207602825511,-0.13209901648001932,12.934137437604,1.7850974726216493,-115.39097868903355,11408.58096143324,0.19362469998231407,1.7990567462002445,-20769.695652066446,0.18951049832552047,12.934137437604,735360715.5772088,-63.96880470959321,-0.46464853857697586,64.18085176133394,-6.470954536025353,2.090993122353457,8.148338647184254,64.19838865998824,-112.923681781401,-87336.61291996183,-170.7330832806984,0.0,1.8792069681026942,-3280.697730804399,-20644541270.645218,-1222.0589561118518,-0.3568163819575514,0.0,0.0,1779.9499999999562,-3.303689999999923,0.0,0.0,0.0,0.0,0.0,0.0,0.0,0.0,0.0,0.0,0.0,1256.0899999999228,-0.09666209999999653,0.0,0.0,0.0,0.0,0.0,0.0,0.0,0.0,0.0,0.003329431247537651,0.3772879274598113,5732.5253445812905,-253.9112637894791,0.0,1.0262772654906303e-07,0.0,-8.897716311452413e-09,53.977105946166574,-0.0314716952358885,53.977105946166574,0.0,1.4417929944782983,1605.1872743275837,-5.683189809287315,4482.454494673533,3.950605830687529,0.0,-1.2454635057135639e-16,0.0,3.613939295127166e-14,-58.34730870500725,0.5162590253707715,-58.34730870500725,0.0,-22.829995925338174,998.9999999999873,-2.6516379702281405,3.300638518503206,-15.284932795595406,gaze,0.5192852398715967,0.5092434792570528,-9.395900238037019,-12.590366071805725,762.3120477174906,28.698498351657673,-0.4561033931126121,-34.62327010052586,-0.03972098260816775,0.042245896368597574,0.986955584872829,4.196950075683103,-29.578846471575083,-2.4485963398593773,-33.87437262637651,-0.025210568685035274,-0.001505483789539918,0.9943941001631028,4.2974563535396495,-0.2526607139779453,-1.3977244912460447,-34.20283614557834,-0.03018370306715876,0.028624834967023657,0.989960397044058,4.244083168090555,7.077909561942315,True,1.6894245419331322,imu,-1.3530216336,-9.4490197816,3.186958118400001,7.4246791,-1.32392308,-3.02533667,72.00780692718611,-2.578072219683456,-1.4790115077762904
234.342696,2.3650769136387297,8.172550800620268,4455.186118331489,-0.14653971433688184,12.954902166555705,1.7887402080259165,-115.27662187612646,11372.494357504882,0.19408867274090127,1.8027250196290332,-20862.997569675535,0.18843046592144308,12.954902166555705,739451032.7919242,-64.12320360420526,-0.4654986851105899,64.17985403311349,-6.484134331818263,2.097857281028757,8.148556656989648,64.19743257548953,-112.79771222582275,-87768.54870223261,-171.3148426959358,0.0,1.8839720122032282,-3295.916019523156,-20760614973.306023,-1226.7368303726598,-0.3574813833213629,0.0,0.0,1779.9499999999553,-3.3036899999999223,0.0,0.0,0.0,0.0,0.0,0.0,0.0,0.0,0.0,0.0,0.0,1256.089999999922,-0.09666209999999648,0.0,0.0,0.0,0.0,0.0,0.0,0.0,0.0,0.0,0.003324934795956698,0.3772883117979038,5732.530832000353,-253.93192678406007,0.0,1.0283928843655453e-07,0.0,-8.898667440571349e-09,53.977138139734535,-0.03146640731892705,53.977138139734535,0.0,1.4417937254306303,1611.2806767987763,-5.700065008705457,4482.4614179332875,3.9479767570155673,0.0,-1.2486564449287292e-16,0.0,3.623034374862471e-14,-58.530338946258766,0.5177880339526649,-58.530338946258766,0.0,-22.91590567021179,998.9999999999873,-2.671420961723271,3.3045334910558566,-15.294663415887966,gaze,0.508313645391064,0.5329201629361909,-12.27336267062041,-13.30697293163436,758.0826461407493,28.86686248319279,-0.8237708663338206,-34.36610185069794,-0.015109468464437,0.007025665426611,0.9998611623560724,4.209466934204102,-29.4960563524346,-2.636428651967535,-33.91738878907287,-0.0150671558180554,-0.0362386260117034,0.999229574622538,4.288279056549072,-0.2428485823410827,-1.6327007697294136,-34.22494071438558,-0.0054963730548989,-0.0079106324788523,0.9996980328298012,4.2493843078613285,7.543795766424057,True,2.0,imu,-0.9557641554170687,-9.415151361969027,3.2014665511884193,6.947363988992918,-1.9908257245354182,-3.914599144548608,72.0024485460495,-2.579706797162782,-1.475430155279085
234.350115,2.4043801243433904,8.17362496675532,4455.072644962327,-0.22325818259742647,13.065134913222568,1.8080782757311644,-114.66945688835608,11179.24576457031,0.19655548163244863,1.822198734444674,-21361.924739002283,0.1826826203067562,13.065134913222568,761384110.7999566,-64.94412373357369,-0.47001430351403184,64.17473081811062,-6.554168918482503,2.1343761262847893,8.149399041544282,64.19253086316294,-112.12853334467133,-90081.02231234584,-174.414198223185,0.0,1.909310345264591,-3377.363825240708,-21383119130.59194,-1251.704316815354,-0.36101684550078467,0.0,0.0,1779.9499999999557,-3.303689999999924,0.0,0.0,0.0,0.0,0.0,0.0,0.0,0.0,0.0,0.0,0.0,1256.089999999922,-0.09666209999999648,0.0,0.0,0.0,0.0,0.0,0.0,0.0,0.0,0.0,0.0033011289044634594,0.37729034551511587,5732.559860388046,-254.0411970459004,0.0,1.0396435945746754e-07,0.0,-8.903696932477479e-09,53.977308604805046,-0.03143830205228165,53.977308604805046,0.0,1.4417975936620886,1643.8046148924414,-5.789809216145967,4482.498128885096,3.9342910171370633,0.0,-1.2656404212862092e-16,0.0,3.6714093440848894e-14,-59.5032156592754,0.5259194403419831,-59.5032156592754,0.0,-23.372865277683363,998.9999999999873,-2.7767779045879806,3.325277856857886,-15.345667748966202,gaze,0.5185473651022752,0.5098311762661137,-13.51009804482915,-13.27428439426135,743.2577665219973,28.707971507004327,-0.4569303867111456,-34.62269340865485,-0.03912098774861679,0.04130271238360271,0.9872935720002084,4.196117884270146,-29.569409048809412,-2.457771960415588,-33.865322798478296,-0.02436898205356322,-0.0020041437716070212,0.9946746978430123,4.294776656238839,-0.2564600532965566,-1.4054086124808518,-34.19733760895371,-0.029396510776397693,0.02782422296907605,0.9902828919502974,4.242277759059791,7.565473982387298,True,1.7019415741622663,imu,-1.3721625232,-9.461580990400002,3.1600412424,7.24523326,-1.66038403,-2.39727623,71.9747002754013,-2.58842645852946,-1.4569972240708335
234.358937,2.451631963837027,8.174219296650861,4454.938011164082,-0.3152692253083842,13.19715814658419,1.8312391881033216,-113.94208689217908,10944.079591796733,0.19951814081705382,1.8455222721905427,-21967.490387924074,0.1757672176395113,13.19715814658419,788138997.007151,-65.93011293511839,-0.4754280181528289,64.16897686508597,-6.638196394500746,2.1782882059848347,8.149715517631453,64.18704314509893,-111.32608344192727,-92893.78223027666,-178.1504556386098,0.0,1.9397505463418703,-3476.373064874968,-22142685204.43457,-1281.903887987368,-0.3652626213769431,0.0,0.0,1779.9499999999534,-3.3036899999999187,0.0,0.0,0.0,0.0,0.0,0.0,0.0,0.0,0.0,0.0,0.0,1256.0899999999192,-0.09666209999999631,0.0,0.0,0.0,0.0,0.0,0.0,0.0,0.0,0.0,0.0032727567713575385,0.3772927668928978,5732.594402735693,-254.1711429525426,0.0,1.0531614330654243e-07,0.0,-8.909677474453956e-09,53.9775118115259,-0.031404567273804265,53.9775118115259,0.0,1.4418022001638904,1683.1470174473175,-5.897644581263291,4482.542004032142,3.918494239694148,0.0,-1.2860560090595758e-16,0.0,3.7295500438044867e-14,-60.671116215685814,0.5356899501758482,-60.671116215685814,0.0,-23.922120609013888,998.9999999999866,-2.9037015935051755,3.3502712170319153,-15.40532596844056,gaze,0.5178209782763133,0.5104020525443533,-15.71641857680863,-13.746846994518497,749.2612812202331,28.717309710366724,-0.4577852142278875,-34.62212143580963,-0.03853151218013208,0.04037556500895163,0.9876299315789714,4.195305606359738,-29.560148459106106,-2.466792988086452,-33.856319574805504,-0.02354197292459049,-0.0024869816389999806,0.99495310070018,4.292115655553049,-0.26017806753812384,-1.4129834377535229,-34.191854683122024,-0.028623477527958532,0.02703722986323656,0.9906032632107115,4.240497594206104,8.225640570077454,True,1.7143688356720517,imu,-1.3829292736,-9.4364585728,3.1277409912,7.24523326,-1.69776858,-1.78416961,71.94306137725675,-2.598960378723675,-1.436169099924697
234.362788,2.472435177399123,8.174243915270184,4454.879342713075,-0.3557026619486692,13.255112338916554,1.8414061952635774,-113.62273242367337,10839.568708414212,0.20082146369869572,1.855760722894436,-22236.07133843642,0.17272093009299883,13.255112338916554,800051343.3352017,-66.36388532707859,-0.47780633834696545,64.16658177312362,-6.675132647791794,2.197623663581602,8.149618080084142,64.18476524506875,-110.9734944701637,-94143.36647833086,-179.79885144616026,0.0,1.953144605411256,-3520.3384661130476,-22480946219.907692,-1295.2623601790438,-0.3671302913047522,0.0,0.0,1779.949999999953,-3.303689999999917,0.0,0.0,0.0,0.0,0.0,0.0,0.0,0.0,0.0,0.0,0.0,1256.0899999999192,-0.09666209999999634,0.0,0.0,0.0,0.0,0.0,0.0,0.0,0.0,0.0,0.0032603493401155807,0.3772938249617859,5732.609489557422,-254.22787123867425,0.0,1.0591100652088994e-07,0.0,-8.912288092017503e-09,53.977600691112514,-0.03138973356186707,53.977600691112514,0.0,1.4418042133865914,1700.5507403345882,-5.945100716228577,4482.561232292175,3.9117621485443976,0.0,-1.2950431945958933e-16,0.0,3.755141411770368e-14,-61.18471305289587,0.5399897267193527,-61.18471305289587,0.0,-24.163897336326905,998.9999999999861,-2.959670498983236,3.361293298511093,-15.431028533769547,gaze,0.5095196595095953,0.5355140780614301,-14.21875708766787,-15.61638839220139,758.0636342123012,28.8430938237349,-0.8187642933713242,-34.37310320071079,-0.0180291440102998,0.0056569904396907,0.9998214582741368,4.203571319580078,-29.49786582259429,-2.741936993627218,-33.76005338586976,-0.0170241963889137,-0.0405707032691084,0.9990316285151144,4.25731086730957,-0.2663143723632277,-1.673044236468591,-34.19056037404783,-0.0069655871105498,-0.010440777430497,0.9996535095787392,4.245201921463012,8.733775524782141,True,2.0,imu,-0.9533682835312833,-9.418717342256121,3.192562684971359,7.21001535295219,-1.922406645508419,-3.192004726466558,71.92973944156394,-2.6036144698317885,-1.4274427961709273
234.364566,2.4820763691965966,8.174206802891005,4454.852276634792,-0.37442598711298913,13.281936154489953,1.846111961892618,-113.47490838595195,10790.931877984665,0.20142527628933315,1.8604995683011465,-22360.951651245916,0.1713087963926998,13.281936154489953,805599625.9497187,-66.56485042990528,-0.478907514795884,64.16550010021908,-6.692238829545114,2.2065851621391306,8.149524456792609,64.18373788014105,-110.81023103016616,-94724.80271661976,-180.56350892081707,0.0,1.959350490876056,-3540.791658101729,-22638509102.19784,-1301.4662381074506,-0.36799553458806555,0.0,0.0,1779.949999999953,-3.303689999999918,0.0,0.0,0.0,0.0,0.0,0.0,0.0,0.0,0.0,0.0,0.0,1256.0899999999187,-0.09666209999999636,0.0,0.0,0.0,0.0,0.0,0.0,0.0,0.0,0.0,0.0032546161985636604,0.37729431369829813,5732.616456821259,-254.25406341330552,0.0,1.0618663796772231e-07,0.0,-8.913493405286746e-09,53.97764176309566,-0.03138286268427344,53.97764176309566,0.0,1.4418051433885353,1708.6335063591532,-5.967090119333761,4482.570125519218,3.9086876510563116,0.0,-1.2992080780166026e-16,0.0,3.767000497506548e-14,-61.422618446032885,0.5419820777671184,-61.422618446032885,0.0,-24.275940050502566,998.9999999999864,-2.985627520443458,3.366405254303638,-15.442825450297322,gaze,0.5173635751398297,0.5107574918745296,-15.7976689958777,-13.977020480082537,762.7228600900892,28.723196614376448,-0.45834775997888016,-34.621755940160384,-0.03816095876201979,0.03979241378393634,0.9878436777022434,4.194797756532663,-29.554332946486944,-2.4724674240736366,-33.850600231334475,-0.023021977815313194,-0.002786780394025086,0.9951295702723165,4.290427708301257,-0.2625063658915328,-1.4177588326693051,-34.18836506699144,-0.028137712376174122,0.026542232215292554,0.9908065477355902,4.239375029780455,8.648114070483242,True,1.7222505492250122,imu,-0.9531658012173237,-9.419035133295113,3.191763935334122,7.233472269162487,-1.8844287827290636,-3.1304931081835887,71.6196316,-2.887033200000011,-1.495367200000008
234.367759,2.4994482276313783,8.174062957882743,4454.803703796222,-0.4081379089780093,13.330212991115875,1.8545813130888682,-113.20883885923877,10702.974778897129,0.2025129180374891,1.8690284720943757,-22586.614880488996,0.16876382824579728,13.330212991115875,815640686.1054865,-66.92685323320727,-0.48088999234232566,64.16359608139908,-6.723042656668932,2.2227331703787225,8.149278876562988,64.18193170870097,-110.51628338773196,-95776.1566383011,-181.94243257926013,0.0,1.9705300264053138,-3577.7686991878218,-22923683648.89667,-1312.6652168539395,-0.36955405089725135,0.0,0.0,1779.9499999999525,-3.303689999999917,0.0,0.0,0.0,0.0,0.0,0.0,0.0,0.0,0.0,0.0,0.0,1256.0899999999178,-0.09666209999999628,0.0,0.0,0.0,0.0,0.0,0.0,0.0,0.0,0.0,0.0032443129627004394,0.3772951917570102,5732.628971600941,-254.30110162652983,0.0,1.0668319204685517e-07,0.0,-8.915657946133352e-09,53.97771557996947,-0.031370488443808964,53.97771557996947,0.0,1.441806814326903,1723.224515996913,-6.00670510823509,4482.586121043272,3.9032199443896047,0.0,-1.3067122064456633e-16,0.0,3.788366818882172e-14,-61.85109574705082,0.5455713879602881,-61.85109574705082,0.0,-24.47781013163901,998.9999999999859,-3.0324271485916476,3.37562222578668,-15.463899659089655,gaze,0.5171062413453279,0.5109560523717844,-15.410861733028998,-14.096108876964811,770.3801448437537,28.726510916176714,-0.4586734206151213,-34.62154766170218,-0.03795271304623633,0.03946455708717761,0.9879646152204117,4.19451330423161,-29.551066707770975,-2.475657758168005,-33.84736498608943,-0.022729696460927262,-0.0029539670934458917,0.9952292603523779,4.289473722454606,-0.2638115413130815,-1.4204474243793985,-34.186388853538865,-0.02786477713521678,0.026263936081423106,0.9909214607737715,4.238742895280197,8.866305699056335,True,1.7267046726026367,imu,-1.4373611784,-9.2492367464,3.0583552664,7.22280253,-1.59309184,-1.69444669,71.91300273317033,-2.6096718646725816,-1.4165025159294813
234.376582,2.5478384712655546,8.173146564940144,4454.669710065644,-0.5018806970265359,13.464320580783637,1.8781084358649713,-112.46959876377059,10455.794023860246,0.20554039991186943,1.8927211475247034,-23219.595467163643,0.1616711803545532,13.464320580783637,843907949.7909877,-67.93454076016071,-0.48640116462465355,64.15859414272558,-6.808723181086433,2.2677199731611792,8.148079685017429,64.17720228458569,-109.6989912333704,-98729.76375356637,-185.79114940273354,0.0,2.001654798696666,-3681.6064148055575,-23726657109.51234,-1343.9995011267486,-0.3738919713549671,0.0,0.0,1779.949999999954,-3.3036899999999187,0.0,0.0,0.0,0.0,0.0,0.0,0.0,0.0,0.0,0.0,0.0,1256.0899999999178,-0.09666209999999634,0.0,0.0,0.0,0.0,0.0,0.0,0.0,0.0,0.0,0.0032157923471318427,0.3772976205476002,5732.663570883336,-254.43108791887403,0.0,1.0806577776595741e-07,0.0,-8.921639034211005e-09,53.97791994703769,-0.03133605917240563,53.97791994703769,0.0,1.44181143702051,1764.051906095801,-6.11701261635009,4482.630485891217,3.8884709556929877,0.0,-1.327613343326514e-16,0.0,3.8478719044951214e-14,-63.043375839803815,0.5555657298115039,-63.043375839803815,0.0,-25.040046374696857,998.9999999999873,-3.162987699975851,3.401337468707938,-15.521387444932161,gaze,0.5164032340211135,0.5114931847812253,-13.292802688627253,-14.434650860136342,775.7339405334778,28.73557413448938,-0.4596002485899161,-34.6209657432716,-0.03738468036308952,0.03856968699853139,0.9882976123383648,4.1937409514196915,-29.542164751029674,-2.4843656310155655,-33.83846004509163,-0.021932214527513125,-0.0034051247758870515,0.9955031596347195,4.286850929955858,-0.26735894975055874,-1.4277998914467247,-34.180940981400184,-0.027120495897499906,0.025504333292565788,0.9912374706103319,4.23701368516881,9.3225368844382,True,1.7389488146551844,imu,-1.411640608,-9.2701720944,3.056560808,7.85086297,-1.36878454,-1.52247776,71.8846250625598,-2.6205599976383267,-1.3979707831010542
234.382768,2.582107194333311,8.172045801234889,4454.575961511304,-0.5681239774486002,13.558968380032525,1.8947131696706148,-111.94776114413571,10278.823716813698,0.20768246659258788,1.9094428291895458,-23671.735693548737,0.15664536079167402,13.558968380032525,864189911.1028174,-68.64755791898997,-0.490294308449207,64.15531683480597,-6.869290573714829,2.299583412541037,8.146779166752369,64.17411792620533,-109.12152990057689,-100843.58471661653,-188.5234658864934,0.0,2.0236822383590822,-3755.8826621823664,-24302937214.83844,-1366.312401921065,-0.3769610043926058,0.0,0.0,1779.9499999999512,-3.303689999999916,0.0,0.0,0.0,0.0,0.0,0.0,0.0,0.0,0.0,0.0,0.0,1256.0899999999156,-0.0966620999999962,0.0,0.0,0.0,0.0,0.0,0.0,0.0,0.0,0.0,0.003195751008748419,0.37729932569286684,5732.6878449943615,-254.52223192595045,0.0,1.0904437444698548e-07,0.0,-8.925832475119606e-09,53.978063583926385,-0.03131171202653768,53.978063583926385,0.0,1.4418146830547363,1793.1268860274813,-6.195092935402753,4482.661736388713,3.878446838348328,0.0,-1.3424133231012578e-16,0.0,3.890001694218089e-14,-63.8866120294733,0.5626401007479258,-63.8866120294733,0.0,-25.438135511468694,998.9999999999854,-3.2556220871211963,3.419584473919077,-15.56103760527112,gaze,0.5083096265316316,0.5339372615698859,-12.27568303797113,-14.22070410596049,758.1501238794483,28.86480059647826,-0.8024475078685243,-34.37462875469321,-0.0140752669192052,0.007975874450815,0.999869127580154,4.179893016815186,-29.493505598165,-2.778062145073244,-33.67429852353294,-0.0161078293556077,-0.0393427400497075,0.9990959346523396,4.262618541717529,-0.2877059068026408,-1.7142660076235203,-34.14549784624941,-0.0091483537846855,-0.0128040935599874,0.9996037732387092,4.2415416717529295,9.296472145603836,True,2.0,imu,-0.9511821117059803,-9.42230822310838,3.183488566995151,7.454305317764529,-1.2606045403992006,-2.5242638021995365,71.86578476342338,-2.6282973477030622,-1.385642672291885
234.385404,2.59679578097869,8.17146103140292,4454.536062730926,-0.5964821549403823,13.599456413553597,1.901816336532376,-111.72450420699329,10202.483124926686,0.2086001429734189,1.9165960504390689,-23866.515854053156,0.1544904180469766,13.599456413553597,872950119.6483291,-68.95302879043668,-0.49196059819005467,64.15397844618917,-6.895224289899934,2.313242256818233,8.146108904995693,64.172862232091,-108.87434313218182,-101755.22907966826,-189.6963185579254,0.0,2.0331202852185024,-3787.9069881537625,-24551880256.05186,-1375.907319169222,-0.3782757441803972,0.0,0.0,1779.9499999999512,-3.3036899999999143,0.0,0.0,0.0,0.0,0.0,0.0,0.0,0.0,0.0,0.0,0.0,1256.089999999915,-0.0966620999999962,0.0,0.0,0.0,0.0,0.0,0.0,0.0,0.0,0.0,0.003187199485826714,0.3773000528795849,5732.698192716305,-254.56107248236037,0.0,1.0946370213875198e-07,0.0,-8.927619391744026e-09,53.9781248801777,-0.03130128478454121,53.9781248801777,0.0,1.4418160675436305,1805.630151462583,-6.228551391869146,4482.675089452052,3.8742551035207526,0.0,-1.348756638869521e-16,0.0,3.908057292061987e-14,-64.2477723848474,0.5656715511897155,-64.2477723848474,0.0,-25.60875055503035,998.9999999999859,-3.2953719997044892,3.4274147911201034,-15.577768429838805,gaze,0.5157122711047124,0.5120132820148195,-11.07180007200983,-14.838332697222466,746.2141938444996,28.74449533839387,-0.4605702221269442,-34.62036977652291,-0.036827693263887094,0.037691252473561324,0.9886287993815381,4.19298878056566,-29.53344651063148,-2.492913062783074,-33.82960877769186,-0.021149855501416657,-0.0038403315783527257,0.995774688690427,4.284248239927502,-0.2708187745232674,-1.4350376997592642,-34.17551377113167,-0.026390968327331843,0.024758667176020266,0.9915511717059168,4.2353105688744686,9.484794653522421,True,1.7510968347011657,imu,-1.2866266728,-9.545322382400002,3.0122975008,8.31443139,-1.09213887,-0.77478676,71.85802981617857,-2.631620099392381,-1.380553455516146
234.394226,2.6463296803898655,8.168996948195291,4454.402748980794,-0.6919586982580306,13.73564154906327,1.9257087893413156,-110.9734417088614,9942.902899050154,0.2116927324429917,1.94065698319098,-24527.676630089667,0.1472202780467724,13.73564154906327,902786308.8277737,-69.98251299625761,-0.49756922864845465,64.14975470788886,-6.982561416635562,2.3593089448630664,8.143357079762655,64.16891732212054,-108.04219755544801,-104854.19385302409,-193.65896178291422,0.0,2.0649324824521456,-3896.726894974484,-25399905802.88596,-1408.3999375667265,-0.3827062048494381,0.0,0.0,1779.9499999999498,-3.3036899999999125,0.0,0.0,0.0,0.0,0.0,0.0,0.0,0.0,0.0,0.0,0.0,1256.0899999999137,-0.09666209999999606,0.0,0.0,0.0,0.0,0.0,0.0,0.0,0.0,0.0,0.003158529237588137,0.37730248919430753,5732.732840996134,-254.69107016751462,0.0,1.1087723662390507e-07,0.0,-8.933599705534052e-09,53.97833041635788,-0.03126615890708702,53.97833041635788,0.0,1.4418207067683082,1847.9741469490848,-6.341343200148941,4482.71993767501,3.860575192602994,0.0,-1.3701464148436708e-16,0.0,3.9689351942638764e-14,-65.46450636287634,0.5758908233252105,-65.46450636287634,0.0,-26.18403491299719,998.999999999985,-3.4296132054882094,3.453860784950118,-15.633041292837811,gaze,0.5150334243354544,0.5125163648567149,-10.435063536551686,-15.240130219039457,718.697793317692,28.753273628301102,-0.46158778392143296,-34.619753899024936,-0.036281833633732795,0.03682924198176399,0.9889581662988567,4.1922567581472165,-29.524912819100905,-2.5012995280746773,-33.82081216646738,-0.020382671874288372,-0.004259623502318663,0.9960438312486924,4.281665719374296,-0.2741918307495445,-1.4421602526157489,-34.1701080650811,-0.025676270921219598,0.02402692080811616,0.9918625509762556,4.233633557477516,9.31053167386845,True,1.7631484756801674,imu,-1.3225158408,-9.5542946744,2.9530803736,8.217231559999998,-0.86035466,-1.36546265,71.83330000590978,-2.64285113679738,-1.364223741741768
234.40286,2.695370214002402,8.16582249544301,4454.272601502889,-0.7862535519348626,13.869946240835688,1.9492718596719973,-110.23257716511853,9682.67562664114,0.21475145722997646,1.9643863829883368,-25188.759385393692,0.14001807914484843,13.869946240835688,932771040.2912657,-71.00078497355942,-0.5031062754876342,64.14600659845027,-7.0688524128007995,2.4049247821216095,8.139898585334443,64.16544520557414,-107.22047816912539,-107959.56018170752,-197.59337931954065,0.0,2.096404859671255,-4005.7108122895297,-26252389457.011257,-1440.7738790203598,-0.3870877915373896,0.0,0.0,1779.9499999999516,-3.303689999999916,0.0,0.0,0.0,0.0,0.0,0.0,0.0,0.0,0.0,0.0,0.0,1256.0899999999133,-0.09666209999999617,0.0,0.0,0.0,0.0,0.0,0.0,0.0,0.0,0.0,0.0031303931840699246,0.3773048776072494,5732.766776493194,-254.8183103748288,0.0,1.122758745533664e-07,0.0,-8.939452542931966e-09,53.97853216975649,-0.031231438835610442,53.97853216975649,0.0,1.4418252558916569,1890.1672235040862,-6.452953652058596,4482.764067963624,3.8477100884324216,0.0,-1.3913209245231732e-16,0.0,4.029191622555437e-14,-66.66734073288006,0.5860029850437389,-66.66734073288006,0.0,-26.753478299025495,998.9999999999864,-3.562809516782881,3.4801037533890895,-15.686055692493296,gaze,0.5080365555830302,0.5332733074831791,-11.83488400623312,-13.62938408793581,758.1774062012066,28.86123835478977,-0.7794033961088511,-34.38407637193096,-0.0142886277495019,0.0100571165476386,0.999847333108302,4.1781907081604,-29.50043846246765,-2.824270193341069,-33.59181157719782,-0.014768919242288,-0.0399026255850981,0.9990944197100844,4.239606380462646,-0.306983560166044,-1.7478934316646622,-34.09625529700936,-0.0122018785936854,-0.0142902857819383,0.9995381746926936,4.235463333129883,9.709707623877062,True,2.0,imu,-0.9491810275649245,-9.425960663284506,3.1741522265901425,7.614814873905341,-0.25454406737282487,-1.9060478015687308,71.81097830819904,-2.6540061315401737,-1.3492714586612333
234.403048,2.696444257271259,8.165744911537654,4454.269771219162,-0.7883161919800799,13.872881927950523,1.9497869172470466,-110.21638117680595,9676.940536597744,0.21481841339086805,1.9649050781970854,-25203.3099040506,0.1398602951610841,13.872881927950523,933432686.7199,-71.02307584136643,-0.503227371030817,64.14592927452424,-7.070740356301865,2.405923907965224,8.139814789727225,64.16537392558016,-107.20250497479128,-108027.98429319158,-197.67967172025828,0.0,2.097093889701925,-4008.1115188558597,-26271203056.16797,-1441.4851712327486,-0.3871837015050734,0.0,0.0,1779.9499999999507,-3.3036899999999143,0.0,0.0,0.0,0.0,0.0,0.0,0.0,0.0,0.0,0.0,0.0,1256.0899999999133,-0.09666209999999609,0.0,0.0,0.0,0.0,0.0,0.0,0.0,0.0,0.0,0.003129779680330576,0.37730492965885676,5732.767515698986,-254.82108109342164,0.0,1.1230649741375671e-07,0.0,-8.939579984532091e-09,53.978536569483424,-0.031230679038081494,53.978536569483424,0.0,1.441825355044919,1891.0942952445175,-6.455397417814142,4482.765031496803,3.847435749459553,0.0,-1.3917846476440021e-16,0.0,4.0305111458274497e-14,-66.6936647027359,0.5862243949664694,-66.6936647027359,0.0,-26.76594855847113,998.9999999999859,-3.565729898790007,3.4806791719629473,-15.687198100488509,gaze,0.5143668424152374,0.513002397246091,-11.927928845138723,-15.318105946256397,760.3424495387603,28.76190710761152,-0.4626568882100945,-34.6191125491973,-0.0357472448268839,0.035983742236867206,0.9892856653754338,4.191544936880758,-29.516565475551953,-2.5095235547074695,-33.8120721934939,-0.019630803453989383,-0.0046629893678498055,0.9963105401905304,4.27910373170178,-0.2774795631596007,-1.4491661501104691,-34.16472531538635,-0.024976561194161175,0.0233091605676113,0.9921715597498537,4.231982854963245,8.833126693168456,True,1.775102088920431,imu,-1.4660725128,-9.3981767936,2.954874832000001,7.83590915,-0.6734319100000001,-1.67201596,71.81051347660967,-2.65425080498219,-1.34895703570054
234.411871,2.747149396065201,8.161694957608592,4454.137116843784,-0.8855715998244094,14.011199250029277,1.974054609268022,-109.45320561443714,9404.45066685509,0.21797779201913312,1.9893442534974572,-25893.729369092514,0.13240915377260443,14.011199250029277,964909255.7611153,-72.0749200297605,-0.5089359915219939,64.14250817039871,-7.159777069344123,2.4530964102764106,8.13547202186033,64.16223812361088,-106.35511917473912,-111278.31517695475,-201.7595106989662,0.0,2.129610722881013,-4122.1198562471745,-27166350537.64626,-1475.1747554264848,-0.39170909961682515,0.0,0.0,1779.9499999999498,-3.3036899999999125,0.0,0.0,0.0,0.0,0.0,0.0,0.0,0.0,0.0,0.0,0.0,1256.089999999912,-0.09666209999999609,0.0,0.0,0.0,0.0,0.0,0.0,0.0,0.0,0.0,0.0031009456099714214,0.3773073747185156,5732.80222073583,-254.95112011905917,0.0,1.1375176597351292e-07,0.0,-8.945560915617766e-09,53.97874337700213,-0.0311948385817101,53.97874337700213,0.0,1.4418300132541546,1935.006114199039,-6.57073660998428,4482.810377009637,3.8348399242903675,0.0,-1.4136758188859733e-16,0.0,4.092797808843725e-14,-67.9354761838944,0.5966743097521605,-67.9354761838944,0.0,-27.35460792606281,998.999999999985,-3.703756531458854,3.507876801901876,-15.740236831951194,gaze,0.513712597162991,0.5134714003567435,-13.897181977233439,-14.401496128021199,843.0057238278185,28.770394872074213,-0.4637812422111631,-34.618440319998946,-0.035224007963160234,0.035154742787476344,0.9896112858742068,4.190853289773853,-29.508405311576055,-2.5175846246200084,-33.80338984713066,-0.0188943034850144,-0.005050465910957334,0.9965747985391153,4.276562351441576,-0.2806847261790384,-1.4560548034314573,-34.159366359202096,-0.02429191570416788,0.022605370250756,0.9924781843330621,4.230358478107696,8.170356118909814,True,1.7869573652660353,imu,-1.399677552,-9.4526086984,2.9722212632,8.06769336,-0.20986349,-1.19349372,71.78973755713832,-2.6658180717051883,-1.334727201071254
234.420693,2.798437723996975,8.15683848869735,4454.004818348261,-0.9837087921038048,14.150568146539307,1.998507497330887,-108.68405779804084,9125.379620941356,0.221170399552524,2.013970111687441,-26599.01564457694,0.12486807612229311,14.150568146539307,997225489.2951059,-73.13789037834374,-0.5146941137580783,64.1394986027791,-7.249657219999272,2.500819660792657,8.130320228883681,64.15951708323746,-105.50018228370885,-114605.80775279361,-205.8981544713523,0.0,2.1624781328664495,-4238.77253774092,-28085627521.170692,-1509.4690045963698,-0.3962817249835362,0.0,0.0,1779.9499999999498,-3.3036899999999108,0.0,0.0,0.0,0.0,0.0,0.0,0.0,0.0,0.0,0.0,0.0,1256.0899999999097,-0.096662099999996,0.0,0.0,0.0,0.0,0.0,0.0,0.0,0.0,0.0,0.0030720316217835338,0.377309823987787,5732.836948215609,-255.08115788722853,0.0,1.1521283202119525e-07,0.0,-8.951541152084576e-09,53.9789508060757,-0.031158643137291497,53.9789508060757,0.0,1.4418346806941447,1979.7102403915517,-6.687344096149312,4482.855964875447,3.8227951397779307,0.0,-1.4358169624854255e-16,0.0,4.155786654870953e-14,-69.18974703243633,0.6072390556046001,-69.18974703243633,0.0,-27.949929144603598,998.999999999985,-3.8436806359175506,3.5354512796671607,-15.792137460505042,gaze,0.5130709786684803,0.513923241958615,-12.994153802669926,-11.819682090538286,801.8491304909586,28.778733178957417,-0.4649637981580892,-34.61773226430283,-0.034712377797603625,0.03434250992592883,0.9899349066342283,4.190182021365365,-29.5004358687143,-2.525479538529158,-33.79476905128997,-0.018173470747080585,-0.00542196397253427,0.9968364999428351,4.274042513995199,-0.28380985476294335,-1.462823325723921,-34.154033845217114,-0.023622638670315443,0.021915768510340005,0.9927823072794516,4.228760989836221,7.516403851714286,True,1.798709971730747,imu,-1.336871508,-9.5602762024,2.9512859152,8.30695448,0.33595094,-1.01404788,71.77103845469318,-2.6775479141463534,-1.3215129080078452
234.422841,2.811015136927076,8.155532787477666,4453.972657889422,-1.0077392721009453,14.184664226555563,2.0044899193860877,-108.4958634265297,9056.416702803224,0.22195285498907502,2.0199948779866306,-26773.02967370162,0.12301816312843661,14.184664226555563,1005223461.11605,-73.3984164621789,-0.5161037413638765,64.1388287959731,-7.271671303796904,2.512524044605837,8.128942234706464,64.15891802354761,-105.29085711107956,-115427.88424096168,-206.91488045869625,0.0,2.1705346749845233,-4267.582942733389,-28313178231.03241,-1517.9120590658827,-0.3974023444812926,0.0,0.0,1779.9499999999498,-3.3036899999999116,0.0,0.0,0.0,0.0,0.0,0.0,0.0,0.0,0.0,0.0,0.0,1256.0899999999106,-0.09666209999999598,0.0,0.0,0.0,0.0,0.0,0.0,0.0,0.0,0.0,0.003064978767450561,0.3773104210396223,5732.845407728879,-255.1128218239134,0.0,1.1557100506643466e-07,0.0,-8.952997231732954e-09,53.97900141059489,-0.031149775552856876,53.97900141059489,0.0,1.4418358186501843,1990.7167954056813,-6.715930985252507,4482.867102280168,3.8199461653167717,0.0,-1.4412463787767543e-16,0.0,4.1712313144546006e-14,-69.49705696248328,0.6098290423114243,-69.49705696248328,0.0,-28.095903431217288,998.9999999999854,-3.8780414032413333,3.5422231149750214,-15.804602061065115,gaze,0.5082680228092499,0.5325152482447106,-12.19901551721643,-12.94602588271914,758.1805551619316,28.84883573573022,-0.7565637861385615,-34.39272053159671,-0.0161950164707676,0.0120906034626349,0.999795748515376,4.189159393310547,-29.50365012192604,-2.854999146626409,-33.53787782959706,-0.0137616757108852,-0.0402017796147806,0.999096808721474,4.218821048736572,-0.3206685363661637,-1.7816646980456556,-34.037206081490005,-0.0154427300129961,-0.0153450224203007,0.9994743196055592,4.2226917266845705,6.449857834368731,True,2.0,imu,-0.9473868645026086,-9.429630500607269,3.1646671663811587,7.63466638537098,0.796943612463564,-1.346618945412471,71.76680581258171,-2.6804284540924286,-1.3184461687043203
234.429515,2.85031909196512,8.151165520545927,4453.872863111241,-1.0827446824164824,14.29101024058805,2.023149459109575,-107.9088212913,8839.580139947124,0.22439684070524468,2.038786559370836,-27319.485762328957,0.11723575531017372,14.29101024058805,1030401735.5595869,-74.2121891005879,-0.5205027008697503,64.13690663442497,-7.340396723952919,2.549102891943008,8.124349377489052,64.15721692391148,-104.63754852515768,-118012.19996071229,-210.09666658062082,0.0,2.195702317866683,-4358.129353656875,-29029622730.78871,-1544.3797216033524,-0.4009024411330531,0.0,0.0,1779.949999999949,-3.3036899999999108,0.0,0.0,0.0,0.0,0.0,0.0,0.0,0.0,0.0,0.0,0.0,1256.0899999999092,-0.09666209999999598,0.0,0.0,0.0,0.0,0.0,0.0,0.0,0.0,0.0,0.0030430325023331033,0.3773122779131104,5732.871702046043,-255.21120925637388,0.0,1.1668997635051323e-07,0.0,-8.95752138091547e-09,53.97915889421499,-0.031122086126709955,53.97915889421499,0.0,1.4418393582481617,2025.2222895717236,-6.805242384010628,4482.9018011625285,3.8113045246794286,0.0,-1.4582125512312294e-16,0.0,4.219490321520936e-14,-70.4567053894461,0.6179206709609811,-70.4567053894461,0.0,-28.552028341586528,998.9999999999854,-3.985536686063554,3.5634094602463744,-15.842898023336971,gaze,0.5124420503038882,0.5143579554163388,-8.450067890654877,-8.313923838532544,552.6724842609617,28.78692121997775,-0.4662075253478233,-34.61698343581956,-0.034212426820771955,0.03354702287450112,0.9902565175194777,4.189531097338589,-29.492657848194717,-2.533207898695367,-33.78621076039899,-0.017468348630511235,-0.0057775320476106465,0.9970956283966919,4.271544287274868,-0.28685935788102623,-1.4694712174321625,-34.14872858881916,-0.022968796301147832,0.02124033019946628,0.9930839159227366,4.227190394479579,7.0921051785953555,True,1.810359613949868,imu,-1.3865181904,-9.5668558832,2.9273598032,8.172370099999998,0.7471809899999999,-1.33555501,71.75446731885128,-2.689439185359803,-1.3092879640906485
234.438337,2.9027976536923523,8.144666426653046,4453.741253575357,-1.182685237242616,14.43253156065713,2.0479816373473123,-107.12746575174879,8546.93415226601,0.22765736515753474,2.063794748909133,-28055.3818691489,0.10951172305170287,14.43253156065713,1064455044.7868367,-75.29790021893885,-0.5263620731118022,64.13473878141664,-7.4320014795167175,2.597950036569882,8.117549825103813,64.15534418636415,-103.76716752070763,-121498.8817659056,-214.35565546451653,0.0,2.2292858217978666,-4480.237872357761,-29998831314.611813,-1579.914993591863,-0.4055716031072558,0.0,0.0,1779.9499999999462,-3.3036899999999054,0.0,0.0,0.0,0.0,0.0,0.0,0.0,0.0,0.0,0.0,0.0,1256.089999999906,-0.09666209999999578,0.0,0.0,0.0,0.0,0.0,0.0,0.0,0.0,0.0,0.0030139462921958647,0.37731473666488213,5732.906482202739,-255.34127434755192,0.0,1.181833174157439e-07,0.0,-8.963501611263245e-09,53.97936765559521,-0.031085165002294815,53.97936765559521,0.0,1.4418440462739035,2071.5530397520242,-6.9244410247541515,4482.947886815715,3.8003726867018344,0.0,-1.48086460086696e-16,0.0,4.2839144547043824e-14,-71.73643975335747,0.6287200203690322,-71.73643975335747,0.0,-29.160955532317907,998.9999999999832,-4.129343738995573,3.591755161589722,-15.892510447334743,gaze,0.5118259467076685,0.5147755251745869,-5.692104337826727,-7.014268368104285,305.73833403608063,28.79495725700797,-0.46751491508913984,-34.61618918687665,-0.033724283731234275,0.03276835146558677,0.9905760715775279,4.188900560358276,-29.48507283124649,-2.5407684362680483,-33.777716902179584,-0.016779060753224023,-0.006117178861432232,0.9973521381577153,4.269068026225212,-0.2898379707968021,-1.4759972302516213,-34.14345200430768,-0.022330528862820373,0.020579107002821753,0.9933829630922986,4.2256468771648725,7.080497765769368,True,1.8219046500504101,imu,-1.4074535384,-9.516611048,2.9267616504,7.80600151,1.0537343,-1.50004703,71.74007010040357,-2.7014893884972593,-1.2980278836747359
234.442933,2.930375415862953,8.140950067495371,4453.6728266952505,-1.2351117112992362,14.5066895577083,2.0609942085330495,-106.7179682999124,8391.722065147012,0.22936958849816533,2.0768996243157876,-28444.954873287585,0.10545124033227116,14.5066895577083,1082549033.3533247,-75.86807303510686,-0.5294348596116535,64.13377960659022,-7.480069612153165,2.623622679142298,8.113675910336635,64.15454007614429,-103.31063864869355,-123347.61688110561,-216.59862622378216,0.0,2.246925038824133,-4544.958980908347,-30513916266.339596,-1598.677970084228,-0.4080234103004739,0.0,0.0,1779.949999999949,-3.3036899999999108,0.0,0.0,0.0,0.0,0.0,0.0,0.0,0.0,0.0,0.0,0.0,1256.0899999999078,-0.09666209999999592,0.0,0.0,0.0,0.0,0.0,0.0,0.0,0.0,0.0,0.0029987580809392143,0.37731601957070215,5732.924612053517,-255.4090398743047,0.0,1.1896776035180072e-07,0.0,-8.966617137333816e-09,53.97947668554545,-0.03106578508309435,53.97947668554545,0.0,1.441846492864518,2096.0179620288554,-6.987058356316307,4482.971995183932,3.7949004457945072,0.0,-1.4927679272776593e-16,0.0,4.317764844431919e-14,-72.40823465843366,0.6343930947569857,-72.40823465843366,0.0,-29.48091041671136,998.999999999985,-4.205042290605135,3.6066772402870324,-15.917899467446837,gaze,0.5120539057868069,0.5382576469426449,-6.936125837073083,-6.843191113389048,287.538853234633,28.80017109352672,-0.6118983095549092,-34.48515813725997,-0.0283517605489275,0.0079541201991138,0.99956636080134,4.169970989227295,-29.50310248735067,-2.873279137737461,-33.5005730884909,-0.012525181443939,-0.0398246517792217,0.9991281784338084,4.201566696166992,-0.3280422888243777,-1.784162490944757,-34.00743014008801,-0.0165127617840335,-0.0156107795198023,0.999434699831213,4.2100708961486815,6.677313013368314,True,2.0,imu,-0.9457789981521445,-9.433354801299807,3.1549381759284705,7.48217097798836,1.6794064385468503,-0.8436969319583452,71.73344396655361,-2.7078293082725415,-1.2925358450643065
234.447159,2.9558775794609575,8.137331524483688,4453.609992193002,-1.283536448564334,14.575138157288777,2.0730051797630846,-106.33996077466395,8247.322252606042,0.23095222374853536,2.0889958376790005,-28806.9486542314,0.10169551029298485,14.575138157288777,1099402691.0631883,-76.39510814769581,-0.5322725520515386,64.13300160246337,-7.524477410966291,2.647365043125896,8.109911873056316,64.15390545406717,-102.88898867837611,-125067.259302463,-218.67573354152773,0.0,2.2632311997882306,-4605.146216302119,-30993754989.271473,-1616.0829764723853,-0.41028956768323616,0.0,0.0,1779.9499999999466,-3.3036899999999063,0.0,0.0,0.0,0.0,0.0,0.0,0.0,0.0,0.0,0.0,0.0,1256.0899999999056,-0.09666209999999575,0.0,0.0,0.0,0.0,0.0,0.0,0.0,0.0,0.0,0.002984771022492158,0.37731720041433925,5732.941288661186,-255.47135328231786,0.0,1.1969297423979788e-07,0.0,-8.969481852331595e-09,53.97957710446039,-0.03104787720488665,53.97957710446039,0.0,1.44184874513093,2118.7133638108044,-7.0449496134454765,4482.994222781919,3.790004253957399,0.0,-1.5037751370303738e-16,0.0,4.349064728292484e-14,-73.02903901712092,0.6396379723479575,-73.02903901712092,0.0,-29.77676095969101,998.9999999999841,-4.275120971623068,3.6204922258779657,-15.940966624288437,gaze,0.5112227988753678,0.5151759409364978,-11.422846065073152,-10.973521604790648,365.2699078164025,28.802839593022814,-0.4688881129353456,-34.6153450912724,-0.03324807342836344,0.03200656119377951,0.9908935220604174,4.188290450500043,-29.477682342802126,-2.5481599349175297,-33.769289389875226,-0.01610572655529536,-0.00644091823834184,0.9976059838445546,4.266614083535974,-0.2927510373932201,-1.4824001551554364,-34.13820549581648,-0.021707972160889245,0.019932146831534787,0.9936794020116138,4.2241306181340414,7.561480454175549,True,1.8333434401107989,imu,-1.4020701632,-9.5094332144,2.920181969600001,7.69384786,1.36028761,-1.50752394,71.72788528424317,-2.7136959782958416,-1.2877082203322276
234.455982,3.009569176032424,8.129150099751275,4453.479066607122,-1.3853159217977336,14.718852453804121,2.098224108334241,-105.54618557516756,7940.588523229584,0.23428204785127513,2.1143938777433964,-29574.521270701873,0.0937857454496942,14.718852453804121,1135266290.9206972,-77.50402403815771,-0.5382351392987972,64.13170157670518,-7.617841100385713,2.6973575744191978,8.101424756062322,64.15290726543648,-102.00286031148323,-128719.17363997237,-223.05801743291454,0.0,2.2975449280761113,-4732.9177101452,-32015019339.066284,-1652.8961042482915,-0.41505723654550347,0.0,0.0,1779.9499999999462,-3.3036899999999045,0.0,0.0,0.0,0.0,0.0,0.0,0.0,0.0,0.0,0.0,0.0,1256.0899999999037,-0.0966620999999957,0.0,0.0,0.0,0.0,0.0,0.0,0.0,0.0,0.0,0.0029555013921806136,0.3773196696137192,5732.976125346588,-255.60146092993477,0.0,1.2121924033868715e-07,0.0,-8.975462791256957e-09,53.97978727898452,-0.031010215874247835,53.97978727898452,0.0,1.441853455715202,2166.71971900913,-7.166791673873766,4483.040815305132,3.7802027964803067,0.0,-1.526948836628699e-16,0.0,4.414954353814964e-14,-74.33474119506812,0.650676657327434,-74.33474119506812,0.0,-30.399566078089865,998.9999999999841,-4.422904544324155,3.649627844377566,-15.988263705172368,gaze,0.5106326679694727,0.5155592401871996,-24.62434657679259,-19.154505981765492,724.6295281652398,28.810567439701465,-0.4703290938826485,-34.61444683645128,-0.03278386503238711,0.03126162970063394,0.991208858046786,4.187700739543135,-29.470487046413094,-2.555382040376078,-33.760929178286524,-0.015448387658872046,-0.006748803147026108,0.9978571487563485,4.264182535292119,-0.29560474487004046,-1.4886795275650828,-34.13298986772708,-0.021101189610808615,0.0192994228825507,0.9939732194549075,4.22264162547427,8.455579604409941,True,1.8446756244762867,imu,-1.3715643704,-9.527975951200002,2.9165930528,7.58917112,1.46496435,-2.01595382,71.71794309360808,-2.7260577706133655,-1.2783035555660311
234.462914,3.0521808727607365,8.12212252074298,4453.376449419038,-1.4659284977173925,14.832534714417939,2.1181737912095135,-104.91818124880069,7694.544092634693,0.23692263528460997,2.134485374025582,-30188.91426875557,0.08750593684039876,14.832534714417939,1164094702.8644671,-78.38345180757813,-0.5429560840468196,64.13099131729237,-7.691813823610461,2.7370392040457796,8.094155162471953,64.15243652257058,-101.30111232346661,-131647.6427808464,-226.54476218998008,0.0,2.3247617098687607,-4835.335108875646,-32836134648.306168,-1682.2743212091896,-0.4188377970599406,0.0,0.0,1779.9499999999457,-3.3036899999999036,0.0,0.0,0.0,0.0,0.0,0.0,0.0,0.0,0.0,0.0,0.0,1256.0899999999028,-0.09666209999999567,0.0,0.0,0.0,0.0,0.0,0.0,0.0,0.0,0.0,0.002932439839678433,0.3773216133389441,5733.003514038661,-255.70369297941772,0.0,1.22429997573079e-07,0.0,-8.980161878389392e-09,53.97995290937904,-0.030980365595855777,53.97995290937904,0.0,1.4418571647877525,2205.0340164599475,-7.2634519690407,4483.077598744618,3.772903657544198,0.0,-1.5453399299730616e-16,0.0,4.467239327421544e-14,-75.3697447649583,0.6594338621499352,-75.3697447649583,0.0,-30.893782215435635,998.9999999999841,-4.540422766251602,3.6727987788934033,-16.02460147482488,gaze,0.5174576037776244,0.5408210912176995,-35.81850568925179,-26.94913886118464,1008.11105793724,28.8773501685795,-0.0954637176603249,-35.05826052233358,-0.0542801414022488,-0.0126065732241068,0.9984461630758552,4.288805961608887,-29.51311518607825,-2.863214473951304,-33.47874077960515,-0.0136852671775171,-0.0362467834950781,0.9992491601940634,4.213441371917725,-0.3261415906883137,-1.723960181406066,-34.04781461162383,-0.0198039686020888,-0.017004743908779,0.9993189234792798,4.214207410812378,10.714887436923764,True,2.0,imu,-0.9443742104616246,-9.43708868191701,3.1450830541254016,7.153550308647589,2.2603153939545404,-0.4083947833242072,71.71172197034966,-2.7358762936952328,-1.271541393905679
234.464804,3.0638644764654765,8.120114211066724,4453.348508968085,-1.4880066292585177,14.86364796836303,2.1236338642411487,-104.74628955458888,7626.680388506502,0.23764633584886136,2.1399842794193122,-30358.17556224269,0.08578375087690748,14.86364796836303,1172055442.6491418,-78.62448172963302,-0.5442488074834089,64.1308456437697,-7.712077361001501,2.7479202782582046,8.092080585758024,64.15235651666825,-101.10893226251977,-132455.23584960942,-227.5021342384993,0.0,2.3322218062828712,-4863.572635440108,-33062907896.031296,-1690.3543271908109,-0.4198738892517032,0.0,0.0,1779.9499999999452,-3.303689999999902,0.0,0.0,0.0,0.0,0.0,0.0,0.0,0.0,0.0,0.0,0.0,1256.089999999902,-0.09666209999999564,0.0,0.0,0.0,0.0,0.0,0.0,0.0,0.0,0.0,0.002926142047985983,0.3773221438762462,5733.0109843373575,-255.73156792012344,0.0,1.2276188991330305e-07,0.0,-8.981443081585027e-09,53.97999814590827,-0.030972186965003853,53.97999814590827,0.0,1.4418581773222545,2215.572288157606,-7.289949270874217,4483.087654774812,3.770975205563552,0.0,-1.550382492329305e-16,0.0,4.4815741259245974e-14,-75.65334000326303,0.6618344496262698,-75.65334000326303,0.0,-31.02928041421099,998.9999999999836,-4.5726803769316575,3.6791593038502217,-16.03438278927302,gaze,0.5100558113296563,0.5159253364193922,-36.701080572063745,-26.788474296070525,1061.4965030069573,28.81813743210381,-0.4718390094114965,-34.61349063400533,-0.03233188091957846,0.030533782530445856,0.9915219617293973,4.1871315959723265,-29.46348998338798,-2.5624320061721186,-33.75264004590388,-0.014807304007806067,-0.00704078796868355,0.9981055313177911,4.2617742807227845,-0.29840475130383637,-1.4948327951488376,-34.12780768540437,-0.02051044547608918,0.018681118829350668,0.994264302849553,4.2211804069933585,9.53353321262039,True,1.8558969984928135,imu,-1.3889108016,-9.5686503416,2.9004429272,7.46954056,1.83880985,-2.27764567,71.71026994604213,-2.7385693204244914,-1.2697916618681615
234.466129,3.0720721630228645,8.118682596910048,4453.328930815325,-1.503510099260172,14.885490368132057,2.1274670247109597,-104.62561269029698,7578.903394348919,0.23815465233364375,2.143844706439014,-30477.28680253795,0.0845738371869964,14.885490368132057,1177662304.5868974,-78.79377931487316,-0.5451565069303452,64.13075584608069,-7.7263076089680025,2.7555644098332226,8.090602442305814,64.15231284900563,-100.97398528996013,-133023.75862945672,-228.17503017899236,0.0,2.3374618816850408,-4883.449421265461,-33222634857.479137,-1696.0368732213992,-0.4206016151411709,0.0,0.0,1779.9499999999452,-3.303689999999902,0.0,0.0,0.0,0.0,0.0,0.0,0.0,0.0,0.0,0.0,0.0,1256.0899999999024,-0.09666209999999562,0.0,0.0,0.0,0.0,0.0,0.0,0.0,0.0,0.0,0.002921724330117007,0.37732251596464095,5733.016222169306,-255.75111026476043,0.0,1.2299502207352577e-07,0.0,-8.982341280644419e-09,53.980029879334936,-0.030966443023434057,53.980029879334936,0.0,1.441858887493905,2222.983834846185,-7.308562060678099,4483.094711565176,3.769639047959153,0.0,-1.5539248628354766e-16,0.0,4.4916439935438396e-14,-75.8525161590477,0.6635207184420986,-75.8525161590477,0.0,-31.12446490918613,998.9999999999836,-4.595350340623369,3.6836294297146246,-16.041207749943844,gaze,0.5099703198647286,0.515978839609143,-37.91175076619339,-27.610461568025926,1091.7285177788074,28.81926073363948,-0.47207183146029474,-34.613341768911894,-0.032265054536449324,0.030425936776827527,0.9915687950417288,4.187047887427201,-29.462456211111594,-2.5634759964802507,-33.75140125186492,-0.014712422116871758,-0.007083273426679162,0.9981425959664844,4.261414587975219,-0.29882108976086114,-1.495746072875246,-34.12703228220115,-0.020423106942322446,0.018589495634115286,0.9943077853604434,4.220963337228325,9.692970904393148,True,1.8575728059964476,imu,-0.944166180981219,-9.437692029186948,3.1434812855530354,7.08502151860983,2.3227296818692826,-0.344815482449875,72.1567484,-3.888023600000023,-0.8117640000000037
234.473626,3.1187737519069416,8.110213127759312,4453.218306898521,-1.5916261233827065,15.00954704455403,2.1492384575824484,-103.94015250620987,7305.440036959015,0.24104571751028042,2.165771082794569,-31158.25001450228,0.07768816398767386,15.00954704455403,1209792113.45338,-79.7566918438849,-0.5503145550053505,64.13044031868571,-7.8072027273406785,2.7990627837631923,8.081868580640315,64.15225978190978,-100.20705330792856,-136277.31030345272,-232.00920157587302,0.0,2.3672682917338568,-4997.1751152623,-34138056597.09337,-1728.4701451419417,-0.42474042538495405,0.0,0.0,1779.9499999999443,-3.3036899999999036,0.0,0.0,0.0,0.0,0.0,0.0,0.0,0.0,0.0,0.0,0.0,1256.0899999999015,-0.09666209999999559,0.0,0.0,0.0,0.0,0.0,0.0,0.0,0.0,0.0,0.002896687680145768,0.3773246236552621,5733.045869555463,-255.8616891215538,0.0,1.2432121575347975e-07,0.0,-8.987423410551866e-09,53.980209743464016,-0.03093378363581606,53.980209743464016,0.0,1.4418629108505243,2265.2876244307645,-7.414445866350905,4483.134747410524,3.7623250276175213,0.0,-1.574080771296201e-16,0.0,4.548937229123117e-14,-76.98507277586731,0.6731134740683195,-76.98507277586731,0.0,-31.666025091832083,998.9999999999836,-4.724484644653792,3.7090937993746778,-16.079321089452552,gaze,0.5094922810878091,0.5162742798453126,-41.17252193762103,-30.2651075392537,1151.7095342494492,28.82554888478982,-0.4734191751481019,-34.61247260670292,-0.031892180967530936,0.029822986489764385,0.9918328228698895,4.186582983913953,-29.456691678726568,-2.569309605821028,-33.74442290894596,-0.014182506779327789,-0.007316937916397256,0.9983511158961578,4.259389388534168,-0.3011580396116657,-1.5008595887946303,-34.12265972783885,-0.019935792150450063,0.018077198496942757,0.9945526400992916,4.219746957546688,10.495992158573202,True,1.8670072192336375,imu,-1.402668316,-9.5710429528,2.895657704800001,7.2003718,1.94348659,-2.47204533,71.70488189116182,-2.7512293286246092,-1.2621471149496908
234.48211,3.1721623571445425,8.099866054681861,4453.093431016783,-1.6921573780580061,15.150902911215862,2.174046924769833,-103.15898575383926,6989.47503385134,0.24434819812176825,2.190756263602215,-31943.396943191092,0.06981402391093106,15.150902911215862,1246993659.522653,-80.85668895320197,-0.5561973325905443,64.13048183215693,-7.899527801450275,2.848796491878539,8.071219992528333,64.15260129897351,-99.33218060622687,-140035.4510604319,-236.4035524317784,0.0,2.4013230888735864,-5128.486065100589,-35198218325.036,-1765.7537588232349,-0.4294679003866795,0.0,0.0,1779.9499999999434,-3.3036899999999,0.0,0.0,0.0,0.0,0.0,0.0,0.0,0.0,0.0,0.0,0.0,1256.0899999999,-0.09666209999999556,0.0,0.0,0.0,0.0,0.0,0.0,0.0,0.0,0.0,0.002868270305140256,0.3773270137918632,5733.079442921426,-255.98683846935626,0.0,1.2583664174477967e-07,0.0,-8.99317465854243e-09,53.980413936717994,-0.0308964960622877,53.980413936717994,0.0,1.4418674746083329,2313.922500279377,-7.535444713549161,4483.180275463341,3.7545553054755167,0.0,-1.5971226236967246e-16,0.0,4.6144259745946483e-14,-78.27825550928733,0.6840755393109128,-78.27825550928733,0.0,-32.28505308004607,998.9999999999836,-4.8724044450137285,3.738265243389879,-16.121416182150284,gaze,0.5089630198415476,0.5165936849122889,-39.303584345743126,-29.95812977207307,1088.677709172273,28.83252541334602,-0.4750058511622148,-34.61143194152,-0.031481016270072215,0.02915555154723856,0.9921296158612496,4.186074785049411,-29.450342525279073,-2.5757601838647153,-33.7365902329181,-0.013597105211166928,-0.007567603457611146,0.9985846112295346,4.257118225879853,-0.3037682173414499,-1.5065352029315242,-34.11774255569509,-0.019398442913349762,0.01751001421758442,0.9948272978310133,4.218394770877622,11.050554465134322,True,1.8775854048471028,imu,-1.4020701632,-9.5997542872,2.9237708864,6.58726518,1.93600968,-2.748691,71.7018656915985,-2.7635417738195756,-1.2555910074666303
234.483005,3.1778279585277867,8.098726959222551,4453.080276924353,-1.702813329702046,15.16587499031034,2.176674649598022,-103.07623903262447,6955.736310606822,0.24469850133899665,2.1934027156715956,-32027.13281936837,0.06897826975059362,15.16587499031034,1250970897.5783615,-80.97337217405017,-0.5568207607362422,64.13051112108869,-7.9093159151614785,2.8540746650117224,8.070048945572653,64.15266242206005,-99.23945449876993,-140436.67932181436,-236.8705760177803,0.0,2.404935788515974,-5142.501932319831,-35311575646.05945,-1769.7231342089074,-0.4299693374776518,0.0,0.0,1779.9499999999443,-3.303689999999902,0.0,0.0,0.0,0.0,0.0,0.0,0.0,0.0,0.0,0.0,0.0,1256.0899999998996,-0.09666209999999553,0.0,0.0,0.0,0.0,0.0,0.0,0.0,0.0,0.0,0.00286526717373042,0.37732726624709934,5733.082986078305,-256.0000415885322,0.0,1.2599741840569045e-07,0.0,-8.993781376110978e-09,53.980435518329244,-0.030892542068348225,53.980435518329244,0.0,1.4418679567275277,2319.1006711200507,-7.548282301235699,4483.185092079295,3.753767221400075,0.0,-1.5995678282190882e-16,0.0,4.6213751685650275e-14,-78.4153933112278,0.6852385749125244,-78.4153933112278,0.0,-32.350739769555354,998.9999999999832,-4.888120071857031,3.741364709087284,-16.125792483210503,gaze,0.5168627516620253,0.5402702368889933,-37.03746195070983,-28.19691366457655,1080.68720822369,28.84319984174399,-0.2101894833989645,-34.92181697977885,-0.0521365055804988,-0.0129983502329347,0.9985553703611416,4.258015632629395,-29.51614877097433,-2.855168981961263,-33.46761272627843,-0.0135719031953122,-0.0348172310441502,0.999301538008461,4.211324214935303,-0.3305659834426738,-1.672445062647912,-34.081864854406945,-0.0233564998521886,-0.0186496154765982,0.9992081080929908,4.2168902397155765,10.790573421344732,True,2.0,imu,-0.9431556529810521,-9.44086962626407,3.1350033916080817,6.661487067077606,2.510483356753403,-0.042266946051930473,71.7016715186547,-2.7648484039895975,-1.2549439713034007
234.490594,3.226126492920403,8.088700788968461,4452.968888509018,-1.7935586922878706,15.293290554525283,2.1990377085871806,-102.3719913757684,6666.5012648059055,0.24768359935930695,2.2159252255800235,-32744.194791472793,0.06185246859784388,15.293290554525283,1285104701.1753316,-81.96771153974773,-0.5621288694212905,64.13095233436724,-7.992686117514808,2.8990737154032082,8.059750740214016,64.15337500077015,-98.44986104711859,-143875.82401432493,-240.85726624441816,0.0,2.4357244413060295,-5262.614913656984,-36284555931.925835,-1803.6609053889078,-0.4342421711143299,0.0,0.0,1779.9499999999425,-3.303689999999899,0.0,0.0,0.0,0.0,0.0,0.0,0.0,0.0,0.0,0.0,0.0,1256.0899999998983,-0.09666209999999548,0.0,0.0,0.0,0.0,0.0,0.0,0.0,0.0,0.0,0.0028397613984102697,0.37732940934791914,5733.11304049789,-256.1120011848709,0.0,1.2736771121989543e-07,0.0,-8.998925959381266e-09,53.980618832096084,-0.030858857472897405,53.980618832096084,0.0,1.4418720500589868,2363.37580488271,-7.657699688276146,4483.226039389037,3.7473281619881433,0.0,-1.620412966521318e-16,0.0,4.6806127057842135e-14,-79.5837495731532,0.6951513332127299,-79.5837495731532,0.0,-32.91067603135545,998.9999999999832,-5.022235999038806,3.767816600960238,-16.162404240049746,gaze,0.5084462903206528,0.5168972515811564,-35.65578369718054,-28.135652334349015,1046.9057813949419,28.839352586241663,-0.4766587605654122,-34.61032780422153,-0.031081406990356365,0.02850396872134958,0.9924242518300107,4.185585625563585,-29.444179484626655,-2.5820495856958017,-33.72882748671428,-0.013026947581344962,-0.007803691862665212,0.9988154396355204,4.254869290013892,-0.30634790522049116,-1.512091986738298,-34.11285949453908,-0.01887618393503855,0.01695618796478365,0.9950993343213821,4.217068551942049,11.080868955617698,True,1.8880578342079233,imu,-1.3829292736,-9.6087265792,2.9423136232,6.06388148,2.13040934,-2.57672207,71.70097656823759,-2.7759865046230727,-1.2497931066296317
234.499078,3.280669956364291,8.07670842013389,4452.844681608116,-1.8958355311381787,15.436715473198458,2.224211856332525,-101.57914200238815,6336.405347185209,0.2510521504932931,2.241279024825397,-33560.87486710535,0.05380307682891683,15.436715473198458,1324141812.0492256,-83.08983676927528,-0.5681094584868187,64.13185788607882,-8.086683082868568,2.949898049116112,8.04745189851267,64.1545869706807,-97.5600484966667,-147799.76695929654,-245.37090897802682,0.0,2.4704746812740925,-5399.607448110922,-37397551159.474045,-1842.199207431423,-0.43906356413620606,0.0,0.0,1779.9499999999407,-3.3036899999998948,0.0,0.0,0.0,0.0,0.0,0.0,0.0,0.0,0.0,0.0,0.0,1256.0899999998956,-0.09666209999999531,0.0,0.0,0.0,0.0,0.0,0.0,0.0,0.0,0.0,0.002811159157959313,0.3773318104802439,5733.146662262316,-256.23717737884203,0.0,1.28914533067214e-07,0.0,-9.004677321525322e-09,53.980824442634855,-0.030820865530334696,53.980824442634855,0.0,1.4418766375322627,2413.657717674724,-7.781219558129187,4483.272040040583,3.7406478220843233,0.0,-1.643953654100339e-16,0.0,4.747502618063336e-14,-80.90163613019065,0.7063416493907014,-80.90163613019065,0.0,-33.542939844052796,998.9999999999818,-5.173997002692175,3.7977514187720995,-16.202277864809922,gaze,0.5079421888466132,0.5171849994570469,-33.26743878107897,-26.421059389432035,1067.9994245548287,28.846029122263126,-0.4783781306228738,-34.60915737733261,-0.030693443141429,0.02786827247388433,0.9927166903804291,4.1851155268556735,-29.438203602101996,-2.5881770194878624,-33.7211362889322,-0.012472117082099726,-0.008025243279770573,0.9990435627921381,4.252642881678488,-0.30890350323450433,-1.5175290826079464,-34.108011734306736,-0.018369111336487807,0.01641574167164034,0.9953687101884388,4.215768433975867,10.572062122934158,True,1.8984230609169606,imu,-1.3284973688,-9.5955672176,2.945304387200001,5.53302087,2.30237827,-2.21783039,71.70221301130069,-2.7885609982723665,-1.2447319437057356
234.502986,3.3059903497333596,8.07090364066664,4452.787581481116,-1.9432435387893001,15.503132016595966,2.235869843616398,-101.21195316205421,6181.925171884708,0.25261502753854687,2.2530202633764813,-33942.47091065337,0.050065606038389054,15.503132016595966,1342439702.524127,-83.61047968496791,-0.5708808904735305,64.13242304671738,-8.130264696733354,2.973494398940229,8.041505107438088,64.15529436630584,-97.14763909370777,-149635.7458392092,-247.47035373805454,0.0,2.4865997600290863,-5463.686677238266,-37919334257.50896,-1860.1656166314538,-0.44130039369775864,0.0,0.0,1779.9499999999416,-3.3036899999998965,0.0,0.0,0.0,0.0,0.0,0.0,0.0,0.0,0.0,0.0,0.0,1256.0899999998956,-0.09666209999999537,0.0,0.0,0.0,0.0,0.0,0.0,0.0,0.0,0.0,0.002797952159798941,0.37733291843743566,5733.162157646177,-256.2948420764692,0.0,1.2963237773061486e-07,0.0,-9.007326604660101e-09,53.98091939757927,-0.03080324571662517,53.98091939757927,0.0,1.4418787548041099,2437.100742590727,-7.838544682820011,4483.29330927441,3.737755763620676,0.0,-1.6548819742235406e-16,0.0,4.7785522314146875e-14,-81.51288795175745,0.7115350104849579,-81.51288795175745,0.0,-33.83642738983212,998.9999999999827,-5.244556931061261,3.8116703293727507,-16.220267972025795,gaze,0.5159136270454365,0.5392207752565433,-34.96594483346395,-26.95109819964535,1083.778978157038,28.82558313686954,-0.2932955048912577,-34.81555166532021,-0.0487004912257927,-0.0111276366326842,0.9987514394769792,4.24273681640625,-29.51677452925659,-2.853250203770631,-33.45695929249793,-0.0131261145730003,-0.034264063628094,0.9993266128047958,4.200644969940186,-0.3357651119135909,-1.6267322745691086,-34.11152715527588,-0.0266334057328889,-0.0202042345989301,0.9991217380393296,4.219448709487915,10.039443652861223,True,2.0,imu,-0.9421350746822239,-9.44465239657428,3.12482026483502,6.043717804117071,2.458270379314189,0.24458427810117747,71.7034959526772,-2.7943961565121542,-1.2426425441420192
234.507562,3.335796558939188,8.063879988925118,4452.7208125554225,-1.9989933817980052,15.581183185052296,2.2495704196272643,-100.78041021136914,5999.072714462876,0.2544540818004959,2.2668187217932796,-34393.670730476675,0.045665426735325365,15.581183185052296,1364121765.8955324,-84.22314214784122,-0.5741393939143609,64.13320458518945,-8.181524127378898,3.00127310130572,8.034314493415174,64.15624332931827,-96.66269663563503,-151808.63207088335,-249.9450500774533,0.0,2.5055761507500978,-5539.509948326799,-38537691623.936676,-1881.3763480418756,-0.4439324075295509,0.0,0.0,1779.9499999999407,-3.303689999999894,0.0,0.0,0.0,0.0,0.0,0.0,0.0,0.0,0.0,0.0,0.0,1256.0899999998942,-0.09666209999999531,0.0,0.0,0.0,0.0,0.0,0.0,0.0,0.0,0.0,0.002782461773417979,0.3773342173463963,5733.180308192048,-256.3623671624415,0.0,1.304772166689276e-07,0.0,-9.010428753475799e-09,53.98103078143157,-0.030782517887316868,53.98103078143157,0.0,1.4418812373595826,2464.778501687243,-7.90601312880219,4483.318278272705,3.7345185284048057,0.0,-1.6677465493617974e-16,0.0,4.815100931107757e-14,-82.23199668556093,0.7176472849098134,-82.23199668556093,0.0,-34.181890613993545,998.9999999999823,-5.327705256553131,3.828073264673744,-16.241029627639623,gaze,0.5074508083238773,0.5174569529560372,-33.05726031929488,-25.501918339327617,1095.3457865458188,28.85255377886967,-0.48016394015796054,-34.607918016229014,-0.030317211166111798,0.027248493277878177,0.9930068913244429,4.184664507929589,-29.43241587055796,-2.594141742338335,-33.71351824367687,-0.011932693023213588,-0.00823230250975869,0.999268942728445,4.250439299356298,-0.31144142506165007,-1.522845669793863,-34.10320045456587,-0.017877317071625074,0.015888693806423267,0.9956353864320224,4.214494545632121,9.632854743281296,True,1.9086796408400806,imu,-1.2997860344,-9.5919783008,2.945304387200001,4.8825297,2.35471664,-1.7019236,71.7055683270516,-2.8012626895948864,-1.2403861050842768
234.516046,3.391510126465485,8.050206487204456,4452.597283600691,-2.103037753624072,15.726699227038466,2.2751144544258546,-99.97576852773068,5654.387610254809,0.25788962456620007,2.2925453813059087,-35242.818205454394,0.037439095800027244,15.726699227038466,1405061537.779964,-85.36770552253321,-0.580218970971363,64.13499856682543,-8.27721470349255,3.0532024937925835,8.020329501971053,64.15835023462199,-95.75775895911488,-155903.7859826598,-254.58026247873812,0.0,2.541031201455575,-5682.3691894598805,-39705470851.726,-1921.200071043927,-0.44884903088404776,0.0,0.0,1779.9499999999398,-3.3036899999998948,0.0,0.0,0.0,0.0,0.0,0.0,0.0,0.0,0.0,0.0,0.0,1256.0899999998937,-0.09666209999999525,0.0,0.0,0.0,0.0,0.0,0.0,0.0,0.0,0.0,0.002753667426003869,0.37733663010468066,5733.213978264306,-256.4875706472693,0.0,1.3205587190208536e-07,0.0,-9.016180263778286e-09,53.98123786164416,-0.030743812186568187,53.98123786164416,0.0,1.4418858498740157,2516.748503891721,-8.03208924416564,4483.3647549418765,3.7289445413378033,0.0,-1.6917935238503796e-16,0.0,4.8834128889522555e-14,-83.5749130875711,0.7290690402903488,-83.5749130875711,0.0,-34.827574635006926,998.9999999999823,-5.483378666115996,3.8587857277364037,-16.27865206923839,gaze,0.5069722381980181,0.5177131413486633,-34.52637498375482,-25.396738104034995,1097.038137232497,28.858925352682185,-0.48201592612142746,-34.606607246834216,-0.029952793892458043,0.026644657578922884,0.993294814686235,4.184232585368861,-29.426817229766517,-2.599943060824364,-33.70597494026772,-0.011408750789082626,-0.00842491904653335,0.9994915418303341,4.2482588392244525,-0.31396802766603793,-1.5280409648634312,-34.09842682428388,-0.017400888878467545,0.015375059339617175,0.9958993244399862,4.213247010924819,8.443281841873068,True,1.918826132191071,imu,-1.2842340616,-9.604539509600002,2.942911776,4.50120729,2.51173175,-0.79721749,71.7110308047373,-2.8140889708695718,-1.236734235274127
234.523078,3.438136177887594,8.038226173117634,4452.495155476707,-2.1899512509608527,15.848109354103528,2.2964280693554873,-99.30433885843968,5363.037691073492,0.26076283002506984,2.314011501978781,-35959.20117569556,0.0305531499102889,15.848109354103528,1439734386.6199112,-86.32497042151624,-0.5852958911740718,64.13682893393201,-8.357176045440347,3.0966671419435396,8.008089090838967,64.16044246021116,-95.00191460467744,-159364.4592297527,-258.4688777220008,0.0,2.5706879493394044,-5803.053451436913,-40694694648.7759,-1954.7037739597288,-0.4529606456701669,0.0,0.0,1779.9499999999389,-3.3036899999998894,0.0,0.0,0.0,0.0,0.0,0.0,0.0,0.0,0.0,0.0,0.0,1256.0899999998915,-0.09666209999999514,0.0,0.0,0.0,0.0,0.0,0.0,0.0,0.0,0.0,0.002729726310517551,0.377338634509252,5733.2419041308385,-256.5913565603812,0.0,1.3337653129849273e-07,0.0,-9.02094749342757e-09,53.98141007235637,-0.030711457726375166,53.98141007235637,0.0,1.441889682831583,2560.475162232876,-8.137566398171257,4483.403458660776,3.72474845694148,0.0,-1.7119188793517375e-16,0.0,4.940578205046971e-14,-84.69757028581039,0.7386245963679255,-84.69757028581039,0.0,-35.36788915474196,998.9999999999814,-5.613911556382455,3.8845405241173747,-16.308974297342814,gaze,0.5157005199700339,0.537689701402703,-34.85907335298816,-25.27890343149569,1096.196805119699,28.81013261044791,-0.3596997470534991,-34.73110049834926,-0.0475374038466454,-0.0092924448091909,0.9988262339891704,4.227399826049805,-29.5189472071213,-2.855212747445356,-33.44145738720384,-0.0134156400298511,-0.0325879421596019,0.9993788303883528,4.196268081665039,-0.341165132961348,-1.5870672307424971,-34.135723107711804,-0.0297330409023732,-0.0215811556805948,0.9990529887533968,4.221017456054687,8.48262833246671,True,2.0,imu,-0.9412992808420226,-9.448474918895323,3.1144320134107777,5.3367385396884774,2.180250664020142,0.4504380351420631,71.71714378620337,-2.8248126266051496,-1.2342181240751557
234.52453,3.447814499145188,8.035678857832657,4452.474097002139,-2.207974178185154,15.873269155277358,2.300845021025488,-99.16518942390462,5302.233082287945,0.2613590110863506,2.3184600725625684,-36108.55539023647,0.029123660858872302,15.873269155277358,1446978305.2839284,-86.5236050821983,-0.5863484860676952,64.13724600343576,-8.373760286282053,3.105689861951893,8.005487852171443,64.16091388195085,-94.8451887761538,-160086.60986290968,-259.2771226196962,0.0,2.5768421948810607,-5828.232444562468,-40901388315.023636,-1961.6781812277873,-0.45381376530532236,0.0,0.0,1779.9499999999407,-3.3036899999998948,0.0,0.0,0.0,0.0,0.0,0.0,0.0,0.0,0.0,0.0,0.0,1256.0899999998924,-0.09666209999999528,0.0,0.0,0.0,0.0,0.0,0.0,0.0,0.0,0.0,0.0027247742884816684,0.3773390489141548,5733.247672456175,-256.6127879453576,0.0,1.3365060913964603e-07,0.0,-9.021931861022978e-09,53.98144569649176,-0.030704746060799412,53.98144569649176,0.0,1.4418904754102937,2569.5781555410513,-8.159456786346654,4483.411470906325,3.72393013905495,0.0,-1.7160964577464793e-16,0.0,4.9524437600455093e-14,-84.93046752838401,0.7406077195151304,-84.93046752838401,0.0,-35.480038399306764,998.9999999999827,-5.64103524208906,3.8898924183153536,-16.31513769973718,gaze,0.5065065644138951,0.5179535988034257,-36.54562762356839,-25.76251588639542,1098.103335264197,28.86514267997167,-0.48393359016063914,-34.6052227633162,-0.02960027048920867,0.02605678775647516,0.9935804207067884,4.183819773311512,-29.42140856581746,-2.6055803315586283,-33.69850795294545,-0.010900361795787045,-0.008603147117521807,0.9997113228463307,4.246101795108557,-0.31648954089123077,-1.5331142221515883,-34.09369200159511,-0.01693991023025693,0.014874849710970202,0.9961604859944109,4.212025949172729,7.200658837207953,True,1.928861095614531,imu,-1.262102408,-9.603343204000002,2.924967192,4.1348387,2.63883922,0.1972115400000001,71.71858388352848,-2.827037191688226,-1.233755039900975
234.533013,3.5047067897627575,8.020289859884402,4452.351269485303,-2.313795681646919,16.020881081518564,2.3267601180323427,-98.3487419175865,4942.533830650151,0.2648620597028196,2.3445607811362033,-36991.01763964976,0.020719694078238593,16.020881081518564,1489884332.528839,-87.69078109231651,-0.5925275053851,64.13995275847034,-8.471154841413966,3.158732568667584,7.989782325628386,64.16394011990457,-93.92504813261598,-164357.99066442932,-264.0356458119605,0.0,2.6130072178592996,-5977.129753003231,-42125803421.71178,-2002.8136560766552,-0.45882634965257985,0.0,0.0,1779.949999999937,-3.3036899999998894,0.0,0.0,0.0,0.0,0.0,0.0,0.0,0.0,0.0,0.0,0.0,1256.0899999998892,-0.09666209999999506,0.0,0.0,0.0,0.0,0.0,0.0,0.0,0.0,0.0,0.0026957839485897903,0.37734147364842385,5733.2813867688765,-256.73800440747095,0.0,1.352613484142993e-07,0.0,-9.027682875892777e-09,53.981654274621235,-0.030665321801606277,53.981654274621235,0.0,1.4418951137572318,2623.27159127759,-8.288109432881054,4483.458421477171,3.719480108728078,0.0,-1.7406543296625983e-16,0.0,5.0221905724622886e-14,-86.29858051473276,0.7522627491383602,-86.29858051473276,0.0,-36.139250483948395,998.99999999998,-5.800674163342606,3.9213932311142923,-16.35047490072591,gaze,0.5060539219645774,0.5181783388604079,-38.12406823473364,-26.19588021329507,1124.8016680313574,28.871203931829847,-0.48591596770776396,-34.603762602462155,-0.029259755853825606,0.025484968550233363,0.993863636602599,4.18342612870158,-29.416191314265575,-2.611052326415583,-33.69111970687636,-0.010407650607240172,-0.008767027247507022,0.999928223494222,4.2439687084825,-0.31901169944941055,-1.5380641579624197,-34.088997684548616,-0.016494511873267056,0.014388129380670554,0.9964188029940059,4.210831614163542,6.066995123607745,True,1.938781931486214,imu,-1.2405689072,-9.573435564,2.924967192,3.76847011,2.75099287,1.22154821,71.72820506430071,-2.840103111648299,-1.2314275255182834
234.541497,3.5622042802196225,8.004026710572596,4452.228774366642,-2.420532788655617,16.16957540158404,2.352866924241006,-97.52620588871241,4575.08570043277,0.2683998306145502,2.3708547385522407,-37890.655663365105,0.012224789678635828,16.16957540158404,1533807319.7563856,-88.86958759961009,-0.5987577843956524,64.14312571684815,-8.56942685109261,3.21234678177622,7.973200049946127,64.16743593182818,-92.99707303147954,-168720.34576013888,-268.8575373671431,0.0,2.649537177711757,-6129.144491537034,-43379516266.70569,-2044.6241205629574,-0.4638882998358244,0.0,0.0,1779.949999999938,-3.303689999999891,0.0,0.0,0.0,0.0,0.0,0.0,0.0,0.0,0.0,0.0,0.0,1256.0899999998883,-0.09666209999999509,0.0,0.0,0.0,0.0,0.0,0.0,0.0,0.0,0.0,0.002666687727324153,0.3773439050397136,5733.315129127966,-256.8632496682318,0.0,1.3688858083990663e-07,0.0,-9.033434672958172e-09,53.98186365854937,-0.030625527726961727,53.98186365854937,0.0,1.4418997663464421,2677.852069960816,-8.418086473634139,4483.505618585419,3.7155977146144075,0.0,-1.7654748268218949e-16,0.0,5.092675087018201e-14,-87.67965747442634,0.7640376878647475,-87.67965747442634,0.0,-36.805413194056065,998.9999999999814,-5.9623512874780715,3.953299245687301,-16.384664453060005,gaze,0.5056142829429521,0.5183874585959168,-38.88117989066997,-26.433312257654183,1167.650689001286,28.877109454432496,-0.48796257699350587,-34.602224443949005,-0.02893124141434006,0.02492907927487842,0.9941444898383436,4.183051567902174,-29.41116502191157,-2.6163597939047136,-33.683810003219996,-0.00993056440377736,-0.008916661883056915,1.0001422584064728,4.24185936539424,-0.3215408618142543,-1.5428912706146143,-34.084343902046264,-0.01606466358790059,0.013914787876025106,0.9966742989338626,4.209663834063409,5.136833849457612,True,1.9485895446934705,imu,-1.1975019056,-9.555490980000002,2.9142004416,3.55163972,2.81828506,1.94680848,71.73987085802786,-2.853287075316994,-1.2297299823040664
234.543059,3.572855766116422,8.000936657924218,4452.206259629365,-2.4402831872802473,16.197068242057412,2.3576941318516935,-97.37411231977285,4506.584723488428,0.2690549328431282,2.375716568974992,-38058.16956459531,0.010650943168780014,16.197068242057412,1542005753.1895218,-89.08787828948928,-0.5999103811852861,64.1437611786665,-8.587614675168378,3.222279672645496,7.970050962226943,64.16813119979031,-92.82537639791002,-169533.4796160407,-269.75219513132487,0.0,2.656302261748579,-6157.473900072939,-43613557926.09323,-2052.3955835512556,-0.4648256054988462,0.0,0.0,1779.949999999938,-3.3036899999998894,0.0,0.0,0.0,0.0,0.0,0.0,0.0,0.0,0.0,0.0,0.0,1256.0899999998878,-0.09666209999999509,0.0,0.0,0.0,0.0,0.0,0.0,0.0,0.0,0.0,0.00266131946858722,0.37734435339356465,5733.321344098758,-256.8863102712868,0.0,1.3718995876313723e-07,0.0,-9.03449365566663e-09,53.98190229471274,-0.030618161192162374,53.98190229471274,0.0,1.441900624460429,2687.9978047685217,-8.442160144492451,4483.51433444521,3.7149452010781587,0.0,-1.7700730244969536e-16,0.0,5.1057320249300413e-14,-87.93533153278952,0.7662185729217764,-87.93533153278952,0.0,-36.92881420928751,998.9999999999814,-5.9923394547139,3.959217560205456,-16.39083297384075,gaze,0.5164317366088139,0.5376305821963551,-39.18200095209075,-27.0033335323053,1175.219058973012,28.83770903847114,-0.2480090971480364,-34.83810082340362,-0.050521194679095,-0.0113732343170778,0.9986582290400284,4.294893264770508,-29.52038647996647,-2.858666596857726,-33.42420668510004,-0.0136005667133964,-0.0307020144169595,0.999436046426091,4.190581321716309,-0.339139737728486,-1.5492170554138365,-34.16338073598709,-0.0320575228423357,-0.0226016273959878,0.9989929623764938,4.23241114616394,2.6820911941459595,True,2.0,imu,-0.9406552824313213,-9.452291021662852,3.1039645176543367,4.596564185156476,1.780664519966601,0.5704155835154797,71.7422391022101,-2.8557268718423976,-1.229484473876512
234.549981,3.6203041824991127,7.986881968103976,4452.106628429412,-2.5281786761424385,16.31934039092673,2.379163469164228,-96.69764954546349,4199.810068816878,0.27197214822554444,2.3973399615375066,-38807.61141679917,0.0036395079607918213,16.31934039092673,1578760060.3368273,-90.05996690669055,-0.6050388975152935,64.14677087167507,-8.66857042821115,3.2665299577926765,7.955733605453672,64.17140729656455,-92.06132423680663,-173174.60213452362,-273.74282702165715,0.0,2.686430223279127,-6284.308070834563,-44662901732.9261,-2087.112753788164,-0.4689993634928405,0.0,0.0,1779.949999999937,-3.3036899999998877,0.0,0.0,0.0,0.0,0.0,0.0,0.0,0.0,0.0,0.0,0.0,1256.0899999998874,-0.09666209999999498,0.0,0.0,0.0,0.0,0.0,0.0,0.0,0.0,0.0,0.002637487183350787,0.37734634296389247,5733.348895537254,-256.98850908091697,0.0,1.385322293612751e-07,0.0,-9.039186583003525e-09,53.98207383713782,-0.03058536606543076,53.98207383713782,0.0,1.4419044329716906,2733.3239996802417,-8.54938181684081,4483.553057574058,3.7122878463478273,0.0,-1.7905569757049119e-16,0.0,5.163894466557322e-14,-89.07362110957804,0.7759319831332808,-89.07362110957804,0.0,-37.47849631283071,998.9999999999809,-6.126066242227267,3.985610446717134,-16.41769454157184,gaze,0.5051877766664479,0.5185809797158276,-38.97227267389114,-26.36519054245851,1199.813884725962,28.8828574822316,-0.4900720233183099,-34.60060664045861,-0.028614835942454467,0.02438919822986317,0.9944229078067517,4.1826961450956235,-29.406331036484367,-2.6215015893053053,-33.67658124479294,-0.00946922144354978,-0.009052099532337841,1.0003533657164065,4.239774305196576,-0.3240821569250196,-1.547594339702278,-34.079732334087176,-0.015650489181950628,0.013454884015070247,0.9969269061982281,4.208522856129666,4.445081064578639,True,1.9582813274876554,imu,-1.1311069448,-9.520199964800002,2.8944613992,3.32733242,3.01268472,2.62720729,71.75355014312163,-2.866584770123617,-1.2286416295601579
234.558465,3.67901039456173,7.9688463781720715,4451.9848339657965,-2.636738964950439,16.47018168265778,2.4056508305626814,-95.8630451506856,3816.5851402711123,0.2755792488951919,2.4240175368926242,-39742.13220357381,-0.005036576815472538,16.47018168265778,1624760553.895377,-91.26199857651014,-0.6113711457446508,64.15089454562164,-8.768591138791898,3.3212857865267296,7.937373722746607,64.17586056008543,-91.11775430990838,-177722.19985903148,-278.6921053251033,0.0,2.7236887553195106,-6442.6697815153875,-45976483430.8623,-2130.287606735048,-0.47415987782710894,0.0,0.0,1779.9499999999362,-3.3036899999998877,0.0,0.0,0.0,0.0,0.0,0.0,0.0,0.0,0.0,0.0,0.0,1256.0899999998855,-0.09666209999999487,0.0,0.0,0.0,0.0,0.0,0.0,0.0,0.0,0.0,0.002608180455227878,0.3773487875830607,5733.382685973349,-257.11378275928314,0.0,1.4019240634522962e-07,0.0,-9.04493861479828e-09,53.98228482385315,-0.030544834409469868,53.98228482385315,0.0,1.4419091139744307,2789.698152214588,-8.682004498431589,4483.600739308344,3.7095548535905465,0.0,-1.8159026912205336e-16,0.0,5.2358540777192076e-14,-90.48055499463501,0.7879464528472598,-90.48055499463501,0.0,-38.15854713001364,998.9999999999804,-6.2918374621078,4.018330530298492,-16.449557553523746,gaze,0.5047744746592215,0.5187589564149664,-38.86234089416434,-25.99811816780846,1205.9847883804885,28.88844701497919,-0.4922429328321042,-34.598907536088525,-0.02831060352473103,0.02386533114378152,0.9946988516615409,4.1823598643872675,-29.401690023341196,-2.626477274923456,-33.66943494259428,-0.009023676840643988,-0.009173413760774789,1.0005615096810028,4.237713811849822,-0.32664060213005597,-1.5521727751608752,-34.07516409315161,-0.015252054581502198,0.013008414785593263,0.9971765882081551,4.207408780339027,3.9843456521530785,True,1.9678558510637967,imu,-1.067702748,-9.482516338400002,2.8819001904,3.282470959999999,2.82576197,3.11320644,71.76920862833846,-2.8799933735281416,-1.2281414473439767
234.56315,3.7116901780773457,7.958501649062156,4451.917728594877,-2.6970816364795027,16.55394198868406,2.420359747978452,-95.39956110459843,3601.5105200102553,0.2775861411716396,2.4388321550462178,-40265.80840490683,-0.009866720827254483,16.55394198868406,1650618434.9223192,-91.9308027013289,-0.614889939691446,64.15337910496035,-8.824202127058527,3.351769604533721,7.92684879813285,64.17852858102088,-90.59333062778114,-180273.98984338538,-281.45281634876676,0.0,2.744421028887107,-6531.508431490871,-46714998548.83364,-2154.42650362409,-0.4770309130546259,0.0,0.0,1779.949999999937,-3.3036899999998877,0.0,0.0,0.0,0.0,0.0,0.0,0.0,0.0,0.0,0.0,0.0,1256.0899999998846,-0.0966620999999949,0.0,0.0,0.0,0.0,0.0,0.0,0.0,0.0,0.0,0.00259195062311509,0.3773501404694086,5733.401355879476,-257.18296703641363,0.0,1.4111630741937756e-07,0.0,-9.048115033810302e-09,53.98240168535631,-0.030522292730142148,53.98240168535631,0.0,1.4419117051856807,2821.2194868553024,-8.755813033364266,4483.627174273652,3.7082944800152973,0.0,-1.8300126594266212e-16,0.0,5.27591053432554e-14,-91.2630756702897,0.7946328380979351,-91.2630756702897,0.0,-38.53708554613077,998.9999999999809,-6.3842669998045665,4.036575675044308,-16.466649846099923,gaze,0.5162707032416232,0.5359714805006435,-39.57290121086238,-25.21447737986959,1199.694207227948,28.82393312728709,-0.2989776176981836,-34.77926833562825,-0.0499741015725062,-0.0097615415948843,0.998702809387113,4.28528881072998,-29.52305006096475,-2.867863838705064,-33.39258313406955,-0.013502614310424,-0.0285357937645967,0.9995015697241342,4.181363582611084,-0.345474929346377,-1.570033381892998,-34.126865752762995,-0.0316086535726522,-0.0215460252600174,0.9990438679606268,4.228851652145385,3.361092281961536,True,2.0,imu,-0.9401933783345147,-9.456138897932302,3.093313389393828,3.8632544544071155,1.3606286543329476,0.6065057321796092,71.77868992950224,-2.8874443079572147,-1.2281096768974467
234.566949,3.738326828867291,7.949910636885226,4451.863393276504,-2.746219298350656,16.62210492921829,2.4323300905866754,-95.02236491500548,3425.2878934405744,0.2792213700040554,2.4508885558424818,-40694.46765584071,-0.013803891031404225,16.62210492921829,1671827008.5761728,-92.47576251735185,-0.6177548312374637,64.15550309914875,-8.869494571709035,3.37661797145239,7.918111082777989,64.18080210625095,-90.16631562424709,-182364.59392291278,-283.70596638147697,0.0,2.761315184456888,-6604.27942511764,-47320791094.76115,-2174.1567925203335,-0.47937018157525924,0.0,0.0,1779.9499999999362,-3.303689999999884,0.0,0.0,0.0,0.0,0.0,0.0,0.0,0.0,0.0,0.0,0.0,1256.0899999998833,-0.09666209999999487,0.0,0.0,0.0,0.0,0.0,0.0,0.0,0.0,0.0,0.002578765672862353,0.3773512390600894,5733.416500412757,-257.23907081751906,0.0,1.418692246596714e-07,0.0,-9.050690777156961e-09,53.98249663222447,-0.030503930341420724,53.98249663222447,0.0,1.4419138096978124,2846.9853853298373,-8.815963592986225,4483.648664655288,3.7074031039676996,0.0,-1.841513897007051e-16,0.0,5.3085593118274246e-14,-91.90054305137114,0.8000819184080568,-91.90054305137114,0.0,-38.84561313574664,998.9999999999804,-6.459683488336559,4.05146321411352,-16.48024584531092,gaze,0.5043744447355707,0.5189214480036535,-39.095511114494165,-25.41581924801576,1192.691170809555,28.893877094520104,-0.4944737292266154,-34.59712563166605,-0.02801860436572716,0.023357479485676534,0.994972282796011,4.1820427273114404,-29.39724259115173,-2.6312864658795543,-33.66237259107984,-0.008593981526217556,-0.009280683069556112,1.0007666549488574,4.235678166732982,-0.329220735646745,-1.5566260269609402,-34.07064027972494,-0.014869421203572134,0.012575373479916921,0.9974233088099813,4.206321701692109,3.7232205337809106,True,1.9773116894616276,imu,-1.0515526224,-9.4472253232,2.838833188800001,3.45443989,2.59397776,3.39732902,71.78680800704264,-2.893510019609412,-1.2282084918159752
234.567813,3.744401931423642,7.947931374390388,4451.851045847048,-2.757420480794167,16.637637529340086,2.4350578823526106,-94.9364091075513,3384.980898687616,0.2795942532663232,2.4536359631369153,-40792.46168748853,-0.014701878600742457,16.637637529340086,1676680725.535246,-92.60003211629379,-0.6184078356192994,64.15599988381555,-8.879820197194666,3.3822854147178836,7.91609838252657,64.18133299432509,-90.06897893865107,-182842.7457484311,-284.2202186240062,0.0,2.7651677490703976,-6620.9217483912125,-47459438602.85642,-2178.663652110722,-0.47990359921782405,0.0,0.0,1779.9499999999352,-3.303689999999886,0.0,0.0,0.0,0.0,0.0,0.0,0.0,0.0,0.0,0.0,0.0,1256.0899999998842,-0.09666209999999487,0.0,0.0,0.0,0.0,0.0,0.0,0.0,0.0,0.0,0.0025757639718874403,0.3773514891066445,5733.419945378959,-257.25183080870806,0.0,1.420409278624915e-07,0.0,-9.05127657788503e-09,53.98251824915803,-0.030499743732542675,53.98251824915803,0.0,1.4419142887438787,2852.8711036047544,-8.829681157693873,4483.65355901498,3.707216755308089,0.0,-1.8441370815235611e-16,0.0,5.316005568181713e-14,-92.04588858057369,0.8013245999753196,-92.04588858057369,0.0,-38.91597854219574,998.9999999999804,-6.47689385769916,4.054860701099672,-16.483304893744258,gaze,0.5043344533670683,0.518937129641921,-39.15660536059689,-25.34910868823894,1191.158554523977,28.894421104580843,-0.4947042027365661,-34.59693946503586,-0.027989556128183497,0.023306658976559466,0.9949999861962462,4.182011504500118,-29.396800553224303,-2.631766873221886,-33.661658138272756,-0.008551112987091767,-0.00929082249019295,1.0007873770683755,4.235472264257153,-0.32948487209805916,-1.5570724967704097,-34.0701821156855,-0.014831343098830121,0.012532026088127634,0.9974482669713411,4.206212513210203,3.7063097725223315,True,1.9782679454865386,imu,-0.9401124873255913,-9.45703307814301,3.0908244905669098,3.699338449235964,1.2705449726698355,0.6031867485679466,71.521974,-3.472978800000015,-0.9216288000000072
234.575433,3.798257412399182,7.9300653906496885,4451.742308670766,-2.8566253420865877,16.77511580241339,2.459202335785865,-94.17558099689518,3025.794075145386,0.28289874995601827,2.4779541140460086,-41664.86974513319,-0.022662861708214965,16.77511580241339,1719977842.2435248,-93.70133898355844,-0.6241902573028005,64.16060293060127,-8.97128633873508,3.4325302297304976,7.897936316741318,64.18623835690386,-89.20696036506308,-187103.2543098963,-288.7850078597562,0.0,2.799311931200951,-6769.1873167042195,-48696360618.241905,-2218.7284866287177,-0.4846306150105746,0.0,0.0,1779.9499999999343,-3.3036899999998806,0.0,0.0,0.0,0.0,0.0,0.0,0.0,0.0,0.0,0.0,0.0,1256.089999999882,-0.09666209999999475,0.0,0.0,0.0,0.0,0.0,0.0,0.0,0.0,0.0,0.002549240957469858,0.377353697558624,5733.450338831844,-257.3643733702494,0.0,1.4356279767463202e-07,0.0,-9.056443078939388e-09,53.98270927584349,-0.030462651433489682,53.98270927584349,0.0,1.4419185204866918,2905.1966431211013,-8.951268213813837,4483.69683448367,3.7058369831031186,0.0,-1.8673925254512148e-16,0.0,5.3820155849444617e-14,-93.33366954959823,0.8123392047223703,-93.33366954959823,0.0,-39.53974202098347,998.9999999999795,-6.629622969128754,4.085012237492878,-16.509751742402344,gaze,0.5039877509580982,0.5190685189512136,-40.077810540206805,-24.740089337308167,1186.5997450883692,28.89914680528066,-0.49676264030459,-34.59525958244518,-0.027738894743452168,0.022865640426349473,0.9952431628476048,4.181744732806371,-29.392989291297003,-2.6359288306641067,-33.655395667869286,-0.008180182205570078,-0.00937399093608388,1.0009687665659857,4.233667648597768,-0.3318265510031221,-1.5609535855616539,-34.06616198206526,-0.014502645907243879,0.012155749661948026,0.9976670322815457,4.2052617101572425,3.6234665719391015,True,1.9866474196484813,imu,-1.03181358,-9.471749588000002,2.841225800000001,3.61893191,2.23508608,3.35994447,71.80630612414713,-2.9071317989265113,-1.2288218982369572
234.583131,3.8531704714935024,7.911263805553961,4451.6327520169925,-2.957608629428229,16.914896908292356,2.483752911910541,-93.40194230294696,2656.1134497197345,0.2862661502119975,2.5026814461448756,-42561.215678236535,-0.03078076440085442,16.914896908292356,1764621700.2042122,-94.82366119212094,-0.6300745011235156,64.16566079966535,-9.06442103139133,3.4837675779106076,7.878833459277169,64.19160446249143,-88.32959389984069,-191487.44824827946,-293.4504079713207,0.0,2.834110952846631,-6921.713990612829,-49971996647.60204,-2259.7856416996883,-0.4894473607423439,0.0,0.0,1779.9499999999352,-3.3036899999998877,0.0,0.0,0.0,0.0,0.0,0.0,0.0,0.0,0.0,0.0,0.0,1256.0899999998824,-0.09666209999999481,0.0,0.0,0.0,0.0,0.0,0.0,0.0,0.0,0.0,0.002522354848310971,0.37735593450336247,5733.481063021616,-257.47807990955494,0.0,1.451140633837392e-07,0.0,-9.061662586958939e-09,53.982902953308866,-0.030424870406863508,53.982902953308866,0.0,1.4419228081717814,2958.8237496962465,-9.075209531418336,4483.740753904995,3.7049264067016168,0.0,-1.8911066638603614e-16,0.0,5.4493209575604463e-14,-94.64546403799652,0.8235670240823022,-94.64546403799652,0.0,-40.17571518858452,998.9999999999809,-6.785645653275033,4.115816534552948,-16.535494450428512,gaze,0.5164648534475462,0.5348311933597708,-40.56813490164978,-23.89600855907376,1215.17369297346,28.8027867445097,-0.3739917697834987,-34.69858977226143,-0.0508022238379262,-0.009010127387665,0.9986680888351144,4.246228694915771,-29.52551444840605,-2.877253731736902,-33.36183861756699,-0.0134637475046239,-0.0266364399776915,0.9995545145555828,4.169898986816406,-0.3504528068129779,-1.5886220855090154,-34.09396562114011,-0.0314644098293261,-0.0203291238688445,0.999080437462736,4.223530435562134,4.153830962905986,True,2.0,imu,-0.9399157549172059,-9.459972380147203,3.0826067491904756,3.186952132202621,1.012227151819563,0.5632177281671741,71.82560249299704,-2.919580087484546,-1.2298338257896835
234.583917,3.8588060866868106,7.9093012360532,4451.621582466396,-2.9679627844153877,16.929219993441706,2.4862686571181376,-93.32266550276313,2617.9781943755224,0.2866116281803202,2.505215311605119,-42653.592793188924,-0.0316139165057121,16.929219993441706,1769231683.6817284,-94.93880857622433,-0.630677728407078,64.16620047630187,-9.073972074584233,3.4890262922296307,7.876840005954032,64.19217577196349,-88.2396405290317,-191939.66607472545,-293.9298310043338,0.0,2.837681425965787,-6937.444287464234,-50103734089.87012,-2264.010927145562,-0.48994151994633756,0.0,0.0,1779.9499999999343,-3.3036899999998823,0.0,0.0,0.0,0.0,0.0,0.0,0.0,0.0,0.0,0.0,0.0,1256.08999999988,-0.0966620999999947,0.0,0.0,0.0,0.0,0.0,0.0,0.0,0.0,0.0,0.00251960442153569,0.3773561632430871,5733.484201206882,-257.489690532532,0.0,1.4527323926327587e-07,0.0,-9.062195529050699e-09,53.982922768365285,-0.030420995247728302,53.982922768365285,0.0,1.441923246687646,2964.3429563527516,-9.087927513028976,4483.745249664022,3.70486089465539,0.0,-1.8935405177065058e-16,0.0,5.456228337924419e-14,-94.78001910783416,0.8247191402091097,-94.78001910783416,0.0,-40.24098167788042,998.9999999999795,-6.801674659991882,4.118981361475818,-16.53806753928034,gaze,0.5036144535958902,0.5192002389294783,-41.96459889224649,-24.09174585873383,1220.5899802322854,28.904255274757062,-0.4991077045489454,-34.59330819580353,-0.02747152696483307,0.022389806799685823,0.9955114537024572,4.181465877189085,-29.388930617268333,-2.640404091693408,-33.64850563345327,-0.00778232131522738,-0.009453425854420699,1.0011678099816126,4.231682533522674,-0.33446147011941785,-1.565154982364268,-34.06173027597102,-0.014151780944815498,0.01174952913423839,0.9979077233383942,4.204228890614314,3.6495655332075563,True,1.9958616216018998,imu,-1.0054948568,-9.4681606712,2.8328516608,3.64883955,1.89114822,3.20292936,71.82765714305404,-2.920855758379712,-1.2299608839653824
234.592401,3.919976807829856,7.887608719748105,4451.501216989745,-3.080237336152358,17.084423212929487,2.5135301499593217,-92.46359048701356,2201.7135163210332,0.2903602451337045,2.5326732530744915,-43660.8934828012,-0.04065748372119726,17.084423212929487,1819607373.7962773,-96.1882522439248,-0.6372175501762773,64.17230221064426,-9.177557436958852,3.5461099035486843,7.854812681740501,64.19862084951868,-87.2643079238893,-196875.32941983253,-299.1410406456009,0.0,2.876426109089709,-7109.101687319277,-51543459828.77166,-2310.012414990889,-0.495303239739335,0.0,0.0,1779.9499999999325,-3.303689999999879,0.0,0.0,0.0,0.0,0.0,0.0,0.0,0.0,0.0,0.0,0.0,1256.0899999998783,-0.09666209999999459,0.0,0.0,0.0,0.0,0.0,0.0,0.0,0.0,0.0,0.002489854168774671,0.37735863627868194,5733.518087513976,-257.6150224198591,0.0,1.4700066380295383e-07,0.0,-9.067948136441456e-09,53.98313712350807,-0.030378959336012354,53.98313712350807,0.0,1.44192798864897,3024.4354428002644,-9.225950681631781,4483.793911068635,3.704479260353537,0.0,-1.9199598237121845e-16,0.0,5.531203036467913e-14,-96.23967669401452,0.8372225568066493,-96.23967669401452,0.0,-40.94938020020782,998.9999999999791,-6.97585742402493,4.153374368871241,-16.56518549938147,gaze,0.503254609082679,0.5193166828562958,-44.66396914170727,-23.552303541267992,1307.8550497868926,28.909201674004013,-0.5015067776919879,-34.59127042893945,-0.027216549321170777,0.021929967063963267,0.9957771174999563,4.181206154130296,-29.3850670040662,-2.644712025865376,-33.64170393090043,-0.007400436980012094,-0.009519081375740961,1.0013637510539726,4.229723094866994,-0.3371283589074802,-1.5692297901656869,-34.05734622454868,-0.01381687391293391,0.011356693905033027,0.9981453471399953,4.20322332279858,3.769876291233411,True,2.004952878392534,imu,-0.9971207176000002,-9.461580990400002,2.8573759256,3.55163972,1.56216418,2.82908386,71.85081171259564,-2.9346789010718344,-1.2316047514546684
234.600884,3.981766225561029,7.864981061394007,4451.381228698843,-3.1934413301170643,17.24071270178422,2.540984666086497,-91.59843030539946,1776.9226424293593,0.2941443940864058,2.56032577600977,-44686.9087987098,-0.049792909884208036,17.24071270178422,1871117826.624092,-97.44960187830644,-0.6438092492346306,64.17891383643499,-9.282035736821134,3.6037779889662653,7.831847588310174,64.20557927508173,-86.28103055656163,-201911.16013543383,-304.41861910236264,0.0,2.9155437971990454,-7284.1905420483,-53015916881.5313,-2356.735763073135,-0.5007154782547314,0.0,0.0,1779.9499999999325,-3.303689999999879,0.0,0.0,0.0,0.0,0.0,0.0,0.0,0.0,0.0,0.0,0.0,1256.0899999998774,-0.09666209999999459,0.0,0.0,0.0,0.0,0.0,0.0,0.0,0.0,0.0,0.002459991821238381,0.3773611165385691,5733.551993730784,-257.7403543727968,0.0,1.4874497953921186e-07,0.0,-9.073700232024462e-09,53.98335232963262,-0.030336546262415207,53.98335232963262,0.0,1.4419327461589004,3085.4780548512217,-9.365330437822156,4483.842813792193,3.7046964589586864,0.0,-1.9466492398062146e-16,0.0,5.606936198093116e-14,-97.71255320666836,0.8498487942040973,-97.71255320666836,0.0,-41.66490110948234,998.9999999999795,-7.152169320612778,4.1881909346880555,-16.591094872124657,gaze,0.5029083099998396,0.5194179198971816,-47.87382770554443,-23.14002447972955,1428.3954906213614,28.913984663918285,-0.503957247466308,-34.5891456422191,-0.0269740338975712,0.021486156639896004,0.996040085796366,4.180965581862039,-29.38139924843351,-2.6488519869612457,-33.63499277134959,-0.007034605150647425,-0.00957105082471555,1.001556533516504,4.227789829583885,-0.33982922911413865,-1.5731771657812972,-34.053011386071866,-0.013498004348431378,0.010977266096742008,0.9983798418371891,4.2022451949357205,3.956437396578197,True,2.013918726731978,imu,-0.9737927584,-9.4741421992,2.8519925504,3.49182444,1.09111885,2.36551544,71.87571409739118,-2.9485965399736997,-1.2337326126789288
234.603223,3.9989139008280903,7.858575801208372,4451.348208727835,-3.224821384961455,17.284001100529693,2.5485893015079943,-91.3587897576117,1658.2706270907074,0.29519414854723575,2.567985286774528,-44973.15684308746,-0.05232820165739627,17.284001100529693,1885523872.796706,-97.79952183978426,-0.6456360648375665,64.18082751842891,-9.311003267062562,3.619783166093511,7.825348816821036,64.2075891976526,-86.0084896175972,-203317.60148905683,-305.8856564883472,0.0,2.9263963663678996,-7333.081440878761,-53427775254.728065,-2369.747722057086,-0.5022168254262405,0.0,0.0,1779.9499999999316,-3.3036899999998806,0.0,0.0,0.0,0.0,0.0,0.0,0.0,0.0,0.0,0.0,0.0,1256.0899999998765,-0.09666209999999459,0.0,0.0,0.0,0.0,0.0,0.0,0.0,0.0,0.0,0.002451737352594633,0.3773618017594851,5733.561346822309,-257.77491451737535,0.0,1.4922895788251764e-07,0.0,-9.075286275854215e-09,53.983411823918885,-0.030324784263055862,53.983411823918885,0.0,1.4419340608168998,3102.479052734641,-9.404004003778727,4483.856341204164,3.7048622475886006,0.0,-1.9540565703543404e-16,0.0,5.627953623193582e-14,-98.12103283549229,0.8533521715322487,-98.12103283549229,0.0,-41.8634639438092,998.9999999999791,-7.201164030195969,4.197866546717524,-16.598025782379356,gaze,0.5168922001437887,0.531564226916739,-50.10321076931691,-23.09554734888041,1462.615728953603,28.79721243867712,-0.4245530892047508,-34.63507861605992,-0.0494041412861831,-0.0074934051360372,0.9987507595507712,4.222521305084229,-29.53638501599664,-2.817780727016194,-33.40972407300051,-0.0169679187250004,-0.0211948068002107,0.9996313670042792,4.161094665527344,-0.3552509253062247,-1.598200896264921,-34.071194794264336,-0.0319189552505651,-0.0186587750363915,0.9991108448900636,4.217553853988648,4.982909093565194,True,2.0,imu,-0.939816128962478,-9.463829758732437,3.0717379366295674,2.5922619366069752,0.7854896655307726,0.4499443107516585,71.88288086374789,-2.9524505165685047,-1.2344017369226483
234.609368,4.044192892621129,7.841403373538999,4451.261591647888,-3.307607211417203,17.398131056711158,2.5686397824626397,-90.72695293625134,1343.37619396206,0.29796520970493945,2.5881805133049074,-45732.14205168841,-0.05902277834086833,17.398131056711158,1923794453.4052045,-98.72323649992575,-0.6504546875995598,64.18604346263965,-9.387437309818088,3.662047916390027,7.807929743213426,64.2130592632729,-85.28952803758034,-207049.8760738489,-309.76442261997227,0.0,2.9550461729036246,-7462.8045216112605,-54522013234.521515,-2404.2004136111814,-0.5061798579324586,0.0,0.0,1779.9499999999307,-3.303689999999877,0.0,0.0,0.0,0.0,0.0,0.0,0.0,0.0,0.0,0.0,0.0,1256.0899999998746,-0.09666209999999448,0.0,0.0,0.0,0.0,0.0,0.0,0.0,0.0,0.0,0.002430008424654573,0.37736360477426967,5733.585927827109,-257.8657160566671,0.0,1.5050671309924455e-07,0.0,-9.079453180987221e-09,53.98356845132167,-0.03029374355909807,53.98356845132167,0.0,1.441937520690825,3147.4964759635777,-9.506108910653088,4483.891970240009,3.705516999217707,0.0,-1.9736170258094024e-16,0.0,5.6834511930906353e-14,-99.1990815599023,0.8626016681505302,-99.1990815599023,0.0,-42.38776159438881,998.9999999999791,-7.330670995336952,4.223443093629669,-16.615793967983706,gaze,0.5025755233349338,0.5195040594520359,-51.154772151758905,-22.816237994233898,1546.2019147439555,28.91860463187208,-0.5064572018014709,-34.58693258468648,-0.026743963639960223,0.02105825048550993,0.9963003832537929,4.180744091969739,-29.377926801827453,-2.6528248385778412,-33.62837197974858,-0.0066847689465749,-0.009609450230201277,1.0017461695175816,4.225882549632676,-0.3425665382795524,-1.5769976968466053,-34.048725775458664,-0.0131951352081194,0.010611130576864273,0.9986112287850251,4.201294345687758,4.184882705388857,True,2.0227598701028553,imu,-0.9672130776,-9.5172092008,2.859170384,3.60397809,0.6798887999999996,1.67016281,71.9023142947512,-2.962608871783622,-1.236324452959868
234.617852,4.1072535620225326,7.816868664286859,4451.142322355043,-3.42272746967355,17.55666568818852,2.5964933829466164,-89.84923190071754,900.9932363983244,0.301822491580194,2.6162353348542626,-46796.73723813567,-0.06834644786986988,17.55666568818852,1977650734.005513,-100.00909012469086,-0.6571534004498404,64.19369692925181,-9.493755620155813,3.720916708586487,7.783052178672748,64.22106663740371,-84.2898670411854,-212292.43566920244,-315.1784486740934,0.0,2.9949311174309283,-7644.976112209348,-56062144484.32749,-2452.409392577705,-0.5116960917922954,0.0,0.0,1779.9499999999307,-3.3036899999998752,0.0,0.0,0.0,0.0,0.0,0.0,0.0,0.0,0.0,0.0,0.0,1256.0899999998724,-0.09666209999999437,0.0,0.0,0.0,0.0,0.0,0.0,0.0,0.0,0.0,0.0023999055695956215,0.3773661008614213,5733.6198857831605,-257.9910928146659,0.0,1.5228577576418732e-07,0.0,-9.08520631435417e-09,53.98378547716828,-0.030250553724489898,53.98378547716828,0.0,1.4419423120383894,3210.4949477520513,-9.648279058876115,4483.9413755394635,3.7069453670633976,0.0,-2.000862028050285e-16,0.0,5.760744679720963e-14,-100.69917493822413,0.8754805401116496,-100.69917493822413,0.0,-43.11792643402478,998.9999999999782,-7.511360978784857,4.259130615181647,-16.639271831429166,gaze,0.502256335384755,0.5195751796091245,-54.01011886000682,-22.502153025322603,1633.3447228171494,28.923060309076554,-0.5090037017426577,-34.584630894483084,-0.026526403848053628,0.0206462769595976,0.996557941641472,4.180541699521062,-29.37465036406659,-2.6566300264816864,-33.62184374159262,-0.006350997369952213,-0.009634381626204568,1.0019326032659839,4.22400174937283,-0.3453413021071461,-1.5806906102434621,-34.044490930240414,-0.012908338362135785,0.01025830328862255,0.9988394466855978,4.200370955935962,4.434124761104801,True,2.031473837075337,imu,-0.983961356,-9.5590798968,2.8729278984,3.56659354,0.3060432999999998,1.15425602,71.93055057834329,-2.9767111323401485,-1.2393596253065546
234.623203,4.147354827632483,7.800897705388717,4451.067287414604,-3.495829145739645,17.657232784841497,2.6141636865854188,-89.29241507374604,617.3713090736419,0.30427420685098466,2.6340333790602304,-47478.272169825585,-0.07427547382400324,17.657232784841497,2012234310.77724,-100.82642027151108,-0.6614059269489369,64.19879647538974,-9.561286381441745,3.758355920764234,7.766863580725895,64.22639123308994,-83.65514656703442,-215653.11145441866,-318.6285282557918,0.0,3.02028507368076,-7761.728385521194,-57051292085.622375,-2483.202231436373,-0.5152020964039385,0.0,0.0,1779.9499999999307,-3.303689999999879,0.0,0.0,0.0,0.0,0.0,0.0,0.0,0.0,0.0,0.0,0.0,1256.0899999998733,-0.09666209999999448,0.0,0.0,0.0,0.0,0.0,0.0,0.0,0.0,0.0,0.002380856894412354,0.3773676792987113,5733.641315890334,-258.070177827467,0.0,1.5341682433490349e-07,0.0,-9.088835010267306e-09,53.983922830253164,-0.030223112968809585,53.983922830253164,0.0,1.4419453428287916,3250.738301763414,-9.738668034198712,4483.972664655033,3.7081608698990394,0.0,-2.0181893605472282e-16,0.0,5.809897824113151e-14,-101.65232368444184,0.883668636150194,-101.65232368444184,0.0,-43.582231933773535,998.9999999999795,-7.626459215698439,4.281864963088097,-16.653448135764137,gaze,0.5161625179343627,0.5295962781041904,-54.53801542940366,-22.47288802807494,1667.822193096122,28.81123525584955,-0.455550734398164,-34.58556757966754,-0.0445626947359824,-0.0051303854862796,0.9989934160857268,4.19122314453125,-29.54464828182396,-2.793787492635375,-33.42994845558162,-0.0190331480867428,-0.0193664068910582,0.9996312727991448,4.153987884521484,-0.3577107682363266,-1.6016434695183897,-34.05549060923394,-0.032183235145188,-0.016920415577246,0.9991528073407984,4.209708166122437,5.35530999851992,True,2.0,imu,-0.9398920551617479,-9.467664094278037,3.0608394651872386,2.106489964151277,0.7009898507430904,0.28199296672090596,71.94917331764042,-2.9856504802921267,-1.241492776158331
234.626336,4.170952248380799,7.7913672793866215,4451.023423181097,-3.5388079063652,17.716322384875912,2.6245465806797874,-88.96523904592732,449.6419998854399,0.30571648429989934,2.6444913631179734,-47880.96059320324,-0.07776434930649523,17.716322384875912,2032706369.7973192,-101.30724509822447,-0.6639056980710701,64.20188086388151,-9.60099641794059,3.7803881652944593,7.757205224877471,64.22960804917682,-83.28199861575558,-217640.4004791482,-320.6613165440284,0.0,3.0352011110094477,-7830.758764678078,-57636884227.5736,-2501.371254559564,-0.5172645293993737,0.0,0.0,1779.9499999999307,-3.303689999999877,0.0,0.0,0.0,0.0,0.0,0.0,0.0,0.0,0.0,0.0,0.0,1256.0899999998728,-0.09666209999999442,0.0,0.0,0.0,0.0,0.0,0.0,0.0,0.0,0.0,0.0023696813242986246,0.3773686049683904,5733.653867574583,-258.1164847640331,0.0,1.5408228393844298e-07,0.0,-9.09095964125894e-09,53.98400342114712,-0.030206974269562564,53.98400342114712,0.0,1.4419471205568621,3274.484939438918,-9.791850229816774,4483.991030569927,3.708986056863793,0.0,-2.028386231798084e-16,0.0,5.838822223609435e-14,-102.21291971416588,0.8884862561745599,-102.21291971416588,0.0,-43.85544453263722,998.9999999999795,-7.694258567381965,4.2952573698364205,-16.661520601121563,gaze,0.5019507868237855,0.5196313767047909,-55.970103209639845,-22.09546547605013,1681.2085597764017,28.927351045700647,-0.511593937729758,-34.58224010504304,-0.02632138630574367,0.020250206631692223,0.9968127241573373,4.180358387350788,-29.37157013018416,-2.6602675510482032,-33.61540942733523,-0.006033310870074868,-0.009645959196220438,1.0021158023139072,4.22214769082754,-0.3481543860424953,-1.5842556488814719,-34.040307860432975,-0.012637642296493397,0.009918750734026413,0.9990644625361318,4.199475084275927,4.686258216346223,True,2.0400592239200854,imu,-1.00190594,-9.5919783008,2.8789094264,3.18527113,-0.0603252900000002,0.6757337799999998,71.960361208453,-2.9909001481737865,-1.2428178025137269
234.63482,4.235292981000008,7.764889514068158,4450.904896495456,-3.6558543457463415,17.8771069550232,2.6528004932686082,-88.07494616736972,-10.810559200122952,0.3096474334898364,2.6729497250564167,-48985.08076730663,-0.08727691411756289,17.8771069550232,2088981280.2777772,-102.61778411721275,-0.6707118919191601,64.21060193267778,-9.709165476493894,3.8404661000931912,7.73037916143957,64.23869018893373,-82.265873618917,-223095.3475921638,-326.2136491477488,0.0,3.075858643889121,-8020.206461608339,-59246812469.44488,-2551.0946181460936,-0.5228855218795853,0.0,0.0,1779.9499999999261,-3.303689999999868,0.0,0.0,0.0,0.0,0.0,0.0,0.0,0.0,0.0,0.0,0.0,1256.0899999998683,-0.09666209999999414,0.0,0.0,0.0,0.0,0.0,0.0,0.0,0.0,0.0,0.0023393337480316877,0.3773711172643437,5733.687873176876,-258.2418920224459,0.0,1.5589635453578335e-07,0.0,-9.096713170881151e-09,53.98422229729758,-0.030163002695010876,53.98422229729758,0.0,1.44195194660327,3339.478008963913,-9.936831810080042,4484.040936212492,3.7116435812368636,0.0,-2.0561916312017395e-16,0.0,5.917689415498711e-14,-103.7404026131611,0.9016196659814752,-103.7404026131611,0.0,-44.6003649981094,998.9999999999768,-7.879383166631946,4.331827250159826,-16.682532384377602,gaze,0.5016589142820032,0.5196727525389265,-56.67081689973175,-21.487229521349164,1701.3383187125787,28.93147623791455,-0.5142249502972592,-34.579759888106274,-0.02612893855860049,0.01987000550229777,0.9970646942753592,4.18019413552188,-29.368686233717145,-2.6637374699132477,-33.609070388543365,-0.005731725369916958,-0.009644302383097127,1.0022957346515455,4.22032063307099,-0.3510062113166462,-1.5876925993334532,-34.03617756219823,-0.012383070597256865,0.009592435456045581,0.999286243808835,4.198606783877745,4.926360868292,True,2.048514630414862,imu,-1.0162616072,-9.610521037600002,2.8998447744,2.69179507,-0.2995864100000003,0.07758098,71.99168176547991,-3.0051727013237244,-1.24667875745727
234.643295,4.3002105207907135,7.737455273150001,4450.786869814627,-3.773746921683294,18.038852857552726,2.681225949015509,-87.17927952595846,-479.99556820467114,0.31361135651982514,2.7015810388838606,-50108.1653870384,-0.09687433185979155,18.038852857552726,2146433928.035495,-103.93938012323136,-0.6775649881345202,64.21985672149111,-9.818152356630698,3.9010896363797523,7.702594251354883,64.24830927802222,-81.2425338726689,-228652.90971202624,-331.83007131081183,0.0,3.1168624647133605,-8213.166814001583,-60890750699.81736,-2601.534190416195,-0.5285533747764855,0.0,0.0,1779.9499999999289,-3.3036899999998735,0.0,0.0,0.0,0.0,0.0,0.0,0.0,0.0,0.0,0.0,0.0,1256.0899999998683,-0.0966620999999942,0.0,0.0,0.0,0.0,0.0,0.0,0.0,0.0,0.0,0.002308893284351774,0.3773736352408028,5733.721866453803,-258.3671816488692,0.0,1.577261524130089e-07,0.0,-9.10246080864494e-09,53.98444188602599,-0.03011868376578683,53.98444188602599,0.0,1.441956785388279,3405.415239128455,-10.083077164392568,4484.091040008816,3.714918661940054,0.0,-2.0842502815903385e-16,0.0,5.997266940390061e-14,-105.28006830714381,0.9148674857706856,-105.28006830714381,0.0,-45.35193504496059,998.9999999999782,-8.066554327075742,4.368804664297553,-16.702278950427807,gaze,0.5160678573893885,0.5285125349905061,-55.58876252624125,-20.86121329160704,1710.907635508529,28.82230259130451,-0.4394640255821988,-34.58673565993681,-0.0433301257133132,-0.003716472766342,0.9990538964619704,4.203747272491455,-29.54910822401285,-2.780315375365923,-33.4404234135544,-0.019906473847161,-0.0183472329002094,0.9996334885066016,4.147313117980957,-0.3621235873576278,-1.6129538402126251,-34.0319757657327,-0.0320947189619863,-0.0149192612704974,0.9992121182910438,4.196266746520996,5.503252048372139,True,2.0,imu,-0.9401404780835455,-9.471514170944864,3.0498013039253733,1.7350399521630662,0.7476145577619269,0.07449500847823709,72.02440982032915,-3.0195102620573815,-1.2509176687137509
234.643304,4.300279803897065,7.73742561292514,4450.786744676239,-3.7738726348907576,18.03902522650467,2.6812562427943343,-87.17832500895815,-480.4987642597407,0.31361558581598675,2.7016115521399833,-50109.368836978516,-0.09688457440032727,18.03902522650467,2146495604.2702348,-103.94079023013526,-0.6775722946225532,64.21986684042304,-9.818268592398892,3.9011543404250197,7.702564217276507,64.24831978574937,-81.2414427171716,-228658.86970423593,-331.83607305248574,0.0,3.1169062163611967,-8213.373719953006,-60892515659.30466,-2601.5881661631856,-0.5285594219230909,0.0,0.0,1779.9499999999289,-3.3036899999998735,0.0,0.0,0.0,0.0,0.0,0.0,0.0,0.0,0.0,0.0,0.0,1256.0899999998687,-0.09666209999999431,0.0,0.0,0.0,0.0,0.0,0.0,0.0,0.0,0.0,0.0023088608910539973,0.37737363791925405,5733.721902565467,-258.36731470802476,0.0,1.5772810498040482e-07,0.0,-9.102466912446761e-09,53.98444211972449,-0.030118636491232156,53.98444211972449,0.0,1.4419567905364277,3405.4858033261758,-10.083233225630565,4484.091093350096,3.7149224710866093,0.0,-2.0842802293089846e-16,0.0,5.997351871303725e-14,-105.28171071425692,0.9148816227369816,-105.28171071425692,0.0,-45.35273714237274,998.9999999999777,-8.066754291415968,4.368844170852164,-16.7022992571104,gaze,0.5013807503030462,0.5196994144184768,-55.90079534231572,-20.5786730880387,1710.990098595746,28.935435328378237,-0.5168936366434724,-34.577190051415364,-0.02594908386933007,0.01950563496419979,0.9973138157501014,4.180048921300377,-29.365998746104992,-2.6670398985289085,-33.60282795760426,-0.005446252223203775,-0.009629535929485226,1.0024723687128858,4.218520832182362,-0.35389677731338154,-1.591001292288995,-34.03210101761159,-0.012144641901679052,0.009279316005659495,0.9995047584571107,4.197766102429801,5.142313293879695,True,2.056838659927404,imu,-1.0336080384,-9.6129136488,2.8944613992,2.37028794,-0.4715553400000001,-0.5654332799999999,72.02444531687884,-3.019525529199218,-1.250922366091571
234.651788,4.36591677582407,7.7089657697988105,4450.668970110153,-3.8928686437330633,18.202083046848333,2.709914955821908,-86.27534726312092,-959.5582244750112,0.3176211889865635,2.7304779803580184,-51254.09831568845,-0.10658776288110516,18.202083046848333,2205269701.1238627,-105.27634683795556,-0.6844872199842384,64.22968233062505,-9.928311585543714,3.9624567276161766,7.673750570494912,64.25850360752415,-80.2086563855512,-234332.57519537926,-337.52921848515075,0.0,3.158346338776865,-8410.31559362787,-62574586726.26293,-2652.86064590586,-0.5342865837876576,0.0,0.0,1779.9499999999234,-3.303689999999863,0.0,0.0,0.0,0.0,0.0,0.0,0.0,0.0,0.0,0.0,0.0,1256.0899999998637,-0.09666209999999392,0.0,0.0,0.0,0.0,0.0,0.0,0.0,0.0,0.0,0.0022782607945764574,0.37737616710389754,5733.755955715578,-258.4927529393244,0.0,1.5957765320792786e-07,0.0,-9.108220875227814e-09,53.98466290259739,-0.03007387313830609,53.98466290259739,0.0,1.4419616527169028,3472.5200589242113,-10.23106394186855,4484.141502867362,3.718827275638553,0.0,-2.1126540380845755e-16,0.0,6.077815232164281e-14,-106.83693145078105,0.9282729832149056,-106.83693145078105,0.0,-46.11261048179668,998.9999999999754,-8.25639156628634,4.406312068808287,-16.720813263769912,gaze,0.5011163233023898,0.5197114752009487,-53.60604159365143,-19.298013334851458,1701.0824358351051,28.939227806730056,-0.519596757199673,-34.57453053641268,-0.02578184117323774,0.019157051763788083,0.997560052621276,4.1799227191303,-29.363507676088737,-2.670175010719229,-33.59668344743284,-0.005176898171493067,-0.009601789918287352,1.002645673381505,4.216748541199916,-0.35682568393640113,-1.5941816030079128,-34.02807919442972,-0.011922369849345981,0.008979346908916387,0.9997199749217693,4.196953082082632,5.324618484998243,True,2.0650299194980626,imu,-1.0748805816,-9.5991561344,2.895657704800001,1.68988913,-0.5612782599999999,-1.0290017,72.05858258409977,-3.033955324440515,-1.255528610446747
234.660272,4.432207970292597,7.679500127661008,4450.551575192685,-4.012848265112979,18.366286283270092,2.7387777634096464,-85.36598457086097,-1448.1258407589048,0.3216644917541596,2.759550150228582,-52419.54516469559,-0.11638691291416547,18.366286283270092,2265324151.9149604,-106.62453769485033,-0.6914569829839681,64.24005518561265,-10.039300299167907,4.024377116899417,7.643928348273489,64.26924846108002,-79.16746490724881,-240118.08820631928,-343.29371934292817,0.0,3.200181531567103,-8611.087676118002,-64293625114.793236,-2704.9208693723185,-0.5400673633021678,0.0,0.0,1779.9499999999261,-3.303689999999868,0.0,0.0,0.0,0.0,0.0,0.0,0.0,0.0,0.0,0.0,0.0,1256.0899999998646,-0.09666209999999403,0.0,0.0,0.0,0.0,0.0,0.0,0.0,0.0,0.0,0.0022475314907219844,0.3773787049898667,5733.790032602399,-258.61820683534506,0.0,1.6144511766645227e-07,0.0,-9.113975068542905e-09,53.98488466015226,-0.030028710105974896,53.98488466015226,0.0,1.4419665335070757,3540.5926018978325,-10.380333463709949,4484.1921656507675,3.723362562476119,0.0,-2.1413150784293558e-16,0.0,6.159085164499981e-14,-108.40615261105279,0.941794607765571,-108.40615261105279,0.0,-46.88003473760017,998.9999999999777,-8.44831472576577,4.444234903178636,-16.738066417283164,gaze,0.5008656575255103,0.5197090533379186,-49.88725695393686,-17.617272132448836,1624.7861184503527,28.94285321007526,-0.5223309421993252,-34.57178141593721,-0.025627225033685995,0.01882420796236721,0.9978033692183009,4.179815500608542,-29.36121296910975,-2.6731430392360025,-33.59063815117854,-0.004923665301247486,-0.009561199813106845,1.002815617996369,4.215004010075009,-0.3597921539765879,-1.5972334517738087,-34.02411304585811,-0.011716263033313204,0.008692478633982627,0.9999318621372395,4.196167759392735,5.466221483688413,True,2.073087019922688,imu,-1.1047882216,-9.5668558832,2.895657704800001,1.30108981,-0.35192478,-1.16358608,72.09402210952906,-3.048458734780226,-1.2604775816259863
234.663276,4.455837843408906,7.668824006959245,4450.510099667157,-4.055567349765763,18.424702771806636,2.7490465962524215,-85.04246303356649,-1623.4223129134625,0.3231052218707419,2.769893510339225,-52837.22332997422,-0.11987966494127944,18.424702771806636,2286898966.951725,-107.10494732850525,-0.6939380299551202,64.24386288425629,-10.078826805874694,4.046450658762424,7.633125301755451,64.27318876002437,-78.79677733009692,-242193.7236693538,-345.35202929603713,0.0,3.21508964793965,-8683.105446117543,-64911275024.41646,-2723.544772576609,-0.5421271323488642,0.0,0.0,1779.9499999999234,-3.303689999999863,0.0,0.0,0.0,0.0,0.0,0.0,0.0,0.0,0.0,0.0,0.0,1256.0899999998624,-0.09666209999999387,0.0,0.0,0.0,0.0,0.0,0.0,0.0,0.0,0.0,0.002236619566294399,0.3773796057184564,5733.80210417293,-258.66263111085823,0.0,1.6211066356974875e-07,0.0,-9.116012560353188e-09,53.98496341602615,-0.030012622567163,53.98496341602615,0.0,1.4419682662184439,3564.946751903957,-10.433533268678609,4484.210165122411,3.7251204133468008,0.0,-2.1515325679737486e-16,0.0,6.188055506261804e-14,-108.96515253618233,0.9466137110661588,-108.96515253618233,0.0,-47.153582514266766,998.9999999999759,-8.516822258062263,4.4577723624110135,-16.743871618692566,gaze,0.5157098125084472,0.5276816280483616,-49.92499771585663,-17.64818565275005,1573.50659594551,28.81817725464723,-0.4738063834206253,-34.5342888428962,-0.0414458261096945,-0.0013931234591974,0.999139781364506,4.201948642730713,-29.55144629643095,-2.776789301606366,-33.44686371530265,-0.0201558646673306,-0.0185452623322552,0.99962483680856,4.136560916900635,-0.3655387981682338,-1.6213292630749998,-34.012905874582806,-0.0319072164513958,-0.0130833663136946,0.9992681421972256,4.183452463150024,5.462198761872108,True,2.0,imu,-0.9405544306338175,-9.475333038844889,3.0387582132014863,1.4841931728022173,0.8944282353049448,-0.15196216393273998,72.1068688961481,-3.0536110868185657,-1.2623083374348387
234.668756,4.499157475598021,7.6490187784970605,4450.434562327933,-4.1338174148201965,18.5316408227079,2.7678458011189857,-84.45020852182597,-1946.3398117888719,0.32574574391789934,2.788829206808258,-53605.98780390262,-0.1262824584806519,18.5316408227079,2326679760.648334,-107.98544690894016,-0.698481899780478,64.25099222662729,-10.151240599909006,4.0869193774366686,7.613087626745806,64.28056119225192,-78.11781837324122,-246017.0487151802,-349.1302132038653,0.0,3.2424143252625486,-8815.74610308458,-66050236820.35106,-2757.7777134980524,-0.5459021178701271,0.0,0.0,1779.9499999999252,-3.3036899999998646,0.0,0.0,0.0,0.0,0.0,0.0,0.0,0.0,0.0,0.0,0.0,1256.089999999862,-0.09666209999999387,0.0,0.0,0.0,0.0,0.0,0.0,0.0,0.0,0.0,0.0022166710024851682,0.3773812517495643,5733.824133200917,-258.7436765155246,0.0,1.633306173176121e-07,0.0,-9.11972950175708e-09,53.985107406690275,-0.029983144853621815,53.985107406690275,0.0,1.4419714332711022,3609.7153484701175,-10.53105133566677,4484.243082588488,3.7285329175761177,0.0,-2.1702653801993367e-16,0.0,6.241167360065233e-14,-109.98946233909672,0.9554473603230688,-109.98946233909672,0.0,-47.65505983626421,998.9999999999754,-8.642543614646598,4.482616655430419,-16.75405069899502,gaze,0.5006287730060516,0.5196922729185376,-44.9969284988555,-15.569041716773704,1447.0133508941217,28.94631112347457,-0.5250926982473069,-34.568942891921594,-0.02548524559755245,0.01850705089746778,0.998043730164859,4.17972723445977,-29.359114506708647,-2.6759442763145875,-33.584693341932415,-0.004686551000907069,-0.009507906498697642,1.0029821723576295,4.213287485626101,-0.36279505547927593,-1.600156804347624,-34.02020351031858,-0.01152632495124324,0.00841865755819237,1.0001403895377834,4.195410165266374,5.562329017341269,True,2.0810085758355044,imu,-1.127518028,-9.555490980000002,2.8902743296,1.17398234,-0.1126636599999999,-1.35798574,72.13069042343045,-3.063032362904697,-1.265749482802916
234.669467,4.504798191976558,7.646417853716706,4450.424773513751,-4.144000336949723,18.545550799799805,2.7702911987256966,-84.37316993109903,-1988.535009426996,0.3260895038164129,2.7912923643437972,-53706.37974879395,-0.12711614420172412,18.545550799799805,2331881408.245586,-108.1000778993704,-0.699073136349089,64.25193464134287,-10.160665136472259,4.092189083707442,7.610456457522984,64.28153526003763,-78.02946738871049,-246516.6142012442,-349.6226291515428,0.0,3.245971773203071,-8833.075742049525,-66199174960.50781,-2762.243830583363,-0.546393560899652,0.0,0.0,1779.9499999999252,-3.303689999999868,0.0,0.0,0.0,0.0,0.0,0.0,0.0,0.0,0.0,0.0,0.0,1256.0899999998624,-0.09666209999999398,0.0,0.0,0.0,0.0,0.0,0.0,0.0,0.0,0.0,0.002214078724963389,0.37738146558872465,5733.826992071128,-258.7541921987147,0.0,1.6348945407169183e-07,0.0,-9.12021176212513e-09,53.985126119287855,-0.029979307919522705,53.985126119287855,0.0,1.4419718447681031,3615.5562391135563,-10.543748295601594,4484.247361242962,3.728995204316668,0.0,-2.1727047554867393e-16,0.0,6.248083311097388e-14,-110.12279391626629,0.9565975090348856,-110.12279391626629,0.0,-47.7203574314681,998.9999999999768,-8.658926270734732,4.485854198296181,-16.755332380377805,gaze,0.5006095473352294,0.5196902186111382,-44.54544333967807,-15.383503496025034,1428.043368675101,28.946593294940534,-0.5253252857238663,-34.56870095924728,-0.025473921133403993,0.018481182231221922,0.99806373823141,4.179720696978695,-29.358947552421757,-2.6761714694582057,-33.58419974151405,-0.0046674114939349014,-0.009502867935569759,1.0029959755076883,4.213144912227085,-0.36304832367571593,-1.6003959598571855,-34.019878472703056,-0.011511141499318487,0.008396300769433315,1.0001577116021336,4.195347935337425,5.568217376608685,True,2.081666241088078,imu,-0.9407157628697602,-9.47651361903309,3.035325170736953,1.429831285389123,0.9537491912240278,-0.22332680508459826,71.90039720000001,-3.448564400000009,-0.714106400000003
234.677239,4.566761386301053,7.617515537720632,4450.317947652871,-4.255767596901624,18.69813287686476,2.7971167462743023,-83.52809973594663,-2454.279180413112,0.329864708509077,2.818312811784527,-54813.56350519796,-0.13627365067347075,18.69813287686476,2389350088.946251,-109.35899626724057,-0.7055614498744529,64.2624989235511,-10.264125014051276,4.1500799097662195,7.581222248270988,64.29244725067645,-77.05979190832204,-252030.3968944287,-355.03864052920756,0.0,3.285042211734078,-9024.322732739573,-67844820599.603096,-2811.4337474347144,-0.5517905091164954,0.0,0.0,1779.9499999999234,-3.3036899999998646,0.0,0.0,0.0,0.0,0.0,0.0,0.0,0.0,0.0,0.0,0.0,1256.0899999998605,-0.09666209999999387,0.0,0.0,0.0,0.0,0.0,0.0,0.0,0.0,0.0,0.002185681004808631,0.37738380725442466,5733.858253462455,-258.8691473079509,0.0,1.6523404618135432e-07,0.0,-9.125483505968681e-09,53.98533113014645,-0.0299371802726425,53.98533113014645,0.0,1.441976351793989,3679.8919695936306,-10.683209118832869,4484.294248523864,3.734342222647342,0.0,-2.1995035183015345e-16,0.0,6.324057716219616e-14,-111.58676000233731,0.9692304758062139,-111.58676000233731,0.0,-48.43764320389895,998.9999999999764,-8.839074882772572,4.521456723390536,-16.768756400630366,gaze,0.5004057110055642,0.5196612682012632,-39.32981657363059,-13.258478001729497,1202.3158246397566,28.949600802541553,-0.5278780852727869,-34.56601564339444,-0.025355923050437358,0.01820555776632344,0.9982810725824811,4.179657893571914,-29.357212318613858,-2.678578773461026,-33.578850955106795,-0.004465573018403335,-0.009442064817137386,1.0031452877066305,4.2115994088137185,-0.3658325640473562,-1.6029513505624315,-34.01635196182175,-0.0113525734862819,0.00815785591600595,1.0003455030852866,4.194680409292652,5.610226378166918,True,2.0887922963485828,imu,-1.1382847784,-9.5542946744,2.8836946488,0.97958268,0.0144438099999999,-1.61967759,72.16850768790907,-3.0776710368678777,-1.2713239579819178
234.683368,4.616019889860917,7.594110598418675,4450.233933650321,-4.344499726376849,18.81914728161053,2.8183941474329726,-82.85784898497104,-2827.4346478544176,0.3328645831589431,2.8397449023878956,-55699.437899619916,-0.1435528100821133,18.81914728161053,2435464176.626931,-110.35940358358825,-0.7107111409115673,64.27117170355362,-10.34628343025594,4.196105124465077,7.55755390707553,64.30139644675097,-76.29004419724083,-256447.61424077075,-359.35305243815117,0.0,3.3160913950605213,-9177.505430014708,-69165519408.39008,-2850.7066692495787,-0.5560788996350224,0.0,0.0,1779.9499999999243,-3.3036899999998663,0.0,0.0,0.0,0.0,0.0,0.0,0.0,0.0,0.0,0.0,0.0,1256.0899999998605,-0.09666209999999392,0.0,0.0,0.0,0.0,0.0,0.0,0.0,0.0,0.0,0.0021632066398444283,0.37738565934290436,5733.882920203596,-258.9598103981675,0.0,1.666206427644145e-07,0.0,-9.12964095649275e-09,53.985493403541994,-0.029903717428733503,53.985493403541994,0.0,1.4419799176846748,3731.262485450733,-10.794056128419728,4484.33137527743,3.7389400241896453,0.0,-2.2208105618698417e-16,0.0,6.384458431491797e-14,-112.74968354148916,0.9792714370451188,-112.74968354148916,0.0,-49.00785084975165,998.9999999999768,-8.982527634337401,4.549809082007279,-16.778582377910904,gaze,0.5158195607457122,0.5265861837159509,-32.93255413085927,-10.22165110057458,1030.754994607855,28.79077381884435,-0.5333217412868123,-34.45165176454891,-0.0393688325480058,0.0042124380259494,0.9992158677631598,4.20490026473999,-29.56190400710116,-2.72815191232438,-33.51729261163399,-0.0217070366096228,-0.0203711962299271,0.9995568112547631,4.13022518157959,-0.3703790466042796,-1.622352078284079,-34.00375747321826,-0.0315882062329036,-0.0111345853975567,0.9993231497599484,4.175352239608765,5.40294447923576,True,2.0,imu,-0.9411339060699334,-9.479158834010986,3.0276000328420922,1.3459781686401662,1.099809535689397,-0.38152114074721677,72.19650499338618,-3.088287109442713,-1.2755291433365876
234.685697,4.6348294908513985,7.585074290617078,4450.202061734588,-4.378355147971028,18.86529198717367,2.8265079762805323,-82.6022682629623,-2970.6019615232944,0.33400980724748075,2.8479177427684483,-56039.03985795043,-0.146332210635431,18.86529198717367,2453172891.178392,-110.7413252837935,-0.7126756658694599,64.27454695947176,-10.377635653443862,4.213681022244306,7.548417119707041,64.30487725374473,-75.99636791647822,-258142.25362538605,-361.002593018684,0.0,3.3279452874538493,-9236.266257006077,-69672739553.08932,-2865.7424250858867,-0.5577159866782313,0.0,0.0,1779.9499999999234,-3.303689999999861,0.0,0.0,0.0,0.0,0.0,0.0,0.0,0.0,0.0,0.0,0.0,1256.0899999998574,-0.0966620999999937,0.0,0.0,0.0,0.0,0.0,0.0,0.0,0.0,0.0,0.002154647801750339,0.3773863644059532,5733.892296720511,-258.9942642787951,0.0,1.6715005504013213e-07,0.0,-9.131220810278902e-09,53.985555207309375,-0.029890945717412923,53.985555207309375,0.0,1.4419812754371728,3750.9310730486886,-10.836379204399288,4484.345518414353,3.740775701165738,0.0,-2.2289474710270617e-16,0.0,6.407523674197363e-14,-113.1935497945909,0.9831052192165696,-113.1935497945909,0.0,-49.22558568260215,998.999999999975,-9.037361778326328,4.560647098758192,-16.782139744787347,gaze,0.500197050674682,0.5196163269598946,-33.39047718206753,-10.855137596224921,973.4212638482227,28.952713395164242,-0.5306754132412366,-34.56300881164798,-0.02523956639339169,0.017920447912636323,0.9985147041424267,4.179607550369774,-29.355510639560705,-2.6810402519423304,-33.57312827780255,-0.0042612704958829226,-0.009364069685485539,1.0033044891705372,4.209944664843922,-0.3688941614504711,-1.6056098318309089,-34.01256993590117,-0.011195419178118782,0.007910690370049663,1.0005466086621042,4.193980447973789,5.6091916139663685,True,2.0964154190369695,imu,-1.15144414,-9.5160128952,2.891470635200001,0.8973366700000001,0.3135202100000001,-1.69444669,72.20728506153964,-3.092329566597545,-1.277164391257123
234.694154,4.703555976481816,7.551597757266595,4450.0865763761685,-4.501929257244473,19.033593036846533,2.8561030777946197,-81.67008836591253,-3496.868642916903,0.33819287649794544,2.8777281946386446,-57286.07876784137,-0.15648666605823602,19.033593036846533,2518344404.2446322,-112.13638172723797,-0.7198447958162599,64.28717475035285,-10.492096078201126,4.277904176122054,7.514573925663537,64.31789070879782,-74.92451806044119,-264371.0996782757,-367.03930077154894,0.0,3.3712459842607285,-9452.217017776513,-71539623077.54665,-2920.8631102900104,-0.563695472606385,0.0,0.0,1779.9499999999216,-3.303689999999861,0.0,0.0,0.0,0.0,0.0,0.0,0.0,0.0,0.0,0.0,0.0,1256.0899999998574,-0.09666209999999376,0.0,0.0,0.0,0.0,0.0,0.0,0.0,0.0,0.0,0.002123481967294543,0.3773889305913001,5733.926359440877,-259.1193824999938,0.0,1.6908411633196842e-07,0.0,-9.136957702815341e-09,53.985780283719635,-0.029844309313362363,53.985780283719635,0.0,1.4419862184478278,3823.041393790073,-10.99099907079403,4484.397037452854,3.7478532553232498,0.0,-2.258681480979391e-16,0.0,6.491804013890822e-14,-114.81441408794785,0.9971112187302519,-114.81441408794785,0.0,-50.021137891409374,998.9999999999754,-9.237976197695147,4.6003008589583985,-16.7942365563309,gaze,0.5000021436852832,0.5195575263817468,-27.664000471830633,-8.537404188074913,809.7786031513203,28.955658238908836,-0.5334887343673003,-34.559914841439,-0.025135784130268138,0.017650774423629854,0.9987452674869278,4.179575935692612,-29.35400343175191,-2.6833369278040204,-33.567509800325865,-0.0040729730569698044,-0.009273912747690079,1.0034602157727408,4.208318662766891,-0.37198633884705096,-1.6081404847563197,-34.008847317991396,-0.011054329996722258,0.007676334747648294,1.0007442638143642,4.193308181253163,5.560344787169088,True,2.103898847481795,imu,-1.16639796,-9.468758824,2.8687408288,1.00201341,0.7397040799999997,-1.71687742,72.24704979735903,-3.107045752600772,-1.2832667742293051
234.702611,4.772952959853228,7.517072146502073,4449.97148026928,-4.626510310185008,19.203061630139622,2.8859066562314437,-80.7314226207875,-4033.281762322411,0.34241465566063695,2.907748807523018,-58555.10945896586,-0.16673863277493695,19.203061630139622,2584893594.7055593,-113.54441298861997,-0.7270699953901487,64.30039059779867,-10.607525555956279,4.342760741647465,7.47967881618349,64.3314959871397,-73.84406691563117,-270719.33857191744,-373.150110775851,0.0,3.4149518975369046,-9672.257609926017,-73446311501.81604,-2976.8112277300997,-0.5697300245245003,0.0,0.0,1779.9499999999189,-3.303689999999854,0.0,0.0,0.0,0.0,0.0,0.0,0.0,0.0,0.0,0.0,0.0,1256.0899999998528,-0.09666209999999342,0.0,0.0,0.0,0.0,0.0,0.0,0.0,0.0,0.0,0.002092177845622732,0.3773915062862805,5733.960445621888,-259.2445168833948,0.0,1.7103657538487583e-07,0.0,-9.142694871352487e-09,53.98600640023895,-0.029797263060473186,53.98600640023895,0.0,1.4419911817747888,3896.243430174969,-11.147096352244942,4484.448812572795,3.755580223290984,0.0,-2.288711058240497e-16,0.0,6.576914293454415e-14,-116.44963073494463,1.0112509769166893,-116.44963073494463,0.0,-50.824442803896744,998.9999999999741,-9.440961541609276,4.640426642494138,-16.8050404253301,gaze,0.49982096731831116,0.5194850076257956,-22.588180854324612,-6.476996459713549,696.599272968255,28.958435495274095,-0.5363144938171563,-34.55673407056252,-0.025044553894528265,0.017396431440632576,0.9989727565868036,4.179562999888075,-29.352690106357024,-2.6854696321498612,-33.56199601870934,-0.003900633999291512,-0.009171746904323624,1.0036124585088926,4.2067214368795955,-0.3751071523692657,-1.6105437817291512,-34.00518452618019,-0.01092926923035722,0.007454689441711199,1.0009384642849697,4.192663532439429,5.466108442930837,True,2.1112421349521813,imu,-1.148453376,-9.4472253232,2.863955606400001,1.20388998,1.07616503,-1.69444669,72.28772733527859,-3.121817779713907,-1.289612645823023
234.703348,4.779032578558839,7.5140133251112236,4449.9614685374545,-4.637415039378041,19.217885768521477,2.8885138544619684,-80.64931278477025,-4080.51377729699,0.3427844119930699,2.910374999690611,-58666.752590221084,-0.1676366917134895,19.217885768521477,2590759115.641474,-113.66773575260501,-0.7277023145550429,64.3015704012306,-10.617630958745156,4.34844291364984,7.476587659217701,64.33270990745626,-73.74950001024274,-271278.27865836263,-373.68617962206395,0.0,3.4187800050502304,-9691.629086595036,-73614379586.75627,-2981.7264198792855,-0.5702585364904342,0.0,0.0,1779.9499999999198,-3.3036899999998575,0.0,0.0,0.0,0.0,0.0,0.0,0.0,0.0,0.0,0.0,0.0,1256.0899999998537,-0.09666209999999359,0.0,0.0,0.0,0.0,0.0,0.0,0.0,0.0,0.0,0.0020894431766694983,0.3773917312059414,5733.963417232037,-259.2554227068457,0.0,1.7120760130834878e-07,0.0,-9.14319486028812e-09,53.98602615530501,-0.02979314363343606,53.98602615530501,0.0,1.441991615287134,3902.6748675992967,-11.160770025675033,4484.453336765848,3.756284519107055,0.0,-2.2913421069493244e-16,0.0,6.584370881607796e-14,-116.59281735196217,1.0124895757770735,-116.59281735196217,0.0,-50.8948171225773,998.999999999975,-9.458764030381744,4.643945967329245,-16.805920433100916,gaze,0.5164604516823695,0.5251300852976946,-22.89151938675599,-5.625532471505975,687.6804378065915,28.77483394876118,-0.5625967439550724,-34.39838168515919,-0.0384880115840532,0.0093053211726114,0.9992157344448596,4.19489049911499,-29.57303264906176,-2.70282394638585,-33.55046043328834,-0.0237806270664447,-0.0204190882751195,0.99950865059305,4.119931697845459,-0.3762816589023856,-1.6246607656960763,-33.99416141615696,-0.0311778640968351,-0.0093771409141827,0.999357375608234,4.168472862243652,4.896939431382181,True,2.0,imu,-0.9418675350761205,-9.482944789879692,3.0164632388087105,1.310802050875519,1.3138613453161903,-0.5948920522745909,72.29131285356313,-3.1231076410182634,-1.2901765746174019
234.711068,4.843024563798466,7.481487390771354,4449.856775838443,-4.7521042803943345,19.37370369595451,2.915919858749236,-79.78624263478832,-4579.984708713368,0.3466753973629798,2.9379807381605865,-59846.420018884506,-0.17708854371786065,19.37370369595451,2652842188.6351542,-114.96550413623144,-0.734351583601979,64.31420145192925,-10.72393001387284,4.408254620355841,7.443721707722419,64.3457000637502,-72.75496409228026,-277188.67412008694,-379.33567289768723,0.0,3.459065583953854,-9896.44635425165,-75393437972.90288,-3033.5958944013664,-0.5758200042712696,0.0,0.0,1779.9499999999198,-3.3036899999998592,0.0,0.0,0.0,0.0,0.0,0.0,0.0,0.0,0.0,0.0,0.0,1256.0899999998528,-0.09666209999999353,0.0,0.0,0.0,0.0,0.0,0.0,0.0,0.0,0.0,0.002060733432823543,0.37739409166574545,5733.994555238201,-259.3696675494929,0.0,1.7300755258277365e-07,0.0,-9.148432325398092e-09,53.98623357136319,-0.029749804390791085,53.98623357136319,0.0,1.441996165787753,3970.549435491049,-11.304680699371712,4484.500844662718,3.7639612388801638,0.0,-2.319038257904145e-16,0.0,6.662860276540766e-14,-118.09928880977142,1.0255253673128386,-118.09928880977142,0.0,-51.63555089226928,998.9999999999745,-9.646338015624892,4.681028504184624,-16.814543252399947,gaze,0.49965351997156104,0.5193989221198981,-18.462332797205345,-4.797880404804567,597.3199591908946,28.961044997624285,-0.5391487174669602,-34.553467303222234,-0.02496586323924801,0.01715734287247036,0.9991971379249056,4.1795686974048065,-29.351570221180403,-2.687438956785133,-33.55658809040959,-0.0037442268707740672,-0.009057739103581305,1.0037611898327812,4.2051532154800695,-0.37825405811274,-1.6128199204184197,-34.0015824134179,-0.010820214425283385,0.007245680624602596,1.0011291823625341,4.192046503374862,5.330246137119281,True,2.1184439294720097,imu,-1.1352940144,-9.4256918224,2.910611524800001,1.39828964,1.47991817,-1.90380017,72.32923742868233,-3.1366420581663594,-1.2961829961543518
234.719525,4.913774925885385,7.444833371491889,4449.742465516785,-4.878717164387503,19.545525182854085,2.946143837007488,-78.834519964852,-5137.1221878267825,0.35097535527806584,2.968425147826962,-61160.30102675295,-0.1875368324310116,19.545525182854085,2722212139.3122573,-116.39974059203453,-0.7416898806392243,64.32861430183783,-10.84131540248221,4.4743897276641835,7.406692465646914,64.3605099526826,-71.6571590087143,-283780.8262264141,-385.59664069956966,0.0,3.5035896102689166,-10124.842122258775,-77381642316.32558,-3091.226292793967,-0.5819657752603552,0.0,0.0,1779.9499999999207,-3.3036899999998575,0.0,0.0,0.0,0.0,0.0,0.0,0.0,0.0,0.0,0.0,0.0,1256.089999999851,-0.09666209999999359,0.0,0.0,0.0,0.0,0.0,0.0,0.0,0.0,0.0,0.002029146715738655,0.3773966869053702,5734.028688264298,-259.4948346192192,0.0,1.7499716882270194e-07,0.0,-9.154170074506386e-09,53.98646181165424,-0.029701930726014986,53.98646181165424,0.0,1.4420011708582177,4045.971753985074,-11.46376180235131,4484.553134612903,3.7730009542745933,0.0,-2.3496651440163533e-16,0.0,6.749647752135004e-14,-119.76347774190636,1.03993526703591,-119.76347774190636,0.0,-52.45451283377002,998.999999999975,-9.854125935925595,4.722110521241589,-16.82273690662063,gaze,0.4994997956369467,0.5192994271153906,-15.394000722864453,-3.550962940841076,498.90340764389333,28.963486629561174,-0.5419873479843974,-34.550115457458595,-0.02489969509353763,0.01693342773524071,0.9994183783015695,4.179592979707141,-29.350643267379965,-2.6892455555321897,-33.55128715134651,-0.003603720326964789,-0.008932061885368235,1.0039063826878252,4.203614223501335,-0.3814242942141645,-1.6149691460766638,-33.99804181668412,-0.010727137807935671,0.007049230234817487,1.0013163908659108,4.191457089990843,5.157687679049932,True,2.1255028833444833,imu,-1.1317050976,-9.448421628800002,2.924369039200001,1.60016621,1.56964109,-2.00847691,72.37149883170366,-3.1515149528908903,-1.3029589437175977
234.72344,4.946758392255975,7.427500225781138,4449.689681956839,-4.937676775870688,19.62546755459141,2.9602071203360456,-78.39171549332877,-5398.611764475703,0.3529792853558714,2.9825910549375965,-61776.26023957784,-0.1924070930245929,19.62546755459141,2754813032.42725,-117.06816690225054,-0.7451062912244746,64.33549224260659,-10.89599045404552,4.505223883488351,7.389184641673467,64.36757299408379,-71.1459911300193,-286874.6017887383,-388.52074749785265,0.0,3.524340787114723,-10232.014471663968,-78316131144.43019,-3118.194087695744,-0.5848298310259882,0.0,0.0,1779.949999999918,-3.303689999999854,0.0,0.0,0.0,0.0,0.0,0.0,0.0,0.0,0.0,0.0,0.0,1256.0899999998492,-0.09666209999999331,0.0,0.0,0.0,0.0,0.0,0.0,0.0,0.0,0.0,0.002014475524535722,0.37739789170781,5734.044497389899,-259.55278381373535,0.0,1.7592456733460173e-07,0.0,-9.156826353953381e-09,53.986567837061585,-0.029679627321042734,53.986567837061585,0.0,1.4420034950902219,4081.2684731884824,-11.53791476663637,4484.577428769497,3.777410055589229,0.0,-2.3639453069341717e-16,0.0,6.790110847640998e-14,-120.53882626414243,1.046652174090207,-120.53882626414243,0.0,-52.83630856856589,998.9999999999741,-9.951139453919957,4.7412923519294985,-16.826084419504788,gaze,0.5166179692181481,0.5250658177371055,-15.35146336249111,-3.699300401421117,456.6229780596629,28.77781813485544,-0.5749951877897834,-34.37200773778606,-0.0360637473135963,0.0120925317628915,0.9992763265510018,4.186183929443359,-29.57876278935304,-2.685713125351318,-33.57338449752032,-0.0248190804152402,-0.0206077830152945,0.999479530819184,4.119163036346436,-0.3830348217547044,-1.625797774306833,-33.98714903616269,-0.0309065625874462,-0.0077789868016892,0.9993704924567656,4.164486455917358,4.487442018387892,True,2.0,imu,-0.9427582189760065,-9.486728970932482,3.0052358830038957,1.3623860024188386,1.4941856439082246,-0.7805638988521711,72.39129452302537,-3.1584155046249283,-1.3061601352081011
234.727983,4.985216685630402,7.407095392905001,4449.628538299921,-5.0063701350443175,19.718552586665147,2.9765833586555086,-77.87611241434661,-5704.907989455387,0.3553152995875971,2.999086840192155,-62497.20499123704,-0.1980851860733992,19.718552586665147,2793034087.998832,-117.84738007428368,-0.7490860857153652,64.3436379882387,-10.959701751282452,4.541177927645969,7.368576333207974,64.37593456734271,-70.55046952617477,-290498.3326119651,-391.9344252982371,0.0,3.5485318914424475,-10357.53210456106,-79411813593.4422,-3149.7186376628115,-0.5881684391672161,0.0,0.0,1779.9499999999152,-3.303689999999847,0.0,0.0,0.0,0.0,0.0,0.0,0.0,0.0,0.0,0.0,0.0,1256.089999999847,-0.09666209999999326,0.0,0.0,0.0,0.0,0.0,0.0,0.0,0.0,0.0,0.001997411911264353,0.37739929249032245,5734.062848714784,-259.6200330172925,0.0,1.7700578411096664e-07,0.0,-9.15990880679436e-09,53.986691162922625,-0.02965363374247211,53.986691162922625,0.0,1.442006197955159,4122.5319402350115,-11.62436846917933,4484.605689544353,3.782705226819452,0.0,-2.3805974646845354e-16,0.0,6.837292947336615e-14,-121.44248669613924,1.0544832849197154,-121.44248669613924,0.0,-53.28147775355933,998.9999999999727,-10.064370731713666,4.763681737139823,-16.829613960354493,gaze,0.4993597681138747,0.5191866716221247,-13.321374369881033,-2.7204331306048006,411.60173280192663,28.965760584327516,-0.5448265868319129,-34.54667915167801,-0.024846022110962946,0.0167245763099474,0.9996364704354788,4.179635801406873,-29.349908593361956,-2.6908903296928726,-33.54609370802209,-0.0034790642869052864,-0.008794876529306987,1.0040480270477659,4.202104505720131,-0.3846152812219729,-1.6169919836758735,-33.994563149189,-0.010649998057750711,0.006865234924802011,1.0015000846585531,4.190895217453202,4.954326013459604,True,2.132418462294019,imu,-1.1209383472,-9.492684936000002,2.9231727336,1.90671952,1.77151766,-1.93370781,72.41443457618496,-3.1664345498603663,-1.3099225719656429
234.73644,5.057337117256102,7.368272156628933,4449.515023578177,-5.135039050291475,19.892750981469106,3.007232386692592,-76.91121806452134,-6283.355225088075,0.35969445985344034,3.0299597354083514,-63857.1114083248,-0.2087315451617311,19.892750981469106,2865313701.4161434,-119.30816641046387,-0.7565387724842241,64.35927602661042,-11.079067064335911,4.608607371031717,7.32937208527327,64.3919773535685,-69.4351063636301,-297341.3573216528,-398.3481890971384,0.0,3.5938843875525723,-10594.521265260639,-81484125097.32333,-3209.0684128535654,-0.5944268959044865,0.0,0.0,1779.9499999999143,-3.3036899999998504,0.0,0.0,0.0,0.0,0.0,0.0,0.0,0.0,0.0,0.0,0.0,1256.0899999998446,-0.0966620999999932,0.0,0.0,0.0,0.0,0.0,0.0,0.0,0.0,0.0,0.001965534491521738,0.3774019079818396,5734.097028486263,-259.7452332608116,0.0,1.790330454237762e-07,0.0,-9.165647174915782e-09,53.98692158563358,-0.029604922261277145,53.98692158563358,0.0,1.4420112462650643,4200.224419040704,-11.78647249289194,4484.658497923712,3.793076451316665,0.0,-2.4118299877867047e-16,0.0,6.925780977731198e-14,-123.13600880084086,1.069166865289786,-123.13600880084086,0.0,-54.11630119900961,998.9999999999727,-10.277043228327607,4.8057364444295665,-16.835164592461023,gaze,0.49923345556850396,0.5190608513463055,-12.071737310471573,-2.245146906789299,348.9494276138939,28.967866309739165,-0.547661557864557,-34.54316033747063,-0.024804830529955628,0.01653074708928727,0.9998513302015923,4.179697097794316,-29.349365728871977,-2.6923736699178136,-33.54101008057872,-0.003370246966763889,-0.008646399335796293,1.0041860633562816,4.200624637216638,-0.3878231325290129,-1.61888829668603,-33.991148037937045,-0.010588774853784615,0.006693651567231777,1.001680194198904,4.19036100256551,4.726939708763022,True,2.139187692020232,imu,-1.0802639568,-9.462777296000002,2.9297524144,2.08616536,1.9509635,-1.96361545,72.45795174978161,-3.1813935947095353,-1.3170536165357474
234.743421,5.117391007721142,7.3353964661001765,4449.4216229449485,-5.24203246049634,20.037448423639596,3.03269361894298,-76.10973394751363,-6769.034355955198,0.3633394391245031,3.0556070680915735,-64997.3337894709,-0.21759488039255892,20.037448423639596,2926098915.7263794,-120.52409677386285,-0.762734183312113,64.37265398575119,-11.178351912071141,4.664760219090555,7.296179682798659,64.40569235121492,-68.50773795880434,-303086.48638215545,-403.7008370153867,0.0,3.6316364117231035,-10793.451345163296,-83227153221.18497,-3258.717718139035,-0.5996359118578035,0.0,0.0,1779.9499999999143,-3.3036899999998486,0.0,0.0,0.0,0.0,0.0,0.0,0.0,0.0,0.0,0.0,0.0,1256.0899999998433,-0.09666209999999315,0.0,0.0,0.0,0.0,0.0,0.0,0.0,0.0,0.0,0.0019391089170941213,0.37740407481370797,5734.125260443805,-259.8485949379882,0.0,1.807208024037081e-07,0.0,-9.170384269483925e-09,53.98711263079389,-0.029564393961486413,53.98711263079389,0.0,1.4420154301904855,4265.226061957361,-11.9214338660667,4484.702285920022,3.8021442661949223,0.0,-2.4378419080248574e-16,0.0,6.999472147064517e-14,-124.54510837644133,1.0813917781065308,-124.54510837644133,0.0,-54.811453526025105,998.9999999999723,-10.454460384741502,4.840822246171349,-16.838741935164457,gaze,0.5172093308900954,0.5258055383429062,-11.11780499809833,-2.858644101691178,318.8083355550909,28.78104793553377,-0.5816386259054714,-34.35933150795071,-0.0346378902594454,0.0133758955298168,0.999310413223614,4.178077220916748,-29.58493321948178,-2.669201581476025,-33.59381614001497,-0.026043617087712,-0.0204849464432366,0.9994508977324532,4.11550760269165,-0.3907427868786712,-1.6289038549501704,-33.97974789361014,-0.0306510533661145,-0.0062835213263761,0.9993778850555152,4.158738899230957,4.377352639741394,True,2.0,imu,-0.9437904358535943,-9.490464984367426,2.994055573272983,1.4810702870466625,1.6050636374524352,-0.9270126655117213,72.49425666929295,-3.193770211297466,-1.3230537128999276
234.744897,5.130148808871503,7.328348992504047,4449.401910317552,-5.264745007503862,20.068146762060977,3.0380956726896335,-75.9396953972489,-6872.679087884724,0.3641136036768719,3.061048620935024,-65240.47510261774,-0.21947758636305026,20.068146762060977,2939081909.16131,-120.78235646016877,-0.7640491357607953,64.37553726364942,-11.19943130105409,4.676689873249936,7.289064990917504,64.40864723049395,-68.31088803469652,-304312.45580435777,-404.8393416251565,0.0,3.639654984850957,-10835.8974012529,-83599474450.1796,-3269.2918636226664,-0.6007422436530097,0.0,0.0,1779.9499999999152,-3.3036899999998504,0.0,0.0,0.0,0.0,0.0,0.0,0.0,0.0,0.0,0.0,0.0,1256.0899999998446,-0.0966620999999932,0.0,0.0,0.0,0.0,0.0,0.0,0.0,0.0,0.0,0.0019335086719021108,0.3774045338655645,5734.131231590327,-259.87045027341605,0.0,1.8107931157334757e-07,0.0,-9.171385867044895e-09,53.98715312160343,-0.029555787987493115,53.98715312160343,0.0,1.4420163167580293,4279.070794382025,-11.950102582283181,4484.711566844859,3.804120443318496,0.0,-2.4433684436243726e-16,0.0,7.015128020819744e-14,-124.84433220073731,1.0839886079965522,-124.84433220073731,0.0,-54.959131769674286,998.9999999999736,-10.492188788935877,4.848283674168886,-16.83938146818825,gaze,0.49912082116143885,0.5189221287159873,-11.419370195212258,-2.0398240362192577,316.36711123708665,28.969804121783735,-0.550488328662397,-34.539559859468945,-0.02477608205971855,0.016351818599089116,1.0000629513532513,4.179776815200462,-29.349013863348905,-2.693696623397541,-33.53603671815298,-0.0032772064154589125,-0.008486804315629065,1.0043204830180643,4.199174652315528,-0.3910449405901704,-1.6206587224367186,-33.987796855632276,-0.010543414111479911,0.006534366713962916,1.0018567158612308,4.1898543551312315,4.482869971680623,True,2.1458100643426476,imu,-1.064711984,-9.451412392800002,2.9674360408,1.8917657,1.97339423,-1.94866163,72.50197213303974,-3.19639007703592,-1.3243344114130269
234.753354,5.203655957221927,7.287315576669535,4449.28920098603,-5.395494095284501,20.244745955978317,3.0691743864057113,-74.96151576908687,-7473.029609754682,0.3685729889347117,3.092354676289354,-66647.59672670792,-0.2303237456568259,20.244745955978317,3014361585.1805315,-122.27003706719371,-0.7716175004606313,64.39242884527135,-11.320800505894303,4.745429405465517,7.2476447099939385,64.42595136939849,-67.1777631864444,-311413.4130795029,-411.4085513348334,0.0,3.6858462906327567,-11081.721612586272,-85758528542.84865,-3330.3984367489643,-0.6071148521607297,0.0,0.0,1779.9499999999152,-3.3036899999998486,0.0,0.0,0.0,0.0,0.0,0.0,0.0,0.0,0.0,0.0,0.0,1256.0899999998428,-0.09666209999999309,0.0,0.0,0.0,0.0,0.0,0.0,0.0,0.0,0.0,0.0019013324018666115,0.3774071703205162,5734.165458000964,-259.99568417780245,0.0,1.8314470551954818e-07,0.0,-9.177124892923568e-09,53.98738578566412,-0.02950622830123001,53.98738578566412,0.0,1.4420214098129094,4359.083777714778,-12.115268586545419,4484.76489720511,3.8158419288553063,0.0,-2.4752149322397804e-16,0.0,7.105339967456954e-14,-126.56754775342549,1.0989494045494075,-126.56754775342549,0.0,-55.8100209669861,998.9999999999732,-10.70982817518049,4.891327593741696,-16.8422563298862,gaze,0.49902184084882034,0.5187706847053233,-11.144750539727982,-2.0168305538840534,309.2049396627409,28.97157410982758,-0.5533025737062416,-34.53587906840638,-0.024759740694567316,0.016187689903191867,1.0002713020056209,4.179874892904992,-29.348852215440644,-2.6948600975002694,-33.531174667631916,-0.003199891295956662,-0.008316286774325103,1.0044512609921754,4.197754762036884,-0.39427729182828314,-1.6223037009840426,-33.984510373081754,-0.010513866296431706,0.006387285043224368,1.0020296246465585,4.189375246884534,4.229936538841482,True,2.1522842494975034,imu,-1.07667504,-9.507040603200002,2.978202791200001,2.07868845,1.97339423,-1.79912343,72.54641212607305,-3.2114201792150237,-1.331746618120886
234.761811,5.277862773905546,7.245161533658866,4449.17689806035,-5.527292425365754,20.422554610583575,3.1004697021481835,-73.97665048667159,-8084.5581688750535,0.37307287455991595,3.123879085572461,-68078.77947816315,-0.24127045962854776,20.422554610583575,3091175836.5352964,-123.77129543255992,-0.7792441926866354,64.4099579568267,-11.443180746907597,4.814829952834783,7.2051008506910925,64.44389698109796,-66.03568027223241,-318646.0306335965,-418.05649042709547,0.0,3.7324609223755925,-11332.055562839669,-87961961119.91667,-3392.3976456568435,-0.6135450927676702,0.0,0.0,1779.9499999999143,-3.303689999999847,0.0,0.0,0.0,0.0,0.0,0.0,0.0,0.0,0.0,0.0,0.0,1256.089999999842,-0.09666209999999315,0.0,0.0,0.0,0.0,0.0,0.0,0.0,0.0,0.0,0.0018690036214334856,0.37740981752656144,5734.19970769206,-260.1209350971109,0.0,1.8522935074050825e-07,0.0,-9.182864262341e-09,53.987619592716015,-0.0294562405721506,53.987619592716015,0.0,1.4420265258104248,4440.2761731348455,-12.281980394819163,4484.818489903557,3.8282456525069293,0.0,-2.5073715627205066e-16,0.0,7.196422734098337e-14,-128.30574667525298,1.1140501500733768,-128.30574667525298,0.0,-56.6690204994228,998.9999999999736,-10.929982260798603,4.9348723932242144,-16.84378088807665,gaze,0.49893648597505086,0.5186067063260447,-11.073159858759754,-2.1006666445729985,314.9869607771312,28.973176415878797,-0.5560999165958946,-34.53211941751974,-0.02475576558566571,0.016038254982329116,1.000476350613779,4.179991267079745,-29.34887993419057,-2.6958650643463242,-33.52642495292425,-0.0031382451676074527,-0.008135047808164791,1.0045783727558382,4.196365173809549,-0.39751666477782965,-1.6238237221994831,-33.98128934397809,-0.010500076313962426,0.006252306837236633,1.002198896116726,4.188923643372233,3.9762378143684725,True,2.1586089224079625,imu,-1.0724879704,-9.5333593264,2.9811935552,2.03382699,1.92853277,-1.58976995,72.59118795127101,-3.2264800376430784,-1.339272041311032
234.763513,5.292882097258458,7.236541505924592,4449.154346060655,-5.553944661555011,20.458485941957868,3.1067942777648496,-73.77763230238361,-8208.99507327564,0.3739834104906862,3.130249979680927,-68369.74541043927,-0.24348571665989738,20.458485941957868,3106822528.4920263,-124.07507779635658,-0.7807861699567169,64.41356345367245,-11.467932938526848,4.828877305678228,7.196402012912888,64.44758677888538,-65.80474478292797,-320117.69531226094,-419.4039873199324,0.0,3.741893679227792,-11382.986759690795,-88410834052.52219,-3404.983945927143,-0.6148462000611741,0.0,0.0,1779.9499999999125,-3.3036899999998415,0.0,0.0,0.0,0.0,0.0,0.0,0.0,0.0,0.0,0.0,0.0,1256.0899999998387,-0.09666209999999287,0.0,0.0,0.0,0.0,0.0,0.0,0.0,0.0,0.0,0.001862478725909316,0.37741035160136227,5734.206603370592,-260.14614433810414,0.0,1.856512307255297e-07,0.0,-9.184019372345454e-09,53.98766678666897,-0.02944612839666809,53.98766678666897,0.0,1.4420275582294764,4456.760126148498,-12.31571944688447,4484.829307407128,3.8308248338872986,0.0,-2.513880871010049e-16,0.0,7.214859240226998e-14,-128.65738439542727,1.1171062228703785,-128.65738439542727,0.0,-56.842882038943465,998.9999999999718,-10.974594850560045,4.943696850848227,-16.843923750891058,gaze,0.5165228758733845,0.524786310194596,-10.65369101569768,-2.47787072858879,318.8147716171229,28.79555526463379,-0.5809510940751637,-34.35071770986887,-0.031163463516986,0.015210244752845,0.9993985626346398,4.157341003417969,-29.58947044713487,-2.650706705846908,-33.61519211399462,-0.026947743080012,-0.0200942842150817,0.999434859750638,4.115453720092773,-0.3968074009504075,-1.6270100664396785,-33.9782236201766,-0.0303020049481118,-0.0047780866934545,0.9993847654767364,4.152167415618896,4.01778401950754,True,2.0,imu,-0.9449695940459736,-9.494189874380414,2.982811368889073,1.6469217598365389,1.6290107673508958,-1.0314000145235467,72.60023239965716,-3.22951413627695,-1.34079864022027
234.770268,5.352773485395701,7.2018764362854455,4449.065004025999,-5.6601461326504,20.60157879309383,3.131982798781565,-72.98507080679383,-8707.417495559901,0.3776135205435951,3.155623037478334,-69534.32911017872,-0.25231816546841657,20.60157879309383,3169548004.58317,-125.28621911520011,-0.786929539731078,64.42813182319242,-11.566578115781867,4.884895514526271,7.161422969418238,64.4624913160363,-64.8845875513631,-326012.12649555644,-424.7838348615311,0.0,3.779501507758077,-11586.961481682787,-90210452814.72804,-3455.2990706452915,-0.6200333384092467,0.0,0.0,1779.9499999999125,-3.3036899999998415,0.0,0.0,0.0,0.0,0.0,0.0,0.0,0.0,0.0,0.0,0.0,1256.0899999998383,-0.09666209999999281,0.0,0.0,0.0,0.0,0.0,0.0,0.0,0.0,0.0,0.0018365202611393024,0.37741247566441305,5734.233980637371,-260.24620315492507,0.0,1.873333712336137e-07,0.0,-9.188603985133615e-09,53.98785455772753,-0.029405822159450867,53.98785455772753,0.0,1.4420316651331522,4522.66087771301,-12.450247936268443,4484.872345841037,3.841336377437848,0.0,-2.5398404532175403e-16,0.0,7.288382262852333e-14,-130.05902054198162,1.129291743315937,-130.05902054198162,0.0,-57.53618228289408,998.9999999999723,-11.15267203191241,4.978922285444106,-16.843946821394503,gaze,0.49886472323162656,0.5184303866702817,-11.078569046285768,-2.230295597682275,321.23423915948115,28.974611235068053,-0.5588759365154478,-34.52828246028262,-0.024764110997190246,0.01590340269605786,1.0006780659771963,4.180125870764021,-29.34909609844594,-2.6967125613551044,-33.52178857467208,-0.003092206443901297,-0.007943294344000922,1.0047017943101408,4.195006091425906,-0.40075945209846775,-1.6252193262162309,-33.97813450467069,-0.010501983461034335,0.006129327949787419,1.0023645064004982,4.188499503898503,3.729973356889507,True,2.164782762765517,imu,-1.037795108,-9.552500216,2.990764,1.63755076,1.84628676,-1.33555501,72.63621581759924,-3.2415657426002564,-1.346892631713294
234.770816,5.357651963052726,7.199032363250483,4449.057767637878,-5.668791394374907,20.613221350673903,3.13403233797879,-72.92058571734833,-8748.172325184569,0.37790915946972,3.157687596737318,-69629.49431569065,-0.25303753351162106,20.613221350673903,3174680699.50527,-125.38485725365051,-0.7874295691632677,64.4293318759224,-11.574609301417656,4.889458687532361,7.158553341849329,64.46371875196786,-64.80968653626235,-326494.08594781667,-425.2225114551501,0.0,3.7825644194305847,-11603.638189802208,-90357722224.6396,-3459.4063357296973,-0.6204557762701579,0.0,0.0,1779.9499999999143,-3.3036899999998415,0.0,0.0,0.0,0.0,0.0,0.0,0.0,0.0,0.0,0.0,0.0,1256.0899999998387,-0.09666209999999298,0.0,0.0,0.0,0.0,0.0,0.0,0.0,0.0,0.0,0.0018344100095283623,0.3774126482889104,5734.2362022707275,-260.2543209178208,0.0,1.8747037975169451e-07,0.0,-9.188975922365714e-09,53.987869823387115,-0.029402540206505956,53.987869823387115,0.0,1.4420319989668062,4528.0407150221345,-12.461205309481965,4484.875844721986,3.84220844938843,0.0,-2.5419552081034976e-16,0.0,7.294371481066293e-14,-130.1731521146616,1.130284254504355,-130.1731521146616,0.0,-57.592655794762614,998.9999999999727,-11.167189948943111,4.981794173065186,-16.843910504769337,gaze,0.49886054115474104,0.5184185403793043,-11.079382447917292,-2.239072839945648,321.4843992073569,28.9746984365867,-0.5590549768478796,-34.528031203338315,-0.024765075631768812,0.015895164832741268,1.0006910210815438,4.1801352201117865,-29.349116583492513,-2.6967620711363933,-33.521492078099556,-0.0030897600858679026,-0.007930511312285497,1.0047096639610607,4.194919082254354,-0.40096961040284307,-1.6253054806376155,-33.9779323767782,-0.01050264702618521,0.0061217705215620526,1.0023751108183157,4.188472966733202,3.7144661949983866,True,2.1651775829168955,imu,-0.9454320322763327,-9.495534988397619,2.978726532716785,1.7144629657509596,1.6146540942064533,-1.0585752081866602,72.4741356,-3.54622200000001,-1.336673600000005
234.778726,5.428401316672949,7.157444484376661,4448.953508219378,-5.79407727310679,20.781845976295756,3.1637186248962443,-71.98662948968331,-9341.8373715505,0.3821957321333842,3.1875915180747842,-71014.73044306441,-0.26346862531721893,20.781845976295756,3249511214.749551,-126.81507760814327,-0.7946747893086104,64.44695997377738,-11.691013500778277,4.955638507489333,7.11659520256466,64.48174397971894,-63.72429536810739,-333514.4303918856,-431.59207407524934,0.0,3.8269763231302463,-11846.533133436677,-92504965199.49913,-3519.1199590362703,-0.6265807411937521,0.0,0.0,1779.9499999999098,-3.3036899999998397,0.0,0.0,0.0,0.0,0.0,0.0,0.0,0.0,0.0,0.0,0.0,1256.0899999998355,-0.09666209999999276,0.0,0.0,0.0,0.0,0.0,0.0,0.0,0.0,0.0,0.0018038763731275283,0.3774151452319303,5734.268280867254,-260.3715032906907,0.0,1.8945714377064568e-07,0.0,-9.194344749945051e-09,53.988090723728305,-0.029354964373135103,53.988090723728305,0.0,1.4420368287774714,4606.2608377352835,-12.620101355105742,4484.92647233527,3.855120556242632,0.0,-2.5726276261042693e-16,0.0,7.381235552120915e-14,-131.82767129963253,1.144676914078572,-131.82767129963253,0.0,-58.41166243798331,998.9999999999709,-11.377945373673057,5.023486805240445,-16.842745553351946,gaze,0.49880650853288755,0.5182419019587616,-11.077716994104957,-2.3580484142595877,322.7311205431888,28.975878956137528,-0.5616264981999926,-34.52436938108544,-0.024784729423518483,0.015783003360268805,1.0008764404981942,4.180278652974275,-29.349499775035,-2.6974037643145214,-33.51726598204709,-0.00306170566009164,-0.007741214686433337,1.0048215161201335,4.193677559745851,-0.4040023658411546,-1.6264912469601982,-33.97504621278805,-0.010519524373393482,0.0060182273368351545,1.0025264511278715,4.188102736178176,3.4992403202240436,True,2.1708051580998067,imu,-1.0156634544,-9.520199964800002,3.001530750400001,1.33847436,1.8014253,-1.253309,72.68141743581296,-3.2566751256525146,-1.3545914031881612
234.783493,5.47133950247671,7.131895183243106,4448.89085049895,-5.870032175137808,20.883986787035518,3.181702156327533,-71.42091673192408,-9704.52203752473,0.3847964834426735,3.205706960064459,-71860.0893355405,-0.26979798712629366,20.883986787035518,3295285133.758346,-127.68284990200651,-0.7990661973444387,64.45786179572852,-11.761599622464292,4.995806234485657,7.090821495388804,64.49288683086934,-63.06633146590468,-337803.1259198004,-435.4648086544423,0.0,3.853923421338805,-11994.89645425355,-93818595201.04347,-3555.4954961917792,-0.630296784089535,0.0,0.0,1779.9499999999107,-3.3036899999998397,0.0,0.0,0.0,0.0,0.0,0.0,0.0,0.0,0.0,0.0,0.0,1256.089999999835,-0.09666209999999287,0.0,0.0,0.0,0.0,0.0,0.0,0.0,0.0,0.0,0.0017854081716124695,0.37741665478939357,5734.287622992932,-260.4421311570735,0.0,1.9066276117987936e-07,0.0,-9.19758045715904e-09,53.98822435154335,-0.029326108508317406,53.98822435154335,0.0,1.4420397496460202,4653.914621916716,-12.716526001270047,4484.957095240283,3.8631961363178817,0.0,-2.591246118731224e-16,0.0,7.433959754676121e-14,-132.83121709069252,1.153410941271228,-132.83121709069252,0.0,-58.90873049427502,998.9999999999727,-11.506046176600165,5.04882982602313,-16.84146287538696,gaze,0.5164770906149279,0.5243124326214949,-10.62120775327093,-2.299118747073851,318.8042422187871,28.79697409188389,-0.5836534795575019,-34.34385388347746,-0.0302980745001482,0.0163104341693896,0.9994078228725196,4.138967990875244,-29.59264606510283,-2.633095393485497,-33.63894170293045,-0.0276241161492011,-0.0202239594288581,0.9994137780078856,4.116321563720703,-0.3992615794466207,-1.622537588382859,-33.9796087411991,-0.0299866370972839,-0.0035535633990036,0.9993896576629846,4.144183826446533,3.326315915359168,True,2.0,imu,-0.9462762082106936,-9.497857828643543,2.971641429871396,1.8363243392227209,1.5610265763957347,-1.0926057712137092,72.7069362649646,-3.265199043424408,-1.3589578583580946
234.787183,5.504732641303487,7.111865652411547,4448.842439508369,-5.92906035902195,20.963319641382157,3.1956708642827936,-70.98153378377265,-9987.823248056695,0.38681868794752045,3.2197781660403946,-72519.94434464004,-0.27471964094844603,20.963319641382157,3331070374.5878654,-128.3575976792484,-0.8024784396679046,64.4664452613587,-11.816463617294051,5.027046231313216,7.070617601680469,64.50165775031468,-62.55502595305359,-341153.01983230375,-438.4802817504433,0.0,3.8748767908771677,-12110.772514954328,-94845650292.87299,-3583.854935280752,-0.6331861290793719,0.0,0.0,1779.9499999999098,-3.303689999999838,0.0,0.0,0.0,0.0,0.0,0.0,0.0,0.0,0.0,0.0,0.0,1256.0899999998328,-0.0966620999999927,0.0,0.0,0.0,0.0,0.0,0.0,0.0,0.0,0.0,0.0017710775877039925,0.3774178257803005,5734.302600244504,-260.49680600010686,0.0,1.9160029121030745e-07,0.0,-9.200085209231978e-09,53.98832804998173,-0.029303676577103574,53.98832804998173,0.0,1.4420420159087497,4691.069370267496,-12.79151049779586,4484.980857491832,3.8695997303935243,0.0,-2.605727464987494e-16,0.0,7.474966639747618e-14,-133.6113730343535,1.160202930447948,-133.6113730343535,0.0,-59.29530628358322,998.9999999999714,-11.605770231245359,5.06855967370559,-16.840168981860646,gaze,0.4987618129021081,0.518041502163046,-11.023985539136994,-2.4483816188088476,320.8145293034049,28.976979582170053,-0.564346460549369,-34.52038285254981,-0.02481756034207963,0.015676963935593556,1.001071396767362,4.180449504275921,-29.35008980507452,-2.697939679558713,-33.51285919780946,-0.003046678016094798,-0.007529075349057147,1.0049374869398038,4.192380089320219,-0.4072409257616471,-1.6276398257317752,-33.972025899640414,-0.010552622831808129,0.005918918157741138,1.0026846692837414,4.187733380679345,3.29196334583458,True,2.17667337368383,imu,-1.022841288,-9.479525574400002,3.002727056,1.23379762,1.88367131,-0.99909406,72.72669878425991,-3.271800611238232,-1.3623487852607419
234.79564,5.581780630151734,7.0651241717988995,4448.7317871981595,-6.0651173670356044,21.14602715620169,3.2278444487314246,-69.96963714900858,-10645.606273565441,0.39148319049442004,3.2521879505044904,-74050.45786408146,-0.28607296368709667,21.14602715620169,3414258895.645721,-129.9140479094792,-0.8103417339191523,64.48659721733452,-11.942949279734947,5.099131051735023,7.02347433497137,64.52224223504842,-61.37659033513171,-348930.6418980005,-445.4499453838597,0.0,3.9232111570127874,-12379.773983850446,-97233478170.35988,-3649.5212732110685,-0.6398506504570841,0.0,0.0,1779.9499999999089,-3.3036899999998344,0.0,0.0,0.0,0.0,0.0,0.0,0.0,0.0,0.0,0.0,0.0,1256.089999999831,-0.09666209999999253,0.0,0.0,0.0,0.0,0.0,0.0,0.0,0.0,0.0,0.0017381179564995783,0.3774205178077725,5734.336942796457,-260.6221262214601,0.0,1.937631890549275e-07,0.0,-9.205826051689683e-09,53.98856657951589,-0.029251950111722602,53.98856657951589,0.0,1.4420472275243057,4777.109465943805,-12.964505403263892,4485.035508600671,3.8847803077497645,0.0,-2.639145973160237e-16,0.0,7.569592470977957e-14,-135.4104266156154,1.1758725126912926,-135.4104266156154,0.0,-60.187269382760775,998.9999999999704,-11.836194412449082,5.114150411006488,-16.836208628495633,gaze,0.4987305811411197,0.5178293773032118,-10.901278719724678,-2.4767918835332683,318.35196492196263,28.977913630321858,-0.5670316351048459,-34.51632425706191,-0.02486254480583968,0.015585142601084585,1.0012629282978738,4.180638365153427,-29.350865089929897,-2.698321634638399,-33.50856860957939,-0.0030470417101352825,-0.007307077702682657,1.0050496987510178,4.191113713866826,-0.41047178247745886,-1.6286659138231272,-33.969073879070706,-0.01060120217006377,0.005831268949506453,1.0028391580996237,4.18739132911545,3.1155519584242475,True,2.182386825060346,imu,-1.0096819264,-9.4962738528,2.981791708,1.17398234,1.64441019,-0.76730985,72.77198235344255,-3.286939935650228,-1.370148090631915
234.803585,5.654820734781134,7.020143804303778,4448.628215551293,-6.193921194959088,21.318802821338505,3.2582729125169387,-69.01278070021954,-11274.454723184928,0.39590338254207047,3.2828399553239755,-75511.64227933627,-0.2968325347631051,21.318802821338505,3493917113.9582343,-131.38903830502647,-0.8177836052428621,64.50614308143156,-12.062726227937478,5.167472213024079,6.978113742574152,64.54219815087589,-60.26110157576693,-356365.73845832475,-452.0724795645856,0.0,3.96901695732011,-12636.885626358917,-99520323620.84135,-3712.069349426153,-0.6461659017046264,0.0,0.0,1779.9499999999061,-3.3036899999998326,0.0,0.0,0.0,0.0,0.0,0.0,0.0,0.0,0.0,0.0,0.0,1256.0899999998292,-0.09666209999999248,0.0,0.0,0.0,0.0,0.0,0.0,0.0,0.0,0.0,0.0017070053377695148,0.3774230574777513,5734.369227285391,-260.7398754263402,0.0,1.9581324724334436e-07,0.0,-9.211219692596953e-09,53.988791777919744,-0.029202953216050126,53.988791777919744,0.0,1.4420521462743938,4859.074384833961,-13.128480594985618,4485.087094144281,3.8996851399688524,0.0,-2.670833509939384e-16,0.0,7.659310031909736e-14,-137.1146315529133,1.1907250405576266,-137.1146315529133,0.0,-61.0328577338326,998.99999999997,-12.05505552542786,5.157456644803336,-16.83121984585087,gaze,0.5159617135274754,0.523449356070058,-10.27244143868378,-1.976250200776298,318.8090248299991,28.80553583128334,-0.5869885130010782,-34.33653926735063,-0.0278063135841488,0.0176538932300282,0.9994574272967724,4.118795871734619,-29.5961776402872,-2.620571768273024,-33.65222756037632,-0.0281541338792922,-0.0197641834871931,0.999408185776258,4.112926959991455,-0.3985058903169488,-1.616751547476177,-33.98360121212704,-0.0293558179785782,-0.0026532157144692,0.9994037804664966,4.135873889923095,2.963883647330656,True,2.0,imu,-0.9477181121796979,-9.50150542344043,2.9604341697914904,2.0301178576131096,1.4066602344159742,-1.114947908132187,72.81445302115932,-3.301171653942339,-1.377497841184392
234.804097,5.6595495694274565,7.017209407315782,4448.621553809433,-6.202254525163937,21.329974667715327,3.260240575429142,-68.95091064350981,-11315.344646150246,0.39618950401877295,3.284822078627058,-75606.58708413078,-0.29752903313072565,21.329974667715327,3499101068.312329,-131.48451729653465,-0.8182650041335183,64.50742322561499,-12.070476674787978,5.171897024191727,6.975154750572717,64.54350484380572,-60.188935993813175,-356849.1815438199,-452.5017560739792,0.0,3.971982090213066,-12653.602059865043,-99669157371.58661,-3716.1288229324423,-0.6465746846781386,0.0,0.0,1779.9499999999061,-3.3036899999998326,0.0,0.0,0.0,0.0,0.0,0.0,0.0,0.0,0.0,0.0,0.0,1256.0899999998292,-0.09666209999999248,0.0,0.0,0.0,0.0,0.0,0.0,0.0,0.0,0.0,0.0017049953717319898,0.3774232214984925,5734.371308496375,-260.7474640801148,0.0,1.9594596338921312e-07,0.0,-9.211567287345043e-09,53.98880632757593,-0.02919978229411979,53.98880632757593,0.0,1.442052464014262,4864.39439710596,-13.13909616155071,4485.090426569699,3.900667126170184,0.0,-2.672885305213662e-16,0.0,7.665119091069716e-14,-137.22492506376625,1.1916865741167362,-137.22492506376625,0.0,-61.087604485172996,998.9999999999695,-12.069239355890112,5.1602633215780855,-16.83085604375337,gaze,0.49871276091752015,0.5176057452219183,-10.717885436091832,-2.428567367980561,316.9295662873007,28.978681513028768,-0.5696774880391834,-34.51219552638686,-0.024919617092063695,0.01550740735022755,1.0014510053116703,4.18084515586848,-29.351824421739238,-2.698550933647198,-33.50439512204667,-0.003062714149169295,-0.007075452395257857,1.0051581297074512,4.189878622179374,-0.4136912052863926,-1.6295702568840156,-33.96619081576627,-0.010665178770111396,0.005755157527379765,1.0029898960331987,4.187076515266458,2.9768351222219187,True,2.1879442118097745,imu,-0.9857558144000002,-9.4801237272,2.9704268048,1.03939796,1.65936401,-0.5878640099999999,72.81718594172976,-3.3020890033333656,-1.3779718838621287
234.812554,5.7380437603314505,6.968110671444972,4448.511741871673,-6.340478084806083,21.515168342897518,3.292860446166298,-67.92532527592039,-11997.197945483029,0.4009378938337728,3.317681762207469,-77188.65069650023,-0.30908828947565326,21.515168342897518,3585621423.181368,-133.06909519954118,-0.826248583582061,64.52893071009734,-12.199052012999612,5.2453482182403945,6.92564814426594,64.56545302656141,-58.99201021273586,-364910.5406440546,-459.63640872973565,0.0,4.021192269450318,-12932.321841644845,-102153403500.11493,-3783.687502573629,-0.6533586127061161,0.0,0.0,1779.949999999908,-3.3036899999998326,0.0,0.0,0.0,0.0,0.0,0.0,0.0,0.0,0.0,0.0,0.0,1256.0899999998273,-0.09666209999999253,0.0,0.0,0.0,0.0,0.0,0.0,0.0,0.0,0.0,0.0016717077159421022,0.37742593703747485,5734.405697317372,-260.87281970188053,0.0,1.981487408222135e-07,0.0,-9.217308926272782e-09,53.98904730947669,-0.029147170430856628,53.98904730947669,0.0,1.4420577257706437,4952.937530749456,-13.315292903107164,4485.145612308594,3.9172650422748063,0.0,-2.7069476248945766e-16,0.0,7.761552571199492e-14,-139.054961761985,1.2076460316898385,-139.054961761985,0.0,-61.99636454989308,998.99999999997,-12.304926614021163,5.2069027329054585,-16.824102745950125,gaze,0.49870829504014613,0.517370830056328,-10.500353135701184,-2.297621559361865,316.88126461053344,28.97928369825337,-0.5722794734368177,-34.50799868119322,-0.02498870637184302,0.015443620864958782,1.0016355983975074,4.181069793426687,-29.3529665194864,-2.698628948712811,-33.50033961519291,-0.0030936073830572213,-0.0068344361043582574,1.005262758515173,4.188674999188919,-0.41689548768191925,-1.6303536530577247,-33.96337735592763,-0.010744463165094536,0.005690457116041051,1.0031368621396415,4.186788866393246,2.881855370011917,True,2.1933442386882893,imu,-0.9893447312,-9.4526086984,2.957267443200001,0.92724431,1.49487199,-0.60281783,72.86222815559155,-3.3172436719334266,-1.385802890339831
234.821012,5.817276930222411,6.91781120623056,4448.402341013803,-6.479810859128978,21.701636489422494,3.325709164439216,-66.89272951198063,-12691.409948585555,0.40572919531884083,3.350772143467371,-78797.16175391221,-0.32075255874140796,21.701636489422494,3673855265.8996024,-134.66806123054178,-0.834293761528165,64.55112980041241,-12.328696919475838,5.319497525262252,6.8749376925605326,64.58809699196968,-57.785616892551275,-373117.61703445483,-466.85546056542034,0.0,4.070850281377333,-13216.032848521636,-104687241780.25089,-3852.2154578840255,-0.6602036299943037,0.0,0.0,1779.9499999999089,-3.3036899999998344,0.0,0.0,0.0,0.0,0.0,0.0,0.0,0.0,0.0,0.0,0.0,1256.0899999998264,-0.09666209999999242,0.0,0.0,0.0,0.0,0.0,0.0,0.0,0.0,0.0,0.0016382488961064687,0.3774286649338463,5734.440113302844,-260.9982080388987,0.0,2.0037191253195494e-07,0.0,-9.223051657590858e-09,53.98928956932025,-0.029094105517455796,53.98928956932025,0.0,1.442063013814134,5042.763024760096,-13.493126920368407,4485.2010733019415,3.9345810212934254,0.0,-2.741339190593007e-16,0.0,7.858910573494718e-14,-140.9008496265622,1.2237537191601333,-140.9008496265622,0.0,-62.91371170828814,998.9999999999704,-12.54330619571629,5.254078604804764,-16.815939172319652,gaze,0.498717123244952,0.5171248325521389,-10.287336794955005,-2.085281411324974,317.7782980510682,28.97972075189611,-0.5748333386638639,-34.503735320906934,-0.025069746950626366,0.015393635378212967,1.0018166997184546,4.181312221261978,-29.35429019557924,-2.698557103249342,-33.49640248557031,-0.0031396343946834757,-0.006584241465046312,1.005363576131328,4.187502889216809,-0.4200813447807836,-1.6310170247934566,-33.96063380684289,-0.010838972060632682,0.005637030662059974,1.0032800527823627,4.1865282739701914,2.8356888854159656,True,2.1985862260457107,imu,-0.9923354952000002,-9.431075197600002,2.9506877624,1.09921324,1.39019525,-0.68506384,72.9070338539026,-3.3324015442121144,-1.3936249227855697
234.823566,5.841346486983367,6.902386117538899,4448.369389790314,-6.522099941479709,21.758190074414976,3.3356726621255812,-66.57956549280607,-12903.474166594446,0.4071843550409863,3.360808974000677,-79288.08316462212,-0.3242951739794391,21.758190074414976,3700837190.2063956,-135.15369445229942,-0.836735078985547,64.55796968593086,-12.368053052090355,5.342023993818893,6.859387895682607,64.59507202795862,-57.419489833270404,-375624.59737334796,-469.05187606332197,0.0,4.08593244544204,-13302.68766976701,-105462167463.07909,-3873.0988287271994,-0.6622824788604599,0.0,0.0,1779.9499999999043,-3.3036899999998273,0.0,0.0,0.0,0.0,0.0,0.0,0.0,0.0,0.0,0.0,0.0,1256.0899999998237,-0.09666209999999226,0.0,0.0,0.0,0.0,0.0,0.0,0.0,0.0,0.0,0.001628112386131822,0.37742949105092505,5734.450510181254,-261.0360741685222,0.0,2.0104720455353877e-07,0.0,-9.224785830708805e-09,53.98936297069295,-0.02907799364758161,53.98936297069295,0.0,1.4420646157106791,5070.139043880928,-13.54714545508988,4485.217873415313,3.939951311573928,0.0,-2.751788420127429e-16,0.0,7.888489480309771e-14,-141.4613265280459,1.2286465469336934,-141.4613265280459,0.0,-63.19239128341218,998.9999999999691,-12.615814994812112,5.268428990122885,-16.813195709283683,gaze,0.5167566781986656,0.5217652535718167,-10.80172280866729,-1.335482654777292,318.7990301167922,28.7952953823284,-0.5935466181228083,-34.33133916178495,-0.0292173642599073,0.0183253634107777,0.9994050863796756,4.122612953186035,-29.60488533391017,-2.599322717260817,-33.66213266865802,-0.0296881367673777,-0.0168468969530034,0.9994172284878506,4.116778373718262,-0.3993704200253656,-1.6099676497004296,-33.9884091716407,-0.029158085308423,-0.0016538439434515,0.9994104262162308,4.129278326034546,2.922332825263213,True,2.0,imu,-0.9492721653236502,-9.50508761953562,2.9493276999986,2.206993077207107,1.1820327912804118,-1.1044470797349382,72.92050396352626,-3.336978294905961,-1.3959823772049824
234.829469,5.897234675107741,6.86631211209243,4448.293379652461,-6.620226200072526,21.8893412222776,3.358780173902551,-65.85333842888849,-13397.978877035901,0.41056254299372746,3.384086618999456,-80432.0638775716,-0.3325195241996517,21.8893412222776,3763806749.499779,-136.28112738703612,-0.8423989712993316,64.57402275219727,-12.45938699707633,5.3943315099941795,6.823024576236639,64.61143891675732,-56.56998818568832,-381470.40618048765,-474.1579071764352,0.0,4.120947083625845,-13504.734264197406,-107270802963.16165,-3921.7065404327413,-0.6671085021892302,0.0,0.0,1779.9499999999034,-3.3036899999998255,0.0,0.0,0.0,0.0,0.0,0.0,0.0,0.0,0.0,0.0,0.0,1256.089999999821,-0.0966620999999922,0.0,0.0,0.0,0.0,0.0,0.0,0.0,0.0,0.0,0.0016046246868398131,0.3774314047293372,5734.4745482875405,-261.1235995682449,0.0,2.0261508049511505e-07,0.0,-9.228794133530423e-09,53.989533065278124,-0.029040597386880057,53.989533065278124,0.0,1.4420683272902002,5133.86319742977,-13.672566374771243,4485.256797348598,3.9526158633780355,0.0,-2.7760540523226937e-16,0.0,7.957176200218432e-14,-142.76224629444374,1.2400067520564346,-142.76224629444374,0.0,-63.839482426533614,998.9999999999691,-12.784343516322494,5.301784156148642,-16.806358706176727,gaze,0.49873917640530363,0.516868047756879,-10.123572311047996,-1.7992157756330485,318.9201735370555,28.979993151129438,-0.5773339286826553,-34.499408645549266,-0.025162638484284246,0.015357314639389484,1.0019942377838835,4.181572292459581,-29.355793707773387,-2.6983369242352824,-33.49258549394317,-0.0032006854992579397,-0.006325176520116112,1.0054605385423527,4.186362746510364,-0.4232444308238082,-1.6315611197903772,-33.957961425858144,-0.010948581789843852,0.005594754731368581,1.0034194143687458,4.186294713665604,2.8422840291176907,True,2.2036676495745406,imu,-0.9773816752000002,-9.3766432928,2.9512859152,1.21136689,1.07616503,-0.8420789499999999,72.95151314963317,-3.3475547991187997,-1.4014191858165557
234.837926,5.97793066592419,6.813596667810398,4448.184847384027,-6.761746838212861,22.07831074087906,3.392078560636094,-64.80700120994379,-14117.149839648977,0.41543876936285196,3.417630313465258,-82093.87226812376,-0.344391000782311,22.07831074087906,3855511463.1365714,-137.90857232332945,-0.8505654973789603,64.59761969361631,-12.59114379383379,5.469863010420049,6.769892008783316,64.63548900782891,-55.34492870499798,-389971.8229073281,-481.5453035306599,0.0,4.171491231123085,-13798.526188615535,-109905120705.8348,-3992.1789189345113,-0.6740744208360756,0.0,0.0,1779.9499999999061,-3.303689999999831,0.0,0.0,0.0,0.0,0.0,0.0,0.0,0.0,0.0,0.0,0.0,1256.0899999998228,-0.09666209999999237,0.0,0.0,0.0,0.0,0.0,0.0,0.0,0.0,0.0,0.0015708289954643809,0.37743415693339455,5734.509006311913,-261.24900924083556,0.0,2.0487863455576927e-07,0.0,-9.234537043256369e-09,53.98977784144506,-0.028986637066404114,53.98977784144506,0.0,1.4420736672203267,5226.262246476265,-13.853642448261208,4485.312791904882,3.9713764865106214,0.0,-2.811098448301645e-16,0.0,8.05636705729285e-14,-144.6394635571242,1.2564079541231272,-144.6394635571242,0.0,-64.77383825121166,998.9999999999718,-13.028088497600265,5.350029330127281,-16.79535188723627,gaze,0.4987743827653128,0.5166006905131452,-10.053589058143364,-1.452101118923268,319.7648567233269,28.980101594816105,-0.5797770050050916,-34.49502042870659,-0.02526730343884631,0.01533449844345376,1.002168205930064,4.181849941722486,-29.357475697833404,-2.697969991526456,-33.48888897190156,-0.0032766609705786797,-0.00605746723080032,1.005553638292021,4.185254603685987,-0.4263816218360709,-1.631986981871243,-33.95536047380118,-0.01107319532665722,0.005563481600901792,1.0035549449374241,4.186088060440647,2.904250361163046,True,2.2085878592199784,imu,-0.9492684936,-9.3479319584,2.951884068,1.48053565,0.8817653699999997,-1.04395552,72.9955933728341,-3.36270094521148,-1.4091698307548708
234.843658,6.033046901661638,6.7771699763729085,4448.111531473647,-6.858298614336931,22.207113133958664,3.414777500855975,-64.09384869119367,-14611.839863697067,0.41876830341882143,3.440496571075427,-83235.68109591442,-0.35249691862905097,22.207113133958664,3918677034.9670806,-139.01984638078255,-0.8561356545298034,64.61401739474516,-12.681055862092027,5.521455571080812,6.733180827116746,64.65219623372815,-54.509216442766615,-395819.43440502253,-486.60100718063757,0.0,4.206004864258242,-14000.581573277908,-111719849930.29741,-4040.506928889993,-0.6788306998119433,0.0,0.0,1779.9499999999016,-3.3036899999998255,0.0,0.0,0.0,0.0,0.0,0.0,0.0,0.0,0.0,0.0,0.0,1256.0899999998182,-0.09666209999999209,0.0,0.0,0.0,0.0,0.0,0.0,0.0,0.0,0.0,0.0015478242974395345,0.3774360294779553,5734.532374416987,-261.3340200050543,0.0,2.064244866497856e-07,0.0,-9.238429734337345e-09,53.98994448207631,-0.02894980525119553,53.98994448207631,0.0,1.442077301771505,5289.634128166553,-13.97730827968174,4485.350898264383,3.9845072643515635,0.0,-2.835039383892689e-16,0.0,8.124126011970983e-14,-145.9208505705787,1.2676091084937673,-145.9208505705787,0.0,-65.41203620636067,998.9999999999691,-13.194845091124243,5.383038090779941,-16.787076295037757,gaze,0.5172682790604627,0.5209339141681579,-11.14290516168772,-1.018425646006128,318.7870487223911,28.78923310648581,-0.5966709480508768,-34.3296494423445,-0.0300308295848579,0.0188418657110944,0.999371369097079,4.12903881072998,-29.61162554819866,-2.586810726048256,-33.67149605607824,-0.0307714287553127,-0.015593654401194,0.9994048014267156,4.112228870391846,-0.4012211358018497,-1.603231796372193,-33.99320895668641,-0.0291701604077243,-0.0006181177211195,0.9994119121730034,4.1240466117858885,3.132112284751809,True,2.0,imu,-0.9509480452276603,-9.508639592879277,2.93821262273235,2.352932021004523,0.9044974834677545,-1.0690797536433834,73.0252043368168,-3.372960488116893,-1.414389842813257
234.846383,6.05936926407428,6.759653975532835,4448.076746773437,-6.904379118916292,22.268551292585094,3.4256055449382385,-63.753688666541166,-14849.088001806289,0.4203581440345001,3.451404457316965,-83782.9161602429,-0.35636743106956503,22.268551292585094,3948994910.0716934,-139.55048685141523,-0.8587936778592993,64.62192820944148,-12.723973616187337,5.546096152798678,6.715529075407897,64.66025487644623,-54.110384947144894,-398623.83752358996,-489.0183598832567,0.0,4.222485444221337,-14097.476061764024,-112590939218.9026,-4063.642785921838,-0.6811017733821703,0.0,0.0,1779.9499999999025,-3.3036899999998237,0.0,0.0,0.0,0.0,0.0,0.0,0.0,0.0,0.0,0.0,0.0,1256.0899999998182,-0.09666209999999215,0.0,0.0,0.0,0.0,0.0,0.0,0.0,0.0,0.0,0.0015368596654203037,0.3774369217345366,5734.54348734851,-261.374437184272,0.0,2.071627034306854e-07,0.0,-9.240280397036058e-09,53.99002391341753,-0.028932221820121395,53.99002391341753,0.0,1.442079034004224,5319.97392088374,-14.036365433716082,4485.369057887538,3.9908678227117917,0.0,-2.8464745790865836e-16,0.0,8.156489320109778e-14,-146.53259625608015,1.2729582570267164,-146.53259625608015,0.0,-65.71683298310168,998.9999999999686,-13.274563150339063,5.3988185470285615,-16.782910104502747,gaze,0.49882266528647506,0.5163230105650608,-10.115689173324537,-1.0605307193674678,320.0701222532296,28.980046777840997,-0.5821580380177273,-34.49057302400426,-0.02538365012172404,0.015325027844756405,1.0023385762579182,4.182145072784548,-29.359334586201292,-2.69745795486513,-33.48531369770846,-0.00336745100700752,-0.005781374792008603,1.0056428563531068,4.184178629771262,-0.42948952824423603,-1.632295623623451,-33.95283152063569,-0.011212699327390448,0.005543065808236974,1.003686625994773,4.185908214926145,3.022709371182979,True,2.213345581257018,imu,-0.9528574104000002,-9.4047564744,2.957267443200001,1.86933497,0.5677351499999999,-1.13367844,73.03919800557699,-3.3778356515688093,-1.4168602558210297
234.85484,6.14155484606953,6.704473084538289,4447.969080394565,-7.04812941114827,22.460069144931246,3.459362351757788,-62.69337156093752,-15593.959940088913,0.4253209376959396,3.4854102856935336,-85499.5274509594,-0.3684492582347274,22.460069144931246,4044282839.6821136,-141.2069621482727,-0.8670838520432314,64.64695592489392,-12.857882794661613,5.623035077618862,6.6599248083877,64.68574417442346,-52.86630321115388,-407428.43763459555,-496.5777903518275,0.0,4.2739324536659415,-14401.651915360868,-115329009952.17747,-4136.108403101548,-0.6881909489042988,0.0,0.0,1779.9499999999034,-3.303689999999822,0.0,0.0,0.0,0.0,0.0,0.0,0.0,0.0,0.0,0.0,0.0,1256.0899999998164,-0.09666209999999198,0.0,0.0,0.0,0.0,0.0,0.0,0.0,0.0,0.0,0.0015027145302748748,0.37743969932216936,5734.577991369846,-261.499883526609,0.0,2.0946741636611938e-07,0.0,-9.246024205185476e-09,53.990271296863966,-0.028877348901458683,53.990271296863966,0.0,1.4420844280435619,5415.012065971359,-14.220745664814839,4485.425596215107,4.011094822940478,0.0,-2.8821846544830286e-16,0.0,8.257549190248314e-14,-148.44173959908505,1.289658596126542,-148.44173959908505,0.0,-66.66852063440803,998.9999999999682,-13.523789600643212,5.448156250490431,-16.76902471450666,gaze,0.49888394186567203,0.5160352641653487,-10.335793417510855,-0.6438120877382595,319.8354193308855,28.97982945302006,-0.5844725183462538,-34.48606886263773,-0.025511581514971897,0.015328738395725197,1.0025053212576145,4.182457586000027,-29.361368717206812,-2.6968025347626576,-33.48186042347718,-0.003472940238576654,-0.005497166627326439,1.0057281742793116,4.1831349897049215,-0.4325648947412099,-1.632488112359755,-33.950375116695,-0.011366974359109307,0.005533357138245883,1.0038144396752382,4.185755070957387,3.1971085314129515,True,2.217939547543983,imu,-0.98695212,-9.4412437952,2.9470988456,2.19831901,0.4331507699999997,-1.17106299,73.08225215956104,-3.392954539787751,-1.4244740348136353
234.863298,6.224501655055253,6.648036244231072,4447.861838176736,-7.193021304995991,22.652893459659122,3.4933542433159883,-61.62589398009595,-16352.024056211114,0.4303280167025475,3.519653100820883,-87244.24865379927,-0.3806383734524519,22.652893459659122,4141412841.6979275,-142.87828822944127,-0.8754373517899029,64.6727135943731,-12.99289371086174,5.700693163370919,6.603061389443555,64.71196773819327,-51.612480787832396,-416388.69681975414,-504.2252222697218,0.0,4.325841164887006,-14711.159284613219,-118120424826.42142,-4209.594850225146,-0.6953431874238587,0.0,0.0,1779.9499999999016,-3.303689999999822,0.0,0.0,0.0,0.0,0.0,0.0,0.0,0.0,0.0,0.0,0.0,1256.0899999998137,-0.09666209999999192,0.0,0.0,0.0,0.0,0.0,0.0,0.0,0.0,0.0,0.0014683873445284837,0.37744249021733256,5734.612522432253,-261.6253632330747,0.0,2.1179317935002748e-07,0.0,-9.251769157329926e-09,53.99052003701175,-0.028822008982917036,53.99052003701175,0.0,1.4420898503846962,5511.402099844219,-14.4068156144016,4485.48241454179,4.032064980441547,0.0,-2.9182351758244995e-16,0.0,8.359565013034401e-14,-150.367217768601,1.3065119120335325,-150.367217768601,0.0,-67.62906951534798,998.9999999999686,-13.775820052988053,5.498052839765332,-16.753685141423485,gaze,0.4989581348254233,0.5157376783651461,-10.721368302506377,-0.22273557598606736,319.2259463144274,28.97945037723623,-0.5867162242214209,-34.481509908988585,-0.025651012391206852,0.01534546284853323,1.0026684328809394,4.18278741833278,-29.36357662970789,-2.696005420504133,-33.47852948834607,-0.003593022739213472,-0.005205081442562869,1.0058095836037637,4.182123726656095,-0.43560497950865146,-1.632565572967858,-33.94799151497793,-0.011535915686429546,0.00553420130809287,1.0039383831711126,4.1856285021217605,3.4250737478097304,True,2.2223690094989097,imu,-0.9857558144000002,-9.402363863200002,2.9375284008,2.37776485,0.47801223,-1.05890934,73.12468771793152,-3.40805496781665,-1.4319958032401354
234.863639,6.227861633683198,6.645734527068457,4447.857523706885,-7.198886568257411,22.660694545145585,3.494729553811629,-61.582708674944115,-16382.864057401195,0.43053080675633715,3.5210385671853754,-87315.18041138648,-0.3811320267648477,22.660694545145585,4145367588.3176637,-142.94597950733254,-0.8757754510690954,64.67376741934606,-12.99835979196032,5.703839044681558,6.60074240760928,64.71304043622635,-51.5617286335297,-416753.2178357235,-504.5353798501394,0.0,4.3279435557483685,-14723.749695690556,-118234088776.53146,-4212.578970698094,-0.6956328538149915,0.0,0.0,1779.9499999998998,-3.3036899999998184,0.0,0.0,0.0,0.0,0.0,0.0,0.0,0.0,0.0,0.0,0.0,1256.0899999998119,-0.09666209999999192,0.0,0.0,0.0,0.0,0.0,0.0,0.0,0.0,0.0,0.0014669996156757778,0.3774426030123883,5734.613915097405,-261.6304225712763,0.0,2.118873844218878e-07,0.0,-9.252000785656694e-09,53.99053009349842,-0.028819768153700437,53.99053009349842,0.0,1.4420900695824228,5515.3165599442955,-14.414352499124856,4485.484711023484,4.032926038079012,0.0,-2.9196957028079013e-16,0.0,8.3636978577922e-14,-150.44518621547013,1.3071945651203485,-150.44518621547013,0.0,-67.66798008692334,998.9999999999677,-13.78603963655383,5.500076176365393,-16.75303611060714,gaze,0.5175310073147452,0.5194715096725685,-11.31497959943401,-0.4644370783301657,318.7744171817758,28.78678223551085,-0.5918318820244957,-34.33078680008574,-0.0301491401296554,0.0204944702349777,0.9993352820946682,4.131345748901367,-29.61704107728384,-2.573403563167692,-33.6812291039009,-0.0316057499888857,-0.0141592342740992,0.9994001163960364,4.10643482208252,-0.4048555017290408,-1.596589560899205,-33.99781956469872,-0.0295345287598787,0.0005038098211919,0.999402109783546,4.120545196533203,3.7097785399401,True,2.0,imu,-0.9527193109430601,-9.51211746924061,2.9272258246421057,2.455073033484739,0.5992547013499806,-1.0181286870609332,73.12638448425697,-3.4086632813456914,-1.4322968789190125
234.871755,6.308194484452851,6.590345741911131,4447.7550480706595,-7.3390269558801045,22.84698494965059,3.527574416203224,-60.55147900376869,-17123.270529709756,0.4353784699461174,3.5541260502194385,-89017.0044947037,-0.3929323388534862,22.84698494965059,4240388196.2660136,-144.56416180705645,-0.8838525435737958,64.69920283431031,-13.128980819223404,5.779056216252126,6.544941189621673,64.73892710082347,-50.34916005653929,-425504.51893874543,-511.95956925071266,0.0,4.37820205527946,-15025.994212347538,-120965289885.79196,-4284.0951522748755,-0.7025571900890049,0.0,0.0,1779.9499999998989,-3.3036899999998166,0.0,0.0,0.0,0.0,0.0,0.0,0.0,0.0,0.0,0.0,0.0,1256.089999999811,-0.09666209999999165,0.0,0.0,0.0,0.0,0.0,0.0,0.0,0.0,0.0,0.0014338840387627047,0.37744529395129,5734.647072342632,-261.7508467613891,0.0,2.1413957274775192e-07,0.0,-9.2575139054178e-09,53.99077009085602,-0.028766212382073122,53.99077009085602,0.0,1.4420953001510606,5609.135270256157,-14.594541700446294,4485.5395003543435,4.053778325992113,0.0,-2.954619847091886e-16,0.0,8.46251892027899e-14,-152.3086714130717,1.3235151624289931,-152.3086714130717,0.0,-68.59830693371919,998.9999999999677,-14.03061727143512,5.548501007140171,-16.73688630303438,gaze,0.49904513425660885,0.5154305929576629,-11.255093735813782,0.18140778449996486,318.49713863036857,28.97891051033642,-0.588884175154559,-34.47689982087261,-0.02580180196913761,0.01537502166520388,1.0028278458376052,4.18313438530006,-29.3659559917634,-2.695068664455617,-33.47532237897279,-0.0037275434677264754,-0.0049054683332553015,1.0058870478072093,4.181145236391107,-0.4386061424867056,-1.6325291653531409,-33.94568178955225,-0.011719351592003779,0.005545438284310391,1.004058410581731,4.18552841841416,3.702121021226296,True,2.226631662865911,imu,-0.9887465784,-9.3927934184,2.9423136232,2.70674889,0.4929660499999997,-1.0290017,73.166423503239,-3.423128890750085,-1.4394077147162738
234.872379,6.314399823445379,6.586038817802711,4447.747186037552,-7.34984496049934,22.86135726805375,3.530108588535186,-60.47192265238937,-17180.707377307117,0.43575286688900106,3.556678948530196,-89148.93531786374,-0.39384367208498894,22.86135726805375,4247765373.3143706,-144.68914065165347,-0.8844759510230437,64.70118665539275,-13.139065448560665,5.784866640009456,6.540602434256725,64.74094578033782,-50.2555622907405,-426183.39007092133,-512.533746847383,0.0,4.38208373569121,-15049.438711634226,-121177349830.20987,-4289.632950889326,-0.7030919663883128,0.0,0.0,1779.949999999898,-3.3036899999998166,0.0,0.0,0.0,0.0,0.0,0.0,0.0,0.0,0.0,0.0,0.0,1256.08999999981,-0.09666209999999181,0.0,0.0,0.0,0.0,0.0,0.0,0.0,0.0,0.0,0.0014313310139379767,0.3774455013517841,5734.649622516383,-261.7601063099156,0.0,2.1431353314553262e-07,0.0,-9.257937800937691e-09,53.99078859472445,-0.02876207700275872,53.99078859472445,0.0,1.4420957033851565,5616.400557842082,-14.60845983626091,4485.543723319866,4.055410120465481,0.0,-2.957317957661763e-16,0.0,8.470153186710439e-14,-152.45256610688503,1.324775791847661,-152.45256610688503,0.0,-68.67017231259668,998.9999999999673,-14.049528884901171,5.552245533118601,-16.73558868438032,gaze,0.49905205851512113,0.5154075644738813,-11.299249719343765,0.20999135101049585,318.44621711602497,28.978864330238057,-0.5890410261177074,-34.476557690617824,-0.025813375513016296,0.015377706214203323,1.0028394616554586,4.1831606635664365,-29.36613830371824,-2.694994063178479,-33.4750906503062,-0.003738037989744595,-0.004883069606119256,1.005892607151486,4.181074336126755,-0.43882597992677724,-1.632522002239412,-33.9455142951882,-0.011733457631241187,0.0055466746130734025,1.0040671118224458,4.185522078848102,3.724342326509664,True,2.226939561654177,imu,-0.9535247908716379,-9.513620481348845,2.9224446179015473,2.484673170275129,0.46218671912779785,-0.9931732670307591,72.59620760000001,-3.167798800000021,-0.8972144000000015
234.880212,6.392647518634786,6.531383869028673,4447.648699971744,-7.486169867964485,23.042372665008514,3.5620281145939354,-59.46997145446585,-17907.959055056795,0.4404731607680315,3.5888344179193483,-90818.33954637377,-0.4053330342512238,23.042372665008514,4341246773.2905,-146.26487189216158,-0.8923307542949223,64.72643439406335,-13.266166420988732,5.85813755912787,6.485546432941613,64.76663309340782,-49.07613904841003,-434778.99414449866,-519.7824560642912,0.0,4.4310239971274346,-15346.262799967677,-123864705391.9574,-4359.628408219219,-0.709834192817391,0.0,0.0,1779.949999999898,-3.3036899999998166,0.0,0.0,0.0,0.0,0.0,0.0,0.0,0.0,0.0,0.0,0.0,1256.0899999998092,-0.09666209999999176,0.0,0.0,0.0,0.0,0.0,0.0,0.0,0.0,0.0,0.0013991983687108994,0.3774481110453267,5734.681645154378,-261.87634907548545,0.0,2.1650700114722518e-07,0.0,-9.263259139116316e-09,53.99102150361023,-0.028709949804601412,53.99102150361023,0.0,1.4421007783896442,5708.237030345096,-14.78395627997983,4485.596861278169,4.076242303020635,0.0,-2.9913451483275726e-16,0.0,8.5664291979763e-14,-154.266423540826,1.3406712774368277,-154.266423540826,0.0,-69.5764005870565,998.9999999999673,-14.288233363223483,5.599511133218606,-16.718617730510104,gaze,0.49914485062523695,0.5151142493695613,-11.889011190955957,0.54831104834642,317.9183314046097,28.978210746546367,-0.5909722308497494,-34.47224071275046,-0.02596385279937232,0.01541723487479247,1.0029835533138256,4.183498414945633,-29.36850516662811,-2.6939941168176826,-33.47223936619805,-0.0038763834330470485,-0.004598579573225986,1.0059605600775405,4.18019954982303,-0.44156601890920516,-1.6323801396256856,-33.94344614433801,-0.01191716319667202,0.0055669028775605645,1.0041745208464967,4.185454676416607,4.021750378707698,True,2.2307267902247405,imu,-1.007887468,-9.4280844336,2.9441080816,3.10302512,0.4555814999999996,-0.9766633299999998,73.20739555763019,-3.4381735735413934,-1.446694782614872
234.88373,6.428003806669066,6.506479426064086,4447.604591367766,-7.547715844451101,23.124034630988607,3.576429468612005,-59.01798278214301,-18238.378799147904,0.4426055785404784,3.603342270906647,-91576.169280394,-0.41052309863854397,23.124034630988607,4383763579.39785,-146.9767363119074,-0.8958762193389547,64.73798283299018,-13.323558861852103,5.891246893360432,6.460460973547834,64.77838016591605,-48.54370936441296,-438684.2662581017,-523.0629226919042,0.0,4.453133669587214,-15481.107272502766,-125087074741.87436,-4391.355961319151,-0.7128799778770835,0.0,0.0,1779.9499999998961,-3.3036899999998095,0.0,0.0,0.0,0.0,0.0,0.0,0.0,0.0,0.0,0.0,0.0,1256.0899999998064,-0.09666209999999148,0.0,0.0,0.0,0.0,0.0,0.0,0.0,0.0,0.0,0.0013847153572012147,0.377449286899634,5734.696033724344,-261.9285619395595,0.0,2.1749804629142956e-07,0.0,-9.265649225759439e-09,53.99112649198881,-0.028686407418740137,53.99112649198881,0.0,1.442103065746923,5749.868494135906,-14.863250013119073,4485.6208039069315,4.085809284514447,0.0,-3.0067232408240645e-16,0.0,8.609937658600581e-14,-155.0856455784442,1.34785324036946,-155.0856455784442,0.0,-69.98589590010482,998.9999999999654,-14.396233802583737,5.620897251300498,-16.710583306361713,gaze,0.5177681233303931,0.5180272820890194,-11.47007365707316,0.0825754806824914,318.7664960292256,28.78479772506157,-0.594186912534867,-34.32423596132874,-0.0297323513119976,0.0226780253734574,0.9993006026469818,4.120779991149902,-29.62494087071601,-2.57115258640467,-33.68137913971414,-0.0328732490718777,-0.0132433052145624,0.9993717848540914,4.093309879302979,-0.4093026189725908,-1.5914486234888583,-34.00010151616222,-0.0300028697333313,0.0018386343630283,0.999387188445613,4.116425228118897,4.434335623014315,True,2.0,imu,-0.9545971654126723,-9.51555502086809,2.916260134348656,2.5091998090910606,0.2847955222510313,-0.9599427450823073,73.22419854935637,-3.444422268467687,-1.4496856089574934
234.888681,6.47798665916535,6.471053062334407,4447.542646535721,-7.634667730968715,23.239342975046444,3.596765970474412,-58.379792121460014,-18707.404413484037,0.44561968818430253,3.623829211661799,-92651.21420398798,-0.41785872949113134,23.239342975046444,4444162510.906685,-147.98295617368106,-0.9008844933067721,64.75445630259924,-13.40465395789944,5.938055142006352,6.424778917843806,64.79513445436424,-47.79153612632979,-444227.68313785543,-527.7059030508633,0.0,4.484385703252105,-15672.50166874774,-126823684403.74504,-4436.31456320334,-0.7171850520729857,0.0,0.0,1779.9499999998961,-3.3036899999998113,0.0,0.0,0.0,0.0,0.0,0.0,0.0,0.0,0.0,0.0,0.0,1256.0899999998064,-0.09666209999999159,0.0,0.0,0.0,0.0,0.0,0.0,0.0,0.0,0.0,0.0013642785169950752,0.3774509457186739,5734.716289944958,-262.00204842618064,0.0,2.1889900030310328e-07,0.0,-9.269013022156373e-09,53.991274650905694,-0.028653137628150693,53.991274650905694,0.0,1.442106293344965,5808.865185270004,-14.97534224198716,4485.654580219005,4.099495425198356,0.0,-3.0284661688196086e-16,0.0,8.671451648680441e-14,-156.24338372827202,1.358005878793246,-156.24338372827202,0.0,-70.56481219782226,998.9999999999663,-14.549062522590766,5.651161344561174,-16.69884157529816,gaze,0.49925734945951966,0.514788462467321,-12.539135841733417,0.8600287688417574,317.6972425385604,28.97735074440597,-0.5929788089070193,-34.467528595148984,-0.026137299733193144,0.015472001996857589,1.0031357423838192,4.183879946432271,-29.37122616184728,-2.6927819737750713,-33.46927698595354,-0.00403964589434339,-0.004284257713482703,1.0060302002020591,4.1792855434441005,-0.4444861839632383,-1.6321193385799242,-33.941282035567085,-0.012129517146300506,0.005598477329828579,1.0042868550463468,4.185407093334302,4.376086345501232,True,2.2346585973617707,imu,-1.0312154272,-9.48072188,2.9345376368,3.30490169,0.3209971199999999,-0.8719865899999999,73.2475934924486,-3.4532057198557826,-1.4538513458653188
234.897149,6.564086871135827,6.409432168748454,4447.437054051876,-7.784301343464051,23.437602463715166,3.631736372151181,-57.282570945298176,-19520.58037756756,0.4508105162492437,3.659058439477549,-94513.21807126052,-0.4304908545144128,23.437602463715166,4549008256.647342,-149.7158998739627,-0.9095011008931337,64.78323486768457,-13.544239482593028,6.018691928503121,6.36271813797865,64.82439679117476,-46.49724922931466,-453838.4785777986,-535.7186581765918,0.0,4.538208961610122,-16004.29207044217,-129838583905.53151,-4514.048589970818,-0.7245990067088186,0.0,0.0,1779.9499999998925,-3.303689999999806,0.0,0.0,0.0,0.0,0.0,0.0,0.0,0.0,0.0,0.0,0.0,1256.0899999998019,-0.09666209999999137,0.0,0.0,0.0,0.0,0.0,0.0,0.0,0.0,0.0,0.0013291755011946363,0.377453793841128,5734.750953550658,-262.1277520314276,0.0,2.2131207218740073e-07,0.0,-9.274766733836348e-09,53.99152916292897,-0.028595859334347468,53.99152916292897,0.0,1.4421118370208834,5910.882353540226,-15.168419701444684,4485.712570047475,4.123508538637125,0.0,-3.065928861400227e-16,0.0,8.77743329777104e-14,-158.2366467349637,1.3754936154229678,-158.2366467349637,0.0,-71.56209721823883,998.999999999965,-14.812732711318915,5.703378041440988,-16.677576468527015,gaze,0.4993823742699217,0.5144540052894379,-13.079817678494733,1.1010881482858172,317.9145715368351,28.9763325672134,-0.594896338133617,-34.46277340586829,-0.026321773534290233,0.015539070087499114,1.0032841465621756,4.184278309868041,-29.374113075936435,-2.691435920907711,-33.46644064833168,-0.004216963569434149,-0.0039632718451553806,1.0060958380231118,4.178404828936768,-0.44735972250083916,-1.6317482976612285,-33.93919338107898,-0.012355964120939356,0.005639957721574898,1.0043952183828186,4.185385651903207,4.754687988233504,True,2.2384194759131444,imu,-1.043776636,-9.48072188,2.943509928800001,3.33480933,0.35838167,-0.7299252999999999,73.28688947944961,-3.468197554760799,-1.4608505854033955
234.903711,6.631340563335048,6.360781826126919,4447.355538653359,-7.901052255965578,23.592143776671715,3.6589990773128243,-56.42736541700833,-20160.34333578311,0.4548640378556536,3.686523039515501,-95976.51936188221,-0.4403541976996044,23.592143776671715,4631607995.345684,-151.06920544184067,-0.9162224079589119,64.80606350379665,-13.65317715470767,6.08168253218304,6.313724687987756,64.84760333693376,-45.4874851730051,-461399.6289652211,-541.9904094699822,0.0,4.580241048091295,-16265.292025017257,-132214084549.10643,-4575.019667039951,-0.7303884488433812,0.0,0.0,1779.9499999998925,-3.303689999999804,0.0,0.0,0.0,0.0,0.0,0.0,0.0,0.0,0.0,0.0,0.0,1256.0899999998,-0.09666209999999126,0.0,0.0,0.0,0.0,0.0,0.0,0.0,0.0,0.0,0.0013018433529444484,0.377456010503632,5734.777830713185,-262.22517515006507,0.0,2.2319677322184638e-07,0.0,-9.279225740901802e-09,53.99172735802085,-0.028551146450393167,53.99172735802085,0.0,1.4421161533734468,5990.909786702638,-15.319224253510868,4485.757698931222,4.142644459339785,0.0,-3.095198768527166e-16,0.0,8.860232511757827e-14,-159.79269442349238,1.3891524906918389,-159.79269442349238,0.0,-72.3411281744773,998.9999999999654,-15.019044743005871,5.744238339356585,-16.66006661674843,gaze,0.5181438066159507,0.5164552245835019,-11.71809333014984,0.678765940478991,318.7608026434585,28.77724899154817,-0.6011522395815774,-34.31565397329464,-0.0303046139562923,0.0245327732978831,0.9992395975977308,4.119748592376709,-29.6308844987533,-2.569888206008837,-33.67725524268931,-0.033667960997097,-0.0117040884151186,0.9993645394532812,4.085739135742188,-0.4156019887927179,-1.5877966399204897,-34.00051575498792,-0.0308040824823261,0.0033325318770212,0.9993610408434112,4.113801717758179,4.70884127563248,True,2.0,imu,-0.9565523266469926,-9.518909905230556,2.9054500496981777,2.516410391498149,-0.016747953763006324,-0.903137270106076,73.31668417325282,-3.479785509058123,-1.4661570277304865
234.905618,6.650972976262201,6.346495317048179,4447.3319002195585,-7.935112585021965,23.637204372499177,3.6669488373203136,-56.17801912658388,-20347.854905683547,0.4560471493107526,3.6945316906461056,-96405.14047298998,-0.4432328413858113,23.637204372499177,4655836138.235662,-151.46420605657764,-0.9181829602091771,64.81278478903772,-13.684962465823228,6.100071207627472,6.29933810079276,64.8544349451486,-45.1929175451761,-463615.75209656596,-543.8233545093398,0.0,4.592509289512429,-16341.784303937868,-132910914916.09,-4592.85957420804,-0.7320782083661099,0.0,0.0,1779.9499999998934,-3.3036899999998024,0.0,0.0,0.0,0.0,0.0,0.0,0.0,0.0,0.0,0.0,0.0,1256.0899999998,-0.09666209999999126,0.0,0.0,0.0,0.0,0.0,0.0,0.0,0.0,0.0,0.001293878794781829,0.37745665628097713,5734.785644130025,-262.2534897116277,0.0,2.2374691972447455e-07,0.0,-9.280521643740118e-09,53.991785115960056,-0.02853809857229611,53.991785115960056,0.0,1.4421174111419361,6014.3271205865585,-15.363244884268015,4485.770845392875,4.148292401295258,0.0,-3.103744349270108e-16,0.0,8.884405562697661e-14,-160.24678116259466,1.3931395792954777,-160.24678116259466,0.0,-72.56854671009609,998.999999999965,-15.079329123318914,5.756178160702856,-16.6548085113099,gaze,0.499519840746087,0.5141110962945923,-13.365929120536496,1.2634522713051066,318.5093036046451,28.975157089750198,-0.5967210016828807,-34.45797688282985,-0.02651718732842471,0.015618255890218743,1.0034287757157654,4.1846934783882235,-29.377164456945227,-2.689957806056789,-33.46373027498959,-0.0044082280346,-0.0036358530753489993,1.0061574741418804,4.177557338317736,-0.45018515198267806,-1.6312683402516224,-33.93718011705058,-0.012596399957525782,0.0056911736794605615,1.0044996224240648,4.185390198327758,5.146488798134561,True,2.2420090760841958,imu,-1.06172122,-9.493283088800002,2.969828652,3.21517877,0.56025824,-0.6551562,73.32523088870022,-3.4831479333781976,-1.467678780221133
234.914086,6.738628956855978,6.282246000531098,4447.227212518563,-8.087072402366786,23.838107999741744,3.702396313183034,-55.066367812843055,-21189.20996485278,0.4613286301263949,3.730241861271051,-98326.88686887934,-0.45608213010195753,23.838107999741744,4764648544.05238,-153.22755597799605,-0.9269283702208246,64.84310703105831,-13.82679620159196,6.182178018963742,6.2346423867488525,64.88524979281897,-43.87879378306161,-473559.31405110424,-552.0188225100712,0.0,4.647276678943329,-16684.97120579874,-136040758236.79034,-4672.739699961195,-0.7396212929792492,0.0,0.0,1779.9499999998925,-3.303689999999804,0.0,0.0,0.0,0.0,0.0,0.0,0.0,0.0,0.0,0.0,0.0,1256.0899999997982,-0.0966620999999912,0.0,0.0,0.0,0.0,0.0,0.0,0.0,0.0,0.0,0.0012583944876323958,0.3774595325587353,5734.820353462124,-262.3792319048987,0.0,2.2620310142766357e-07,0.0,-9.286276403515978e-09,53.9920424657935,-0.028479866149370786,53.9920424657935,0.0,1.4421230148089208,6119.189644987338,-15.559782445582307,4485.8293934278845,4.1738462652801545,0.0,-3.141905986307643e-16,0.0,8.992349593437615e-14,-162.27341049108287,1.4109405684905203,-162.27341049108287,0.0,-73.58397872129044,998.999999999965,-15.348811834219589,5.809553860619705,-16.630534172334524,gaze,0.4996695972216893,0.5137601207126613,-13.269128684314495,1.3505984630163823,319.31460648013075,28.973825766321525,-0.5984481654547096,-34.453143081354284,-0.02672335888165911,0.01570933583981595,1.0035695709327919,4.185125229444379,-29.38037737013204,-2.6883502187027473,-33.461147069136125,-0.0046132379465111265,-0.00330239213846225,1.0062150797278508,4.176743407301876,-0.45295982651574146,-1.6306810486510037,-33.9352431269933,-0.012850603794087345,0.005751927960081456,1.0046000291657489,4.1854205756049465,5.539406898265674,True,2.2454253185021598,imu,-1.0371969552,-9.499862769600002,2.9650434296,3.1628404,0.70231953,-0.4981410899999998,73.36254955956778,-3.498048591435894,-1.474319143402592
234.922555,6.827080032814977,6.2166576191273,4447.122968880034,-8.240223272582796,24.0403672524872,3.7380884396042546,-53.94732469878318,-22045.023095790297,0.4666564866558965,3.7661986637885,-100279.26620906673,-0.4690422051930043,24.0403672524872,4875499051.463687,-155.0064606278595,-0.9357397469707069,64.87421674078885,-13.96978074075297,6.265036027659972,6.168604272785821,64.91685662511645,-42.554512042802116,-483673.6505901854,-560.30774632432,0.0,4.702526891390912,-17034.006995257394,-139229667121.326,-4753.71870237096,-0.74723044601589,0.0,0.0,1779.9499999998907,-3.3036899999998024,0.0,0.0,0.0,0.0,0.0,0.0,0.0,0.0,0.0,0.0,0.0,1256.0899999997955,-0.09666209999999115,0.0,0.0,0.0,0.0,0.0,0.0,0.0,0.0,0.0,0.0012227119427194039,0.3774624235511763,5734.855089716031,-262.5050084416714,0.0,2.2868133148333962e-07,0.0,-9.292032383094534e-09,53.992301289526495,-0.028421145467573655,53.992301289526495,0.0,1.4421286497645687,6225.509383001607,-15.758089511742574,4485.888228917211,4.200181291068112,0.0,-3.1804250796709655e-16,0.0,9.101297324389524e-14,-164.31711194965945,1.4289017564947835,-164.31711194965945,0.0,-74.60868903081061,998.9999999999645,-15.621267647070937,5.863522399633215,-16.604738775791606,gaze,0.4998315544210813,0.5134013068362816,-12.717674354093118,1.38265915377988,320.09893689296257,28.9723395215075,-0.6000741059056788,-34.448273842590744,-0.026940195073302118,0.01581212071176575,1.00370654113348,4.185573536887998,-29.383750278548426,-2.6866150954916064,-33.45869095527488,-0.0048318795861561,-0.002963130322169334,1.0062686547394974,4.175962974773489,-0.45568259965676533,-1.6299878119580196,-33.933382339975175,-0.013118465051767853,0.0058220446949801136,1.0046964496521513,4.1854766276773745,5.9210599845112615,True,2.248667784433109,imu,-1.0031022456,-9.501657228,2.9722212632,3.20770186,0.6873657099999999,-0.3560797999999998,73.39879815170434,-3.512898264971472,-1.480758266791477
234.923803,6.840180887352171,6.206879190827408,4447.107646185828,-8.262891310277144,24.07028536556132,3.743368472302397,-53.78180579738682,-22172.36136515066,0.46744548977519185,3.771517864935422,-100569.56294585697,-0.47096127952764855,24.07028536556132,4892007009.375489,-155.26990490833043,-0.9370437109286566,64.87886785502408,-13.990947354318218,6.277309011728912,6.1587592928999335,64.92158137443991,-42.35851557290914,-485178.57772312564,-561.5370748308359,0.0,4.71070906003656,-17085.9367591293,-139704599767.1253,-4765.744612241767,-0.748357272981385,0.0,0.0,1779.9499999998916,-3.303689999999804,0.0,0.0,0.0,0.0,0.0,0.0,0.0,0.0,0.0,0.0,0.0,1256.0899999997955,-0.09666209999999115,0.0,0.0,0.0,0.0,0.0,0.0,0.0,0.0,0.0,0.0012174371861324099,0.377462850797909,5734.860210411654,-262.52354464945824,0.0,2.290483735054372e-07,0.0,-9.292880636115603e-09,53.99233955307079,-0.028412451461140742,53.99233955307079,0.0,1.4421294827518247,6241.299806134638,-15.787460519247414,4485.89692274612,4.204128143617545,0.0,-3.1861312691197183e-16,0.0,9.117436136202591e-14,-164.61970284588233,1.4315619592760633,-164.61970284588233,0.0,-74.76046900364292,998.9999999999654,-15.66166706984172,5.871525125756136,-16.600808645999706,gaze,0.5183243230041732,0.5147653603278475,-11.83468121240955,1.318419763481856,318.7577891603617,28.76833280195441,-0.6079076368574426,-34.30669363000468,-0.0310062350451188,0.02670775125973,0.9991623038380578,4.118820190429688,-29.63307644504113,-2.570688890878975,-33.67151669524215,-0.0335954202066586,-0.010233597548139,0.9993831203409236,4.088606357574463,-0.4211173579432131,-1.586369359155769,-33.998989604468306,-0.0313736979047753,0.0048321006024029,0.9993333517745564,4.110605239868164,5.686860957661716,True,2.0,imu,-0.9585972345378292,-9.522214452874753,2.8946907149925467,2.4851108667250004,-0.29398700484983914,-0.8538843408668182,73.40404568821465,-3.5150817762321043,-1.4816891658539952
234.931024,6.916320431725821,6.149726201192813,4447.019184359553,-8.394553930972325,24.24396496226339,3.77402231733018,-52.820990830084156,-22915.376098964363,0.4720303795844968,3.802399178602601,-102262.4112072906,-0.4821120060722417,24.24396496226339,4988403067.75127,-156.80080757025004,-0.9446164133131527,64.90611841112582,-14.113905977993983,6.3486398690185055,6.101219822159637,64.9492599046782,-41.220171189467806,-493959.75332464644,-568.6899161317644,0.0,4.758256324547425,-17388.92527456237,-142478097109.16833,-4835.798153662499,-0.7549051861594311,0.0,0.0,1779.9499999998907,-3.303689999999804,0.0,0.0,0.0,0.0,0.0,0.0,0.0,0.0,0.0,0.0,0.0,1256.0899999997937,-0.09666209999999115,0.0,0.0,0.0,0.0,0.0,0.0,0.0,0.0,0.0,0.0011868330723434142,0.3774653291178658,5734.889848765379,-262.6308046066887,0.0,2.3118145574857137e-07,0.0,-9.297788913721747e-09,53.992561573244245,-0.028361940519696316,53.992561573244245,0.0,1.4421343157702342,6333.288826817318,-15.95815372624471,4485.947345901877,4.227299651652636,0.0,-3.2192994472498677e-16,0.0,9.211242533794522e-14,-166.3777461578423,1.4470220235196436,-166.3777461578423,0.0,-75.64261443580247,998.999999999965,-15.896688187597192,5.918082185440767,-16.577416122308325,gaze,0.5000055652596945,0.5130350137909137,-11.736029327312856,1.4013173180408243,320.5894266107494,28.970699805089282,-0.601594560273294,-34.44337277577946,-0.027167524608840265,0.015926383814571742,1.0038396455616294,4.186038218956621,-29.38728043438229,-2.6847550113355583,-33.456362751720384,-0.005063961416296928,-0.002618433353913381,1.0063181791237594,4.175216265441969,-0.45835151091154125,-1.6291902802481473,-33.93159835401465,-0.013399777329226932,0.0059013219600387926,1.0047888598061228,4.185558181897353,6.278792714526479,True,2.251734840850424,imu,-0.9953262592000002,-9.5148165896,2.9722212632,3.20022495,0.64250425,-0.3112183399999999,73.43391916366556,-3.5276903587110913,-1.4869805801847467
234.939492,7.006344023803627,6.081448355084714,4446.915873804905,-8.550052579781116,24.448883349053812,3.810194937696901,-51.6874706471599,-23800.34538588673,0.47744994896019566,3.83884037581841,-104276.44283084862,-0.4952904209141096,24.448883349053812,5103375289.665902,-158.6104774499257,-0.9535576625047236,64.93881620251796,-14.259161293917362,6.432983840610737,6.032485679624415,64.98246375968046,-39.8758746367356,-504418.55088958447,-577.165082059783,0.0,4.814461160411447,-17749.75748839738,-145786483258.97235,-4918.979178182329,-0.7626450027889837,0.0,0.0,1779.949999999888,-3.303689999999799,0.0,0.0,0.0,0.0,0.0,0.0,0.0,0.0,0.0,0.0,0.0,1256.08999999979,-0.09666209999999081,0.0,0.0,0.0,0.0,0.0,0.0,0.0,0.0,0.0,0.0011507598712098763,0.3774682491124124,5734.924626472879,-262.75660567587977,0.0,2.3370331028243035e-07,0.0,-9.303545326433077e-09,53.992823302416525,-0.02830225551632287,53.992823302416525,0.0,1.4421400125746269,6442.529879441594,-16.159961944487176,4486.006738291755,4.2552031694562515,0.0,-3.258526748623393e-16,0.0,9.322178555651029e-14,-168.4551661130049,1.465300178427026,-168.4551661130049,0.0,-76.68568759770571,998.9999999999636,-16.175063800169205,5.973231370572634,-16.54856070059084,gaze,0.500191471453829,0.5126616112090383,-10.484655936099605,1.474826641050246,319.7898346573429,28.968908202414365,-0.6030054010128756,-34.438443560378076,-0.027405165442571752,0.01605188712084774,1.0039688457232994,4.186519082507646,-29.390964933077754,-2.6827726768207967,-33.45416318718376,-0.00530927952843208,-0.0022686761910581804,1.0063636353821466,4.1745034835232495,-0.46096479225871223,-1.6282902123673528,-33.92989170881942,-0.013694321266225799,0.005989548399981722,1.0048772381375595,4.185665046184029,6.600180041388598,True,2.2546249440061876,imu,-0.9845595088,-9.532163020800002,2.975810180000001,3.02825602,0.52287369,-0.32617216,73.46785891805837,-3.5424182554625903,-1.4929708219854747
234.943783,7.052266235259635,6.0463291542890225,4446.863700226386,-8.629303537957707,24.5532372928041,3.8286178977876864,-51.11027703533773,-24254.46406611055,0.48021398282508787,3.857400188061834,-105309.01111126853,-0.5020105296183286,24.5532372928041,5162439020.848144,-159.53345429172035,-0.9581136389747942,64.95569312150283,-14.333206692818319,6.476011239813727,5.997133987235351,64.99959884876682,-39.19079915956115,-509785.43522101943,-581.4958329829244,0.0,4.843126804845437,-17934.8998720524,-147486245996.31995,-4961.557337347288,-0.7665923275546218,0.0,0.0,1779.949999999887,-3.3036899999997953,0.0,0.0,0.0,0.0,0.0,0.0,0.0,0.0,0.0,0.0,0.0,1256.0899999997891,-0.09666209999999081,0.0,0.0,0.0,0.0,0.0,0.0,0.0,0.0,0.0,0.0011324039255059398,0.377469734467172,5734.942258103023,-262.8203605903791,0.0,2.3498966378819493e-07,0.0,-9.30646249842125e-09,53.9929564975391,-0.028271824423537345,53.9929564975391,0.0,1.4421429114710858,6498.453308310899,-16.262902681538723,4486.036942365932,4.2696453468946345,0.0,-3.27854166545689e-16,0.0,9.378778559980467e-14,-169.51439197605487,1.4746236902935506,-169.51439197605487,0.0,-77.21780196821413,998.9999999999627,-16.317273366648195,6.001406141737693,-16.53334953777341,gaze,0.5189046140677379,0.510160298870591,-12.21243874941378,3.062705222355027,318.7617010200811,28.75782924701191,-0.6115040206226318,-34.30367598881157,-0.0330032673010644,0.0272359150778764,0.9990840751795242,4.121138572692871,-29.6369903485612,-2.542761527005586,-33.65621558905799,-0.033697793037272,-0.0009481513996935,0.9994316183478188,4.115607738494873,-0.426794223926857,-1.5834477465086774,-33.99486421241299,-0.0319635781045919,0.0071360558392311,0.9993073040749112,4.110153102874756,7.190191230070203,True,2.0,imu,-0.9606996541140519,-9.525427221377694,2.8841163027195207,2.428828816444441,-0.5330793508685941,-0.8182796380340295,73.48459301170854,-3.5498559308187296,-1.495913368734404
234.947961,7.097176634415547,6.011796366304688,4446.8130154998,-8.706762604382345,24.65517732995145,3.846616126144342,-50.546466533590774,-24700.323233172297,0.48291675867438644,3.875532154947882,-106322.20017956999,-0.5085810137364084,24.65517732995145,5220471527.534838,-160.4359933188088,-0.962565960557711,64.9723259478709,-14.405587621500217,6.518092179543787,5.962374005167987,65.0164841704134,-38.521248751161465,-515054.7055783244,-585.736006278277,0.0,4.871157531900467,-18116.663885940277,-149156443888.9622,-5003.292506300333,-0.7704521328548577,0.0,0.0,1779.949999999888,-3.3036899999997953,0.0,0.0,0.0,0.0,0.0,0.0,0.0,0.0,0.0,0.0,0.0,1256.0899999997882,-0.09666209999999076,0.0,0.0,0.0,0.0,0.0,0.0,0.0,0.0,0.0,0.0011144815322426185,0.37747118442469896,5734.959431023388,-262.8824414949597,0.0,2.362476264101284e-07,0.0,-9.309302991699257e-09,53.99308655539832,-0.028242073483600083,53.99308655539832,0.0,1.4421457419485808,6553.273332014468,-16.363572663084522,4486.066421056366,4.283903618099586,0.0,-3.298118571099431e-16,0.0,9.434138111620405e-14,-170.54996216591917,1.4837415187535585,-170.54996216591917,0.0,-77.73821147367377,998.9999999999636,-16.45648374488505,6.028987704580153,-16.51815665312177,gaze,0.5003891757448176,0.5122813430131768,-9.29898347255606,1.7030204545750123,312.9172303018777,28.966965718625218,-0.6043030860973493,-34.43348818057863,-0.027653014498290072,0.016188431789575797,1.0040941491097464,4.187016102051236,-29.394802101603936,-2.680670170081969,-33.45209218919083,-0.005567711650679903,-0.0019141162638709464,1.0064050225283498,4.1738245780911525,-0.46352176030793035,-1.6272891021031741,-33.92826232173839,-0.014001975990771107,0.0060865393187027085,1.0049615949290573,4.185797060376164,6.873479850879298,True,2.257337570203976,imu,-0.9702038416000002,-9.538742701600002,2.957267443200001,2.81890254,0.3733354899999997,-0.2514030599999999,73.5005791523486,-3.557080503101205,-1.4987160491973264
234.95643,7.188812258710477,5.940766573587766,4446.710624364958,-8.864672395956035,24.862829325454864,3.883282912348212,-49.39808196644526,-25615.390776071697,0.4884304564791996,3.912471524743706,-108399.81351914267,-0.5219826869153303,24.862829325454864,5339707247.977863,-162.27723841232742,-0.9716406109843017,65.00665198606106,-14.553174526681802,6.603959301339076,5.890881173406159,65.05132544422804,-37.15639534298418,-525869.2032272805,-594.402458067326,0.0,4.928341699448812,-18489.677869125855,-152588436603.97394,-5088.73953870275,-0.778326076908557,0.0,0.0,1779.949999999887,-3.303689999999799,0.0,0.0,0.0,0.0,0.0,0.0,0.0,0.0,0.0,0.0,0.0,1256.0899999997864,-0.09666209999999076,0.0,0.0,0.0,0.0,0.0,0.0,0.0,0.0,0.0,0.0010780000058001893,0.3774741349119568,5734.994258282033,-263.0082973431206,0.0,2.3881424388844824e-07,0.0,-9.315061240722992e-09,53.99335131798426,-0.028181398552506953,53.99335131798426,0.0,1.4421515036486419,6665.521464071664,-16.568973030683,4486.126388142577,4.313402952321859,0.0,-3.3380726356464894e-16,0.0,9.547114708534725e-14,-172.661990083523,1.502344879907531,-172.661990083523,0.0,-78.80012025767553,998.9999999999636,-16.74093895903279,6.085349458986336,-16.486198220003985,gaze,0.5005985101087589,0.5118945920921786,-8.729977275581906,2.2222638372431995,289.8574161102229,28.964874048836275,-0.6054836651905741,-34.42851041617745,-0.027910879216565765,0.016335769161947525,1.0042155176531073,4.187529078985019,-29.398788886757785,-2.6784503423868404,-33.45015044237214,-0.005839043253205778,-0.0015551413962239455,1.0064423238838867,4.173179748094142,-0.46602095936113463,-1.626188816679405,-33.92671069683129,-0.014322510337897967,0.006192074097375776,1.0050419096197398,4.185954020424937,7.087754633522355,True,2.259871167885113,imu,-0.9349128264000002,-9.5303685624,2.951884068,2.75908726,0.2237972899999998,-0.17663396,73.53203312811115,-3.5716703781097427,-1.50420139346714
234.963874,7.270024009740935,5.877186458948021,4446.62101351309,-9.004466481400815,25.046475894739203,3.9157157639124365,-48.38256756784995,-26432.31636282429,0.4933157793888021,3.9451456234008964,-110252.57251159054,-0.5338544470815911,25.046475894739203,5446301774.007622,-163.9087035370221,-0.9796720348890231,65.03750412729892,-14.683862713721542,6.680063987692091,5.826891277866233,65.08263425857112,-35.948239163098265,-535523.86409414,-602.0995060371868,0.0,4.97900998197232,-18822.650065943442,-155656956673.108,-5164.7900356131095,-0.7853025407208298,0.0,0.0,1779.9499999998843,-3.30368999999979,0.0,0.0,0.0,0.0,0.0,0.0,0.0,0.0,0.0,0.0,0.0,1256.0899999997819,-0.09666209999999059,0.0,0.0,0.0,0.0,0.0,0.0,0.0,0.0,0.0,0.0010457642082404364,0.37747674099414397,5735.024889138836,-263.11893754981315,0.0,2.41088748988283e-07,0.0,-9.32012306172862e-09,53.99358529627557,-0.028127657763412722,53.99358529627557,0.0,1.4421565950467716,6765.438817274919,-16.751000373033406,4486.17933297046,4.339995834644888,0.0,-3.373492061910064e-16,0.0,9.64726285044476e-14,-174.53270935480845,1.5188312595596283,-174.53270935480845,0.0,-79.74130167055151,998.9999999999618,-16.993491946763072,6.13539349650652,-16.456816905877552,gaze,0.5206707609782711,0.5084855011573473,-10.80263606796523,2.98891018863531,257.0504474536007,28.73366222923371,-0.6126693458206631,-34.3015761840582,-0.0376285594736879,0.028409248777981,0.9988878846476243,4.13862133026123,-29.63944119416349,-2.537383203439765,-33.64634134916768,-0.0334186051687911,0.0028104884135754,0.9994374907834156,4.127285480499268,-0.434346236242536,-1.5819294569155016,-33.988454375336914,-0.0328928055569857,0.0096245059622989,0.999266301768945,4.112965726852417,7.628668056669096,True,2.0,imu,-0.9628730255897273,-9.528579234564198,2.8736238236566427,2.3633345084890407,-0.7293490547304835,-0.80037854790333,73.55860369211844,-3.5844306970580218,-1.508797196762514
234.964898,7.28124452807001,5.868355911743592,4446.608715109593,-9.023769803318679,25.07182113537803,3.9201922147854797,-48.24242386010428,-26545.62351897359,0.493990669093546,3.9496553818559583,-110509.40088608091,-0.5354942909449143,25.07182113537803,5461097170.048102,-164.13408891319855,-0.9807808872033585,65.04179831230348,-14.701911052061957,6.690579277736204,5.818004156551243,65.08699154276229,-35.7814208495123,-536862.9638187254,-603.1641656084394,0.0,4.986009703804835,-18868.83058375428,-156082897447.92493,-5175.321213185047,-0.7862663056281056,0.0,0.0,1779.949999999887,-3.3036899999997935,0.0,0.0,0.0,0.0,0.0,0.0,0.0,0.0,0.0,0.0,0.0,1256.0899999997828,-0.09666209999999059,0.0,0.0,0.0,0.0,0.0,0.0,0.0,0.0,0.0,0.0010413173277688814,0.3774771004251891,5735.029104103123,-263.13415849055536,0.0,2.41402992486965e-07,0.0,-9.32081940448139e-09,53.99361757533154,-0.028120235075831862,53.99361757533154,0.0,1.4421572974181451,6779.275945741607,-16.776149392715567,4486.1866333647595,4.3437027690533085,0.0,-3.378386501687278e-16,0.0,9.661101399905035e-14,-174.79109787141016,1.5211090245795664,-174.79109787141016,0.0,-79.87134392897389,998.9999999999632,-17.028419066114544,6.142314643633423,-16.452680342055054,gaze,0.5008192953983196,0.5115017515006275,-9.582949510989488,3.2103049066613623,253.47293743650653,28.96263502315657,-0.60654334819011,-34.42351410588214,-0.028178556379985956,0.016493639452039063,1.004332915593948,4.18805780344892,-29.402922080409578,-2.676116178720958,-33.44833854025079,-0.0061230475626877345,-0.0011921482803087385,1.0064755253586868,4.172569171684238,-0.4684611128370314,-1.624991331020402,-33.92523727870238,-0.014655680308366314,0.006305922879327373,1.0051181642692477,4.186135702944109,7.23336797342399,True,2.2622242767250116,imu,-0.9247442288,-9.4956757,2.938126553600001,2.50487232,-0.0378945600000002,0.0327195200000001,73.56217849272362,-3.5861811416267835,-1.5094123243010045
234.973367,7.3744998832403486,5.79453552617362,4446.50726637576,-9.184099134672657,25.282208701007427,3.9573540472800546,-47.07918922412409,-27491.42891735956,0.4995989969626575,3.987093815704604,-112651.8323990405,-0.5491194702795688,25.282208701007427,5584699408.651148,-166.00708014528504,-0.9899893059688961,65.07778146343912,-14.851839027229172,6.777976927171981,5.743713971929527,65.12349915379878,-34.3959437814832,-548040.8311332561,-612.023970806179,0.0,5.044178055563796,-19254.2884916472,-159641511899.99036,-5263.069280988835,-0.7942751083463981,0.0,0.0,1779.9499999998825,-3.3036899999997846,0.0,0.0,0.0,0.0,0.0,0.0,0.0,0.0,0.0,0.0,0.0,1256.0899999997782,-0.09666209999999043,0.0,0.0,0.0,0.0,0.0,0.0,0.0,0.0,0.0,0.0010044225158077139,0.377480081867843,5735.063976687135,-263.2600547985493,0.0,2.440146209674028e-07,0.0,-9.326578854009467e-09,53.99388540708975,-0.028058565697569537,53.99388540708975,0.0,1.4421631250569842,6894.578937950209,-16.985161639783076,4486.247171899246,4.374815466395759,0.0,-3.419072041783205e-16,0.0,9.776131708997023e-14,-176.9378892200071,1.540039376503857,-176.9378892200071,0.0,-80.95219274679326,998.9999999999604,-17.31901583590244,6.199901509765269,-16.417585960298595,gaze,0.5010514256986135,0.5111030818849271,-12.935279130101684,4.887023101991639,255.44093768991323,28.96024973468488,-0.6074788249494312,-34.41850136307506,-0.02845593222112825,0.016661833371618636,1.0044463489862685,4.188602250092282,-29.4071998626783,-2.6736699090774936,-33.44665641171189,-0.006419592988431957,-0.0008254115725450442,1.0065046250484584,4.171992807964325,-0.47084195201615625,-1.6236982512750637,-33.923841971589404,-0.015001353896415916,0.00642789141004433,1.0051903684313979,4.18634194277341,7.302356416493336,True,2.2643962662394626,imu,-0.8900513664000002,-9.507040603200002,2.9303505672,2.3403803,-0.3294940500000001,-0.0046650299999999,73.59098745230553,-3.600611141647496,-1.5143363600835096
234.973941,7.380849919366208,5.789481232862336,4446.500407694137,-9.195009779603122,25.29651783427321,3.959881762897553,-47.00007915341075,-27556.096656974405,0.4999808349241182,3.9896403515799106,-112798.22797049045,-0.5500470021235313,25.29651783427321,5593157026.186214,-166.13460369186706,-0.9906158570414763,65.08025061740773,-14.862043282481643,6.78392832316962,5.738627714151342,65.1260040219903,-34.30166525774803,-548805.1006848189,-612.6279900422103,0.0,5.0481384405627425,-19280.64199483237,-159885030891.11453,-5269.058668299489,-0.7948203756723882,0.0,0.0,1779.9499999998834,-3.303689999999788,0.0,0.0,0.0,0.0,0.0,0.0,0.0,0.0,0.0,0.0,0.0,1256.089999999781,-0.09666209999999054,0.0,0.0,0.0,0.0,0.0,0.0,0.0,0.0,0.0,0.0010019143331896838,0.3774802845087326,5735.066341051042,-263.2685883597643,0.0,2.4419244859214163e-07,0.0,-9.32696923209722e-09,53.99390361607044,-0.028054367838354743,53.99390361607044,0.0,1.442163521246198,6902.449716044323,-16.99939360308116,4486.251285375489,4.376953596705313,0.0,-3.421842905653251e-16,0.0,9.783965515635228e-14,-177.08402477544405,1.5413283705511982,-177.08402477544405,0.0,-81.02579416372633,998.9999999999618,-17.338823648757128,6.203826925215846,-16.415150247722476,gaze,0.5010675642503679,0.5110758611099668,-13.28125239402879,5.031020177702643,259.3252975397991,28.960082826372048,-0.6075376425969916,-34.418161126119685,-0.02847507710712011,0.0166735996256905,1.004453892615903,4.188639713697293,-29.40749493943518,-2.673500133299359,-33.44654711497301,-0.006440139368999679,-0.0008004306073316966,1.006506448521844,4.171954987151021,-0.47100114199554505,-1.6236072048534398,-33.923750241190746,-0.01502522813789399,0.006436445750580038,1.0051951150847656,4.186356803556606,7.304095819918997,True,2.264536882571271,imu,-0.9639811242123405,-9.530127441382868,2.868424182183174,2.3327219106641937,-0.8096055710377127,-0.7992642703582612,74.7202604,-4.144374800000006,-1.800547200000002
234.981835,7.468560926071271,5.719311044511445,4446.406304841192,-9.34562928274632,25.49394893883177,3.994760934939734,-45.90862267571856,-28452.77284245938,0.5052544039365066,4.024779296863188,-114826.97675982334,-0.5628554610063339,25.49394893883177,5710514479.726678,-167.89586692077336,-0.9992640518294198,65.1146012184783,-15.002929770225329,6.8661359844134395,5.668016340131002,65.16084796077655,-33.000234388350464,-559402.4308695333,-620.9805578235037,0.0,5.102835918614916,-19646.038098622834,-163264307391.638,-5351.974393268336,-0.8023510093493655,0.0,0.0,1779.9499999998807,-3.3036899999997793,0.0,0.0,0.0,0.0,0.0,0.0,0.0,0.0,0.0,0.0,0.0,1256.0899999997746,-0.09666209999999026,0.0,0.0,0.0,0.0,0.0,0.0,0.0,0.0,0.0,0.0009673219541690078,0.37748307873979403,5735.098867769117,-263.38595667144034,0.0,2.466486504482928e-07,0.0,-9.332338240283927e-09,53.99415476684695,-0.02799640206049439,53.99415476684695,0.0,1.442168985622442,7011.418604807357,-17.195971411988275,4486.307990398618,4.406738957457293,0.0,-3.4601220081320577e-16,0.0,9.892185098390451e-14,-179.10195834645413,1.5591324607949604,-179.10195834645413,0.0,-82.04246892650934,998.99999999996,-17.612684630771874,6.258101278574763,-16.380914187753852,gaze,0.5012946824417659,0.510699037956095,-19.74010260568988,7.426974600935786,387.4057691142405,28.957720433883896,-0.6082864326239936,-34.41347670822456,-0.02874275826011783,0.016840058558871968,1.0045557698311707,4.189162136367541,-29.41161834225952,-2.671114971407665,-33.44510478012723,-0.006728404627230623,-0.00045538507541352524,1.00652960700693,4.171450891546729,-0.4731622114335377,-1.622311833245515,-33.922525334008085,-0.015359231959772953,0.0065577245094298915,1.0052584973235916,4.186572475503707,7.288683029504783,True,2.2663854442823452,imu,-0.8691160184000001,-9.5124239784,2.907022608,2.39271867,-0.68090882,-0.1093417699999999,73.61842241209432,-3.6149518422461626,-1.518958848909655
234.983856,7.491131057774496,5.701147603950979,4446.382279577811,-9.38436161481442,25.544687872650815,4.003725594912399,-45.62814421239136,-28684.544414781034,0.5066112296813652,4.033810747317771,-115351.0177004945,-0.5661504026812239,25.544687872650815,5740874427.929139,-168.34902888394402,-1.0014875961530554,65.12351393627051,-15.039164791804103,6.887290854710937,5.649739470554808,65.16988763479742,-32.665587068977175,-562141.6294441917,-623.1327108269197,0.0,5.116909079333818,-19740.479581533607,-164138580033.9525,-5373.366579028274,-0.8042885328326096,0.0,0.0,1779.9499999998807,-3.303689999999781,0.0,0.0,0.0,0.0,0.0,0.0,0.0,0.0,0.0,0.0,0.0,1256.0899999997755,-0.09666209999999026,0.0,0.0,0.0,0.0,0.0,0.0,0.0,0.0,0.0,0.0009584361032235478,0.3774837963379598,5735.10719832587,-263.4160078503014,0.0,2.472806681276861e-07,0.0,-9.333712886252608e-09,53.994219285490146,-0.02798149143547579,53.994219285490146,0.0,1.4421703893401192,7039.534778174364,-17.24655449155697,4486.32254807746,4.414478882714562,0.0,-3.469973959080182e-16,0.0,9.920036727208986e-14,-179.6210443825285,1.5637137702922717,-179.6210443825285,0.0,-82.30409634383159,998.99999999996,-17.683234348332135,6.272083549501673,-16.371927214681268,gaze,0.5198776300935875,0.505722544125244,-17.91470579001578,6.615232709270003,444.2252238962541,28.72114293509089,-0.6133825143561249,-34.30191530244987,-0.039563391039443,0.0295059264742948,0.9987813266137656,4.153047561645508,-29.64362870035584,-2.540011604321666,-33.63834472864139,-0.0333506674530018,0.0046536909341534,0.9994328772564612,4.133371829986572,-0.4425804982035871,-1.5807349188893267,-33.98191886834176,-0.0339236513678426,0.0120969956872543,0.9992204834058602,4.120198678970337,7.52534155609977,True,2.0,imu,-0.9650831924128289,-9.531631127333087,2.8633432959554206,2.306913321720444,-0.8764473860897121,-0.8037446475977921,73.62476453062219,-3.618360922824784,-1.5200161156155796
234.990304,7.563454513107802,5.642652837672818,4446.30580939012,-9.508405179103864,25.707098480843406,4.032423018750954,-44.730417606736864,-29430.073119558394,0.5109585151782231,4.062722042943191,-117035.72525759996,-0.5767059617320052,25.707098480843406,5838602075.149093,-169.8009928623212,-1.008607675798942,65.15227459371494,-15.155225716495092,6.955081660694733,5.590881502267063,65.1990551333368,-31.593905875024575,-570952.7308232125,-630.0368226831706,0.0,5.162000058838699,-20044.250111658108,-166953015364.11707,-5442.068996306847,-0.8104963333961976,0.0,0.0,1779.9499999998807,-3.303689999999781,0.0,0.0,0.0,0.0,0.0,0.0,0.0,0.0,0.0,0.0,0.0,1256.0899999997737,-0.0966620999999902,0.0,0.0,0.0,0.0,0.0,0.0,0.0,0.0,0.0,0.0009300045407405547,0.37748609195379146,5735.133785559996,-263.511893981057,0.0,2.4930584148256357e-07,0.0,-9.338098934729536e-09,53.9944257351375,-0.027933726550305932,53.9944257351375,0.0,1.4421748809343402,7129.838040121438,-17.408639542551754,4486.3691041782,4.439486063011792,0.0,-3.501548466325967e-16,0.0,1.0009295633795972e-13,-181.28391795646814,1.5783937865222255,-181.28391795646814,0.0,-83.14248766482046,998.9999999999604,-17.9095189231915,6.316932541716511,-16.34264715341002,gaze,0.501548953550504,0.5102898921396669,-29.614326403724515,10.701781998753427,676.9852697447174,28.955048276799275,-0.6089630439559018,-34.40844233329656,-0.029038913174852302,0.017028098280438202,1.0046611832213146,4.189737436716531,-29.416175595127292,-2.668453702948729,-33.44368357426984,-0.007049344231122762,-8.235555249914983e-05,1.0065504687347935,4.170943388116347,-0.4754218724154951,-1.6208337624404203,-33.92128726061089,-0.01572917458208619,0.006695221128501617,1.0053225600343199,4.186827132121049,7.188650694933283,True,2.268191108185951,imu,-0.8589474208000002,-9.4962738528,2.8884798712,2.28804193,-0.94260067,0.0626271599999999,73.64446328588214,-3.6292014515017117,-1.5232676179783584
234.998773,7.659174241790833,5.564557786762229,4446.205794712489,-9.67241462651532,25.921639047737532,4.0703372070965,-43.54468161859904,-30423.409460641444,0.5167109562558434,4.100918940412245,-119278.20343351821,-0.5906698120145362,25.921639047737532,5968977716.455399,-171.72233377916996,-1.018019448358471,65.19080565401265,-15.308715869308715,7.044807995474894,5.512306376997472,65.23812470264608,-30.177065085786467,-582692.7035413549,-639.1924982440582,0.0,5.221666501538681,-20448.95747302499,-170708095590.5513,-5533.354183317861,-0.8187105499207457,0.0,0.0,1779.9499999998789,-3.303689999999783,0.0,0.0,0.0,0.0,0.0,0.0,0.0,0.0,0.0,0.0,0.0,1256.0899999997728,-0.09666209999999015,0.0,0.0,0.0,0.0,0.0,0.0,0.0,0.0,0.0,0.000892472293929053,0.37748912136278023,5735.168725910844,-263.6378519970391,0.0,2.519860233597604e-07,0.0,-9.34386026845343e-09,53.99469829723898,-0.02787054353469129,53.99469829723898,0.0,1.4421808107403749,7249.8391403331125,-17.623152331336822,4486.430507025721,4.473058362506777,0.0,-3.543348970682777e-16,0.0,1.0127456355364039e-13,-183.4836155076129,1.597822112246717,-183.4836155076129,0.0,-84.25217869135457,998.9999999999609,-18.20950845338257,6.3763933337951,-16.302779850009873,gaze,0.501814035608819,0.5098760670050243,-39.94013796193537,14.078611175470014,999.6995029136018,28.95223537371572,-0.6095053686251488,-34.40340224924597,-0.02934416846017949,0.017225667040829017,1.0047625557138709,4.1903279243029194,-29.420868053223046,-2.6656894205286035,-33.44239324911573,-0.007382158526829548,0.0002932523492287162,1.006567199320143,4.170470452500677,-0.4776202222425979,-1.6192662729296337,-33.92012809350714,-0.016110908809991734,0.006840129325253727,1.0053825420109692,4.1871056555692086,7.001241205816335,True,2.269811846657602,imu,-0.8475825176000001,-9.489694172,2.8819001904,2.10111918,-1.31644617,-0.07195722,73.66908437976211,-3.6433530410725687,-1.527249076689614
235.003948,7.718072623527596,5.516125275713335,4446.144918358972,-9.773243040868827,26.053422048068498,4.0936294044707715,-42.81641537671703,-31038.365911751986,0.5202499110569202,4.124384899950765,-120665.24083379985,-0.5992584395514511,26.053422048068498,6049783302.346827,-172.904396528798,-1.0238042309373259,65.21477590575427,-15.403097068166264,7.100021605369807,5.463578812858568,65.26242634286751,-29.30610259677144,-589960.7926019601,-644.83636231017,0.0,5.258374303863477,-20699.48589304778,-173035696452.56897,-5589.725178285125,-0.8237639542948219,0.0,0.0,1779.949999999877,-3.303689999999772,0.0,0.0,0.0,0.0,0.0,0.0,0.0,0.0,0.0,0.0,0.0,1256.0899999997673,-0.09666209999998987,0.0,0.0,0.0,0.0,0.0,0.0,0.0,0.0,0.0,0.000869431380770759,0.3774909805494746,5735.190087376181,-263.71482915438526,0.0,2.53635130326908e-07,0.0,-9.347381062849173e-09,53.99486563868868,-0.02783168435322897,53.99486563868868,0.0,1.4421844513276412,7323.95130969672,-17.755143556159208,4486.4681700564,4.493981239924409,0.0,-3.569076391256846e-16,0.0,1.0200178503931735e-13,-184.8365200300288,1.6097764628067872,-184.8365200300288,0.0,-84.93504346718774,998.9999999999577,-18.39438117312801,6.413038935882231,-16.27762719652158,gaze,0.5209277095343354,0.5052675118825833,-48.19486188931755,17.50472960766409,1132.907150305354,28.67491200415459,-0.6053007734909134,-34.33334286068023,-0.0487503271040825,0.0275145242095061,0.9984319488902432,4.175755023956299,-29.64722605014789,-2.5582695620906,-33.62029104058927,-0.0329131785828476,0.0051350392185493,0.9994450230241768,4.14123010635376,-0.4544483520824041,-1.579987907888437,-33.9779913368703,-0.0356927444411967,0.0140790835417833,0.9991477668922012,4.131348419189453,6.990506407903989,True,2.0,imu,-0.9673435116154157,-9.534611435002178,2.8531774404865655,2.276123547532569,-0.9745073687906687,-0.8308138831577869,73.68342231091249,-3.6519498923439437,-1.5295153645440192
235.007241,7.7557133349897756,5.485023396263282,4446.106275280381,-9.837644869649267,26.13755172409954,4.108500294134764,-42.35152582143746,-31432.85552949831,0.5225113310338179,4.13936676058456,-121554.52376837375,-0.6047457984523703,26.13755172409954,6101656113.401444,-173.65975820201945,-1.027498609058182,65.23019810148878,-15.463388692942239,7.1353086742102425,5.4322885079249765,65.27806033500713,-28.749823624647433,-594623.250745722,-648.4472744848545,0.0,5.281831045578607,-20860.19069863394,-174529984409.749,-5625.830558918941,-0.8269930975189786,0.0,0.0,1779.9499999998789,-3.3036899999997793,0.0,0.0,0.0,0.0,0.0,0.0,0.0,0.0,0.0,0.0,0.0,1256.0899999997682,-0.09666209999999004,0.0,0.0,0.0,0.0,0.0,0.0,0.0,0.0,0.0,0.0008547273229717323,0.37749216681301,5735.203684661938,-263.7638159797111,0.0,2.5468901506176484e-07,0.0,-9.349621572311598e-09,53.99497243775255,-0.027806857609944197,53.99497243775255,0.0,1.4421867747740391,7371.42315780889,-17.839495249407385,4486.492192594178,4.507457065333874,0.0,-3.5855209084934094e-16,0.0,1.0246659834540367e-13,-185.70089046058553,1.6174161214958955,-185.70089046058553,0.0,-85.37146738733074,998.9999999999591,-18.512641592598783,6.436481416650146,-16.261307992385234,gaze,0.5020897142568965,0.5094579946510813,-47.327182275312204,16.683784562122746,1176.9814286143353,28.949283968346766,-0.6099103172059599,-34.398360506653,-0.02965828516459078,0.017432468622608163,1.0048598562471074,4.190933361272053,-29.425691997389972,-2.6628255706892987,-33.44123416631253,-0.007726582268931037,0.0006710057814910061,1.0065797904896288,4.17003221827048,-0.4797567036497121,-1.6176117041225238,-33.919048113658924,-0.016504149127651704,0.00699218829137584,1.0054384313704685,4.187407769685836,6.728507856120255,True,2.2712463428340723,imu,-0.8559566568000001,-9.520199964800002,2.8699371344,2.17588828,-1.63047639,-0.29626452,73.69226476438662,-3.6573996786987033,-1.5308900438210453
235.01571,7.853099281365031,5.404018853429607,4446.007230346255,-10.00414178747809,26.35489418998479,4.146922613986034,-41.15063812755807,-32458.84508986771,0.5283613022818662,4.178075915768672,-123865.6100587344,-0.6189377016787745,26.35489418998479,6236699385.538726,-175.61382238024586,-1.037047760958283,65.27046968708783,-15.619287543950886,7.226609505289591,5.350796949872215,65.31887993837228,-27.311786633577412,-606749.5308848935,-657.8041300705383,0.0,5.342510845082752,-21278.127021533153,-178420484027.9056,-5719.531634033177,-0.8353463548564639,0.0,0.0,1779.9499999998752,-3.3036899999997704,0.0,0.0,0.0,0.0,0.0,0.0,0.0,0.0,0.0,0.0,0.0,1256.0899999997646,-0.09666209999998976,0.0,0.0,0.0,0.0,0.0,0.0,0.0,0.0,0.0,0.0008167583416508264,0.3774952292315761,5735.238670039787,-263.88981581696544,0.0,2.574155950818909e-07,0.0,-9.355384218334227e-09,53.99524823857192,-0.027742650768962457,53.99524823857192,0.0,1.442192774885882,7494.6346157560365,-18.057730564112035,4486.554176409103,4.54269563591955,0.0,-3.62807663924531e-16,0.0,1.0366940962926483e-13,-187.93636922964106,1.6371814531700963,-187.93636922964106,0.0,-86.50067646112237,998.9999999999577,-18.819014412393997,6.497215901611138,-16.218212474674807,gaze,0.5023758675590708,0.5090359661516489,-50.30159706031766,17.920614820891554,1170.4544483618731,28.94619531793663,-0.6101750798090977,-34.39331940424998,-0.02998112996419091,0.017648274374865092,1.0049530884690359,4.191553721286163,-29.430645337606187,-2.6598646609245344,-33.44020625279216,-0.008082466526524716,0.00105059885212834,1.006588238880014,4.169628660805231,-0.48183163410177615,-1.615871867543177,-33.9180471999632,-0.016908742987777742,0.0071511861275210045,1.0054902365375125,4.187733298858383,6.3757842940846325,True,2.2724937843131947,imu,-0.8469843648000001,-9.5327611736,2.8519925504,2.08616536,-2.10152172,-0.51309491,73.71399562926578,-3.6713393523465463,-1.5341788793763342
235.023928,7.948402129411422,5.324007100969231,4445.911588349747,-10.166903000405341,26.56714407444617,4.18445097510814,-39.97805574235508,-33470.31550727412,0.5340849345517867,4.215884599169781,-126141.55041251224,-0.6328186564838978,26.56714407444617,6370015640.898907,-177.5257562553711,-1.0463800899711622,65.31039180269892,-15.771727094887076,7.315963378167976,5.270309272193391,65.3593384162553,-25.906154774311517,-618704.4332269236,-666.9809731865239,0.0,5.401880856066957,-21690.115188709875,-182261701092.86536,-5811.627179783359,-0.8435191102186982,0.0,0.0,1779.9499999998752,-3.3036899999997704,0.0,0.0,0.0,0.0,0.0,0.0,0.0,0.0,0.0,0.0,0.0,1256.0899999997619,-0.0966620999999897,0.0,0.0,0.0,0.0,0.0,0.0,0.0,0.0,0.0,0.0007797025098550889,0.3774982169638923,5735.272640019142,-264.0121015212933,0.0,2.600837454049226e-07,0.0,-9.360976717386871e-09,53.995517438014076,-0.02767985321441843,53.995517438014076,0.0,1.4421986314085453,7615.751624523245,-18.271293324088607,4486.614602256719,4.577693959747478,0.0,-3.669735564545892e-16,0.0,1.0484680479820152e-13,-190.1228448311076,1.656523529358768,-190.1228448311076,0.0,-87.60583194529072,998.9999999999582,-19.119393429562038,6.5567662500824255,-16.17483775419669,gaze,0.5210396902478369,0.5061815603157682,-47.46398161369365,15.93981410138379,1109.363711850119,28.66139705297331,-0.5995688841583989,-34.34858607500787,-0.0507059613082668,0.0272193993959962,0.9983426314569191,4.176727771759033,-29.64625321800634,-2.591766424076603,-33.59734875792846,-0.0313448766159211,0.0033893510992868,0.9995028819413472,4.139530658721924,-0.4664596042770352,-1.5812617859382951,-33.974763787639255,-0.0374376627084378,0.0154925432201525,0.9990777758141296,4.142231607437134,5.3350756046531,True,2.0,imu,-0.969617786376609,-9.5374823389605,2.843253989001143,2.2860211736775833,-1.023343688178486,-0.8827499895332658,73.73368416024678,-3.684756948825647,-1.5370216160502042
235.024179,7.951325433462435,5.321541380118518,4445.908674457911,-10.171892820672184,26.573647737241945,4.185601000526434,-39.94212865649115,-33501.456803165376,0.534260481874295,4.2170432173157515,-126211.5846096699,-0.6332443229034768,26.573647737241945,6374123059.599633,-177.5843975383163,-1.0466661542378355,65.31162430065831,-15.776401079018106,7.318704296599677,5.267828963280699,65.36058736755211,-25.863064053625635,-619072.506237454,-667.2627750330018,0.0,5.403701780398455,-21702.799029441354,-182380054714.49588,-5814.458304066221,-0.8437697721488147,0.0,0.0,1779.9499999998716,-3.3036899999997686,0.0,0.0,0.0,0.0,0.0,0.0,0.0,0.0,0.0,0.0,0.0,1256.0899999997619,-0.0966620999999897,0.0,0.0,0.0,0.0,0.0,0.0,0.0,0.0,0.0,0.0007785674120272534,0.37749830846860477,5735.2736778870785,-264.015836772526,0.0,2.6016558624638e-07,0.0,-9.361147537556772e-09,53.99552568464361,-0.027677927525354334,53.99552568464361,0.0,1.4421988108177688,7619.475163024121,-18.277844051400145,4486.6164521614155,4.578775421510983,0.0,-3.6710136141461066e-16,0.0,1.0488292491920355e-13,-190.18989415165967,1.6571168183965206,-190.18989415165967,0.0,-87.63973288716369,998.9999999999573,-19.128615904314344,6.558594675027351,-16.173488753493782,gaze,0.5026722705971705,0.5086104278927029,-49.961554532659626,17.707496444037186,1108.4384194965492,28.94297178530835,-0.6102968451516873,-34.388283059582825,-0.03031245251445619,0.01787277659649321,1.0050422217962265,4.192188760487218,-29.435724193812057,-2.6568102899748816,-33.43930982178397,-0.008449534558505405,0.0014315848578916393,1.0065925371213265,4.169259907772322,-0.4838446868888283,-1.6140492200144458,-33.9171255942647,-0.01732439208936827,0.007316852025400354,1.005537946649476,4.188081953861765,5.952230207808145,True,2.2735528466199804,imu,-0.8254508640000001,-9.5501076048,2.847207328000001,2.12354991,-2.19124464,-0.5878640099999999,73.73426375161553,-3.6851650163845533,-1.537102918384987
235.032647,8.050384762684233,5.237588838262889,4445.81062194144,-10.340884842217093,26.793793012234058,4.224532171564422,-38.72611107960756,-34560.76302366331,0.5402084595731813,4.2562653595649795,-128592.55615093281,-0.6476644097268376,26.793793012234058,6513941810.485405,-179.57134748448527,-1.0563530076353398,65.35366545761133,-15.93471740629671,7.411586495807647,5.183382450256907,65.40318610076213,-24.40377066634835,-631593.0651678034,-676.8228754318177,0.0,5.4653995013191325,-22134.236777948423,-186409132135.86862,-5910.610959986583,-0.8522627681853989,0.0,0.0,1779.9499999998734,-3.3036899999997686,0.0,0.0,0.0,0.0,0.0,0.0,0.0,0.0,0.0,0.0,0.0,1256.0899999997591,-0.09666209999998965,0.0,0.0,0.0,0.0,0.0,0.0,0.0,0.0,0.0,0.000740156690234875,0.37750140436724733,5735.308704035746,-264.14186410060984,0.0,2.629388008783846e-07,0.0,-9.36691086074795e-09,53.99580476021495,-0.027612692625476443,53.99580476021495,0.0,1.442204882296763,7745.945783004725,-18.499820642827153,4486.679013405948,4.615697391839525,0.0,-3.7143291140327826e-16,0.0,1.0610706694829055e-13,-192.46129942315935,1.6772208518572203,-192.46129942315935,0.0,-88.7885592100005,998.9999999999573,-19.44143365713971,6.620615343692698,-16.127133020562763,gaze,0.5029786876499298,0.5081818353667034,-48.058006731587895,16.353760871185507,1100.5902473490678,28.939615865396668,-0.6102730264869073,-34.38325561803323,-0.03065199218616613,0.018105657142661036,1.005127228067283,4.192838224164198,-29.44092453763905,-2.6536661834353668,-33.43854509203394,-0.008827497850346179,0.0018135093338623176,1.006592680508359,4.168926065334023,-0.48579567582136157,-1.6121463219260312,-33.91628347638036,-0.01775078577148556,0.007488906563640284,1.005581553538506,4.188453426547758,5.4711056690888356,True,2.2744223015862093,imu,-0.8326286976000001,-9.572239258400002,2.8256738272,2.28804193,-2.303398290000001,-0.4981410899999998,73.7530603810814,-3.6988696284021807,-1.5396499704097442
235.041116,8.150305399980393,5.152129204848055,4445.713052423485,-10.511164693448379,27.015388757577732,4.263726657245086,-37.50226776595082,-35637.21392221004,0.546206936396002,4.295752952436705,-131009.48190397253,-0.662201825767383,27.015388757577732,6656220261.563303,-181.57524131093348,-1.0661109770505188,65.39661166233071,-16.094280818364084,7.505282518076594,5.097425252688829,65.44669480311688,-22.93350342475901,-644316.5624358928,-686.4874943532664,0.0,5.527621556643952,-22572.624219669073,-190509591492.6496,-6008.024204243308,-0.8608277764668473,0.0,0.0,1779.9499999998734,-3.3036899999997686,0.0,0.0,0.0,0.0,0.0,0.0,0.0,0.0,0.0,0.0,0.0,1256.0899999997591,-0.09666209999998954,0.0,0.0,0.0,0.0,0.0,0.0,0.0,0.0,0.0,0.0007015147005555861,0.37750451786941785,5735.343756727776,-264.2679277054683,0.0,2.6573603571859894e-07,0.0,-9.37267556056833e-09,53.99608554857713,-0.027546927662940868,53.99608554857713,0.0,1.4422109912051422,7874.092464944961,-18.723724064314474,4486.741875880471,4.653475666654074,0.0,-3.758035797554879e-16,0.0,1.0734219303948377e-13,-194.75122539149095,1.697499324496137,-194.75122539149095,0.0,-89.94748577730738,998.9999999999582,-19.757566396184416,6.683297549609456,-16.0791249148482,gaze,0.5032949861525744,0.5077504995123758,-45.37328299514454,14.36692541642217,1107.6279719699971,28.936128925156353,-0.6101011837194487,-34.37823947197241,-0.030999602815251256,0.018346674510016057,1.0052081094851275,4.193502084615897,-29.44624410084331,-2.650435030781172,-33.43791198644634,-0.009216195915847714,0.002196046058690025,1.006588664852194,4.168627118322025,-0.4876852084875126,-1.610165119544002,-33.91552070766328,-0.01818775789840444,0.007667126171908126,1.005621065010768,4.188847533679169,4.949481108944837,True,2.275101225367058,imu,-0.8493769760000001,-9.5578835912,2.8238793688,2.25065738,-2.33330593,-0.04204958,73.77038701810861,-3.712450943687589,-1.541809043937586
235.044021,8.18477631073093,5.12246812938211,4445.679698975622,-10.569866662959683,27.091728924662412,4.277230818161552,-37.08069521830339,-36010.4101799801,0.5482760323474333,4.309358139827547,-131846.81420477934,-0.6672151049003716,27.091728924662412,6705592522.82165,-182.26647537199625,-1.0694742983646415,65.41155176942931,-16.149297780874477,7.537607471569724,5.067592687367753,65.46182897945761,-22.426679990802086,-648727.7625547098,-689.8265718113523,0.0,5.549084338751566,-22724.601991871183,-191932614144.85602,-6041.728390256702,-0.8637821430851824,0.0,0.0,1779.9499999998716,-3.3036899999997633,0.0,0.0,0.0,0.0,0.0,0.0,0.0,0.0,0.0,0.0,0.0,1256.0899999997555,-0.09666209999998948,0.0,0.0,0.0,0.0,0.0,0.0,0.0,0.0,0.0,0.0006882072291809413,0.3775055898583919,5735.355785507592,-264.3111744548396,0.0,2.667010144316553e-07,0.0,-9.374653105538096e-09,53.9961822534851,-0.027524248380698307,53.9961822534851,0.0,1.4422130951943721,7918.434347693088,-18.800966302814135,4486.763506556657,4.666631429066811,0.0,-3.773117246082284e-16,0.0,1.0776836989025587e-13,-195.54092918567477,1.7044949790594117,-195.54092918567477,0.0,-90.34732179406467,998.9999999999573,-19.86676448018899,6.704950131623335,-16.062276316894497,gaze,0.5209946943465629,0.5063288791322149,-46.7514418907577,15.54263185847779,1095.109527987931,28.65164278873283,-0.5978943305639899,-34.35642636686315,-0.0516803431892544,0.0274132769493879,0.9982873606205466,4.167858123779297,-29.64754064637217,-2.621460688246624,-33.57296578763037,-0.0301324574827136,0.0029026590936443,0.9995416997685684,4.150391578674316,-0.4781332798860404,-1.587770733056535,-33.97171384530165,-0.0389488367418009,0.0158953604566375,0.9990091125003068,4.150381946563721,3.5232387143504784,True,2.0,imu,-0.9719198931173082,-9.540271192249245,2.8334769194574356,2.347381821626799,-1.0263972286030734,-0.9607693426342585,73.77599121133017,-3.717079779952698,-1.5424581636686663
235.049584,8.251068498329893,5.0651704129052355,4445.61599173948,-10.682699113730472,27.238389410190862,4.303176541512748,-36.27085726181167,-36730.756793275476,0.5522547930609144,4.335498021745416,-133462.1888360201,-0.6768535962681437,27.238389410190862,6800956683.344755,-183.59570596271328,-1.0759381273213722,65.44046138925165,-16.255060558531117,7.599774728629525,5.0099654026204945,65.49111184535985,-21.452550956327855,-657242.4096904759,-696.2551585923113,0.0,5.590356239551371,-23017.940522608475,-194681395982.89987,-6106.686997967807,-0.8694632035667598,0.0,0.0,1779.9499999998734,-3.3036899999997686,0.0,0.0,0.0,0.0,0.0,0.0,0.0,0.0,0.0,0.0,0.0,1256.0899999997573,-0.09666209999998959,0.0,0.0,0.0,0.0,0.0,0.0,0.0,0.0,0.0,0.0006626481543033844,0.37750764845150253,5735.378827654575,-264.3939979556517,0.0,2.685567724723302e-07,0.0,-9.378440287162593e-09,53.99636800087413,-0.027480645158788314,53.99636800087413,0.0,1.442217136550613,8003.901167406266,-18.949512779660054,4486.805025703165,4.69210674281581,0.0,-3.802125780740367e-16,0.0,1.0858807997705779e-13,-197.05923552547972,1.7179484738640887,-197.05923552547972,0.0,-91.11629812891687,998.9999999999591,-20.07696442678727,6.746631507867221,-16.02946632861378,gaze,0.503620880461574,0.5073169418269938,-41.95781363154959,12.262125295172197,1036.0642671847604,28.932514016646806,-0.6097790933550943,-34.3732394107134,-0.03135496962086164,0.018595468909021518,1.0052848295730015,4.194180000033283,-29.451678041037844,-2.6471211103978174,-33.43741072507298,-0.009615280670208854,0.0025786811506294527,1.0065804875951545,4.168363195845962,-0.489513086595668,-1.608108541413297,-33.914837503452716,-0.01863493124090166,0.007851199068683402,1.0056564700157251,4.189263903143408,4.407564141995327,True,2.2755883361129055,imu,-0.8505732816000001,-9.522592576,2.8095237016,2.0413039,-2.45293649,-0.1018648599999998,73.78624020553791,-3.7259002233924408,-1.5435683716942552
235.058053,8.352702622568568,4.976679617634641,4445.5194197689125,-10.855535594347018,27.46285442917008,4.342892486814377,-35.03155820525308,-37841.85301078111,0.5583537564431293,4.3755113107847,-135951.65697016456,-0.6916236407044605,27.46285442917008,6948217411.529322,-185.633319214948,-1.0858371500179391,65.48523365561283,-16.417101551740462,7.695089952528069,4.9209699183549915,65.53645640797782,-19.960504684221974,-670376.0957663588,-706.1289885162221,0.0,5.65362136555872,-23470.37422853967,-198926470733.02237,-6206.634686448972,-0.8781715200630393,0.0,0.0,1779.949999999868,-3.303689999999758,0.0,0.0,0.0,0.0,0.0,0.0,0.0,0.0,0.0,0.0,0.0,1256.089999999751,-0.09666209999998926,0.0,0.0,0.0,0.0,0.0,0.0,0.0,0.0,0.0,0.000623545446398463,0.37751079706556334,5735.413925068442,-264.52010476648354,0.0,2.7140182021723705e-07,0.0,-9.384206413625623e-09,53.99665220135114,-0.027413826436808647,53.99665220135114,0.0,1.442223320237174,8135.418877658731,-19.17725150086178,4486.868478754401,4.731605183491979,0.0,-3.846611924632549e-16,0.0,1.0984509077158853e-13,-199.38597958697355,1.7385741601736502,-199.38597958697355,0.0,-92.29533177686469,998.9999999999554,-20.39972827415916,6.810637220430564,-15.97813605266517,gaze,0.5039562304793148,0.5068814871916144,-37.93890333230761,10.39364352847356,885.888825574503,28.92877258490553,-0.6093045914366056,-34.368257881855776,-0.03171793739348093,0.01885178972890425,1.0053573895717347,4.194871941469539,-29.457223964094545,-2.6437272398528227,-33.43704122681661,-0.010024583418812918,0.0029610741464720647,1.0065681440213423,4.168134288888314,-0.49128008593667544,-1.6059786286767883,-33.9142337123354,-0.019092130050099722,0.008040893430060519,1.0056877759747365,4.189702346025122,3.8667648951947386,True,2.275882634759349,imu,-0.8529658928000001,-9.468758824,2.794569881600001,2.0413039,-2.31835211,-0.0869110399999999,73.80062779191842,-3.7392150605489594,-1.5449174597664264
235.064001,8.424599109430982,4.91361382727964,4445.451895284503,-10.977693240717656,27.621365442081448,4.370943033752829,-34.156520561097295,-38632.73177169636,0.5626675052179976,4.403771965704394,-137722.09652670598,-0.7020669495404346,27.621365442081448,7053158807.126915,-187.07455189300236,-1.092831966171071,65.51723149889403,-16.531653594805753,7.762520110203111,4.85754752644095,65.56885914338181,-18.90604218287433,-679724.8876892193,-713.1268567522825,0.0,5.698368422418735,-23792.39901792276,-201951916409.79398,-6277.598264788231,-0.8843307970378915,0.0,0.0,1779.9499999998689,-3.3036899999997598,0.0,0.0,0.0,0.0,0.0,0.0,0.0,0.0,0.0,0.0,0.0,1256.08999999975,-0.09666209999998931,0.0,0.0,0.0,0.0,0.0,0.0,0.0,0.0,0.0,0.0005959428408548115,0.3775130190935374,5735.438588241432,-264.60868590704854,0.0,2.7341438348831606e-07,0.0,-9.388256551066123e-09,53.99685283742696,-0.02736658038240744,53.99685283742696,0.0,1.4422276859341947,8228.808578491458,-19.338354338128312,4486.913220831808,4.759864718124476,0.0,-3.8780907527312436e-16,0.0,1.1073452167124058e-13,-201.03120603617134,1.7531647707665239,-201.03120603617134,0.0,-93.12945812070839,998.9999999999563,-20.62841696512146,6.8559899564615705,-15.94108445679559,gaze,0.5209741423076925,0.5092661541187019,-33.31101575369463,8.358279738071126,780.625623872839,28.64159454882337,-0.5946861365026985,-34.36097440635206,-0.0525279097238021,0.0285655939367299,0.9982108121750084,4.169705390930176,-29.6666435901659,-2.670708837364899,-33.55946315743266,-0.0278647972898488,-0.004124780461277,0.99960319090034,4.160168647766113,-0.4900602875273154,-1.5993049755172517,-33.96896584835754,-0.0398833909789181,0.0152174680850271,0.9989579752647376,4.1567786693572994,3.242942070618537,True,2.0,imu,-0.9742118523268619,-9.54294166366334,2.8239719611555447,2.4642396893368423,-0.9881160378063433,-1.063849619992961,73.80985916200714,-3.74848206316094,-1.545613888962172
235.066522,8.455200706480202,4.886654634922625,4445.423350816454,-11.029660957138752,27.68876437647707,4.382871199915938,-33.78448498558646,-38970.57914211601,0.5645034149441708,4.4157895027546825,-138478.00251985763,-0.7065106952719944,27.68876437647707,7098017932.504638,-187.68794443195037,-1.095807260665004,65.53093204146319,-16.580391861808554,7.791221601669502,4.830436656118721,65.5827320336831,-18.457479840026622,-683718.561811935,-716.1086544471245,0.0,5.717412566850278,-23929.957196458603,-203245275417.89532,-6307.867812457831,-0.8869521432112919,0.0,0.0,1779.9499999998661,-3.3036899999997598,0.0,0.0,0.0,0.0,0.0,0.0,0.0,0.0,0.0,0.0,0.0,1256.0899999997473,-0.0966620999999892,0.0,0.0,0.0,0.0,0.0,0.0,0.0,0.0,0.0,0.0005842087164754997,0.37751396355661315,5735.449044798133,-264.6462333915199,0.0,2.7427099069699136e-07,0.0,-9.389973270849136e-09,53.99693813436869,-0.027346476260415087,53.99693813436869,0.0,1.4422295419960864,8268.646801298259,-19.40692510585224,4486.932228561527,4.771971937025427,0.0,-3.891491503293238e-16,0.0,1.1111314797607566e-13,-201.7312911495248,1.7593750132483574,-201.7312911495248,0.0,-93.48450897377293,998.9999999999554,-20.725845630110086,6.875312316135478,-15.925130337551956,gaze,0.5043007750659612,0.5064446216250091,-33.77799175908021,8.915603916404882,745.2925401103845,28.924907418690303,-0.6086758020691507,-34.36329912669784,-0.032088218999677745,0.019115292150573126,1.005425763799303,4.195577636601275,-29.462877465703805,-2.640257491201198,-33.43680356239703,-0.010443788003443286,0.0033427417169824974,1.0065516327935489,4.167940478754703,-0.49298642218942823,-1.6037782131718044,-33.91370940413698,-0.019559013393264598,0.008235906938567284,1.0057149783092094,4.190162518957861,3.348671314083838,True,2.2759829458832477,imu,-0.8912476720000001,-9.4753385048,2.805336632,2.116073,-2.28096756,-0.14672632,73.81355528873027,-3.752388223899695,-1.5458455316612012
235.07499,8.558555291602284,4.795093949084958,4445.327798958497,-11.205061440054727,27.91609915276114,4.423109268397165,-32.5297556163041,-40117.00500120595,0.5707033341615279,4.456329160699071,-141041.3272374545,-0.721513441468427,27.91609915276114,7250372811.495054,-189.75943732873768,-1.105847642485219,65.57755973252523,-16.74491898788768,7.888162717229561,4.738364142200062,65.62994186863597,-16.943596632423464,-697270.6697333485,-726.1937808757184,0.0,5.78172523809627,-24396.71857080192,-207638243085.24472,-6410.386387221058,-0.8958044578440154,0.0,0.0,1779.949999999867,-3.303689999999756,0.0,0.0,0.0,0.0,0.0,0.0,0.0,0.0,0.0,0.0,0.0,1256.0899999997455,-0.09666209999998909,0.0,0.0,0.0,0.0,0.0,0.0,0.0,0.0,0.0,0.0005446402037478371,0.3775171477622081,5735.484182661687,-264.7723690744816,0.0,2.771640848212023e-07,0.0,-9.395740189431438e-09,53.99722578354749,-0.027278599632777817,53.99722578354749,0.0,1.4422358015427825,8403.585441837711,-19.63851760177367,4486.996268513514,4.813207561622157,0.0,-3.9367616147486793e-16,0.0,1.1239216920356492e-13,-204.09499540352334,1.7803495840773222,-204.09499540352334,0.0,-94.68374740447504,998.9999999999554,-21.055302726194213,6.940654132710776,-15.870446190943646,gaze,0.5046542425696852,0.5060068394767193,-30.088528920657936,7.834503174678854,674.885050598332,28.920921436026102,-0.6078911117724051,-34.35836739445486,-0.03246551735036633,0.01938562143501586,1.0054899290593209,4.196296802564853,-29.468633998740778,-2.6367160578015203,-33.43669770643345,-0.010872566885249221,0.003723193571346463,1.006530955276321,4.167781824879815,-0.49463242564414267,-1.6015102267363481,-33.91326458542131,-0.020035228383029513,0.008435929137500076,1.0057380751701497,4.190644060032932,2.8733792511773646,True,2.27588819342724,imu,-0.9139774784,-9.4382530312,2.8035421736,2.28056502,-2.15386009,-0.4532796299999999,73.82503215793265,-3.765412497786219,-1.5463423910556187
235.075626,8.566353071181222,4.78815439102349,4445.320642910454,-11.21828762323451,27.933232212907065,4.426142099142805,-32.43520166901271,-40203.834518276155,0.5711710538694938,4.459384729656717,-141235.36538269662,-0.7226449964004025,27.933232212907065,7261920375.95705,-189.91571306066405,-1.1066046331440826,65.58109974524496,-16.7573269149315,7.895476868456342,4.731385996428635,65.63352580557824,-16.829447304383507,-698297.1147939374,-726.9555654052524,0.0,5.786576964795328,-24432.069653167586,-207971224068.2324,-6418.138896067474,-0.8964722705861997,0.0,0.0,1779.9499999998661,-3.303689999999756,0.0,0.0,0.0,0.0,0.0,0.0,0.0,0.0,0.0,0.0,0.0,1256.0899999997455,-0.09666209999998887,0.0,0.0,0.0,0.0,0.0,0.0,0.0,0.0,0.0,0.0005416587464129458,0.3775173876523201,5735.486822634626,-264.7818435468363,0.0,2.7738235790213386e-07,0.0,-9.39617335154174e-09,53.9972474589502,-0.027273480011838713,53.9972474589502,0.0,1.4422362732420675,8413.790344408866,-19.6559905372205,4487.001090360725,4.816340039323997,0.0,-3.940177733855613e-16,0.0,1.1248868235013991e-13,-204.27328111026725,1.7819320475481506,-204.27328111026725,0.0,-94.77423127533355,998.9999999999545,-21.080184117984345,6.945589081046716,-15.866270787603508,gaze,0.5046811455341361,0.5059739327231929,-29.846908211596165,7.767433285032448,672.2450305410794,28.920617237408372,-0.607825835982439,-34.35799816046986,-0.03249413268735798,0.019406192585299426,1.005494578246188,4.1963513580538185,-29.46907042720521,-2.63644727048741,-33.43669507455084,-0.010905151537824257,0.0037517080415582493,1.0065292339668117,4.167771328434493,-0.494753639575052,-1.6013372240006225,-33.91323438162178,-0.020071365650173027,0.00845114707657391,1.005739644311014,4.190681082984861,2.8399094280006825,True,2.2758731719341787,imu,-0.9755417412406899,-9.544446331715289,2.818547592146406,2.5572600574494304,-0.9491015782447695,-1.1352204546579143,72.4130996,-3.241042000000016,-0.7507280000000116
235.083459,8.662795602240331,4.701963459920847,4445.232744458852,-11.38178552201746,28.14491930414308,4.463617555617487,-31.267043085324076,-41281.60917204991,0.5769552803028384,4.49714123045117,-143642.64614130525,-0.73663588336052,28.14491930414308,7405351018.785711,-191.8483888888145,-1.115961041228314,65.62513653139598,-16.910728816153497,7.985940747286977,4.644718136767654,65.67810588251098,-15.418438082664238,-711038.1143773041,-736.3875756139905,0.0,5.846577600361907,-24870.85394462562,-212107375685.6883,-6514.226893420886,-0.9047309909463164,0.0,0.0,1779.9499999998661,-3.3036899999997527,0.0,0.0,0.0,0.0,0.0,0.0,0.0,0.0,0.0,0.0,0.0,1256.0899999997418,-0.09666209999998898,0.0,0.0,0.0,0.0,0.0,0.0,0.0,0.0,0.0,0.0005048281044914005,0.3775203506500351,5735.519346926823,-264.8985417475553,0.0,2.80081930434446e-07,0.0,-9.401508543140378e-09,53.99751523459685,-0.027210177467436092,53.99751523459685,0.0,1.442242100814708,8540.283315132376,-19.87209520054498,4487.060614706406,4.855327295502825,0.0,-3.9824354281200335e-16,0.0,1.13682526122203e-13,-206.4777564236222,1.8015038686593456,-206.4777564236222,0.0,-95.89339043616171,998.9999999999545,-21.388202834243657,7.006683221475136,-15.81406111412372,gaze,0.5050164808943687,0.5055684876263952,-27.411120783700714,7.071695301713206,655.6364331235654,28.916816206821515,-0.6069488160442135,-34.353465204890966,-0.032849662909145066,0.019662512470720848,1.0055498851537252,4.197029408021187,-29.474490969211622,-2.633105959921605,-33.43672356969506,-0.011310738268014115,0.0041020668151070805,1.0065061060018636,4.167658327222179,-0.4962190870524623,-1.5991768607170727,-33.91289908390035,-0.020520583984642772,0.008640715086540077,1.0057570734466679,4.191146770886372,2.4578698491950592,True,2.2755972641420366,imu,-0.8786864632000002,-9.555490980000002,2.8101218544,2.51234923,-1.97441425,-1.11872462,73.83507499845959,-3.778285220901088,-1.546398389996065
235.084093,8.670634443572103,4.694928519764737,4445.225649103624,-11.39506792776168,28.16210794392022,4.466660776023559,-31.172198739893247,-41369.52468220517,0.577425381135949,4.500207279519009,-143838.91213118657,-0.7377727259111952,28.16210794392022,7417058632.369759,-192.00546587979406,-1.1167210435708386,65.628736401874,-16.92319257262844,7.993293873421025,4.637644457929127,65.68174991473973,-15.30381466431561,-712077.4321365227,-737.1550433524208,0.0,5.851454023373035,-24906.6451807383,-212445011222.11816,-6522.053568413632,-0.9054021987529439,0.0,0.0,1779.9499999998634,-3.3036899999997527,0.0,0.0,0.0,0.0,0.0,0.0,0.0,0.0,0.0,0.0,0.0,1256.0899999997418,-0.09666209999998887,0.0,0.0,0.0,0.0,0.0,0.0,0.0,0.0,0.0,0.0005018380392629723,0.3775205911648223,5735.521980262412,-264.90798808558725,0.0,2.8030135019650785e-07,0.0,-9.401940400028264e-09,53.997536974894615,-0.02720503358550075,53.997536974894615,0.0,1.44224257396756,8550.587297229158,-19.889660205341986,4487.065443787804,4.858515961552968,0.0,-3.985870724311231e-16,0.0,1.1377957582318277e-13,-206.65689138544911,1.8030946652570559,-206.65689138544911,0.0,-95.98436044619558,998.9999999999545,-21.413261831042462,7.011653727150652,-15.809771611610712,gaze,0.520506763828531,0.5100866696072582,-27.31365377581684,6.371114899021605,655.1189522488348,28.64250441895959,-0.6007541925278466,-34.34909817250882,-0.0512574591500946,0.0300792116385052,0.998232394740164,4.17317008972168,-29.67506723787942,-2.693728540137669,-33.55126414526202,-0.026382908793765,-0.0069125974225573,0.999628009871899,4.170118808746338,-0.5010679928928035,-1.613413836916024,-33.9649760770255,-0.0403560219240596,0.0141181677657771,0.9989225953389212,4.162465620040893,2.71202755008674,True,2.0,imu,-0.9765068529457387,-9.545518804104534,2.8146480997653187,2.635583369624027,-0.9138334815420784,-1.1923007437534943,73.8357695174991,-3.7792425688527205,-1.5463845787518657
235.091958,8.768288246783115,4.606923081130468,4445.137867482528,-11.560452636941633,28.376023306380734,4.5045376052377835,-29.99194955962048,-42468.68951895833,0.5832812486169954,4.538368319116074,-146291.48929731,-0.7519309165315229,28.376023306380734,7563531047.160702,-193.9621496295518,-1.1261828607271793,65.67383943147513,-17.0784031653388,8.084899643459734,4.549156749388633,65.7274031368691,-13.87666063625636,-725071.7440185326,-746.7263711247417,0.0,5.9121977120611895,-25354.11369538313,-216669371569.51315,-6619.764534294421,-0.9137631523027538,0.0,0.0,1779.9499999998643,-3.303689999999749,0.0,0.0,0.0,0.0,0.0,0.0,0.0,0.0,0.0,0.0,0.0,1256.0899999997391,-0.0966620999999887,0.0,0.0,0.0,0.0,0.0,0.0,0.0,0.0,0.0,0.0004646322930842717,0.37752358350627246,5735.554658095578,-265.0251837218233,0.0,2.830347992232833e-07,0.0,-9.407298100272311e-09,53.99780750635671,-0.027140969428134376,53.99780750635671,0.0,1.4422484620607277,8679.234954607276,-20.108480125951743,4487.125490098846,4.898485756012441,0.0,-4.028674035188783e-16,0.0,1.1498876904712023e-13,-208.88794350381858,1.822912331866756,-208.88794350381858,0.0,-97.11769735794512,998.9999999999527,-21.72573035345482,7.073634596039817,-15.755763034726543,gaze,0.505388534995247,0.5051285232414737,-25.992345641096534,6.524769483075555,645.0907508680724,28.912579620961,-0.605843497307875,-34.3485796602369,-0.033241741497130994,0.019946611524677065,1.0056057992751102,4.197777828369108,-29.480464907796115,-2.629418429754911,-33.43688186557088,-0.01175956214954484,0.0044801867169708826,1.0064769771229867,4.167569788507245,-0.49775219460604336,-1.596772580174585,-33.912611990262995,-0.021016479081127977,0.008850692245676604,1.0057720179012535,4.191672166389774,2.1138071415049433,True,2.2751069933865553,imu,-0.9139774784,-9.648802816800002,2.7951680344,2.69179507,-1.86973751,-1.96361545,73.8437273641716,-3.791043804069269,-1.5460018831009734
235.100424,8.87425563640265,4.510665530144692,4445.04387390316,-11.739744812838055,28.607704202388774,4.545567322835799,-28.713900193828522,-43669.64844034612,0.5896346244631608,4.579706066496461,-148968.61809742998,-0.7672855643857175,28.607704202388774,7723772592.35696,-196.08514455188308,-1.1364376697792566,65.7233158071466,-17.246705546313578,8.184310010958848,4.452376542563254,65.77747662756116,-12.329638877035563,-739269.9567192359,-757.1343083051677,0.0,5.978101931313622,-25842.99855332174,-221291356905.30063,-6726.2287460942625,-0.9228343913717894,0.0,0.0,1779.9499999998616,-3.3036899999997438,0.0,0.0,0.0,0.0,0.0,0.0,0.0,0.0,0.0,0.0,0.0,1256.0899999997364,-0.09666209999998865,0.0,0.0,0.0,0.0,0.0,0.0,0.0,0.0,0.0,0.0004243483685030247,0.3775268225752244,5735.589854375645,-265.15135637683386,0.0,2.860009356002585e-07,0.0,-9.41306595638638e-09,53.99810044934645,-0.027071485731350015,53.99810044934645,0.0,1.4422548385707712,8819.426325259083,-20.34593072291006,4487.190414610581,4.942368107019675,0.0,-4.0751369754797814e-16,0.0,1.1630127959803255e-13,-211.30778759736614,1.8444172382139332,-211.30778759736614,0.0,-98.34764805684856,998.9999999999536,-22.065407260736976,7.141016787478918,-15.695975326577054,gaze,0.5057673937219797,0.5046906746049078,-25.659994099049584,6.1223225800486825,633.8963757542992,28.908245806452218,-0.6045823236053197,-34.343750676691634,-0.033638570763235176,0.02023546633725551,1.0056572448572199,4.198536298927399,-29.48650733023385,-2.6256848760620963,-33.4371712169076,-0.012215409332893992,0.00485428282273221,1.006443787694316,4.167516872977784,-0.4992211657556921,-1.594318109984968,-33.91240527029382,-0.02151891382332028,0.009063997427565699,1.005782802993241,4.192216011177341,1.8505073802124672,True,2.274420042752078,imu,-0.918164548,-9.5752300224,2.8029440208,2.31794957,-1.712722400000001,-1.54490849,73.85094581561037,-3.803587902197626,-1.5451471049231726
235.104074,8.920215540056182,4.468673842196928,4445.003509147882,-11.81745202757999,28.708045903832243,4.563339756949568,-28.1604444437271,-44193.17108856514,0.5923898737863295,4.597611978408741,-150134.80630610237,-0.773942267953668,28.708045903832243,7793690862.248536,-197.00584084510768,-1.140881363260763,65.74494548447746,-17.31966242803741,8.227427900662093,4.410158383880397,65.7993653109682,-11.65918858120881,-745459.4138708541,-761.6554072630265,0.0,6.0066823300898875,-26056.106169005194,-223308235073.31934,-6772.543930515989,-0.9267682729542087,0.0,0.0,1779.949999999857,-3.3036899999997384,0.0,0.0,0.0,0.0,0.0,0.0,0.0,0.0,0.0,0.0,0.0,1256.0899999997328,-0.09666209999998848,0.0,0.0,0.0,0.0,0.0,0.0,0.0,0.0,0.0,0.0004069046963917772,0.377528224888084,5735.605035603068,-265.20576092476654,0.0,2.8728739673145213e-07,0.0,-9.415552931333417e-09,53.998227308309566,-0.02704136039601615,53.998227308309566,0.0,1.4422576001372418,8880.420001286504,-20.448917945382917,4487.218498854847,4.961563261030719,0.0,-4.095293817027801e-16,0.0,1.168706596817872e-13,-212.3569519511943,1.8537443380384855,-212.3569519511943,0.0,-98.88114113971788,998.9999999999509,-22.212926109146466,7.170281690503167,-15.66966788711505,gaze,0.5205438811065337,0.5094733902120471,-26.38728618269931,6.604327962603275,631.7910078630578,28.64200594845356,-0.5985257803178856,-34.3479411093675,-0.0506908121127616,0.031022031292904,0.9982324754994756,4.174416542053223,-29.68755357626496,-2.698646642907054,-33.54542679767274,-0.0268730843813475,-0.0063406131448745,0.9996187443024368,4.190141677856445,-0.5083913510746136,-1.6267740456803668,-33.95894947760256,-0.0399460610047775,0.0133213532377745,0.9989200201276706,4.167222929000855,2.2906337928672875,True,2.0,imu,-0.9787664474059078,-9.547968980538023,2.805624919690919,2.8494905603155654,-0.8109540208865746,-1.3432299291123655,73.85363237434484,-3.8089438580063852,-1.544634862851369
235.10889,8.981110521699385,4.4128122196800454,4444.950397190325,-11.920360344464491,28.840863376879923,4.586866445907888,-27.427928604136014,-44889.27184711769,0.5960401747134015,4.621315409379332,-151684.6611858846,-0.7827594456568177,28.840863376879923,7886718477.160555,-198.22564998931807,-1.1467653947373178,65.77376181320051,-17.41629162525809,8.284559061347698,4.353996894227574,65.82852483720637,-10.771348149441792,-753689.3700063399,-767.6521568752257,0.0,6.044547065839764,-26339.457724516942,-225991883571.85977,-6834.0392146291015,-0.931980075667463,0.0,0.0,1779.9499999998634,-3.3036899999997438,0.0,0.0,0.0,0.0,0.0,0.0,0.0,0.0,0.0,0.0,0.0,1256.0899999997337,-0.09666209999998854,0.0,0.0,0.0,0.0,0.0,0.0,0.0,0.0,0.0,0.00038381824067652143,0.3775300805916546,5735.625072798663,-265.27755153820397,0.0,2.889919031638092e-07,0.0,-9.418834601595205e-09,53.998395212905166,-0.0270014556242269,53.998395212905166,0.0,1.4422612554323626,8961.41046045515,-20.585372618335526,4487.255640531552,4.987145751736222,0.0,-4.1220055065672973e-16,0.0,1.1762517805585125e-13,-213.7467170228545,1.8661024176696241,-213.7467170228545,0.0,-99.58803687926724,998.9999999999527,-22.408563223016955,7.209093607701909,-15.634465277577858,gaze,0.5061542310798344,0.5042537064644856,-25.903030719866276,5.819389227218503,633.0159279897674,28.9038012638551,-0.6031604230821125,-34.338962932797436,-0.03404138221035808,0.020529819590781817,1.0057044334846181,4.199307486833318,-29.492637017202764,-2.621895217918821,-33.43759181370956,-0.012679701781705492,0.005225353066958455,1.006406434402937,4.167499189356861,-0.5006328811690252,-1.5918071629059831,-33.91227750849572,-0.022029470994203486,0.009281128397100488,1.0057894985944027,4.192779967832802,1.66591630331975,True,2.2735338276646044,imu,-0.8876587552000001,-9.5668558832,2.808327396000001,2.30299575,-1.286538530000001,-1.64958523,73.8567894214522,-3.815961480569925,-1.5438249298004652
235.117356,9.088857775235917,4.313350460405317,4444.857440210337,-12.102306377254912,29.075507761634988,4.628436352746549,-26.134003964988096,-46127.773731749505,0.6024982055526122,4.663197737443579,-154440.0397455729,-0.7983530228153084,29.075507761634988,8052402786.482811,-200.38376912679584,-1.157166414739469,65.8251864046789,-17.587168525180502,8.385651402243608,4.254005096068653,65.88055675084206,-9.201728248719974,-768332.5540560962,-778.2807586762883,0.0,6.111536188271597,-26843.579162587157,-230771948318.10565,-6943.208503062004,-0.9412006479416651,0.0,0.0,1779.949999999858,-3.3036899999997402,0.0,0.0,0.0,0.0,0.0,0.0,0.0,0.0,0.0,0.0,0.0,1256.0899999997273,-0.09666209999998832,0.0,0.0,0.0,0.0,0.0,0.0,0.0,0.0,0.0,0.00034303940932607635,0.37753335777498176,5735.660313332792,-265.4037693487327,0.0,2.9200784856912335e-07,0.0,-9.424604047814169e-09,53.9986918151059,-0.026930876009306215,53.9986918151059,0.0,1.442267713112841,9105.204417051029,-20.82681748805558,4487.321168838949,5.032824264269877,0.0,-4.169282142530026e-16,0.0,1.18960535054608e-13,-216.20483903996387,1.887968927068533,-216.20483903996387,0.0,-100.83892479185101,998.9999999999518,-22.755224173813872,7.2778702714485775,-15.5712231761714,gaze,0.5065487864596799,0.5038180999224224,-26.117106676589973,5.594192187483141,636.2328382736465,28.899248792156737,-0.6015771273391919,-34.33422015228616,-0.03444989081763976,0.020829315995752606,1.0057473519172646,4.200091174561487,-29.498849642574804,-2.618053657864513,-33.43814345240716,-0.013152129291768363,0.005592915358617771,1.006364919679146,4.167516753222223,-0.5019882151156846,-1.5892427364062236,-33.91222853159502,-0.022547817178359485,0.00950177028955742,1.005792109389299,4.193363690666299,1.551042621097245,True,2.272447290437298,imu,-0.9199590064,-9.562668813600002,2.7688493112,2.37776485,-0.9650314,-2.15801511,73.86128364095322,-3.8281586001261623,-1.5420273485931282
235.124165,9.176167086175775,4.232180080073409,4444.783056200584,-12.249611422775438,29.265308927649833,4.6620674381141844,-25.087540111899216,-47137.71477259323,0.6077305309279155,4.697081700705381,-156684.95254981198,-0.8109817230523295,29.265308927649833,8187668902.141598,-202.13234256585528,-1.1655851432444828,65.86726209749014,-17.72554212807921,8.467572537627245,4.172405719970406,65.92312463252597,-7.931059695749468,-780273.8312967652,-786.9100199081836,0.0,6.165810718046688,-27254.65148342593,-234674831039.0578,-7032.005220070521,-0.9486711699804334,0.0,0.0,1779.9499999998588,-3.3036899999997367,0.0,0.0,0.0,0.0,0.0,0.0,0.0,0.0,0.0,0.0,0.0,1256.0899999997264,-0.09666209999998832,0.0,0.0,0.0,0.0,0.0,0.0,0.0,0.0,0.0,0.0003100598226777884,0.37753600759099326,5735.688672467546,-265.50529982598846,0.0,2.944517238055622e-07,0.0,-9.429244863824015e-09,53.99893171148551,-0.026873709710766386,53.99893171148551,0.0,1.4422729368050575,9222.179220893007,-21.022467025216464,4487.374091744972,5.070219826547266,0.0,-4.207603422031507e-16,0.0,1.2004289257871961e-13,-218.19584593023689,1.9056879206827708,-218.19584593023689,0.0,-101.8526431245318,998.9999999999518,-23.036596008103984,7.333697023576935,-15.519095745955504,gaze,0.5207451762450931,0.5095274779204716,-26.39745662581404,6.50245824384579,625.6634991542976,28.6381656735858,-0.5950703657499947,-34.35135965081964,-0.05114930090951,0.0311459461924432,0.9982052289245162,4.17947244644165,-29.69593159896484,-2.706885335003008,-33.53985830493997,-0.0271451690998454,-0.0065385619768348,0.9996101174967248,4.190500259399414,-0.5156823271092147,-1.637836084932167,-33.953477789884886,-0.0395704242132943,0.012721216609807,0.998917003429968,4.172594356536865,2.577266307727736,True,2.0,imu,-0.9810021054579522,-9.550314215204203,2.796818961009777,3.0898164406927444,-0.6854670276187897,-1.516266566673324,73.86393813027055,-3.8378363552802863,-1.540231532354591
235.125822,9.19750228549646,4.212267506197197,4444.765005838897,-12.285590081715831,29.311644309726645,4.670278426612868,-24.832095403786298,-47385.36969361454,0.6090090243160319,4.705354445375233,-157235.1779764269,-0.8140667588894792,29.311644309726645,8220859890.4244175,-202.55960553847493,-1.1676411102076187,65.87759858020866,-17.759343394714104,8.487591656251327,4.152388382917675,65.93358139720021,-7.620718760149543,-783202.0988418122,-789.0209597621601,0.0,6.1790723822937785,-27355.451497884937,-235632556290.38397,-7053.749251421259,-0.9504965526919178,0.0,0.0,1779.9499999998598,-3.3036899999997367,0.0,0.0,0.0,0.0,0.0,0.0,0.0,0.0,0.0,0.0,0.0,1256.0899999997264,-0.0966620999999882,0.0,0.0,0.0,0.0,0.0,0.0,0.0,0.0,0.0,0.0003020093630006146,0.3775366543456353,5735.695575946134,-265.5300099516942,0.0,2.9504891903593943e-07,0.0,-9.430374307011128e-09,53.99899027410282,-0.02685974377777467,53.99899027410282,0.0,1.442274212081756,9250.825359454702,-21.070277051365682,4487.387000511822,5.07940923888372,0.0,-4.216969407329563e-16,0.0,1.203074215084668e-13,-218.68226129828327,1.9100178271795656,-218.68226129828327,0.0,-102.10037298637593,998.9999999999518,-23.1054161718682,7.347352018831476,-15.506239276299889,gaze,0.5069507928414607,0.5033843439950738,-25.821220504429657,5.432937587928985,619.9942230490138,28.894591263993924,-0.5998319963365625,-34.329526063857976,-0.03486380480565197,0.021133593512194175,1.005785987450325,4.200887140397575,-29.50514078474927,-2.614164487109756,-33.43882589389313,-0.013632374707459212,0.005956480070491189,1.0063192467202324,4.167569574589754,-0.503288097344516,-1.5866278972751884,-33.912258139244415,-0.023073611297831767,0.0097256024238641,1.0057906408899653,4.19396682538444,1.4897067986904773,True,2.271159381612524,imu,-0.9319220624,-9.5237888816,2.7556899496,2.47496468,-0.37435551,-2.13558438,73.86445656609655,-3.840173269727302,-1.5397468278920492
235.134288,9.307048956910219,4.109550554024803,4444.673096961116,-12.470218653469281,29.5492799955516,4.712394055745851,-23.522172000945375,-48662.2769449763,0.6155729394913293,4.7477869328768625,-160070.50310613913,-0.8299011174642503,29.5492799955516,8392124445.463514,-204.75326318844205,-1.1781898628496044,65.93100738209273,-17.932823408162157,8.59038446098479,4.049133932634344,65.98760784879937,-6.02825905868508,-798300.6142096722,-799.8736104094937,0.0,6.247158742662891,-27875.164040073858,-240574721067.69565,-7165.674176831481,-0.9598682361647852,0.0,0.0,1779.9499999998534,-3.303689999999733,0.0,0.0,0.0,0.0,0.0,0.0,0.0,0.0,0.0,0.0,0.0,1256.0899999997227,-0.09666209999998798,0.0,0.0,0.0,0.0,0.0,0.0,0.0,0.0,0.0,0.00026072557903705773,0.3775399705250524,5735.730860606589,-265.6562734908339,0.0,2.9811526234957033e-07,0.0,-9.436145391206318e-09,53.99929060813014,-0.026788055809444017,53.99929060813014,0.0,1.442280752810861,9398.290559964315,-21.315763071107263,4487.453136530996,5.126906290031343,0.0,-4.2650698348289776e-16,0.0,1.2166590861225944e-13,-221.1790918379993,1.9322501827128795,-221.1790918379993,0.0,-103.37244288014409,998.9999999999509,-23.459165401436294,7.417544115395973,-15.439503797346614,gaze,0.5073599767528065,0.5029529356559828,-24.87273821869531,5.317541941473878,576.101388308469,28.889831626136495,-0.5979248248931008,-34.32488439890273,-0.035282825592328614,0.021442283311385896,1.0058203279186775,4.2016951584134565,-29.51150592605797,-2.610232086086189,-33.4396388632326,-0.014120113879271538,0.006315549999150842,1.0062694194962125,4.1676576578679905,-0.50453350802381,-1.5839657820720128,-33.912366103792934,-0.023606504563780918,0.009952298270000055,1.005785099442057,4.194589009034711,1.461813333820424,True,2.2696690600437694,imu,-0.8810790744000001,-9.513620284000002,2.742530588,2.6394567,0.0219207199999997,-1.95613854,73.8663388176037,-3.85199944601796,-1.5369763258127054
235.142754,9.417502709874835,4.0051867438341375,4444.58171647153,-12.656199313295723,29.788421814862854,4.754784633371769,-22.20420278998381,-49958.71431690827,0.6221902607206926,4.790496604676974,-162946.4454008901,-0.8458565626799923,29.788421814862854,8566231395.6437645,-206.96484643142156,-1.188813055661321,65.98542189640409,-18.107615765542914,8.694034469088956,3.944228865991242,66.04264522203817,-4.424288308598079,-813630.7299545566,-810.8395651282208,0.0,6.315798375226682,-28402.806780705905,-245599464696.9219,-7278.996073744702,-0.9693161463592945,0.0,0.0,1779.9499999998516,-3.303689999999728,0.0,0.0,0.0,0.0,0.0,0.0,0.0,0.0,0.0,0.0,0.0,1256.089999999719,-0.09666209999998793,0.0,0.0,0.0,0.0,0.0,0.0,0.0,0.0,0.0,0.00021918552352137577,0.37754330653568857,5735.766167281952,-265.78256011037274,0.0,3.0120702686193056e-07,0.0,-9.44191731247268e-09,53.999592835503364,-0.026715808972731375,53.999592835503364,0.0,1.4422873357741297,9547.617399105806,-21.56328735374571,4487.519577879131,5.175321052392839,0.0,-4.3135859688114244e-16,0.0,1.2303606784202196e-13,-223.69543909058632,1.9546670623269429,-223.69543909058632,0.0,-104.65519611638427,998.9999999999509,-23.81649817258446,7.488451852180361,-15.371006924076699,gaze,0.5077760582276437,0.5025243798789276,-23.53898024908163,5.220000279832992,526.6368351998007,28.88497289997076,-0.5958556491863581,-34.32029888922116,-0.03570664774889558,0.02175500973758341,1.0058503617014227,4.202514998442369,-29.517940452170514,-2.606260924996414,-33.44058204937331,-0.014615015621344004,0.0066696203249375224,1.0062154427555667,4.167781001812648,-0.5057254726815448,-1.5812595975742023,-33.912552170056,-0.024146140428139937,0.01018152541639725,1.0057754922309956,4.195229869949895,1.446868578315871,True,2.2679752929775705,imu,-0.8583492680000002,-9.4962738528,2.7168100176,3.02825602,0.33595094,-1.98604618,73.86696344094595,-3.863631033289098,-1.5337093077891462
235.144146,9.435750954840062,3.9878684535071507,4444.566742254807,-12.686908632423254,29.827886749974244,4.76178101061047,-21.98672678026287,-50173.76244791597,0.6232834304622529,4.797545662971148,-163423.23282805752,-0.8484916187392972,29.827886749974244,8595133005.05308,-207.330203465912,-1.1905668990434997,65.99446576652906,-18.136481671128355,8.711159232715927,3.926821219873432,66.0517920048909,-4.159453446317457,-816173.6978006157,-812.6535193562934,0.0,6.32713744710142,-28490.328463248654,-246433621288.23788,-7297.763349456995,-0.9708769224971625,0.0,0.0,1779.949999999857,-3.303689999999735,0.0,0.0,0.0,0.0,0.0,0.0,0.0,0.0,0.0,0.0,0.0,1256.08999999972,-0.09666209999998804,0.0,0.0,0.0,0.0,0.0,0.0,0.0,0.0,0.0,0.00021233069995608977,0.37754385696438275,5735.771974595318,-265.80332667831294,0.0,3.0171782600104104e-07,0.0,-9.442866426562064e-09,53.99964271096883,-0.026703876258200587,53.99964271096883,0.0,1.4422884222365946,9572.349494016398,-21.60418182701322,4487.530531621429,5.183369765038755,0.0,-4.3216030789934313e-16,0.0,1.2326247501248734e-13,-224.11105875079863,1.9583706376201182,-224.11105875079863,0.0,-104.86713644706046,998.9999999999518,-23.87559655407938,7.500179546151845,-15.359575208560571,gaze,0.520669920076429,0.5117117713944362,-21.87090464180497,4.057118813658851,520.1087520471804,28.63840593089115,-0.593579210961283,-34.35570974724783,-0.0504946598631751,0.0313930402841037,0.9982308181713402,4.170187950134277,-29.69700532863662,-2.735058182247682,-33.53597343502572,-0.0263931873978383,-0.010878475170935,0.999592446168406,4.192359447479248,-0.5219524811198276,-1.648764322372002,-33.94970689266289,-0.0390779288721988,0.0117410795168207,0.9989164238250312,4.177024126052856,2.170469838427487,True,2.0,imu,-0.9831754653416211,-9.552523750920257,2.7883430480227904,3.3265803538164334,-0.5459374043741584,-1.7070098719384987,73.86694816213891,-3.865524475133645,-1.533124183226928
235.15122,9.528868480779762,3.899163158432586,4444.490867274104,-12.843539307177053,30.02907678480184,4.79745155771347,-20.878156757582474,-51274.90226521343,0.6288612988029156,4.833484870539407,-165863.43817607546,-0.8619335592313471,30.02907678480184,8743215973.76242,-209.19446001348436,-1.199511072928849,66.0408512530775,-18.283727692634493,8.798546348261565,3.8376602465581904,66.09870267728775,-2.8087454631166793,-829195.0958958598,-821.9196826719674,0.0,6.384994396943302,-28938.470395798784,-250707817728.04883,-7393.727814171483,-0.9788407330303457,0.0,0.0,1779.9499999998516,-3.303689999999726,0.0,0.0,0.0,0.0,0.0,0.0,0.0,0.0,0.0,0.0,0.0,1256.0899999997164,-0.09666209999998776,0.0,0.0,0.0,0.0,0.0,0.0,0.0,0.0,0.0,0.00017738665124901465,0.37754666260101555,5735.801495939839,-265.9088699550066,0.0,3.043243614925612e-07,0.0,-9.447690082935828e-09,53.99989697461933,-0.026643000124638827,53.99989697461933,0.0,1.4422939614477626,9698.8233659706,-21.812861749448267,4487.586325540709,5.224659180909825,0.0,-4.362520362998719e-16,0.0,1.244179709555303e-13,-226.23141187949602,1.9772695386355879,-226.23141187949602,0.0,-105.94869456465187,998.9999999999491,-24.17744092148314,7.56008054577601,-15.30073880657815,gaze,0.5081987507648056,0.5020991896809696,-22.317465918220947,5.108391713655671,500.69908092937885,28.880018181982905,-0.593624753252367,-34.315773264746234,-0.03613495895580114,0.022071390269741937,1.0058760777263926,4.203346426054084,-29.524439651499534,-2.6022555643638983,-33.441655104855776,-0.01511674166898933,0.007018178571938961,1.0061573220309756,4.1679395994811435,-0.5068650571456265,-1.578512621226368,-33.912816055085585,-0.02469215453526973,0.010412945537340797,1.0057618272881177,4.195889027692481,1.427499178105129,True,2.2660770561354395,imu,-0.8523677400000002,-9.501657228,2.70664142,3.43948607,0.6499811599999998,-2.06829219,73.86636580235555,-3.875061883340709,-1.5299397623679707
235.159686,9.641151222029661,3.7914668233733835,4444.400552282259,-13.032245906339433,30.271251943930626,4.840396231999728,-19.544002843654198,-52611.062876377255,0.635586365695485,4.876753145272726,-168821.9178070336,-0.8781325723660474,30.271251943930626,8923113702.558403,-211.44220907275667,-1.210284300230579,66.09730462600226,-18.46116644101984,8.903924781274943,3.7294150805866693,66.15578941898468,-1.1815692640676616,-844996.3819533114,-833.114826048484,0.0,6.45474993590055,-29482.246248412568,-255900819249.39252,-7509.882347912009,-0.9884424476921292,0.0,0.0,1779.949999999848,-3.3036899999997225,0.0,0.0,0.0,0.0,0.0,0.0,0.0,0.0,0.0,0.0,0.0,1256.0899999997118,-0.09666209999998748,0.0,0.0,0.0,0.0,0.0,0.0,0.0,0.0,0.0,0.0001353264056857123,0.3775500389455295,5735.836846547765,-266.03520316990534,0.0,3.074674157296554e-07,0.0,-9.45346371477419e-09,54.00020304395602,-0.026569626110733352,54.00020304395602,0.0,1.4423006303101884,9851.926058553297,-22.06449815216199,4487.653380502019,5.274926350821218,0.0,-4.4118755810699324e-16,0.0,1.2581168999283606e-13,-228.78711942084647,2.0000586882150615,-228.78711942084647,0.0,-107.2530003212292,998.9999999999482,-24.542020210701395,7.632435538387405,-15.228689560202998,gaze,0.5086277612866436,0.5016778861655004,-21.68872338622103,4.956007284421999,507.89159603421115,28.87497064424239,-0.5912326754854428,-34.31131125126447,-0.03656743995864636,0.0223910354832398,1.0058974654746586,4.204189202530072,-29.53099871460597,-2.5982206555828826,-33.44285764552345,-0.01562494663622337,0.007360704567967849,1.006095063645057,4.168133438187114,-0.507953362484133,-1.5757282015889584,-33.91315744794017,-0.025244174673614644,0.010646214360369697,1.0057441134968195,4.196566092999097,1.3929705132077421,True,2.263973333795791,imu,-0.8128896552000001,-9.499862769600002,2.6970709752,3.71613174,0.84438082,-2.2253073,73.86458348483697,-3.8862857953445116,-1.5256622170023093
235.164238,9.701904224332177,3.7328645909680844,4444.352213562477,-13.134277186988172,30.4020956144878,4.863602041446148,-18.82329219768735,-53337.824556235224,0.6392247449688687,4.900133886129236,-170429.93732166814,-0.8868930631906018,30.4020956144878,9021057916.351086,-212.6583129963126,-1.2161080768204284,66.1280850227136,-18.557122769173475,8.96094453795388,3.6705161763417493,66.1869125548638,-0.30183835125512815,-853591.2998102627,-839.1820858510205,0.0,6.492488499452848,-29778.009400278377,-258728351839.14,-7572.929054008027,-0.9936371412763192,0.0,0.0,1779.9499999998498,-3.3036899999997225,0.0,0.0,0.0,0.0,0.0,0.0,0.0,0.0,0.0,0.0,0.0,1256.08999999971,-0.09666209999998754,0.0,0.0,0.0,0.0,0.0,0.0,0.0,0.0,0.0,0.00011260250068093752,0.37755186280092756,5735.855862929828,-266.103139741552,0.0,3.091680582262848e-07,0.0,-9.456568442263812e-09,54.00036841577847,-0.02652993962072181,54.00036841577847,0.0,1.4423042340468335,9935.03660956473,-22.200654632283893,4487.689562002604,5.302340056664725,0.0,-4.4385877652112647e-16,0.0,1.2656597489296792e-13,-230.16946905241275,2.0123895077334084,-230.16946905241275,0.0,-107.95878903077116,998.9999999999482,-24.73955988834284,7.671641501178847,-15.189210343701728,gaze,0.5208488016493137,0.511423686790754,-22.14157839268427,4.25106550897505,521.8905145421174,28.63553410537993,-0.596782234529329,-34.35560902347812,-0.0504887712255269,0.0314398976362953,0.998229641323456,4.1581711769104,-29.70452805838384,-2.743643621917803,-33.52741852925962,-0.0271082351095242,-0.0102723353452237,0.9995797230415404,4.192695617675781,-0.5263469722859657,-1.6562674106299553,-33.945965891558195,-0.0387983588043388,0.0114137543983826,0.998915959953996,4.179123401641846,0.5670333547244278,True,2.0,imu,-0.9852961139908368,-9.554616876171997,2.780120130651225,3.5251704298526936,-0.39780782619867605,-1.9146323825282874,73.86314923222194,-3.892232939065632,-1.5231505211703738
235.168153,9.754369328404241,3.682071686586678,4444.310763846228,-13.222348940956905,30.514983228768013,4.883625186598204,-18.201550908449917,-53967.58128746599,0.6423665785194634,4.920308009489556,-171822.680640178,-0.8944560030242221,30.514983228768013,9105982169.271809,-213.70846787943074,-1.2211344103779682,66.15479808480092,-18.63996048378576,9.01018706780879,3.6194672311361202,66.21392162316323,0.45749603437002406,-861039.1872255598,-844.4272054641613,0.0,6.525076470646016,-30034.29207911202,-261180145543.45148,-7627.48667783005,-0.9981228915358666,0.0,0.0,1779.9499999998498,-3.3036899999997242,0.0,0.0,0.0,0.0,0.0,0.0,0.0,0.0,0.0,0.0,0.0,1256.08999999971,-0.09666209999998754,0.0,0.0,0.0,0.0,0.0,0.0,0.0,0.0,0.0,9.299720392336869e-05,0.37755343619720594,5735.872223252576,-266.16157482731137,0.0,3.1063671547687074e-07,0.0,-9.45923890235322e-09,54.0005110985727,-0.0264956749973973,54.0005110985727,0.0,1.4423073436375669,10006.961608420228,-22.318238590812985,4487.720751726367,5.326134361081081,0.0,-4.461660101617362e-16,0.0,1.2721746401154043e-13,-231.3629767235792,2.023038316764945,-231.3629767235792,0.0,-108.56833170192789,998.9999999999491,-24.910306443566355,7.705530874284037,-15.154840437343795,gaze,0.5090628418265204,0.5012609496046353,-21.867956512055013,4.7505120090094275,536.2794141270298,28.869832922931806,-0.5886799042086124,-34.30691605316247,-0.03700381627654258,0.022713587260356993,1.0059145167422994,4.205043186345119,-29.537613517898983,-2.5941604606610476,-33.44418941512711,-0.016139339073641172,0.007696709680162353,1.006028666630596,4.16836252859113,-0.5089916396554794,-1.5729094240010064,-33.91357606343901,-0.025801886913352067,0.010881009438816973,1.0057223577910936,4.197260750786029,1.3426986312920504,True,2.2616628337580984,imu,-0.7991321408000002,-9.4878997136,2.699463586400001,3.947915950000001,0.86681155,-2.62906044,73.86165577239983,-3.897297803447466,-1.520871157525223
235.176619,9.868501041518787,3.570990497832497,4444.221526107667,-13.41381082913469,30.760220149459787,4.927129623754881,-16.85108689764502,-55344.36246160045,0.6492006500249723,4.964140600111137,-174865.4604329509,-0.9109004618255012,30.760220149459787,9291814288.085678,-215.9928070526719,-1.2320592286614638,66.21332731186664,-18.820074891829652,9.117312820975537,3.5078295590910322,66.27309485211038,2.1081249548001324,-877322.4328386176,-855.8550204418984,0.0,6.595960539982076,-30594.570242551497,-266545605949.50778,-7746.526131836465,-1.0078802330204815,0.0,0.0,1779.9499999998498,-3.3036899999997225,0.0,0.0,0.0,0.0,0.0,0.0,0.0,0.0,0.0,0.0,0.0,1256.0899999997082,-0.09666209999998748,0.0,0.0,0.0,0.0,0.0,0.0,0.0,0.0,0.0,5.040646502614543e-05,0.3775568537801486,5735.907617665089,-266.28795522296446,0.0,3.138316627536345e-07,0.0,-9.465014293794744e-09,54.00082108434711,-0.026421161075032923,54.00082108434711,0.0,1.4423141003270983,10163.911213016647,-22.57403511199736,4487.78842428992,5.378276832288989,0.0,-4.511864748885323e-16,0.0,1.2863503356548945e-13,-233.958485355793,2.046204080869478,-233.958485355793,0.0,-109.89444056788818,998.99999999995,-25.282239445651115,7.779354681674413,-15.079198926709516,gaze,0.5095035832282186,0.5008490159420279,-22.59373019061489,4.503240090844702,563.5465349159368,28.864609556656312,-0.5859681091463227,-34.302592419657195,-0.0374436515430042,0.023038566024036814,1.0059272181017993,4.205907928384446,-29.54427749146261,-2.59008077392866,-33.445649640620374,-0.016659437684169946,0.008025578802366054,1.0059581545918352,4.1686267922663856,-0.5099807998912432,-1.5700604467756147,-33.914071435044335,-0.026364771409526137,0.011116919012285158,1.0056965759169332,4.197972429844877,1.2897958178756683,True,2.259145103328521,imu,-0.8104970440000001,-9.48072188,2.6845097664,3.95539286,0.6574580699999997,-3.2720747,73.85762506540519,-3.9080889993695562,-1.5155633678930363
235.176939,9.87283326752625,3.5667583273195405,4444.218163708803,-13.42107494222332,30.769519864490455,4.928779537291849,-16.799881058372648,-55396.805944446474,0.6494600421788588,4.965802962193079,-174981.30911799727,-0.911524451292753,30.769519864490455,9298897449.022152,-216.07951234264308,-1.2324736632114666,66.21556018517572,-18.826909308725668,9.12137923084157,3.5035762789919573,66.27535217254763,2.170747252470278,-877942.7001275789,-856.2892736882745,0.0,6.598650973420256,-30615.911754260098,-266750126652.3435,-7751.0542090350355,-1.0082505801161317,0.0,0.0,1779.949999999848,-3.3036899999997207,0.0,0.0,0.0,0.0,0.0,0.0,0.0,0.0,0.0,0.0,0.0,1256.0899999997073,-0.0966620999999876,0.0,0.0,0.0,0.0,0.0,0.0,0.0,0.0,0.0,4.879134767166171e-05,0.3775569833684509,5735.908955940806,-266.29273264703306,0.0,3.1395293853680776e-07,0.0,-9.465232611034527e-09,54.00083284010469,-0.02641833332729393,54.00083284010469,0.0,1.4423143565905914,10169.881770360482,-22.58374484570455,4487.79098827374,5.380266248472836,0.0,-4.513770786288038e-16,0.0,1.28688850780783e-13,-234.056983889052,2.0470834245236085,-234.056983889052,0.0,-109.94478041870826,998.99999999995,-25.296370596184786,7.7821596209900505,-15.07630435291791,gaze,0.5095203503636836,0.5008335499655954,-22.623668102452868,4.4935379915497995,564.2485095804573,28.86441047602041,-0.5858625002647235,-34.30243043656871,-0.03746034088438557,0.02305089255420604,1.0059276127991832,4.205940823753733,-29.544530289961628,-2.5899262425694545,-33.44570735050694,-0.01667920473873315,0.008037863088992424,1.0059554086147355,4.168637470948169,-0.5100172431465875,-1.569952208862861,-33.91409166037232,-0.02638614493994417,0.011125853575647719,1.0056955225443638,4.19799965999021,1.2880861325172956,True,2.2590458546859518,imu,-0.9865964031849495,-9.55587111640992,2.7750849423568233,3.6091511155790843,-0.30304176407637284,-2.052586276428349,75.9653948,-4.229825200000015,-3.167753600000012
235.184219,9.971751710898198,3.469814067093889,4444.141879074301,-13.586870353767758,30.981684191744304,4.96642408212102,-15.631778948198189,-56597.89249777421,0.6553824693746726,5.003731598217137,-177633.44580785552,-0.9257679031890809,30.981684191744304,9461209969.36739,-218.05919299415532,-1.2419315748049284,66.26676514475082,-18.98291375272053,9.214230550262192,3.406150285333517,66.32711537780057,3.5999735879216814,-892148.6943554196,-866.2140469449887,0.0,6.66007832266664,-31104.680942731815,-271436996581.26974,-7854.633894772283,-1.016706327974826,0.0,0.0,1779.9499999998443,-3.3036899999997154,0.0,0.0,0.0,0.0,0.0,0.0,0.0,0.0,0.0,0.0,0.0,1256.0899999997037,-0.09666209999998732,0.0,0.0,0.0,0.0,0.0,0.0,0.0,0.0,0.0,1.1943245237316935e-05,0.37755993961935874,5735.939410143466,-266.4014282517867,0.0,3.167220823660004e-07,0.0,-9.47019967642093e-09,54.00110105245162,-0.026353779862983623,54.00110105245162,0.0,1.442320203872539,10306.46683259315,-22.805452493719784,4487.849438781301,5.425891363252873,0.0,-4.557298868943456e-16,0.0,1.299178459368784e-13,-236.30558331916262,2.0671619308275284,-236.30558331916262,0.0,-111.09426336949886,998.9999999999472,-25.619292184562084,7.846259222572414,-15.009752598076311,gaze,0.5210595862046276,0.5105510543614051,-24.40839869799773,5.230082385525174,569.4480700949177,28.62580704193109,-0.5997156700500346,-34.35366387387437,-0.0520298207412161,0.0316601247802485,0.9981435439116642,4.162408351898193,-29.70775040168218,-2.749595849182584,-33.51704390849315,-0.0269279179462746,-0.0089039004069258,0.999597722982912,4.200315952301025,-0.5312850263690916,-1.6617502892866658,-33.94300043801786,-0.0389300958787019,0.01137271541412,0.9989040461822472,4.181066942214966,0.2043040539626196,True,2.0,imu,-0.9873258134990086,-9.55656533482004,2.7722577742067327,3.6361995515024,-0.24902266291966335,-2.133583864352767,73.85310274470483,-3.91758414832426,-1.510354809159216
235.185085,9.983564679109264,3.458197289844019,4444.132831372146,-13.606661289036566,31.006998504713714,4.970916050839103,-15.492421541523981,-56741.7924281694,0.6560896932236516,5.008257474560834,-177951.05472726078,-0.92746833631527,31.006998504713714,9480667881.641325,-218.29559948950688,-1.2430604215355625,66.2729083426076,-19.001538032061703,9.225319267524878,3.3944760126368223,66.3333252472404,3.770572282642547,-893850.7300109641,-867.4004760083126,0.0,6.667413578166553,-31163.23889179767,-271998883819.25644,-7867.027699167949,-1.0177160676823527,0.0,0.0,1779.9499999998425,-3.3036899999997082,0.0,0.0,0.0,0.0,0.0,0.0,0.0,0.0,0.0,0.0,0.0,1256.089999999701,-0.0966620999999871,0.0,0.0,0.0,0.0,0.0,0.0,0.0,0.0,0.0,7.546614557249476e-06,0.3775602923219603,5735.943033929259,-266.4143594272732,0.0,3.1705278154150565e-07,0.0,-9.470790583466495e-09,54.00113305627116,-0.02634607245436904,54.00113305627116,0.0,1.4423209016542549,10322.81099623443,-22.83192958691554,4487.85640712313,5.431365493425439,0.0,-4.562497971310829e-16,0.0,1.3006463687103181e-13,-236.57405876476014,2.0695597719474454,-236.57405876476014,0.0,-111.23154440279738,998.9999999999463,-25.657889440285558,7.853920969615665,-15.001746423066574,gaze,0.5099497234714822,0.5004425812854784,-23.205490133085817,4.2582374418911755,568.5931281034075,28.85930334557643,-0.5830983387565652,-34.29834352727499,-0.0378866567518073,0.023365599342073065,1.005935562991323,4.206783277124235,-29.55098630681941,-2.5859860445416656,-33.4472379756876,-0.01718493586005907,0.00834680851450155,1.0058835286576553,4.168926223998655,-0.5109221451890456,-1.5671845035496985,-33.91464321134143,-0.02693249763604462,0.011353608420830632,1.0056667770197754,4.198700795116867,1.2645514144498005,True,2.2564188922809576,imu,-0.8003284464,-9.469356976800002,2.6815190024,4.32176145,0.78456554,-3.39918217,73.85253469450275,-3.918654336861931,-1.5097345516457403
235.193551,10.099565257877536,3.3436788579955063,4444.0446825910585,-13.800907693298853,31.25532541909981,5.014985891197384,-14.125523593662365,-58160.09985583648,0.6630340247287975,5.052660067920832,-181079.91224586812,-0.9441600939419628,31.25532541909981,9672579644.360632,-220.61695190342945,-1.254138379769369,66.33355052766353,-19.184357259737208,9.334211150747604,3.279393367588039,66.39462219018566,5.4449001252974085,-910626.8298243344,-879.0644522924156,0.0,6.739438757999816,-31740.392163936904,-277541052747.62775,-7989.004643103933,-1.0276308541072237,0.0,0.0,1779.9499999998443,-3.303689999999712,0.0,0.0,0.0,0.0,0.0,0.0,0.0,0.0,0.0,0.0,0.0,1256.0899999996982,-0.09666209999998698,0.0,0.0,0.0,0.0,0.0,0.0,0.0,0.0,0.0,-3.558494973082693e-05,0.37756375205126513,5735.978472012062,-266.5407875873195,0.0,3.2030022361362253e-07,0.0,-9.476567783759517e-09,54.0014470331524,-0.02627040593503066,54.0014470331524,0.0,1.4423277481064876,10483.678995071135,-23.09193408541938,4487.9247012196065,5.485406101276112,0.0,-4.6135623725892485e-16,0.0,1.315063471027203e-13,-239.20980774421594,2.0931064824958616,-239.20980774421594,0.0,-112.57970621387909,998.9999999999454,-26.037283498591208,7.9292351833692365,-14.922472902228446,gaze,0.5104009427580407,0.5000421995151526,-23.029919819499632,4.101541247222093,542.4387105203735,28.85391776893781,-0.5800722138983249,-34.29417306242769,-0.03833248446762385,0.023694269791934057,1.0059395431500535,4.2076689764438395,-29.557734757163978,-2.581881292887446,-33.44895388648109,-0.017715459304561372,0.008659847458130879,1.0058047983678753,4.169260787670975,-0.5118168669815376,-1.5642852318430176,-33.91529096711207,-0.027504661473287874,0.011590709278295076,1.005632973452827,4.199445421478226,1.3176672556995839,True,2.253483219941721,imu,-0.7823838624,-9.5088350616,2.699463586400001,4.53111493,0.5677351499999999,-3.48142818,73.8464300701061,-3.9289874032038608,-1.5033815498744192
235.202017,10.216507810656514,3.22742193983062,4443.957082725286,-13.996557440014975,31.50520803876717,5.059340573228377,-12.750361761244221,-59599.51507341862,0.6700339623227658,5.097349820364571,-184252.48482508262,-0.960976202701036,31.50520803876717,9867586566.545727,-222.9569714035103,-1.2652934954348236,66.39526326209113,-19.368539956139067,9.443993229116929,3.162568341863892,66.4569951071067,7.131170803347345,-927653.5038397325,-890.8478337293318,0.0,6.8120392635073435,-32326.124895978417,-283173195043.95447,-8112.470305867781,-1.0376250526571016,0.0,0.0,1779.949999999846,-3.303689999999712,0.0,0.0,0.0,0.0,0.0,0.0,0.0,0.0,0.0,0.0,0.0,1256.0899999996982,-0.0966620999999872,0.0,0.0,0.0,0.0,0.0,0.0,0.0,0.0,0.0,-7.899084161146902e-05,0.3775672331977251,5736.013931880272,-266.6672398506605,0.0,3.2357414131687054e-07,0.0,-9.482345907118142e-09,54.00176303388088,-0.02619415830510788,54.00176303388088,0.0,1.442334640173513,10646.533357114258,-23.354060721527667,4487.99330757475,5.540404433100889,0.0,-4.665060566465647e-16,0.0,1.3296023772004843e-13,-241.86584348398316,2.116845309009191,-241.86584348398316,0.0,-113.93898923707101,998.9999999999482,-26.420448819555503,8.005302794109483,-14.841368304978566,gaze,0.5108569145061854,0.4996484328127947,-21.814593931394775,4.170348168237304,495.1512624552439,28.848456383986452,-0.576891642288693,-34.29008469598697,-0.0387807800999197,0.024024152856119755,1.0059391508929574,4.208564765810106,-29.564517534865278,-2.5777716329737883,-33.450796801006895,-0.018250626387266145,0.008964136378422624,1.0057219740809336,4.169630441195201,-0.5126661666421418,-1.5613663425349216,-33.91601424799488,-0.02808085070398531,0.011827847088770792,1.0055951784520898,4.200205874701376,1.517588694527795,True,2.2503371146036923,imu,-0.7973376824000001,-9.5752300224,2.686902377600001,4.59093021,0.50044296,-3.47395127,73.83935829944551,-3.939081732359676,-1.49650182154852
235.20431,10.248344252975294,3.1956330413181995,4443.933451325171,-14.049791288333935,31.57315694651316,5.071403163346702,-12.376475469960042,-59993.0408532694,0.6719394936281898,5.1095035640394,-185119.35278013453,-0.9655522760565205,31.57315694651316,9920941358.50854,-223.59398789962702,-1.2683281675704032,66.41216351269918,-19.4186611111547,9.473881323397771,3.130624899703566,66.47407510454445,7.589957553662202,-932308.6340372944,-894.0600058931666,0.0,6.831802403851706,-32486.258476277908,-284714276724.048,-8146.168705964159,-1.0403456895869936,0.0,0.0,1779.9499999998425,-3.3036899999997082,0.0,0.0,0.0,0.0,0.0,0.0,0.0,0.0,0.0,0.0,0.0,1256.0899999996964,-0.09666209999998704,0.0,0.0,0.0,0.0,0.0,0.0,0.0,0.0,0.0,-9.07947993283656e-05,0.3775681797756185,5736.023539863138,-266.7014933732414,0.0,3.2446545215469994e-07,0.0,-9.483911061330998e-09,54.00184897285794,-0.026173406348783124,54.00184897285794,0.0,1.4423365147912577,10690.98638718388,-23.42542403236037,4488.011943346202,5.555466209040098,0.0,-4.679083753094786e-16,0.0,1.333561271148093e-13,-242.58873166073087,2.123308132106187,-242.58873166073087,0.0,-114.30907071965612,998.9999999999454,-26.524881022128625,8.026035939513484,-14.81908483039762,gaze,0.5202840873120509,0.5097979828896502,-19.87026502607309,4.851102177342822,482.050680604822,28.64611793008995,-0.6049968213122243,-34.33652108909158,-0.0479501260042076,0.0335537413294434,0.998285997026392,4.184020042419434,-29.71130878797969,-2.752023141454945,-33.51439023436313,-0.0268655209981975,-0.0083917037808014,0.9996038330704572,4.201260089874268,-0.5332493493769253,-1.6677350432408886,-33.93875477965931,-0.0386552709295315,0.0114207773541813,0.9989079072117408,4.183139133453369,0.6706995702901001,True,2.0,imu,-0.9892716315542731,-9.55838549626923,2.7646859790362313,3.6026285478181252,-0.10328512389043142,-2.3627357497180195,73.83728278277471,-3.941773826689186,-1.4945475450146557
235.210483,10.33439738643593,3.109413214944599,4443.870034745254,-14.193617952782233,31.756653531481234,5.103981530393099,-11.36690470510348,-61060.27007621154,0.677089824959201,5.1423281771670535,-187469.22742555387,-0.9779171311341406,31.756653531481234,10065725935.570932,-225.31576549515376,-1.2765261619090558,66.45805598545735,-19.55409352862652,9.55467027631254,3.0439875953702753,66.52045346878646,8.829446850947761,-944933.5441735924,-902.7515090709703,0.0,6.885218289960455,-32920.532627443215,-288896401767.30804,-8237.438108860339,-1.0476991254738752,0.0,0.0,1779.9499999998425,-3.3036899999997082,0.0,0.0,0.0,0.0,0.0,0.0,0.0,0.0,0.0,0.0,0.0,1256.0899999996946,-0.09666209999998693,0.0,0.0,0.0,0.0,0.0,0.0,0.0,0.0,0.0,-0.00012267368642410875,0.37757073599204594,5736.049413500517,-266.7937163653344,0.0,3.2687468757297456e-07,0.0,-9.488124966040254e-09,54.00208107742969,-0.02611732634113456,54.00208107742969,0.0,1.442341578347322,10811.392340882161,-23.61832165350933,4488.062227185772,5.5963662866703885,0.0,-4.716995176754408e-16,0.0,1.3442638246801585e-13,-244.5422775707152,2.140777351986886,-244.5422775707152,0.0,-115.30945693745292,998.9999999999463,-26.807412730333525,8.082129298985265,-14.758422537009539,gaze,0.5113173053093886,0.49926185170476584,-20.158089920592854,4.66196781355457,454.5305188836276,28.842922826452014,-0.5735588250026078,-34.28608208100546,-0.03923118185889371,0.02435481688389181,1.0059343791152926,4.2094703802525615,-29.57132923087201,-2.5736622729787038,-33.452766108834936,-0.018790048101638358,0.009259108084136394,1.0056350669796201,4.170035136466543,-0.5134712504253129,-1.5584316203130184,-33.91681257025536,-0.0286606449648824,0.012064641214006497,1.0055534061425049,4.200981711399366,1.9355662645924068,True,2.2469796136081865,imu,-0.7997302936000001,-9.6236803992,2.7084358784,4.34419218,0.4331507699999997,-3.32441307,73.83136808257917,-3.948930804841659,-1.489093459309703
235.218949,10.453239050384141,2.9896393048702663,4443.783541630957,-14.392096680742071,32.009669086652615,5.148910201223657,-9.975121039824899,-62542.59853151813,0.6842019327650299,5.1875965887136255,-190730.59814295633,-0.994983348327704,32.009669086652615,10267035337.068266,-227.69344208077527,-1.2878367738763616,66.52193818193257,-19.741025410677526,9.666247081240899,2.923637729885751,66.58500679072313,10.53979101616278,-962469.7635733709,-914.7763713962786,0.0,6.9589790438945505,-33523.71160293287,-294711772761.6498,-8363.921552889422,-1.0578535364825943,0.0,0.0,1779.9499999998407,-3.3036899999997047,0.0,0.0,0.0,0.0,0.0,0.0,0.0,0.0,0.0,0.0,0.0,1256.08999999969,-0.09666209999998676,0.0,0.0,0.0,0.0,0.0,0.0,0.0,0.0,0.0,-0.00016663612111270099,0.37757426066598443,5736.084916839311,-266.92021727986025,0.0,3.302020158794808e-07,0.0,-9.4939049730775e-09,54.00240118285575,-0.026039906808069474,54.00240118285575,0.0,1.442348563122204,10978.274316159592,-23.884729083957836,4488.131461051751,5.653297480300992,0.0,-4.769368837357141e-16,0.0,1.3590485537764458e-13,-247.23922198854964,2.1649037159401137,-247.23922198854964,0.0,-116.69117300962827,998.9999999999454,-27.198202686537257,8.159720221179157,-14.673625468865234,gaze,0.5117817748949068,0.4988830351050967,-19.676243818518937,5.826503966175278,458.43772055594127,28.837320811031255,-0.5700762629726994,-34.28216885043818,-0.0396833207114019,0.02468582305299216,1.005925221297117,4.210385550338553,-29.578164334117726,-2.569558515800381,-33.454861160809145,-0.01933332802254044,0.009544187407596438,1.0055440890768155,4.170474819318071,-0.5142333244067666,-1.5554849241219513,-33.91768542055587,-0.029243615698388334,0.012300704840804495,1.0055076715441,4.201772478970273,2.6267531125898875,True,2.2434097634269135,imu,-0.8033192104000001,-9.632054538400002,2.7072395728,4.04511578,0.3882893099999998,-3.07767504,73.82250960840453,-3.958528047572608,-1.4811552052659076
235.224291,10.528719707214062,2.913148238101428,4443.729251814195,-14.518068828953126,32.17013169440379,5.177408649734592,-9.09261426720468,-63489.14701480791,0.6887187214171787,5.216310621794459,-192811.6778475588,-1.0058167209430446,32.17013169440379,10395708777.317558,-229.20350839154355,-1.2950139959730569,66.5628124140569,-19.85969102061408,9.7371165985403,2.8467812052072325,66.62630733709659,11.62524723985382,-973668.1237282526,-922.4267587062809,0.0,7.005822472560552,-33908.87143948133,-298429165582.0669,-8444.517954104198,-1.0643024647206176,0.0,0.0,1779.9499999998407,-3.3036899999997065,0.0,0.0,0.0,0.0,0.0,0.0,0.0,0.0,0.0,0.0,0.0,1256.08999999969,-0.09666209999998676,0.0,0.0,0.0,0.0,0.0,0.0,0.0,0.0,0.0,-0.0001945212430822449,0.37757649607979626,5736.107330413826,-267.0000512923423,0.0,3.3231539282492074e-07,0.0,-9.497552619674348e-09,54.002604237263824,-0.025990751690716823,54.002604237263824,0.0,1.4423529946809248,11084.625250996298,-24.053940783092784,4488.175309404156,5.689722185807099,0.0,-4.802643449425677e-16,0.0,1.3684414103232036e-13,-248.9515840521299,2.180227813185353,-248.9515840521299,0.0,-117.56884530560154,998.9999999999463,-27.4467702533249,8.209075524235054,-14.619161762367995,gaze,0.5207294718263518,0.5093601512896753,-20.91675206265054,5.254972476012213,496.1679747339356,28.639374411831,-0.5991506927258567,-34.32570390184333,-0.0504232468138412,0.0347279990317629,0.998123971390328,4.181936740875244,-29.71219204931869,-2.752552390741857,-33.51654616666796,-0.0263150911954707,-0.0087316527572001,0.9996155632119288,4.204788684844971,-0.5347545205877904,-1.67270978151236,-33.93385799093448,-0.0384996577295272,0.0115596735600767,0.9989003260298424,4.184814405441284,3.936660162493631,True,2.0,imu,-0.9910965117867445,-9.56005225162109,2.7575046711581406,3.3620445352471733,0.033765152259377526,-2.5958597497103315,73.8164963961206,-3.9644512821491915,-1.4758732457466908
235.227415,10.57303788387195,2.868086772962137,4443.697606371919,-14.59200109862374,32.26426191537013,5.194128029332735,-8.574979333797728,-64046.73578478396,0.691370607042572,5.233156510509528,-194037.05821872782,-1.0121753239118148,32.26426191537013,10471552656.116154,-230.09010946051805,-1.2992257273303671,66.58691938038197,-19.929343061934354,9.778728448057398,2.8015052889455028,66.65066463322273,12.262266261331774,-980264.9954934246,-926.923318121711,0.0,7.0333247431286114,-34135.75877470932,-300620416691.0736,-8491.934218401293,-1.0680887513949184,0.0,0.0,1779.9499999998352,-3.3036899999996994,0.0,0.0,0.0,0.0,0.0,0.0,0.0,0.0,0.0,0.0,0.0,1256.0899999996846,-0.09666209999998654,0.0,0.0,0.0,0.0,0.0,0.0,0.0,0.0,0.0,-0.00021088079426536538,0.3775778074523468,5736.120441863008,-267.04674274323725,0.0,3.3355628031079273e-07,0.0,-9.499685940835164e-09,54.00272336929953,-0.025961896459275685,54.00272336929953,0.0,1.4423555949947389,11147.197764335895,-24.153295259870042,4488.201010173561,5.71120385289035,0.0,-4.822184192281436e-16,0.0,1.373957307665198e-13,-249.95678911980673,2.1892255093988964,-249.95678911980673,0.0,-118.0842013781291,998.9999999999436,-27.59284627253109,8.238081109967638,-14.586966935881556,gaze,0.5122499760823949,0.4985125703585351,-22.02304918089998,7.8888882992667355,530.9563148794996,28.83165413187144,-0.5664467634890857,-34.278348614863766,-0.04013682033688917,0.025016725331367663,1.005911671507798,4.211310002148426,-29.585017230926162,-2.565465759607089,-33.457081268757676,-0.019880062263762717,0.00981879116467066,1.0054490532212261,4.170949429475245,-0.5149535894237243,-1.5525301876121214,-33.91863225572582,-0.029829326104233462,0.012535644948422086,1.005457990578138,4.202577715541632,3.611195369214293,True,2.2396266197439,imu,-0.8140859608000002,-9.617698871200002,2.7102303368,3.589024269999999,0.2387511099999999,-2.9729983,73.81283445066967,-3.9678668337485483,-1.472686466785311
235.235881,10.693798984496002,2.7447421242809042,4443.612231967305,-14.793338706787146,32.520439250433,5.239636463422931,-7.166448109293924,-65572.91886550933,0.6985961702716273,5.2790094031892965,-197389.07205079636,-1.0294935280590427,32.520439250433,10679316078.427505,-232.50587633296266,-1.310693419576158,66.6530091544596,-20.11905396824853,9.892119196188169,2.6775767577256993,66.71743660149167,13.99693576342645,-998322.0941708278,-939.1932510116512,0.0,7.10825861678444,-34756.771805271484,-306623451075.03125,-8621.489765711804,-1.0784052377125337,0.0,0.0,1779.949999999837,-3.3036899999996976,0.0,0.0,0.0,0.0,0.0,0.0,0.0,0.0,0.0,0.0,0.0,1256.0899999996846,-0.09666209999998637,0.0,0.0,0.0,0.0,0.0,0.0,0.0,0.0,0.0,-0.00025541036615366053,0.37758137658499846,5736.155988537837,-267.1732929049467,0.0,3.369376355191976e-07,0.0,-9.505467881972459e-09,54.00304765598588,-0.025883292036500583,54.00304765598588,0.0,1.4423626744638183,11318.181278742666,-24.424032472724143,4488.27087555395,5.77009126395307,0.0,-4.875443895659465e-16,0.0,1.3889908323932597e-13,-252.69509174567904,2.2137438449191666,-252.69509174567904,0.0,-119.48860619781621,998.9999999999445,-27.99137120172601,8.317217540781314,-14.498436738127506,gaze,0.5127215547425152,0.49815105328359277,-27.297990276498837,10.924553082740767,651.9504804270483,28.825926663053743,-0.562673446699175,-34.2746249602058,-0.04059129708331964,0.025347070438893404,1.0058937244105206,4.212243457250683,-29.59188220441643,-2.5613894983870726,-33.459425705203074,-0.020429839435552374,0.010082328114748768,1.0053499731031206,4.1714589005104425,-0.515633236015155,-1.5495714195884207,-33.919652502531626,-0.030417331091124683,0.012769062275972475,1.0054043800732615,4.2033969499148425,4.856495827721784,True,2.2356292475374113,imu,-0.8188711832000002,-9.633250844,2.713221100800001,3.07311748,0.11164364,-3.04029049,73.80239546398455,-3.9769404827014347,-1.4636873322903068
235.244347,10.815527466102186,2.6195918054778957,4443.527421425795,-14.99611703126591,32.77820834638305,5.285436957296083,-5.7494958425427285,-67121.38649311662,0.7058789461115639,5.325156732526157,-200787.1072043077,-1.0469384314832602,32.77820834638305,10890364091.537794,-234.94085179583567,-1.3222402492324046,66.72021712269941,-20.310165641725753,10.006424160351868,2.5518385629278946,66.78533234572984,15.74386291441283,-1016643.9347011932,-951.5870761888316,0.0,7.183783905305895,-35386.8490699328,-312722002323.5575,-8752.601935237462,-1.088803464730565,0.0,0.0,1779.949999999837,-3.303689999999694,0.0,0.0,0.0,0.0,0.0,0.0,0.0,0.0,0.0,0.0,0.0,1256.08999999968,-0.09666209999998626,0.0,0.0,0.0,0.0,0.0,0.0,0.0,0.0,0.0,-0.00030022750877186505,0.37758496829885946,5736.191556829879,-267.2998679149507,0.0,3.403462367358915e-07,0.0,-9.511250809202602e-09,54.003374062223656,-0.02580409026985578,54.003374062223656,0.0,1.442369802030636,11491.243564991457,-24.696953058557604,4488.341058197435,5.829965593655906,0.0,-4.929150611766566e-16,0.0,1.4041498768838256e-13,-255.45424304692108,2.238459839089817,-255.45424304692108,0.0,-120.90445185427967,998.9999999999427,-28.39380531687388,8.397135115264952,-14.408024640346229,gaze,0.5131961497555487,0.49779908821559243,-33.72139380418904,14.731321088239024,763.8989184508962,28.820142359076584,-0.5587597521074712,-34.2710014454541,-0.041046359923106734,0.02567639780909599,1.0058713752667945,4.2131856326771375,-29.598753433908254,-2.5573353224984583,-33.461893703072356,-0.020982240602142037,0.010334198920719975,1.0052468632600644,4.172003159797462,-0.5162734393620174,-1.5466127044589628,-33.92074555744678,-0.031007177228401038,0.013000551289825246,1.0053468577716387,4.204229701509584,6.2765754246711465,True,2.231416721161874,imu,-0.8236564056000001,-9.6799067624,2.709632184,2.87871782,0.0593052699999998,-3.10010577,73.7912466798324,-3.9857422597618313,-1.4541585870514877
235.244383,10.816047165387001,2.619055753510416,4443.527061993907,-14.996982393180716,32.779307867856296,5.285632340571932,-5.743452506132144,-67128.01897130907,0.7059100373064334,5.325353595743806,-200801.65561527616,-1.0470128837036072,32.779307867856296,10891268600.16752,-234.95124722020273,-1.3222895193982622,66.72050531269554,-20.310981308183276,10.00691217867213,2.5513000025780386,66.78562347232167,15.751317641655646,-1016722.4141232746,-951.6400443240682,0.0,7.184106329161108,-35389.54784456735,-312748140776.6205,-8753.162807327542,-1.0888478563494592,0.0,0.0,1779.949999999837,-3.303689999999694,0.0,0.0,0.0,0.0,0.0,0.0,0.0,0.0,0.0,0.0,0.0,1256.089999999679,-0.09666209999998626,0.0,0.0,0.0,0.0,0.0,0.0,0.0,0.0,0.0,-0.0003004187026997632,0.37758498362046744,5736.191708123151,-267.3004062035577,0.0,3.4036078953973174e-07,0.0,-9.511275402087013e-09,54.003375454755314,-0.025803752199798496,54.003375454755314,0.0,1.4423698324426262,11491.983943710024,-24.698118279240735,4488.341357314181,5.830222313139139,0.0,-4.929379947284088e-16,0.0,1.4042146068194951e-13,-255.4660204730075,2.238565362630578,-255.4660204730075,0.0,-120.91049697996397,998.9999999999436,-28.3955249755235,8.397476624944147,-14.407636147824089,gaze,0.5226529858060397,0.5000857093577309,-35.27259671833666,16.5389821565406,764.4485445373473,28.62768839740271,-0.583489144456669,-34.33238257550722,-0.0512652342622059,0.0370225860377464,0.9979985991368518,4.18410587310791,-29.74469201626896,-2.63464519177329,-33.5392009283491,-0.0355472548020649,0.0083197567781851,0.9993333649604564,4.173646450042725,-0.5405949426998682,-1.6616594758144594,-33.93184802309276,-0.0394921219098529,0.014042451330353,0.9988511960055988,4.184334897994996,8.32424967694331,True,2.0,imu,-0.9928042813197474,-9.561578785281412,2.7506517397759187,2.8663889214165366,0.16083421925955707,-2.831663269506358,73.79119783451296,-3.9857790974239555,-1.4541169389956994
235.252813,10.938228458809016,2.49262220467957,4443.4431777657555,-15.200343623810191,33.037576479536895,5.3315309698626,-4.324090963792514,-68692.37908298895,0.7132192594034049,5.371599969441414,-204231.634422353,-1.0645105054384603,33.037576479536895,11104735485.993124,-237.39514534671864,-1.3338666162334913,66.78855294860921,-20.502685620770826,10.121648190581462,2.424277072663397,66.85436156122336,17.503111321606298,-1035233.41311449,-964.1057041447625,0.0,7.259903860478137,-36026.08965939784,-318917205772.4939,-8885.284547726555,-1.099283903540993,0.0,0.0,1779.9499999998352,-3.303689999999694,0.0,0.0,0.0,0.0,0.0,0.0,0.0,0.0,0.0,0.0,0.0,1256.0899999996773,-0.09666209999998626,0.0,0.0,0.0,0.0,0.0,0.0,0.0,0.0,0.0,-0.00034533490587622395,0.3775885828299166,5736.227146705052,-267.426467923696,0.0,3.4378223977200504e-07,0.0,-9.517034735292913e-09,54.00370260740641,-0.025724287877797097,54.00370260740641,0.0,1.4423769781987081,11666.403441311437,-24.972069398045093,4488.411559110416,5.890832742853647,0.0,-4.983307015039833e-16,0.0,1.4194351929417994e-13,-258.2343566045385,2.263374612539758,-258.2343566045385,0.0,-122.33180296423845,998.9999999999427,-28.80017659036166,8.47783946133763,-14.315720371895775,gaze,0.5136733929700059,0.4974572880497171,-38.985912137421714,18.70685627012115,826.1500339692867,28.81430525533912,-0.5547094450753783,-34.26748160038599,-0.04150161040904319,0.026004239550876725,1.0058446199409659,4.214136240898094,-29.605624994327293,-2.5533089192191665,-33.464484455407316,-0.021536839239278592,0.010573796108951025,1.0051397390826589,4.1725821284660665,-0.5168753542275003,-1.5436582026838233,-33.92191078642199,-0.03159840269768884,0.01322970015100702,1.0052854423351132,4.205075480308245,7.750902712032037,True,2.226988124429809,imu,-0.8290397808000001,-9.7086180968,2.706043267200001,2.46001086,0.0069668999999996,-3.17487487,73.77944320258088,-3.9942653761216147,-1.4441017289816251
235.261279,11.061907109031068,2.3638196513720047,4443.359504015105,-15.406026061929644,33.2985509480181,5.377919965150802,-2.8902018573980968,-70286.13875225931,0.7206174361719161,5.418340590013855,-207723.12763669572,-1.0822102217175815,33.2985509480181,11322469356.53831,-239.8688668837575,-1.3455729218316417,66.85802634076197,-20.696621470132595,10.237796152246037,2.294878596337618,66.9245339884369,19.274744808035166,-1054093.446450865,-976.7500497501503,0.0,7.336621745446865,-36674.59338233996,-325210205718.71484,-9019.551504490242,-1.1098470270360672,0.0,0.0,1779.9499999998297,-3.303689999999687,0.0,0.0,0.0,0.0,0.0,0.0,0.0,0.0,0.0,0.0,0.0,1256.0899999996718,-0.09666209999998598,0.0,0.0,0.0,0.0,0.0,0.0,0.0,0.0,0.0,-0.00039073525302434076,0.3775922204152209,5736.26275812912,-267.55309308211054,0.0,3.4724580101962925e-07,0.0,-9.522819673064917e-09,54.00403331101228,-0.025643881567104204,54.00403331101228,0.0,1.4423842034738765,11843.679838887057,-25.249393916576462,4488.482379301069,5.952698633124314,0.0,-5.037915790096709e-16,0.0,1.4348475352591545e-13,-261.03554640047764,2.2884892899449696,-261.03554640047764,0.0,-123.77072437594104,998.9999999999409,-29.210513124505482,8.559336233252886,-14.221513626690454,gaze,0.5141529091612365,0.4971262742840562,-41.55398162867997,21.87264645239659,850.1111248547828,28.808419468624585,-0.5505266233210045,-34.26406892328766,-0.041956642630231585,0.026330120410235098,1.0058134549047237,4.215094989797496,-29.612490855610275,-2.549316073296806,-33.46719711507453,-0.022093201191751934,0.01080050402926426,1.0050286168202747,4.173195721356491,-0.5174401098972655,-1.540712151223766,-33.923147524655164,-0.03219053724455736,0.013456090682602138,1.005220153351348,4.205933786800323,9.147563437370124,True,2.222342550693752,imu,-0.8529658928000001,-9.6745233872,2.7162118648,1.76465823,-0.0678022,-3.45899745,73.76704110549367,-4.002502988696656,-1.4335189844296468
235.264363,11.107204797531216,2.3164412151204594,4443.329165498315,-15.481315446606231,33.39401948947776,5.394892166562157,-2.3657493496698407,-70872.41966310516,0.7233268913964095,5.435441480689155,-209006.77500490673,-1.088689696293696,33.39401948947776,11402628842.655546,-240.7748450364694,-1.3498572452475588,66.88361873648671,-20.767621863922205,10.280337150990006,2.2472820706177288,66.95038243822086,19.923206718710844,-1061031.5967525004,-981.3875597414592,0.0,7.364717807400667,-36913.1522067873,-327527150918.0334,-9068.858789230859,-1.11371560781602,0.0,0.0,1779.9499999998316,-3.303689999999687,0.0,0.0,0.0,0.0,0.0,0.0,0.0,0.0,0.0,0.0,0.0,1256.08999999967,-0.09666209999998582,0.0,0.0,0.0,0.0,0.0,0.0,0.0,0.0,0.0,-0.00040734704622557433,0.37759355129252814,5736.275736029878,-267.59922645647134,0.0,3.4851438804630033e-07,0.0,-9.524927267881542e-09,54.004154320113855,-0.025614440388911586,54.004154320113855,0.0,1.4423868478039203,11908.787862075631,-25.350969025260383,4488.508257261525,5.975484520724677,0.0,-5.0579216477996755e-16,0.0,1.4404936664597502e-13,-262.0612252789053,2.297687976160908,-262.0612252789053,0.0,-124.2977834540004,998.9999999999409,-29.360981639229976,8.589221952415542,-14.186721160552958,gaze,0.5225818549768122,0.4973853848289538,-39.31291889449029,21.24419373465255,855.2007370528261,28.61358541188569,-0.5639036677229807,-34.33625396678501,-0.052893115091499,0.0398321625505489,0.9978054505776484,4.193395614624023,-29.73259253209267,-2.605796210508114,-33.54472808404232,-0.0341187899594438,0.0113932333159106,0.999352841796286,4.190209865570068,-0.5455962594201751,-1.6445868779928556,-33.93164347290171,-0.0404336117814421,0.0170482346878918,0.9987860888064924,4.187608766555786,9.21283852161548,True,2.0,imu,-0.9943592848072881,-9.562942941736365,2.7442205304084615,2.123731390767823,0.27485003359218557,-3.0636342475334133,73.76238563580003,-4.005431497525309,-1.4295337757829287
235.269746,11.18658336271328,2.2331548744383625,4443.2763934295945,-15.613196503653938,33.56117018417925,5.424610944348084,-1.4476259814091463,-71903.10166690499,0.728074687820418,5.465385649482835,-211262.4848172157,-1.1000401660523869,33.56117018417925,11543631426.255295,-242.36242236748478,-1.3573609655936876,66.92865546272992,-20.892003941079125,10.354886810181434,2.163613771578305,66.99586790652427,21.059038885663085,-1073229.2491504033,-989.5225482842159,0.0,7.4139500032730385,-37332.53903203041,-331602916359.8185,-9155.432930938887,-1.1204945723764252,0.0,0.0,1779.9499999998297,-3.303689999999687,0.0,0.0,0.0,0.0,0.0,0.0,0.0,0.0,0.0,0.0,0.0,1256.0899999996682,-0.09666209999998587,0.0,0.0,0.0,0.0,0.0,0.0,0.0,0.0,0.0,-0.00043643667277578485,0.3775958817267022,5736.298395277969,-267.67975850300286,0.0,3.507374914840407e-07,0.0,-9.528606318890725e-09,54.00436623205451,-0.025562858427582658,54.00436623205451,0.0,1.4423914792265826,12023.113121147959,-25.528972235739282,4488.553528201512,6.015576692625935,0.0,-5.09298616285477e-16,0.0,1.450389504590489e-13,-263.85826145276,2.3138080022344223,-263.85826145276,0.0,-125.22145319849588,998.9999999999409,-29.62489232931445,8.641640879657594,-14.125382596151084,gaze,0.5146343729499979,0.49680664001138697,-41.00808145811137,23.273044347493602,862.5723035294969,28.802488494643004,-0.5462152068371828,-34.260766495309525,-0.042411096787780565,0.02665359577270019,1.0057778727784545,4.216061697273087,-29.619345690760937,-2.5453622030882945,-33.470031136300605,-0.022650950564662126,0.011013723174396292,1.0049134997564044,4.173843925566205,-0.5179688654811972,-1.5377785184365558,-33.92445523496322,-0.03278317212997804,0.01367932449742812,1.005151002946199,4.206804215418818,10.34646638343632,True,2.21747851555583,imu,-0.8643307960000001,-9.638634219200002,2.726978615200001,1.32352054,-0.0603252900000002,-3.44404363,73.75409576809832,-4.010449120929758,-1.4224119814315503
235.278212,11.312232949519256,2.1006449488567895,4443.193868688399,-15.821813642920162,33.82537949698086,5.471594352961071,0.0033276219987783406,-73543.13144508749,0.735589581293667,5.5127255218482665,-214849.35031696796,-1.117996599724691,33.82537949698086,11768209164.825499,-244.87533350455877,-1.3692283669861165,67.0004334310753,-21.088794500411087,10.472897402855635,2.0304997948876817,67.06835629768841,22.855636346158462,-1092639.260703229,-1002.421106491661,0.0,7.491873654406866,-37999.87245670743,-338094990105.6929,-9292.910794880789,-1.131224501042948,0.0,0.0,1779.9499999998297,-3.30368999999968,0.0,0.0,0.0,0.0,0.0,0.0,0.0,0.0,0.0,0.0,0.0,1256.0899999996645,-0.0966620999999857,0.0,0.0,0.0,0.0,0.0,0.0,0.0,0.0,0.0,-0.0004824310894911074,0.3775995661387386,5736.334049699202,-267.80643441849793,0.0,3.542566439615743e-07,0.0,-9.534393318831553e-09,54.00470131154418,-0.02548123428084395,54.00470131154418,0.0,1.4423988042487839,12204.68006394882,-25.810750832299632,4488.624990017535,6.079458032577925,0.0,-5.148507830377503e-16,0.0,1.4660581903062272e-13,-266.7019498017737,2.339325901748442,-266.7019498017737,0.0,-126.68371207249803,998.9999999999418,-30.04324468964809,8.724739666940707,-14.027339609327012,gaze,0.5151172810752616,0.49649909962934075,-38.02468654386021,22.522833499726527,854.2990201060852,28.796518015784592,-0.5417809964509619,-34.25757852532493,-0.04286444452216724,0.026974099086459497,1.0057378796667662,4.2170358335845455,-29.626181638144658,-2.5414542244732794,-33.47298492121109,-0.023209506022129858,0.011212770993557566,1.0047944330689271,4.174526490096872,-0.5184625593349913,-1.5348623890242297,-33.9258328813795,-0.033375680046920736,0.01389891787176533,1.0050780289136756,4.207686041844129,11.259222893983278,True,2.212396280547061,imu,-0.8631344904,-9.6290637744,2.694678364,0.9945365,-0.0304176499999999,-3.52628964,73.74066795303774,-4.018094943120092,-1.4107870746014861
235.278563,11.31746378268361,2.0951107232079735,4443.190459696412,-15.83049477278933,33.83636870840381,5.473548736864791,0.06366910095175626,-73611.63273071125,0.735902416690701,5.514694737260438,-214999.1033430897,-1.1187438557883573,33.83636870840381,11777595037.056257,-244.97994453525456,-1.3697221381336955,67.00343446863559,-21.096984437058925,10.477810347365743,2.0249404370543935,67.07138691308887,22.930394303826233,-1093450.0111292964,-1002.95864774949,0.0,7.495117464687379,-38027.745910251455,-338366329752.1986,-9298.645639414179,-1.1316711761032099,0.0,0.0,1779.9499999998297,-3.30368999999968,0.0,0.0,0.0,0.0,0.0,0.0,0.0,0.0,0.0,0.0,0.0,1256.0899999996655,-0.0966620999999857,0.0,0.0,0.0,0.0,0.0,0.0,0.0,0.0,0.0,-0.00048434449792923717,0.3775997194058651,5736.335528393214,-267.8116869483208,0.0,3.5440315195227694e-07,0.0,-9.534633270192397e-09,54.00471525166091,-0.025477836917103397,54.00471525166091,0.0,1.4423991090336088,12212.254623743152,-25.82248175809998,4488.627959772963,6.082128457365734,0.0,-5.150819679248281e-16,0.0,1.4667105997569418e-13,-266.82031066283383,2.340388254107708,-266.82031066283383,0.0,-126.74459083700003,998.99999999994,-30.06067680857744,8.72820237717098,-14.023233077664896,gaze,0.5151373290309019,0.4964866187714698,-37.870150654979994,22.45102899802905,853.044402864989,28.796269675846673,-0.5415945665630453,-34.25744886469148,-0.042883211303276485,0.026987316519870533,1.0057361262113733,4.217076379594643,-29.62646457306019,-2.541293269465503,-33.47310996361475,-0.023232675840238186,0.011220708738475957,1.0047894112844789,4.174555531112679,-0.5184822874674174,-1.5347419221954413,-33.925891500636034,-0.0334002369151248,0.013907937779025194,1.005074921017767,4.207722842879211,11.290035504014245,True,2.2121808354350128,imu,-0.9953682025704861,-9.563816312959434,2.7398918559088887,1.484117497279942,0.3479949009027059,-3.224846086829189,73.353054,-3.72933000000002,-0.7751424000000062
235.284455,11.40552545511809,2.001729525608571,4443.133384042714,-15.97659900332419,34.0212555216477,5.506432588324047,1.078784408694446,-74767.56531046703,0.7411688962851369,5.547828181485884,-217525.360199252,-1.1313206883550233,34.0212555216477,11936045415.695637,-246.74105727787003,-1.3780315918089736,67.0541109687432,-21.234833071054616,10.560521814296681,1.9311363104908814,67.12256139197672,24.188537535297883,-1107131.4348797475,-1012.0150230193938,0.0,7.549725300582641,-38498.10050676294,-342947193602.01416,-9395.330928077936,-1.1391908250075922,0.0,0.0,1779.949999999826,-3.3036899999996763,0.0,0.0,0.0,0.0,0.0,0.0,0.0,0.0,0.0,0.0,0.0,1256.0899999996618,-0.09666209999998554,0.0,0.0,0.0,0.0,0.0,0.0,0.0,0.0,0.0,-0.000516541042338059,0.3776022983137066,5736.36035573206,-267.8998642005779,0.0,3.568696861611217e-07,0.0,-9.538661442094849e-09,54.0049498253008,-0.02542064992046078,54.0049498253008,0.0,1.442404238279182,12339.962795786796,-26.019977996844013,4488.677893827677,6.127216349657957,0.0,-5.189745470927501e-16,0.0,1.477695388986638e-13,-268.8126588943749,2.3582734906502116,-268.8126588943749,0.0,-127.76954523170667,998.99999999994,-30.354339271716185,8.78653667452555,-13.953802629920048,gaze,0.5224343853901081,0.4957779912844527,-37.39946385756627,21.91627305067664,819.3589893333868,28.60118197054308,-0.5493809293803844,-34.33177553548635,-0.0548931382279137,0.0430600894549807,0.99756331732458,4.204336166381836,-29.71731794975569,-2.599137953826311,-33.54365860860599,-0.0312832411365964,0.0118563831231621,0.9994402358336524,4.203011035919189,-0.5490155213663268,-1.6245076143902633,-33.9321161090742,-0.041155475849144,0.0202642595083738,0.9987123174328584,4.192071056365966,9.704563792474447,True,2.0,imu,-0.9957616290846173,-9.564154729945187,2.738156532428213,1.205067780206883,0.37641436730590666,-3.2904693322933873,73.73049006196085,-4.023537266191176,-1.4018846445586075
235.286678,11.438875731709105,1.9662607045875546,4443.111922998691,-16.031909516182708,34.09121717151558,5.518877167356503,1.4628605784614592,-75206.66495369375,0.743163323480216,5.560367237322578,-218484.6229049264,-1.1360820943775525,34.09121717151558,11996268505.537735,-247.4080047458492,-1.3811769187085416,67.07337836387086,-21.287023783724408,10.591846615887734,1.8955074053191012,67.14201739513868,24.66481166045355,-1112328.705472141,-1015.4481534499762,0.0,7.570405093520103,-38676.77278655294,-344688347496.8182,-9432.015194394548,-1.142038543963244,0.0,0.0,1779.9499999998243,-3.3036899999996727,0.0,0.0,0.0,0.0,0.0,0.0,0.0,0.0,0.0,0.0,0.0,1256.0899999996582,-0.09666209999998548,0.0,0.0,0.0,0.0,0.0,0.0,0.0,0.0,0.0,-0.0005287266144471323,0.3776032743226443,5736.369725565808,-267.9331359393757,0.0,3.5780382734162443e-07,0.0,-9.540181369246761e-09,54.00503860840661,-0.025398996265160262,54.00503860840661,0.0,1.44240617990972,12388.421004950327,-26.094775154630057,4488.696774146996,6.144356003740427,0.0,-5.204489985125516e-16,0.0,1.481856183823613e-13,-269.56705876111835,2.3650471037331746,-269.56705876111835,0.0,-128.15773719392408,998.9999999999382,-30.465647403478258,8.808648002113067,-13.92736301300554,gaze,0.5156012936032084,0.49620426226670167,-34.33225521231132,20.36205292721033,800.9064465882186,28.790511697957584,-0.5372286242624922,-34.25450800683269,-0.04331631098520107,0.027291171136400342,1.0056934699487143,4.218017206423351,-29.632993159565473,-2.5375977484993273,-33.47605782798749,-0.02376847606437351,0.011397033058642841,1.0046714222568458,4.175243385165429,-0.5189222785054798,-1.531967884833267,-33.927279855739826,-0.03396763511928498,0.014114459980076238,1.0050012457159883,4.208578839855235,11.836403867299023,True,2.207094406548176,imu,-0.8834716856000001,-9.604539509600002,2.70664142,0.65059864,-0.0154638300000002,-3.6459202,73.72681451834835,-4.025434404413309,-1.3986474894715881
235.295487,11.571709423617582,1.8244271556806737,4443.027275295979,-16.25209550248527,34.36956186425781,5.568395089561512,2.9906685110549915,-76962.81583381444,0.7511067451462677,5.610261202070261,-222319.09099514835,-1.1550378430603083,34.36956186425781,12237307104.584183,-250.06438433714092,-1.393696152087905,67.15052814346569,-21.494819919624803,10.716616790652044,1.7530367038515706,67.21991848509685,26.560707882975976,-1133115.7425353234,-1029.1403973645429,0.0,7.652767017731225,-39391.364408731446,-351657627031.828,-9578.497434923236,-1.1533805295715869,0.0,0.0,1779.9499999998225,-3.3036899999996727,0.0,0.0,0.0,0.0,0.0,0.0,0.0,0.0,0.0,0.0,0.0,1256.0899999996554,-0.09666209999998532,0.0,0.0,0.0,0.0,0.0,0.0,0.0,0.0,0.0,-0.0005772204086986338,0.37760715823937696,5736.406869569051,-268.0649981195061,0.0,3.615246530617163e-07,0.0,-9.546205051738203e-09,54.005391946126906,-0.025312771103185056,54.005391946126906,0.0,1.4424139087076888,12581.93497182992,-26.392704332627204,4488.771809869013,6.212969026100168,0.0,-5.26323203964947e-16,0.0,1.498432329865118e-13,-272.5711119623588,2.39202745238524,-272.5711119623588,0.0,-129.70404418904513,998.9999999999391,-30.909494391547938,8.89682149200366,-13.821271915808811,gaze,0.5161056536438391,0.49591167128069014,-32.60167082270818,19.11066504021541,733.2304683449105,28.784228773499102,-0.5323722861097558,-34.25144137538664,-0.04378444289872381,0.02761690323139999,1.0056425712045123,4.219045687478408,-29.64004777199055,-2.5336463527384323,-33.47938060461691,-0.02435003239345065,0.011572365936057913,1.0045392618561535,4.176025651049924,-0.5193656063006266,-1.528983960596499,-33.92885820188724,-0.03458244347301741,0.01433395635236679,1.0049173329990797,4.209518877941349,12.064237710313773,True,2.201343626411308,imu,-0.900219964,-9.614708107200002,2.7138192536,0.32909151,0.0892129099999996,-3.58610492,73.71201136391197,-4.032738394982216,-1.3854753992156565
235.304296,11.705629952840658,1.6805335451400225,4442.943261301734,-16.47389947081937,34.649685879690296,5.618240455614661,4.527835366689487,-78744.96559263021,0.7591146127798638,5.6604852765091405,-226207.0472387336,-1.1741343700259348,34.649685879690296,12482204576.610762,-252.7424044402352,-1.4063041442932076,67.22896326339429,-21.704190697561575,10.842414085381392,1.6085014630675687,67.29911120350124,28.470364953038143,-1154211.970404359,-1042.9738175787493,0.0,7.73579429968435,-40116.54159143901,-358739182007.2748,-9726.772201571035,-1.1648146460865336,0.0,0.0,1779.9499999998225,-3.3036899999996656,0.0,0.0,0.0,0.0,0.0,0.0,0.0,0.0,0.0,0.0,0.0,1256.0899999996518,-0.09666209999998504,0.0,0.0,0.0,0.0,0.0,0.0,0.0,0.0,0.0,-0.0006260462783342566,0.3776110684276963,5736.4440367135685,-268.19688836013734,0.0,3.6527617837740416e-07,0.0,-9.552229900418848e-09,54.00574772842157,-0.025225873930164122,54.00574772842157,0.0,1.4424216934717649,12777.845625729668,-26.693092793155554,4488.847196796276,6.282696016156521,0.0,-5.322478683690067e-16,0.0,1.5151501700476518e-13,-275.59861248317384,2.4192304361069104,-275.59861248317384,0.0,-131.26323575280665,998.9999999999372,-31.357789972336064,8.985884212574234,-13.713064230630595,gaze,0.5166103085973845,0.4956342936872079,-35.702212721302615,22.07172099140717,754.0194923658853,28.777916968871754,-0.5274005731452579,-34.24850925546251,-0.04424999851966903,0.027937795808225564,1.0055868891273705,4.220081311441614,-29.64706155161913,-2.529764486570299,-33.48283007000509,-0.0249310009946977,0.011730247768233837,1.004402875905028,4.176844833366881,-0.5197742497106971,-1.5260335867555526,-33.930509824979865,-0.03519552873013099,0.014548078444651696,1.0048293489049942,4.210469594706259,11.926841513335283,True,2.195353144062201,imu,-0.9020144224,-9.5877912312,2.7000617392,0.0823534799999999,0.35838167,-3.39170526,73.69687806240718,-4.039695033296763,-1.3717587205022619
235.304436,11.707767135718083,1.6782299515470633,4442.941931215613,-16.477437673829918,34.65415225430327,5.619035292374635,4.552341055461966,-78773.50043009967,0.7592424028020185,5.66128615361534,-226269.27269800127,-1.1744390073781297,34.65415225430327,12486128093.586266,-252.78514116032346,-1.406505240079897,67.23022025707826,-21.707530951977112,10.8444216831856,1.6061876358777383,67.30038028853517,28.500826306378258,-1154549.7639004951,-1043.1948152922307,0.0,7.7371192303185925,-40128.152803971294,-358852641687.22205,-9729.143266628791,-1.1649971133352532,0.0,0.0,1779.9499999998188,-3.303689999999662,0.0,0.0,0.0,0.0,0.0,0.0,0.0,0.0,0.0,0.0,0.0,1256.08999999965,-0.0966620999999851,0.0,0.0,0.0,0.0,0.0,0.0,0.0,0.0,0.0,-0.0006268249575595783,0.377611130785251,5736.4446275915325,-268.1989846976803,0.0,3.653360495626319e-07,0.0,-9.5523256618507e-09,54.00575340266795,-0.025224487442077087,54.00575340266795,0.0,1.4424218176487216,12780.97866928766,-26.69788674855782,4488.8483977498145,6.283813205498852,0.0,-5.323424371112716e-16,0.0,1.5154170125251586e-13,-275.6469180493328,2.419664572975203,-275.6469180493328,0.0,-131.2881201479117,998.9999999999354,-31.364950749446606,8.987306885859205,-13.711327352696928,gaze,0.5224102629859971,0.4942877781573873,-34.41860579295468,21.53407237814029,755.0950235449413,28.59153173091883,-0.536256859275831,-34.32482781733319,-0.0567395022637697,0.0463855809823096,0.9973108877174626,4.212356567382812,-29.7045260307258,-2.598079493695833,-33.53982660748149,-0.0288996724696057,0.012007397004773,0.9995101957200436,4.210484981536865,-0.5537958655580496,-1.6022392534107126,-33.9334904192102,-0.0422378286222411,0.0235873535522179,0.9986054427669238,4.195827198028565,12.143149481451804,True,2.0,imu,-0.996978045499312,-9.565195421040944,2.732544688576829,0.2772587397311495,0.4645839416239929,-3.5058664319402193,73.69663525064676,-4.039802746180999,-1.3715363686074449
235.313105,11.840643228830675,1.5345640694684803,4442.8598844931075,-16.697330134439582,34.93159758908352,5.668414949965888,6.074397073228738,-80553.39874656498,0.7671873017923737,5.711041158936187,-230149.0475672188,-1.193372210417606,34.93159758908352,12731007068.916607,-255.44219161143283,-1.419001356398839,67.30869497064862,-21.915144820453108,10.96924408632721,1.4618858563987658,67.37960683404714,30.39385625107502,-1175620.82051188,-1056.94947487908,0.0,7.819490693462468,-40852.421737040524,-365934363548.46466,-9876.855710306532,-1.176341438612519,0.0,0.0,1779.9499999998225,-3.3036899999996656,0.0,0.0,0.0,0.0,0.0,0.0,0.0,0.0,0.0,0.0,0.0,1256.0899999996473,-0.09666209999998499,0.0,0.0,0.0,0.0,0.0,0.0,0.0,0.0,0.0,-0.0006752073415216137,0.3776150051620226,5736.481226959833,-268.3288068346146,0.0,3.6905858346144083e-07,0.0,-9.558255930105734e-09,54.00610597782014,-0.02513830095596087,54.00610597782014,0.0,1.4424295347878804,12976.175072690821,-26.995954841051276,4488.922936077113,6.353543787131919,0.0,-5.38223301152348e-16,0.0,1.5320105744005322e-13,-278.64969148251464,2.446657349688999,-278.64969148251464,0.0,-132.8353865295897,998.9999999999363,-31.81056669834264,9.075842714800807,-13.602728103867777,gaze,0.5171147864674247,0.4953728894033593,-42.96105859195386,29.479132429309814,894.949021022065,28.77158148911278,-0.5223205276190966,-34.24571531803436,-0.04471246855134918,0.028253262280569014,1.0055264239980786,4.221123717319991,-29.654026974180653,-2.525959345487382,-33.486404988527696,-0.025510839649682784,0.011869928210037253,1.0042622887108275,4.177700792140297,-0.5201491849353418,-1.5231220695531196,-33.93223376057463,-0.03580630236640832,0.01475631110515755,1.0047373219694973,4.2114303612773405,11.46524746678832,True,2.189122005243102,imu,-0.9109867144,-9.5668558832,2.6863042248,-0.05970781,0.5976427899999996,-3.37675144,73.68148188993638,-4.04629623647927,-1.3575053159187733
235.321914,11.976755180334344,1.3865028554749657,4442.777148358626,-16.92239623714871,35.215305389533206,5.718920263141036,7.630389611730152,-82388.40185610205,0.7753251889999464,5.761930553771196,-234145.65173882153,-1.2127519000002058,35.215305389533206,12983761095.23403,-258.16387288241765,-1.4317882510414253,67.38973456581311,-22.127691022467943,11.09711239789684,1.3131739875052446,67.46141671415654,32.33125541332879,-1197345.7495472298,-1071.0684352715502,0.0,7.90385996662377,-41599.12311086913,-373244533576.9101,-10028.764273448603,-1.1879614543924104,0.0,0.0,1779.9499999998152,-3.3036899999996585,0.0,0.0,0.0,0.0,0.0,0.0,0.0,0.0,0.0,0.0,0.0,1256.0899999996427,-0.09666209999998465,0.0,0.0,0.0,0.0,0.0,0.0,0.0,0.0,0.0,-0.0007247067305871241,0.37761896871805734,5736.518440268119,-268.4607537168529,0.0,3.728720491760322e-07,0.0,-9.564283155680308e-09,54.00646671695358,-0.025050048376586864,54.00646671695358,0.0,1.4424374332447538,13176.945553958556,-27.301304834207706,4488.999028861992,6.425519176833959,0.0,-5.442498129512594e-16,0.0,1.5490144163815012e-13,-281.72448059499027,2.474309492724411,-281.72448059499027,0.0,-134.42057143847052,998.9999999999363,-32.26785727680439,9.166703581025551,-13.490251639882493,gaze,0.5176186066229855,0.4951282287876961,-49.17585111235495,36.751259553240125,1034.5027531193455,28.765227638668414,-0.5171396353132215,-34.243063178249,-0.045171334582505204,0.028562707113779895,1.005461176846763,4.2221725385383575,-29.660936387402074,-2.522238243798374,-33.490104075062106,-0.026088996842603816,0.011990646999773757,1.0041175256351522,4.1785933796442265,-0.5204913163121923,-1.5202548086289664,-33.934029006272084,-0.036414165567790216,0.01495813148232833,1.0046412818645996,4.212400537193241,10.73969316055929,True,2.1826492675589346,imu,-0.8882569080000001,-9.543527924,2.685706072000001,-0.07466163,0.7920424499999998,-3.39170526,73.66589039517642,-4.052533856891146,-1.3427240330049834
235.324528,12.017357568324101,1.3421620847226272,4442.752720855453,-16.989498743797938,35.299840206618256,5.733971208109392,8.093937688363894,-82938.07877901196,0.7777526414033886,5.777095992182137,-235342.20056272464,-1.2185300378523616,35.299840206618256,13059530989.225197,-258.9757411097423,-1.435599982482663,67.41403572203461,-22.19107000539789,11.135256889895507,1.2686392663240795,67.48594767566647,32.90884978941472,-1203853.7732211775,-1075.2858523798525,0.0,7.929025888646848,-41822.80026379808,-375436093399.1267,-10074.195472406303,-1.1914276176653278,0.0,0.0,1779.9499999998134,-3.3036899999996585,0.0,0.0,0.0,0.0,0.0,0.0,0.0,0.0,0.0,0.0,0.0,1256.0899999996418,-0.09666209999998465,0.0,0.0,0.0,0.0,0.0,0.0,0.0,0.0,0.0,-0.0007394608333616964,0.3776201500727101,5736.529487449727,-268.4999133857266,0.0,3.740096672536377e-07,0.0,-9.566071918748865e-09,54.00657424576241,-0.025023728815188356,54.00657424576241,0.0,1.4424397881292723,13236.995526569648,-27.392395791452074,4489.021676968274,6.447095258412958,0.0,-5.460480053735376e-16,0.0,1.5540878962358276e-13,-282.6414808152373,2.482558569985314,-282.6414808152373,0.0,-134.893481149869,998.9999999999354,-32.404427879870454,9.193840400522056,-13.456461596766186,gaze,0.523651162135604,0.4875072666381742,-50.7128109732781,38.55067976347546,1053.226705973493,28.59197905196115,-0.5229612362142695,-34.31887273027947,-0.0567412306541557,0.0493816624038127,0.9971669289352147,4.211059093475342,-29.72014047817943,-2.49348694906628,-33.57299897888439,-0.0353080374238617,0.0241349518896453,0.9990850046870686,4.162972450256348,-0.5593302444311086,-1.5687137635919963,-33.938452583275456,-0.0437689216291116,0.0283393803541074,0.9984566826689264,4.194557809829712,11.743342103943087,True,2.0,imu,-0.9980037247388391,-9.566071250535849,2.727340534117781,-0.48300810943863715,0.5412517487652091,-3.708571055588464,73.66123613410724,-4.054313659730897,-1.3382376676140266
235.330723,12.113971755424773,1.2363339601298193,4442.695056398268,-17.149106553355786,35.50081770400685,5.7697580917545315,9.195849016399734,-84250.26353296638,0.7835286526262638,5.813155171569537,-238197.4233516257,-1.2322739751593739,35.50081770400685,13240513537.183964,-260.90757576119074,-1.4446652924227519,67.47209340318028,-22.34183806908504,11.226024642683374,1.162349890130745,67.54455223509461,34.282636332335414,-1219390.2395494876,-1085.3317699947802,0.0,7.988905900227284,-42356.76484438873,-380671064853.4803,-10182.514299952158,-1.1996752428119717,0.0,0.0,1779.9499999998152,-3.3036899999996585,0.0,0.0,0.0,0.0,0.0,0.0,0.0,0.0,0.0,0.0,0.0,1256.089999999641,-0.09666209999998476,0.0,0.0,0.0,0.0,0.0,0.0,0.0,0.0,0.0,-0.000774547592065189,0.37762295937278867,5736.555676598578,-268.5927291813432,0.0,3.7671675707418626e-07,0.0,-9.570311592088784e-09,54.00682996855568,-0.024961112374175365,54.00682996855568,0.0,1.4424453894339244,13380.179446398954,-27.60915718367825,4489.075476303566,6.498629047700781,0.0,-5.503277156131234e-16,0.0,1.5661625728836946e-13,-284.8231119317869,2.502188169617446,-284.8231119317869,0.0,-136.0188656737493,998.9999999999363,-32.729694570065234,9.25847342503269,-13.375622900927324,gaze,0.5181212797480722,0.4949010926927158,-49.87816599613107,39.187355937499085,1043.222885306234,28.758860821983365,-0.5118658334689059,-34.24055639264665,-0.04562606903356826,0.028865525778188454,1.0053911494583858,4.223227402909074,-29.6677820102828,-2.518608615298812,-33.493925994634125,-0.026664911708502367,0.012091633910377972,1.0039686131008407,4.179522440347343,-0.5208014701456446,-1.5174372975671688,-33.935894521436026,-0.03701850917142709,0.015153008985070285,1.0045412594060508,4.213379470336116,9.822281922096753,True,2.1759340005770658,imu,-0.8649289488,-9.5602762024,2.724586004,-0.0522309,0.8742884599999998,-3.40665908,73.65017127254637,-4.058399681965579,-1.3274247235161531
235.339532,12.252298921526478,1.0840413704277339,4442.613612123394,-17.377469888122874,35.78814298137574,5.82093013851947,10.770811374453842,-86139.27444749326,0.7917980723048784,5.864716729032328,-242304.92985656275,-1.2519389728995804,35.78814298137574,13501311645.718496,-263.67342823286526,-1.45763294631203,67.55578289086088,-22.557594757143075,11.355986461488968,1.0093975279654792,67.62902484207831,36.248073157315275,-1241757.7979993864,-1099.7405555323421,0.0,8.074632288854152,-43125.46693831775,-388215341021.1739,-10338.122295686084,-1.2114833554037272,0.0,0.0,1779.9499999998152,-3.303689999999648,0.0,0.0,0.0,0.0,0.0,0.0,0.0,0.0,0.0,0.0,0.0,1256.0899999996354,-0.09666209999998443,0.0,0.0,0.0,0.0,0.0,0.0,0.0,0.0,0.0,-0.0008247330867449248,0.37762697740449136,5736.592935911118,-268.7247334031465,0.0,3.805928894008654e-07,0.0,-9.57634125434203e-09,54.00719575546202,-0.024871489116958606,54.00719575546202,0.0,1.4424534039497203,13585.899262905627,-27.919526353763597,4489.152279556609,6.5728802868423415,0.0,-5.564573221985277e-16,0.0,1.5834559242417416e-13,-287.9457180814302,2.5302946895916976,-287.9457180814302,0.0,-137.63034470539733,998.9999999999345,-33.1961115959234,9.351158892119344,-13.258829907076265,gaze,0.518622307791174,0.49469227251737113,-47.208507887895415,37.628126812185144,965.7320827394639,28.752486544090573,-0.5065075187144871,-34.23819845638174,-0.04607613510289731,0.029161104702412795,1.0053163443782456,4.224287932601721,-29.67455593236899,-2.515078013941872,-33.497869362064364,-0.0272380139814484,0.012172108700596915,1.0038155785989695,4.1804878108574455,-0.5210803885356239,-1.5146751244434884,-33.937829226913024,-0.03761871360669933,0.015340405242986695,1.0044372865608413,4.214366496863814,8.789520393258016,True,2.168975285927394,imu,-0.8577511152000001,-9.614109954400002,2.7568862552,0.0374920199999999,0.9041961,-3.6459202,73.63439223537628,-4.063885434039909,-1.3116182626868127
235.344508,12.330929854655471,0.9970701072461168,4442.567893735159,-17.50720098577866,35.951250870501035,5.8499844057627985,11.664684901778855,-87218.4429346919,0.7964985711570064,5.8939922300036685,-244650.01462186762,-1.2631106467370694,35.951250870501035,13650436543.60114,-265.24563244076745,-1.4649982991089128,67.6036495950176,-22.6801854774169,11.429864911571556,0.9220515457271006,67.67733677072573,37.364543435428914,-1254536.8377347866,-1107.9444397306042,0.0,8.123359326413352,-43564.62305266405,-392529495398.5169,-10426.849104730087,-1.2181953832773855,0.0,0.0,1779.9499999998134,-3.303689999999648,0.0,0.0,0.0,0.0,0.0,0.0,0.0,0.0,0.0,0.0,0.0,1256.0899999996336,-0.09666209999998443,0.0,0.0,0.0,0.0,0.0,0.0,0.0,0.0,0.0,-0.0008532352305607033,0.37762925930320534,5736.613992975952,-268.79931230611487,0.0,3.8279638485442026e-07,0.0,-9.579747818339408e-09,54.00740350923121,-0.024820557809065058,54.00740350923121,0.0,1.4424579571688216,13703.212905876451,-28.09596457825332,4489.195821633879,6.615330165736424,0.0,-5.599427658151636e-16,0.0,1.5932890449800376e-13,-289.7202526289511,2.5462726102500053,-289.7202526289511,0.0,-138.54648791838264,998.9999999999336,-33.4616164525989,9.403921975043879,-13.19189514946876,gaze,0.5240224343894369,0.4859892180945417,-46.05897235439394,36.16628960074054,941.4621917356744,28.58496791371402,-0.507568858043459,-34.31427237887621,-0.0584796301919864,0.0525684638634819,0.9969035507307829,4.219818592071533,-29.70963636052158,-2.470840404874424,-33.58749975022614,-0.0345797222690727,0.0244381556967701,0.999103107468861,4.198826789855957,-0.5600967272252394,-1.5447412562607887,-33.94147144580005,-0.0443936079687904,0.0315058080285394,0.99832415207916,4.2006471157073975,7.873815828385438,True,2.0,imu,-0.9988086080026128,-9.566767203176838,2.7226196936625127,-0.9164528044963558,0.6070613317305998,-3.8929488551717357,73.62547809637043,-4.066813073210817,-1.3024698678558198
235.348341,12.391742665447502,0.9296090032429554,4442.532819056858,-17.60749507722302,36.07728969646156,5.872438112260304,12.355312826082809,-88055.72733575106,0.8001338290819694,5.916616949019194,-246468.7425705995,-1.271747430843182,36.07728969646156,13766203042.576593,-266.46155876060226,-1.470691680048823,67.64081449090008,-22.774969914900822,11.487003513354718,0.8543007945011922,67.71484603439467,38.22764029465634,-1264451.9579123543,-1114.2958736258427,0.0,8.16104294063331,-43905.350265792,-395878756648.27374,-10495.604863719078,-1.2233863458514316,0.0,0.0,1779.9499999998134,-3.303689999999655,0.0,0.0,0.0,0.0,0.0,0.0,0.0,0.0,0.0,0.0,0.0,1256.0899999996336,-0.09666209999998454,0.0,0.0,0.0,0.0,0.0,0.0,0.0,0.0,0.0,-0.0008752663897192911,0.3776310230927389,5736.630218165541,-268.85676655790235,0.0,3.845006290943367e-07,0.0,-9.582372157516046e-09,54.00756410061126,-0.024781174759241548,54.00756410061126,0.0,1.4424614773893127,13794.127652816891,-28.232426862114654,4489.229439778068,6.648279806085725,0.0,-5.626389469836903e-16,0.0,1.6008953542387424e-13,-291.0924321107055,2.55863036669937,-291.0924321107055,0.0,-139.25508427958658,998.9999999999354,-33.667141528002276,9.444766659171137,-13.139860636149962,gaze,0.5191211839147961,0.4945025702595684,-46.73301449356917,36.47165082076217,947.5806876504801,28.7461104112006,-0.501073554992834,-34.23599280044359,-0.046520986713040266,0.029448821226681923,1.0052367649174745,4.225353744112834,-29.681250113028398,-2.511654114508982,-33.501932741614816,-0.027807723942753892,0.012231281066178754,1.0036584506958437,4.181489319866016,-0.5213287232063654,-1.5119739723726089,-33.939832004751985,-0.0382141488362681,0.015519774066621965,1.0043293964546944,4.215360941142104,7.714852282299592,True,2.161772217402098,imu,-0.8810790744000001,-9.6296619272,2.7509047272,-0.127,1.03130357,-3.65339711,73.61862088907523,-4.068982770188303,-1.2953165684937833
235.357149,12.532292972339267,0.7730386041072386,4442.452689792961,-17.839164589850363,36.368233214143764,5.9242778231674915,13.949208059505509,-89999.69471643865,0.8085353477662605,5.968851610806371,-250688.95430530809,-1.2916976140275636,36.368233214143764,14035204944.206423,-269.2717759568725,-1.4838404645082592,67.72718983565233,-22.99394744817333,11.619066421633008,0.6970614880151231,67.80201739103,40.22118526575696,-1287473.6453303776,-1128.9971337866773,0.0,8.248131750594906,-44696.446113693106,-403661826738.9952,-10654.960504465836,-1.2353834024923576,0.0,0.0,1779.949999999806,-3.3036899999996443,0.0,0.0,0.0,0.0,0.0,0.0,0.0,0.0,0.0,0.0,0.0,1256.0899999996263,-0.0966620999999841,0.0,0.0,0.0,0.0,0.0,0.0,0.0,0.0,0.0,-0.0009261448939910238,0.37763509625436553,5736.667519085226,-268.98881382841955,0.0,3.884397107595387e-07,0.0,-9.588403631907568e-09,54.00793498479021,-0.024690175812368598,54.00793498479021,0.0,1.442469609426026,14004.863332290039,-28.547837325216847,4489.306949306792,6.724825785676792,0.0,-5.688721947998604e-16,0.0,1.6184797453255534e-13,-294.26302621686494,2.5871932638615434,-294.26302621686494,0.0,-140.8929737045182,998.9999999999318,-34.14276343225687,9.539292649914273,-13.018716902144602,gaze,0.5196173362863996,0.4943328166790208,-48.95332902240022,37.06259550967793,1009.7455507290116,28.739738854236748,-0.4955739092779114,-34.23394301263636,-0.04696001896103685,0.02972801236499115,1.0051524250045003,4.2264243264261765,-29.687855636081764,-2.508345082168084,-33.50611416523523,-0.0283733883960477,0.012268347667903634,1.003497277567998,4.1825266682852495,-0.5215470062391169,-1.5093399150953914,-33.94190145921873,-0.03880410764880943,0.015690542528089386,1.0042176362871167,4.216362001667642,6.661743330140953,True,2.154324760542756,imu,-0.8721067824000002,-9.6027450512,2.7802142144,-0.40364567,1.16588795,-3.66087402,73.60292637934673,-4.073682771292026,-1.2785345530861514
235.3646,12.652070211605036,0.6388952261419618,4442.385419316186,-18.03645279940742,36.615787419724086,5.968395711007461,15.305041888213964,-91666.03668884188,0.8156948558622124,6.01330575842727,-254303.81122374136,-1.308686985750957,36.615787419724086,14266031667.58703,-271.6666250630431,-1.495035298959771,67.8013230067366,-23.180465186040777,11.731615482549605,0.5623486359222056,67.8768290465461,41.918739538979935,-1307208.882475224,-1141.549491395131,0.0,8.322343221958157,-45374.57599616054,-410340947352.425,-10791.253851380206,-1.245607046815681,0.0,0.0,1779.949999999808,-3.303689999999637,0.0,0.0,0.0,0.0,0.0,0.0,0.0,0.0,0.0,0.0,0.0,1256.0899999996218,-0.09666209999998399,0.0,0.0,0.0,0.0,0.0,0.0,0.0,0.0,0.0,-0.0009694611861063504,0.3776385639031039,5736.699091104572,-269.10054015728747,0.0,3.917968721522758e-07,0.0,-9.5935068620235e-09,54.00825076095839,-0.024612651222148507,54.00825076095839,0.0,1.442476535514853,14185.12506053859,-28.816652385483415,4489.372797781711,6.79048565701639,0.0,-5.7418620632182555e-16,0.0,1.633470386291719e-13,-296.96416630101794,2.6115365211019697,-296.96416630101794,0.0,-142.2889894642076,998.9999999999309,-34.54876050517511,9.619985710568237,-12.914519946155076,gaze,0.5235589274537226,0.4875033115236532,-49.31794649505299,37.64581042829023,1028.421752651459,28.59274518713549,-0.5095443599366096,-34.3149943333385,-0.0584826949690445,0.0498942653795671,0.9970407898734088,4.230823516845703,-29.6971305708592,-2.471641613135068,-33.58924556602893,-0.0331090084312833,0.0236023649944986,0.999173019014907,4.219441890716553,-0.5586345535769126,-1.525889865744847,-33.94379723065406,-0.0448515878037289,0.0337329314793001,0.9982297037305982,4.207313108444214,5.430617837898004,True,2.0,imu,-0.9993823798049823,-9.567285715485795,2.718347414926858,-0.9724205606455717,0.6647108278936747,-4.057965088072026,73.58975805692843,-4.077342638075156,-1.263971986152717
235.365958,12.673987781526309,0.6142783989122798,4442.373209682541,-18.072539926847682,36.661048123916004,5.9764627632093665,15.552895237017765,-91971.91486009955,0.8170049199020022,6.0214343101706,-254967.10236174735,-1.3117945912693658,36.661048123916004,14308426794.931679,-272.1048473368141,-1.4970827557793334,67.81494010719979,-23.21458596979435,11.752210868415727,0.5376276589759676,67.89057031232221,42.22923565239307,-1310831.6717240382,-1143.8487663674487,0.0,8.335922328602148,-45499.05672896114,-411567734979.2061,-10816.242198937853,-1.2474778073992971,0.0,0.0,1779.9499999998043,-3.3036899999996407,0.0,0.0,0.0,0.0,0.0,0.0,0.0,0.0,0.0,0.0,0.0,1256.0899999996227,-0.09666209999998387,0.0,0.0,0.0,0.0,0.0,0.0,0.0,0.0,0.0,-0.0009773833558932715,0.37763919809639734,5736.704847099412,-269.1209053749583,0.0,3.924112131402345e-07,0.0,-9.59443706226607e-09,54.008308515357555,-0.024598467740291508,54.008308515357555,0.0,1.4424778025091562,14218.177073578303,-28.865843985400065,4489.384826903752,6.802542567357534,0.0,-5.751587976916664e-16,0.0,1.6362139809395992e-13,-297.4583543480321,2.615991190358697,-297.4583543480321,0.0,-142.54446118245065,998.9999999999309,-34.62311878955613,9.634765067656964,-12.895359091648762,gaze,0.5201103530546776,0.49418379650524313,-48.53061244342188,36.471634059515964,1021.3922367977048,28.73337623621238,-0.49001715418347325,-34.23205192153614,-0.04739276679994157,0.029998100596786415,1.0050633103473636,4.227499527732137,-29.694365699048216,-2.5051580832435283,-33.51041304461857,-0.028934537062232764,0.012282506422912759,1.0033320533532326,4.183599904372602,-0.5217357396210394,-1.506778228779475,-33.94403686394425,-0.039388072918604695,0.015852187509902263,1.004102016143401,4.217369206392586,5.679753512642576,True,2.1466303427822404,imu,-0.86732156,-9.6135118016,2.7855975896,-0.82235263,1.15093413,-3.87770441,73.58737214525526,-4.077978031413557,-1.2612824656934705
235.374767,12.816817244841646,0.4533297465951769,4442.294391417414,-18.307603809248747,36.95571005096302,6.028988793280753,17.16623024133878,-93972.46761845052,0.8255419807313094,6.07436087750011,-259303.2938384134,-1.3320366452112982,36.95571005096302,14585887032.827547,-274.96058502417543,-1.5104175383096485,67.90406720064067,-23.436869633922818,11.886427634418354,0.3760007183841374,67.9805066410135,44.251641109213324,-1334527.0523463725,-1158.8502082779125,0.0,8.42440867522332,-46313.216448968946,-419597032201.53644,-10979.448858992915,-1.2596687640975417,0.0,0.0,1779.9499999998043,-3.303689999999637,0.0,0.0,0.0,0.0,0.0,0.0,0.0,0.0,0.0,0.0,0.0,1256.08999999962,-0.09666209999998376,0.0,0.0,0.0,0.0,0.0,0.0,0.0,0.0,0.0,-0.0010289792373002205,0.37764332844146864,5736.742197933745,-269.25302638479525,0.0,3.964148758534184e-07,0.0,-9.600471779162342e-09,54.00868467360175,-0.024506056947269622,54.00868467360175,0.0,1.442486056324519,14434.068156425576,-29.186425856152766,4489.463064952837,6.881428512554848,0.0,-5.814983688915442e-16,0.0,1.65409696719461e-13,-300.6781924215393,2.645022245049615,-300.6781924215393,0.0,-144.20943809464893,998.9999999999318,-35.10818750860922,9.731180005506275,-12.769788684692521,gaze,0.5205996442312927,0.4940563642662045,-42.49493405431781,32.676233808036564,905.3280512252546,28.72702919410765,-0.4844142239152483,-34.230322990586096,-0.047818605820609476,0.030258403526436075,1.0049694358923031,4.228578826050658,-29.70077111133085,-2.5021015413443193,-33.514827322204354,-0.029490497095710458,0.012272931068149445,1.0031628279538065,4.184708717002805,-0.5218952404574044,-1.5042951878838775,-33.946236751730346,-0.03996531555639374,0.01600411924223826,1.0039825851390685,4.218381730616358,4.805841717080326,True,2.1386889265941926,imu,-0.8685178656000001,-9.624278552000002,2.787392048000001,-1.06161375,1.12102649,-4.124442439999999,73.5720264948988,-4.0818594545505125,-1.2435773461727306
235.380095,12.903758878806384,0.354913198348477,4442.247042013743,-18.450602176947392,37.134832210766824,6.060924697119186,18.146730980819484,-95196.35136121511,0.8307384194195153,6.106540394888207,-261954.39583529977,-1.3443504052266033,37.134832210766824,14755782668.123316,-276.69889347042084,-1.5185279827743305,67.95864760599846,-23.572116999219336,11.968129606217675,0.2771716432193294,68.03557971302143,45.48186340545794,-1349024.130430248,-1167.996791538727,0.0,8.478267705287141,-46811.307051988806,-424513930258.0697,-11079.103519887636,-1.267089389613377,0.0,0.0,1779.9499999998043,-3.303689999999637,0.0,0.0,0.0,0.0,0.0,0.0,0.0,0.0,0.0,0.0,0.0,1256.0899999996163,-0.09666209999998376,0.0,0.0,0.0,0.0,0.0,0.0,0.0,0.0,0.0,-0.001060361110484312,0.3776458405760823,5736.764800119716,-269.33295229746454,0.0,3.988521216968003e-07,0.0,-9.604122423826458e-09,54.00891347276621,-0.024449820880244638,54.00891347276621,0.0,1.4424910782604572,14565.907482328057,-29.381581336770665,4489.510561568397,6.929711954265855,0.0,-5.8535861116421065e-16,0.0,1.664985811869966e-13,-302.63761858941996,2.6626949770924018,-302.63761858941996,0.0,-145.2230552287404,998.9999999999309,-35.403876293345746,9.78995552765361,-12.69276020850883,gaze,0.5208935487562318,0.4939901215635997,-37.605221385490935,29.561196114665517,807.2807171024216,28.723200365433712,-0.4810074953057434,-34.22935730153869,-0.048072569926145545,0.030410817467870013,1.0049103498435563,4.229233441839736,-29.704590939527634,-2.500319585254212,-33.51755255283493,-0.029823983469594473,0.01225527086860928,1.0030585462800126,4.1853965477395105,-0.5219776261067636,-1.502834077848998,-33.947598082607925,-0.040310907016873884,0.016091055694887536,1.0039085153370366,4.218996419027676,4.340752324331972,True,2.1337654349455137,imu,-0.9996509583414106,-9.567557989755485,2.715389542458989,-0.7915625439157499,0.7047635881872047,-4.169521317274438,73.658234,-3.595050800000021,-2.862573600000007
235.383576,12.960787426903462,0.29017628215527935,4442.216238566387,-18.544365196179484,37.25222757428296,6.081857646762031,18.78924942357844,-96001.6540626511,0.8341469169757448,6.127633060399841,-263698.11564659973,-1.352424315931819,37.25222757428296,14867634777.214865,-277.8391194027596,-1.5238452857452758,67.99458279487408,-23.66080739503116,12.021722451894862,0.2121642775431667,68.07183809378603,46.28847707553973,-1358563.423272252,-1174.0025624175923,0.0,8.513594653007225,-47139.049667814885,-427751157103.38654,-11144.59747929854,-1.2719568349165606,0.0,0.0,1779.9499999998043,-3.30368999999963,0.0,0.0,0.0,0.0,0.0,0.0,0.0,0.0,0.0,0.0,0.0,1256.0899999996154,-0.09666209999998354,0.0,0.0,0.0,0.0,0.0,0.0,0.0,0.0,0.0,-0.0010809357709954184,0.3776474875743734,5736.7795715473185,-269.38517703587604,0.0,4.004508846228076e-07,0.0,-9.606507797933544e-09,54.00906348287606,-0.02441293953165885,54.00906348287606,0.0,1.4424943714806542,14652.55978004112,-29.50959766945561,4489.541664619643,6.961490632390635,0.0,-5.87891227560452e-16,0.0,1.6721296017316557e-13,-303.9226754254068,2.6742877613850022,-303.9226754254068,0.0,-145.88798129685398,998.9999999999309,-35.59800338988684,9.828544267426928,-12.64199348937382,gaze,0.5210846673309969,0.4939513648794439,-34.7415405541815,27.660928967669022,751.3827627002244,28.720703744728027,-0.4787759308934606,-34.22875936633132,-0.048236952305895704,0.03050826167480385,1.004870808068688,4.229661814883758,-29.707063304344402,-2.4991836212580187,-33.519355356490806,-0.030040650449823195,0.012238790560393148,1.0029896343067868,4.18585290264826,-0.522025737270816,-1.5018968611410979,-33.94849984663527,-0.04053516306950552,0.01614575986270151,1.0038593811096137,4.219398850859796,4.06511216134074,True,2.1304996554180438,imu,-0.8882569080000001,-9.58539862,2.775428992000001,-1.30835178,1.13598031,-4.22164227,73.55695533376277,-4.0853184350568466,-1.2254354759766561
235.384581,12.97728544474002,0.2714215962941289,4442.207364723108,-18.571485079293495,37.28617493724614,6.087911206305134,18.975033294645982,-96234.99289441854,0.8351329667617029,6.133732813021004,-264203.2639761134,-1.3547595801894046,37.28617493724614,14900053468.131672,-278.1689798736957,-1.5253831581463007,68.00499829261406,-23.686461499239797,12.037226718357891,0.19333137335924988,68.08234709370441,46.521775816278705,-1361327.5158522967,-1175.7409024917583,0.0,8.523814327158561,-47234.014691894816,-428689441664.5075,-11163.563112649717,-1.2733649517288992,0.0,0.0,1779.9499999998097,-3.303689999999637,0.0,0.0,0.0,0.0,0.0,0.0,0.0,0.0,0.0,0.0,0.0,1256.0899999996154,-0.09666209999998387,0.0,0.0,0.0,0.0,0.0,0.0,0.0,0.0,0.0,-0.001086886446424483,0.3776479639232897,5736.783836868919,-269.40025571322303,0.0,4.0091340824216437e-07,0.0,-9.607196517852205e-09,54.00910686994507,-0.02440227088207772,54.00910686994507,0.0,1.4424953240647467,14677.653336072965,-29.546632909112287,4489.550654921601,6.970699811740502,0.0,-5.886239760142423e-16,0.0,1.674196457263141e-13,-304.29440385899346,2.6776415620360052,-304.29440385899346,0.0,-146.08034832247304,998.9999999999327,-35.65418864853936,9.839712985392246,-12.627271671281132,gaze,0.522361368512898,0.4889287569105989,-33.50919017078498,25.73014492868517,737.5118020882593,28.61446434823025,-0.4801324095381381,-34.3178591560132,-0.0553626105422035,0.0523368340079277,0.9970936952764164,4.235929012298584,-29.68779953796947,-2.529593630370329,-33.56361873546153,-0.0299163565478695,0.0180756833370207,0.9993889539527644,4.21901273727417,-0.5543544746295741,-1.5120105814150242,-33.9444016053923,-0.0447618465762852,0.0352825359559806,0.9981776133376932,4.212072563171387,4.200480542943824,True,2.0,imu,-0.9996989459541301,-9.567615674152243,2.714589333246034,-0.7119926641624005,0.715823329062289,-4.199086100338776,73.55525626797142,-4.085685827996883,-1.2233387211433386
235.392385,13.105904411852542,0.1248015697710727,4442.13875470982,-18.78283307773274,37.55060929901318,6.13507106320051,20.421989187339932,-98059.77736572921,0.8428201167820119,6.181252612689189,-268152.1586289443,-1.372958144119576,37.55060929901318,15153719525.439491,-280.7405813386688,-1.5373664733152714,68.08649862329497,-23.88640823928023,12.158101071467671,0.04610187685704403,68.16457644195384,48.33981925000285,-1382944.4465730118,-1189.3069370072237,0.0,8.603484138165541,-47976.68166771021,-436031559522.0478,-11311.705153127248,-1.2843425843575678,0.0,0.0,1779.9499999997988,-3.3036899999996265,0.0,0.0,0.0,0.0,0.0,0.0,0.0,0.0,0.0,0.0,0.0,1256.089999999609,-0.09666209999998332,0.0,0.0,0.0,0.0,0.0,0.0,0.0,0.0,0.0,-0.001133256204304614,0.3776516757812236,5736.816967899005,-269.51735750672196,0.0,4.045194258715776e-07,0.0,-9.61254513398238e-09,54.00944496663834,-0.024319111577767644,54.00944496663834,0.0,1.4425027485889785,14873.675282132624,-29.835374211106693,4489.620627071952,7.042735962918464,0.0,-5.943376940861548e-16,0.0,1.690312785672507e-13,-307.1919388300383,2.703789077686463,-307.1919388300383,0.0,-147.58016792340558,998.9999999999291,-36.09260039146679,9.926864689336298,-12.511961271180573,gaze,0.5215648708301442,0.4938696541239712,-30.68476140616963,24.57913515864992,682.747976067564,28.714406009004612,-0.47311359449013196,-34.22736411725589,-0.04864721299408648,0.030747006240937954,1.0047674340992159,4.230748081908919,-29.713233575698045,-2.4964126119539483,-33.52399545364993,-0.030584369366142596,0.012179243549360952,1.002812506459454,4.18703224958768,-0.5221273373527492,-1.49958941505909,-33.950824832517284,-0.04109693220371981,0.016276523491035713,1.0037324430867505,4.220419831512672,3.4721751632461366,True,2.122061685355292,imu,-0.8679197128000001,-9.5542946744,2.8137107712,-1.46536689,1.23318014,-4.27398064,73.5422238252679,-4.088346301185887,-1.206874275615591
235.401194,13.25217430338451,-0.04281089734496035,4442.061943439614,-19.023016475026708,37.85086385647711,6.188630788323161,22.064485988676097,-100147.14281004667,0.8515619697247209,6.235221294414844,-272666.0175726269,-1.3936386710724853,37.85086385647711,15444191154.328648,-283.66510218124273,-1.5509815778346163,68.17982647391034,-24.113681184579868,12.295569262157727,-0.12220301431501213,68.25873351157969,50.40574359103266,-1407673.8104095443,-1204.7644456018643,0.0,8.694081020598585,-48826.238622143515,-444439700477.87646,-11480.789072642683,-1.2968265790980031,0.0,0.0,1779.949999999806,-3.303689999999637,0.0,0.0,0.0,0.0,0.0,0.0,0.0,0.0,0.0,0.0,0.0,1256.089999999609,-0.09666209999998343,0.0,0.0,0.0,0.0,0.0,0.0,0.0,0.0,0.0,-0.001185943799144988,0.3776558933494556,5736.854386947598,-269.6495679764357,0.0,4.0862068672371624e-07,0.0,-9.618583802777479e-09,54.009829148451786,-0.02422456915582985,54.009829148451786,0.0,1.4425111882637864,15097.438139323676,-30.16377032082498,4489.699953479725,7.12517156516909,0.0,-6.008380900856554e-16,0.0,1.7086474236266335e-13,-310.4861185891444,2.733527537155852,-310.4861185891444,0.0,-149.28607538777337,998.9999999999327,-36.59201262940559,10.026148139180215,-12.379679752915052,gaze,0.5220396941162215,0.49381209869276765,-31.22070977731133,24.332666180827463,707.8990887423897,28.708142212583578,-0.4674390489565471,-34.22614023100353,-0.04904878502515925,0.030973959055392873,1.0046593220054119,4.23183720894882,-29.719273088470125,-2.49379692725382,-33.52874586717414,-0.03112101632268313,0.012093438328893327,1.0026314795762934,4.188246537850658,-0.5222000205923271,-1.4973791144685062,-33.95321035275431,-0.04164992888431763,0.016395816189367328,1.003601811305905,4.2214439247659215,3.032386058321998,True,2.1133741852692154,imu,-0.8547603512000002,-9.5393408544,2.8035421736,-1.51022835,1.24813396,-4.49081103,73.5278962639379,-4.09093431492295,-1.1879123239204459
235.404672,13.310243893734334,-0.10960805171909982,4442.031802538273,-19.118320882559857,37.96992899963598,6.209873167713015,22.715676952653666,-100979.40314459056,0.8550324483406043,6.256625919335584,-274464.7971238813,-1.4018443418735806,37.96992899963598,15560095154.351608,-284.8261500022197,-1.5563831062882427,68.21706590830951,-24.203876287578744,12.350146220899024,-0.18927486323102016,68.29630219417379,51.225451030899876,-1417534.2765130475,-1210.9098447828046,0.0,8.730046439266566,-49164.97514294233,-447794928539.02295,-11548.095339152742,-1.3017827305506975,0.0,0.0,1779.9499999997988,-3.303689999999623,0.0,0.0,0.0,0.0,0.0,0.0,0.0,0.0,0.0,0.0,0.0,1256.0899999996045,-0.0966620999999831,0.0,0.0,0.0,0.0,0.0,0.0,0.0,0.0,0.0,-0.0012068479177979041,0.3776575666926201,5736.869167106986,-269.70177607345,0.0,4.102490115425617e-07,0.0,-9.620968381371595e-09,54.00998158057001,-0.0241870439897357,54.00998158057001,0.0,1.4425145378090534,15186.519115950388,-30.29415339626,4489.731373882099,7.158048379642416,0.0,-6.034195196780252e-16,0.0,1.7159282721552983e-13,-311.793628897227,2.7453345736977584,-311.793628897227,0.0,-149.9634028656566,998.9999999999291,-36.79052573079541,10.06561426567631,-12.32682984250129,gaze,0.522258703201786,0.4881314578116058,-32.91466154729771,26.08729837940369,728.0053424857717,28.61850882240849,-0.4532873918048179,-34.32300021448705,-0.0560253298173524,0.0536682835340876,0.996985896470638,4.235491752624512,-29.68116132609487,-2.540817799289883,-33.54988131849196,-0.0287669916008484,0.01853366785076,0.9994143101588222,4.229104995727539,-0.5493202950175153,-1.4979874652273275,-33.94522431620874,-0.0446771612447678,0.0366634332957571,0.9981355256568883,4.216248083114624,2.548683603574063,True,2.0,imu,-0.9997414545344345,-9.567755340936706,2.711322302071581,-0.2697376431045629,0.7634289957567466,-4.315607608190939,73.52236458464193,-4.091833075075547,-1.1803196545782666
235.410003,13.399603224774642,-0.21267769708284945,4441.985808359183,-19.264924440251363,38.15299990421592,6.2425385740466615,23.71677633595209,-102264.05779404938,0.8603728668087133,6.289540871860892,-277240.29122233763,-1.4144664386957775,38.15299990421592,15739099921.632568,-286.61281376384983,-1.564691077706466,68.27457818944822,-24.342635280637978,12.434132811407542,-0.29276699779522986,68.35432118358307,52.48632631724672,-1432755.2291241447,-1220.376207103203,0.0,8.78538920391647,-49687.84759900284,-452977052217.0427,-11651.866529177183,-1.3094093879953799,0.0,0.0,1779.9499999997915,-3.303689999999616,0.0,0.0,0.0,0.0,0.0,0.0,0.0,0.0,0.0,0.0,0.0,1256.0899999996,-0.09666209999998276,0.0,0.0,0.0,0.0,0.0,0.0,0.0,0.0,0.0,-0.001239001832072005,0.37766014056782415,5736.891828651565,-269.78180862469776,0.0,4.1275485500517e-07,0.0,-9.624623819853186e-09,54.010216051983775,-0.024129308321982262,54.010216051983775,0.0,1.4425196911222429,15323.87196755991,-30.49480089233696,4489.779645015005,7.208804525191169,0.0,-6.073927384072963e-16,0.0,1.7271344236972734e-13,-313.805351140501,2.7635044878831243,-313.805351140501,0.0,-151.00578138300205,998.9999999999272,-37.09627437808439,10.126401517003828,-12.245136614626245,gaze,0.5225085674373557,0.49377957624529295,-33.5833356227177,25.78499907570149,754.8672334941385,28.701918686415944,-0.4617646513509981,-34.225090611598354,-0.04944105588702158,0.031188432533538278,1.0045464806131292,4.232928771941022,-29.725172870482666,-2.4913451065025134,-33.53360479752266,-0.03164994398208717,0.011980512788142023,1.0024465899459973,4.1894955391621735,-0.5222436333050908,-1.4952723230700657,-33.95565500996348,-0.04219344815710232,0.016503035922441935,1.0034675272137186,4.222470370543835,2.743084117598469,True,2.104436336885015,imu,-0.8679197128000001,-9.4873015608,2.7897846592,-1.51770526,1.15841104,-4.58801086,73.51403594856838,-4.093073671817775,-1.168569377306593
235.418812,13.54819731891017,-0.38481547858049936,4441.910353083655,-19.50856605672663,38.457026126035416,6.296796178490112,25.378896789809914,-104410.83184010535,0.8692532004718316,6.344213117561619,-281875.582293478,-1.435441989501073,38.457026126035416,16038496467.481087,-289.5838484048262,-1.578495452925092,68.37076566747561,-24.57327960902108,12.57379752511134,-0.4656067467327354,68.45135139385951,54.58164390793286,-1458192.4433336258,-1236.143345772678,0.0,8.877412605464892,-50561.63656373976,-461645098254.7086,-11824.954913518002,-1.322091582091769,0.0,0.0,1779.949999999797,-3.303689999999616,0.0,0.0,0.0,0.0,0.0,0.0,0.0,0.0,0.0,0.0,0.0,1256.0899999995981,-0.09666209999998288,0.0,0.0,0.0,0.0,0.0,0.0,0.0,0.0,0.0,-0.0012924335943282003,0.37766441772642434,5736.929292969362,-269.91407963177244,0.0,4.1692211924520134e-07,0.0,-9.630665200810195e-09,54.010605701008615,-0.024033325118239135,54.010605701008615,0.0,1.4425282577844456,15553.000522526669,-30.828480873480135,4489.859702852151,7.293641954097417,0.0,-6.140019631331948e-16,0.0,1.7457746974884422e-13,-317.14977340687307,2.7937212828557008,-317.14977340687307,0.0,-152.7393638822426,998.9999999999281,-37.605420070580934,10.227631755027303,-12.108319493533358,gaze,0.5229709118518432,0.4937729754599861,-35.17370340202237,27.578843173064694,779.6366385263058,28.69574186734691,-0.45610328946624723,-34.22421807666565,-0.04982340336177114,0.031389729628880085,1.0044289195580447,4.234022340907691,-29.730923813576045,-2.4890658152386966,-33.53857039176809,-0.032170495139838065,0.01183959436275428,1.0022578749884548,4.19077901688714,-0.522257882061776,-1.4932755039817969,-33.95815736572064,-0.04272677412944961,0.01659757251786688,1.0033296334755368,4.223498396436273,2.594831465385254,True,2.0952473348895064,imu,-0.8625363376,-9.393989724,2.7826068256,-1.30835178,1.02382666,-4.90204108,73.50070505539469,-4.094755500817146,-1.1488663890367963
235.424653,13.647371335498914,-0.500215524901499,4441.860697411143,-19.671078295830533,38.659663801583676,6.3329666112561105,26.486440012611638,-105850.91307846457,0.8751799776489952,6.380660065495968,-284983.05319678417,-1.4494320356815416,38.659663801583676,16239517266.838104,-291.56678243529075,-1.587701292536092,68.4353423586976,-24.727149771816535,12.6670152632351,-0.5814748972742905,68.51649063189188,55.97915191976722,-1475257.161145367,-1246.6843143914389,0.0,8.938827005324994,-51147.8001283937,-467465427479.4004,-11940.84226808323,-1.3305558663986918,0.0,0.0,1779.9499999997897,-3.3036899999996017,0.0,0.0,0.0,0.0,0.0,0.0,0.0,0.0,0.0,0.0,0.0,1256.0899999995918,-0.09666209999998243,0.0,0.0,0.0,0.0,0.0,0.0,0.0,0.0,0.0,-0.0013280703721239018,0.3776672704405919,5736.954146952223,-270.0018016416045,0.0,4.197036555341903e-07,0.0,-9.634671830174058e-09,54.01086559177145,-0.02396928112171348,54.01086559177145,0.0,1.4425339735812095,15706.426695438415,-31.051202818971184,4489.912989493838,7.3505628631709214,0.0,-6.18414604915194e-16,0.0,1.7582194964579178e-13,-319.38132173247175,2.8138900961207205,-319.38132173247175,0.0,-153.89654300211043,998.9999999999245,-37.9457300261064,10.295296693985613,-12.016340039163403,gaze,0.5215168852602196,0.4873123593407616,-34.31685910112762,28.93492088427699,786.4015790414317,28.63643121338482,-0.4497822362311248,-34.32624059930349,-0.0524599351572844,0.0528717196421165,0.9972224107316175,4.246669769287109,-29.67886949492527,-2.514353932581873,-33.56397923006632,-0.0297490224354792,0.0210973037505654,0.9993347284261614,4.24719762802124,-0.540747980549732,-1.492756263580573,-33.94505912822933,-0.0436931301962424,0.0367086742056795,0.998166046210438,4.22823166847229,3.32662626231198,True,2.0,imu,-0.9994886963798648,-9.56769780748803,2.7086005563556688,0.19568325205197626,0.8095010827349438,-4.404525346499288,73.49218749741482,-4.095614036213931,-1.1356141764705514
235.427621,13.697962748315035,-0.5592409623600894,4441.835581239648,-19.753950438948905,38.762951232037665,6.351405365985074,27.050883963030174,-106587.77660124004,0.8782033645872394,6.399239810311623,-286572.4974851261,-1.4565658666044263,38.762951232037665,16342431815.825048,-292.5783389082655,-1.5923951850781266,68.46840086050616,-24.805623283203303,12.714569227638059,-0.6407390057401017,68.54983613338834,56.6917731034448,-1483989.220021142,-1252.0669912437875,0.0,8.970155156346273,-51447.73438249218,-470445333417.7724,-12000.071716184766,-1.3348737346176431,0.0,0.0,1779.9499999997915,-3.3036899999996123,0.0,0.0,0.0,0.0,0.0,0.0,0.0,0.0,0.0,0.0,0.0,1256.0899999995918,-0.09666209999998276,0.0,0.0,0.0,0.0,0.0,0.0,0.0,0.0,0.0,-0.001346242391890226,0.37766872511667815,5736.966779859125,-270.04638117850345,0.0,4.211226686775323e-07,0.0,-9.636707961315213e-09,54.01099811940503,-0.02393661557246815,54.01099811940503,0.0,1.4425368888733718,15784.84770005499,-31.164825266289647,4489.940128167564,7.379690988105153,0.0,-6.206660895813415e-16,0.0,1.764569160110992e-13,-320.5195227967721,2.8241792799663044,-320.5195227967721,0.0,-154.48690113919707,998.9999999999263,-38.11948429901524,10.329845817716766,-11.96921598395814,gaze,0.5234261391776577,0.4937931960867708,-35.11788418504511,28.95178367738607,789.1169658174418,28.689618298705696,-0.4504683897572779,-34.22352535465259,-0.05019519547193478,0.03157714378636992,1.0043066492911614,4.235117479925284,-29.736516672883464,-2.4869678458656024,-33.543640743242804,-0.03268200267244565,0.011669799986061907,1.0020653732617526,4.192096725974917,-0.5222423275170828,-1.4913952202864036,-33.960715940279876,-0.04324917991132925,0.016678807626348012,1.0031881739829132,4.224527217630858,2.5726519970654853,True,2.085806387031276,imu,-0.8505732816000001,-9.4011675576,2.784401284,-0.97936774,0.8892422799999999,-5.07401001,73.48796451126053,-4.095970864097342,-1.1288255284851227
235.43643,13.848905695182237,-0.735970940473468,4441.761496465471,-20.00108673264944,39.070783958667924,6.406367907088309,28.732774520495695,-108795.2058686316,0.8872237544661947,6.454622735178639,-291331.6474932402,-1.4778386137254156,39.070783958667924,16650957375.893112,-295.5964185649593,-1.60639075734951,68.56749577611765,-25.039675448627065,12.856453761861523,-0.8181805910388711,68.64978744834963,58.81679090568332,-1510149.3526293242,-1268.148278535196,0.0,9.06362080144556,-52346.27082524811,-479379263888.0542,-12177.234527715802,-1.3477564209963653,0.0,0.0,1779.9499999997934,-3.303689999999616,0.0,0.0,0.0,0.0,0.0,0.0,0.0,0.0,0.0,0.0,0.0,1256.08999999959,-0.09666209999998276,0.0,0.0,0.0,0.0,0.0,0.0,0.0,0.0,0.0,-0.0014004315455178953,0.3776730630313536,5737.004289278942,-270.17871344631953,0.0,4.253566932417028e-07,0.0,-9.642752117101401e-09,54.01139333115913,-0.023839175698365245,54.01139333115913,0.0,1.4425455850149262,16019.437536539328,-31.503849127101788,4490.020922139902,7.466958788582147,0.0,-6.273854443080372e-16,0.0,1.783518730189628e-13,-323.9147372053814,2.8548798420223367,-323.9147372053814,0.0,-156.24847168865043,998.9999999999272,-38.63850181492187,10.433050701860012,-11.827813637248964,gaze,0.5238736519419804,0.49384114899955966,-33.80057436114206,29.645900517572912,793.031103138679,28.683554630894932,-0.4448739252687523,-34.22301508204897,-0.05055579042672812,0.03174995889572568,1.0041796810843049,4.2362137470942915,-29.74194206610573,-2.4850601183216683,-33.5488138911856,-0.03318378948565888,0.011470236040264481,1.0018691244691698,4.193448412903875,-0.5221963782384516,-1.489638135578517,-33.96332921229321,-0.043759927556354355,0.01674611468193197,1.0030431938611015,4.22555603684521,2.6572702968779667,True,2.0761127142203675,imu,-0.8314323920000001,-9.440645642400002,2.7586807136,-0.5008455,0.76213481,-5.11139456,73.47587386678599,-4.096710756896722,-1.1084702003998543
235.444745,13.99246981234457,-0.9049195252678182,4441.692199932888,-20.235979427384407,39.363111773588955,6.458573988518265,30.329465274689937,-110907.09722908586,0.8958030758904274,6.5072282796730425,-295881.56002715474,-1.4980554776727506,39.363111773588955,16946439062.867737,-298.4670096979962,-1.6196898371050574,68.66238363459343,-25.262177924374367,12.991407800460202,-0.9878053317210735,68.74549000219906,60.8363689812486,-1535179.2520273207,-1283.4733989118722,0.0,9.15251195515707,-53205.94773551676,-487936213802.4453,-12346.355268846306,-1.360009414258044,0.0,0.0,1779.9499999997897,-3.3036899999996017,0.0,0.0,0.0,0.0,0.0,0.0,0.0,0.0,0.0,0.0,0.0,1256.0899999995836,-0.09666209999998243,0.0,0.0,0.0,0.0,0.0,0.0,0.0,0.0,0.0,-0.0014519337870693566,0.3776771859495862,5737.039715839906,-270.30365300058816,0.0,4.2938416142111175e-07,0.0,-9.64845861694398e-09,54.011768964295186,-0.023746526511875088,54.011768964295186,0.0,1.442553853734358,16243.409835596394,-31.826332757358536,4490.097524555011,7.550457329029385,0.0,-6.337789487743703e-16,0.0,1.8015487612448026e-13,-327.14303891217384,2.8840825204173637,-327.14303891217384,0.0,-157.92420095965429,998.9999999999263,-39.132989184038635,10.53138331927142,-11.692220671269892,gaze,0.5209233344852053,0.4873789233754887,-33.21961280102536,28.76752996563422,783.7766417580207,28.64675499330766,-0.4439528745457959,-34.3276279722917,-0.0508639838996704,0.0526608772946296,0.9973162422944962,4.25742244720459,-29.67125022236031,-2.509369488902538,-33.56982401884115,-0.0289585429833138,0.0211295472091445,0.9993572659579856,4.266142845153809,-0.5307306587742413,-1.4902475736336176,-33.94462711443238,-0.0423694476384349,0.0363870547000317,0.9982327312157218,4.238723659515381,3.9343262076216816,True,2.0,imu,-0.9989164269337771,-9.567436987575478,2.7064127679349976,0.5725264306471765,0.856974944643881,-4.465677767549154,73.46510978735671,-4.096964768398385,-1.088990054409791
235.445239,14.001032361398545,-0.9150222766385596,4441.688102411037,-20.249984114840558,39.380533068746146,6.461685578591787,30.424605179053287,-111033.43557877094,0.8963147668603667,6.510363683513613,-296153.64702362183,-1.4992607751851672,39.380533068746146,16964124943.632978,-298.6382211531855,-1.620482654521729,68.66806247706103,-25.275445282751953,12.99945698918341,-0.9979483905960862,68.75121744023443,60.9567745784891,-1536676.6611520848,-1284.3883480630561,0.0,9.157813499451342,-53257.3765689678,-488448407245.03094,-12356.461038945497,-1.3607402188480273,0.0,0.0,1779.949999999788,-3.303689999999598,0.0,0.0,0.0,0.0,0.0,0.0,0.0,0.0,0.0,0.0,0.0,1256.0899999995836,-0.09666209999998221,0.0,0.0,0.0,0.0,0.0,0.0,0.0,0.0,0.0,-0.0014550043908008736,0.3776774317645559,5737.041821186591,-270.3110766172299,0.0,4.296243835842141e-07,0.0,-9.648797683968352e-09,54.01179136036302,-0.023741001495431235,54.01179136036302,0.0,1.4425543468379356,16256.794209343498,-31.845567566640604,4490.1020859499295,7.555452542087366,0.0,-6.341603551099901e-16,0.0,1.8026243298689617e-13,-327.335555015312,2.885824336753705,-327.335555015312,0.0,-158.02415434691432,998.9999999999236,-39.16250752959502,10.537253436637293,-11.684099961712862,gaze,0.5243128433307066,0.4939177562487564,-32.17493804445416,29.717229329408614,782.5373917779967,28.677557621980373,-0.43933442356276486,-34.22268980060797,-0.05090453656829515,0.03190744924474154,1.0040480270356245,4.237310694508899,-29.747190472785622,-2.483351680751288,-33.554087820388006,-0.033675168462651756,0.011239998307619459,1.0016691694661737,4.194833815625881,-0.5221192845348346,-1.4880110145120504,-33.96599561852993,-0.04425826800280363,0.01679885886224331,1.0028947394765555,4.226584044259111,2.8263505557043094,True,2.06616555062844,imu,-0.8296379336000002,-9.4460290176,2.7586807136,0.0225382,0.35838167,-5.14877911,73.4644911695362,-4.09696610734821,-1.08782506416742
235.454048,14.154348968576917,-1.0964119063847484,4441.615402737942,-20.500651793874184,39.692207351514156,6.517360163535463,32.12641270747645,-113302.78382065892,0.9054767999646137,6.566464452963569,-301039.1148051217,-1.5208328959054636,39.692207351514156,17281986703.168358,-301.70388093965073,-1.634671362978773,68.7701130813773,-25.512941995115522,13.143584789563478,-1.1800593642698054,68.85413826596135,63.11180164812663,-1563574.992227769,-1300.78834565412,0.0,9.2527372228817,-54181.18320074901,-497654292509.03,-12537.769041290729,-1.3738257079939458,0.0,0.0,1779.949999999788,-3.303689999999605,0.0,0.0,0.0,0.0,0.0,0.0,0.0,0.0,0.0,0.0,0.0,1256.0899999995809,-0.09666209999998232,0.0,0.0,0.0,0.0,0.0,0.0,0.0,0.0,0.0,-0.0015099642782078343,0.37768183161174695,5737.0793755398045,-270.4434708738306,0.0,4.3392593105988875e-07,0.0,-9.65484467778241e-09,54.01219223121598,-0.023642088948945983,54.01219223121598,0.0,1.4425631749741719,16496.94203721852,-32.18999575012152,4490.183620780659,7.6451794604171255,0.0,-6.40991151026755e-16,0.0,1.8218868848205353e-13,-330.78211509752975,2.9170141368222082,-330.78211509752975,0.0,-159.81402821236014,998.9999999999245,-39.69153651446153,10.642461083697235,-11.538062422539426,gaze,0.5247430971379758,0.4940239511137613,-31.08240682763776,29.347217137982593,755.1961358322885,28.671634138280346,-0.4338649746462999,-34.22255195456685,-0.05124077231796713,0.03204887947260761,1.0039117000750897,4.238407868226734,-29.752252233582674,-2.4818517101754676,-33.559460460840924,-0.03415544241223546,0.010978171921623939,1.0014655502674135,4.196252663510876,-0.52201013228547,-1.4865207233474589,-33.9687135535963,-0.044743441014670204,0.016836397048726158,1.002742858444422,4.227610417446752,3.0557354888570556,True,2.0559641437884477,imu,-0.8583492680000002,-9.461580990400002,2.7526991856,0.46367589,0.1864127399999997,-5.16373293,73.45387283718924,-4.096727776311857,-1.0669160530752873
235.462857,14.308861758081623,-1.280156837189839,4441.5434011194375,-20.75309900948885,40.005815622667924,6.57339345121743,33.83823392633258,-115603.5708431229,0.9147102534193247,6.622926847481823,-305988.6736026158,-1.5425555214068254,40.005815622667924,17604595228.24107,-304.7935326802863,-1.6489573707084093,68.87365976250686,-25.752174827382806,13.288843061542943,-1.3645305439461843,68.95856213798618,65.28194990368343,-1590848.2192310332,-1317.349422558093,0.0,9.348395958105575,-55117.8232209502,-506998460183.9888,-12721.176427028682,-1.3870134704605346,0.0,0.0,1779.9499999997843,-3.3036899999996017,0.0,0.0,0.0,0.0,0.0,0.0,0.0,0.0,0.0,0.0,0.0,1256.0899999995745,-0.0966620999999821,0.0,0.0,0.0,0.0,0.0,0.0,0.0,0.0,0.0,-0.0015653145731333376,0.37768626286973594,5737.116952296048,-270.5758963993012,0.0,4.3826152773302474e-07,0.0,-9.660893114476581e-09,54.01259596802424,-0.023542434029945103,54.01259596802424,0.0,1.4425720700583433,16739.905480709167,-32.53714889733884,4490.265527817213,7.73614678064574,0.0,-6.478781623428501e-16,0.0,1.8413073242489282e-13,-334.25455681212003,2.9484506198294556,-334.25455681212003,0.0,-161.61817266586763,998.9999999999254,-40.22562400142715,10.748680737227943,-11.389688441732675,gaze,0.5251637877156812,0.4941606781554738,-30.800292306162838,28.702048087038694,731.8300895549388,28.6657911549555,-0.4284812388989642,-34.22260388786775,-0.05156382612250415,0.0321735045232217,1.0037707139699916,4.239504808238545,-29.75711754954766,-2.480569513162565,-33.56492968738109,-0.0346239040170465,0.010683831318205897,1.0012583100537231,4.197704677291374,-0.5218678367686553,-1.4851742304990836,-33.971481369655066,-0.045214675122686065,0.016858077786882447,1.0025875996360427,4.228634321308912,3.320685253862849,True,2.045507754694781,imu,-0.8756956992000001,-9.434065961600002,2.7281749208,0.90481358,0.19388965,-5.09644074,73.44407353070471,-4.095986557207347,-1.045770393575843
235.464726,14.341799053167065,-1.3194463762997835,4441.528214695096,-20.80689029052872,40.072603227241586,6.58532829535314,34.20272114164709,-116095.80070794374,0.9166785315767306,6.63495311212897,-307047.1193768952,-1.5471838027982558,40.072603227241586,17673658290.394474,-305.4521601537134,-1.6520009823619803,68.89582273980363,-25.803156838178914,13.319808348944344,-1.4039748038832798,68.98091212825881,65.74434076566808,-1596683.3408542604,-1320.8839990357246,0.0,9.368786708044826,-55318.21245873211,-508998935421.61816,-12760.361526403503,-1.3898247166948023,0.0,0.0,1779.9499999997843,-3.303689999999598,0.0,0.0,0.0,0.0,0.0,0.0,0.0,0.0,0.0,0.0,0.0,1256.0899999995736,-0.0966620999999821,0.0,0.0,0.0,0.0,0.0,0.0,0.0,0.0,0.0,-0.00157710873423738,0.37768720711440507,5737.124927809651,-270.6039970782672,0.0,4.3918580529869593e-07,0.0,-9.662176594552603e-09,54.012681999462984,-0.023521194461599143,54.012681999462984,0.0,1.4425739659921835,16791.819279586416,-32.61115602019146,4490.282953957205,7.755607454554649,0.0,-6.493466355085987e-16,0.0,1.8454481378467865e-13,-334.994644029235,2.9551523313014694,-334.994644029235,0.0,-162.00279950278122,998.9999999999236,-40.33959484726243,10.771348106160943,-11.357906382272756,gaze,0.5204061033418984,0.4870064900099639,-30.12904993642348,27.09993632522369,729.7302827361759,28.66067152927999,-0.4343313478022055,-34.32803845257749,-0.0487635718660844,0.0534111632201694,0.997381251930439,4.264539241790771,-29.66719019624011,-2.505784288132818,-33.57450600009895,-0.028658218906709,0.0212269500981158,0.9993638592017562,4.280496597290039,-0.5209439870978819,-1.4861405399199523,-33.94445756976329,-0.0409524563756815,0.0365012029944537,0.9982858614401098,4.248200702667236,3.051859968027335,True,2.0,imu,-0.9980091703940581,-9.566970352564308,2.704801844622425,0.8056120279695017,0.9075128579710002,-4.497920110422915,73.44210477987555,-4.095763747386822,-1.0412561824352415
235.471666,14.464576991058227,-1.4662741486225528,4441.472101240488,-21.007335032864212,40.321366724399795,6.629787237205811,35.56010570792023,-117936.11906196922,0.924015528313051,6.6797526773399785,-311002.9502301348,-1.564429197807267,40.321366724399795,17932003483.662994,-307.90731162114275,-1.6633411673049132,68.97871474940439,-25.99315305340336,13.43523772227239,-1.5513790336820996,69.06450132441711,67.46729739751959,-1618500.2423655726,-1334.0727354604992,0.0,9.444793705367115,-56067.43004634282,-516482462300.5017,-12906.701189580492,-1.4003040904835955,0.0,0.0,1779.9499999997843,-3.3036899999995946,0.0,0.0,0.0,0.0,0.0,0.0,0.0,0.0,0.0,0.0,0.0,1256.0899999995709,-0.09666209999998188,0.0,0.0,0.0,0.0,0.0,0.0,0.0,0.0,0.0,-0.0016210586559461462,0.37769072583669105,5737.154551412641,-270.7083533774078,0.0,4.4263136637868764e-07,0.0,-9.666943010050855e-09,54.013002595201954,-0.02344203269519532,54.013002595201954,0.0,1.4425810327281177,16985.709142568056,-32.88704228276397,4490.3478082469555,7.828361765170214,0.0,-6.548217205900867e-16,0.0,1.8608865808984747e-13,-337.7530200091611,2.980135168325754,-337.7530200091611,0.0,-163.43666737132946,998.9999999999245,-40.7648053832411,10.855919524031002,-11.238965398037376,gaze,0.5255742799229918,0.49432889326879637,-31.10884066763661,27.90111895824185,733.5930480244726,28.660035756598276,-0.4231994550005381,-34.22284784137834,-0.051873016400348006,0.03228056959850578,1.0036250833304416,4.240601048437921,-29.761776481397227,-2.4795145264989733,-33.57049331933747,-0.03507983578175056,0.010356040186908527,1.0010474931791111,4.199189569007003,-0.5216911364905201,-1.4839786070824401,-33.974297376144946,-0.04567118756536258,0.016863241246512166,1.002429013186448,4.229654908005172,3.597116368249821,True,2.034795657903095,imu,-0.8816772272000001,-9.403560168800002,2.7467176576,1.33847436,0.1714589200000001,-4.81231816,73.435146027492,-4.094733175846535,-1.0244166245496138
235.480475,14.621500948463693,-1.6547809924853993,4441.401506797734,-21.263369166676085,40.638869525440896,6.686543323350719,37.292064976194524,-120300.75306723267,0.9333930271851465,6.736943759139936,-316082.57556399726,-1.5864544718210998,40.638869525440896,18264264826.7684,-311.04535349928483,-1.6778232439718064,69.08529032665189,-26.235885979268502,13.58277470753986,-1.7406220098481775,69.17196814912796,69.66792244573321,-1646534.988756866,-1350.959446495563,0.0,9.541934478810106,-57030.13801326303,-526107862458.87744,-13094.361423794835,-1.413698154512613,0.0,0.0,1779.949999999777,-3.3036899999995875,0.0,0.0,0.0,0.0,0.0,0.0,0.0,0.0,0.0,0.0,0.0,1256.0899999995636,-0.09666209999998154,0.0,0.0,0.0,0.0,0.0,0.0,0.0,0.0,0.0,-0.0016771999220378461,0.37769522081214424,5737.192172846713,-270.84084199250174,0.0,4.4703564048400534e-07,0.0,-9.672994380572262e-09,54.01341213727068,-0.023340880887168375,54.01341213727068,0.0,1.4425900636241256,17234.377768169907,-33.23969123564406,4490.430463259359,7.921831701753931,0.0,-6.618221585499077e-16,0.0,1.8806255910599951e-13,-341.27764502959985,3.0120691698190374,-341.27764502959985,0.0,-165.26959227615777,998.9999999999218,-41.30911621385988,10.96418460359613,-11.085880626865462,gaze,0.5259739290758754,0.49452956373514045,-31.541893304400606,27.024095622179313,754.5857521018863,28.654375137822488,-0.4180364478585278,-34.223285950112704,-0.0521676514878745,0.03236931011172221,1.003474823614868,4.241696116591006,-29.766218948788513,-2.478696317859814,-33.576149120177966,-0.035522509981246175,0.009993851422073347,1.0008331451777583,4.2007070419490535,-0.5214785870137986,-1.4829410274615151,-33.977159839500274,-0.04611218423003054,0.0168512191819528,1.002267150501852,4.230671316886134,3.8628406273370812,True,2.023827141630126,imu,-0.8984255056000002,-9.410139849600002,2.739539824,1.76465823,0.0892129099999996,-4.43847266,73.42714109457846,-4.09295829026597,-1.002884616568472
235.481627,14.642112435138081,-1.6796106225171954,4441.392327138939,-21.296985558347338,40.68053583635594,6.693992502916892,37.51931034178415,-120612.37841044366,0.9346247341715772,6.744450044440326,-316751.7304124147,-1.5893460722697723,40.68053583635594,18308078067.607014,-311.45753312368623,-1.67972443509033,69.09934086236268,-26.267759691387383,13.602153682008307,-1.765548275420855,69.18613576121612,69.95684366930732,-1650229.7477741067,-1353.1799546410648,0.0,9.554693246631995,-57157.012253139466,-527377164857.2563,-13119.061603948678,-1.4154574472466273,0.0,0.0,1779.949999999777,-3.3036899999995875,0.0,0.0,0.0,0.0,0.0,0.0,0.0,0.0,0.0,0.0,0.0,1256.0899999995645,-0.09666209999998165,0.0,0.0,0.0,0.0,0.0,0.0,0.0,0.0,0.0,-0.001684571361561825,0.377695811026558,5737.197094450545,-270.85817058554244,0.0,4.47614167248376e-07,0.0,-9.67378586053254e-09,54.01346591209119,-0.023327597021997687,54.01346591209119,0.0,1.44259124972098,17267.110630356685,-33.28601357409501,4490.441300255738,7.93414843818141,0.0,-6.627418663715107e-16,0.0,1.883218828185764e-13,-341.740520840253,3.0162638671472752,-341.740520840253,0.0,-165.51036482131363,998.9999999999209,-41.38067978854508,10.978419266706666,-11.065685623256824,gaze,0.5260253573590424,0.4945582574602749,-31.58183562503805,26.90660872580852,757.5055540292057,28.65364225871562,-0.41737094396947494,-34.22335770720697,-0.052205069560409344,0.0323795197305954,1.0034548319276566,4.241839212792559,-29.76678337367371,-2.4786073312745223,-33.57689545456769,-0.03557938196448918,0.009943892560135018,1.0008048550971207,4.200907883066531,-0.5214480565527082,-1.4828174042224096,-33.977537521275394,-0.046168666330887835,0.01684834087526326,1.0022457433650493,4.230803883477714,3.8957539032861788,True,2.0223737339928816,imu,-0.9969620372773295,-9.566410292833343,2.7038928509826783,0.8917670025906302,0.954215756379005,-4.503123795481514,72.7549012,-3.765951600000017,-0.054917600000004
235.484818,14.699314151869388,-1.7486030701202537,4441.366963195716,-21.3902633675916,40.79612530994683,6.714659018783093,38.149676877681486,-121478.47018862516,0.9380430126721016,6.765275006387558,-318611.1700106918,-1.5973693012516752,40.79612530994683,18429878385.66077,-312.6014376580429,-1.6849994976845568,69.13839747280429,-26.356206462828794,13.655935416097716,-1.8348088451496025,69.22551730276598,70.75851813264308,-1660498.7043521972,-1359.345401914772,0.0,9.590101374509343,-57509.6339690614,-530905884706.2536,-13187.67289821011,-1.4203399277046183,0.0,0.0,1779.9499999997806,-3.303689999999591,0.0,0.0,0.0,0.0,0.0,0.0,0.0,0.0,0.0,0.0,0.0,1256.0899999995618,-0.09666209999998154,0.0,0.0,0.0,0.0,0.0,0.0,0.0,0.0,0.0,-0.0017050258280134553,0.37769744879069256,5737.2107291104985,-270.906173031595,0.0,4.4921976220698466e-07,0.0,-9.675978365988484e-09,54.0136151294227,-0.0232907337229748,54.0136151294227,0.0,1.4425945413298766,17358.03803785768,-33.41457256476405,4490.471351936798,7.968378221919409,0.0,-6.652945402858141e-16,0.0,1.890416371767426e-13,-343.0250221103016,3.027905458543218,-343.0250221103016,0.0,-166.17859362978436,998.9999999999209,-41.57937029942616,11.017941209323133,-11.009533900056649,gaze,0.520624110294721,0.4875277535742135,-31.93127797628249,27.9301529825565,764.7675575763367,28.66022197456087,-0.4268212227347479,-34.33402471384515,-0.0496044981253533,0.0524594635015266,0.9973902939445842,4.269302368164062,-29.66840643761657,-2.480959854863054,-33.5978777966667,-0.0289219881919275,0.02093939790858,0.9993623267935672,4.277923107147217,-0.51442891442953,-1.4759460436888858,-33.949500031667,-0.0402772082984022,0.0367998374009695,0.9983128585910068,4.257429075241089,2.268883450831038,True,2.0,imu,-0.9967343480414803,-9.566287252660175,2.703768897326123,0.8979328199322214,0.9635206951864705,-4.501880857396996,73.42354901946715,-4.091888427577631,-0.9922128347176691
235.489284,14.779639931091356,-1.8456945929511903,4441.3316214995975,-21.521210745142895,40.95833292109316,6.743663517794335,39.03414870663801,-122697.79963050783,0.9428431540280989,6.794501915824068,-321228.18455577985,-1.6086318907569632,40.95833292109316,18601433008.85555,-314.20779454358535,-1.6924040935241207,69.19339883457053,-26.480382943360535,13.73145997179403,-1.9322767212653638,69.28097499187044,71.88390362854534,-1674956.4125440228,-1368.0107232585324,0.0,9.63982230649925,-58006.082380734304,-535876235871.8871,-13284.175326225672,-1.4271962512146181,0.0,0.0,1779.949999999777,-3.3036899999995804,0.0,0.0,0.0,0.0,0.0,0.0,0.0,0.0,0.0,0.0,0.0,1256.08999999956,-0.09666209999998143,0.0,0.0,0.0,0.0,0.0,0.0,0.0,0.0,0.0,-0.001733741781869344,0.3776997480969926,5737.229816555257,-270.97336242952383,0.0,4.5147454424931877e-07,0.0,-9.679047242175093e-09,54.01382461886112,-0.023238974534019352,54.01382461886112,0.0,1.4425991633899802,17485.936245917852,-33.595111140088974,4490.513494046154,8.016563903568539,0.0,-6.688798102554951e-16,0.0,1.9005252945768862e-13,-344.82857270601284,3.044254016782736,-344.82857270601284,0.0,-167.11702761173052,998.99999999992,-41.858592208793866,11.073483168171897,-10.93042142022794,gaze,0.5263620808966074,0.49476366827492557,-31.643338713436904,26.11921228203562,771.4169629288499,28.648816603852964,-0.4130096365358921,-34.22392024045189,-0.05244702958563599,0.03243895164078635,1.0033199511355182,4.242789534306178,-29.77043472959364,-2.4781245864796584,-33.58189479715563,-0.03595118860885346,0.009596307074033944,1.0006153127710156,4.202256790604969,-0.5212285547866055,-1.4820687697960955,-33.98006698287044,-0.046536859593865366,0.016821334892319018,1.0021020642671534,4.231682674425599,4.098803546084787,True,2.0126015078538537,imu,-0.8810790744000001,-9.4532068512,2.745521352,2.31794957,0.05182836,-4.25154991,73.42010736177787,-4.090652490559434,-0.9812055911595355
235.497761,14.932971948407946,-2.0317014326375116,4441.265043115785,-21.771049882162792,41.26761561430149,6.79897639910812,40.72016932417864,-125035.41443058103,0.9520060692782443,6.85023906796422,-326242.7581044025,-1.630117633563359,41.26761561430149,18930577154.712315,-317.27421180733666,-1.7065291294613067,69.29889178513514,-26.71733942875814,13.87563122509287,-2.1190014641541204,69.38733914877582,74.03093971756607,-1702675.4725286884,-1384.5758319182419,0.0,9.734729986371732,-58957.8691127343,-545412923158.2695,-13468.885887617344,-1.4402843979750863,0.0,0.0,1779.9499999997806,-3.3036899999995875,0.0,0.0,0.0,0.0,0.0,0.0,0.0,0.0,0.0,0.0,0.0,1256.08999999956,-0.09666209999998143,0.0,0.0,0.0,0.0,0.0,0.0,0.0,0.0,0.0,-0.001788534075991853,0.37770413554182714,5737.266062511051,-271.10091855841824,0.0,4.5577902962936046e-07,0.0,-9.68487340207615e-09,54.014224353037946,-0.023140192667900322,54.014224353037946,0.0,1.4426079858253793,17730.765673384292,-33.93976638332909,4490.5937514188845,8.108924412900976,0.0,-6.757258005423882e-16,0.0,1.9198276061006798e-13,-348.2706365585609,3.0754640031966467,-348.2706365585609,0.0,-168.9086109410204,998.9999999999227,-42.3922694304007,11.179644937616587,-10.778567497589346,gaze,0.5267241293514944,0.4950214404886316,-31.222483012510317,25.245676274923305,771.7154680695663,28.643570863561997,-0.40831766836258815,-34.22471764173302,-0.05270080926910406,0.03248720451345814,1.003166576338499,4.243839732466825,-29.774267928838917,-2.477816285979277,-33.58750659606943,-0.03634979898771763,0.009179460562664762,1.0004024449564406,4.203778312181533,-0.5209508523047874,-1.4813923615229596,-33.982905048737294,-0.04692935769160551,0.016775073055304415,1.0019402066269998,4.23265031946904,4.283943159722673,True,2.001555551486745,imu,-0.8768920048000002,-9.5004609224,2.7670548528,2.54973378,-0.0378945600000002,-4.08705789,73.4142989546466,-4.087923480632039,-0.9602351837566141
235.504798,15.061120432587146,-2.1878272961192025,4441.210278337829,-21.979732511171363,41.525751171748404,6.8451517707025005,42.126954922135155,-126999.17842526734,0.9596641016755808,6.896768745675052,-330452.77466037724,-1.6480613235444506,41.525751171748404,19207333697.116352,-319.83707959775506,-1.7183248710088446,69.38755949565336,-26.915297273579014,13.996127678037213,-2.275726815027337,69.47673511131057,75.82416386101954,-1725963.2207422752,-1398.4443420775724,0.0,9.814046506198268,-59757.468839903195,-553432309831.6365,-13623.759002689312,-1.4512232179492375,0.0,0.0,1779.9499999997752,-3.303689999999577,0.0,0.0,0.0,0.0,0.0,0.0,0.0,0.0,0.0,0.0,0.0,1256.0899999995527,-0.0966620999999811,0.0,0.0,0.0,0.0,0.0,0.0,0.0,0.0,0.0,-0.0018343051261415985,0.37770780081944366,5737.296166925633,-271.2068291811877,0.0,4.5937692793751507e-07,0.0,-9.689710934612722e-09,54.01455828485098,-0.023057654746413747,54.01455828485098,0.0,1.4426153588966226,17936.072101222933,-34.2278445077325,4490.660641296887,8.186493305619521,0.0,-6.814495500141225e-16,0.0,1.93596531324051e-13,-351.1466844916505,3.1015506385737504,-351.1466844916505,0.0,-170.40617093974816,998.9999999999181,-42.838971784072896,11.268509569326845,-10.650821800012393,gaze,0.519912762933299,0.4893665323920511,-30.71089643219289,26.1774383940795,762.7193338098687,28.67421752308942,-0.4122154751685785,-34.3592186493274,-0.0461498522443124,0.0492330008934821,0.9977205534421204,4.283178329467773,-29.66885243007582,-2.457718802449792,-33.62362048401949,-0.0295554050816144,0.0199291195178512,0.9993644521523192,4.275087356567383,-0.5076271547595319,-1.463528952341253,-33.960495791703785,-0.0393685018891748,0.0364958543036181,0.9983813384875048,4.266795969009399,3.408447898477645,True,2.0,imu,-0.9950832664487161,-9.565389847226866,2.7033443477936467,0.8777128158651961,1.0257164579945675,-4.4785953819093836,73.41022121597572,-4.085271823754442,-0.9427681981615281
235.506239,15.087458923767146,-2.2199908698851374,4441.199120464265,-22.022609609660876,41.57876694771282,6.854636348396767,42.41583352419639,-127403.9255303219,0.961238072153841,6.906326112830924,-331320.2027647258,-1.6517478249808288,41.57876694771282,19264403635.05884,-320.3638384058045,-1.7207482158503713,69.40583957038524,-26.955974791170835,14.020893902290906,-2.308013545565206,69.49516487954065,76.19259557552391,-1730763.2053904308,-1401.2974534758705,0.0,9.8303481475703,-59922.27609709589,-555086052622.7327,-13655.64632810156,-1.4534715203692952,0.0,0.0,1779.9499999997734,-3.3036899999995697,0.0,0.0,0.0,0.0,0.0,0.0,0.0,0.0,0.0,0.0,0.0,1256.0899999995509,-0.0966620999999811,0.0,0.0,0.0,0.0,0.0,0.0,0.0,0.0,0.0,-0.0018437101057322824,0.3777085539799945,5737.302333294661,-271.22851954603584,0.0,4.6011645190964357e-07,0.0,-9.690701659822987e-09,54.01462690203283,-0.023040692844690958,54.01462690203283,0.0,1.4426168742670438,17978.346204727743,-34.28705686758305,4490.674368475869,8.202478296770224,0.0,-6.826262006787698e-16,0.0,1.9392827477050393e-13,-351.73772545164024,3.1069125503792554,-351.73772545164024,0.0,-170.7139918656126,998.999999999919,-42.93085896821391,11.286789611945437,-10.624473228759216,gaze,0.52707435648024,0.49531201975895833,-30.338678556762286,24.378832114146594,760.3371552800035,28.63843263287638,-0.40378457625202674,-34.22570022319258,-0.052939184793072344,0.03251633933742232,1.0030089430363338,4.2448876397227115,-29.77787265900647,-2.477754222589242,-33.59319798145273,-0.03673412443331679,0.008728047876920955,1.0001864128824336,4.205329328105265,-0.5206349013597563,-1.4808825049134902,-33.98578148556428,-0.04730529025841825,0.01671100885913479,1.0017754434374555,4.233611777572951,4.4186983249488705,True,1.9902689167129375,imu,-0.8942384360000002,-9.5369482432,2.7682511584,2.65441052,0.0667821799999996,-3.82536604,73.40947159097819,-4.084685126464842,-0.9391865777844016
235.514717,15.243088505085186,-2.4105566401324694,4441.133864774809,-22.27586895856394,41.89175854386751,6.910638489080349,44.12097606577663,-129803.35602878034,0.9705384497052975,6.962758137278872,-336460.50743031263,-1.6735204282225804,41.89175854386751,19602922852.190105,-323.47643668523216,-1.7350601354110642,69.51424097805926,-27.196269584560685,14.167236416447208,-2.4993066387059706,69.60445090503572,78.36868951546012,-1759219.9589342973,-1418.1746981391398,0.0,9.92666926279255,-60899.314803034205,-564895942110.945,-13844.451466820457,-1.46675661077548,0.0,0.0,1779.9499999997715,-3.3036899999995732,0.0,0.0,0.0,0.0,0.0,0.0,0.0,0.0,0.0,0.0,0.0,1256.0899999995454,-0.09666209999998066,0.0,0.0,0.0,0.0,0.0,0.0,0.0,0.0,0.0,-0.0018992665096507974,0.3777130031675604,5737.338624592689,-271.35615051322134,0.0,4.6448648021129887e-07,0.0,-9.696531342768052e-09,54.01503224109632,-0.022940483008231982,54.01503224109632,0.0,1.4426258282596525,18228.67168239712,-34.636955946383495,4490.755336838174,8.297221315512644,0.0,-6.895805072912078e-16,0.0,1.9588892984013714e-13,-355.2295616256131,3.1385972448145676,-355.2295616256131,0.0,-172.5330321081503,998.9999999999181,-43.47433041571534,11.394911222553027,-10.468144953858221,gaze,0.5274121102019804,0.49563628035008933,-29.146603289355017,23.522051490298793,742.878439531671,28.633409342314614,-0.39942805081969057,-34.22686940863736,-0.05316147283685467,0.032525632907119545,1.0028470858818475,4.245932689280579,-29.781238966393737,-2.477947441984041,-33.59896610282212,-0.03710343195653524,0.008241233511185456,0.9999672862747138,4.2069093648890465,-0.5202787481681582,-1.4805460526822083,-33.988694261849105,-0.04766386170806042,0.01662852109401504,1.001607843980414,4.2345661213975925,4.497615313574482,True,1.9787423068566772,imu,-0.9121830200000002,-9.5632669664,2.7718400752,2.63197979,0.1415512799999998,-3.6459202,73.40566310045631,-4.080929152626552,-0.9180937184736749
235.523194,15.399847818313928,-2.6033914674045846,4441.069286972615,-22.530806185159257,42.206561180004385,6.966977788570394,45.83542728008888,-132233.71633291245,0.9799064579792218,7.019530070880532,-341663.6348772071,-1.6954333398177566,42.206561180004385,19946143337.183292,-326.6117585787097,-1.7494636284559921,69.6240941582721,-27.438203607861713,14.31464668725548,-2.6928734032321167,69.71519530548022,80.55903326664156,-1788045.9303449062,-1435.2066074205377,0.0,10.023685485105924,-61888.99154217631,-574842855050.8365,-14035.29524642279,-1.4801386172672235,0.0,0.0,1779.949999999768,-3.3036899999995626,0.0,0.0,0.0,0.0,0.0,0.0,0.0,0.0,0.0,0.0,0.0,1256.0899999995381,-0.09666209999998054,0.0,0.0,0.0,0.0,0.0,0.0,0.0,0.0,0.0,-0.0019551997599361742,0.3777174828472676,5737.37493208189,-271.4837965671811,0.0,4.688887688880832e-07,0.0,-9.70236177764945e-09,54.015440344255865,-0.02283957142498136,54.015440344255865,0.0,1.4426348473195194,18481.73477785613,-34.98943578992107,4490.836647962937,8.393148690375838,0.0,-6.965881926547962e-16,0.0,1.9786457688363108e-13,-358.74585606973886,3.1705155658617272,-358.74585606973886,0.0,-174.36558719210038,998.9999999999172,-44.02265120290686,11.504003368265927,-10.30959002953106,gaze,0.5277367359220744,0.4959950906237779,-27.80290641639896,22.6774466617439,718.6923838210965,28.62850846502551,-0.3952662356861949,-34.22822643130227,-0.0533669887950847,0.032514362784832995,1.002681042271514,4.246974310311808,-29.784356885730705,-2.4784049844964353,-33.604808024083844,-0.03745698666051206,0.007718189196697922,0.9997451373608052,4.208517927615891,-0.5198802749312297,-1.4803898666028208,-33.99164129087417,-0.04800427465992957,0.016526989856209748,1.0014374799979033,4.235512415686778,4.518569122118725,True,1.9669765506009764,imu,-0.9139774784,-9.6523917336,2.7951680344,2.39271867,0.2611818399999999,-3.45899745,73.40290857196622,-4.07664746905657,-0.8969917955277731
235.52489,15.431349097422267,-2.642248541240985,4441.056447587944,-22.582017421411592,42.269766530045956,6.978291046662681,46.17958337095479,-132723.73372464627,0.9817890051778156,7.030930223841255,-342712.2941541529,-1.6998346675312717,42.269766530045956,20015385235.572678,-327.24182761542323,-1.7523565811544308,69.64624936772407,-27.486808460751384,14.344269897388006,-2.7318774825066683,69.73752963029881,80.99900470606781,-1793858.2099201046,-1438.633093709253,0.0,10.043180723734837,-62088.538828085475,-576849657108.5986,-14073.726372348548,-1.4828278348987904,0.0,0.0,1779.9499999997697,-3.3036899999995697,0.0,0.0,0.0,0.0,0.0,0.0,0.0,0.0,0.0,0.0,0.0,1256.0899999995418,-0.09666209999998054,0.0,0.0,0.0,0.0,0.0,0.0,0.0,0.0,0.0,-0.001966436666304097,0.3777183828477435,5737.382198603613,-271.5093384456741,0.0,4.697734882077625e-07,0.0,-9.703528451401666e-09,54.01552233329397,-0.022819295982763332,54.01552233329397,0.0,1.4426366597590796,18532.699489153245,-35.06027269001579,4490.852958329877,8.412485052745339,0.0,-6.979967585845655e-16,0.0,1.9826168106816604e-13,-359.45236054498264,3.176930094073676,-359.45236054498264,0.0,-174.73388242754405,998.9999999999181,-44.13294685409912,11.525948131674106,-10.277597303135598,gaze,0.5189549190584413,0.491795772919539,-27.27915598926545,22.39791507512881,712.9621769904231,28.68129176391563,-0.4070689269014562,-34.36948981986565,-0.0444129135572643,0.0473015044645455,0.9978928102680896,4.29086971282959,-29.65558475819367,-2.451469718332651,-33.64253456265682,-0.0271970208188322,0.0163552680704973,0.9994962867689516,4.294167041778564,-0.5008126260332908,-1.4529691999833636,-33.97267624701905,-0.0383085995675081,0.0354646292178542,0.9984645342754308,4.27591290473938,4.461288160281503,True,2.0,imu,-0.9930138272821183,-9.564262583268855,2.703542712054824,0.7812414149806745,1.0955258741195586,-4.429767236756173,73.40248683747296,-4.075726905213881,-0.8927714958884043
235.531672,15.55777955086016,-2.7985565166625115,4441.005375178345,-22.78748989522699,42.52325717312607,7.02366917831517,47.55962484335305,-134695.88067632914,0.9893446736387878,7.076656960560081,-346931.3965200448,-1.7174922201512488,42.52325717312607,20294195707.228508,-329.77066738627326,-1.7639625395448588,69.7354362720651,-27.68184240596487,14.463164882530805,-2.8887751991121746,69.82743548793411,82.76421479826627,-1817251.5636081959,-1452.3982643208178,0.0,10.121423355000033,-62891.66442123196,-584930593278.2959,-14228.239357959023,-1.493621231491646,0.0,0.0,1779.9499999997715,-3.3036899999995732,0.0,0.0,0.0,0.0,0.0,0.0,0.0,0.0,0.0,0.0,0.0,1256.0899999995409,-0.09666209999998054,0.0,0.0,0.0,0.0,0.0,0.0,0.0,0.0,0.0,-0.002011526159048413,0.37772199435021614,5737.411264289214,-271.61148799117905,0.0,4.733245327984658e-07,0.0,-9.708194354731422e-09,54.01585133022496,-0.022737930594651123,54.01585133022496,0.0,1.4426439341612607,18737.618007603094,-35.34459351188588,4490.918322105823,8.490289683298187,0.0,-7.036512133185461e-16,0.0,1.9985576734520864e-13,-362.2875660704155,3.2026763069580384,-362.2875660704155,0.0,-176.21216223118708,998.999999999919,-44.575983237866154,11.614098341515202,-10.148759530739184,gaze,0.5280476847533042,0.49638945794377237,-26.441050188094334,21.846670133048804,687.7430994754213,28.623735843881537,-0.39131635495649564,-34.22977291083338,-0.0535551109251013,0.03248179274122164,1.0025107913455686,4.248012295038217,-29.787217416442367,-2.4791361831087375,-33.61072283141268,-0.03779416884804192,0.00715788996490542,0.9995199606152401,4.210155084563818,-0.5194370323555818,-1.480420854737514,-33.994621492707225,-0.048325841145853386,0.0164057508036395,1.0012643639014205,4.236450048326558,4.482356821975458,True,1.9549683108130893,imu,-0.9121830200000002,-9.7235719168,2.7957661872,1.98148862,0.2537049300000001,-3.4216129,73.40123981451674,-4.071830380897589,-0.87590976777319
235.540149,15.716852164935517,-2.9960214768256854,4440.942147835332,-23.045868019662457,42.841779879709755,7.080700928921736,49.29319522926471,-137189.57091557235,0.998851237811587,7.134126987631345,-352263.13696598855,-1.739692356271766,42.841779879709755,20647047832.820465,-332.9525418889088,-1.7785538959489497,69.84825234301996,-27.92713699476351,14.61276137036489,-3.086981563849097,69.94115629998623,84.98378531110325,-1846833.6350407456,-1469.7466824473254,0.0,10.219863478344907,-63907.222302308284,-595158242030.9062,-14423.255035831378,-1.507201809072352,0.0,0.0,1779.9499999997624,-3.303689999999559,0.0,0.0,0.0,0.0,0.0,0.0,0.0,0.0,0.0,0.0,0.0,1256.0899999995308,-0.09666209999998032,0.0,0.0,0.0,0.0,0.0,0.0,0.0,0.0,0.0,-0.0020682355379904177,0.3777265368874718,5737.4476126043955,-271.73919483009945,0.0,4.777929023306584e-07,0.0,-9.714027712812651e-09,54.01626512456943,-0.02263558079100325,54.01626512456943,0.0,1.4426530872304646,18996.28393942346,-35.702359326478806,4491.000341072933,8.588628028782281,0.0,-7.107682073282527e-16,0.0,2.018621171131158e-13,-365.8539842056652,3.2350731482049015,-365.8539842056652,0.0,-178.07239459865983,998.9999999999145,-45.13422866359413,11.725176751861298,-9.985679845600522,gaze,0.5283442494810842,0.4968202219151423,-25.170802854248386,21.031670505376148,657.9375277747757,28.619099700642458,-0.38759809294995395,-34.231509674567725,-0.05372511575979106,0.03242718833482168,1.002336392339347,4.2490459397017855,-29.789810023806716,-2.48015020511236,-33.61670678772551,-0.038114186896287816,0.00655955702371519,0.9992918570909052,4.211820130505291,-0.5189465769308246,-1.4806460453659303,-33.997632350819565,-0.048627707062751435,0.01626418479887387,1.0010885902618174,4.237377951496407,4.392311523343989,True,1.9427198714772578,imu,-0.92713684,-9.7205811528,2.7999532568,1.42072037,0.4929660499999997,-3.2720747,73.40068720617295,-4.066470282106116,-0.8548877960252244
235.54487,15.805947463178205,-3.1070062632454984,4440.907230041947,-23.19051445389509,43.019982224172296,7.112614037627101,50.262816726101846,-138592.25895098597,1.0041758702127868,7.166285411616567,-355260.7062150387,-1.7521185733958191,43.019982224172296,20845674921.127705,-334.7347507734829,-1.7867210789862535,69.91173058530632,-28.06447955519738,14.696551505358151,-3.1983813176054454,70.00514136132887,86.22628271472513,-1863474.4910353203,-1479.4775750148146,0.0,10.274997416978529,-64478.4891843281,-600915924602.9722,-14532.777053166199,-1.5148084435469042,0.0,0.0,1779.9499999997624,-3.3036899999995555,0.0,0.0,0.0,0.0,0.0,0.0,0.0,0.0,0.0,0.0,0.0,1256.08999999953,-0.0966620999999801,0.0,0.0,0.0,0.0,0.0,0.0,0.0,0.0,0.0,-0.0020999881163715275,0.3777290804981117,5737.467864487851,-271.81033043365255,0.0,4.802958482870341e-07,0.0,-9.717277061413627e-09,54.01649682122155,-0.02257826635019408,54.01649682122155,0.0,1.4426582141397457,19141.567775422158,-35.90275979673571,4491.046173030558,8.64392099405265,0.0,-7.147556666113882e-16,0.0,2.0298619617094043e-13,-367.85112909811085,3.253220022144233,-367.85112909811085,0.0,-179.11443493172982,998.9999999999145,-45.44729642496094,11.787472801630635,-9.893870159535382,gaze,0.5185984530562917,0.4930838727483206,-24.22070961012753,19.28744043014513,645.5476953991397,28.6845213707372,-0.4008316093401583,-34.37489822012947,-0.0436445663125891,0.0469322037893139,0.9979441467731872,4.293365478515625,-29.64850464237528,-2.440802365803725,-33.66055999709233,-0.0260980136623526,0.0138720607663159,0.9995631343807032,4.284622192382812,-0.4947614302918335,-1.4418003611529189,-33.98647686962794,-0.0373006048767039,0.0341660132230397,0.9985479115655718,4.281355142593384,4.764909208859919,True,2.0,imu,-0.9905251416757979,-9.562912564838392,2.704381041910155,0.639876860457668,1.1722344137426979,-4.358748391348419,73.40087346429927,-4.063246244560031,-0.8432186420232141
235.548627,15.87710892807441,-3.195848730949514,4440.879593403191,-23.306010030754344,43.162212540461326,7.138088146129596,51.03658071236259,-139715.68004706502,1.0084287623715054,7.191955374724831,-357660.70510756614,-1.7620394773342132,43.162212540461326,21004833295.214703,-336.158257223139,-1.793241589344241,69.96258032807623,-28.17415376801441,14.763476866678674,-3.287555077878217,70.05639594802545,87.21834012782801,-1876802.8143678461,-1487.2570289830924,0.0,10.31903275571452,-64936.03101548045,-605529689768.9648,-14620.405132931759,-1.5208840923558185,0.0,0.0,1779.9499999997624,-3.3036899999995555,0.0,0.0,0.0,0.0,0.0,0.0,0.0,0.0,0.0,0.0,0.0,1256.0899999995272,-0.09666209999997988,0.0,0.0,0.0,0.0,0.0,0.0,0.0,0.0,0.0,-0.00212534440871142,0.3777311118073601,5737.483985563791,-271.8669473825639,0.0,4.82295109171032e-07,0.0,-9.719863242963906e-09,54.016681847535665,-0.022532494149596544,54.016681847535665,0.0,1.4426623092785746,19257.816661570556,-36.06283168968578,4491.082725290686,8.688193601655797,0.0,-7.179411591946745e-16,0.0,2.038841854919742e-13,-369.4460804403476,3.267715004551107,-369.4460804403476,0.0,-179.94679643073027,998.9999999999136,-45.69755201078979,11.837271417360391,-9.820300906293461,gaze,0.5286258575899878,0.4972884270734568,-24.0758880935149,20.23394969639394,638.4734853391178,28.61460613681362,-0.38412988388698377,-34.23343821518223,-0.053876355204938074,0.032349785731251,1.0021578239463558,4.250075023748881,-29.792125332178315,-2.4814567477759333,-33.6227589124235,-0.038416394993444944,0.005922128506827384,0.9990608219702038,4.213513131337814,-0.5184060461801278,-1.4810726205511768,-34.000672723030505,-0.04890915513169192,0.01610160311627333,1.000910172489477,4.23829548591492,4.253885131193122,True,1.9302278062747107,imu,-0.9468758824,-9.7032347216,2.7885883536,0.71789083,0.6724118899999998,-3.35432071,73.40127803118591,-4.060557105006625,-0.8339573849652651
235.557104,16.038517788390344,-3.398006994026961,4440.817730025421,-23.56786309833697,43.48448767643792,7.195818947333804,52.789403327155014,-142273.91867494583,1.01807535810725,7.2501301486887915,-363123.4220843937,-1.7845288033919804,43.48448767643792,21367518362.757668,-339.387181982598,-1.808022605264525,70.07840464346322,-28.422843000813188,14.915281253556174,-3.4904643026706914,70.17313866932147,89.46742397851426,-1907155.745278152,-1504.9262518822388,0.0,10.41891147947856,-65977.9748793939,-616043975259.1337,-14819.660069444293,-1.5346653937191208,0.0,0.0,1779.9499999997588,-3.303689999999545,0.0,0.0,0.0,0.0,0.0,0.0,0.0,0.0,0.0,0.0,0.0,1256.08999999952,-0.09666209999997966,0.0,0.0,0.0,0.0,0.0,0.0,0.0,0.0,0.0,-0.0021828424440762453,0.3777357183083869,5737.520374547195,-271.9947156800549,0.0,4.868302692727797e-07,0.0,-9.72569958340431e-09,54.01710142352624,-0.022428691260399203,54.01710142352624,0.0,1.4426715987245124,19522.177659594123,-36.42593965726653,4491.165456401457,8.788969608579762,0.0,-7.251686832060524e-16,0.0,2.0592158170340728e-13,-373.06313632006703,3.300595451226785,-373.06313632006703,0.0,-181.83499902943362,998.9999999999118,-46.265853347084715,11.950362532949654,-9.65265009858142,gaze,0.5288917916986752,0.4977949158841962,-23.21401198801221,19.455371331496178,627.0670925671462,28.61026350543975,-0.38093241683842205,-34.23555904876746,-0.054008096434996516,0.03224884360984769,1.0019751488974775,4.251098834579331,-29.794152683165358,-2.483065076729786,-33.62887533517761,-0.03869999148236737,0.005244824605021292,0.9988269598120129,4.2152333528641766,-0.5178126179359186,-1.4817077001483692,-34.00374000085821,-0.04916932040329891,0.0159173813699824,1.0007292086931567,4.239201565566119,4.074345477042006,True,1.917494538181977,imu,-0.9337165208,-9.7032347216,2.7855975896,0.15712258,0.8817653699999997,-3.5711511,73.40303688172833,-4.0540833834852705,-0.8131612180363598
235.564963,16.18921045914644,-3.5875443832773435,4440.760990336588,-23.81218952780243,43.784954582318214,7.2496553914446045,54.42308212136595,-144674.88827323914,1.0270817172600495,7.3043807605218305,-368247.17384405376,-1.805508394965425,43.784954582318214,21708221276.49035,-342.4018867010989,-1.8218113401937757,70.18714360992368,-28.654929429275647,15.057011905620993,-3.6807022043707143,70.2827352377517,91.56581886355548,-1935645.052560272,-1521.4520382483329,0.0,10.512156114902883,-66955.91052406808,-625921722214.347,-15006.304443917454,-1.54753235665439,0.0,0.0,1779.9499999997624,-3.303689999999545,0.0,0.0,0.0,0.0,0.0,0.0,0.0,0.0,0.0,0.0,0.0,1256.089999999518,-0.09666209999997988,0.0,0.0,0.0,0.0,0.0,0.0,0.0,0.0,0.0,-0.0022365050824052976,0.3777400179159556,5737.554128770236,-272.1131969382484,0.0,4.910648674823576e-07,0.0,-9.731111787862675e-09,54.01749302335048,-0.022331802018761254,54.01749302335048,0.0,1.4426802726356733,19769.840133065685,-36.76498046714343,4491.2424756363835,8.88349629135385,0.0,-7.31919068263927e-16,0.0,2.0782442537195127e-13,-376.439283844958,3.331296485208628,-376.439283844958,0.0,-183.59813498979173,998.9999999999136,-46.79725851256721,12.056116649812779,-9.495164625272997,gaze,0.5187601244606268,0.4937984250972964,-23.22853018275591,17.80851967320527,613.420676636314,28.68187494899743,-0.3962284456015512,-34.37809099456042,-0.0441614441968894,0.0468827489480001,0.997923731904159,4.285849571228027,-29.64707593602741,-2.429837376962977,-33.67524654210322,-0.025976662927878,0.0123480374367028,0.9995862838967896,4.278604984283447,-0.4906296622988197,-1.430395379815869,-34.00155617802667,-0.0365722365119013,0.0326252805296815,0.9986244020324472,4.28329701423645,4.992982534633572,True,2.0,imu,-0.9875644528971328,-9.561319055322866,2.70588836572177,0.47512671789417693,1.2561746575676505,-4.268310470128617,73.40573008192779,-4.047572513580712,-0.7940328774152242
235.565582,16.201122599055314,-3.602559882579552,4440.756546503784,-23.83149756941642,43.80868945981722,7.253908614160497,54.552109977632426,-144865.19886989892,1.0277936724601104,7.308666709468443,-368653.1748678013,-1.8071661328292437,43.80868945981722,21735239633.053642,-342.6402032606048,-1.8229008829345852,70.19576405309323,-28.673271944006935,15.068215800229469,-3.6957730545219825,70.29142348070121,91.73163960840611,-1937903.3270243064,-1522.759603565839,0.0,10.519526913842245,-67033.42757699061,-626705075120.346,-15021.083876928225,-1.548549506729921,0.0,0.0,1779.949999999757,-3.3036899999995484,0.0,0.0,0.0,0.0,0.0,0.0,0.0,0.0,0.0,0.0,0.0,1256.089999999518,-0.09666209999997988,0.0,0.0,0.0,0.0,0.0,0.0,0.0,0.0,0.0,-0.0022407463686381635,0.37774035775637715,5737.55678810025,-272.1225300367141,0.0,4.913996313218108e-07,0.0,-9.731538126025588e-09,54.01752397434177,-0.02232414389122736,54.01752397434177,0.0,1.4426809583571298,19789.452616626044,-36.791783041076684,4491.248555003454,8.890986543712614,0.0,-7.324527921306337e-16,0.0,2.0797487299571553e-13,-376.7061346122523,3.3337235259208313,-376.7061346122523,0.0,-183.7375216242217,998.9999999999136,-46.8392998579631,12.064483448792046,-9.482676200681759,gaze,0.5291414548905571,0.4983407711178667,-22.614735717186623,18.697449113222806,611.9585417478477,28.60607817539549,-0.3780253805422894,-34.237873532874914,-0.05411966417730417,0.03212356966841909,1.001788345476367,4.252117138325788,-29.795882314232347,-2.484985264668378,-33.63505500519054,-0.038964303584956894,0.004526545524268691,0.9985902665759406,4.2169808581096975,-0.5171629935664008,-1.482558748755804,-34.006832977199316,-0.049407455349135376,0.01571080570113048,1.000545713358664,4.240095522967469,3.862264776637708,True,1.904516551517817,imu,-0.921155312,-9.6685418592,2.760475172,-0.18681528,1.02382666,-3.74312003,73.40598612431668,-4.04703866818862,-0.7925334437972972
235.574059,16.364890788748585,-3.8094751231749946,4440.696060678725,-24.096859844879766,44.13474956870857,7.312345109267908,56.32431822739727,-147489.2197182849,1.0375817855389335,7.367552927909138,-374249.2606120242,-1.8299466182350783,44.13474956870857,22107961729.26235,-345.9166793484705,-1.8378733657341442,70.31464235546838,-28.92539012400693,15.22224989773139,-3.903448904351933,70.41123399870725,94.01052521049269,-1969042.0674675768,-1540.7539653586537,0.0,10.620859034272588,-68102.26877395425,-637511980388.2683,-15224.64614630297,-1.562533700022759,0.0,0.0,1779.9499999997552,-3.3036899999995377,0.0,0.0,0.0,0.0,0.0,0.0,0.0,0.0,0.0,0.0,0.0,1256.0899999995108,-0.09666209999997932,0.0,0.0,0.0,0.0,0.0,0.0,0.0,0.0,0.0,-0.002299045694313849,0.37774502933702836,5737.59321759281,-272.2503604704623,0.0,4.960022966723834e-07,0.0,-9.737377508453696e-09,54.01794942320117,-0.02221887295169342,54.01794942320117,0.0,1.4426903865681417,20059.60191546087,-37.160289725447356,4491.33200257424,8.99422707969822,0.0,-7.397920762173819e-16,0.0,2.1004366184466477e-13,-380.3743457111692,3.3670926978165614,-380.3743457111692,0.0,-185.65398937817207,998.9999999999109,-47.41778950576604,12.179613939177898,-9.310407606740268,gaze,0.5293741200652088,0.4989268373743837,-22.279147006372433,17.962120838895387,590.402187270723,28.602058626074303,-0.3754304762404511,-34.240381862256676,-0.054210316728358736,0.03197321626982971,1.001597479908162,4.253129213889322,-29.797303450466167,-2.4872266687399414,-33.64129392002546,-0.03920852012801995,0.0037665111549238517,0.9983508503027119,4.21875488404034,-0.5164539546565137,-1.4836329727966575,-34.009948952477856,-0.04962268473249476,0.015481246969629568,1.0003597881045456,4.240976254504373,3.627299491093708,True,1.8912964090754611,imu,-0.9606333968,-9.6434194416,2.7586807136,-0.56066078,1.36028761,-3.75059694,73.41014412316093,-4.039415640742202,-0.7721192962937562
235.582537,16.529866801818994,-4.0188175812877915,4440.6362616974875,-24.364021154705874,44.46275311456704,7.371143891773382,58.106479641061014,-150146.9126799181,1.047442380711301,7.426804382888443,-379913.60497477127,-1.8528761276826797,44.46275311456704,22485824318.270203,-349.2175094173647,-1.8529440408716813,70.43507913263915,-29.17926565702319,15.377425373837976,-4.1135569198247275,70.53261006180463,96.3046910220628,-2000583.099220329,-1558.914675984221,0.0,10.722935472173807,-69184.88013711064,-648468757393.8656,-15430.412104785495,-1.5766218189116794,0.0,0.0,1779.9499999997552,-3.303689999999545,0.0,0.0,0.0,0.0,0.0,0.0,0.0,0.0,0.0,0.0,0.0,1256.08999999951,-0.09666209999997943,0.0,0.0,0.0,0.0,0.0,0.0,0.0,0.0,0.0,-0.002357757361399239,0.3777497344339462,5737.629671579816,-272.3782373111237,0.0,5.006395311826623e-07,0.0,-9.743219123415794e-09,54.01837789348235,-0.02211284983826009,54.01837789348235,0.0,1.4426998861844158,20332.712857464347,-37.531560891760634,4491.415819884838,9.098722336507194,0.0,-7.471885767896873e-16,0.0,2.1212852352605778e-13,-384.0687653116578,3.4007121285790975,-384.0687653116578,0.0,-187.58492868515836,998.9999999999118,-48.001492163181794,12.295787892910546,-9.135791929767283,gaze,0.5295891651157145,0.49955423674151983,-22.17816940951325,17.251074370724897,577.1388977391132,28.598211502643686,-0.3731686926585821,-34.24308525096947,-0.054279350793030284,0.03179696176476214,1.0014025301050051,4.254134813540222,-29.798405930382447,-2.489799748426203,-33.64759095516601,-0.03943194049812819,0.002963582727053493,0.9981087078004993,4.220555490302564,-0.5156817430593484,-1.4849381281140321,-34.01308665191978,-0.04981422981742362,0.015227965419490806,1.0001714485707491,4.241843063437732,3.3796105883902183,True,1.877830505658626,imu,-0.9588389384,-9.5955672176,2.7658585472,-0.71767589,1.74908693,-3.6459202,73.41552792891157,-4.0312034611428675,-0.7519556684293444
235.58322,16.54320941849374,-4.035787590160293,4440.631474515842,-24.385621265410904,44.489260724796935,7.375896327454292,58.25047830980111,-150362.4819797799,1.0482398806746036,7.431593412996874,-380372.8935973423,-1.8547297469890034,44.489260724796935,22516488890.683197,-349.4844761670755,-1.8541623673906567,70.44484927120311,-29.199793700273567,15.389975593080589,-4.130588815276813,70.54245617468325,96.49016797062154,-2003141.5566113435,-1560.3849108317922,0.0,10.731190889638581,-69272.69471438008,-649357965475.851,-15447.084308458469,-1.5777612466733495,0.0,0.0,1779.9499999997515,-3.303689999999534,0.0,0.0,0.0,0.0,0.0,0.0,0.0,0.0,0.0,0.0,0.0,1256.0899999995072,-0.09666209999997932,0.0,0.0,0.0,0.0,0.0,0.0,0.0,0.0,0.0,-0.002362505004282256,0.37775011492683364,5737.632609243883,-272.38854062401583,0.0,5.010146000848846e-07,0.0,-9.743689800055039e-09,54.018412541700286,-0.022104276147825674,54.018412541700286,0.0,1.4427006545652965,20354.843314429258,-37.56158990853232,4491.422588027584,9.107194916715258,0.0,-7.47786911854e-16,0.0,2.122971746529565e-13,-384.3675190425065,3.4034313197956534,-384.3675190425065,0.0,-187.74111029075374,998.9999999999109,-48.04874105201151,12.30519206822229,-9.12162300159057,gaze,0.5296057006478754,0.49960660703856,-22.17865560043795,17.194911481966916,576.9523415453095,28.597909330415074,-0.3730016593455475,-34.24331153361031,-0.05428394870405584,0.0317816118455342,1.0013866485764447,4.254215524210441,-29.798480550017377,-2.4900217678102354,-33.64810067173109,-0.039449009984482315,0.00289700524974619,0.9980890846438049,4.220701686626098,-0.5156166728289865,-1.4850535485405842,-34.01334029756192,-0.04982860364194235,0.01520650837895815,1.0001561733527975,4.2419122566967085,3.3594190273579807,True,1.8767350288430222,imu,-0.9844548179300273,-9.559661403185705,2.7078521422921895,0.3198585315843928,1.3374886891432722,-4.1731122201938256,73.41409000000002,-4.010095600000008,-0.6042416000000106
235.584943,16.576903221843864,-4.078667546823361,4440.619418046415,-24.440162995468363,44.55618651812123,7.387895572099697,58.6140249863638,-150907.26968744397,1.0502537982390736,7.4436850581500416,-381533.50745792,-1.8594100975566952,44.55618651812123,22593994889.624855,-350.15864689043843,-1.8572386280308337,70.46954125713677,-29.251629775557177,15.421668526677204,-4.173625033694801,70.56734002248112,96.9585048325307,-2009607.380926104,-1564.0986351888578,0.0,10.752038023646238,-69494.6217258941,-651605500229.1636,-15489.206596796606,-1.5806386415685778,0.0,0.0,1779.9499999997552,-3.3036899999995377,0.0,0.0,0.0,0.0,0.0,0.0,0.0,0.0,0.0,0.0,0.0,1256.0899999995072,-0.09666209999997921,0.0,0.0,0.0,0.0,0.0,0.0,0.0,0.0,0.0,-0.002374493651374626,0.3777510757538063,5737.6400206526305,-272.4145336385943,0.0,5.019617712956798e-07,0.0,-9.744877218194631e-09,54.01850003498805,-0.022082625893935504,54.01850003498805,0.0,1.4427025950019239,20410.756945164787,-37.63742286386626,4491.439672395045,9.128604697810914,0.0,-7.492979633152761e-16,0.0,2.1272308916429046e-13,-385.1219308759463,3.4102981528238367,-385.1219308759463,0.0,-188.13552193279452,998.9999999999109,-48.168084997814745,12.328945844688945,-9.085811647585974,gaze,0.5187185268291569,0.4944233296463182,-21.80584900558598,16.32532193499435,577.1085017230059,28.68476361050638,-0.3948451473261858,-34.37979746848485,-0.0435959365716341,0.0465678789710351,0.9979633394882704,4.283463478088379,-29.64651769864986,-2.422900158145985,-33.68423447155881,-0.0260680116475169,0.0113207178121797,0.999596068478144,4.2720046043396,-0.4859866248075974,-1.421391802603306,-34.014769120979835,-0.0356859827020883,0.0310742540669923,0.9987050807552734,4.28412127494812,4.510591039631136,True,2.0,imu,-0.9841399907119619,-9.559494491991616,2.7080672510866175,0.305281648415126,1.3453720804548388,-4.163616735592773,73.41728091889965,-4.028764472480681,-0.7462853804658588
235.591014,16.696017542144013,-4.230553980443656,4440.577167094321,-24.632927122898202,44.792630924985076,7.430292768063559,59.89820727951428,-152837.96505438536,1.0573735070628978,7.486408787701449,-385645.4806003046,-1.8759497458270205,44.792630924985076,22868790334.354733,-352.5420413405178,-1.8681098091537254,70.55705755491539,-29.43484731284462,15.533711123457772,-4.3260636666711,70.65553465531053,98.61366863220996,-2032522.791072068,-1577.2385491528894,0.0,10.825735882685693,-70281.1365681465,-659574348162.3584,-15638.350498816322,-1.5908110877891228,0.0,0.0,1779.949999999746,-3.30368999999952,0.0,0.0,0.0,0.0,0.0,0.0,0.0,0.0,0.0,0.0,0.0,1256.0899999995,-0.09666209999997877,0.0,0.0,0.0,0.0,0.0,0.0,0.0,0.0,0.0,-0.002416870718028069,0.37775447221976766,5737.666141421243,-272.5061305629015,0.0,5.053104214429141e-07,0.0,-9.74906160793105e-09,54.01880930719989,-0.022006095783645374,54.01880930719989,0.0,1.442709455569922,20608.744701920445,-37.905523239843724,4491.4999882470365,9.204454446549661,0.0,-7.546408597735015e-16,0.0,2.142290536899968e-13,-387.78865253694073,3.4345751801614455,-387.78865253694073,0.0,-189.52995850110256,998.9999999999072,-48.59030365707629,12.412984657556592,-8.958858583098134,gaze,0.5297858536865188,0.5002238152083495,-22.251795878232194,16.566480746790866,584.9413897359137,28.594545405721618,-0.37126274954893124,-34.24598356255219,-0.05432601628754788,0.03159405277895056,1.001203565783531,4.255133208034614,-29.799178869935545,-2.4927139453492972,-33.65394197730195,-0.03963374454172128,0.002116980565569762,0.9978639505657025,4.222381885173431,-0.5148427269202944,-1.4864815025155473,-34.01624328578812,-0.04998120565820349,0.014950327664866626,0.9999807998553096,4.242694829173013,3.129694829641359,True,1.8641215446778032,imu,-0.9396980488,-9.572837411200002,2.7682511584,-0.67281443,1.98087114,-3.56367419,73.42214924109805,-4.022394966677702,-0.7320903692166925
235.599492,16.863388050822206,-4.444750450677706,4440.5187663652105,-24.903649870717246,45.12446905854645,7.489807376362308,61.69995739926162,-155563.32800927013,1.0673778842489419,7.546381901786534,-391446.8524471365,-1.8991734108911493,45.12446905854645,23257002567.281853,-355.8911864888345,-1.883374706210085,70.68061803374297,-29.69220408137154,15.691149538175267,-4.541035479553546,70.78004845062026,100.93807584019555,-2064872.512872711,-1595.7310109642494,0.0,10.929288268002786,-71391.4278503418,-670832910309.7141,-15848.527768431139,-1.6051054042444655,0.0,0.0,1779.9499999997515,-3.3036899999995306,0.0,0.0,0.0,0.0,0.0,0.0,0.0,0.0,0.0,0.0,0.0,1256.089999999498,-0.09666209999997888,0.0,0.0,0.0,0.0,0.0,0.0,0.0,0.0,0.0,-0.0024764029234029747,0.37775924409616124,5737.702635681235,-272.6340705714679,0.0,5.100162506574808e-07,0.0,-9.754906355576795e-09,54.01924378933228,-0.021898581809323414,54.01924378933228,0.0,1.4427190975901478,20887.78639202423,-38.282279334354705,4491.584528605719,9.311455162132404,0.0,-7.621509953471233e-16,0.0,2.1634583572420925e-13,-391.5350161349446,3.468691139449469,-391.5350161349446,0.0,-191.48961245596163,998.999999999909,-49.18439658003214,12.531238667148344,-8.779554003217429,gaze,0.5299635376748533,0.500936735281627,-22.409793035815916,15.910364518477477,602.7706373627137,28.591067265880696,-0.369734982187368,-34.24907785897581,-0.05434958103299854,0.031363637419946064,1.0010005645241775,4.256124135221311,-29.7996116963919,-2.495980117363697,-33.660345784580365,-0.039813202923507277,0.001225525858093407,0.9976165763284501,4.2242341243986985,-0.5139326648093206,-1.4882711519757836,-34.01941750881542,-0.050122801333911254,0.014647567274418238,0.9997878588332205,4.243530824637156,2.8877718880009047,True,1.8501658312929272,imu,-0.9008181168,-9.543527924,2.7556899496,-0.68029134,2.10797861,-3.58610492,73.43001939082286,-4.012978917609233,-0.7125630972281328
235.605035,16.973468236377233,-4.586118561889791,4440.48096396785,-25.081620363228154,45.3424708976508,7.528913389459155,62.8832800314658,-157363.72837807983,1.0739579965193058,7.585789277742519,-395277.3501348442,-1.914437163077923,45.3424708976508,23513656835.648773,-358.0940471474512,-1.8934078945901174,70.76225626973752,-29.86141409274877,15.794700216732714,-4.682913179899803,70.86231379482467,102.46602628562368,-2086244.5783471991,-1607.912076640669,0.0,10.997393650544288,-72124.92863180718,-678276607938.805,-15987.149323553858,-1.6145073242639316,0.0,0.0,1779.949999999748,-3.303689999999527,0.0,0.0,0.0,0.0,0.0,0.0,0.0,0.0,0.0,0.0,0.0,1256.0899999994945,-0.09666209999997888,0.0,0.0,0.0,0.0,0.0,0.0,0.0,0.0,0.0,-0.0025155498974902685,0.3777623822618841,5737.726506845189,-272.7177362157754,0.0,5.131116476814184e-07,0.0,-9.758728567460082e-09,54.01952950065498,-0.021827882236441776,54.01952950065498,0.0,1.4427254405909782,21071.847777163908,-38.53009970568579,4491.63999820561,9.38209570418772,0.0,-7.670921495911237e-16,0.0,2.1773850375549458e-13,-393.9985662263249,3.4911316924235445,-393.9985662263249,0.0,-192.77867217248627,998.99999999991,-49.57565451646644,12.609121707963055,-8.66104646049005,gaze,0.5189814061500034,0.4951383521068648,-23.30306733497816,16.67753909707554,607.7055607577474,28.679331972911,-0.4048042011362936,-34.37458678769422,-0.0445113748106674,0.0454285574192592,0.9979754424249474,4.284211158752441,-29.64728527678325,-2.416836659428893,-33.69029343675073,-0.0264806419302631,0.0108030822142151,0.9995909508482128,4.266739845275879,-0.4833184644961825,-1.4165624608979877,-34.022973230089654,-0.0352146586435887,0.0297812059892064,0.9987532195231456,4.2833898067474365,3.033792800517211,True,2.0,imu,-0.9801874033841445,-9.557412808930291,2.710961978625466,0.13933944407081936,1.439376340845102,-4.048130054519984,73.43584299001988,-4.00649027879807,-0.7000017564629052
235.607969,17.0319447015285,-4.661372697736532,4440.4610767350605,-25.176134237293716,45.458197484712755,7.549675365239303,63.51133852660223,-158322.67678470165,1.0774535299862231,7.6067112793304785,-397316.96811811335,-1.9225421391251287,45.458197484712755,23650422218.0863,-359.26428220088394,-1.8987355898522642,70.80574310068243,-29.951283967778334,15.849709011670386,-4.758437904255491,70.90613379123505,103.2774375639649,-2097628.4910501167,-1614.3888065200626,0.0,11.033571959489802,-72515.62400879757,-682243335551.6519,-16060.911800207017,-1.6195019479247692,0.0,0.0,1779.949999999746,-3.3036899999995235,0.0,0.0,0.0,0.0,0.0,0.0,0.0,0.0,0.0,0.0,0.0,1256.0899999994926,-0.09666209999997866,0.0,0.0,0.0,0.0,0.0,0.0,0.0,0.0,0.0,-0.0025363431590143606,0.37776404922245455,5737.739145710031,-272.7620273271473,0.0,5.147560904863863e-07,0.0,-9.760752002751617e-09,54.019681260669074,-0.02179032947460341,54.019681260669074,0.0,1.442728810580789,21169.79604255376,-38.66175467744979,4491.669422105853,9.419706069173031,0.0,-7.697175248276654e-16,0.0,2.1847845837273378e-13,-395.3071038373207,3.503053259974062,-395.3071038373207,0.0,-193.4635032298291,998.99999999991,-49.78366459298576,12.650528836396944,-8.59790863352936,gaze,0.5301214719504288,0.5016938435748436,-22.541127109480858,15.285288802898592,605.8986013547002,28.587785799649687,-0.36860913407102114,-34.252367662917365,-0.05434928708040881,0.031104957172460854,1.000793599530842,4.257106858075833,-29.79969342420486,-2.4996077832963617,-33.66679811414946,-0.03996948706281868,0.00028844011751542886,0.9973667000126022,4.226111387729723,-0.5129474946576813,-1.4903144403252824,-34.02260644211215,-0.05023812278767012,0.0143190471394175,0.9995927340495017,4.244349912896461,2.663629709885778,True,1.8359662103082826,imu,-0.8691160184000001,-9.5536965216,2.761671477600001,-0.59056842,2.18274771,-3.59358183,73.43914298196522,-4.002948314921326,-0.6934240267215787
235.616447,17.20173313771675,-4.880488131943441,4440.40408805183,-25.45045324353103,45.793903217091724,7.609912553650704,65.33281164127493,-161116.98257827014,1.0876032005813445,7.667412861971462,-403257.8324938291,-1.946061939363641,45.793903217091724,24049195253.677086,-362.6622521700047,-1.9141965445716975,70.93247400792325,-30.212156844036393,16.00943250463128,-4.978338558187222,71.03383219286422,105.63237923511679,-2130802.3366151294,-1633.2174503786537,0.0,11.13861533374594,-73654.12307737232,-693809874381.7537,-16275.57026432953,-1.6340046692273629,0.0,0.0,1779.9499999997406,-3.303689999999513,0.0,0.0,0.0,0.0,0.0,0.0,0.0,0.0,0.0,0.0,0.0,1256.0899999994854,-0.09666209999997832,0.0,0.0,0.0,0.0,0.0,0.0,0.0,0.0,0.0,-0.0025967088061614255,0.377768889018653,5737.775680080798,-272.89003119162044,0.0,5.195312416552513e-07,0.0,-9.766599943897668e-09,54.02012184781131,-0.021681309422311446,54.02012184781131,0.0,1.4427385974465174,21454.864262368428,-39.04405323090331,4491.754689867117,9.52923955887988,0.0,-7.773425475501718e-16,0.0,2.2062751322023343e-13,-399.1059375715711,3.537670955094561,-399.1059375715711,0.0,-195.45217176087667,998.9999999999072,-50.388283041372844,12.770890151206672,-8.413867722602944,gaze,0.5302589815925779,0.5024963441349986,-22.5292902643267,14.693777676518838,585.4415229062873,28.58470823230911,-0.36790893470572394,-34.25585387544075,-0.054324372488305205,0.03081712898807063,1.000582648093556,4.25808109945584,-29.79941305684754,-2.5036082111861084,-33.673297683104394,-0.040101837998306585,-0.000695496596042039,0.9971143203456927,4.2280137264743765,-0.5118824675571229,-1.4926197327355306,-34.02580866701905,-0.05032632591650685,0.013963973360476646,0.9993954436973163,4.245151335444326,2.4660166852863177,True,1.8215188971355154,imu,-0.8756956992000001,-9.503451686400002,2.7443250464,-0.43355331,2.06311715,-3.55619728,73.44952521645236,-3.9922915099443177,-0.6747152173360078
235.624924,17.372719197425933,-5.102061426408678,4440.347817227921,-25.726550935645548,46.13151535935621,7.670506430793414,67.16398070302876,-163945.9082942903,1.097824882034063,7.728474043219413,-409268.66759739706,-1.9697277589801079,46.13151535935621,24453281096.81709,-366.08442308271003,-1.9297543847603733,71.06079263762746,-30.47476994266005,16.170287904374227,-5.20070195230646,71.16312534650922,108.00241903275605,-2164390.1302983994,-1652.2136180299071,0.0,11.244397394889976,-74806.7900904335,-705531366887.4708,-16492.470171957102,-1.6486107025469763,0.0,0.0,1779.9499999997406,-3.3036899999995093,0.0,0.0,0.0,0.0,0.0,0.0,0.0,0.0,0.0,0.0,0.0,1256.0899999994817,-0.09666209999997832,0.0,0.0,0.0,0.0,0.0,0.0,0.0,0.0,0.0,-0.0026574888768053154,0.3777737626305284,5737.812230134092,-273.01805214117985,0.0,5.243407607264274e-07,0.0,-9.772448814779124e-09,54.02056547030338,-0.021571543541857086,54.02056547030338,0.0,1.4427484564942379,21742.948000504868,-39.42909928594265,4491.840312866734,9.640036664377604,0.0,-7.850245799350167e-16,0.0,2.227925820236943e-13,-402.93075355643356,3.57253736871973,-402.93075355643356,0.0,-197.45522438422645,998.9999999999054,-50.99814338947665,12.892301087247034,-8.22746275486189,gaze,0.5303753131932719,0.5033450834156274,-22.267964597657212,14.138944791509356,556.5344472305858,28.581843390793118,-0.3676591554384032,-34.259535668947045,-0.05427407197512343,0.030499389823483554,1.0003677868977414,4.259046114931177,-29.798759515148603,-2.507990989568471,-33.67984010048203,-0.04020941929319616,-0.0017270608097003926,0.9968595556487534,4.229940292036911,-0.5107330748868836,-1.4951944635188572,-34.029021216578386,-0.0503865081699588,0.013581705643395184,0.9991960997339346,4.2459339396709295,2.3024634988836037,True,1.8068268787248374,imu,-0.8451899064,-9.4711514352,2.78141052,-0.21672292,2.14536316,-3.4216129,73.46116317768622,-3.9810016755075948,-0.6564884589680646
235.625016,17.374581591905706,-5.104479821851697,4440.347210439904,-25.72955736108395,46.1351901333051,7.671166051523601,67.18390867526887,-163976.8032194376,1.097936219829829,7.72913875186475,-409334.29250282265,-1.9699854196204907,46.1351901333051,24457696194.982655,-366.12169896178887,-1.9299237755057024,71.0621941004976,-30.47762980158891,16.172039983687,-5.203128949978485,71.16453742510623,108.02822543711113,-2164756.961538197,-1652.4207166367823,0.0,11.245549570223458,-74819.37880727218,-705659442230.8657,-16494.836662490783,-1.6487697984079703,0.0,0.0,1779.9499999997424,-3.3036899999995164,0.0,0.0,0.0,0.0,0.0,0.0,0.0,0.0,0.0,0.0,0.0,1256.0899999994817,-0.09666209999997832,0.0,0.0,0.0,0.0,0.0,0.0,0.0,0.0,0.0,-0.002658150840765691,0.3777738157130033,5737.812626917534,-273.0194417164048,0.0,5.24393150209692e-07,0.0,-9.772512300906477e-09,54.02057030191287,-0.021570348088638946,54.02057030191287,0.0,1.442748563897979,21746.09135729668,-39.4332935215508,4491.841244131934,9.641246160997554,0.0,-7.851082710281651e-16,0.0,2.2281616884469351e-13,-402.97240934554566,3.572917161734955,-402.97240934554566,0.0,-197.47704376794672,998.9999999999072,-51.00479140928958,12.893624607915356,-8.225426591184654,gaze,0.5189695859842788,0.4952073521251126,-21.3143563641683,15.21824088630959,556.196890798481,28.68143166890342,-0.4132228672515943,-34.36121018058953,-0.0440134403757395,0.0461214857493203,0.9979657437099564,4.28858757019043,-29.64652487214849,-2.413995679522645,-33.69117229146642,-0.0264504372052622,0.0100862591855138,0.9995992405695862,4.259747982025146,-0.4823984853928856,-1.4134304510520006,-34.027009039042994,-0.0351000529640792,0.0290363032291855,0.9987708082473956,4.279719686508178,1.8378833152141536,True,2.0,imu,-0.9757243218227505,-9.555091586549356,2.7145602469967334,-0.014753255202680744,1.5353766966891267,-3.9280592719005107,73.46129636598816,-3.980875634524325,-0.6562934538037744
235.633402,17.54494913210353,-5.326161287591724,4440.292254466607,-26.00450124259686,46.47112188807701,7.73147299799205,69.0053114462653,-166810.4454864189,1.108121367668524,7.789910948561776,-415351.5188596666,-1.9935456778835432,46.47112188807701,24862828946.49274,-369.53173107828616,-1.9454132442143128,71.1907410941713,-30.739194026126,16.332318746017055,-5.425597002641474,71.29405562367236,110.38819009161898,-2198403.7282408993,-1671.3829135826863,0.0,11.350946897563162,-75974.03146810715,-717412158052.3888,-16711.680440927415,-1.6633240516251948,0.0,0.0,1779.9499999997388,-3.3036899999995057,0.0,0.0,0.0,0.0,0.0,0.0,0.0,0.0,0.0,0.0,0.0,1256.089999999478,-0.09666209999997799,0.0,0.0,0.0,0.0,0.0,0.0,0.0,0.0,0.0,-0.0027187009775567345,0.37777867149670685,5737.848804452209,-273.14612055367957,0.0,5.291859661230976e-07,0.0,-9.778300010717852e-09,54.02101225639268,-0.021461002093736192,54.02101225639268,0.0,1.4427583906684358,22034.139555562804,-39.81699821538956,4491.926312400261,9.752130422384056,0.0,-7.927657507779033e-16,0.0,2.249742646503158e-13,-406.7825870262892,3.6076620419433327,-406.7825870262892,0.0,-199.47320941886673,998.9999999999045,-51.613423768814584,13.014797188991928,-8.038637779497368,gaze,0.5304697641752216,0.504241308144949,-21.67667933201675,13.623977043424247,536.1071982266503,28.579198804585552,-0.3678849688265483,-34.26341377453282,-0.05419759294042266,0.03015082454447348,1.0001489929858318,4.260001611788027,-29.797721365997813,-2.51276780870643,-33.68642399851124,-0.04029144143806712,-0.002807514694552732,0.996602405724258,4.231891130734628,-0.5094940356190686,-1.4980473162895525,-34.03224259576442,-0.050417791246111246,0.013171421813446209,0.9989947217560545,4.246696934514171,2.1787158751265454,True,1.7918862806596532,imu,-0.8445917536,-9.537546396000002,2.8286645912,-0.20924601,2.23508608,-3.26459779,73.47405552245111,-3.969066744697634,-0.6387874522316292
235.641879,17.718388238686238,-5.552751340988543,4440.237416364551,-26.284247409593405,46.81265103343645,7.792799583504506,70.8564032321201,-169710.2444429174,1.1184906114168975,7.851710809252554,-421505.5821787853,-2.0175105740980572,46.81265103343645,25277796401.493034,-373.0034920729778,-1.9611698934788202,71.32230059957413,-31.005375546189338,16.4954924053464,-5.652987170324899,71.42660405207772,112.78920378384441,-2232839.0620945254,-1690.7219419025632,0.0,11.458242515144322,-77155.70713830939,-729451034997.0839,-16933.16719125358,-1.6781418050937673,0.0,0.0,1779.949999999737,-3.303689999999502,0.0,0.0,0.0,0.0,0.0,0.0,0.0,0.0,0.0,0.0,0.0,1256.0899999994745,-0.09666209999997788,0.0,0.0,0.0,0.0,0.0,0.0,0.0,0.0,0.0,-0.002780333947936399,0.37778361474914357,5737.8853943659415,-273.274206391216,0.0,5.34065899141323e-07,0.0,-9.784152166829636e-09,54.02146212435662,-0.021349707300990783,54.02146212435662,0.0,1.442768398246642,22328.394689360313,-40.20767308619353,4492.012669276053,9.86550130688768,0.0,-8.005645513124834e-16,0.0,2.2717213578845126e-13,-410.66066256480315,3.6430380078437343,-410.66066256480315,0.0,-201.5057267853338,998.9999999999045,-52.23401341602269,13.138356486828329,-7.847425332975876,gaze,0.5305415733664095,0.5051858638123784,-20.716825745735846,13.152696541564787,524.2570700176474,28.576783405327177,-0.36861217701752746,-34.26748700515249,-0.05409416332037265,0.029770666209817886,0.999926346517521,4.260946838576206,-29.79628744472258,-2.517948319118584,-33.693044859647394,-0.04034706072893898,-0.003937632026984203,0.9963429922580295,4.233865365818884,-0.5081603786989531,-1.5011857901192793,-34.03546975071238,-0.050419264738390826,0.012732478943017954,0.9987914250962107,4.247439152373629,2.0985009103445345,True,1.776700232763532,imu,-0.8398065312,-9.63026008,2.817897840800001,-0.08961545,2.1752708,-3.24216706,73.48819139538284,-3.9564800704521526,-0.6216647915732213
235.645108,17.78477804018913,-5.639727748076254,4440.2167173988455,-26.391289134949325,46.94326185126815,7.8162566106203775,71.56413947541478,-170824.24642896652,1.122459925859086,7.8753489029796455,-423868.79422539665,-2.0266786119564886,46.94326185126815,25437312300.574265,-374.3324959974291,-1.967198107482929,71.37284353917732,-31.107239799269557,16.557954128700075,-5.740269676173163,71.47752559147835,113.7078794216975,-2246068.7271601036,-1698.1338988039588,0.0,11.499313138944473,-77609.68347688086,-734079077418.0726,-17018.143613135668,-1.683814111588129,0.0,0.0,1779.949999999737,-3.303689999999502,0.0,0.0,0.0,0.0,0.0,0.0,0.0,0.0,0.0,0.0,0.0,1256.089999999469,-0.09666209999997777,0.0,0.0,0.0,0.0,0.0,0.0,0.0,0.0,0.0,-0.0028039240208040245,0.37778550695475355,5737.89933716927,-273.3230045510825,0.0,5.359340511936003e-07,0.0,-9.786381766767415e-09,54.021634314254584,-0.021307111304466553,54.021634314254584,0.0,1.442772230006529,22441.300157987847,-40.357231369754295,4492.045660611442,9.90902655166768,0.0,-8.035506787975267e-16,0.0,2.280136773796014e-13,-412.1449209129614,3.656580627962596,-412.1449209129614,0.0,-202.28383952664203,998.9999999999045,-52.471826680830674,13.185706696120647,-7.773953767377422,gaze,0.5189551237049107,0.4956054644085925,-19.90701962146391,13.97746689883097,519.8410534782472,28.6835161798138,-0.4266007696502485,-34.34562119484664,-0.0435838525002053,0.0462404629270967,0.9979790916595038,4.291032314300537,-29.64491695375052,-2.406339777813394,-33.69755577286796,-0.0264391512350098,0.0091918874472331,0.999608163475634,4.252503395080566,-0.4821402356227498,-1.4125611082839769,-34.02778091409228,-0.0351280953401065,0.0284991118110555,0.9987788056455204,4.276274490356445,1.5497706322493332,True,2.0,imu,-0.9706741880477987,-9.552499479595209,2.7189220814681234,-0.15642809838298188,1.632422491915415,-3.807217989627878,73.49390106301706,-3.9515118849141646,-0.615304247099216
235.650357,17.893083382287003,-5.781901605164293,4440.183293483689,-26.565864282117744,47.15619174295276,7.854502372670738,72.71772658119971,-172646.31740347296,1.1289354439894848,7.913889936288735,-427732.9441709874,-2.041628599070714,47.15619174295276,25698335948.492756,-376.50065477636434,-1.977028516100202,71.45551412193504,-31.273386164321003,16.659852997267315,-5.88294268599477,71.56081387059203,115.20610101855414,-2267708.2371458258,-1710.2363977499908,0.0,11.566313383977699,-78352.2320447023,-741652438827.4816,-17157.00060610032,-1.6930680205785928,0.0,0.0,1779.9499999997315,-3.303689999999495,0.0,0.0,0.0,0.0,0.0,0.0,0.0,0.0,0.0,0.0,0.0,1256.0899999994654,-0.09666209999997755,0.0,0.0,0.0,0.0,0.0,0.0,0.0,0.0,0.0,-0.0028424056231074815,0.3777885938453789,5737.9220084666595,-273.40234004798435,0.0,5.389818960793388e-07,0.0,-9.790006679331044e-09,54.02191520411213,-0.021237629038080325,54.02191520411213,0.0,1.442778482213793,22625.807414556544,-40.601230696247654,4492.099404966586,9.980183006766467,0.0,-8.084231401011478e-16,0.0,2.2938680367403686e-13,-414.56602884137067,3.6786749365184757,-414.56602884137067,0.0,-203.5533322565136,998.9999999999027,-52.86009328220172,13.263015090552614,-7.653768253576014,gaze,0.5305900096773656,0.5061800409882053,-19.406804787248422,12.729116904380605,510.43422009944845,28.57460503639478,-0.3698674456088137,-34.271755912627306,-0.05396295894136094,0.02935796665253288,0.9996998243319741,4.261881486419341,-29.794445868590962,-2.5235446455622146,-33.69970122733851,-0.040375456168323026,-0.005118718331839689,0.9960813162071146,4.235863038048037,-0.5067262658720286,-1.5046188964932086,-34.03870110697801,-0.05039001510905532,0.01226402576003785,0.9985862308422628,4.24815976848716,2.0630281096088843,True,1.7612647707364886,imu,-0.7955432240000001,-9.6308582328,2.802345868,-0.14195382,2.12293243,-3.08515195,73.50356248541934,-3.9432291581877332,-0.6051650972868146
235.658835,18.069020138845147,-6.013602123562222,4440.129895846239,-26.849327840661353,47.50171223759976,7.9165758748762345,74.58909755030436,-175618.65450201184,1.139455032131405,7.976442797442297,-434033.52156777907,-2.065897432481069,47.50171223759976,26124453908.663666,-380.0229411639615,-1.9929877267234883,71.59037821763604,-31.543203475836805,16.82538697537566,-6.115453522377322,71.69668155693944,117.63867414738388,-2303011.222349509,-1729.925147001435,0.0,11.675150726153646,-79563.60465665502,-754016570376.5452,-17383.17271458792,-1.7081015200191954,0.0,0.0,1779.9499999997297,-3.303689999999488,0.0,0.0,0.0,0.0,0.0,0.0,0.0,0.0,0.0,0.0,0.0,1256.08999999946,-0.09666209999997721,0.0,0.0,0.0,0.0,0.0,0.0,0.0,0.0,0.0,-0.0029049120657626687,0.3777936084968867,5737.958642397702,-273.53050659121413,0.0,5.43933568969615e-07,0.0,-9.795862873526913e-09,54.022371466654874,-0.021124776508204907,54.022371466654874,0.0,1.4427886420203464,22926.367922444333,-40.99763980089336,4492.186510406496,10.096169188527625,0.0,-8.163409203225348e-16,0.0,2.316181000153603e-13,-418.4983641053809,3.7145699981797473,-418.4983641053809,0.0,-205.61586343181983,998.9999999999027,-53.49162515860655,13.388765476182542,-7.457676867438646,gaze,0.5306143061150281,0.5072248096325636,-17.83845262279758,12.35788542905996,487.6809065758207,28.5726725151318,-0.3716778566842811,-34.27621947948765,-0.05380318096224441,0.028911901064305356,0.9994694826610134,4.262804905479635,-29.792185103957245,-2.5295672285330717,-33.7063892497012,-0.040375775740620755,-0.006351692358618086,0.9958174713411456,4.237883482372226,-0.5051860600802495,-1.5083546521569127,-34.04193390633516,-0.05032911566671519,0.011765356639379797,0.9983792331433381,4.248857681913593,2.0707620977696553,True,1.7455813034374512,imu,-0.7835801680000001,-9.6027450512,2.8035421736,-0.32887657,2.12293243,-2.72626027,73.52015161489726,-3.9293058670146994,-0.589339131227193
235.665088,18.199582441859945,-6.186138126099301,4440.0909788713325,-27.059586605861575,47.7578264737117,7.96259711330742,75.97579653282628,-177834.35081521422,1.1472619452503272,8.022819534011528,-438727.8401633477,-2.0838939821197933,47.7578264737117,26442346600.53879,-382.63699956962466,-2.0048232668742543,71.69091271822401,-31.74337175343362,16.948232735474498,-6.288590440000974,71.79796095800668,119.44292159239285,-2329329.481367841,-1744.5590526362425,0.0,11.755917747748557,-80466.65440027912,-763241029730.5143,-17551.496474391744,-1.7192586434104808,0.0,0.0,1779.9499999997315,-3.3036899999994915,0.0,0.0,0.0,0.0,0.0,0.0,0.0,0.0,0.0,0.0,0.0,1256.08999999946,-0.09666209999997744,0.0,0.0,0.0,0.0,0.0,0.0,0.0,0.0,0.0,-0.002951294598077671,0.3777973300379105,5737.985674656702,-273.625057773095,0.0,5.4760867420102e-07,0.0,-9.800183231570467e-09,54.022710039302524,-0.021041043039677604,54.022710039302524,0.0,1.442796184410584,23150.07967438669,-41.29184949191334,4492.250993118221,10.182555456447176,0.0,-8.222188426389351e-16,0.0,2.332745139409824e-13,-421.4160413460437,3.741210800852259,-421.4160413460437,0.0,-207.14670457770674,998.9999999999027,-53.96092915667717,13.48221711696236,-7.3114815578183645,gaze,0.5188118565515117,0.4964240855216556,-17.67559859155842,12.05360535291939,465.1619068759102,28.68839596970242,-0.4415782734946456,-34.32955568875742,-0.0425861710936217,0.0462002551136212,0.9980240249908924,4.292338848114014,-29.64174352799393,-2.398757625067662,-33.70655747409473,-0.0261992460746226,0.007620418102606,0.9996276950610478,4.239022731781006,-0.4809548927489029,-1.4139881158837546,-34.026058476711135,-0.0349928263444542,0.027958100494208,0.9987929760706196,4.2729651927948,1.49869893337693,True,2.0,imu,-0.9650657497958461,-9.549659755361436,2.7240190346868296,-0.28480755298299576,1.7272889064739596,-3.6920994091404857,73.53315619680498,-3.918600178697118,-0.5781267046779334
235.667312,18.24618351602688,-6.247841800956763,4440.077233142576,-27.134613222429387,47.84917982777831,7.979014430201903,76.47032749853315,-178627.23076042533,1.1500485086093333,8.039363689798186,-440407.2002811819,-2.090314683343192,47.84917982777831,26556154334.43986,-383.57006179499746,-2.0090460939644452,71.72688871410128,-31.81480425231857,16.992080256140504,-6.350508511210585,71.8342028565686,120.08670836036868,-2338747.806770483,-1749.7869782081434,0.0,11.78474541449465,-80789.81728457891,-766543564411.0577,-17611.67453459514,-1.7232410767138242,0.0,0.0,1779.9499999997279,-3.3036899999994844,0.0,0.0,0.0,0.0,0.0,0.0,0.0,0.0,0.0,0.0,0.0,1256.0899999994563,-0.09666209999997699,0.0,0.0,0.0,0.0,0.0,0.0,0.0,0.0,0.0,-0.0029678491472338864,0.37779865839961735,5737.995291792802,-273.658691073138,0.0,5.489205136464728e-07,0.0,-9.801720073988779e-09,54.02283088157748,-0.021011159267152302,54.02283088157748,0.0,1.4427988770837032,23230.06504905733,-41.3968678588689,4492.273976357828,10.213452925778412,0.0,-8.24317268342288e-16,0.0,2.338658489916089e-13,-422.4573343187705,3.750720245663216,-422.4573343187705,0.0,-207.6931511208843,998.9999999999009,-54.128568409083755,13.515599634013924,-7.259162610717887,gaze,0.5306136979683573,0.5083211265617997,-16.192550858838157,12.04412863602818,456.29776657662717,28.570994648023742,-0.37407087796780103,-34.28087645489108,-0.05361403439383151,0.028431651130477374,0.9992353803664916,4.263716445408277,-29.789493680713225,-2.5360264319322945,-33.713105005550275,-0.040347170956265915,-0.007637458526916788,0.9955515535929785,4.239926014481495,-0.5035339047385039,-1.5124010296181565,-34.045165347870785,-0.05023564383953876,0.011235772267615927,0.9981705282266126,4.249531790198515,2.1174953626756237,True,1.7296513702747305,imu,-0.7925524600000001,-9.5572854384,2.796962492800001,-0.5307531400000001,1.94348659,-2.5243837,73.53793699160606,-3.914702312078566,-0.5742371879033168
235.67579,18.42462131016581,-6.484692654316028,4440.025296478983,-27.42179666370229,48.19868493251894,8.041834503126239,78.3618941851737,-181673.0900740102,1.160718760910234,8.102669205758533,-446856.12991280697,-2.1148866112844584,48.19868493251894,26993594749.88139,-387.1429844697606,-2.0252078768376105,71.86508989687371,-32.08826151978616,17.159977834275736,-6.588179885333744,71.97342233132036,122.55085636295848,-2374930.4770512935,-1769.8277241950223,0.0,11.895127164824318,-82031.29791853124,-779238009327.7274,-17842.578180831097,-1.7384908301369713,0.0,0.0,1779.9499999997224,-3.3036899999994773,0.0,0.0,0.0,0.0,0.0,0.0,0.0,0.0,0.0,0.0,0.0,1256.0899999994508,-0.09666209999997688,0.0,0.0,0.0,0.0,0.0,0.0,0.0,0.0,0.0,-0.00303123505165203,0.3778037450400267,5738.031965256967,-273.7869239127781,0.0,5.539440935565858e-07,0.0,-9.807579678303685e-09,54.02329358134551,-0.02089674660331431,54.02329358134551,0.0,1.4428091904506246,23536.995424322744,-41.799023832206494,4492.361824560408,10.332068898217585,0.0,-8.323543879519872e-16,0.0,2.3613067155496866e-13,-426.4440085458477,3.7871355449735895,-426.4440085458477,0.0,-209.78576241569783,998.9999999998981,-54.77110827759449,13.643554534625196,-7.058166483503985,gaze,0.5305874097373328,0.509470350331134,-14.750085559728163,11.793400939127613,419.0980698703309,28.569579767894254,-0.37707551100478265,-34.285727103724604,-0.053394645948291304,0.027916217320535,0.9989974940691657,4.264615771952503,-29.78635901668477,-2.5429350557875265,-33.71984689759804,-0.04028877178245256,-0.008977389539827338,0.9952835658055286,4.241990665695127,-0.501763077593148,-1.5167675502589542,-34.04839373211636,-0.050108631246588764,0.010674376151997844,0.9979601395860505,4.250181215832653,2.1968561262183077,True,1.713470872072573,imu,-0.7799912512000001,-9.4843107968,2.7706437696,-0.76253735,1.95844041,-2.53186061,73.55689904420676,-3.8994053393529313,-0.5599039158492525
235.684267,18.60429744129553,-6.724115623744858,4439.974101648524,-27.710819371389107,48.55015356426608,8.105023012633323,80.26338533394119,-184755.84994079173,1.1714636612467408,8.166346163954547,-453379.4386164303,-2.1396079188796806,48.55015356426608,27436727989.38126,-390.74099765593,-2.041469734383787,72.00496128998122,-32.36351974228549,17.329045783924162,-6.828428414867041,72.11431930293838,125.0306122087211,-2411554.7770436616,-1790.043808774857,0.0,12.006273808223025,-83287.89320347719,-792098553840.4233,-18075.847475480256,-1.7538477522531122,0.0,0.0,1779.9499999997224,-3.3036899999994738,0.0,0.0,0.0,0.0,0.0,0.0,0.0,0.0,0.0,0.0,0.0,1256.0899999994417,-0.09666209999997677,0.0,0.0,0.0,0.0,0.0,0.0,0.0,0.0,0.0,-0.003095058174525274,0.3778088675143816,5738.068654096744,-273.9151750360304,0.0,5.590033110843158e-07,0.0,-9.813440319904285e-09,54.023759480976594,-0.02078156158943678,54.023759480976594,0.0,1.4428195803227624,23847.11174641645,-42.20402766812082,4492.450035395959,10.451996153947192,0.0,-8.404507061353107e-16,0.0,2.384121243611861e-13,-430.45758174241945,3.8238086467693098,-430.45758174241945,0.0,-211.89328089246507,998.999999999899,-55.41912829420744,13.772607067516745,-6.854723701102061,gaze,0.5305346631988299,0.5106733203699922,-13.858393513529803,11.611852207164404,380.92142177648776,28.568437041935603,-0.3807201400853668,-34.29076930186761,-0.05314422913140708,0.027364825818182108,0.9987559125726846,4.265502117870172,-29.782769770626913,-2.5503028702536774,-33.72661009919921,-0.040199719042410376,-0.010372248712861243,0.9950136379211125,4.244076489835019,-0.4998673851716506,-1.521461848809673,-34.051615793529976,-0.04994715076206803,0.010080521293905402,0.997748190815644,4.250804756887418,2.300766520907652,True,1.6970432988598074,imu,-0.7967395296000002,-9.4436364064,2.7748308392,-0.69524516,1.84628676,-2.75616791,73.57700528660928,-3.883408788955391,-0.5463903676490361
235.684782,18.615253948450174,-6.738745344139822,4439.971015211115,-27.728438810471346,48.571570986668824,8.108874028727994,80.37923361779849,-184944.34367143363,1.17211889648479,8.170226953589955,-453778.18217203714,-2.1411147206341368,48.571570986668824,27463835827.47493,-390.96041130630095,-2.0424609811894987,72.01351345262839,-32.38030166664582,17.33935557894104,-6.84310845621345,72.12293401165448,125.1817778041218,-2413794.2568651913,-1791.2777400917612,0.0,12.013051408657626,-83364.72947757691,-792885302179.7344,-18090.096702231094,-1.7547842491317007,0.0,0.0,1779.949999999717,-3.30368999999947,0.0,0.0,0.0,0.0,0.0,0.0,0.0,0.0,0.0,0.0,0.0,1256.089999999438,-0.09666209999997644,0.0,0.0,0.0,0.0,0.0,0.0,0.0,0.0,0.0,-0.00309894999911349,0.37780917989861695,5738.070883673885,-273.92296770874486,0.0,5.593118433187655e-07,0.0,-9.813796425303705e-09,54.02378789099606,-0.02077453839076593,54.02378789099606,0.0,1.442820214053036,23866.056502006584,-42.22872632904109,4492.455406478071,10.459324905635853,0.0,-8.409445237967464e-16,0.0,2.385512750567199e-13,-430.7023016854437,3.8260451084716425,-430.7023016854437,0.0,-212.0218081452889,998.9999999998972,-55.45867700209428,13.780483356533907,-6.8422841526597065,gaze,0.5305305886077878,0.5107481647847043,-13.829321729342915,11.603190174736168,378.8083026568266,28.56837657903599,-0.3809628480541699,-34.29108179457183,-0.05312799637122595,0.027330146850385872,0.9987411166374969,4.265555538509865,-29.782536786347233,-2.5507655600776697,-33.72702162110008,-0.040193301491856764,-0.010458789002479985,0.99499717706188,4.244203888853423,-0.49974803587813715,-1.5217578107853416,-34.05181129462464,-0.04993620799724097,0.010043377715975368,0.9977352649628817,4.250841783692982,2.3076708142134215,True,1.6960372514511834,imu,-0.9589381534233465,-9.546599560566197,2.729803717351003,-0.4018259159389936,1.8170580014350555,-3.588466964199892,73.5605764,-3.802573200000015,0.3479199999999905
235.68518,18.62372450747397,-6.750058037871469,4439.968631833854,-27.742060146375906,48.588127794496955,8.111851108664004,80.46878871716126,-185090.10965770483,1.1726254654063224,8.173227050762371,-454086.52909898816,-2.142279586762087,48.588127794496955,27484799859.50846,-391.1300424351387,-2.0432272912118363,72.02012699313991,-32.39327565726342,17.347326172914137,-6.854460051806427,72.12959590756691,125.29864132106195,-2415526.099940138,-1792.2317937384137,0.0,12.018291220653515,-83424.14870176438,-793493741654.1724,-18101.114824816363,-1.7555082654855654,0.0,0.0,1779.9499999997206,-3.3036899999994773,0.0,0.0,0.0,0.0,0.0,0.0,0.0,0.0,0.0,0.0,0.0,1256.0899999994417,-0.09666209999997666,0.0,0.0,0.0,0.0,0.0,0.0,0.0,0.0,0.0,-0.0031019587948711014,0.37780942140691565,5738.072606775459,-273.928990092209,0.0,5.595503739220728e-07,0.0,-9.814071633500193e-09,54.02380985499349,-0.02076910875645671,54.02380985499349,0.0,1.4428207040078416,23880.70551706401,-42.24782119749108,4492.459558279759,10.464992048191988,0.0,-8.413263066851019e-16,0.0,2.3865885583962084e-13,-430.8914946168344,3.8277741470480278,-430.8914946168344,0.0,-212.12117452225945,998.999999999899,-55.489254998610846,13.786573107208525,-6.832664398105005,gaze,0.5183063231122371,0.4963210008317153,-13.93233582109485,9.818476513751524,377.26068621808,28.70333784003831,-0.4552401703465572,-34.31214271631026,-0.0394452101736051,0.0468889579510721,0.9981209851599268,4.292200088500977,-29.63744990638287,-2.386692451864982,-33.71351959553615,-0.0259217890982074,0.007589300339885,0.9996351651329096,4.236549854278564,-0.4781906905690111,-1.4164068475576914,-34.02222151389141,-0.0345631314497204,0.0276170666449822,0.9988126503032616,4.270293378829956,1.9664506860407664,True,2.0,imu,-0.9588079956273097,-9.546535007173372,2.729928541260622,-0.4041185436090231,1.8188192795379894,-3.58650598600618,73.57923786022346,-3.8816436618782246,-0.5449856847249818
235.692745,18.785260333736957,-6.96618407877002,4439.9236401245835,-28.001758519687392,48.90367713314809,8.1685966113796,82.1752835694424,-187876.57578247786,1.1822861354240257,8.230411346494309,-459979.3187974278,-2.1644849384573015,48.90367713314809,27885715006.695618,-394.3650820385105,-2.057835976493616,72.14654807193847,-32.64065286628598,17.49932969311454,-7.071327687768644,72.25693922996857,127.52663655751417,-2448633.4527777024,-1810.4411582169282,0.0,12.118215451470217,-84560.04000312687,-805129886636.9283,-18311.555843521917,-1.7693160377872907,0.0,0.0,1779.9499999997242,-3.30368999999947,0.0,0.0,0.0,0.0,0.0,0.0,0.0,0.0,0.0,0.0,0.0,1256.089999999438,-0.09666209999997655,0.0,0.0,0.0,0.0,0.0,0.0,0.0,0.0,0.0,-0.0031593369367515084,0.37781402732878355,5738.105366926109,-274.0434748786802,0.0,5.640995480002749e-07,0.0,-9.819303397310324e-09,54.0242287146653,-0.020665573118504726,54.0242287146653,0.0,1.4428300497888866,24160.512421188163,-42.611989789172064,4492.53863078386,10.573270041637215,0.0,-8.486084572246769e-16,0.0,2.407108369492646e-13,-434.49913673169544,3.860749549268154,-434.49913673169544,0.0,-214.01628128183222,998.999999999899,-56.072816607406025,13.902794785712814,-6.648774023537268,gaze,0.5304546521270386,0.5119314420658446,-13.821975885769898,11.505760264014384,355.87241111196096,28.567575141950872,-0.3850353900334317,-34.29600311052132,-0.05286187671767715,0.026776441616842457,0.9985106124121462,4.266375131220584,-29.7787128770465,-2.558143141549638,-33.733392914053425,-0.040079108785509465,-0.01182345499254217,0.9947417741456502,4.2461835111707895,-0.4978394830625928,-1.5264937989018343,-34.054829745250295,-0.04975019608828185,0.009453279983016705,0.9975347071296488,4.251401499191818,2.4200187780316287,True,1.6803644615504014,imu,-0.8248527112,-9.4831144912,2.794569881600001,-0.54570696,1.83880985,-3.01785976,73.59822809079368,-3.8666990551208773,-0.5337403093977681
235.701211,18.96723607571809,-7.21053864882596,4439.873991398927,-28.29417331602417,49.25871812541284,8.232458827850254,84.09467137241518,-191030.74844685197,1.1931698310690406,8.294767536308969,-466646.15831311204,-2.1894797258220704,49.25871812541284,28339912676.203003,-398.00976252689185,-2.0742817815819943,72.28964202887909,-32.91924136715371,17.670571826640007,-7.316517073140602,72.40107233794726,130.03514662383714,-2486112.8928064597,-1830.989306281897,0.0,12.230782810620651,-85845.89855823308,-818313357530.9839,-18549.355598439794,-1.7848723269193414,0.0,0.0,1779.9499999997151,-3.303689999999463,0.0,0.0,0.0,0.0,0.0,0.0,0.0,0.0,0.0,0.0,0.0,1256.0899999994326,-0.0966620999999761,0.0,0.0,0.0,0.0,0.0,0.0,0.0,0.0,0.0,-0.0032239752711105824,0.3778192167978536,5738.14204736986,-274.1716268201469,0.0,5.692251072758577e-07,0.0,-9.825159932623692e-09,54.02470058083077,-0.020548956647623073,54.02470058083077,0.0,1.442840583281452,24476.735874366168,-43.02229385248151,4492.6274752524805,10.695709068827,0.0,-8.568153390778018e-16,0.0,2.4302334282182567e-13,-438.562558743457,3.8979024423193596,-438.562558743457,0.0,-216.15155613762397,998.9999999998981,-56.731195301987896,14.033923000068768,-6.4406258312967095,gaze,0.5303467512179357,0.5132438088211013,-14.776237868586891,11.48140262404028,369.0132215116352,28.567003868533796,-0.39004370157395996,-34.30141885682211,-0.05254722795446799,0.026151126771133695,0.9982620111955492,4.267232933952502,-29.77418314164815,-2.5664545552376574,-33.74018156592269,-0.03992629675597636,-0.013329771209036292,0.99446846393231,4.248307982745832,-0.49567556872932544,-1.531863872835592,-34.05802809217166,-0.04951716148092797,0.008792885172504879,0.9973200950948338,4.251969508979284,2.544526957036772,True,1.663460121511464,imu,-0.8368157672000002,-9.5477149936,2.799355104,-0.35878421,1.92853277,-3.38422835,73.62049601054129,-3.8492932756209517,-0.5220173775809561
235.705161,19.05257644593687,-7.3254511950353205,4439.851081153407,-28.431253753478934,49.42506262964566,8.262385092294265,84.99369966004087,-192515.43872381002,1.1982741388932703,8.324925333820888,-469782.9916372085,-2.2011940402765844,49.42506262964566,28553843407.014996,-399.7191015225234,-2.081990191554307,72.35699292917627,-33.049857234340045,17.75088025634478,-7.431820896339275,72.4689106412635,131.21104552347788,-2503755.880095047,-1840.6382541083613,0.0,12.283572798613715,-86451.18768355236,-824523187969.0416,-18661.140634420404,-1.792168192566677,0.0,0.0,1779.9499999997188,-3.303689999999463,0.0,0.0,0.0,0.0,0.0,0.0,0.0,0.0,0.0,0.0,0.0,1256.0899999994308,-0.0966620999999761,0.0,0.0,0.0,0.0,0.0,0.0,0.0,0.0,0.0,-0.0032542887083042912,0.37782165077928953,5738.159168125989,-274.2314305206039,0.0,5.716290948062314e-07,0.0,-9.827893034067185e-09,54.02492187439299,-0.02049427470406434,54.02492187439299,0.0,1.4428455250523449,24625.400816695015,-43.21473260723084,4492.669055951363,10.753294735194999,0.0,-8.606652781396801e-16,0.0,2.441081476127216e-13,-440.46790856169866,3.915327681385183,-440.46790856169866,0.0,-217.15306167740013,998.9999999998963,-57.04030635812424,14.095490327971135,-6.342654916000326,gaze,0.5179516344775965,0.4977533890985869,-14.2411442742763,9.568264295074426,393.4720954788393,28.72537661140374,-0.4644283035890739,-34.28977638633398,-0.0385091227253774,0.0442786930392679,0.998276737588158,4.317280292510986,-29.63406288668211,-2.379973293483031,-33.71880512744801,-0.0258913908195987,0.0069832314812934,0.9996403705130688,4.235034942626953,-0.4722639877096231,-1.4186829212083834,-34.01659164282511,-0.0339039811301249,0.0271200951336909,0.9988477217860684,4.270429801940918,2.51515904222567,True,2.0,imu,-0.9519418213102193,-9.543154360980916,2.7366053331940803,-0.5169931623988886,1.9038266185677808,-3.4964303432067902,73.63124175710381,-3.8409233790100825,-0.5168712765469312
235.709677,19.15048595431651,-7.457537052151757,4439.825087081474,-28.58848323459268,49.615784002370866,8.296701127032735,86.02428163727109,-194223.09916950762,1.2041304042987968,8.359506906246928,-473389.9032408645,-2.214627883154173,49.615784002370866,28800009297.569904,-401.68028272225445,-2.090830716450067,72.43445459095511,-33.19968522691215,17.84301807129169,-7.564355485231438,72.54693155225124,132.55973980311205,-2524049.3984710774,-1851.7181589634856,0.0,12.344137669858226,-87147.4001002258,-831668960667.4824,-18789.59715832866,-1.8005390094581823,0.0,0.0,1779.9499999997115,-3.303689999999463,0.0,0.0,0.0,0.0,0.0,0.0,0.0,0.0,0.0,0.0,0.0,1256.0899999994272,-0.09666209999997599,0.0,0.0,0.0,0.0,0.0,0.0,0.0,0.0,0.0,-0.003289067218845969,0.37782444349773936,5738.178747336198,-274.2998126133373,0.0,5.74387365110257e-07,0.0,-9.831018239231714e-09,54.025175765689085,-0.02043154462229041,54.025175765689085,0.0,1.4428511962040034,24796.24879713351,-43.43553014369931,4492.716695044328,10.819491016516665,0.0,-8.6508318062415845e-16,0.0,2.453529751379484e-13,-442.6536850377245,3.935320775695967,-442.6536850377245,0.0,-218.30217731292333,998.9999999998972,-57.39522107086489,14.166182323668664,-6.229977107439929,gaze,0.5302100576735453,0.5146133009392743,-16.566091541171243,11.544511566421887,434.9056545197628,28.566730919115336,-0.39578169162009114,-34.307022387998686,-0.052199041740814266,0.025487154850534738,0.9980097994007978,4.268076200858027,-29.769162714577504,-2.5752596056865995,-33.74698225368009,-0.03974023572271686,-0.014894317388014403,0.9941933937382536,4.250452388926564,-0.4933654157193231,-1.537587882723398,-34.06121276779736,-0.04924680729660537,0.008097672329436534,0.9971041309970567,4.252508568407628,2.664433898077525,True,1.6463065630467657,imu,-0.8266471696000001,-9.5925764536,2.808327396000001,-0.54570696,1.92853277,-3.87770441,73.64379708559271,-3.831158390047354,-0.5112477899374837
235.718143,19.33501603006241,-7.707196295087591,4439.776930740576,-28.884697306675484,49.97488328669705,8.361325262981017,87.96414835057931,-197453.97070023417,1.2151682481140278,8.424631224642955,-480211.21549723257,-2.239929909581831,49.97488328669705,29266062143.489506,-405.37677519058093,-2.1074832566217587,72.58099803603722,-33.481993498596594,18.01667415236652,-7.814859954151615,72.69452918902749,135.1004920916289,-2562447.1330621922,-1872.6288829117789,0.0,12.458283933931167,-88464.68700471545,-845198376162.4067,-19032.29911477976,-1.8163166605115015,0.0,0.0,1779.9499999997133,-3.303689999999456,0.0,0.0,0.0,0.0,0.0,0.0,0.0,0.0,0.0,0.0,0.0,1256.0899999994217,-0.09666209999997566,0.0,0.0,0.0,0.0,0.0,0.0,0.0,0.0,0.0,-0.0033546161706515254,0.3778297077285355,5738.215466782705,-274.428032436246,0.0,5.79586510767956e-07,0.0,-9.836878333053909e-09,54.02565429371265,-0.02031333308942246,54.02565429371265,0.0,1.4428618891995946,25119.076717052052,-43.8517136168469,4492.806291268047,10.94462297727496,0.0,-8.734123080204474e-16,0.0,2.4769982574157165e-13,-446.7726522556287,3.973005902934561,-446.7726522556287,0.0,-220.46822274389606,998.9999999998945,-58.06492946430464,14.299579921028169,-6.016815545685019,gaze,0.5300437531858266,0.5160410680131654,-18.665525403424752,11.700439364653102,530.9873216418257,28.566765519246417,-0.40228103303536245,-34.31281212345645,-0.05181644403244519,0.024783596498263234,0.9977540129611713,4.2689043554850965,-29.76363901802594,-2.584570153100422,-33.753791532310174,-0.03952001674146384,-0.01651820977878346,0.9939166346630629,4.2526162376942285,-0.4909012744619366,-1.54367485935516,-34.06438110674529,-0.04893813633439694,0.007366832905499367,0.9968868935012705,4.253017583252423,2.77006496150019,True,1.6289035158327096,imu,-0.8272453224,-9.5686503416,2.8035421736,-0.79244499,2.01077878,-4.28145755,73.66808545282622,-3.812284422695746,-0.5014749999027732
235.725253,19.490983395719013,-7.918935767277432,4439.737068087998,-29.134944463941714,50.27804280874196,8.415894828284495,89.60125516420158,-200197.36542613804,1.2244981448888104,8.479623272606194,-486000.3706223295,-2.261298548431908,50.27804280874196,29662111019.295265,-408.5013628302229,-2.1215489492354673,72.70541585023909,-33.720531461949406,18.163454607448195,-8.027313320513876,72.81983819780294,137.24683167205626,-2595054.093952543,-1890.3316996196031,0.0,12.554761662014956,-89583.28400105354,-856696302867.5457,-19238.041972178235,-1.8296533569051239,0.0,0.0,1779.9499999997097,-3.3036899999994453,0.0,0.0,0.0,0.0,0.0,0.0,0.0,0.0,0.0,0.0,0.0,1256.0899999994162,-0.09666209999997544,0.0,0.0,0.0,0.0,0.0,0.0,0.0,0.0,0.0,-0.0034100216988951007,0.37783415800269493,5738.246319890735,-274.53574169925446,0.0,5.839815461505885e-07,0.0,-9.841801207545276e-09,54.02605877666235,-0.02021343493149813,54.02605877666235,0.0,1.4428709318315,25392.777094826808,-44.203524825901944,4492.88182848924,11.050760725656374,0.0,-8.804549453642915e-16,0.0,2.4968415082723976e-13,-450.253493472409,4.004862110350821,-450.253493472409,0.0,-222.29930600268617,998.9999999998954,-58.631786941149045,14.412495871858098,-5.835845715443255,gaze,0.5176786237955661,0.4990069241216523,-21.33010965271608,13.66427241732147,598.6918078089705,28.72612176473109,-0.4872620379903498,-34.27611398718558,-0.0401901362468997,0.0398193178214172,0.9983983047244686,4.317229747772217,-29.63004026330408,-2.36934277464244,-33.72224784383639,-0.02571516134931,0.0077814357052306,0.9996390247159944,4.237510204315186,-0.4661465172424151,-1.4216215477942384,-34.01118957872171,-0.0334481231316457,0.0262593959928723,0.9988949563021604,4.271070241928101,2.891830996900772,True,2.0,imu,-0.9443616214410562,-9.539474673804042,2.744144126341619,-0.6289797512813384,1.9811918345724522,-3.4253494429475237,73.68920943350145,-3.7958551676033894,-0.4940683587974607
235.726609,19.520832381068335,-7.959533448963562,4439.729525955016,-29.182824591674297,50.33602452464278,8.42633299537988,89.91430554089038,-200723.7078165561,1.2262837568139444,8.490142265505728,-487110.76077706297,-2.2653863047074076,50.33602452464278,29738128856.155697,-409.09937293739017,-2.1242398790557635,72.72928469215242,-33.76617526405615,18.19154581169542,-8.06804757507279,72.84387761470305,137.65747972112513,-2601310.285048001,-1893.722649728953,0.0,12.573225520005819,-89797.90250693118,-858903295028.8896,-19277.480152649605,-1.8322058571749589,0.0,0.0,1779.9499999997115,-3.3036899999994596,0.0,0.0,0.0,0.0,0.0,0.0,0.0,0.0,0.0,0.0,0.0,1256.0899999994162,-0.09666209999997566,0.0,0.0,0.0,0.0,0.0,0.0,0.0,0.0,0.0,-0.0034206255311823378,0.37783500979161033,5738.252205666744,-274.55628646738865,0.0,5.848227341507723e-07,0.0,-9.842740230070309e-09,54.02613618947436,-0.020194318083155416,54.02613618947436,0.0,1.4428726629140254,25445.245293199026,-44.27085927494501,4492.896265034193,11.07111206634599,0.0,-8.818030485435876e-16,0.0,2.5006398679479735e-13,-450.919597477139,4.010959182006535,-450.919597477139,0.0,-222.64977062023462,998.9999999998954,-58.74035617867662,14.434122986300778,-5.8011288010637285,gaze,0.5298470100986277,0.5175282706045766,-20.38333457555188,11.953682424736561,607.8387727991932,28.567117002431726,-0.4095740882989264,-34.3187863258618,-0.05139855089912198,0.024039512890773246,0.9974946886651052,4.269716815430123,-29.757599336505375,-2.5943981853780507,-33.76060590069163,-0.03926472090258029,-0.01820257500698895,0.9936382589803727,4.254799028240842,-0.4882750918015774,-1.5501339346859087,-34.06753040024191,-0.04859014030009057,0.006599550222629556,0.9966684625360924,4.253495446741218,2.852590539120791,True,1.6112507235887104,imu,-0.8475825176000001,-9.5566872856,2.8065329376,-0.82235263,2.04068642,-4.58053395,73.6933105023233,-3.7926613360386368,-0.4927409786563515
235.735075,19.70794110305254,-8.214565650215043,4439.682876313964,-29.482874177153164,50.69921628606825,8.491726089554305,91.87478727862799,-204032.65732966363,1.2374773259983234,8.556041808527265,-494089.20856422826,-2.290997568606219,50.69921628606825,30216267448.451202,-412.8482094084471,-2.1411010621476727,72.87932693757546,-34.0522396339988,18.36763880766506,-8.323935508343261,72.99498924607622,140.23077915914428,-2640643.0681500793,-1915.0006359796948,0.0,12.688966357685882,-91147.19070429969,-872785419212.4408,-19525.159050291095,-1.8482071785356031,0.0,0.0,1779.9499999997097,-3.303689999999449,0.0,0.0,0.0,0.0,0.0,0.0,0.0,0.0,0.0,0.0,0.0,1256.0899999994126,-0.09666209999997544,0.0,0.0,0.0,0.0,0.0,0.0,0.0,0.0,0.0,-0.00348709871909432,0.3778403499896026,5738.288963945553,-274.6845748858,0.0,5.90096225798885e-07,0.0,-9.848603946321713e-09,54.026621477646756,-0.020074495624825717,54.026621477646756,0.0,1.4428835179958739,25774.780316504755,-44.69298217009169,4492.986617455215,11.198965421684221,0.0,-8.902557305925757e-16,0.0,2.5244555077842674e-13,-455.09465822175423,4.049181975325153,-455.09465822175423,0.0,-224.84689938555806,998.9999999998945,-59.4215370567465,14.569818743338232,-5.582904489863248,gaze,0.5296189913662954,0.5190760802873583,-21.32357536834727,12.307610432242198,633.5000932492281,28.567794810613172,-0.4176939160053583,-34.324943098863336,-0.050944468480568064,0.023253955699478475,0.9972318641607018,4.270512992313165,-29.751030816253554,-2.6047558186632838,-33.76742180130742,-0.038973419288587885,-0.019948550114637476,0.9933583401436084,4.257000250923727,-0.4854785059379584,-1.5569743422845364,-34.07065789589238,-0.0482017997578346,0.005794999440412292,0.9964489192999516,4.253941039497962,2.904528326379177,True,1.5933479441591187,imu,-0.86732156,-9.5710429528,2.819692299200001,-0.8821679099999999,2.10797861,-4.85717962,73.71941677338013,-3.772279030588069,-0.48508602479729257
235.743541,19.8963483093624,-8.472310100498412,4439.636985417048,-29.784855178881216,51.06446716447453,8.557506316478754,93.84562767606349,-207381.1680904776,1.2487493525695927,8.622331639092273,-501147.232142354,-2.3167642018253742,51.06446716447453,30700536305.13561,-416.623418490471,-2.158067285732102,73.03113720092244,-34.34019574803622,18.544958915239707,-8.582540979603785,73.14787655041096,142.82046710939403,-2680449.7214191933,-1936.4640232016277,0.0,12.80551038903166,-92512.69655902198,-886846461626.1708,-19775.354679784592,-1.8643212056752856,0.0,0.0,1779.9499999997097,-3.303689999999442,0.0,0.0,0.0,0.0,0.0,0.0,0.0,0.0,0.0,0.0,0.0,1256.0899999994053,-0.09666209999997522,0.0,0.0,0.0,0.0,0.0,0.0,0.0,0.0,0.0,-0.0035540391670832797,0.3778457286264296,5738.325741576198,-274.8128978710365,0.0,5.954071768918592e-07,0.0,-9.854469497909694e-09,54.027110183004254,-0.019953861722950328,54.027110183004254,0.0,1.442894455096491,26107.707710090304,-45.118097403540226,4493.077349645424,11.328190203990417,0.0,-8.987706836903446e-16,0.0,2.54844610492496e-13,-459.297972449191,4.0876756497526,-459.297972449191,0.0,-227.05968773781257,998.9999999998927,-60.10850808797025,14.706674445750295,-5.362130189566142,gaze,0.5293588505122866,0.5206856796904553,-21.618108696961617,12.764195499365803,618.9344892944432,28.56880849465322,-0.42667427736445795,-34.33128038481323,-0.050453292942399385,0.022425967052475647,0.9969655779602367,4.27129229175308,-29.74392046463924,-2.6156552978946954,-33.77423561995495,-0.038645172931695906,-0.021757282600118416,0.9930769527917191,4.259219387220025,-0.48250284136633664,-1.5642054177825249,-34.0737607974505,-0.04777208408179333,0.00495234752348251,0.996228346267235,4.254353229487414,2.9202455944931547,True,1.5751949495951474,imu,-0.8966310472000002,-9.580613397600002,2.805336632,-0.99432156,2.34723973,-4.63287232,73.74634385051883,-3.7511273447583178,-0.47854857401966205
235.745233,19.934159273170913,-8.524149174761057,4439.62790503362,-29.8454409571928,51.137713215209914,8.570699611575073,94.24076141546539,-208055.16985338926,1.2510116022386764,8.63562716221597,-502567.4370936425,-2.3219325491641225,51.137713215209914,30798061617.584984,-417.38109909521404,-2.161470762325213,73.06169081851704,-34.39797378216839,18.58054544335391,-8.634552772281822,73.17864634479156,143.34000938426152,-2688462.6016382123,-1940.7759923075137,0.0,12.828899326972856,-92787.56149467033,-889678280860.9514,-19825.661766098994,-1.867555291787593,0.0,0.0,1779.949999999697,-3.3036899999994276,0.0,0.0,0.0,0.0,0.0,0.0,0.0,0.0,0.0,0.0,0.0,1256.089999999398,-0.09666209999997466,0.0,0.0,0.0,0.0,0.0,0.0,0.0,0.0,0.0,-0.0035674740959616633,0.3778468082270652,5738.333094205838,-274.83854843955396,0.0,5.96473122588825e-07,0.0,-9.855641998302074e-09,54.0272082667131,-0.01992965439707739,54.0272082667131,0.0,1.442896650857925,26174.655034927262,-45.20342030784672,4493.095528855491,11.354181910044574,0.0,-9.004799627703967e-16,0.0,2.5532618831783414e-13,-460.1414392779918,4.09540152776104,-460.1414392779918,0.0,-227.5038162940238,998.999999999889,-60.24650233909631,14.73416590604613,-5.317699782169708,gaze,0.5173515959474339,0.4995247700525767,-21.46178069681945,13.63705931852261,614.2145257305112,28.73831879578879,-0.4974688975755823,-34.2670717874165,-0.0389063666875342,0.0383156283533238,0.9985079905814802,4.308797359466553,-29.62760298063468,-2.363411918228856,-33.72393452511847,-0.0258559505284341,0.0080749764683975,0.9996330649679942,4.239448070526123,-0.4589348583333322,-1.424415574628318,-34.00597251320376,-0.032922054479721,0.0253552214376114,0.998950336343594,4.2715412139892575,2.959628350070578,True,2.0,imu,-0.9361218845803345,-9.535531261835846,2.752481683926233,-0.7425199521080088,2.0482203536591315,-3.377980843445167,73.75181819804968,-3.7468068585917393,-0.4773792370638081
235.752007,20.08606013099784,-8.732784066806374,4439.591856874336,-30.08877674087568,51.43178577703586,8.623675452786543,95.82686088720038,-210769.59099535644,1.260100234734921,8.6890135482876,-508285.5086055475,-2.342686705382569,51.43178577703586,31190994184.033455,-420.4251345118453,-2.1751390310848198,73.18472796124303,-34.63005277472878,18.72351192598298,-8.843881279903023,73.30255204552896,145.4266205121071,-2720734.509311134,-1958.1139979157251,0.0,12.922861568579304,-93894.5659006497,-901088146186.0144,-20028.086007169073,-1.880548521674075,0.0,0.0,1779.9499999997079,-3.3036899999994453,0.0,0.0,0.0,0.0,0.0,0.0,0.0,0.0,0.0,0.0,0.0,1256.0899999993999,-0.09666209999997499,0.0,0.0,0.0,0.0,0.0,0.0,0.0,0.0,0.0,-0.003621450321924312,0.37785114600729175,5738.362538515619,-274.9412556031755,0.0,6.007557792496725e-07,0.0,-9.860336900996852e-09,54.02760233042159,-0.019832412373206487,54.02760233042159,0.0,1.4429054748700096,26444.053529605215,-45.546220125777104,4493.168462721082,11.458793596747043,0.0,-9.073482384856239e-16,0.0,2.5726125905681256e-13,-463.5296785600741,4.1264415766070375,-463.5296785600741,0.0,-229.28821462967144,998.9999999998927,-60.80130540878835,14.844697376964987,-5.138793438792254,gaze,0.5290657315877773,0.5223582625409553,-21.66756421016247,13.323737344701097,599.5899981144496,28.570167714818275,-0.4365496427010547,-34.33779596248854,-0.049924110432054476,0.02155457949626788,0.9966958694446676,4.272054113342691,-29.73625514956744,-2.6271089973555353,-33.78104368545618,-0.038279032771330046,-0.023629930458225784,0.9927941727549153,4.2614559096812155,-0.47933910381775374,-1.571836599322677,-34.0768362645888,-0.0472999514078024,0.004070753208925623,0.9960068271944322,4.254730871959552,2.896461462612597,True,1.5567915262367962,imu,-0.8966310472000002,-9.561472508,2.7838031312,-1.00927538,2.50425484,-4.55062631,73.77402625949881,-3.7291960547285727,-0.4731650087879614
235.760473,20.277082716634702,-8.996004881583659,4439.547494306338,-30.394648035444895,51.80118076463181,8.690235280779136,97.81852110773525,-214198.27899205685,1.2715303720083044,8.756089332911582,-515504.7188691237,-2.3687655807649364,51.80118076463181,31687700217.222332,-424.25349224332604,-2.1923167809248723,73.34011174811258,-34.92181991163047,18.903303648079664,-9.107973765813362,73.45902829990183,148.04931654440043,-2761501.721762523,-1979.951751636751,0.0,13.041023863360046,-95292.94542866338,-915512207845.9592,-20283.372092673126,-1.8968897116136727,0.0,0.0,1779.9499999997006,-3.3036899999994205,0.0,0.0,0.0,0.0,0.0,0.0,0.0,0.0,0.0,0.0,0.0,1256.0899999993944,-0.09666209999997466,0.0,0.0,0.0,0.0,0.0,0.0,0.0,0.0,0.0,-0.0036893356445111686,0.3778566024386678,5738.399354720481,-275.0696482628168,0.0,6.0614222533374e-07,0.0,-9.866206171806694e-09,54.02809794487507,-0.01971014355841122,54.02809794487507,0.0,1.4429165779733335,26783.843963565116,-45.977365536599976,4493.25995780027,11.590782806253586,0.0,-9.159887267547976e-16,0.0,2.5969558991149076e-13,-467.78991539662616,4.165481131669662,-467.78991539662616,0.0,-231.53255926893553,998.9999999998872,-61.4999653029202,14.983894850288863,-4.91288173723951,gaze,0.5287387691302748,0.5240950337071367,-21.80400434173193,13.984383615551714,607.4556508824808,28.571882241262152,-0.44735519795481193,-34.344487444812415,-0.04935599703472459,0.02063881595748779,0.996422778868144,4.272797850623949,-29.728021598884723,-2.6391294212236436,-33.78784226936787,-0.03787403961166089,-0.025567662220180865,0.9925100770604056,4.263709281887647,-0.4759779751992783,-1.5798774280078582,-34.07988141266867,-0.0467843485850242,0.0031493669736779376,0.9957844471262853,4.255072809394008,2.8327491699735723,True,1.5381374747947776,imu,-0.8786864632000002,-9.507638756,2.79636434,-0.98684465,2.76594669,-4.48333412,73.80239336332802,-3.706474874305634,-0.4689694680125717
235.765325,20.387154076973577,-9.148105913439998,4439.522416105538,-30.570830240418097,52.01382629600033,8.728558593296896,98.96468705024927,-216181.60315416753,1.278117048736352,8.794709789243406,-519678.91239016334,-2.3837824860885064,52.01382629600033,31975209980.580494,-426.4596473379617,-2.202209596881613,73.4299778200342,-35.08990094695032,19.006905808351647,-9.26057678161525,73.54952398332199,149.55991274321036,-2785085.202396504,-1992.552428678755,0.0,13.109111744263416,-96101.87873262685,-923861756490.7086,-20430.839690068813,-1.906306668946014,0.0,0.0,1779.9499999996933,-3.3036899999994276,0.0,0.0,0.0,0.0,0.0,0.0,0.0,0.0,0.0,0.0,0.0,1256.0899999993871,-0.09666209999997433,0.0,0.0,0.0,0.0,0.0,0.0,0.0,0.0,0.0,-0.0037284569012132063,0.3778597473292429,5738.420463344213,-275.1432479644318,0.0,6.092464179022516e-07,0.0,-9.869570793019983e-09,54.02838356203847,-0.019639698381687498,54.02838356203847,0.0,1.4429229791585492,26980.146261487585,-46.225830355652214,4493.31256772943,11.667055438243239,0.0,-9.209692271576847e-16,0.0,2.610987510777816e-13,-470.24444043489655,4.187979207109536,-470.24444043489655,0.0,-232.82599025586083,998.9999999998872,-61.90303532540213,15.064203457099623,-4.7822425219535925,gaze,0.5165413251270421,0.4995337034240905,-20.93663633549625,13.97201967075868,630.0323062683842,28.75485875475221,-0.5065530818520603,-34.25926835757353,-0.0365166830604449,0.0371901710854699,0.998640787787529,4.302823066711426,-29.62110220493449,-2.355170667860221,-33.72437103370989,-0.0251659849536186,0.0091140607718957,0.999641739373442,4.247448444366455,-0.4502244475224092,-1.4265543597433152,-34.00072513604688,-0.032211779564303,0.0246035773017253,0.9990134170544972,4.273432207107544,2.8672260289615403,True,2.0,imu,-0.9270997143827295,-9.531274323800464,2.761732247386135,-0.8611256791178377,2.104116694440701,-3.357094405465343,73.8189305297607,-3.693092929860229,-0.4671128494163955
235.768939,20.469422232648146,-9.26198994284237,4439.503901344076,-30.702478263230937,52.172660791879416,8.757187588435496,99.82064257496404,-217667.5870859176,1.2830401652126522,8.823560795483456,-522805.54768033343,-2.395001329927844,52.172660791879416,32190713912.220924,-428.1086268987508,-2.20960101941671,73.49730114172655,-35.21550638533377,19.084339906357457,-9.37483585954633,73.6173179327451,150.68863262062996,-2802755.6742666415,-2001.9784808836616,0.0,13.160001252919422,-96707.98271504923,-930120392633.2661,-20541.232090946192,-1.913345362580828,0.0,0.0,1779.9499999996988,-3.303689999999424,0.0,0.0,0.0,0.0,0.0,0.0,0.0,0.0,0.0,0.0,0.0,1256.0899999993853,-0.09666209999997433,0.0,0.0,0.0,0.0,0.0,0.0,0.0,0.0,0.0,-0.003757698609895256,0.3778620982283316,5738.436190147462,-275.1980760310844,0.0,6.115667082479402e-07,0.0,-9.87207732662403e-09,54.02859705144249,-0.019587051248502296,54.02859705144249,0.0,1.4429277650661962,27127.105333689382,-46.41154888519547,4493.3518360030575,11.72416506166256,0.0,-9.246924814037624e-16,0.0,2.6214769681748725e-13,-472.07882224335526,4.204795695191745,-472.07882224335526,0.0,-233.7928011189328,998.999999999889,-62.204524201658074,15.124274208966824,-4.684382545624326,gaze,0.5283770881222281,0.5258972092415162,-22.189779134401846,14.740880292719538,654.7253264712665,28.573961954509425,-0.4591268511800326,-34.351352276575454,-0.04874801872928418,0.019677689704621054,0.9961463473625153,4.273522891063099,-29.719206399784408,-2.6517292041213487,-33.79462758569171,-0.037429224079133044,-0.027571656993653826,0.992224743938132,4.265978958403055,-0.4724098085342474,-1.5883375483497224,-34.082893312510336,-0.0462242111276034,0.0021873310019275283,0.9955612924019335,4.255377871444465,2.7320383480524573,True,1.5192326104324425,imu,-0.8744993936000002,-9.510031367200002,2.804140326400001,-0.80739881,2.86314652,-4.363703559999999,73.83136925827445,-3.6829534547866025,-0.4659936567251979
235.777405,20.663084863136078,-9.530756714277643,4439.461081629073,-31.01227665325301,52.546234547165504,8.824534169421439,101.83325956772933,-221177.87234561145,1.2946300164818783,8.891429744252768,-530188.6836290908,-2.421394455293729,52.546234547165504,32700095153.177097,-431.9906741357487,-2.2269922321723223,73.65630877299026,-35.511121451514704,19.266626542308845,-9.64448504906838,73.7774336141099,153.34464639275757,-2844500.70794924,-2024.1953871900473,0.0,13.279797729336572,-98139.82620687602,-944914457683.6982,-20801.685251289546,-1.9299160636707542,0.0,0.0,1779.949999999697,-3.303689999999424,0.0,0.0,0.0,0.0,0.0,0.0,0.0,0.0,0.0,0.0,0.0,1256.0899999993817,-0.0966620999999741,0.0,0.0,0.0,0.0,0.0,0.0,0.0,0.0,0.0,-0.0038265427073254366,0.37786763368534704,5738.473044752929,-275.3265390896254,0.0,6.17029421739641e-07,0.0,-9.877950381794881e-09,54.02909967530405,-0.019463131400516698,54.02909967530405,0.0,1.4429390368111044,27473.86409523889,-46.84878547021737,4493.44409845132,11.85894761501433,0.0,-9.3345983646979e-16,0.0,2.646176738571382e-13,-476.3965388277476,4.244386651901708,-476.3965388277476,0.0,-236.06901989891963,998.9999999998872,-62.91501868416188,15.265842826242405,-4.453283285623673,gaze,0.5279798039496373,0.5277660164238958,-22.85404889272391,15.582879323104022,726.3517959920883,28.57641684593881,-0.47190123904546155,-34.358387732157055,-0.04809923134422069,0.01867020430972941,0.9958666169418389,4.274228616025837,-29.709795998211806,-2.6649211116653726,-33.801395790584436,-0.03694360657999362,-0.02964310450278597,0.9919382528265057,4.268264384729077,-0.46862462290250845,-1.5972267087174492,-34.08586899016296,-0.04561846316632221,0.0011837791525146774,0.9953374506610597,4.255644874883088,2.601117292720051,True,1.5000767628477045,imu,-0.8810790744000001,-9.530966715200002,2.814308924,-0.7999219,2.85566961,-4.43847266,73.86087266987718,-3.6586213848215676,-0.46426665575431303
235.785306,20.845022005355325,-9.784111552115768,4439.421820379808,-31.303183546233825,52.89677338915404,8.887743474529946,103.72105795859898,-224491.1729029268,1.3055189674819598,8.955129466900448,-537153.9489411132,-2.446168584330489,52.89677338915404,33181278987.282803,-435.6380415342402,-2.243319731482987,73.80635608125567,-35.78875590820521,19.43788097537922,-9.898668294525564,73.92852210492538,155.83853637941957,-2883906.6467082864,-2045.102218683554,0.0,13.392341731081451,-99491.40491280165,-958890449222.6188,-21047.112815059023,-1.9454851874088435,0.0,0.0,1779.9499999996842,-3.3036899999994063,0.0,0.0,0.0,0.0,0.0,0.0,0.0,0.0,0.0,0.0,0.0,1256.0899999993726,-0.09666209999997355,0.0,0.0,0.0,0.0,0.0,0.0,0.0,0.0,0.0,-0.003891229448357708,0.3778728357780552,5738.507457035485,-275.44646083662406,0.0,6.221622272273932e-07,0.0,-9.883433212540239e-09,54.0295719506077,-0.019346731541652284,54.0295719506077,0.0,1.44294963326068,27800.65955066108,-47.25960988664903,4493.530551157928,11.986004766777143,0.0,-9.416997507107853e-16,0.0,2.6693901499046473e-13,-480.4522151266099,4.2815859709104656,-480.4522151266099,0.0,-238.20781309789888,998.9999999998863,-63.583483519732624,15.399042886873545,-4.235250317348633,gaze,0.5158276795764224,0.4992440147228923,-24.9604426940488,17.71007351111869,786.8576860532568,28.76443169468176,-0.5175268739488168,-34.25147874842744,-0.035513169940565,0.0357220952876384,0.9987305676052144,4.301628112792969,-29.61342473548391,-2.344265532325629,-33.72408480918663,-0.0242051310050185,0.0108435415068202,0.9996482027396536,4.258962154388428,-0.4417125449681681,-1.4285403381496058,-33.99571526062364,-0.0316469097316801,0.0238123151520754,0.9990756790597002,4.27661623954773,2.7165046571302294,True,2.0,imu,-0.9173642940408496,-9.526745532309423,2.7718139395726764,-0.9833579046010849,2.147114277799914,-3.3654077967434795,73.88880654454861,-3.6351726350015197,-0.4638047000131539
235.785872,20.858099921064767,-9.802354968669661,4439.419033893246,-31.32408940693037,52.921955241906275,8.89228484829577,103.85664600282144,-224729.91588062048,1.306301712523489,8.959706080679897,-537655.7059850921,-2.447948605288569,52.921955241906275,33215965511.237564,-435.900233400111,-2.2444929795553046,73.81716643043671,-35.8087096566251,19.45019116854538,-9.91697123669335,73.93940730407428,156.01775245330532,-2886746.208507864,-2046.6063353235159,0.0,13.400431593546708,-99588.79736776042,-959897952063.6154,-21064.782146159843,-1.9466043838275087,0.0,0.0,1779.949999999697,-3.303689999999417,0.0,0.0,0.0,0.0,0.0,0.0,0.0,0.0,0.0,0.0,0.0,1256.0899999993744,-0.096662099999974,0.0,0.0,0.0,0.0,0.0,0.0,0.0,0.0,0.0,-0.0038958796581291463,0.3778732097810127,5738.5099228498,-275.4550528008988,0.0,6.225312122699815e-07,0.0,-9.883826047789528e-09,54.0296059017395,-0.019338365173709293,54.0296059017395,0.0,1.4429503952199578,27824.188421791117,-47.28914283036564,4493.536757235233,11.995153911416054,0.0,-9.422921740610729e-16,0.0,2.6710591037404286e-13,-480.74372046271105,4.284260116751834,-480.74372046271105,0.0,-238.36156729861597,998.9999999998872,-63.63157046069625,15.408625039762342,-4.219543579046621,gaze,0.5275459689312989,0.5297029266218325,-23.738766569986,16.49332684040185,790.3011096648996,28.579257376904906,-0.48571742802507556,-34.36559177387075,-0.047408596441302624,0.01761522617406918,0.9955835968900558,4.274914480554469,-29.69977547828521,-2.6787197069521484,-33.808143777646656,-0.03641613245268281,-0.03178346201861612,0.9916506503502693,4.270565269881619,-0.4646116105784086,-1.6065558899268697,-34.08880577108714,-0.04496593753221809,0.00013771084157092328,0.9951129843075264,4.255872648080358,2.4511169744458057,True,1.4806674691709945,imu,-0.8774901576000002,-9.5566872856,2.802345868,-0.77001426,2.78090051,-4.59548777,73.8908204084049,-3.6334651702770406,-0.46381475428087515
235.786864,20.881035332986492,-9.834359669711958,4439.414158573592,-31.360751489368525,52.96611298450151,8.900248578004218,104.0943983202169,-225148.79844243824,1.3076744627180903,8.967731608763575,-538536.0130756448,-2.451070067079484,52.96611298450151,33276828821.685635,-436.36005715126794,-2.2465504369814,73.8361330710635,-35.84370259328115,19.471780239695953,-9.949080323910216,73.95850521558111,156.3320372648218,-2891728.3569749305,-2049.244602364229,0.0,13.414619210894553,-99759.67672897421,-961665794792.0161,-21095.77868309585,-1.9485671969541236,0.0,0.0,1779.9499999996897,-3.30368999999941,0.0,0.0,0.0,0.0,0.0,0.0,0.0,0.0,0.0,0.0,0.0,1256.0899999993726,-0.09666209999997377,0.0,0.0,0.0,0.0,0.0,0.0,0.0,0.0,0.0,-0.0039040351129228795,0.3778738657118086,5738.514244765494,-275.47011189306227,0.0,6.231783303995078e-07,0.0,-9.884514571405246e-09,54.02966544466989,-0.019323692846748952,54.02966544466989,0.0,1.4429517315952012,27865.464589788768,-47.34093700313462,4493.547638485012,12.011204417594925,0.0,-9.433311779797401e-16,0.0,2.673986143265149e-13,-481.25494101593995,4.288949969213349,-481.25494101593995,0.0,-238.6312186279897,998.9999999998872,-63.71591484291514,15.42543218539953,-4.191986853110873,gaze,0.5274927097449944,0.5299343568125581,-23.85237245389926,16.603379348469907,796.0656039725053,28.579615866562488,-0.4874059807448641,-34.366446643719314,-0.047324902882773155,0.017488476822866486,0.995550226929073,4.274993502594402,-29.698560970874222,-2.680376565443239,-33.8089328189176,-0.03635155143196307,-0.03203877771148905,0.9916168878794351,4.270835811000125,-0.4641260725166714,-1.6076780922363394,-34.08914713671994,-0.044886379698476114,1.2337159368977502e-05,0.9950866506705653,4.25589670884084,2.4329821353480146,True,1.4783770159238536,imu,-0.916572290630157,-9.52637986338916,2.772637629989703,-0.9929962401914533,2.1499163888665596,-3.367326893052814,73.8657564,-3.448564400000009,-0.2868544000000028
235.794338,21.054427561924307,-10.07673814861807,4439.377771731619,-31.637852157422287,53.299742863557604,8.960425426836231,105.89035829882414,-228323.23990741372,1.318052901154501,9.028375497048707,-545205.5473303759,-2.474658010927893,53.299742863557604,33738263779.019016,-439.83651777103967,-2.2620996162550924,73.97984885155176,-36.10821002190048,19.634996300516892,-10.192247679698959,74.10321351590392,158.70739752068494,-2929486.590135102,-2069.207243281252,0.0,13.52187836808269,-101054.70415431962,-975069116138.4054,-21330.480070346886,-1.963406974264197,0.0,0.0,1779.9499999996842,-3.303689999999399,0.0,0.0,0.0,0.0,0.0,0.0,0.0,0.0,0.0,0.0,0.0,1256.0899999993653,-0.09666209999997355,0.0,0.0,0.0,0.0,0.0,0.0,0.0,0.0,0.0,-0.003965696602251587,0.37787882550987906,5738.546815683134,-275.5835869912439,0.0,6.280709753111939e-07,0.0,-9.889702953180511e-09,54.0301156365594,-0.01921277797003329,54.0301156365594,0.0,1.4429618382779719,28178.02228881914,-47.7325323476493,4493.62979159355,12.13275907606102,0.0,-9.511877442195004e-16,0.0,2.696119133549644e-13,-485.11948092472073,4.324408065025292,-485.11948092472073,0.0,-240.6699820329228,998.9999999998827,-64.35404715313715,15.552594556926167,-3.9832059799965904,gaze,0.5270747815232775,0.5317087323027018,-24.74410086373276,17.446301277098076,826.7411177474997,28.582493091991857,-0.5006102717734078,-34.37295962644913,-0.04667531245616139,0.016511988459070995,0.9952973978560297,4.275579691667747,-29.68913336725786,-2.6931347611448038,-33.8148659921325,-0.03584592603186312,-0.03399343516176773,0.9913620863250325,4.272880497549979,-0.46036105442366815,-1.6163328467378875,-34.09169989709526,-0.0442656894693253,-0.0009515098149322845,0.9948880366309685,4.256059927956267,2.298087150309013,True,1.4610091730942638,imu,-0.8529658928000001,-9.551902063200002,2.793373576,-0.71767589,2.64631613,-4.65530305,73.92111306256047,-3.60748021523532,-0.4646613226017996
235.802804,21.252096976860297,-10.353955827171504,4439.337293805278,-31.95361092899998,53.67965042238415,9.028965694132207,107.93466920944229,-231958.6247881055,1.32988536218706,9.097447859055306,-552839.7848291349,-2.5015263028876378,53.67965042238415,34267111524.08776,-443.80012438247144,-2.2798146928190497,74.1443877097422,-36.40966692273704,19.821069435542682,-10.470364080171365,74.26888409387129,161.41397467830961,-2972731.231394563,-2092.001963235221,0.0,13.644156281584344,-102537.86778169159,-990431499099.0344,-21598.82947704348,-1.9803263942646359,0.0,0.0,1779.9499999996824,-3.3036899999993956,0.0,0.0,0.0,0.0,0.0,0.0,0.0,0.0,0.0,0.0,0.0,1256.0899999993617,-0.0966620999999731,0.0,0.0,0.0,0.0,0.0,0.0,0.0,0.0,0.0,-0.004036005232160356,0.37788448184111223,5738.583727563266,-275.71215701997266,0.0,6.336495540663532e-07,0.0,-9.895581808333944e-09,54.03062896482953,-0.019086351021309178,54.03062896482953,0.0,1.4429733679925878,28535.433720860852,-48.17902129672969,4493.723213574631,12.271786433320727,0.0,-9.601479237535578e-16,0.0,2.7213607066142577e-13,-489.5244729882911,4.364836587770688,-489.5244729882911,0.0,-242.99461440407887,998.9999999998827,-65.08257006135088,15.697775633894139,-3.744230341259244,gaze,0.526565279007635,0.5337849194148157,-25.7749549190713,18.405940502877765,844.9711243780398,28.586134630582542,-0.5166202014876311,-34.38048888033505,-0.045898325418078686,0.015359343635182161,0.9950080312927976,4.276223694474444,-29.67785453649873,-2.7081810298618962,-33.8215592132115,-0.03523191699730292,-0.03627449445700477,0.9910726099437457,4.275209756637259,-0.45586148096155465,-1.6265687175096126,-34.09454860776596,-0.0435165343794673,-0.0020848951564367557,0.9946626727325644,4.256205521546708,2.1633895501324623,True,1.4410994709014786,imu,-0.8691160184000001,-9.531564868,2.817299688,-0.76253735,2.57154703,-4.61044159,73.9516561338136,-3.5806529971869017,-0.4668262974336757
235.805398,21.31293280410134,-10.439465928819288,4439.325048809558,-32.050760997840804,53.79648052791572,9.050046848441674,108.56317685078557,-233080.98858846724,1.333527181530678,9.118692702399402,-555195.9305284679,-2.509790680832257,53.79648052791572,34430471836.89242,-445.02007115617386,-2.285264408070598,74.19517628277242,-36.50242697045312,19.87833732047851,-10.556150648408945,74.32002102123079,162.24667645984414,-2986083.0861546104,-2099.0252906146993,0.0,13.681789456096087,-102995.7893821769,-995177113095.3782,-21681.585984493082,-1.9855340140786046,0.0,0.0,1779.949999999686,-3.3036899999994063,0.0,0.0,0.0,0.0,0.0,0.0,0.0,0.0,0.0,0.0,0.0,1256.0899999993635,-0.09666209999997333,0.0,0.0,0.0,0.0,0.0,0.0,0.0,0.0,0.0,-0.00405764689488651,0.37788622312732834,5738.595041245346,-275.7515583450902,0.0,6.353666410470913e-07,0.0,-9.897383494555617e-09,54.03078697281455,-0.01904744484329357,54.03078697281455,0.0,1.4429769181683643,28645.665498003233,-48.31644914913067,4493.751916017274,12.314670474700662,0.0,-9.629063245168191e-16,0.0,2.7291312581985037e-13,-490.8800439514848,4.37728034168024,-490.8800439514848,0.0,-243.71014484571282,998.9999999998836,-65.30700681351567,15.742503054151683,-3.6704777673011613,gaze,0.5152897771069028,0.5000250705764387,-26.01148309957566,18.33955389786022,850.2446155305593,28.77604361775286,-0.5260792745990679,-34.24675433984723,-0.0343270199033014,0.0340293872978409,0.9988311451415058,4.297381401062012,-29.60562564356736,-2.342893841245667,-33.7233635804609,-0.0235122327946001,0.0106343303374287,0.999666987514986,4.265414714813232,-0.4338021200217813,-1.430997490026869,-33.991868901276256,-0.0309907836469726,0.0231524944635462,0.9991337815152268,4.27766432762146,2.6441263853541725,True,2.0,imu,-0.9067757170436815,-9.521888972939497,2.782859771691095,-1.1071969556486694,2.1770201653613044,-3.4045765812806943,73.9610488982568,-3.572262870401083,-0.4677561792291242
235.81127,21.451114421097696,-10.634025731920005,4439.297603797786,-32.271375064622795,54.06168670217632,9.097907466690813,109.9896131789501,-235636.43590426445,1.3417995030201175,9.166924997965072,-560559.1225496694,-2.5285539854467647,54.06168670217632,34802570149.03428,-447.7911906743418,-2.2976387006707446,74.31079583969097,-36.713089731597485,20.008416481994104,-10.751338190260547,74.43643191230626,164.13756253216525,-3016484.5767031615,-2114.9917168823367,0.0,13.76726937645895,-104038.44022315241,-1005986902868.8447,-21869.849996480796,-1.997363240992276,0.0,0.0,1779.9499999996842,-3.3036899999993956,0.0,0.0,0.0,0.0,0.0,0.0,0.0,0.0,0.0,0.0,0.0,1256.0899999993562,-0.09666209999997322,0.0,0.0,0.0,0.0,0.0,0.0,0.0,0.0,0.0,-0.004106809094287511,0.37789017908897904,5738.6206584459505,-275.8407630708309,0.0,6.392671448671165e-07,0.0,-9.90146262984217e-09,54.031145912140005,-0.018959080232771874,54.031145912140005,0.0,1.4429849850376204,28896.449710735636,-48.62862517491393,4493.817024308024,12.4122433271462,0.0,-9.691730512447326e-16,0.0,2.7467847766667517e-13,-493.95883815976094,4.405547087696073,-493.95883815976094,0.0,-245.33554515908392,998.9999999998836,-65.81717635892628,15.844175764508819,-3.5026039277566863,gaze,0.5260165379695294,0.5359327605789439,-26.78628585108248,19.32430742898272,865.5059872933863,28.59019243231965,-0.5337868333818228,-34.388176105454484,-0.04507665011207444,0.014156256104836867,0.9947155427884432,4.276845845688967,-29.665924860996576,-2.7238718082125413,-33.82821936275539,-0.03457308444851766,-0.03862787249584829,0.9907823055362058,4.277552455940851,-0.45110152285823746,-1.6372736705411628,-34.09734874775924,-0.0427173503751611,-0.0032633449524871044,0.9944369855157958,4.256308193540356,2.074260774954736,True,1.4209382512498214,imu,-0.903210728,-9.5160128952,2.8161033824,-0.8821679099999999,2.44443956,-4.5431494,73.98234582421196,-3.552972852813269,-0.4703263591353535
235.819736,21.6514861677012,-10.916965656714183,4439.258705403321,-32.59115393584164,54.445860510655194,9.167252566752667,112.05522469280277,-239357.04073035717,1.3537957323740641,9.236808750820668,-568364.2684565793,-2.5557415633454044,54.445860510655194,35344701439.01871,-451.8098545339224,-2.315572132691913,74.47908612725644,-37.01848785025268,20.197043365016214,-11.035187828449466,74.60586989683782,166.87823992763333,-3060751.096489396,-2138.177730986259,0.0,13.89122170774356,-105556.57433994595,-1021737140655.8087,-22143.561354697376,-2.0145181136361057,0.0,0.0,1779.949999999677,-3.303689999999385,0.0,0.0,0.0,0.0,0.0,0.0,0.0,0.0,0.0,0.0,0.0,1256.089999999349,-0.09666209999997266,0.0,0.0,0.0,0.0,0.0,0.0,0.0,0.0,0.0,-0.004178111749458965,0.3778959175690555,5738.657608286776,-275.969405328093,0.0,6.449239446937583e-07,0.0,-9.907345434359268e-09,54.03166650418382,-0.018830961496655974,54.03166650418382,0.0,1.4429966900897178,29261.09738649273,-49.08135952936592,4493.911224925105,12.554137124554245,0.0,-9.78263466415181e-16,0.0,2.772392300680192e-13,-498.4227183918925,4.4465409720219125,-498.4227183918925,0.0,-247.6928553028667,998.99999999988,-66.55790336879053,15.9918024729118,-3.258313965076373,gaze,0.5254276251907188,0.5381535398583853,-27.817062004636682,20.140827037025954,895.7491318254413,28.594677050117063,-0.552150544784294,-34.39601768992836,-0.04420929095242753,0.012901680382657536,0.9944199788358021,4.277445495800986,-29.653330071518294,-2.740220525049833,-33.83484230334179,-0.033868397052464166,-0.041054812686405456,0.99049125866936,4.279907994968658,-0.4460694535370073,-1.6484579802328978,-34.10009711581432,-0.041867003943832776,-0.0044877674609762885,0.9942110692154222,4.2563666954664345,2.063496356167979,True,1.4005254177406747,imu,-0.8625363376,-9.524387034400002,2.822084910400001,-0.77749117,2.44443956,-4.48333412,74.01307244511862,-3.5244290554623356,-0.47517461221719054
235.825379,21.785798972854177,-11.107161727156736,4439.233219239475,-32.80542573730966,54.703122584992556,9.213699359913711,113.4379970333166,-241860.95522347093,1.3618375974201595,9.28361641489471,-573614.7877889822,-2.5739524619941427,54.703122584992556,35709795055.25191,-454.5038855453716,-2.327586655865363,74.59231154241343,-37.223152299446944,20.323486116542718,-11.225993338497993,74.71986477548387,168.71456533168475,-3090544.125933037,-2153.7419494728983,0.0,13.974310088504007,-106578.31436404047,-1032344553313.4042,-22327.50758434611,-2.0260185194899556,0.0,0.0,1779.9499999996806,-3.303689999999385,0.0,0.0,0.0,0.0,0.0,0.0,0.0,0.0,0.0,0.0,0.0,1256.0899999993453,-0.09666209999997255,0.0,0.0,0.0,0.0,0.0,0.0,0.0,0.0,0.0,-0.004225917233632012,0.3778997656021068,5738.682247657205,-276.0551718386637,0.0,6.487163513285147e-07,0.0,-9.911267718811526e-09,54.03201554113525,-0.01874509114027173,54.03201554113525,0.0,1.4430045412912325,29506.183321796565,-49.38487537562829,4493.974231317341,12.649517958249675,0.0,-9.843590996081415e-16,0.0,2.789563326104175e-13,-501.4145747458984,4.474023479553888,-501.4145747458984,0.0,-249.27325446533285,998.9999999998781,-67.05505192671333,16.090887832274348,-3.093997138532033,gaze,0.5152198146466305,0.5007202548435005,-27.98947423162841,19.06588234417242,919.1502337014514,28.7825472665505,-0.5264489191249675,-34.24884720824797,-0.0342337720993176,0.0326030662277051,0.9988819194080968,4.296487808227539,-29.59924980141579,-2.341006540774114,-33.72564550321104,-0.0235865083507057,0.0103554119588074,0.9996681659765834,4.267446994781494,-0.4250805236510114,-1.432082554753498,-33.98948198931996,-0.030182281932354,0.0226882669295327,0.9991850571096486,4.278583812713623,2.6441322308072976,True,2.0,imu,-0.8954188587733232,-9.516752748978302,2.794768651973125,-1.2238121759162357,2.193407057387801,-3.474648271921545,74.03351688048934,-3.5049182163276784,-0.47915978861311015
235.828202,21.853218507598697,-11.202793461780793,4439.22060232667,-32.912956942841824,54.8321806795048,9.237002822301196,114.13153827755741,-243120.80883979797,1.3658744602928186,9.307100960451422,-576255.9344214946,-2.583089541783676,54.8321806795048,35893567562.95899,-455.8562542965304,-2.333615483224592,74.64927150956385,-37.325870709826596,20.386956026549598,-11.321930879669758,74.77721102448936,169.63608594984885,-3105535.2872691588,-2161.5612373878175,0.0,14.016017343124247,-107092.4238838625,-1037684036987.7498,-22419.983373770316,-2.03179161341407,0.0,0.0,1779.9499999996842,-3.3036899999993885,0.0,0.0,0.0,0.0,0.0,0.0,0.0,0.0,0.0,0.0,0.0,1256.089999999349,-0.09666209999997288,0.0,0.0,0.0,0.0,0.0,0.0,0.0,0.0,0.0,-0.004249916772933279,0.3779016975982388,5738.694577041228,-276.09808397656457,0.0,6.506201511761965e-07,0.0,-9.913230238601563e-09,54.03219076675839,-0.018701990692175874,54.03219076675839,0.0,1.443008483828418,29629.4040117489,-49.537239957184255,4494.005816559264,12.697475215663161,0.0,-9.87419510129588e-16,0.0,2.798184238873587e-13,-502.91625608456206,4.48781965248814,-502.91625608456206,0.0,-250.06662609868494,998.9999999998845,-67.3047885635037,16.140663313603852,-3.0113476394111265,gaze,0.5247975976081725,0.540448552802016,-28.968713982844758,20.7864914084555,931.4805664151492,28.59959915064333,-0.5717524806373906,-34.40400983779386,-0.04329524193860613,0.011594561057178175,0.994121386836972,4.2780219890506075,-29.640055754014234,-2.7572407435207595,-33.84142383796439,-0.033116813001069584,-0.04355656929339147,0.9901995561530446,4.282275763893621,-0.4407531821185162,-1.6601320275351594,-34.10279046451969,-0.04096434989947312,-0.005759079460744852,0.9939850194036292,4.256379765639144,2.1654529944765657,True,1.3798608890015498,imu,-0.8302360864000001,-9.524387034400002,2.82627198,-0.93450628,2.23508608,-4.3936112,74.04372031322364,-3.4950108150111268,-0.4813803950164954
235.836668,22.056317749604567,-11.491527073838157,4439.183298283075,-33.23679351448626,55.220656064404224,9.30716006707201,116.2185885008048,-246928.1119108796,1.378036098145913,9.377803475482754,-584234.8362337999,-2.6105984264205144,55.220656064404224,36449231074.71889,-459.93052874623703,-2.351769248073243,74.82136497509714,-37.63524777084123,20.5781604253521,-11.611585295417242,74.95046832376829,172.41117992406726,-3150841.6717215707,-2185.1434730154187,0.0,14.141660362955335,-108646.14349981507,-1053829427747.5729,-22699.135972046326,-2.0491843435764774,0.0,0.0,1779.9499999996733,-3.3036899999993707,0.0,0.0,0.0,0.0,0.0,0.0,0.0,0.0,0.0,0.0,0.0,1256.089999999338,-0.09666209999997222,0.0,0.0,0.0,0.0,0.0,0.0,0.0,0.0,0.0,-0.004322227754441729,0.377907519494733,5738.7315646645075,-276.22679920157,0.0,6.563559625950179e-07,0.0,-9.919117059347124e-09,54.03271872576357,-0.018572163685504628,54.03271872576357,0.0,1.4430203669360537,30001.396986026153,-49.99628210548021,4494.10080034563,12.842265013727555,0.0,-9.966415243970252e-16,0.0,2.82416155471725e-13,-507.43959408544913,4.529384545361211,-507.43959408544913,0.0,-252.4569390685258,998.9999999998781,-68.05786956555264,16.29076587150523,-2.7616920975016885,gaze,0.5241255022726796,0.5428191064873347,-30.344750817635596,21.191479112018406,975.0959176671755,28.604969514804928,-0.5926345599973009,-34.41214856672573,-0.04233348661119764,0.010233832752567618,0.9938198151078177,4.2785746634035196,-29.626087349023322,-2.7749461616160955,-33.847959709743044,-0.03231727996875988,-0.04613440747815156,0.9899072860457168,4.284655143508228,-0.43514024836102144,-1.6723063003969962,-34.10542550008311,-0.040008231334292786,-0.007078206284180405,0.9937589329961707,4.256346129102054,2.4094586725342353,True,1.358944598768006,imu,-0.8140859608000002,-9.534555632000002,2.8244775216,-0.95693701,2.14536316,-4.15435008,74.07416764655517,-3.4647072777284835,-0.4889490893729728
235.845134,22.260790220443184,-11.783184486211795,4439.146796998568,-33.56267310835797,55.61129554505982,9.37772614056218,118.31640997111026,-250779.32373254,1.390281058630582,9.448918150345529,-592301.6936113652,-2.6382687233724793,55.61129554505982,37011754914.29609,-464.0328171165771,-2.3700339245068798,74.99537956379356,-37.94662852326154,20.770662537020694,-11.904169093867665,75.12565487476195,175.20360141601282,-3196674.79876478,-2208.9256798954916,0.0,14.26815486027864,-110217.88872841654,-1070175160208.4836,-22981.03916437283,-2.0666969094094227,0.0,0.0,1779.9499999996715,-3.3036899999993707,0.0,0.0,0.0,0.0,0.0,0.0,0.0,0.0,0.0,0.0,0.0,1256.089999999329,-0.09666209999997222,0.0,0.0,0.0,0.0,0.0,0.0,0.0,0.0,0.0,-0.0043950482982267475,0.37791338357807414,5738.76857111181,-276.3555511889731,0.0,6.621315778825029e-07,0.0,-9.925005913436581e-09,54.03325040720512,-0.018441476329755846,54.03325040720512,0.0,1.4430323400978953,30377.103845089376,-50.45850167145558,4494.1961774214,12.988513955174838,0.0,-1.005929852372809e-15,0.0,2.8503252149381523e-13,-511.9928756907251,4.571237071441152,-511.9928756907251,0.0,-254.8638759935057,998.9999999998781,-68.81718414764563,16.442117762015414,-2.50933444657643,gaze,0.523410376307462,0.5452665195635131,-31.98691165942069,21.29307918814534,1038.591956522868,28.610799038229786,-0.6148394825338561,-34.420429705757584,-0.04132299800783905,0.008818420090352871,0.9935153128824836,4.27910285052617,-29.611410151078395,-2.7933506127203196,-33.85444560163397,-0.031468735069988735,-0.04878960333868326,0.9896145376601945,4.287045505179048,-0.4292178176006252,-1.6849913942149046,-34.107998882101725,-0.038997479570377934,-0.008446081849816926,0.9935329082585203,4.256264497572545,2.8129915224407007,True,1.337776495965581,imu,-0.8511714344000001,-9.5213962704,2.8495999392,-1.15881358,1.86871749,-4.034719519999999,74.10428646049087,-3.4335075261377392,-0.49788193030416683
235.84547,22.2689337784111,-11.79482040950598,4439.145364944197,-33.57564895516798,55.62684408269582,9.380535239168436,118.39989136913664,-250933.0824366659,1.3907687635228714,9.45174909086958,-592623.6771801583,-2.6393702439754865,55.62684408269582,37034222879.87601,-464.1962093434218,-2.3707611112691453,75.00232570282185,-37.95902812666996,20.778329450449288,-11.91584189924803,75.13264769509271,175.314786113398,-3198504.763109332,-2209.8736952476715,0.0,14.273192819628985,-110280.64250114294,-1070828051741.4755,-22992.284415721926,-2.067394431922477,0.0,0.0,1779.9499999996679,-3.3036899999993636,0.0,0.0,0.0,0.0,0.0,0.0,0.0,0.0,0.0,0.0,0.0,1256.089999999329,-0.09666209999997188,0.0,0.0,0.0,0.0,0.0,0.0,0.0,0.0,0.0,-0.0043979489757692974,0.37791361718765826,5738.770040217489,-276.36066188010045,0.0,6.623616254689128e-07,0.0,-9.925239673434059e-09,54.0332715858313,-0.018436271779755986,54.0332715858313,0.0,1.4430328171583202,30392.091971995185,-50.476912093707774,4494.199970892645,12.994348516316961,0.0,-1.0062998620482434e-15,0.0,2.8513674607756656e-13,-512.1742068807835,4.572904075706003,-512.1742068807835,0.0,-254.95974703162778,998.9999999998754,-68.8474490901724,16.44815052368361,-2.4992629043720687,gaze,0.5151080579344068,0.5017560594636795,-31.48267097076209,20.32299023744519,1041.615733742934,28.78941297205321,-0.5267020955745958,-34.25368740036664,-0.034104505065648,0.0304835905563585,0.9989532688975092,4.291161060333252,-29.59300144100189,-2.345139207222754,-33.72231320388462,-0.0236375590809214,0.0099267242410353,0.9996713089543676,4.271504878997803,-0.4165109520612901,-1.4331786034527894,-33.98798141849159,-0.0294802566254141,0.0220902379271,0.9992334093398888,4.280025863647461,2.53787573510504,True,2.0,imu,-0.8831351921354229,-9.511274474742184,2.8076934497776644,-1.3222527655686773,2.197022645995834,-3.5756597858651964,74.10547318072759,-3.4322506210557693,-0.4982645744495568
235.8536,22.466642264772265,-12.077783758949856,4439.111102209652,-33.890605210803415,56.004108025237386,9.448702888039607,120.42503733792091,-254674.82021054626,1.4026097557738495,9.520446845285488,-600457.2302112685,-2.6661009392125967,56.004108025237386,37581202409.01029,-468.16325909125766,-2.388410011261197,75.17132836713449,-38.260022486540365,20.964468354013228,-12.199700359992278,75.302783809228,178.01343023224445,-3243039.243631806,-2232.909105162887,0.0,14.395504940842729,-111807.81600855809,-1086723093069.2175,-23265.713062329087,-2.084329918238197,0.0,0.0,1779.949999999666,-3.303689999999367,0.0,0.0,0.0,0.0,0.0,0.0,0.0,0.0,0.0,0.0,0.0,1256.0899999993253,-0.09666209999997177,0.0,0.0,0.0,0.0,0.0,0.0,0.0,0.0,0.0,-0.004468382023081835,0.3779192901691193,5738.805596338047,-276.484340125161,0.0,6.679471966236535e-07,0.0,-9.930896817772649e-09,54.0337858371916,-0.018309924464961436,54.0337858371916,0.0,1.44304440400205,30756.55226128403,-50.92391440248075,4494.291948925624,13.136229499639867,0.0,-1.0152848383603616e-15,0.0,2.876676189525288e-13,-516.5762446457438,4.613378656068625,-516.5762446457438,0.0,-257.287518914271,998.9999999998781,-69.58277023300607,16.5947266310735,-2.254261754292733,gaze,0.5226512468667832,0.547792122294442,-33.81242845675038,21.043615350431768,1123.9594023539964,28.61709873175059,-0.6384107350303404,-34.42884889300316,-0.04026273861914712,0.007347237651142438,0.9932079303178998,4.27960587576092,-29.596009308111395,-2.8124680661615082,-33.86087713613993,-0.030570104816766346,-0.051523443949658215,0.9893214015693905,4.289446210801244,-0.42297267569151714,-1.698198012281558,-34.11050722333212,-0.03793091411134559,-0.009863648694934106,0.9933070448120147,4.256133569386207,3.374858528422019,True,1.3163565447917145,imu,-0.8559566568000001,-9.4974701584,2.854983314400001,-1.1737674,1.64441019,-3.98238115,74.13394246376924,-3.4014005788794224,-0.5081758156809052
235.862066,22.67388024520626,-12.375343018938672,4439.076217663576,-34.22059933697527,56.39910243279442,9.52009216055235,122.544505291512,-258614.97937332094,1.4150226049346157,9.592391426372632,-608702.1736405286,-2.694095580969149,56.39910243279442,38157637274.69125,-472.3219948048669,-2.406898008540696,75.349224528239,-38.57543920966339,21.159583885670216,-12.498197245673396,75.48186831068836,180.84074642051542,-3289939.607946339,-2257.095001071323,0.0,14.523714723122124,-113416.0826799833,-1103475096489.262,-23553.17787445729,-2.1020839794307036,0.0,0.0,1779.9499999996624,-3.3036899999993565,0.0,0.0,0.0,0.0,0.0,0.0,0.0,0.0,0.0,0.0,0.0,1256.089999999318,-0.09666209999997133,0.0,0.0,0.0,0.0,0.0,0.0,0.0,0.0,0.0,-0.004542232562390766,0.3779252395900512,5738.84264029796,-276.61316619705235,0.0,6.738030190572154e-07,0.0,-9.936789789320537e-09,54.034325041937166,-0.018177503918052673,54.034325041937166,0.0,1.4430565593395102,31139.77004387379,-51.39253609617254,4494.388115999202,13.28541913000086,0.0,-1.024706827813069e-15,0.0,2.9032154517350296e-13,-521.1898451457304,4.655810729131973,-521.1898451457304,0.0,-259.7279501313976,998.9999999998736,-70.35466589566738,16.74860015521824,-1.9964610486785173,gaze,0.5218471310945596,0.5503972566017782,-35.58407529968591,20.418370187119177,1208.8195311685777,28.623879721888215,-0.6633925978832891,-34.437401573377684,-0.03915166034464861,0.00581918993634966,0.992897718498291,4.280083058101209,-29.579869820858622,-2.832312627761244,-33.86724987502035,-0.029620305076188132,-0.05433722740244412,0.9890279696120488,4.291856612753098,-0.4163912239462163,-1.7119369662345387,-34.11294708946032,-0.03680734259399912,-0.011331858008156628,0.9930814436400011,4.25595202944126,4.0683742295109315,True,1.2946847247976734,imu,-0.8595455736000001,-9.4944793944,2.866348217600001,-0.94198319,1.55468727,-3.62348947,74.16299495450095,-3.3683753905739366,-0.5198231159027435
235.86545,22.757105823867725,-12.495114479104352,4439.062501236265,-34.353082413748155,56.55760060551246,9.548743448719314,123.39473200083648,-260202.50520929694,1.4200078600151422,9.621265624170418,-612022.9883528748,-2.705331052923844,56.55760060551246,38390016822.391426,-473.9922566162073,-2.4143193849568023,75.42088027572402,-38.70208448155783,21.23794251956029,-12.618345071527472,75.55400136299215,181.975781350111,-3308837.413502027,-2266.8194243714397,0.0,14.57520371142635,-114064.09915685523,-1110228657252.81,-23668.867591350237,-2.1092145713927843,0.0,0.0,1779.9499999996624,-3.3036899999993565,0.0,0.0,0.0,0.0,0.0,0.0,0.0,0.0,0.0,0.0,0.0,1256.0899999993126,-0.09666209999997133,0.0,0.0,0.0,0.0,0.0,0.0,0.0,0.0,0.0,-0.004571897234485353,0.377927629725634,5738.857452610966,-276.66467053575843,0.0,6.761549796915871e-07,0.0,-9.93914588945972e-09,54.034541632833225,-0.018124329293084662,54.034541632833225,0.0,1.4430614437617884,31294.00922968747,-51.580753161084566,4494.426666480729,13.345466735722184,0.0,-1.0284917739824293e-15,0.0,2.913876523996013e-13,-523.0424669232309,4.672853112911495,-523.0424669232309,0.0,-260.70814569417917,998.9999999998745,-70.66497895905502,16.810461448167857,-1.8926477914518998,gaze,0.5151277773235212,0.5027254947393222,-37.38364661576124,22.67143967614875,1234.794673941675,28.79574595592438,-0.5254865167074468,-34.26004404899729,-0.0341783771653382,0.02813905815939,0.9990195353146236,4.286863327026367,-29.58898126588692,-2.349659927372731,-33.71685232272053,-0.024077532911891,0.0098233038791088,0.9996618303755404,4.27668571472168,-0.4092101380393156,-1.4345208728895789,-33.98730711653503,-0.0291375808317306,0.0212560509452133,0.999273293192808,4.281353616714478,3.6497453272922846,True,2.0,imu,-0.8700265469866026,-9.505508876008413,2.821513094958283,-1.3853833429000149,2.18913670037674,-3.70441769097165,74.1744061638168,-3.3549153203900657,-0.5248547448426328
235.870532,22.88251054233981,-12.67588046001832,4439.042147118133,-34.552665030875254,56.79628771971229,9.591895814937944,124.67484856290503,-262600.1813778132,1.4275200228057454,9.664753765510607,-617037.2554668287,-2.722253156124534,56.79628771971229,38741123616.86688,-476.50916484358413,-2.4254984180208132,75.52908124195665,-38.89288827119405,21.356015158236662,-12.799677969820152,75.66292161452179,183.68563027012715,-3337380.5197985643,-2281.4846250037863,0.0,14.652788338336592,-115042.84698586937,-1120433052124.083,-23843.453906493647,-2.1199597044008756,0.0,0.0,1779.9499999996624,-3.3036899999993565,0.0,0.0,0.0,0.0,0.0,0.0,0.0,0.0,0.0,0.0,0.0,1256.0899999993107,-0.09666209999997122,0.0,0.0,0.0,0.0,0.0,0.0,0.0,0.0,0.0,-0.004616603564166488,0.37793123216439195,5738.879702946229,-276.7420295920979,0.0,6.796992460767081e-07,0.0,-9.942684845108095e-09,54.03486804776054,-0.018044210502840663,54.03486804776054,0.0,1.4430688068041686,31526.785139378248,-51.864382600472226,4494.484679785055,13.43609035241495,0.0,-1.03419616733614e-15,0.0,2.929943978096489e-13,-525.8338218364712,4.698534725074279,-525.8338218364712,0.0,-262.1852522057921,998.9999999998727,-71.13290936076655,16.903746041648063,-1.7359193180722308,gaze,0.5209970360829711,0.5530832761079939,-36.97007126389206,19.42350936257624,1259.0771179257458,28.63115325133513,-0.6898301516022971,-34.446082996319106,-0.03798870444871034,0.004233171329915929,0.9925847294396858,4.280533710166719,-29.562976542265996,-2.8528985403845217,-33.87355931900149,-0.02861824102796348,-0.0572322628451271,0.988734334898481,4.294276053850533,-0.40945947407581185,-1.7262191765050756,-34.1153149988719,-0.03562556073998363,-0.012851669662053686,0.9928562070939841,4.255718549142974,4.834539422227223,True,1.2727610309704773,imu,-0.8541621984000002,-9.5291722568,2.862161148000001,-0.8522602699999999,1.41262598,-3.33188998,74.19129671618005,-3.3344208516842597,-0.5328114835734092
235.878998,23.092539554771104,-12.979414343098036,4439.008894341874,-34.88681186539729,57.19567286212839,9.66411571383275,126.81610192379412,-266630.8085153699,1.4401024274161547,9.737535740446132,-625463.2112292445,-2.7505741726140522,57.19567286212839,39331725931.95129,-480.72491024588766,-2.4442117428500496,75.7109117549586,-39.21237927931853,21.553768214883842,-13.104160818484026,75.84595700805676,186.54816231229347,-3385366.633820993,-2306.079239482976,0.0,14.782729930470344,-116688.26807540105,-1137598853160.3484,-24136.5615615995,-2.137957706612088,0.0,0.0,1779.9499999996551,-3.3036899999993494,0.0,0.0,0.0,0.0,0.0,0.0,0.0,0.0,0.0,0.0,0.0,1256.0899999993017,-0.09666209999997089,0.0,0.0,0.0,0.0,0.0,0.0,0.0,0.0,0.0,-0.004691498691091006,0.377937268216995,5738.91678423727,-276.8709304982781,0.0,6.856360792314466e-07,0.0,-9.948582002225749e-09,54.035414881085785,-0.017910040019994522,54.035414881085785,0.0,1.4430811470928084,31917.625631910596,-52.339469813723476,4494.581641427882,13.588250696353427,0.0,-1.0437532046884665e-15,0.0,2.956862748416878e-13,-530.5083198150032,4.741552082900421,-530.5083198150032,0.0,-264.6595079590909,998.9999999998727,-71.91753900483897,17.060172028281315,-1.47262351106506,gaze,0.5200999588310719,0.5558515461794233,-37.64217746500637,18.104005818780024,1251.3485595893205,28.638930679438815,-0.7177692833098215,-34.45488821350943,-0.03677280151646947,0.0025880660600339916,0.992269016094426,4.280957138178541,-29.545314176894294,-2.8742401844896577,-33.87980090748668,-0.02756280712194456,-0.06020987052253374,0.988440591816303,4.296703867301637,-0.40216304313020534,-1.7410556727667768,-34.117607422422076,-0.034384352307441385,-0.014424052245738249,0.9926314388997733,4.255431786348085,5.575219863258076,True,1.2505854738148252,imu,-0.8637326432000001,-9.583604161600002,2.8717315928,-0.93450628,1.28551851,-3.30198234,74.21869391369535,-3.299525788378631,-0.5471236631762462
235.885542,23.255849080702582,-13.216103081978346,4438.983753556728,-35.1465309082836,57.50590040351818,9.720226243172952,128.47873362160135,-269777.74965906143,1.4498868033610401,9.794083073507663,-632038.996020328,-2.772577906263435,57.50590040351818,39793163488.55193,-484.0032432328243,-2.458754353816527,75.85282299038806,-39.46074291158751,21.707535801626985,-13.341586993134143,75.98880529179598,188.77297012318172,-3422835.218171992,-2325.231511916541,0.0,14.883768832843323,-117973.02177199455,-1151011203612.3726,-24365.07953062646,-2.1519538768956887,0.0,0.0,1779.9499999996551,-3.303689999999346,0.0,0.0,0.0,0.0,0.0,0.0,0.0,0.0,0.0,0.0,0.0,1256.0899999992998,-0.09666209999997077,0.0,0.0,0.0,0.0,0.0,0.0,0.0,0.0,0.0,-0.004749752171470167,0.3779419639294703,5738.945459866074,-276.9705934027493,0.0,6.902530510471719e-07,0.0,-9.953141803585787e-09,54.0358402086905,-0.017805726029468838,54.0358402086905,0.0,1.4430907498671708,32222.374422075103,-52.70893073240868,4494.656863631477,13.706891900324393,0.0,-1.051187158120205e-15,0.0,2.977801248458363e-13,-534.142592709407,4.775005327830316,-534.142592709407,0.0,-266.5837137560071,998.9999999998699,-72.5284379252702,17.18196737263891,-1.2672071613828955,gaze,0.51563313890811,0.5063979704519748,-37.80552661813261,16.88285661238732,1204.962241385805,28.79293093696454,-0.5270964349150107,-34.26811475781732,-0.0362820499019066,0.0247228569130481,0.9990357316938032,4.284715175628662,-29.58051802390225,-2.362743121195285,-33.72079883756361,-0.0240607934931497,0.0048259300364886,0.9996988489619076,4.265260696411133,-0.4030695426528716,-1.437325587873164,-33.98864212031172,-0.0292000350766779,0.0195543659607211,0.9993088742238924,4.280292177200318,5.380756762851652,True,2.0,imu,-0.8559123132911375,-9.499385978540928,2.836403343729333,-1.395535474751402,2.1718216374265236,-3.858765422005103,74.23914995682344,-3.271901210095818,-0.5590797573633373
235.887465,23.30399875687824,-13.285999384453149,4438.976459331869,-35.22308928246937,57.59731442729044,9.736762330419893,128.9685550510012,-270707.7294457704,1.4527717395100468,9.810747906513308,-633981.7919808519,-2.7790625131597686,57.59731442729044,39929580145.021774,-484.9698755589766,-2.463040718177729,75.8947511961801,-39.533959973913504,21.75287270974544,-13.411700646259483,76.0310098048094,189.42876458597289,-3433908.396978754,-2330.883053882377,0.0,14.913559159626157,-118352.70370314192,-1154976469207.8218,-24432.55646850029,-2.156080749295466,0.0,0.0,1779.9499999996533,-3.3036899999993423,0.0,0.0,0.0,0.0,0.0,0.0,0.0,0.0,0.0,0.0,0.0,1256.089999999298,-0.09666209999997055,0.0,0.0,0.0,0.0,0.0,0.0,0.0,0.0,0.0,-0.004766930560796537,0.3779433487948056,5738.953888508688,-276.99988433650833,0.0,6.916144292222113e-07,0.0,-9.954481974772248e-09,54.03596563371832,-0.017774972252550925,54.03596563371832,0.0,1.4430935823793583,32312.366593337072,-52.817870379496355,4494.679013598208,13.741925953235295,0.0,-1.0533794297280288e-15,0.0,2.983975959341162e-13,-535.2140422193268,4.784869379666965,-535.2140422193268,0.0,-267.15109575396446,998.9999999998727,-72.70868717609412,17.217904589280792,-1.2065289452413035,gaze,0.5191547716967304,0.5587037858283538,-37.37535898495495,16.551370542315286,1185.9974286349197,28.64722449312408,-0.7472602695951718,-34.46381313747789,-0.03550271817214484,0.0008825431283046026,0.9919505945927511,4.281352686973885,-29.526865054433138,-2.8963547365968783,-33.885970742493996,-0.026452752669807313,-0.06327174844922152,0.9881468013409278,4.299139664770059,-0.3944862187574701,-1.7564594474919577,-34.119821039834555,-0.03308233163577341,-0.01605017835333398,0.9924072177199004,4.255090341701974,6.146376041901711,True,1.228155415447871,imu,-0.8595455736000001,-9.573435564,2.88608726,-1.09152139,1.1285034,-3.22721324,74.24502903023738,-3.26367467152077,-0.5627392208627903
235.888029,23.318134467821295,-13.306529062401736,4438.97432807013,-35.245563768055135,57.62414710221721,9.741616336744503,129.11232304674922,-270980.9366607815,1.4536187070376898,9.815639706377793,-634552.5013084243,-2.78096600373419,57.62414710221721,39969660892.65038,-485.2536631414289,-2.4642989879238097,75.90706795996141,-39.55545409752989,21.766182699489622,-13.432294127442042,76.04340768911538,189.6212779107027,-3437161.493049221,-2332.5426344683533,0.0,14.922304988739688,-118464.24689025866,-1156141519000.2615,-24452.374995671446,-2.1572923350927247,0.0,0.0,1779.9499999996551,-3.3036899999993423,0.0,0.0,0.0,0.0,0.0,0.0,0.0,0.0,0.0,0.0,0.0,1256.0899999992998,-0.09666209999997066,0.0,0.0,0.0,0.0,0.0,0.0,0.0,0.0,0.0,-0.004771974039170637,0.3779437553960263,5738.956360741424,-277.0084754958418,0.0,6.920141113795599e-07,0.0,-9.954875056789385e-09,54.036002457800976,-0.017765943761460234,54.036002457800976,0.0,1.443094414053414,32338.79852394946,-52.84985349233241,4494.685513915276,13.752215866645486,0.0,-1.0540230739545263e-15,0.0,2.985788831310807e-13,-535.528590933591,4.787765322641894,-535.528590933591,0.0,-267.3176716819907,998.9999999998709,-72.76161601597659,17.228457352009713,-1.188705327361557,gaze,0.5190900809171163,0.5588967833895612,-37.3221789783989,16.442909440529366,1180.128510110263,28.647795552748594,-0.7492808830548636,-34.46441172649195,-0.03541616957461975,0.0007667683267427519,0.9919292904934527,4.281378025605702,-29.52560787236122,-2.897855548306376,-33.88637903512764,-0.0263768466485283,-0.06347871901184786,0.9881272334168008,4.29930217373174,-0.3939610007388102,-1.757505882673879,-34.119965594544404,-0.03299341649448895,-0.01616042394079409,0.9923923049749671,4.255065622653988,6.173904166409028,True,1.2266523669493345,imu,-0.8540985210113249,-9.49860514049852,2.8383167965557368,-1.3921391718943703,2.1691658169080776,-3.87936538538059,73.5727836,-3.21662760000001,-0.8972144000000015
235.895931,23.516844634945194,-13.595581562480646,4438.944853539899,-35.56142748136517,58.00112656840939,9.809820379203739,131.13173436731904,-274830.3677711189,1.4655253872031344,9.884374859827906,-642591.7291251746,-2.8077119573850826,58.00112656840939,40534610324.43396,-489.2432000338221,-2.4819814025404305,76.0805694926031,-39.85756406254586,21.953287689803698,-13.72224323130363,76.21804968606943,192.3268376848264,-3482999.0515746796,-2355.891482222884,0.0,15.0452492924605,-120035.92169563357,-1172563712023.5183,-24731.38931063043,-2.1743251692192724,0.0,0.0,1779.9499999996588,-3.3036899999993423,0.0,0.0,0.0,0.0,0.0,0.0,0.0,0.0,0.0,0.0,0.0,1256.0899999992998,-0.09666209999997077,0.0,0.0,0.0,0.0,0.0,0.0,0.0,0.0,0.0,-0.004842885047934328,0.37794947278909596,5738.991006950164,-277.128860835518,0.0,6.976330867799375e-07,0.0,-9.960383386326014e-09,54.036520202202155,-0.017639034878936255,54.036520202202155,0.0,1.443106110429138,32710.94314454567,-53.29948729519255,4494.776774444363,13.897087400201642,0.0,-1.063072918739287e-15,0.0,3.0112781929027794e-13,-539.9500235212415,4.828477831636913,-539.9500235212415,0.0,-269.6595104020563,998.9999999998709,-73.50620568052577,17.37691426676126,-0.9376853427337997,gaze,0.518160674531009,0.5616407104445419,-36.143303665187204,14.90553811774012,1090.9207684200592,28.656044328555357,-0.7783436689318128,-34.47285030885299,-0.03417766341005907,-0.000884130912283787,0.9916295949933237,4.281719556399153,-29.507617937233725,-2.9192516317475796,-33.89206268206256,-0.025287212629948427,-0.06641851606660654,0.9878531298380007,4.301582184681087,-0.3864156253384424,-1.7724381127553714,-34.12195170297309,-0.031718565840106835,-0.017730650093274528,0.9921837030213349,4.254692926314989,6.354754509453942,True,1.205476195890869,imu,-0.8750975464000001,-9.52558334,2.8687408288,-1.11395212,1.18831868,-3.1973056,74.27012844398567,-3.2268646655954303,-0.57962682229149
235.90439,23.730930784325597,-13.907955608213918,4438.914101990864,-35.90159334510561,58.40682898934992,9.883239364836497,133.30412607271137,-278996.12439863384,1.4783546315670413,9.958365712221827,-651287.536186301,-2.8365024764166096,58.40682898934992,41146442985.59302,-493.5419563853883,-2.501020717735495,76.26824549967296,-40.18296896343353,22.15487531229593,-14.035582641193436,76.40695467063767,195.24038359515998,-3532607.748028224,-2381.0877826259402,0.0,15.177709932317978,-121736.86387748465,-1190349742417.6685,-25032.86489533861,-2.19267847993989,0.0,0.0,1779.9499999996478,-3.303689999999328,0.0,0.0,0.0,0.0,0.0,0.0,0.0,0.0,0.0,0.0,0.0,1256.0899999992816,-0.09666209999997011,0.0,0.0,0.0,0.0,0.0,0.0,0.0,0.0,0.0,-0.004919311270521573,0.3779556361255412,5739.028113182903,-277.25776872304664,0.0,7.036879314837992e-07,0.0,-9.966282068682158e-09,54.03707821470698,-0.017502321262542087,54.03707821470698,0.0,1.4431187229342548,33113.0957631597,-53.783990619252414,4494.874855263239,14.05363052839786,0.0,-1.0728270555671068e-15,0.0,3.0387508153656285e-13,-544.7130098230933,4.872347563516396,-544.7130098230933,0.0,-272.18303336861277,998.999999999869,-74.30955891893447,17.537094350612108,-0.6662740260313642,gaze,0.5171174093300555,0.5646615168889828,-34.15378769446958,13.262918120615899,1009.5969182641377,28.665394883107385,-0.8110434650790939,-34.48198761525084,-0.032797554337559265,-0.002711761827361679,0.9913063042064634,4.282056814950103,-29.48757187900899,-2.9429283049079085,-33.898067778783954,-0.024065955536659054,-0.06964917417969158,0.9875598834269348,4.30402899118523,-0.37794196767953225,-1.788990870308967,-34.12399435128812,-0.03029285858386992,-0.019465192670444414,0.9919611599754328,4.254238520131367,6.0075198212930525,True,1.1825643025789452,imu,-0.9020144224,-9.519601812,2.8944613992,-1.18872122,1.09859576,-3.18235178,74.29380205639102,-3.1891118724933936,-0.5977396215343918
235.905524,23.75973879231411,-13.950064557835873,4438.910042615738,-35.94735608776032,58.46138629596582,9.893113913451863,133.59619120636307,-279558.1354236156,1.4800810677292044,9.968317186027154,-652460.388300275,-2.840374634114969,58.46138629596582,41229022742.04643,-494.12044936541935,-2.503581809599287,76.29355859993962,-40.226749911048394,22.182001848707255,-14.077821444360502,76.4324331663488,195.63233104549272,-3539300.913938738,-2384.481473881227,0.0,15.195534439354258,-121966.35073510346,-1192750423241.0786,-25073.500930169852,-2.1951483490582064,0.0,0.0,1779.9499999996478,-3.3036899999993317,0.0,0.0,0.0,0.0,0.0,0.0,0.0,0.0,0.0,0.0,0.0,1256.0899999992853,-0.09666209999997033,0.0,0.0,0.0,0.0,0.0,0.0,0.0,0.0,0.0,-0.004929597664312849,0.3779564657644694,5739.033088986929,-277.2750528080978,0.0,7.045027730406172e-07,0.0,-9.967073000920129e-09,54.03715331894813,-0.017483925902554542,54.03715331894813,0.0,1.4431204209890076,33167.3060065952,-53.84919280529735,4494.8880343376,14.074731593935141,0.0,-1.0741399157808671e-15,0.0,3.0424484667520357e-13,-545.3538855443974,4.878251340866122,-545.3538855443974,0.0,-272.5226429186736,998.999999999869,-74.41775071897987,17.558667181721646,-0.629676352438092,gaze,0.5160700425522993,0.5088200735222878,-32.36243197469243,11.1605355246569,1001.357161646587,28.79525145566719,-0.5265264224788124,-34.27260714898037,-0.0368675797289862,0.0232602646482072,0.999049419024616,4.281960487365723,-29.5796423807972,-2.376832291193828,-33.72126098745669,-0.0248370810535097,0.0010625166751644,0.9996909474747966,4.264603137969971,-0.3985504325844221,-1.4407641476559545,-33.99101714192461,-0.0295865758851374,0.0175202723295313,0.9993330976081845,4.278668928146362,5.946927738840372,True,2.0,imu,-0.8409136836341473,-9.492967828842756,2.852221211418419,-1.3339741208948368,2.1483391284858167,-4.031802942228764,74.29685923974444,-3.1839762283646142,-0.6002599248462256
235.91285,23.94646462577272,-14.22343219677991,4438.884178524633,-36.24391600921318,58.81481206727635,9.957090156389672,135.48780784197697,-283209.27965678275,1.491271936619003,10.032791885208582,-660078.0882320319,-2.865461631988377,58.81481206727635,41765714933.39226,-497.8703218680552,-2.5201770564322628,76.45796799812047,-40.51048993177797,22.357830901485155,-14.352030483304532,76.5979147336817,198.17222009920033,-3582785.560966658,-2406.4968429643886,0.0,15.311069603642883,-123457.28103336175,-1208353090173.1367,-25337.286019079223,-2.2111585274525583,0.0,0.0,1779.949999999646,-3.3036899999993246,0.0,0.0,0.0,0.0,0.0,0.0,0.0,0.0,0.0,0.0,0.0,1256.089999999278,-0.09666209999996977,0.0,0.0,0.0,0.0,0.0,0.0,0.0,0.0,0.0,-0.004996284653440625,0.3779618449153883,5739.065242233948,-277.38673006149406,0.0,7.097848496169061e-07,0.0,-9.972183615470571e-09,54.037640221609934,-0.017364698809812396,54.037640221609934,0.0,1.4431314324290323,33519.22920618894,-54.27185113936997,4494.973349537409,14.21170938818787,0.0,-1.0826513437164136e-15,0.0,3.066420594354207e-13,-549.507619384865,4.916521202691847,-549.507619384865,0.0,-274.72411666816635,998.9999999998672,-75.11953865193979,17.698602790022946,-0.39202809449444675,gaze,0.516023000911506,0.5677703801921337,-31.774968474008162,11.435361844025485,964.945386900408,28.67529623483014,-0.8454379169952834,-34.49122783311279,-0.03136003511120951,-0.004603166148496242,0.9909804758330211,4.282364094575224,-29.466692925046935,-2.9674212048906385,-33.90398699973494,-0.02278674009402717,-0.07296804844480359,0.9872668839352253,4.306481687341004,-0.3690416876398787,-1.8061441982092965,-34.125947294202774,-0.028802666556455966,-0.021256389289165525,0.9917394863443129,4.25372536027004,5.045154188100205,True,1.1593984075787827,imu,-0.8924439776000002,-9.516611048,2.8585722312,-1.21115195,1.18831868,-3.21973633,74.31589276554254,-3.150370213681338,-0.6170547188564796
235.92131,24.163427409581686,-14.5419931390364,4438.855090639445,-36.58836508224607,59.22503705080629,10.031365987150373,137.68255841130394,-287469.7360537946,1.504276214655866,10.107646559973746,-668963.1167246944,-2.8945865394074897,59.22503705080629,42392420598.48662,-502.22793301459336,-2.5394486840777932,76.64972839893687,-40.84009835772402,22.56213682052789,-14.671568480167537,76.79092118261008,201.12208539520066,-3633531.4371675705,-2432.1169825835645,0.0,15.445316898486695,-125197.13658435557,-1226573612530.416,-25644.63806265818,-2.229763771851311,0.0,0.0,1779.9499999996424,-3.3036899999993103,0.0,0.0,0.0,0.0,0.0,0.0,0.0,0.0,0.0,0.0,0.0,1256.089999999267,-0.09666209999996933,0.0,0.0,0.0,0.0,0.0,0.0,0.0,0.0,0.0,-0.005073799922111585,0.37796809876353965,5739.1023896714905,-277.5157298042136,0.0,7.159233322361872e-07,0.0,-9.978087346860915e-09,54.03820618407218,-0.017226179373804218,54.03820618407218,0.0,1.4431442381379451,33929.32487945312,-54.76302789044501,4495.072246847594,14.371313193149604,0.0,-1.0925449869467767e-15,0.0,3.0942852877096877e-13,-554.3334380193791,4.960995039410379,-554.3334380193791,0.0,-277.2825469459417,998.9999999998618,-75.93608934844542,17.861428601642032,-0.11496624566870395,gaze,0.5148765177960323,0.5709683700619204,-29.44652763135465,9.015019984263263,934.858692326108,28.68575923470723,-0.8815731675114542,-34.500563930130724,-0.02986414447051752,-0.006559296163093906,0.990652205519502,4.282640629064105,-29.444967384643306,-2.9927426246847144,-33.90981476893926,-0.02144854994329087,-0.07637613547265139,0.9869742666868737,4.30893927026986,-0.35969936563864124,-1.823907732452446,-34.1278065228875,-0.027246880490668045,-0.02310504869324647,0.9915188189378946,4.253152089327532,3.69626208579811,True,1.1359812937314855,imu,-0.8918458248000001,-9.5213962704,2.864553759200001,-1.18124431,1.23318014,-3.33936689,74.3362096064354,-3.1106326215902538,-0.6375254957601301
235.925615,24.274382891863656,-14.705287806684098,4438.840610836392,-36.76446270490269,59.434649888016,10.069326158404566,138.80365128320227,-289656.0199099183,1.510927165604726,10.145902619047277,-673520.9120830244,-2.9094709891118518,59.434649888016,42714204576.53139,-504.4566434764694,-2.5492997695963413,76.74809530489915,-41.00862914992176,22.666621368572294,-14.835362572197234,76.88992542928008,202.6301169241333,-3659573.873794595,-2445.2356298055656,0.0,15.513972795974901,-126090.00380856344,-1235929405938.0713,-25802.170751551726,-2.2392795982309006,0.0,0.0,1779.949999999646,-3.3036899999993103,0.0,0.0,0.0,0.0,0.0,0.0,0.0,0.0,0.0,0.0,0.0,1256.089999999267,-0.09666209999996955,0.0,0.0,0.0,0.0,0.0,0.0,0.0,0.0,0.0,-0.005113453982237143,0.3779712985342343,5739.121299755294,-277.58138809511775,0.0,7.190630153250877e-07,0.0,-9.981092394872987e-09,54.03849570992372,-0.017155345920442377,54.03849570992372,0.0,1.4431507916839745,34139.53869278597,-55.014248974713524,4495.122727349597,14.45311791271368,0.0,-1.0976062574919788e-15,0.0,3.108539810430706e-13,-556.8011580605834,4.983741946223183,-556.8011580605834,0.0,-278.5911298152509,998.9999999998654,-76.35413882574417,17.944793281099024,0.027106200768826305,gaze,0.5160481551052207,0.5097582152856575,-29.4682275303193,9.15802395941788,912.8728935497315,28.80267998118716,-0.5257176282983618,-34.27531192915986,-0.0361691788388552,0.0224835263905514,0.9990927292014332,4.277863025665283,-29.57579008818444,-2.387988041288453,-33.71529285048248,-0.0252067668594084,-0.0001040272670312,0.9996822535600116,4.268640041351318,-0.3941911897976212,-1.4453891686247278,-33.99262834874294,-0.0299421424099614,0.0154623744232321,0.9993555873458608,4.276925754547119,4.857468820051546,True,2.0,imu,-0.8248308356147145,-9.486178512996958,2.8691616380981935,-1.1827177332997696,2.1225492427721826,-4.218408265176331,74.34580472960636,-3.090025496910434,-0.6483700366903257
235.92977,24.38182562900463,-14.863657060953656,4438.826842159957,-36.93495029058907,59.63751304226332,10.10606875070119,139.88841272045738,-291777.8879689574,1.5173678908589303,10.18293164544426,-677943.3796359266,-2.923877708216107,59.63751304226332,43026626704.77996,-506.6149332858772,-2.558836111612991,76.8435402327716,-41.17180400728896,22.767799201522784,-14.99421528328162,76.98598758940682,204.09006129872364,-3684850.1818302325,-2457.9494923054817,0.0,15.580456028832694,-126956.59481837954,-1245013268411.273,-25954.94197386199,-2.2484948376344374,0.0,0.0,1779.9499999996424,-3.303689999999314,0.0,0.0,0.0,0.0,0.0,0.0,0.0,0.0,0.0,0.0,0.0,1256.089999999267,-0.09666209999996966,0.0,0.0,0.0,0.0,0.0,0.0,0.0,0.0,0.0,-0.0051518608200566696,0.37797439800223653,5739.1395554490955,-277.64476814198224,0.0,7.221035844094407e-07,0.0,-9.983993280284903e-09,54.03877612909736,-0.017086758685034897,54.03877612909736,0.0,1.4431571407738222,34343.41163803029,-55.25753704035458,4495.171548347564,14.532449597047233,0.0,-1.1025083392224389e-15,0.0,3.1223458928905964e-13,-559.1906132307545,5.005770537071482,-559.1906132307545,0.0,-279.85840841657074,998.9999999998672,-76.75925021579812,18.025579692078153,0.16492478326911097,gaze,0.5136768978346238,0.5742569201580138,-27.584392258922392,6.537740768214243,883.7823521271215,28.696795926312138,-0.919499970354482,-34.50998973711041,-0.02830875042941289,-0.00858132686105744,0.9903215518044532,4.282885687292992,-29.422379094243016,-3.018907749274563,-33.91554616237185,-0.02005021677031772,-0.07987481996055981,0.9866821336343736,4.311401016136518,-0.34989818107604853,-1.8422931425444198,-34.129568226387335,-0.025624214108870714,-0.025012190269365332,0.9912992696162144,4.252517285753487,2.63303333607778,True,1.1123130661162313,imu,-0.8786864632000002,-9.5088350616,2.8729278984,-1.1737674,1.43505671,-3.27955161,74.35455727733775,-3.06988755841817,-0.6591013698106062
235.938229,24.601639724108825,-15.18840408024689,4438.799440110881,-37.283640041375605,60.05220001118393,10.181191440253267,142.1051430337975,-296133.61417140067,1.5305458286890694,10.258640080767828,-687018.5604255833,-2.95333215649877,60.05220001118393,43668324064.62415,-511.0309427990241,-2.5783375391624888,77.03939380673785,-41.505577093684245,22.97479964179665,-15.319950918746066,77.1831041528319,207.07587581576877,-3736740.458489064,-2483.992576728453,0.0,15.716475086599601,-128735.60945966748,-1263671809574.4124,-26268.181592370245,-2.2673501148502715,0.0,0.0,1779.949999999637,-3.3036899999993103,0.0,0.0,0.0,0.0,0.0,0.0,0.0,0.0,0.0,0.0,0.0,1256.0899999992616,-0.09666209999996911,0.0,0.0,0.0,0.0,0.0,0.0,0.0,0.0,0.0,-0.005230461781090365,0.37798074221236444,5739.176735123772,-277.7738300064691,0.0,7.283250738891272e-07,0.0,-9.989900734742431e-09,54.039350015714376,-0.016946449101481464,54.039350015714376,0.0,1.4431701395099488,34761.468816240566,-55.75533576082424,4495.27124338338,14.695106956895728,0.0,-1.1125405655336922e-15,0.0,3.1506000588539205e-13,-564.0787132522421,5.05084381725923,-564.0787132522421,0.0,-282.4514779733254,998.9999999998672,-77.58896213353631,18.191044359102136,0.44762470665520837,gaze,0.5124232199777069,0.5776370710638508,-26.48716528612988,6.680595513956888,815.5288191800531,28.708417063989184,-0.9592651170168703,-34.519497743083235,-0.026692904695842495,-0.010670192674452732,0.9899886136855529,4.283098508358368,-29.398914564689964,-3.0459286589692125,-33.92117553353592,-0.018590737471836326,-0.08346506802881325,0.9863906224667585,4.313865899642448,-0.3396221281398201,-1.8613099240258284,-34.131228354636754,-0.023933572810461247,-0.02697860630125863,0.9910809773812429,4.25181960035645,3.0826466272966355,True,1.088396688015368,imu,-0.8744993936000002,-9.477731116,2.8765168152,-1.12890594,1.62197946,-3.4216129,74.37073137551766,-3.0281284186318276,-0.6817228024828377
235.945595,24.794230631706107,-15.47374676702799,4438.77626840111,-37.58903017332268,60.41515230174875,10.246958113881357,144.04454428723875,-299966.00431732833,1.5420928778710816,10.324919671837714,-694999.893899964,-2.979116957581991,60.41515230174875,44233321906.976814,-514.9005154988461,-2.5954142761141554,77.21163309246754,-41.797946343312006,23.15616767669937,-15.606159266796617,77.35645024354608,209.69076789067753,-3782400.1442769724,-2506.8456055865026,0.0,15.835651916749942,-130300.98213655782,-1280101050735.4844,-26543.384483372287,-2.2838725347263167,0.0,0.0,1779.9499999996297,-3.303689999999296,0.0,0.0,0.0,0.0,0.0,0.0,0.0,0.0,0.0,0.0,0.0,1256.089999999249,-0.09666209999996878,0.0,0.0,0.0,0.0,0.0,0.0,0.0,0.0,0.0,-0.005299356921789566,0.3779863041735081,5739.209125617781,-277.8862473297247,0.0,7.337770183047968e-07,0.0,-9.995046699329035e-09,54.03985303601979,-0.016823528369423357,54.03985303601979,0.0,1.4431815387341071,35128.80460447532,-56.19155274860543,4495.358387665154,14.838007421916785,0.0,-1.121333846431942e-15,0.0,3.1753645975875127e-13,-568.3609855532925,5.090341108437992,-568.3609855532925,0.0,-284.7238228442294,998.9999999998599,-78.31691148768792,18.33622098696516,0.6961216889388302,gaze,0.5164673064844229,0.5074066250560008,-25.67095344207259,9.936908231599212,774.5190227233143,28.79776079028603,-0.4664761822404719,-34.31188034210219,-0.0377473366130918,0.0273027769872703,0.9989142590570032,4.310139656066895,-29.57044062965338,-2.386041324522874,-33.71625597664525,-0.0247342720266016,0.0007464904344635,0.9996937823850588,4.276582717895508,-0.3911003268394882,-1.4434567890213277,-33.99784192019256,-0.0304160968592738,0.0142262696856661,0.9993539337048796,4.279331398010254,4.617914563700817,True,2.0,imu,-0.8078041404980041,-9.47908687298728,2.8870605660021735,-0.9294827714679982,2.099925555997145,-4.407664556904669,74.38288353673786,-2.9909260790893573,-0.7022258592432131
235.946689,24.82292819540742,-15.516329737940865,4438.772881859157,-37.63452656059742,60.46920515397905,10.256753722506007,144.3333084793685,-300538.34319092333,1.5438135717011185,10.334791686566406,-696191.5707567324,-2.982957358682663,60.46920515397905,44317731912.00867,-515.4771500105928,-2.597958091397633,77.23734906142954,-41.841506357201894,23.18319324898155,-15.648871187002442,77.38233115368041,210.08031719135784,-3789219.3945861435,-2510.253694437515,0.0,15.853410468703734,-130534.7672456887,-1282555629793.5107,-26584.452122308012,-2.286334690112683,0.0,0.0,1779.9499999996442,-3.303689999999314,0.0,0.0,0.0,0.0,0.0,0.0,0.0,0.0,0.0,0.0,0.0,1256.089999999258,-0.09666209999996911,0.0,0.0,0.0,0.0,0.0,0.0,0.0,0.0,0.0,-0.005309625162188483,0.37798713322884314,5739.213937439265,-277.9029461041864,0.0,7.345894780210564e-07,0.0,-9.995811124516578e-09,54.03992800682505,-0.016805213153541665,54.03992800682505,0.0,1.4431832381383245,35183.62438890849,-56.25655801663464,4495.371356683856,14.859331430549133,0.0,-1.1226443941033186e-15,0.0,3.17905546983832e-13,-568.9990421993774,5.096227009312461,-568.9990421993774,0.0,-285.0624534397183,998.9999999998654,-78.42546078402111,18.35786969226716,0.7332137061822452,gaze,0.5111141050228074,0.5811110795441963,-26.241872490074687,11.648316331735447,772.1540924135227,28.720637677610735,-1.000930463708629,-34.52908359907459,-0.025015071399335186,-0.012827583181170561,0.9896533729119914,4.283278398396105,-29.374551781411352,-3.0738272085280167,-33.926699163253126,-0.017068576746266228,-0.08714913582323762,0.9860997688359683,4.316333759968596,-0.3288510956401953,-1.880974466024664,-34.13278339135067,-0.022173246139489716,-0.02900579887278818,0.9908640053025365,4.251057418921257,6.623303373709392,True,1.064226642007586,imu,-0.8762938520000002,-9.4801237272,2.917789358400001,-1.01675229,1.83133294,-3.7206893,74.38452568987006,-2.985333661999886,-0.705331932159518
235.955149,25.045671690095702,-15.847414657558375,4438.747174550932,-37.987578567961656,60.888488756598875,10.33274865319466,146.57268272012425,-304991.963861838,1.5571699964621306,10.411379465014944,-705462.1135831097,-3.0127503534786557,60.888488756598875,44974842757.42241,-519.9531794511257,-2.617695985195554,77.43739665377154,-42.1795623205257,23.392961815957463,-15.98095662079858,77.58365914179547,213.10311607528843,-3842285.7764445376,-2536.731085790121,0.0,15.991250399012452,-132354.02609755425,-1301664530672.044,-26903.737954213742,-2.3054469725985847,0.0,0.0,1779.9499999996315,-3.303689999999296,0.0,0.0,0.0,0.0,0.0,0.0,0.0,0.0,0.0,0.0,0.0,1256.0899999992453,-0.09666209999996866,0.0,0.0,0.0,0.0,0.0,0.0,0.0,0.0,0.0,-0.005389345492246289,0.3779935706407098,5739.251157954415,-278.0321013724706,0.0,7.408962708566729e-07,0.0,-1.0001723768997549e-08,54.040510062147746,-0.016663063065355588,54.040510062147746,0.0,1.4431964358497247,35609.85844737327,-56.76116147812365,4495.471877646822,15.02511160463834,0.0,-1.1328190005566559e-15,0.0,3.2077098047638283e-13,-573.9511729496894,5.141916279949774,-573.9511729496894,0.0,-287.691114311169,998.9999999998618,-79.2686881420261,18.526044209685395,1.021671913230616,gaze,0.5097486046196222,0.5846800212930366,-26.630920461366937,16.991338880886122,778.3388819885164,28.733468832320987,-1.044544741569919,-34.53873937060011,-0.023274272967811867,-0.015054461714889042,0.9893159301539138,4.283424579469987,-29.349276844382203,-3.102615864420476,-33.932111265545494,-0.015482702054379575,-0.09092802322847422,0.9858097131510475,4.3188035522472905,-0.3175681476754063,-1.901296565139274,-34.13422917556717,-0.02034210668215754,-0.0310945852982144,0.9906484953791777,4.25022935676747,14.658817116701817,True,1.0398058940486763,imu,-0.8595455736000001,-9.5267796456,2.899246621600001,-0.96441392,1.88367131,-3.89265823,74.39572058771545,-2.9414964312985474,-0.7298563278242067
235.963608,25.26985018561278,-16.181638036932938,4438.72232494082,-38.34276378855948,61.310010052135695,10.40916908937138,148.8230341593071,-309494.34408964217,1.5706139389630125,10.488396217983768,-714829.8498109824,-3.0427081007047363,61.310010052135695,45639645870.88417,-524.4586420091365,-2.637549383443797,77.63952630401491,-42.51971453081117,23.60408650261241,-16.316186324475815,77.78707772638631,216.14399468263605,-3895938.139858046,-2563.422894116942,0.0,16.129982686638073,-134193.33536145528,-1320998219241.6387,-27226.022152414305,-2.324685313181854,0.0,0.0,1779.949999999626,-3.303689999999282,0.0,0.0,0.0,0.0,0.0,0.0,0.0,0.0,0.0,0.0,0.0,1256.0899999992344,-0.09666209999996811,0.0,0.0,0.0,0.0,0.0,0.0,0.0,0.0,0.0,-0.005469617051847633,0.3780000540164399,5739.288392219336,-278.1612807306735,0.0,7.472449070699676e-07,0.0,-1.0007637986573247e-08,54.04109613958855,-0.016520011479969787,54.04109613958855,0.0,1.4432097317910735,36040.14929519429,-57.269102268013135,4495.572795479318,15.192435353853938,0.0,-1.1430635282237955e-15,0.0,3.2365606518203156e-13,-578.9346638014902,5.1879076557933335,-578.9346638014902,0.0,-290.33723198532294,998.9999999998599,-80.11858315484554,18.695555822796962,1.3129781428297091,gaze,0.5083257866026696,0.588344939256259,-27.03760098414861,10.892967443494518,810.2671743091619,28.746921425710042,-1.09015662916172,-34.54845687027141,-0.0214695505138983,-0.017351769260975897,0.9889763881008986,4.28353628295517,-29.323076130992895,-3.1323068149194975,-33.93740604314456,-0.013832099861156969,-0.09480269675953902,0.9855205967742707,4.32127422066625,-0.3057561465237182,-1.9222858204496325,-34.1355615483049,-0.018439048096856717,-0.03324576278454264,0.99043459035023,4.24933404630271,27.845014975069756,True,1.015137544912275,imu,-0.8595455736000001,-9.537546396000002,2.9022373856,-1.08404448,1.98087114,-4.169303899999999,74.40409003113143,-2.8966102967223626,-0.7552163363482622
235.965688,25.325198456760795,-16.264309754919502,4438.716345972913,-38.43043523872494,61.414010136988665,10.42802702957073,149.3781033922205,-310609.0386084169,1.5739333924451526,10.507401331544726,-717148.4446589828,-3.0501003024861593,61.414010136988665,45804313583.3344,-525.5711049393689,-2.642449282615897,77.68955246506573,-42.60368355615434,23.65621258824321,-16.39910640051564,77.83742216184669,216.8945557344673,-3909222.10451172,-2570.019667022222,0.0,16.16423550574593,-134648.73007272073,-1325787225021.5312,-27305.736733792055,-2.3294355931250617,0.0,0.0,1779.9499999996297,-3.3036899999992855,0.0,0.0,0.0,0.0,0.0,0.0,0.0,0.0,0.0,0.0,0.0,1256.0899999992344,-0.09666209999996833,0.0,0.0,0.0,0.0,0.0,0.0,0.0,0.0,0.0,-0.005489441493786926,0.37800165542193653,5739.297550599811,-278.19305094522156,0.0,7.488125327444142e-07,0.0,-1.0009092595092311e-08,54.041240881067324,-0.016484695095536628,54.041240881067324,0.0,1.4432130165240267,36146.58682449963,-57.39452300950926,4495.597673102995,15.233819235444997,0.0,-1.1455935102522218e-15,0.0,3.243685577246573e-13,-580.1649742763645,5.199263835320406,-580.1649742763645,0.0,-290.99062223971373,998.9999999998618,-80.32860661602228,18.73744613292176,1.3850509915243583,gaze,0.516781519644964,0.5110137589606915,-27.68623078899525,7.000578855852703,818.1652113441725,28.79345872114493,-0.4826308237724447,-34.32448872650767,-0.0391971532841701,0.0232638123378975,0.9989606489796906,4.318499565124512,-29.55721440365265,-2.418933675733745,-33.70907575020402,-0.0248197118769731,-0.0034812476423734,0.9996858820735626,4.278475284576416,-0.3881523640940066,-1.4460985945639286,-34.00350873069194,-0.0309921923676652,0.0124082899513686,0.9993504502411884,4.282673978805542,31.85159684389212,False,-1.0,imu,-0.7896057436217161,-9.471607760904382,2.906140686301298,-0.5624295583047787,2.0866478258669945,-4.590693928830091,74.40568890443868,-2.8854103463328675,-0.7615711627133719
235.972068,25.49552326891987,-16.519097861696885,4438.69833103157,-38.700176071843444,61.73387792609262,10.486035022192551,151.0849299937281,-314046.95363998413,1.584149009710141,10.565862093185384,-724297.7724732877,-3.0728381951052333,61.73387792609262,46312367154.08857,-528.9947486651042,-2.6575234985016793,77.84379959441264,-42.86205332654796,23.81662344297527,-16.65465854749202,77.99264883642627,219.20375501183025,-3950194.1105450173,-2590.336747069071,0.0,16.269644408755028,-136053.29881762533,-1340563284448.4453,-27551.40235780727,-2.3440548952782105,0.0,0.0,1779.9499999996242,-3.3036899999992784,0.0,0.0,0.0,0.0,0.0,0.0,0.0,0.0,0.0,0.0,0.0,1256.0899999992307,-0.09666209999996789,0.0,0.0,0.0,0.0,0.0,0.0,0.0,0.0,0.0,-0.005550462638007195,0.3780065852279635,5739.325648990198,-278.29051491469977,0.0,7.53637096060933e-07,0.0,-1.0013555193316728e-08,54.04168640525438,-0.016376020239570244,54.04168640525438,0.0,1.4432231298335445,36474.628221314895,-57.78051690211481,4495.674135205045,15.361350010144733,0.0,-1.153380759029387e-15,0.0,3.2656158462881796e-13,-583.9508427944179,5.2342134971078,-583.9508427944179,0.0,-293.0015176199705,998.9999999998563,-80.9753867384758,18.866452671677877,1.6072147321575363,gaze,0.5068442003519544,0.5921081939414526,-26.354767323201308,-14.648900701471495,829.2739622375066,28.761011284048152,-1.1378319720496308,-34.55823113901103,-0.019599290249965214,-0.01972127620135008,0.9886347298761259,4.283612771198469,-29.295926518126265,-3.162922974069973,-33.94257950567435,-0.01211515631315066,-0.09877551419826214,0.9852324599158149,4.3237455756765755,-0.293393286100207,-1.943959427615148,-34.136776766743495,-0.01646227247548931,-0.035460904146290696,0.9902223586169723,4.248369784399649,45.529424291844855,False,0.9902159482489963,imu,-0.8416009896000001,-9.486105255200002,2.887283565600001,-1.0242292,2.22760917,-4.58801086,74.40940305782858,-2.850652782293022,-0.7813343726751207
235.980528,25.722671127048955,-16.85977384287076,4438.675199700636,-39.05978345922025,62.160051931425876,10.563339371968945,153.35814003725773,-318649.67066156864,1.5977740579655215,10.643769956257755,-733865.5623081,-3.103137617298642,62.160051931425876,46992997606.449776,-533.5611147766435,-2.6776165102049823,78.05020660044306,-43.20654856813259,24.030553994813083,-16.996352908226214,78.20036243763889,222.28212195320702,-4005052.3492786787,-2617.470824262811,0.0,16.410223508048823,-137933.8700839418,-1360359484088.6943,-27879.862194510817,-2.3635540891345395,0.0,0.0,1779.9499999996187,-3.3036899999992677,0.0,0.0,0.0,0.0,0.0,0.0,0.0,0.0,0.0,0.0,0.0,1256.0899999992216,-0.09666209999996755,0.0,0.0,0.0,0.0,0.0,0.0,0.0,0.0,0.0,-0.0056318766279706695,0.37801316385204453,5739.362923818837,-278.41978884963805,0.0,7.600722988822119e-07,0.0,-1.0019474708013073e-08,54.04228081775199,-0.01623110185171589,54.04228081775199,0.0,1.4432366291418361,36913.274298737764,-58.295362008024995,4495.7758860832255,15.531843680772539,0.0,-1.163769847076642e-15,0.0,3.2948730067101766e-13,-588.9992729280541,5.280829876216663,-588.9992729280541,0.0,-295.68374524748583,998.9999999998545,-81.8390389512983,19.03872289131121,1.9043609183927916,gaze,0.5053028857642825,0.5959708641857447,-23.021835750028703,-53.06706482540245,824.498820744503,28.775749623035033,-1.187621446361515,-34.56805354983657,-0.01766250333008903,-0.022163953081423854,0.9882910598905571,4.28365325812643,-29.267813962826967,-3.194476925153166,-33.94762571282756,-0.010330827757490026,-0.10284747656842597,0.9849454467300487,4.326216541355934,-0.280461461840438,-1.9663272937338983,-34.13787055821804,-0.014410639902828475,-0.0377408321884644,0.9900119459937538,4.2473351671232145,65.44852020216923,False,0.9650442080529993,imu,-0.8619381848000001,-9.4813200328,2.931546872800001,-1.09152139,2.21265535,-4.81979507,74.41141769975805,-2.803617201521465,-0.8081167274180507
235.985668,25.86140123408395,-17.068335365208526,4438.661568808486,-39.27934451933799,62.42011048071657,10.610521712107623,154.74480316727386,-321470.76428222656,1.6060962855371024,10.691320720460563,-739727.720446537,-3.12162939492452,62.42011048071657,47410416797.613144,-536.3503185026532,-2.689882605533252,78.17666017321176,-43.41690915746972,24.161213936372082,-17.205536094379077,78.32761415538255,224.1615519870022,-4038678.5328142685,-2634.0646499604227,0.0,16.49608427713535,-139086.57567083958,-1372500703095.897,-28080.936020410387,-2.375464684165798,0.0,0.0,1779.9499999996224,-3.3036899999992713,0.0,0.0,0.0,0.0,0.0,0.0,0.0,0.0,0.0,0.0,0.0,1256.0899999992216,-0.09666209999996778,0.0,0.0,0.0,0.0,0.0,0.0,0.0,0.0,0.0,-0.005681620132814522,0.3780171840928306,5739.385579498863,-278.49835066436276,0.0,7.640031977602545e-07,0.0,-1.0023072332704278e-08,54.04264399887154,-0.016142599885876574,54.04264399887154,0.0,1.4432448806136868,37181.82799664104,-58.6098461644836,4495.837907638444,15.636204099555016,0.0,-1.170117138642842e-15,0.0,3.312747696948705e-13,-592.0823362396384,5.309304643010403,-592.0823362396384,0.0,-297.3221714019437,998.9999999998581,-82.36712544022626,19.144062382712406,2.08632319404194,gaze,0.5111125833101807,0.5977510084232005,-18.50526152573391,-76.57343461054293,814.5071277670759,28.92522104451093,-1.064089725855342,-34.4347783767745,-0.0030071931223033,-0.0528428322012806,0.9985983135748192,3.984956741333008,-29.4832878537442,-3.155050679253899,-33.84705617340083,-0.0397392727559895,-0.1217992834317361,0.9917589045510712,4.30385160446167,-0.3652003363235628,-1.579028679463823,-34.03280082617138,-0.0292325546159888,-0.0080108003068867,0.9985127139882064,4.25655722618103,78.00183108333599,False,-1.0,imu,-0.7704031504799169,-9.46381975441757,2.926209194283993,-0.08360697725083494,2.0905334172055268,-4.752334255126609,74.41092570481577,-2.7745084652590157,-0.8246718326457179
235.988988,25.95130038055164,-17.20368508262824,4438.652934848025,-39.421595881739826,62.5885413413186,10.641084073410646,155.64269950863036,-323302.904846102,1.6114895183818336,10.722121757568535,-743534.0057557087,-3.1336068799065933,62.5885413413186,47681606763.13397,-538.1578870111821,-2.6978289399251816,78.25876122093803,-43.553210231486624,24.245884409892135,-17.341288534898872,78.41023247109001,225.37917903594234,-4060517.8518126663,-2644.8264531225414,0.0,16.55172428694219,-139835.2199520334,-1380388860029.124,-28211.423306461085,-2.383183533792635,0.0,0.0,1779.9499999996224,-3.3036899999992713,0.0,0.0,0.0,0.0,0.0,0.0,0.0,0.0,0.0,0.0,0.0,1256.0899999992198,-0.09666209999996755,0.0,0.0,0.0,0.0,0.0,0.0,0.0,0.0,0.0,-0.005713862870390274,0.37801979023051135,5739.4002166576465,-278.54910273002406,0.0,7.665507252506711e-07,0.0,-1.0025396548539522e-08,54.04287940483863,-0.01608525195379834,54.04287940483863,0.0,1.4432502304495607,37356.11736650089,-58.81365411087107,4495.8780492810765,15.703924184713898,0.0,-1.174231154512279e-15,0.0,3.3243331538000467e-13,-594.0801049043923,5.327758288853253,-594.0801049043923,0.0,-298.3840009303401,998.9999999998563,-82.70958007794994,19.212374606923916,2.2044302459156757,gaze,0.5037007073535038,0.5999344686237061,-15.595707513360672,-89.28572273228488,811.4827878900252,28.79114933421535,-1.2395818894194761,-34.57791639424639,-0.015657980153078274,-0.024681048448181246,0.9879454435327005,4.283656966220617,-29.238721224324376,-3.226984851913402,-33.95253929232673,-0.008477868023076596,-0.10702004881429572,0.9846596684851685,4.3286863236339626,-0.2669407454187684,-1.9894018821251764,-34.13883876397146,-0.012282777223720193,-0.0400866294131545,0.989803474362009,4.246228674477033,84.57028238610363,False,0.939622543431467,imu,-0.8362176144000002,-9.4083453912,2.935733942400001,-0.94198319,2.54163939,-4.93942563,74.40988520253565,-2.7554915582517157,-0.8354652810143106
235.989439,25.963530254652827,-17.22211008569839,4438.65177231776,-39.44094609019955,62.61144916548089,10.645241020044404,155.76480799364526,-323552.3935456127,1.612223232128235,10.726311169507209,-744052.2686085907,-3.1352359651959816,62.61144916548089,47718541656.37042,-538.4037960278907,-2.6989098211397184,78.26993976753101,-43.57175167440321,24.257403030820885,-17.35976831688359,78.42148139032315,225.5448085467442,-4063491.846530935,-2646.2910191171204,0.0,16.559293609743573,-139937.16700091807,-1381463205930.4421,-28229.186215633064,-2.384233642661723,0.0,0.0,1779.9499999996187,-3.3036899999992677,0.0,0.0,0.0,0.0,0.0,0.0,0.0,0.0,0.0,0.0,0.0,1256.0899999992162,-0.09666209999996744,0.0,0.0,0.0,0.0,0.0,0.0,0.0,0.0,0.0,-0.00571824967240557,0.3780201448280427,5739.4022052321525,-278.55599753849265,0.0,7.668973057451179e-07,0.0,-1.0025712305682029e-08,54.04291143307216,-0.016077450503637958,54.04291143307216,0.0,1.4432509584089512,37379.843603710695,-58.84138119911333,4495.883507168401,15.71314244571954,0.0,-1.1747908781905917e-15,0.0,3.3259093838653374e-13,-594.3518751061233,5.330268817512179,-594.3518751061233,0.0,-298.52845854082653,998.9999999998581,-82.75618254607892,19.22167086972759,2.220509179962992,gaze,0.5036135649381982,0.6001486303299178,-15.069580752006846,-90.93430873364832,810.9026368517078,28.791989106173517,-1.242413941674182,-34.5784431631763,-0.015549194479482123,-0.02481734753623848,0.9879269654560247,4.283656116263019,-29.237142446349434,-3.228744936248462,-33.95279740592145,-0.008377136321228825,-0.10724534038284148,0.9846444705647078,4.328817938334565,-0.26620303681935176,-1.9906520643246137,-34.138886772145256,-0.012167174724972012,-0.04021355340834683,0.9897924176617234,4.246167640317233,85.51582442359184,False,0.9382603099270246,imu,-0.766652015529785,-9.462310143943544,2.9301212549707567,0.019126089709816607,2.093892953721615,-4.7793446370596655,75.7578724,-3.009105200000017,-1.812754400000005
235.997447,26.18139037943368,-17.550809522421886,4438.631542861927,-39.785580139323365,63.019304392086724,10.719261798964165,157.9383716037637,-328006.5090229511,1.6252941896357405,10.800910112866285,-753302.7325069781,-3.164242864194267,63.019304392086724,48378181739.99761,-542.7846637204681,-2.7181589000700574,78.46945237205466,-43.9020069598656,24.462595254838735,-17.689443272927022,78.62224773824164,228.4946406211277,-4116588.976463025,-2672.4016932473914,0.0,16.694134170644972,-141757.29168581395,-1400651056800.6306,-28546.0676917783,-2.4029415268878,0.0,0.0,1779.949999999615,-3.3036899999992606,0.0,0.0,0.0,0.0,0.0,0.0,0.0,0.0,0.0,0.0,0.0,1256.0899999992107,-0.09666209999996711,0.0,0.0,0.0,0.0,0.0,0.0,0.0,0.0,0.0,-0.0057964154357507125,0.3780264639147699,5739.437523047505,-278.678441458474,0.0,7.730718120708483e-07,0.0,-1.0031320032439921e-08,54.043482122879595,-0.015938483575871076,54.043482122879595,0.0,1.443263932867339,37803.1343094171,-59.33534790853996,4495.980613818276,15.877578741158814,0.0,-1.1847637952149577e-15,0.0,3.3539937931167213e-13,-599.1928835362473,5.374994632655728,-599.1928835362473,0.0,-301.10204860233443,998.9999999998545,-83.58694642713036,19.38739520229987,2.5074003091612553,gaze,0.5020367194139326,0.6040000514624065,-3.6569896490972327,-115.0966354339799,804.6523511823789,28.807221491822425,-1.293764494224257,-34.587810563485135,-0.013584749069532373,-0.027273510513212633,0.9875979883713077,4.283623117488203,-29.208634522001518,-3.260459067746035,-33.95731425059433,-0.006555251113720087,-0.11129419613374605,0.9843752713396343,4.33115382667303,-0.25281245140263575,-2.0131929157799666,-34.139677083377045,-0.01007756401537143,-0.04249909827285016,0.9895970913304833,4.245048916046347,100.55169492823208,False,0.9139542392931772,imu,-0.8900513664000002,-9.4741421992,2.8986484688,-0.6279529699999999,2.57154703,-4.887087259999999,74.40454962689026,-2.7062696747917974,-0.8632710541210119
236.005761,26.408992386038857,-17.89517283889772,4438.611369301856,-40.145492692128876,63.444957279116394,10.79653220885905,160.20581761852918,-332679.50273123384,1.6389511563211245,10.878784209996143,-763003.6055491234,-3.194520157981935,63.444957279116394,49070725531.081474,-547.3620385599885,-2.738257728866726,78.67865133049293,-44.24695479265071,24.676967297763692,-18.03482512998304,78.83275678810992,231.57506950935772,-4172300.342075528,-2699.7226829684532,0.0,16.835009234929323,-143666.9933535477,-1420797092038.649,-28878.0393843105,-2.4224889766827578,0.0,0.0,1779.9499999996187,-3.303689999999264,0.0,0.0,0.0,0.0,0.0,0.0,0.0,0.0,0.0,0.0,0.0,1256.089999999207,-0.096662099999967,0.0,0.0,0.0,0.0,0.0,0.0,0.0,0.0,0.0,-0.005878117937652708,0.3780330703926582,5739.4742074022215,-278.80560242084107,0.0,7.795236355737134e-07,0.0,-1.0037144279655702e-08,54.0440786305702,-0.01579331503358672,54.0440786305702,0.0,1.4432775012072288,38246.6358167464,-59.85148942121991,4496.0818242015885,16.049817756013127,0.0,-1.1951869540059271e-15,0.0,3.383345747583615e-13,-604.2498815663575,5.4217281781085545,-604.2498815663575,0.0,-303.79123582110304,998.9999999998545,-84.45606331837536,19.56077741705525,2.8080511767647325,gaze,0.4936054218078543,0.657821652124488,10.79576674737008,-133.1560425620818,807.397186106012,28.96330704363989,-1.817015278898753,-34.5729897318522,0.0362900453372164,-0.1116454440455931,0.9930852568804378,3.699410915374756,-29.11512513493447,-3.816785458036236,-33.99617189141547,-0.010792409993366,-0.1940424721464581,0.980933760704476,4.355123043060303,-0.30194305294002,-1.852072881790058,-34.09033017485445,-0.0205123250033542,-0.0410118700584289,0.9960405790967564,4.207354259490967,111.34187706160355,False,-1.0,imu,-0.7499410301926996,-9.455629178898217,2.9475151592176503,0.5057874934812931,2.12073496212978,-4.87886932236326,74.39534310727085,-2.656806087624232,-0.890939038387348
236.005907,26.41300218140047,-17.901248471839942,4438.611022605888,-40.151832279356576,63.45245225237452,10.797892978898645,160.24573439320284,-332762.00936602056,1.6391917729630852,10.8801556125402,-763174.846818693,-3.195053327007531,63.45245225237452,49082957573.5529,-547.442686409839,-2.7386117216639225,78.6823438719415,-44.25303125618022,24.680744053120144,-18.04091870169013,78.83647241279687,231.62932732528475,-4173284.030761965,-2700.2044022211194,0.0,16.837491157784594,-143700.71238541655,-1421152930764.64,-28883.896314718928,-2.422833383056854,0.0,0.0,1779.9499999996187,-3.3036899999992606,0.0,0.0,0.0,0.0,0.0,0.0,0.0,0.0,0.0,0.0,0.0,1256.0899999992034,-0.09666209999996711,0.0,0.0,0.0,0.0,0.0,0.0,0.0,0.0,0.0,-0.0058795577209915795,0.3780331868272748,5739.474851760984,-278.80783581072797,0.0,7.796373121866387e-07,0.0,-1.0037246578234431e-08,54.044089142350856,-0.015790757627853258,54.044089142350856,0.0,1.4432777403744392,38254.4609379734,-59.860583373736944,4496.0836051156075,16.052856273770033,0.0,-1.195370623930322e-15,0.0,3.3838629647654554e-13,-604.3389692681225,5.422551580814987,-604.3389692681225,0.0,-303.83861748936795,998.9999999998563,-84.47138602964401,19.56383424577902,2.813356364736289,gaze,0.5003093718243825,0.6081701170933816,11.2662064959456,-133.75101428529015,804.5623826600976,28.82398303273376,-1.350240699427962,-34.597730228940975,-0.011441087845101203,-0.02994322200569885,0.9872486796354104,4.28355091300724,-29.177529190169786,-3.2949239595267827,-33.9619462141883,-0.004561253784403682,-0.11567241716729974,0.9840923020221799,4.333618819410919,-0.23805237980502292,-2.0377187126186405,-34.1403814548705,-0.007793080615963229,-0.0449799098776198,0.9893928728906249,4.243794064425644,112.48906967962297,False,0.8880334791604267,imu,-0.9103885616,-9.4621791432,2.9064244552,-0.06718472,2.8481927,-4.56558013,74.39514477824389,-2.6559277862357007,-0.8914272237471007
236.014367,26.64611534936737,-18.254980395474334,4438.591380592814,-40.52031942311372,63.8879434830029,10.876970349908323,162.56455249956707,-337569.2691887915,1.653181080533774,10.9598509371035,-773149.9986708633,-3.22603517064504,63.8879434830029,49795923151.39828,-552.13155797514,-2.759185534326253,78.89742499929275,-44.60625208200182,24.900311572371233,-18.39569319060851,79.05289566006422,234.78295622711903,-4230601.500971323,-2728.232676639167,0.0,16.98178280933166,-145665.42968773507,-1441894178462.831,-29224.89174526986,-2.4428574196374675,0.0,0.0,1779.9499999996005,-3.3036899999992464,0.0,0.0,0.0,0.0,0.0,0.0,0.0,0.0,0.0,0.0,0.0,1256.0899999991925,-0.09666209999996633,0.0,0.0,0.0,0.0,0.0,0.0,0.0,0.0,0.0,-0.005963283895392246,0.3780399585279155,5739.512198340672,-278.93727069523766,0.0,7.862466689885623e-07,0.0,-1.0043175503873542e-08,54.04470042033398,-0.01564208700208769,54.04470042033398,0.0,1.4432916520996883,38710.074923225395,-60.38931571765768,4496.187012245537,16.229744238288973,0.0,-1.2060507654961911e-15,0.0,3.4139382051833767e-13,-609.51791169085,5.47042507743393,-609.51791169085,0.0,-306.59347420385075,998.9999999998472,-85.36283632666988,19.74167934900899,3.122276436098832,gaze,0.4985176900746732,0.6124457466760947,24.840080974998916,-150.55988850990255,805.6037556843326,28.84144535924074,-1.4090637742824845,-34.6076658204558,-0.009225993948644519,-0.032691161592700364,0.9868976266820001,4.283439556770704,-29.145391014974116,-3.3303922476944545,-33.966429041641945,-0.002494818993347924,-0.12015571263324866,0.9838109095816916,4.336080185162001,-0.22264082859592416,-2.0629893131199073,-34.140947460342446,-0.005428171994489962,-0.04752989304961715,0.9891909698330881,4.242462691695755,120.70622306669848,False,0.8618635519191602,imu,-0.8410028368000001,-9.4125324608,2.9046299968,0.16459949,2.90800798,-5.27588658,74.38139784066739,-2.6044594514415382,-0.919809190774308
236.022827,26.88073657714018,-18.61202467014585,4438.572620766245,-40.89105161953508,64.32578745549205,10.956495870408812,164.8948612994136,-342428.7070630789,1.6672625524583815,11.039998060809735,-783228.9910067336,-3.25718890946205,64.32578745549205,50517149641.18115,-556.8514269316322,-2.779880865435365,79.11470986536006,-44.96167953418023,25.121304133216267,-18.753786142847936,79.27153163404728,237.95561184286498,-4288546.493395035,-2756.487865069934,0.0,17.12701347980955,-147651.61815730215,-1462876889931.2866,-29569.07603023232,-2.463014284056761,0.0,0.0,1779.9499999996078,-3.3036899999992464,0.0,0.0,0.0,0.0,0.0,0.0,0.0,0.0,0.0,0.0,0.0,1256.089999999187,-0.09666209999996633,0.0,0.0,0.0,0.0,0.0,0.0,0.0,0.0,0.0,-0.006047597868540325,0.3780467793640807,5739.549562738328,-279.06674630870157,0.0,7.929000948725434e-07,0.0,-1.0049106827491712e-08,54.04531598502439,-0.015492467282312627,54.04531598502439,0.0,1.44330566878876,39170.00667387533,-60.92156167127834,4496.290836382999,16.40825054887678,0.0,-1.2168045867756822e-15,0.0,3.44422054849024e-13,-614.7298633488653,5.518616636876739,-614.7298633488653,0.0,-309.36670587291957,998.9999999998527,-86.26133822488538,19.920938763458167,3.4341742298107336,gaze,0.49666049586426064,0.6168285083460209,31.070979158527404,-165.26365982652143,804.4153763190185,28.859621858041386,-1.4702941749453593,-34.61760869996901,-0.006938212461251904,-0.03551862069303727,0.9865448989126989,4.2832882442043445,-29.11220212705218,-3.3668806987698865,-33.970757098179014,-0.0003546551485783603,-0.12474559420873521,0.9835312107353893,4.3385370887244665,-0.20655598268497746,-2.089017644049024,-34.14137073725035,-0.002981414291552121,-0.050150167071625035,0.9889915099005839,4.24105322038676,126.2932668579179,False,0.835444743631746,imu,-0.8697141712000002,-9.330585527200002,2.904031844000001,0.5982602699999999,2.87062343,-5.50767079,74.3630272357599,-2.5518524093260258,-0.9482874993859408
236.025741,26.961900950604324,-18.73577705596967,4438.566364027662,-41.019269914465994,64.4771468402279,10.983992115377077,165.7001902186248,-344114.67099271715,1.6721342571064814,11.067709261473707,-786724.8333993063,-3.2679595360188607,64.4771468402279,50767497796.56243,-558.4843637511428,-2.7870374896883665,79.19006525252621,-45.08461730641706,25.19775489807586,-18.877901159870255,79.34735449169511,239.05283628065104,-4308651.5508039575,-2766.272992972964,0.0,17.177255590789976,-148340.7529747524,-1470160557642.103,-29688.3707572554,-2.4699880768757008,0.0,0.0,1779.9499999995933,-3.3036899999992286,0.0,0.0,0.0,0.0,0.0,0.0,0.0,0.0,0.0,0.0,0.0,1256.0899999991816,-0.09666209999996578,0.0,0.0,0.0,0.0,0.0,0.0,0.0,0.0,0.0,-0.006076776158734878,0.37804914020326885,5739.562436814354,-279.11135293063444,0.0,7.952020728855525e-07,0.0,-1.0051150397487009e-08,54.04552901053796,-0.015440711043638533,54.04552901053796,0.0,1.443310521198466,39329.432883491914,-61.10570742077743,4496.326694798474,16.47011220855441,0.0,-1.220525807371062e-15,0.0,3.454699274304239e-13,-616.5327618788168,5.535289871809469,-616.5327618788168,0.0,-310.3262005162317,998.9999999998472,-86.57246238798336,19.983012644911355,3.54229764979231,gaze,0.4812889627399514,0.6975566413379136,30.96721802628797,-169.434581140145,800.2337301068576,29.03915316014604,-2.237714312700563,-34.79681057793838,0.0640308559198754,-0.1526419523571409,0.986205092194706,3.655902862548828,-28.88384564992997,-4.251250057570459,-34.13788124802431,0.0084152748066167,-0.2371281825869925,0.971441922182134,4.412115097045898,-0.2091012912186851,-2.2095987518584783,-34.18473887948649,-0.0071301173608786,-0.0822268334651943,0.991927782258296,4.15950574874878,128.868973095429,False,-1.0,imu,-0.7284110369484293,-9.447122624849564,2.9698409395935474,1.1821138373272304,2.187414863586075,-4.950983942056528,74.35557677482024,-2.533466317309911,-0.9580943239765218
236.031286,27.116844575057414,-18.972357946318333,4438.554749140632,-41.2639947251361,64.76594139224173,11.036462024702924,167.2364187133844,-347340.16005150974,1.6814349493041678,11.120589409718846,-793411.4209660237,-3.288511345180643,64.76594139224173,51246621890.10749,-561.60187882605,-2.8006957759601026,79.33418655714786,-45.319281333778584,25.343701697462922,-19.11517411024556,79.49236830332507,241.1470005262206,-4347117.180501894,-2784.967941011836,0.0,17.27317020263434,-149659.21468939199,-1484100643843.3936,-29916.43006379659,-2.4833022195474843,0.0,0.0,1779.9499999996042,-3.3036899999992393,0.0,0.0,0.0,0.0,0.0,0.0,0.0,0.0,0.0,0.0,0.0,1256.089999999178,-0.096662099999966,0.0,0.0,0.0,0.0,0.0,0.0,0.0,0.0,0.0,-0.00613249349409771,0.3780536488695163,5739.586940485693,-279.19624753664084,0.0,7.995970085902483e-07,0.0,-1.0055039865756494e-08,54.045935791197394,-0.01534191189358175,54.045935791197394,0.0,1.443319789514705,39634.23160427002,-61.45727447739876,4496.395066358229,16.588361754889917,0.0,-1.2276311715352156e-15,0.0,3.474707415753318e-13,-619.9743552933023,5.567122025059364,-619.9743552933023,0.0,-312.15806880889716,998.999999999849,-87.16682532216808,20.101599330697468,3.74902609484694,gaze,0.4947368314853246,0.6213194453272902,28.304740196895946,-174.81735160964575,801.06615300463,28.878523762754423,-1.533985600723238,-34.627548816703886,-0.004576760609951821,-0.03842655294294266,0.9861906087189147,4.283096189053734,-29.077948611644707,-3.404401728743827,-33.97492419976184,0.0018602744740429285,-0.1294430235869387,0.9832533563125091,4.340988395060559,-0.18977756817491906,-2.11581353534478,-34.14164684776172,-0.00045167488914188425,-0.05284153807073266,0.9887946454321177,4.239564239317779,130.38442139181532,False,0.8087805241547967,imu,-0.9103885616,-9.3108464848,2.9159949,1.35342818,2.9229618,-5.20111748,74.33974597416444,-2.498100755121007,-0.9767210321443099
236.039746,27.354501897120972,-19.336084932146377,4438.537765455381,-41.63924702370477,65.2085187808103,11.116889689683758,169.58981381813646,-352305.2123968154,1.6957020647240157,11.201646024468497,-803700.5072060871,-3.3200103986716023,65.2085187808103,51984584354.53158,-566.3841862581228,-2.8216357176070153,79.5559211831461,-45.67915218680534,25.567563202140384,-19.479962076813614,79.71547214094142,244.35796183532284,-4406332.5719507905,-2813.6809972081073,0.0,17.420291914564643,-151688.87039822974,-1505572572351.2786,-30267.058219886658,-2.5037266744548754,0.0,0.0,1779.9499999996005,-3.3036899999992286,0.0,0.0,0.0,0.0,0.0,0.0,0.0,0.0,0.0,0.0,0.0,1256.0899999991725,-0.09666209999996545,0.0,0.0,0.0,0.0,0.0,0.0,0.0,0.0,0.0,-0.006217994784226966,0.3780605690185621,5739.62434037152,-279.3258051953826,0.0,8.063392072440979e-07,0.0,-1.0060976039705098e-08,54.0465600138088,-0.015190380796625103,54.0465600138088,0.0,1.4433340183678194,40102.89016575897,-61.996597629752316,4496.499727993389,16.77012840202478,0.0,-1.2385334487497217e-15,0.0,3.505407055874125e-13,-625.2527809580016,5.615954233903916,-625.2527809580016,0.0,-314.9683106396959,998.9999999998472,-88.07955292236338,20.283712079259274,4.066920259718404,gaze,0.4927450422801245,0.625921212418997,24.35435122839814,-179.09793002270646,797.4642338433632,28.89816917826487,-1.6002154087674338,-34.63747940528253,-0.002139802350531187,-0.04141695883234886,0.9858347437622963,4.282862527740349,-29.042604184614206,-3.442981268400828,-33.978925564447,0.004151807987278662,-0.13425064653415927,0.9829774000829169,4.34343382778873,-0.17227883159129348,-2.143396482356678,-34.14177139178856,0.002163093688348057,-0.05560578013601508,0.9886004605793456,4.237993790061473,133.3453580773193,False,0.7818649091433703,imu,-0.906201492,-9.3664746952,2.8962558576,2.42262631,2.96782326,-4.84970271,74.31124996870395,-2.4431793869304608,-1.0049702643455856
236.045833,27.526442159458583,-19.599871868750768,4438.526098477196,-41.91064933061003,65.52842710951545,11.1750384444451,171.29026176034859,-355910.622588858,1.7060251132778574,11.260249597106439,-811169.234529255,-3.3427813390090906,65.52842710951545,52520790509.97294,-569.8445168635058,-2.836778203949359,79.71684881040733,-45.939463807612654,25.729525295547006,-19.74451622147471,79.87739055806242,246.68018251982176,-4449335.715841252,-2834.4829538699396,0.0,17.52673525455936,-153162.8139957464,-1521174869335.1802,-30521.349021407077,-2.5185054801140248,0.0,0.0,1779.9499999995896,-3.3036899999992144,0.0,0.0,0.0,0.0,0.0,0.0,0.0,0.0,0.0,0.0,0.0,1256.0899999991616,-0.096662099999965,0.0,0.0,0.0,0.0,0.0,0.0,0.0,0.0,0.0,-0.0062798839573774135,0.378065579114752,5739.651260656574,-279.41904794049924,0.0,8.112178881886568e-07,0.0,-1.0065248654117148e-08,54.04701184699911,-0.015080758543712769,54.04701184699911,0.0,1.4433443223592999,40442.81778126221,-62.386846310867234,4496.575292488567,16.90192556138419,0.0,-1.2464239174463158e-15,0.0,3.527625539501331e-13,-629.0713221456408,5.651288672233835,-629.0713221456408,0.0,-317.0018138262609,998.9999999998454,-88.7406998409241,20.41563267886542,4.297513026281959,gaze,0.4840575207067691,0.7099683409582535,26.14814975633919,-180.5824031379079,798.3187565834114,28.92791455185029,-2.410655300479615,-34.83703542629392,0.0437857273686064,-0.1646927788390826,0.9853725684618296,3.92097282409668,-28.79747379458859,-4.415144861174275,-34.17644385260934,0.0173872725105252,-0.2508276495664505,0.967875597877958,4.400578022003174,-0.1187892315557803,-2.606927017347533,-34.28327317550206,0.0052353434910038,-0.126583803047921,0.9873917947480684,4.132988595962525,133.40242643999284,False,-1.0,imu,-0.7055313517992793,-9.438198755486223,2.993460129960371,1.9235012164663559,2.3034642062505646,-4.94884635035953,74.28735073187457,-2.4029365926558226,-1.0250930557541942
236.048206,27.593687469930337,-19.70318281131535,4438.5216758518145,-42.01677469820278,65.65347717278995,11.197771414902174,171.95480597717687,-357323.7118909806,1.7100626730031487,11.283160396891587,-814095.8676209322,-3.3516828929242575,65.65347717278995,52731023696.51992,-571.1979393945513,-2.8426987688229435,79.77990220030733,-46.04126013777135,25.792868813226995,-19.84812712848786,79.94083148675338,247.58820488430342,-4466190.971174946,-2842.625044874175,0.0,17.56836578698946,-153740.52665514764,-1527292307408.0674,-30620.94197682535,-2.5242859120473753,0.0,0.0,1779.9499999995787,-3.3036899999992038,0.0,0.0,0.0,0.0,0.0,0.0,0.0,0.0,0.0,0.0,0.0,1256.0899999991561,-0.09666209999996489,0.0,0.0,0.0,0.0,0.0,0.0,0.0,0.0,0.0,-0.006304095693546258,0.378067539353645,5739.661757929272,-279.4554041763836,0.0,8.131261161803367e-07,0.0,-1.0066914666421262e-08,54.04718860836704,-0.015037887276538597,54.04718860836704,0.0,1.4433483544397827,40575.958576000776,-62.539484892979196,4496.604810172095,16.953537280213993,0.0,-1.2495105133330539e-15,0.0,3.536316921329777e-13,-630.5646762497328,5.665109076563303,-630.5646762497328,0.0,-317.79719040063117,998.9999999998436,-88.99945577751464,20.467264082958465,4.387833509374019,gaze,0.4906841408493202,0.6306348908822219,27.88282108704626,-181.31300609014227,795.6701416585921,28.918569676432014,-1.6690394550309993,-34.647389931277246,0.00037367691633769656,-0.04449082336865427,0.9854774182912436,4.282586455417177,-29.00615448477376,-3.4826321530857234,-33.98275485533319,0.006521014110068817,-0.13916946129773922,0.9827034958671831,4.345872230265824,-0.1540384317925887,-2.1717766421999642,-34.14173981012018,0.004864059725704726,-0.05844372655327993,0.9884091109725739,4.236340422743645,133.9525338260814,False,0.754701373219545,imu,-0.8846679912000001,-9.420906600000002,2.904031844000001,3.02077911,3.03511545,-4.81979507,74.27723439131253,-2.387082129644761,-1.0328768804436512
236.056665,27.834379515969584,-20.073627243037365,4438.50648605953,-42.39654288550119,66.10077301879679,11.279099541206817,174.3311491100012,-362395.4833083004,1.7245155055992025,11.365124808416097,-824597.074041849,-3.383525569352541,66.10077301879679,53485922984.816536,-576.0427140003245,-2.8638829513618913,80.00611705709503,-46.405572203964894,26.01959803126132,-20.219644823878525,80.16843366794922,250.83742991961321,-4526690.405640938,-2871.797991355068,0.0,17.717378554246377,-155814.11538677406,-1549259376036.7764,-30978.061375652127,-2.544978133983071,0.0,0.0,1779.9499999995933,-3.3036899999992144,0.0,0.0,0.0,0.0,0.0,0.0,0.0,0.0,0.0,0.0,0.0,1256.0899999991598,-0.09666209999996533,0.0,0.0,0.0,0.0,0.0,0.0,0.0,0.0,0.0,-0.006390789908620451,0.3780745593948782,5739.699188684084,-279.58502935211436,0.0,8.19957140281531e-07,0.0,-1.0072855061894276e-08,54.047821528425516,-0.014884445059929474,54.047821528425516,0.0,1.4433627967746965,41053.41111191803,-63.08588839849442,4496.7103015810935,17.138574426932635,0.0,-1.2605614260287936e-15,0.0,3.567434368583461e-13,-635.9095617151962,5.714582218345286,-635.9095617151962,0.0,-320.6444585833494,998.9999999998454,-89.92646540430562,20.652241767015454,4.711741242204965,gaze,0.4885531615420254,0.6354615216745233,31.139689912774973,-184.49084445834498,796.2947416859819,28.93973659851924,-1.740513309011493,-34.65726962492891,0.0029646671790311517,-0.04764910302514275,0.985118748272416,4.282267180390737,-28.968585513140372,-3.5233668602838257,-33.986405749679044,0.008968936422947977,-0.14420042545329395,0.9824317979090318,4.348302438643121,-0.13503487899819208,-2.2009639133601224,-34.141547565168416,0.007652363691467361,-0.06135618513252444,0.9882207524002398,4.234602712024297,128.70947036452657,False,0.7272935254053952,imu,-0.8649289488,-9.399971252000002,2.921976428000001,3.0880713,2.91548489,-5.07401001,74.23738824985159,-2.32980329714523,-1.0602738519872992
236.065125,28.0766417283842,-20.447525533950753,4438.492196484636,-42.77865157218244,66.55052156925136,11.360895285437582,176.71944063495903,-367522.1555530578,1.7390644265968638,11.447560642385001,-835207.433048046,-3.4155464731104015,66.55052156925136,54249533931.35534,-580.9198063736366,-2.885193808778404,80.23463361594895,-46.77218476935356,26.247810869418295,-20.594622750098125,80.39834691838064,254.1064909199804,-4587850.425179516,-2901.2081092397875,0.0,17.867369867747172,-157910.3061818812,-1571481122836.6821,-31338.52340507121,-2.5658088905386607,0.0,0.0,1779.949999999586,-3.3036899999992073,0.0,0.0,0.0,0.0,0.0,0.0,0.0,0.0,0.0,0.0,0.0,1256.0899999991489,-0.09666209999996478,0.0,0.0,0.0,0.0,0.0,0.0,0.0,0.0,0.0,-0.00647810191320268,0.37808163115641635,5739.736641436568,-279.71471156983216,0.0,8.268341103842755e-07,0.0,-1.007879864909522e-08,54.048458952371334,-0.014730013384416873,54.048458952371334,0.0,1.4433773495479993,41535.39178506995,-63.63595432332608,4496.816228346557,17.32529162450092,0.0,-1.2716891724180761e-15,0.0,3.5987678057686985e-13,-641.2888559176757,5.764386894069295,-641.2888559176757,0.0,-323.51087683864955,998.9999999998454,-90.86084266655601,20.838697276334784,5.038733950430243,gaze,0.4863503678964032,0.640403876793859,12.593679293054315,-189.4146724283144,797.9687871648337,28.961688964210904,-1.8147189885758945,-34.667110972020474,0.005635093461604217,-0.05089389026210139,0.9847587234155502,4.281903788305373,-28.929869720518738,-3.5652125266783252,-33.98987314187448,0.01149750288631449,-0.1493462993299816,0.9821623656145528,4.3507241399578955,-0.11523939553764155,-2.2309787115145814,-34.141189989507325,0.010530153013597398,-0.06434501035395562,0.9880354755216135,4.232778596653608,112.72352580896506,False,0.6996352570946089,imu,-0.8523677400000002,-9.3664746952,2.9118078304,3.282470959999999,2.9977309,-4.887087259999999,74.19137721583841,-2.2713167526585867,-1.0869947808389786
236.065813,28.09641142932293,-20.47808294095295,4438.491074185942,-42.80982738454476,66.58720267883238,11.367567432295845,176.91417988128705,-367941.47727794945,1.7402517649319722,11.454285008295718,-836075.0788033674,-3.418158224283655,66.58720267883238,54312015116.80088,-581.3178309173359,-2.8869323666228026,80.25331794132978,-46.80209870013195,26.266434276222018,-20.62526823263638,80.41714523413782,254.37320158022862,-4592853.088088842,-2903.6101732200677,0.0,17.87961013140112,-158081.76510109982,-1573299431690.7751,-31367.98338877465,-2.567508932533098,0.0,0.0,1779.9499999995933,-3.3036899999992144,0.0,0.0,0.0,0.0,0.0,0.0,0.0,0.0,0.0,0.0,0.0,1256.0899999991543,-0.09666209999996489,0.0,0.0,0.0,0.0,0.0,0.0,0.0,0.0,0.0,-0.006485229300268763,0.37808220850804597,5739.739688010828,-279.7252596710573,0.0,8.273953636505984e-07,0.0,-1.0079282114679987e-08,54.04851098578945,-0.014717411554537374,54.04851098578945,0.0,1.4433785378402781,41574.785901292955,-63.68084653756728,4496.824861352827,17.340549348749406,0.0,-1.2725974563315951e-15,0.0,3.601325330109775e-13,-641.7278109268748,5.76845157122975,-641.7278109268748,0.0,-323.74481504272563,998.9999999998454,-90.93715026948209,20.853924838938966,5.065460657233799,gaze,0.4937983348891836,0.720478477245525,9.766606318021598,-189.9160846205449,796.9354398648479,28.80574449156368,-2.516644045707276,-34.81948868202601,0.0084287065727004,-0.1812172409003805,0.9834069699295224,4.137779235839844,-28.81264394547473,-4.452310525138714,-34.16374659302505,0.0144852701744545,-0.2560258512319248,0.966561400247776,4.35188102722168,-0.0431036086961132,-3.013666024481513,-34.378240255336,0.0139284276818336,-0.1722863687307039,0.9825239786604728,4.122257137298584,111.1997454241216,False,-1.0,imu,-0.6815172265023286,-9.428951539596422,3.018131600809544,2.678369331179947,2.481281893845573,-4.849243952447612,74.1873544266603,-2.2665072073844894,-1.089132471100695
236.073585,28.320452548455613,-20.824853884136573,4438.478812985035,-43.16306622542082,67.00267960750847,11.443151054448814,179.119435926581,-372703.5643154532,1.753708181341979,11.530460246762955,-845926.5375791253,-3.4477423670549046,67.00267960750847,55021841452.59146,-585.8287969569218,-2.9066293805060828,80.46543970090363,-47.14106517856005,26.477487034800195,-20.973037007513028,80.63055894215381,257.3950909247169,-4649669.190520304,-2930.853344137494,0.0,18.018326601477767,-160029.03552164417,-1593957129077.3594,-31702.30869958009,-2.5867764036605347,0.0,0.0,1779.9499999995787,-3.303689999999193,0.0,0.0,0.0,0.0,0.0,0.0,0.0,0.0,0.0,0.0,0.0,1256.0899999991416,-0.09666209999996456,0.0,0.0,0.0,0.0,0.0,0.0,0.0,0.0,0.0,-0.006566025496454686,0.3780887541671967,5739.77411171353,-279.8444357080143,0.0,8.337564380479983e-07,0.0,-1.0084744744436728e-08,54.04910083450136,-0.014574605834947074,54.04910083450136,0.0,1.4433920118227057,42021.87568867084,-64.18963532719268,4496.922579208942,17.51367515401803,0.0,-1.282892824534591e-15,0.0,3.630314621161444e-13,-646.7020843182977,5.8145188168650295,-646.7020843182977,0.0,-326.3961984147912,998.9999999998381,-91.8025202515741,21.026617271705646,5.368787473678052,gaze,0.4840747638913109,0.6454630360637043,-29.142580683278766,-195.32228624393485,798.4106477675401,28.98443846080358,-1.8917142813163692,-34.67690270215716,0.008385978301507493,-0.05422617362422173,0.9843974615971264,4.281495468432724,-28.88999265140832,-3.6081820585248408,-33.99315055250089,0.014107789801695143,-0.1546080778475667,0.9818953562962016,4.353136148175012,-0.09462938579297722,-2.261831269737612,-34.14066242118462,0.013498604637284086,-0.06741103778963552,0.9878534395003231,4.230866611688514,82.93491857446743,False,0.6717301826870834,imu,-0.8314323920000001,-9.3467356528,2.9267616504,3.64883955,2.88557725,-4.647826139999999,74.13887172623852,-2.2116165344732117,-1.1128542461152315
236.082045,28.565818799078404,-21.205632155472536,4438.4663395807,-43.54979710210607,67.45725667840645,11.525868848497511,181.53117063482205,-377940.1439346522,1.7684472195762841,11.613825637963005,-856755.2198697511,-3.480113768529505,67.45725667840645,55802919618.56787,-590.7698375262706,-2.928190204516491,80.69854979849106,-47.51222374177668,26.708632969365198,-21.354907484871966,80.86508426946784,260.70331619113745,-4712152.004337141,-2960.7350820178763,0.0,18.170253201873408,-162170.4846719845,-1616689570441.8535,-32069.440019851314,-2.6078813355807933,0.0,0.0,1779.9499999995824,-3.303689999999193,0.0,0.0,0.0,0.0,0.0,0.0,0.0,0.0,0.0,0.0,0.0,1256.0899999991361,-0.096662099999964,0.0,0.0,0.0,0.0,0.0,0.0,0.0,0.0,0.0,-0.006654564676107172,0.3780959287844712,5739.811599465458,-279.9742019671594,0.0,8.407243403962072e-07,0.0,-1.009069336650739e-08,54.0497472037855,-0.014418217900594832,54.0497472037855,0.0,1.4434067843658518,42512.8942412781,-64.74694850428698,4497.029355356666,17.703733097576915,0.0,-1.2941727575662805e-15,0.0,3.662075872547042e-13,-652.1494027121361,5.864979533970474,-652.1494027121361,0.0,-329.3005123173825,998.9999999998381,-92.75154016587797,21.216010227821386,5.701915804584638,gaze,0.48172509471361225,0.6506406558970431,-34.30538763585105,-201.23405941892497,795.8561911388006,29.00799936005341,-1.9715662256652073,-34.686634463143065,0.011218657613860164,-0.05764732102401696,0.9840350394146476,4.281041367898286,-28.848935313600833,-3.652293263293246,-33.99623187629255,0.01680116987647603,-0.1599873560006062,0.9816308964269966,4.355537554368298,-0.0731795387512211,-2.2935353430350416,-34.13996013221389,0.016559233008499496,-0.07055545233879694,0.9876747825720649,4.228865076948587,41.87182458025592,False,0.6435787085594028,imu,-0.8493769760000001,-9.373054376,2.9482951512,3.91800831,2.81080815,-4.46090339,74.07952877173105,-2.1506899126184296,-1.137660652701473
236.085905,28.678289383492366,-21.380519423711462,4438.4609518545985,-43.727021074119875,67.66547043951937,11.563764104215043,182.63547001863662,-380347.85836304724,1.7752039013959915,11.652017623599125,-861732.5975811305,-3.494942146889257,67.66547043951937,56162232112.48378,-593.0349493699388,-2.938069407190181,80.80567911969865,-47.682329982892185,26.814586762068007,-21.53029518816612,80.97286240869323,262.21928629800504,-4740882.771336848,-2974.4480159960804,0.0,18.239895380880185,-163155.15002255782,-1627147370580.5764,-32238.066945064067,-2.61755660666872,0.0,0.0,1779.9499999995787,-3.303689999999186,0.0,0.0,0.0,0.0,0.0,0.0,0.0,0.0,0.0,0.0,0.0,1256.0899999991307,-0.09666209999996389,0.0,0.0,0.0,0.0,0.0,0.0,0.0,0.0,0.0,-0.0066951675956982565,0.37809921955188974,5739.828709598216,-280.03342378838624,0.0,8.439187488897543e-07,0.0,-1.009340835772505e-08,54.050043617955566,-0.014346536660043208,54.050043617955566,0.0,1.443413561399801,42738.44379757008,-65.00244222269494,4497.078215164212,17.79100832234964,0.0,-1.2993448381471019e-15,0.0,3.676638941477142e-13,-654.6461901200724,5.888112636126024,-654.6461901200724,0.0,-330.63198237427366,998.9999999998381,-93.18699526439477,21.302915223869206,5.854935859603574,gaze,0.4907015787198532,0.7362406739730869,14.72765231700356,-203.8838823164168,793.9464049744282,28.91563731408347,-2.648087834086883,-34.80712610485799,0.0212581195908038,-0.2077452466948767,0.9779519440274906,4.191813468933105,-28.82875206175234,-4.48651001013272,-34.13746019468589,0.0131811546423459,-0.2620626554129599,0.964960839516404,4.303151607513428,0.0213915974603267,-3.3052117683925486,-34.44451543027286,0.0216470016929778,-0.2018029473781859,0.9777795352022732,4.1428728103637695,22.078892340586773,True,3.0,imu,-0.6560586306733004,-9.419271750415353,3.044154404840996,3.395565190197076,2.7383989984567148,-4.624746795143124,74.05008566276854,-2.1224803254115048,-1.1485747185932875
236.090504,28.812718041325496,-21.58983465436186,4438.4547816146805,-43.93880836325174,67.91420818820126,11.609040813988646,183.95439328432622,-383231.70216856897,1.7832802332315245,11.697648901373299,-867693.0167867603,-3.5126573376642307,67.91420818820126,56592749021.52135,-595.7424905637736,-2.9498742494186954,80.93395048319508,-47.88562652153475,26.94122754829412,-21.740208385299717,81.10190934966249,264.03085868532594,-4775296.693094949,-2990.8511398823794,0.0,18.32313599742995,-164334.57867243068,-1639677901999.92,-32439.896235131193,-2.6291218314796403,0.0,0.0,1779.949999999575,-3.303689999999179,0.0,0.0,0.0,0.0,0.0,0.0,0.0,0.0,0.0,0.0,0.0,1256.0899999991288,-0.09666209999996378,0.0,0.0,0.0,0.0,0.0,0.0,0.0,0.0,0.0,-0.006743712909855981,0.3781031545096267,5739.849100208397,-280.10399520200235,0.0,8.47737203475365e-07,0.0,-1.0096643830362548e-08,54.05039801210057,-0.014260863717201866,54.05039801210057,0.0,1.4434216661816563,43008.42015622648,-65.30784447705487,4497.1365452830505,17.895450797300484,0.0,-1.3055280009665101e-15,0.0,3.694048828579455e-13,-657.6303173924664,5.915764574094155,-657.6303173924664,0.0,-332.2235611358644,998.9999999998381,-93.70783108608208,21.40686200163691,6.03809305182471,gaze,0.4793003855993486,0.6559377721133135,157.68211047038943,-207.287476075963,790.4943960119851,29.03238313012418,-2.05433286631164,-34.69629451142733,0.014134129434312147,-0.06115829100914747,0.9836715775399739,4.280540688807818,-28.806683618632803,-3.6975586789552732,-33.99911061149641,0.01957869417663101,-0.16548508381662314,0.9813691446768117,4.357927157123094,-0.050866713754995505,-2.3261009050173045,-34.13907845651227,0.019713187256768638,-0.07377906256756518,0.9874996649844824,4.226772550191181,1.4181009847725177,True,0.615184629793786,imu,-0.8326286976000001,-9.4191121416,2.948893304,3.9853005,2.67622377,-4.23659609,74.01300445577687,-2.0885315115315346,-1.161210067959411
236.091032,28.828181122249823,-21.613931564256603,4438.45409057611,-43.96316730816835,67.9428112447418,11.614247730343129,184.10603890762286,-383563.84784290195,1.7842092749064757,11.702896596522516,-868379.4194498637,-3.5146945127456783,67.9428112447418,56642344083.43643,-596.0539481968761,-2.9512319221313215,80.94872108526556,-47.909009945987435,26.95579488933594,-21.76437406632965,81.11676917112607,264.2392150595838,-4779260.41571429,-2992.7388637292142,0.0,18.332711147050315,-164470.42202447317,-1641121427683.1526,-32463.13184001536,-2.630452228738754,0.0,0.0,1779.9499999995824,-3.303689999999193,0.0,0.0,0.0,0.0,0.0,0.0,0.0,0.0,0.0,0.0,0.0,1256.0899999991288,-0.09666209999996378,0.0,0.0,0.0,0.0,0.0,0.0,0.0,0.0,0.0,-0.006749298061638487,0.37810360726100445,5739.851441533487,-280.11209813786263,0.0,8.481764604280103e-07,0.0,-1.0097015335537824e-08,54.05043878510219,-0.014251009116940216,54.05043878510219,0.0,1.443422598784121,43039.502342156484,-65.34297625388993,4497.143250106303,17.9074735317606,0.0,-1.3062393305429006e-15,0.0,3.696051707629265e-13,-657.9735679196559,5.918945497863805,-657.9735679196559,0.0,-332.4066487040131,998.9999999998399,-93.76776730303459,21.41882403056232,6.059179521454841,gaze,0.4791465121131586,0.6562724318663907,181.38785189888867,-207.71162501724018,790.1253181353245,29.03393283936558,-2.0595975722058606,-34.69689489364681,0.014318896510565985,-0.06138046441585821,0.9836488566087733,4.2805078712270275,-28.80400612196641,-3.700422941651074,-33.99928345175714,0.019754895854167214,-0.16583223014730028,0.981352898157754,4.35807591000042,-0.04944468140090936,-2.328162611481239,-34.13901736315595,0.019913194358444835,-0.07398294168606516,0.9874888542276049,4.226638873723952,-0.5997188410859993,True,0.613404163554157,imu,-0.6493468594017656,-9.41673988566999,3.050992328348654,3.5629321061131165,2.8186373749934166,-4.544021180638137,73.4385044,-2.264466000000009,-0.5798272000000049
236.098964,29.06121551002439,-21.97757221908872,4438.4441403958335,-44.3302023002409,68.37365176972813,11.692688627747303,186.38971253262025,-388579.9289782047,1.7982111818125557,11.781951884054177,-878743.3550205249,-3.5453812870194614,68.37365176972813,57391591307.00469,-600.7480844755877,-2.9716871830345255,81.17171200502423,-48.26137217368871,27.17533224116874,-22.1290508338002,81.34110481344817,267.37859190280324,-4839123.545312812,-3021.210034819902,0.0,18.477015607353223,-166522.01237529342,-1662929759240.6821,-32813.78789852243,-2.6505035797716707,0.0,0.0,1779.949999999575,-3.303689999999179,0.0,0.0,0.0,0.0,0.0,0.0,0.0,0.0,0.0,0.0,0.0,1256.089999999118,-0.09666209999996356,0.0,0.0,0.0,0.0,0.0,0.0,0.0,0.0,0.0,-0.0068334953240078156,0.3781104334111407,5739.886622758924,-280.23384630172177,0.0,8.547969038306651e-07,0.0,-1.0102597561615218e-08,54.05105344251069,-0.014102501543094725,54.05105344251069,0.0,1.4434366615618188,43508.60229996567,-65.87247305766859,4497.244175523614,18.088881711471885,0.0,-1.3169616170533202e-15,0.0,3.7262421132609484e-13,-663.1462809515704,5.966887501115646,-663.1462809515704,0.0,-335.1661255171114,998.9999999998381,-94.67166143164829,21.599226255279163,6.377412772835831,gaze,0.47679878634412326,0.6613573189894949,599.1103702827738,-216.0753027370979,785.8989240552207,29.057610063716805,-2.140102742734046,-34.705874269663965,0.017134442399470595,-0.06476130366855803,0.9833070687243107,4.2799924459715,-28.76320826028949,-3.7440071158526007,-34.0017811970689,0.02244241553156827,-0.17110418014757178,0.9811101684575874,4.3603045911175515,-0.027659282651122562,-2.3595496496014774,-34.138012351635915,0.022962753695632183,-0.07708383446945367,0.9873281866086314,4.224586826814211,-13.44386876452048,True,0.5865416744918449,imu,-0.7883653904000001,-9.4472253232,2.945304387200001,3.87314685,2.6238854,-4.40108811,73.93892159172208,-2.025113770914564,-1.1832970245484087
236.105886,29.265708934013464,-22.29743025716496,4438.436119507649,-44.65218754471795,68.7513903529091,11.761477612969559,188.39110904069457,-392997.8629937172,1.8104995973093447,11.85127976430412,-887868.1232857894,-3.572287811344343,68.7513903529091,58051894323.54787,-604.8678515692801,-2.9896289466418553,81.36799496722483,-48.570525742420116,27.367984893205715,-22.449817635742278,81.53856803859378,270.1325058217549,-4891852.541607158,-3046.228754489238,0.0,18.603651607543586,-168329.0780173848,-1682150059940.4658,-33122.2463742253,-2.668101870223514,0.0,0.0,1779.949999999575,-3.303689999999179,0.0,0.0,0.0,0.0,0.0,0.0,0.0,0.0,0.0,0.0,0.0,1256.0899999991161,-0.09666209999996356,0.0,0.0,0.0,0.0,0.0,0.0,0.0,0.0,0.0,-0.006907422342700684,0.3781164282061078,5739.917336723374,-280.3401226728206,0.0,8.606075514683622e-07,0.0,-1.0107470844610297e-08,54.05159311933983,-0.013972189927587642,54.05159311933983,0.0,1.443449014542706,43921.2953110073,-66.33719334838045,4497.332557889116,18.248410778876504,0.0,-1.3263742050386695e-15,0.0,3.752744596553179e-13,-667.6851603785125,6.008964419355195,-667.6851603785125,0.0,-337.5880642508603,998.9999999998399,-95.4658245758464,21.757733623280444,6.65736319495566,gaze,0.5116855097891346,0.7660583627171502,-20.20268944445028,-229.6059318803368,788.3526157117257,28.29791611184778,-0.6926075980604454,-35.04645747169316,-0.1470335883705086,0.137298227733394,0.979556185500434,5.874622821807861,-28.85142895201833,-4.466189566934425,-34.10474814406464,0.0101420613687523,-0.2640131641251938,0.9644657525074678,4.305996894836426,-0.0187778774272704,-3.257711411198537,-34.502719829521865,0.0054080854584172,-0.1839056493981608,0.9747798272445722,4.355481386184692,22.078892340586773,True,3.0,imu,-0.6293968491791857,-9.40926129006666,3.071262191220959,3.9902836412413034,3.0892100483122564,-4.248696042796916,73.87243114008263,-1.9722848074715815,-1.2001245444866142
236.107435,29.311615172016715,-22.369330715036043,4438.434409362679,-44.7244568985336,68.83614533238563,11.776914179297442,188.84006799701092,-393991.70766049623,1.813258373894968,11.866837274368557,-889920.3801746395,-3.5783251929826445,68.83614533238563,58200485227.88972,-605.7927584506015,-2.9936556016895057,81.41213505520341,-48.639920161883616,27.411233432948432,-22.521922042448928,81.5829731111437,270.75060232927103,-4903714.843238598,-3051.84956682582,0.0,18.63208050245175,-168735.6051453855,-1686475399902.6663,-33191.587306136025,-2.6720528199171234,0.0,0.0,1779.9499999995678,-3.3036899999991647,0.0,0.0,0.0,0.0,0.0,0.0,0.0,0.0,0.0,0.0,0.0,1256.0899999991125,-0.09666209999996322,0.0,0.0,0.0,0.0,0.0,0.0,0.0,0.0,0.0,-0.006924023446053709,0.37811777456667617,5739.9242114568115,-280.36390904774044,0.0,8.619121038752696e-07,0.0,-1.0108561622059776e-08,54.05171430880614,-0.013942937520425469,54.05171430880614,0.0,1.4434517892474972,44014.07362220186,-66.44152675149263,4497.352375408147,18.284266254115536,0.0,-1.3284876643806233e-15,0.0,3.758695311585763e-13,-668.7040442351524,6.018411015579072,-668.7040442351524,0.0,-338.13181450285094,998.9999999998363,-95.64422887191407,21.793342132519243,6.720296808564463,gaze,0.4742158856659646,0.6669076607554337,-583.1365530362658,-234.0108016151987,790.4847739287213,29.0837264612676,-2.229053730700537,-34.71537374104623,0.020224697347308748,-0.06846221748197999,0.9829411599053685,4.279395014230336,-28.718435727093002,-3.7917142890953768,-34.004240019868526,0.025397313150231277,-0.17685317904714626,0.9808537986717882,4.362671696639594,-0.0035009666823312907,-2.3939371359112416,-34.13675526552774,0.026313533790409415,-0.08047506270366782,0.9871602957021121,4.222303396284356,39.30021681542575,True,0.5576159233599318,imu,-0.8021229048,-9.456795768,2.939921012000001,3.3871477,2.43696265,-4.56558013,73.85680477422926,-1.960346100541464,-1.2037229181492501
236.115906,29.563601868908155,-22.764628488117907,4438.42560702972,-45.12107519412173,69.30110276243339,11.861611042802572,191.30233682742983,-399460.5660480857,1.8284029154986396,11.95219781348198,-901210.6493300274,-3.6114471427719916,69.30110276243339,59018473974.01878,-610.8701793838537,-3.015751771966303,81.65492676998133,-49.02079390053115,27.648634235997108,-22.918338951971258,81.82721956501462,274.14263762815676,-4968993.47499259,-3082.731831304455,0.0,18.788135757949075,-170972.71374482656,-1710286995436.058,-33572.833787628464,-2.6937425144424094,0.0,0.0,1779.9499999995714,-3.3036899999991647,0.0,0.0,0.0,0.0,0.0,0.0,0.0,0.0,0.0,0.0,0.0,1256.0899999990997,-0.09666209999996278,0.0,0.0,0.0,0.0,0.0,0.0,0.0,0.0,0.0,-0.007015185040837493,0.37812516891047165,5739.961817474752,-280.4940148341393,0.0,8.690738750352762e-07,0.0,-1.0114528291035826e-08,54.052379791271846,-0.01378237232907975,54.052379791271846,0.0,1.4434670305965511,44524.218895985614,-67.0142911694677,4497.461006471291,18.48136223242514,0.0,-1.3400917082441153e-15,0.0,3.7913677814912066e-13,-674.2966158995331,6.070270434286313,-674.2966158995331,0.0,-341.1169050027502,998.9999999998363,-96.62432785145751,21.988969123339146,7.066320198820887,gaze,0.47155358156355787,0.6725835448596782,-10503.685896795005,-272.6393477717211,818.9757115006695,29.110714917932278,-2.3211474928515945,-34.72476898794706,0.023402437039951676,-0.07225782561991574,0.9825744055189524,4.2787481908505365,-28.67240202600852,-3.8406390617183686,-34.0064770649778,0.028441145266598064,-0.1827265032110376,0.98060050659562,4.365024418377354,0.02160617249834558,-2.4292347419797156,-34.135303502136956,0.029762938072621148,-0.08394973102830698,0.9869963625720671,4.219923292779302,222.46788212324964,True,0.528444938072906,imu,-0.7925524600000001,-9.474740352,2.9291542616,3.2376095,2.06311715,-4.59548777,73.76636344931812,-1.8942970888826243,-1.2222258442167822
