Timestamp,CoG Acceleration/X,CoG Acceleration/Y,CoG position/X,CoG position/Y,CoG position/Roll,CoG position/Pitch,CoG position/Yaw,Horizontal tangential speed,Over-steering criteria2,Pitch %ground,Pitch acceleration,Pitch speed,Roll %ground,Roll acceleration,Roll speed,Slope force,Speed/X,Speed/Y,Tangent Acceleration/X,Tangent Acceleration/Y,Tangential speed,Yaw %ground,Yaw acceleration,Yaw speed,Brake pedal force,Gas pedal,Steering wheel angle,Steering wheel speed,Intersection Id,Lane gap,CoG Acceleration/X.1,CoG Acceleration/Y.1,CoG position/X.1,CoG position/Y.1,Pitch acceleration.1,Pitch speed.1,Roll acceleration.1,Roll speed.1,Speed/X.1,Speed/Y.1,Tangential speed.1,Yaw acceleration.1,Yaw speed.1,CoG Acceleration/X.2,CoG Acceleration/Y.2,CoG position/X.2,CoG position/Y.2,Pitch acceleration.2,Pitch speed.2,Roll acceleration.2,Roll speed.2,Speed/X.2,Speed/Y.2,Tangential speed.2,Yaw acceleration.2,Yaw speed.2,CoG Acceleration/X.3,CoG Acceleration/Y.3,CoG position/X.3,CoG position/Y.3,Pitch acceleration.3,Pitch speed.3,Roll acceleration.3,Roll speed.3,Speed/X.3,Speed/Y.3,Tangential speed.3,Yaw acceleration.3,Yaw speed.3,CoG Acceleration/X.4,CoG Acceleration/Y.4,CoG position/X.4,CoG position/Y.4,Pitch acceleration.4,Pitch speed.4,Roll acceleration.4,Roll speed.4,Speed/X.4,Speed/Y.4,Tangential speed.4,Yaw acceleration.4,Yaw speed.4,ExportChannel/1,ExportChannel/3,ExportChannel/4,distance_to_inter_0,Type_gaze,Data Gaze2D X,Data Gaze2D Y,Data Gaze3D X,Data Gaze3D Y,Data Gaze3D Z,Data Eyeright Gazeorigin X,Data Eyeright Gazeorigin Y,Data Eyeright Gazeorigin Z,Data Eyeright Gazedirection X,Data Eyeright Gazedirection Y,Data Eyeright Gazedirection Z,Data Eyeright Pupildiameter,Data Eyeleft Gazeorigin X,Data Eyeleft Gazeorigin Y,Data Eyeleft Gazeorigin Z,Data Eyeleft Gazedirection X,Data Eyeleft Gazedirection Y,Data Eyeleft Gazedirection Z,Data Eyeleft Pupildiameter,Avg_Gazeorigin_X,Avg_Gazeorigin_Y,Avg_Gazeorigin_Z,Avg_Gazedirection_X,Avg_Gazedirection_Y,Avg_Gazedirection_Z,Avg_Pupildiameter,Velocity,Is_Fixation,Fixation_ID,Type_imu,Data Accelerometer X,Data Accelerometer Y,Data Accelerometer Z,Data Gyroscope X,Data Gyroscope Y,Data Gyroscope Z,Data Magnetometer X,Data Magnetometer Y,Data Magnetometer Z,hazard_1_x,hazard_1_y,gaze_intersects_hazard,combined_gaze_car_x,combined_gaze_car_y,driver_position_x,driver_position_y,distance_to_hazard,yaw_continuous,global_collision_flag,time_to_collision_flag
52.2735,-10.4751,0.205914,380.222,-24.9196,0.00344659,-0.62,-0.0541401,959.919,0.000367299,-0.619864,181.478,0.355305,0.00344659,17.6133,-0.0137638,-0.00452078,3.45528,-0.0266369,-10.4753,0.125185,3.45573,-0.0541401,6.93063,-0.269026,1.00256,0.0,-17.901,24.0,3.0,-0.857983,-0.948421,0.151636,388.465,-22.2249,0.0,4.02295e-21,0.0,-3.9750399999999994e-20,5.16023,-0.013649,5.16023,0.0,6.06042,0.0,0.0,2810.82,-14.6177,0.0,0.0,0.0,0.0,0.0,0.0,0.0,0.0,0.0,0.0,0.0,3785.53,-83.4882,0.0,0.0,0.0,0.0,0.0,0.0,0.0,0.0,0.0,0.0,0.0,7388.63,-42.0105,0.0,0.0,0.0,0.0,0.0,0.0,0.0,0.0,0.0,999.0,999.0,1.0,6.032869861019744,gaze,0.5553264772682719,0.5810558718467254,-27.25375739871807,-17.35400127986496,235.7631583761535,-36.27823901941211,-17.14820337784534,-31.82816261425895,0.0337056942821712,-0.0007686381845445,0.999431506091487,4.973133087158203,24.12555212906129,-16.68547744920204,-22.17298501023805,0.5804087507615249,0.5970362591872088,0.5537809921396637,4.186609268188477,-36.27823901941211,-17.14820337784534,-31.82816261425895,0.0337056942821712,-0.0007686381845445,0.999431506091487,4.973133087158203,1.3025166903200087,True,0.0,imu,-0.490485296,-9.430477044800002,2.4966897872,1.04687487,-1.39121527,-4.625395409999999,97.1204724,-37.94611160000001,133.6383368,388.465,-22.2249,False,0.930296749305385,-0.3668077946715878,381.71862136253503,-25.321014370948145,5.354929404798767,-0.0541401,False,inf
52.2895,-10.7615,0.181955,380.238,-24.9197,0.00317617,-0.614147,-0.0584185,958.295,-0.000161535,-0.614012,184.871,0.460429,0.00317617,16.3248,-0.0105565,-0.00446155,3.44942,-0.0259319,-10.7611,0.101082,3.44989,-0.0584185,6.61788,-0.262361,1.64021,0.0,-17.469,24.0,3.0,-0.857983,-0.913547,0.149031,388.448,-22.2391,0.0,3.8386899999999995e-21,0.0,-3.7929899999999994e-20,5.10974,-0.0134127,5.10974,0.0,6.0155,0.0,0.0,2810.82,-14.6177,0.0,0.0,0.0,0.0,0.0,0.0,0.0,0.0,0.0,0.0,0.0,3785.53,-83.4882,0.0,0.0,0.0,0.0,0.0,0.0,0.0,0.0,0.0,0.0,0.0,7388.63,-42.0105,0.0,0.0,0.0,0.0,0.0,0.0,0.0,0.0,0.0,999.0,999.0,1.0,6.017295346748417,gaze,0.5553264772682719,0.5810558718467254,-27.25375739871807,-17.35400127986496,235.7631583761535,-36.27823901941211,-17.14820337784534,-31.82816261425895,0.0337056942821712,-0.0007686381845445,0.999431506091487,4.973133087158203,24.12555212906129,-16.68547744920204,-22.17298501023805,0.5804087507615249,0.5970362591872088,0.5537809921396637,4.186609268188477,-36.27823901941211,-17.14820337784534,-31.82816261425895,0.0337056942821712,-0.0007686381845445,0.999431506091487,4.973133087158203,1.3025166903200087,True,0.0,imu,-0.490485296,-9.430477044800002,2.4966897872,1.04687487,-1.39121527,-4.625395409999999,97.1204724,-37.94611160000001,133.6383368,388.448,-22.2391,False,0.9303241370445204,-0.366738326375044,381.7345913838817,-25.321226125788804,5.329440568383855,-0.0584184999999999,False,inf
52.3055,-10.615,0.126716,380.253,-24.9199,0.00299124,-0.606335,-0.0625656,954.962,-0.0011125,-0.606203,181.132,0.573783,0.00299124,11.7347,-0.00740029,-0.00439824,3.43742,-0.0253124,-10.6146,0.0485744,3.4379,-0.0625656,4.48591,-0.254866,1.00256,0.0,-17.019,24.0,3.0,-0.857983,-0.879221,0.146668,388.431,-22.2528,0.0,3.67305e-21,0.0,-3.6293199999999996e-20,5.06376,-0.0131962,5.06376,0.0,5.97333,0.0,0.0,2810.82,-14.6177,0.0,0.0,0.0,0.0,0.0,0.0,0.0,0.0,0.0,0.0,0.0,3785.53,-83.4882,0.0,0.0,0.0,0.0,0.0,0.0,0.0,0.0,0.0,0.0,0.0,7388.63,-42.0105,0.0,0.0,0.0,0.0,0.0,0.0,0.0,0.0,0.0,999.0,999.0,1.0,6.00267118956222,gaze,0.5553264772682719,0.5810558718467254,-27.25375739871807,-17.35400127986496,235.7631583761535,-36.27823901941211,-17.14820337784534,-31.82816261425895,0.0337056942821712,-0.0007686381845445,0.999431506091487,4.973133087158203,24.12555212906129,-16.68547744920204,-22.17298501023805,0.5804087507615249,0.5970362591872088,0.5537809921396637,4.186609268188477,-36.27823901941211,-17.14820337784534,-31.82816261425895,0.0337056942821712,-0.0007686381845445,0.999431506091487,4.973133087158203,1.3025166903200087,True,0.0,imu,-0.490485296,-9.430477044800002,2.4966897872,1.04687487,-1.39121527,-4.625395409999999,97.1204724,-37.94611160000001,133.6383368,388.431,-22.2528,False,0.930350679329092,-0.3666709880422739,381.7495623172799,-25.321534448843533,5.304888535828038,-0.0625656,False,inf
52.3215,-10.9048,0.133879,380.268,-24.92,0.0028546,-0.597421,-0.0666087,952.626,-0.0009498,-0.597291,183.293,0.639682,0.0028546,12.0973,-0.0028607,-0.00433436,3.42899,-0.0246957,-10.9043,0.0553691,3.4295,-0.0666087,4.6893,-0.246534,1.64021,0.0,-16.65,24.0,3.0,-0.857983,-0.844894,0.144305,388.414,-22.2666,0.0,3.50741e-21,0.0,-3.46565e-20,5.01779,-0.0129797,5.01779,0.0,5.93115,0.0,0.0,2810.82,-14.6177,0.0,0.0,0.0,0.0,0.0,0.0,0.0,0.0,0.0,0.0,0.0,3785.53,-83.4882,0.0,0.0,0.0,0.0,0.0,0.0,0.0,0.0,0.0,0.0,0.0,7388.63,-42.0105,0.0,0.0,0.0,0.0,0.0,0.0,0.0,0.0,0.0,999.0,999.0,1.0,5.988072561350644,gaze,0.5553264772682719,0.5810558718467254,-27.25375739871807,-17.35400127986496,235.7631583761535,-36.27823901941211,-17.14820337784534,-31.82816261425895,0.0337056942821712,-0.0007686381845445,0.999431506091487,4.973133087158203,24.12555212906129,-16.68547744920204,-22.17298501023805,0.5804087507615249,0.5970362591872088,0.5537809921396637,4.186609268188477,-36.27823901941211,-17.14820337784534,-31.82816261425895,0.0337056942821712,-0.0007686381845445,0.999431506091487,4.973133087158203,1.3025166903200087,True,0.0,imu,-0.490485296,-9.430477044800002,2.4966897872,1.04687487,-1.39121527,-4.625395409999999,97.1204724,-37.94611160000001,133.6383368,388.414,-22.2666,False,0.9303765513002424,-0.3666053365550857,381.7645339720555,-25.321740053372483,5.280160397682114,-0.0666087,False,inf
52.3375,-10.4455,0.181267,380.283,-24.9201,0.00281049,-0.586857,-0.0705173,944.166,0.0002482,-0.586729,177.746,0.766982,0.00281049,16.0354,0.00313967,-0.00425885,3.39852,-0.0239334,-10.4469,0.107714,3.39906,-0.0705173,5.99154,-0.237896,0.0,0.0,-16.272,18.0,3.0,-0.857983,-0.813311,0.141987,388.397,-22.2805,0.0,3.3447999999999995e-21,0.0,-3.30498e-20,4.97209,-0.0127692,4.97209,0.0,5.89006,0.0,0.0,2810.82,-14.6177,0.0,0.0,0.0,0.0,0.0,0.0,0.0,0.0,0.0,0.0,0.0,3785.53,-83.4882,0.0,0.0,0.0,0.0,0.0,0.0,0.0,0.0,0.0,0.0,0.0,7388.63,-42.0105,0.0,0.0,0.0,0.0,0.0,0.0,0.0,0.0,0.0,999.0,999.0,1.0,5.973475923614321,gaze,0.5553264772682719,0.5810558718467254,-27.25375739871807,-17.35400127986496,235.7631583761535,-36.27823901941211,-17.14820337784534,-31.82816261425895,0.0337056942821712,-0.0007686381845445,0.999431506091487,4.973133087158203,24.12555212906129,-16.68547744920204,-22.17298501023805,0.5804087507615249,0.5970362591872088,0.5537809921396637,4.186609268188477,-36.27823901941211,-17.14820337784534,-31.82816261425895,0.0337056942821712,-0.0007686381845445,0.999431506091487,4.973133087158203,1.3025166903200087,True,0.0,imu,-0.490485296,-9.430477044800002,2.4966897872,1.04687487,-1.39121527,-4.625395409999999,97.1204724,-37.94611160000001,133.6383368,388.397,-22.2805,False,0.930401558195921,-0.3665418673311445,381.7795065626949,-25.32194214290105,5.255350910479306,-0.0705173,False,inf
52.3535,-10.9016,0.137109,380.299,-24.9203,0.00276774,-0.575994,-0.0743207,944.451,-0.000631803,-0.575869,178.756,0.731424,0.00276774,11.4533,0.00196955,-0.00418421,3.39954,-0.0233864,-10.9012,0.0621405,3.4001,-0.0743207,5.63468,-0.233131,2.27786,0.0,-15.903,18.0,3.0,-0.857983,-0.792987,0.139853,388.38,-22.2946,0.0,3.19465e-21,0.0,-3.15661e-20,4.92752,-0.0125839,4.92752,0.0,5.85343,0.0,0.0,2810.82,-14.6177,0.0,0.0,0.0,0.0,0.0,0.0,0.0,0.0,0.0,0.0,0.0,3785.53,-83.4882,0.0,0.0,0.0,0.0,0.0,0.0,0.0,0.0,0.0,0.0,0.0,7388.63,-42.0105,0.0,0.0,0.0,0.0,0.0,0.0,0.0,0.0,0.0,999.0,999.0,1.0,5.9578861931057725,gaze,0.5553264772682719,0.5810558718467254,-27.25375739871807,-17.35400127986496,235.7631583761535,-36.27823901941211,-17.14820337784534,-31.82816261425895,0.0337056942821712,-0.0007686381845445,0.999431506091487,4.973133087158203,24.12555212906129,-16.68547744920204,-22.17298501023805,0.5804087507615249,0.5970362591872088,0.5537809921396637,4.186609268188477,-36.27823901941211,-17.14820337784534,-31.82816261425895,0.0337056942821712,-0.0007686381845445,0.999431506091487,4.973133087158203,1.3025166903200087,True,0.0,imu,-0.490485296,-9.430477044800002,2.4966897872,1.04687487,-1.39121527,-4.625395409999999,97.1204724,-37.94611160000001,133.6383368,388.38,-22.2946,False,0.9304258878742436,-0.3664801047443438,381.7954798843716,-25.32224148289392,5.230091636553205,-0.0743207,False,inf
52.3695,-10.9258,0.176113,380.314,-24.9204,0.00276651,-0.564302,-0.078004,935.849,-0.00029185,-0.564179,176.606,0.801709,0.00276651,14.9031,0.00469655,-0.0040985,3.36858,-0.0225841,-10.9256,0.102888,3.36914,-0.078004,5.21227,-0.225106,2.91551,0.0,-15.552,24.0,3.0,-0.857983,-0.772664,0.137718,388.363,-22.3088,0.0,3.04449e-21,0.0,-3.00824e-20,4.88295,-0.0123985,4.88295,0.0,5.8168,0.0,0.0,2810.82,-14.6177,0.0,0.0,0.0,0.0,0.0,0.0,0.0,0.0,0.0,0.0,0.0,3785.53,-83.4882,0.0,0.0,0.0,0.0,0.0,0.0,0.0,0.0,0.0,0.0,0.0,7388.63,-42.0105,0.0,0.0,0.0,0.0,0.0,0.0,0.0,0.0,0.0,999.0,999.0,1.0,5.943293662608292,gaze,0.5553264772682719,0.5810558718467254,-27.25375739871807,-17.35400127986496,235.7631583761535,-36.27823901941211,-17.14820337784534,-31.82816261425895,0.0337056942821712,-0.0007686381845445,0.999431506091487,4.973133087158203,24.12555212906129,-16.68547744920204,-22.17298501023805,0.5804087507615249,0.5970362591872088,0.5537809921396637,4.186609268188477,-36.27823901941211,-17.14820337784534,-31.82816261425895,0.0337056942821712,-0.0007686381845445,0.999431506091487,4.973133087158203,1.3025166903200087,True,0.0,imu,-0.490485296,-9.430477044800002,2.4966897872,1.04687487,-1.39121527,-4.625395409999999,97.1204724,-37.94611160000001,133.6383368,388.363,-22.3088,False,0.9304494453862554,-0.3664202908961371,381.8104540421849,-25.32243768433868,5.2050233079609445,-0.078004,False,inf
52.3855,-10.941,0.121606,380.329,-24.9205,0.00282384,-0.550691,-0.0815319,919.403,-0.000516129,-0.550571,175.313,0.954712,0.00282384,10.5911,0.00801803,-0.00400254,3.30938,-0.0218147,-10.9408,0.0495087,3.30995,-0.0815319,5.01321,-0.214384,2.91551,0.0,-15.219,18.0,3.0,-0.857983,-0.761972,0.135519,388.346,-22.3228,0.0,2.89805e-21,0.0,-2.86354e-20,4.83745,-0.0122062,4.83745,0.0,5.77817,0.0,0.0,2810.82,-14.6177,0.0,0.0,0.0,0.0,0.0,0.0,0.0,0.0,0.0,0.0,0.0,3785.53,-83.4882,0.0,0.0,0.0,0.0,0.0,0.0,0.0,0.0,0.0,0.0,0.0,7388.63,-42.0105,0.0,0.0,0.0,0.0,0.0,0.0,0.0,0.0,0.0,999.0,999.0,1.0,5.928703167641306,gaze,0.5553264772682719,0.5810558718467254,-27.25375739871807,-17.35400127986496,235.7631583761535,-36.27823901941211,-17.14820337784534,-31.82816261425895,0.0337056942821712,-0.0007686381845445,0.999431506091487,4.973133087158203,24.12555212906129,-16.68547744920204,-22.17298501023805,0.5804087507615249,0.5970362591872088,0.5537809921396637,4.186609268188477,-36.27823901941211,-17.14820337784534,-31.82816261425895,0.0337056942821712,-0.0007686381845445,0.999431506091487,4.973133087158203,1.3025166903200087,True,0.0,imu,-0.490485296,-9.430477044800002,2.4966897872,1.04687487,-1.39121527,-4.625395409999999,97.1204724,-37.94611160000001,133.6383368,388.346,-22.3228,False,0.9304720053914768,-0.3663629991999244,381.8254292844927,-25.322629825445592,5.180153517343992,-0.0815319,False,inf
52.4015,-10.9634,0.134595,380.343,-24.9206,0.00296429,-0.534497,-0.0848875,899.71,-0.000175564,-0.53438,173.079,1.11296,0.00296429,11.8083,0.012955,-0.00389844,3.23849,-0.0209348,-10.9633,0.0637476,3.23907,-0.0848875,5.3416,-0.204191,2.91551,0.0,-14.895,18.0,3.0,-0.857983,-0.808962,0.132936,388.33,-22.336,0.0,2.77383e-21,0.0,-2.7408e-20,4.78632,-0.011972,4.78632,0.0,5.72755,0.0,0.0,2810.82,-14.6177,0.0,0.0,0.0,0.0,0.0,0.0,0.0,0.0,0.0,0.0,0.0,3785.53,-83.4882,0.0,0.0,0.0,0.0,0.0,0.0,0.0,0.0,0.0,0.0,0.0,7388.63,-42.0105,0.0,0.0,0.0,0.0,0.0,0.0,0.0,0.0,0.0,999.0,999.0,1.0,5.91508562575386,gaze,0.5553264772682719,0.5810558718467254,-27.25375739871807,-17.35400127986496,235.7631583761535,-36.27823901941211,-17.14820337784534,-31.82816261425895,0.0337056942821712,-0.0007686381845445,0.999431506091487,4.973133087158203,24.12555212906129,-16.68547744920204,-22.17298501023805,0.5804087507615249,0.5970362591872088,0.5537809921396637,4.186609268188477,-36.27823901941211,-17.14820337784534,-31.82816261425895,0.0337056942821712,-0.0007686381845445,0.999431506091487,4.973133087158203,1.3025166903200087,True,0.0,imu,-0.490485296,-9.430477044800002,2.4966897872,1.04687487,-1.39121527,-4.625395409999999,97.1204724,-37.94611160000001,133.6383368,388.33,-22.336,False,0.930493460309437,-0.3663085042984538,381.839405730683,-25.322817465034976,5.156773997154687,-0.0848875,False,inf
52.4175,-10.9665,0.135241,380.357,-24.9207,0.003134,-0.51702,-0.0881108,886.919,-0.00113874,-0.516906,168.802,1.12196,0.003134,11.6097,0.0132458,-0.00379275,3.19246,-0.0203052,-10.9661,0.0655171,3.19303,-0.0881108,4.54748,-0.197763,2.91551,0.0,-14.589,18.0,3.0,-0.857983,-0.855951,0.130353,388.315,-22.3492,0.0,2.64961e-21,0.0,-2.6180599999999997e-20,4.7352,-0.0117379,4.7352,0.0,5.67694,0.0,0.0,2810.82,-14.6177,0.0,0.0,0.0,0.0,0.0,0.0,0.0,0.0,0.0,0.0,0.0,3785.53,-83.4882,0.0,0.0,0.0,0.0,0.0,0.0,0.0,0.0,0.0,0.0,0.0,7388.63,-42.0105,0.0,0.0,0.0,0.0,0.0,0.0,0.0,0.0,0.0,999.0,999.0,1.0,5.901469875378491,gaze,0.5553264772682719,0.5810558718467254,-27.25375739871807,-17.35400127986496,235.7631583761535,-36.27823901941211,-17.14820337784534,-31.82816261425895,0.0337056942821712,-0.0007686381845445,0.999431506091487,4.973133087158203,24.12555212906129,-16.68547744920204,-22.17298501023805,0.5804087507615249,0.5970362591872088,0.5537809921396637,4.186609268188477,-36.27823901941211,-17.14820337784534,-31.82816261425895,0.0337056942821712,-0.0007686381845445,0.999431506091487,4.973133087158203,1.3025166903200087,True,0.0,imu,-0.490485296,-9.430477044800002,2.4966897872,1.04687487,-1.39121527,-4.625395409999999,97.1204724,-37.94611160000001,133.6383368,388.315,-22.3492,False,0.9305140663269542,-0.3662561567641924,381.8533831006876,-25.3230016479916,5.133771235947188,-0.0881108,False,inf
52.4335,-11.0826,0.15123,380.371,-24.9208,0.00332597,-0.499311,-0.0912057,866.395,-0.00051306,-0.4992,167.514,1.19161,0.00332597,12.4438,0.0181878,-0.00367793,3.11858,-0.0193428,-11.0827,0.0825146,3.11917,-0.0912057,4.59098,-0.187562,4.19081,0.0,-14.283,6.0,3.0,-0.857983,-0.902941,0.127771,388.299,-22.3624,0.0,2.5253999999999996e-21,0.0,-2.49533e-20,4.68408,-0.0115037,4.68408,0.0,5.62632,0.0,0.0,2810.82,-14.6177,0.0,0.0,0.0,0.0,0.0,0.0,0.0,0.0,0.0,0.0,0.0,3785.53,-83.4882,0.0,0.0,0.0,0.0,0.0,0.0,0.0,0.0,0.0,0.0,0.0,7388.63,-42.0105,0.0,0.0,0.0,0.0,0.0,0.0,0.0,0.0,0.0,999.0,999.0,1.0,5.887855928943945,gaze,0.5553264772682719,0.5810558718467254,-27.25375739871807,-17.35400127986496,235.7631583761535,-36.27823901941211,-17.14820337784534,-31.82816261425895,0.0337056942821712,-0.0007686381845445,0.999431506091487,4.973133087158203,24.12555212906129,-16.68547744920204,-22.17298501023805,0.5804087507615249,0.5970362591872088,0.5537809921396637,4.186609268188477,-36.27823901941211,-17.14820337784534,-31.82816261425895,0.0337056942821712,-0.0007686381845445,0.999431506091487,4.973133087158203,1.3025166903200087,True,0.0,imu,-0.490485296,-9.430477044800002,2.4966897872,1.04687487,-1.39121527,-4.625395409999999,97.1204724,-37.94611160000001,133.6383368,388.299,-22.3624,False,0.9305338487334324,-0.3662058934006195,381.8673613677002,-25.323182476326043,5.110412284329448,-0.0912057,False,inf
52.4495,-11.0768,0.106223,380.385,-24.921,0.00358128,-0.480071,-0.0941432,844.147,-0.000104303,-0.479964,165.922,1.2619,0.00358128,8.84624,0.0194941,-0.00355678,3.03851,-0.0185782,-11.0768,0.0385192,3.03909,-0.0941432,4.88836,-0.178448,3.55316,0.0,-14.004,18.0,3.0,-0.857983,-1.14024,0.122963,388.284,-22.3753,0.0,2.41327e-21,0.0,-2.38454e-20,4.58874,-0.0110676,4.58874,0.0,5.52268,0.0,0.0,2810.82,-14.6177,0.0,0.0,0.0,0.0,0.0,0.0,0.0,0.0,0.0,0.0,0.0,3785.53,-83.4882,0.0,0.0,0.0,0.0,0.0,0.0,0.0,0.0,0.0,0.0,0.0,7388.63,-42.0105,0.0,0.0,0.0,0.0,0.0,0.0,0.0,0.0,0.0,999.0,999.0,1.0,5.874219692861364,gaze,0.5553264772682719,0.5810558718467254,-27.25375739871807,-17.35400127986496,235.7631583761535,-36.27823901941211,-17.14820337784534,-31.82816261425895,0.0337056942821712,-0.0007686381845445,0.999431506091487,4.973133087158203,24.12555212906129,-16.68547744920204,-22.17298501023805,0.5804087507615249,0.5970362591872088,0.5537809921396637,4.186609268188477,-36.27823901941211,-17.14820337784534,-31.82816261425895,0.0337056942821712,-0.0007686381845445,0.999431506091487,4.973133087158203,1.3025166903200087,True,0.0,imu,-0.490485296,-9.430477044800002,2.4966897872,1.04687487,-1.39121527,-4.625395409999999,97.1204724,-37.94611160000001,133.6383368,388.284,-22.3753,False,0.9305526225375418,-0.3661581853359328,381.8813407359676,-25.323459192818127,5.087803365977463,-0.0941431999999999,False,inf
52.4655,-11.0402,0.150849,380.399,-24.9211,0.00385768,-0.46058,-0.0969518,826.005,0.000410727,-0.460477,163.635,1.22679,0.00385768,13.1623,0.0184111,-0.00343376,2.97323,-0.0178678,-11.0407,0.0845222,2.97377,-0.0969518,5.16612,-0.17128,2.91551,0.0,-13.725,18.0,3.0,-0.857983,-1.38642,0.118052,388.269,-22.3882,0.0,2.30172e-21,0.0,-2.2743099999999997e-20,4.49133,-0.010622,4.49133,0.0,5.41655,0.0,0.0,2810.82,-14.6177,0.0,0.0,0.0,0.0,0.0,0.0,0.0,0.0,0.0,0.0,0.0,3785.53,-83.4882,0.0,0.0,0.0,0.0,0.0,0.0,0.0,0.0,0.0,0.0,0.0,7388.63,-42.0105,0.0,0.0,0.0,0.0,0.0,0.0,0.0,0.0,0.0,999.0,999.0,1.0,5.860609337773687,gaze,0.5553264772682719,0.5810558718467254,-27.25375739871807,-17.35400127986496,235.7631583761535,-36.27823901941211,-17.14820337784534,-31.82816261425895,0.0337056942821712,-0.0007686381845445,0.999431506091487,4.973133087158203,24.12555212906129,-16.68547744920204,-22.17298501023805,0.5804087507615249,0.5970362591872088,0.5537809921396637,4.186609268188477,-36.27823901941211,-17.14820337784534,-31.82816261425895,0.0337056942821712,-0.0007686381845445,0.999431506091487,4.973133087158203,1.3025166903200087,True,0.0,imu,-0.490485296,-9.430477044800002,2.4966897872,1.04687487,-1.39121527,-4.625395409999999,97.1204724,-37.94611160000001,133.6383368,388.269,-22.3882,False,0.9305705702438204,-0.3661125698416965,381.89532100589497,-25.323632541936,5.065111130339493,-0.0969518,False,inf
52.4815,-11.0141,0.124406,380.412,-24.9212,0.00414687,-0.440474,-0.0996064,796.982,0.000481957,-0.440375,162.107,1.31525,0.00414687,9.59114,0.0190504,-0.00330448,2.86877,-0.0168758,-11.0149,0.0596293,2.8693,-0.0996064,4.46135,-0.160185,2.91551,0.0,-13.464,18.0,3.0,-0.857983,-1.6326,0.113141,388.253,-22.4011,0.0,2.1901599999999997e-21,0.0,-2.1640799999999997e-20,4.39393,-0.0101764,4.39393,0.0,5.31043,0.0,0.0,2810.82,-14.6177,0.0,0.0,0.0,0.0,0.0,0.0,0.0,0.0,0.0,0.0,0.0,3785.53,-83.4882,0.0,0.0,0.0,0.0,0.0,0.0,0.0,0.0,0.0,0.0,0.0,7388.63,-42.0105,0.0,0.0,0.0,0.0,0.0,0.0,0.0,0.0,0.0,999.0,999.0,1.0,5.847971070379915,gaze,0.5553264772682719,0.5810558718467254,-27.25375739871807,-17.35400127986496,235.7631583761535,-36.27823901941211,-17.14820337784534,-31.82816261425895,0.0337056942821712,-0.0007686381845445,0.999431506091487,4.973133087158203,24.12555212906129,-16.68547744920204,-22.17298501023805,0.5804087507615249,0.5970362591872088,0.5537809921396637,4.186609268188477,-36.27823901941211,-17.14820337784534,-31.82816261425895,0.0337056942821712,-0.0007686381845445,0.999431506091487,4.973133087158203,1.3025166903200087,True,0.0,imu,-0.490485296,-9.430477044800002,2.4966897872,1.04687487,-1.39121527,-4.625395409999999,97.1204724,-37.94611160000001,133.6383368,388.253,-22.4011,False,0.930587531793338,-0.3660694547087798,381.90830235434834,-25.323801868316064,5.042429925239803,-0.0996064,False,inf
52.4975,-11.0564,0.145701,380.424,-24.9213,0.00435691,-0.42087,-0.102133,777.972,-0.000641166,-0.420774,159.583,1.23002,0.00435691,12.0569,0.0138149,-0.00318352,2.80036,-0.0161225,-11.0568,0.0820668,2.80086,-0.102133,3.95329,-0.153708,3.55316,0.0,-13.212,18.0,3.0,-0.857983,-1.88924,0.106662,388.24,-22.4126,0.0,2.09528e-21,0.0,-2.07033e-20,4.25839,-0.0095952,4.25839,0.0,5.15556,0.0,0.0,2810.82,-14.6177,0.0,0.0,0.0,0.0,0.0,0.0,0.0,0.0,0.0,0.0,0.0,3785.53,-83.4882,0.0,0.0,0.0,0.0,0.0,0.0,0.0,0.0,0.0,0.0,0.0,7388.63,-42.0105,0.0,0.0,0.0,0.0,0.0,0.0,0.0,0.0,0.0,999.0,999.0,1.0,5.836304523412087,gaze,0.5553264772682719,0.5810558718467254,-27.25375739871807,-17.35400127986496,235.7631583761535,-36.27823901941211,-17.14820337784534,-31.82816261425895,0.0337056942821712,-0.0007686381845445,0.999431506091487,4.973133087158203,24.12555212906129,-16.68547744920204,-22.17298501023805,0.5804087507615249,0.5970362591872088,0.5537809921396637,4.186609268188477,-36.27823901941211,-17.14820337784534,-31.82816261425895,0.0337056942821712,-0.0007686381845445,0.999431506091487,4.973133087158203,1.3025166903200087,True,0.0,imu,-0.490485296,-9.430477044800002,2.4966897872,1.04687487,-1.39121527,-4.625395409999999,97.1204724,-37.94611160000001,133.6383368,388.24,-22.4126,False,0.9306036736322364,-0.3660284177795299,381.9202845991621,-25.32396785110103,5.022525046515048,-0.102133,False,inf
52.5135,-10.8646,0.126074,380.437,-24.9213,0.00452039,-0.402688,-0.104553,761.792,0.000989878,-0.402596,157.421,1.09632,0.00452039,9.99419,0.0117039,-0.00306841,2.74214,-0.0155023,-10.8652,0.0646689,2.74259,-0.104553,3.69694,-0.14784,2.27786,0.0,-12.969,18.0,3.0,-0.857983,-2.14717,0.0999893,388.227,-22.4238,0.0,2.0024499999999998e-21,0.0,-1.9786099999999997e-20,4.11816,-0.00899736,4.11816,0.0,4.9947,0.0,0.0,2810.82,-14.6177,0.0,0.0,0.0,0.0,0.0,0.0,0.0,0.0,0.0,0.0,0.0,3785.53,-83.4882,0.0,0.0,0.0,0.0,0.0,0.0,0.0,0.0,0.0,0.0,0.0,7388.63,-42.0105,0.0,0.0,0.0,0.0,0.0,0.0,0.0,0.0,0.0,999.0,999.0,1.0,5.8236936294760575,gaze,0.5553264772682719,0.5810558718467254,-27.25375739871807,-17.35400127986496,235.7631583761535,-36.27823901941211,-17.14820337784534,-31.82816261425895,0.0337056942821712,-0.0007686381845445,0.999431506091487,4.973133087158203,24.12555212906129,-16.68547744920204,-22.17298501023805,0.5804087507615249,0.5970362591872088,0.5537809921396637,4.186609268188477,-36.27823901941211,-17.14820337784534,-31.82816261425895,0.0337056942821712,-0.0007686381845445,0.999431506091487,4.973133087158203,1.3025166903200087,True,0.0,imu,-0.490485296,-9.430477044800002,2.4966897872,1.04687487,-1.39121527,-4.625395409999999,97.1204724,-37.94611160000001,133.6383368,388.227,-22.4238,False,0.9306191327326828,-0.3659891115755621,381.9332675903584,-25.32403104926642,5.002448036891771,-0.104553,False,inf
52.5295,-11.0741,0.131531,380.449,-24.9214,0.00462312,-0.387369,-0.106907,746.745,0.000261625,-0.38728,160.046,0.936953,0.00462312,10.8823,0.00769713,-0.00296284,2.688,-0.0148787,-11.0744,0.0702543,2.68841,-0.106907,4.81634,-0.143619,3.55316,0.0,-12.744,18.0,3.0,-0.857983,-2.40509,0.093317,388.214,-22.435,0.0,1.90962e-21,0.0,-1.88688e-20,3.97794,-0.00839952,3.97794,0.0,4.83384,0.0,0.0,2810.82,-14.6177,0.0,0.0,0.0,0.0,0.0,0.0,0.0,0.0,0.0,0.0,0.0,3785.53,-83.4882,0.0,0.0,0.0,0.0,0.0,0.0,0.0,0.0,0.0,0.0,0.0,7388.63,-42.0105,0.0,0.0,0.0,0.0,0.0,0.0,0.0,0.0,0.0,999.0,999.0,1.0,5.812029968952329,gaze,0.5553264772682719,0.5810558718467254,-27.25375739871807,-17.35400127986496,235.7631583761535,-36.27823901941211,-17.14820337784534,-31.82816261425895,0.0337056942821712,-0.0007686381845445,0.999431506091487,4.973133087158203,24.12555212906129,-16.68547744920204,-22.17298501023805,0.5804087507615249,0.5970362591872088,0.5537809921396637,4.186609268188477,-36.27823901941211,-17.14820337784534,-31.82816261425895,0.0337056942821712,-0.0007686381845445,0.999431506091487,4.973133087158203,1.3025166903200087,True,0.0,imu,-0.490485296,-9.430477044800002,2.4966897872,1.04687487,-1.39121527,-4.625395409999999,97.1204724,-37.94611160000001,133.6383368,388.214,-22.435,False,0.93063416862841,-0.3659508767325313,381.94525104287,-25.32419252315615,4.982835458672704,-0.106907,False,inf
52.5455,-10.9939,0.127758,380.46,-24.9215,0.00469178,-0.373581,-0.109153,726.315,-0.00024257,-0.373495,160.224,0.877374,0.00469178,10.588,0.00558916,-0.0028635,2.61448,-0.0141204,-10.9943,0.0684002,2.61486,-0.109153,4.37423,-0.136729,3.55316,0.0,-12.537,6.0,3.0,-0.857983,-2.67155,0.0855555,388.202,-22.4454,0.0,1.82356e-21,0.0,-1.8018499999999998e-20,3.79973,-0.00770202,3.79973,0.0,4.62475,0.0,0.0,2810.82,-14.6177,0.0,0.0,0.0,0.0,0.0,0.0,0.0,0.0,0.0,0.0,0.0,3785.53,-83.4882,0.0,0.0,0.0,0.0,0.0,0.0,0.0,0.0,0.0,0.0,0.0,7388.63,-42.0105,0.0,0.0,0.0,0.0,0.0,0.0,0.0,0.0,0.0,999.0,999.0,1.0,5.801337453553307,gaze,0.5553264772682719,0.5810558718467254,-27.25375739871807,-17.35400127986496,235.7631583761535,-36.27823901941211,-17.14820337784534,-31.82816261425895,0.0337056942821712,-0.0007686381845445,0.999431506091487,4.973133087158203,24.12555212906129,-16.68547744920204,-22.17298501023805,0.5804087507615249,0.5970362591872088,0.5537809921396637,4.186609268188477,-36.27823901941211,-17.14820337784534,-31.82816261425895,0.0337056942821712,-0.0007686381845445,0.999431506091487,4.973133087158203,1.3025166903200087,True,0.0,imu,-0.490485296,-9.430477044800002,2.4966897872,1.04687487,-1.39121527,-4.625395409999999,97.1204724,-37.94611160000001,133.6383368,388.202,-22.4454,False,0.9306485132225112,-0.3659143955035516,381.9562352522152,-25.324351176029687,4.964706863755301,-0.1091529999999999,False,inf
52.5615,-10.8471,0.137836,380.472,-24.9216,0.00473319,-0.360249,-0.111294,705.729,-0.000645943,-0.360165,160.178,0.837911,0.00473319,11.3255,0.00418536,-0.00277293,2.54039,-0.0134405,-10.8478,0.0804596,2.54074,-0.111294,3.78146,-0.130505,2.27786,0.0,-12.339,6.0,3.0,-0.857983,-2.94158,0.0773387,388.19,-22.4553,0.0,1.74033e-21,0.0,-1.7196099999999994e-20,3.60563,-0.00696287,3.60563,0.0,4.39549,0.0,0.0,2810.82,-14.6177,0.0,0.0,0.0,0.0,0.0,0.0,0.0,0.0,0.0,0.0,0.0,3785.53,-83.4882,0.0,0.0,0.0,0.0,0.0,0.0,0.0,0.0,0.0,0.0,0.0,7388.63,-42.0105,0.0,0.0,0.0,0.0,0.0,0.0,0.0,0.0,0.0,999.0,999.0,1.0,5.789676429646165,gaze,0.5553264772682719,0.5810558718467254,-27.25375739871807,-17.35400127986496,235.7631583761535,-36.27823901941211,-17.14820337784534,-31.82816261425895,0.0337056942821712,-0.0007686381845445,0.999431506091487,4.973133087158203,24.12555212906129,-16.68547744920204,-22.17298501023805,0.5804087507615249,0.5970362591872088,0.5537809921396637,4.186609268188477,-36.27823901941211,-17.14820337784534,-31.82816261425895,0.0337056942821712,-0.0007686381845445,0.999431506091487,4.973133087158203,1.3025166903200087,True,0.0,imu,-0.490485296,-9.430477044800002,2.4966897872,1.04687487,-1.39121527,-4.625395409999999,97.1204724,-37.94611160000001,133.6383368,388.19,-22.4553,False,0.930662185878674,-0.3658796192404384,381.96822019762953,-25.324507086318132,4.946684963780577,-0.111294,False,inf
52.5775,-10.9783,0.128429,380.483,-24.9217,0.00471066,-0.349203,-0.113372,695.617,0.00223927,-0.349122,159.269,0.647309,0.00471066,10.9771,-0.000310131,-0.00269801,2.504,-0.0130802,-10.9782,0.0711073,2.50432,-0.113372,4.80079,-0.127776,3.55316,0.0,-12.15,6.0,3.0,-0.857983,-3.21161,0.0691218,388.179,-22.4652,0.0,1.6571099999999999e-21,0.0,-1.6373799999999994e-20,3.41154,-0.00622372,3.41154,0.0,4.16623,0.0,0.0,2810.82,-14.6177,0.0,0.0,0.0,0.0,0.0,0.0,0.0,0.0,0.0,0.0,0.0,3785.53,-83.4882,0.0,0.0,0.0,0.0,0.0,0.0,0.0,0.0,0.0,0.0,0.0,7388.63,-42.0105,0.0,0.0,0.0,0.0,0.0,0.0,0.0,0.0,0.0,999.0,999.0,1.0,5.778986337585519,gaze,0.5553264772682719,0.5810558718467254,-27.25375739871807,-17.35400127986496,235.7631583761535,-36.27823901941211,-17.14820337784534,-31.82816261425895,0.0337056942821712,-0.0007686381845445,0.999431506091487,4.973133087158203,24.12555212906129,-16.68547744920204,-22.17298501023805,0.5804087507615249,0.5970362591872088,0.5537809921396637,4.186609268188477,-36.27823901941211,-17.14820337784534,-31.82816261425895,0.0337056942821712,-0.0007686381845445,0.999431506091487,4.973133087158203,1.3025166903200087,True,0.0,imu,-0.490485296,-9.430477044800002,2.4966897872,1.04687487,-1.39121527,-4.625395409999999,97.1204724,-37.94611160000001,133.6383368,388.179,-22.4652,False,0.9306754549673488,-0.365845865797768,381.97920558403473,-25.32466135088027,4.929399649569025,-0.113372,False,inf
52.5935,-10.9604,0.111232,380.494,-24.9218,0.00465577,-0.339828,-0.115374,675.479,-0.000175766,-0.33975,161.826,0.617058,0.00465577,9.6952,-0.00208701,-0.00262554,2.43152,-0.0124247,-10.9607,0.0552424,2.43182,-0.115374,3.58648,-0.121307,3.55316,0.0,-11.961,18.0,3.0,-0.857983,-3.45471,0.0609557,388.169,-22.4738,0.0,1.58174e-21,0.0,-1.5629e-20,3.19337,-0.00548821,3.19337,0.0,3.90528,0.0,0.0,2810.82,-14.6177,0.0,0.0,0.0,0.0,0.0,0.0,0.0,0.0,0.0,0.0,0.0,3785.53,-83.4882,0.0,0.0,0.0,0.0,0.0,0.0,0.0,0.0,0.0,0.0,0.0,7388.63,-42.0105,0.0,0.0,0.0,0.0,0.0,0.0,0.0,0.0,0.0,999.0,999.0,1.0,5.768297412581968,gaze,0.5553264772682719,0.5810558718467254,-27.25375739871807,-17.35400127986496,235.7631583761535,-36.27823901941211,-17.14820337784534,-31.82816261425895,0.0337056942821712,-0.0007686381845445,0.999431506091487,4.973133087158203,24.12555212906129,-16.68547744920204,-22.17298501023805,0.5804087507615249,0.5970362591872088,0.5537809921396637,4.186609268188477,-36.27823901941211,-17.14820337784534,-31.82816261425895,0.0337056942821712,-0.0007686381845445,0.999431506091487,4.973133087158203,1.3025166903200087,True,0.0,imu,-0.490485296,-9.430477044800002,2.4966897872,1.04687487,-1.39121527,-4.625395409999999,97.1204724,-37.94611160000001,133.6383368,388.169,-22.4738,False,0.9306882375994674,-0.3658133463858273,381.9901915030508,-25.324813630289157,4.913695463892044,-0.115374,False,inf
52.6095,-10.7328,0.115315,380.505,-24.9218,0.00461585,-0.330748,-0.117286,657.17,0.00186183,-0.330671,160.767,0.585123,0.00461585,9.98461,-5.62816e-05,-0.00256133,2.36562,-0.0119298,-10.7333,0.0612004,2.3659,-0.117286,4.50515,-0.116494,2.27786,0.0,-11.808,6.0,3.0,-0.857983,-3.68224,0.052819,388.16,-22.4815,0.0,1.5108999999999999e-21,0.0,-1.4929099999999994e-20,2.96127,-0.00475482,2.96127,0.0,3.62601,0.0,0.0,2810.82,-14.6177,0.0,0.0,0.0,0.0,0.0,0.0,0.0,0.0,0.0,0.0,0.0,3785.53,-83.4882,0.0,0.0,0.0,0.0,0.0,0.0,0.0,0.0,0.0,0.0,0.0,7388.63,-42.0105,0.0,0.0,0.0,0.0,0.0,0.0,0.0,0.0,0.0,999.0,999.0,1.0,5.757634239859301,gaze,0.5553264772682719,0.5810558718467254,-27.25375739871807,-17.35400127986496,235.7631583761535,-36.27823901941211,-17.14820337784534,-31.82816261425895,0.0337056942821712,-0.0007686381845445,0.999431506091487,4.973133087158203,24.12555212906129,-16.68547744920204,-22.17298501023805,0.5804087507615249,0.5970362591872088,0.5537809921396637,4.186609268188477,-36.27823901941211,-17.14820337784534,-31.82816261425895,0.0337056942821712,-0.0007686381845445,0.999431506091487,4.973133087158203,1.3025166903200087,True,0.0,imu,-0.490485296,-9.430477044800002,2.4966897872,1.04687487,-1.39121527,-4.625395409999999,97.1204724,-37.94611160000001,133.6383368,388.16,-22.4815,False,0.9307004445269746,-0.3657822884685531,382.0011780533726,-25.3248635590155,4.899107714235261,-0.1172859999999999,False,inf
52.6255,-10.8156,0.132891,380.515,-24.9219,0.00453728,-0.323391,-0.119144,647.85,0.00041256,-0.323315,161.973,0.42914,0.00453728,11.2566,-0.00292595,-0.00250949,2.33208,-0.0116318,-10.816,0.0789595,2.33234,-0.119144,3.36213,-0.113931,2.27786,0.0,-11.655,6.0,3.0,-0.857983,-3.90976,0.0446823,388.151,-22.4892,0.0,1.44007e-21,0.0,-1.42292e-20,2.72918,-0.00402142,2.72918,0.0,3.34673,0.0,0.0,2810.82,-14.6177,0.0,0.0,0.0,0.0,0.0,0.0,0.0,0.0,0.0,0.0,0.0,3785.53,-83.4882,0.0,0.0,0.0,0.0,0.0,0.0,0.0,0.0,0.0,0.0,0.0,7388.63,-42.0105,0.0,0.0,0.0,0.0,0.0,0.0,0.0,0.0,0.0,999.0,999.0,1.0,5.7479169278966005,gaze,0.5553264772682719,0.5810558718467254,-27.25375739871807,-17.35400127986496,235.7631583761535,-36.27823901941211,-17.14820337784534,-31.82816261425895,0.0337056942821712,-0.0007686381845445,0.999431506091487,4.973133087158203,24.12555212906129,-16.68547744920204,-22.17298501023805,0.5804087507615249,0.5970362591872088,0.5537809921396637,4.186609268188477,-36.27823901941211,-17.14820337784534,-31.82816261425895,0.0337056942821712,-0.0007686381845445,0.999431506091487,4.973133087158203,1.3025166903200087,True,0.0,imu,-0.490485296,-9.430477044800002,2.4966897872,1.04687487,-1.39121527,-4.625395409999999,97.1204724,-37.94611160000001,133.6383368,388.151,-22.4892,False,0.930712305705224,-0.3657521073197877,382.01116498195313,-25.3250120771909,4.884982793355529,-0.1191439999999999,False,inf
52.6415,-10.9111,0.103342,380.526,-24.922,0.00445958,-0.317345,-0.120935,628.622,0.00105587,-0.317271,163.396,0.426423,0.00445958,8.8105,-0.0033901,-0.00245935,2.26286,-0.0110781,-10.9114,0.0499414,2.26313,-0.120935,3.30627,-0.107632,3.55316,0.0,-11.511,6.0,3.0,-0.857983,-4.12117,0.0371511,388.144,-22.4956,0.0,1.37429e-21,0.0,-1.35792e-20,2.47917,-0.00334314,2.47917,0.0,3.04378,0.0,0.0,2810.82,-14.6177,0.0,0.0,0.0,0.0,0.0,0.0,0.0,0.0,0.0,0.0,0.0,3785.53,-83.4882,0.0,0.0,0.0,0.0,0.0,0.0,0.0,0.0,0.0,0.0,0.0,7388.63,-42.0105,0.0,0.0,0.0,0.0,0.0,0.0,0.0,0.0,0.0,999.0,999.0,1.0,5.737231475197773,gaze,0.5553264772682719,0.5810558718467254,-27.25375739871807,-17.35400127986496,235.7631583761535,-36.27823901941211,-17.14820337784534,-31.82816261425895,0.0337056942821712,-0.0007686381845445,0.999431506091487,4.973133087158203,24.12555212906129,-16.68547744920204,-22.17298501023805,0.5804087507615249,0.5970362591872088,0.5537809921396637,4.186609268188477,-36.27823901941211,-17.14820337784534,-31.82816261425895,0.0337056942821712,-0.0007686381845445,0.999431506091487,4.973133087158203,1.3025166903200087,True,0.0,imu,-0.490485296,-9.430477044800002,2.4966897872,1.04687487,-1.39121527,-4.625395409999999,97.1204724,-37.94611160000001,133.6383368,388.144,-22.4956,False,0.9307237382396428,-0.3657230141476264,382.0221523804035,-25.325158845386063,4.872438149738076,-0.120935,False,inf
52.6575,-10.5037,0.0992247,380.536,-24.9221,0.00433477,-0.311817,-0.122653,619.495,-0.000143769,-0.311744,159.129,0.307154,0.00433477,8.13333,-0.00963698,-0.00241781,2.23003,-0.0107567,-10.504,0.0485709,2.23025,-0.122653,3.08426,-0.105689,1.64021,0.0,-11.367,6.0,3.0,-0.857983,-4.31749,0.0301866,388.138,-22.5009,0.0,1.3132399999999999e-21,0.0,-1.2976e-20,2.21238,-0.00271642,2.21238,0.0,2.71866,0.0,0.0,2810.82,-14.6177,0.0,0.0,0.0,0.0,0.0,0.0,0.0,0.0,0.0,0.0,0.0,3785.53,-83.4882,0.0,0.0,0.0,0.0,0.0,0.0,0.0,0.0,0.0,0.0,0.0,7388.63,-42.0105,0.0,0.0,0.0,0.0,0.0,0.0,0.0,0.0,0.0,999.0,999.0,1.0,5.727516216476399,gaze,0.5553264772682719,0.5810558718467254,-27.25375739871807,-17.35400127986496,235.7631583761535,-36.27823901941211,-17.14820337784534,-31.82816261425895,0.0337056942821712,-0.0007686381845445,0.999431506091487,4.973133087158203,24.12555212906129,-16.68547744920204,-22.17298501023805,0.5804087507615249,0.5970362591872088,0.5537809921396637,4.186609268188477,-36.27823901941211,-17.14820337784534,-31.82816261425895,0.0337056942821712,-0.0007686381845445,0.999431506091487,4.973133087158203,1.3025166903200087,True,0.0,imu,-0.490485296,-9.430477044800002,2.4966897872,1.04687487,-1.39121527,-4.625395409999999,97.1204724,-37.94611160000001,133.6383368,388.138,-22.5009,False,0.9307347039367848,-0.3656951064585167,382.03214029111103,-25.325303706969702,4.861653564267305,-0.122653,False,inf
52.6735,-10.7786,0.106787,380.545,-24.9221,0.00410976,-0.309137,-0.124352,613.432,0.00040311,-0.309065,164.459,0.145568,0.00410976,8.79319,-0.0123765,-0.00238558,2.20821,-0.0104739,-10.7789,0.0556729,2.20842,-0.124352,3.53279,-0.103949,2.27786,0.0,-11.241,0.0,3.0,-0.857983,-4.51381,0.0232221,388.132,-22.5061,0.0,1.25219e-21,0.0,-1.2372799999999999e-20,1.94559,-0.00208971,1.94559,0.0,2.39355,0.0,0.0,2810.82,-14.6177,0.0,0.0,0.0,0.0,0.0,0.0,0.0,0.0,0.0,0.0,0.0,3785.53,-83.4882,0.0,0.0,0.0,0.0,0.0,0.0,0.0,0.0,0.0,0.0,0.0,7388.63,-42.0105,0.0,0.0,0.0,0.0,0.0,0.0,0.0,0.0,0.0,999.0,999.0,1.0,5.718795590856519,gaze,0.5553264772682719,0.5810558718467254,-27.25375739871807,-17.35400127986496,235.7631583761535,-36.27823901941211,-17.14820337784534,-31.82816261425895,0.0337056942821712,-0.0007686381845445,0.999431506091487,4.973133087158203,24.12555212906129,-16.68547744920204,-22.17298501023805,0.5804087507615249,0.5970362591872088,0.5537809921396637,4.186609268188477,-36.27823901941211,-17.14820337784534,-31.82816261425895,0.0337056942821712,-0.0007686381845445,0.999431506091487,4.973133087158203,1.3025166903200087,True,0.0,imu,-0.490485296,-9.430477044800002,2.4966897872,1.04687487,-1.39121527,-4.625395409999999,97.1204724,-37.94611160000001,133.6383368,388.132,-22.5061,False,0.9307455475372302,-0.3656675070875476,382.0411283341957,-25.325348072055917,4.851236448493783,-0.124352,False,inf
52.6895,-10.9176,0.117846,380.555,-24.9222,0.00390812,-0.307431,-0.126,595.725,-0.00176057,-0.30736,167.088,0.17864,0.00390812,9.84915,-0.00803592,-0.00235342,2.14446,-0.00991855,-10.9179,0.067363,2.14468,-0.126,5.71054,-0.10206,3.55316,0.0,-11.115,0.0,3.0,-0.857983,-4.69751,0.0171713,388.127,-22.5103,0.0,1.19457e-21,0.0,-1.18035e-20,1.66824,-0.00154529,1.66824,0.0,2.05429,0.0,0.0,2810.82,-14.6177,0.0,0.0,0.0,0.0,0.0,0.0,0.0,0.0,0.0,0.0,0.0,3785.53,-83.4882,0.0,0.0,0.0,0.0,0.0,0.0,0.0,0.0,0.0,0.0,0.0,7388.63,-42.0105,0.0,0.0,0.0,0.0,0.0,0.0,0.0,0.0,0.0,999.0,999.0,1.0,5.709082241481555,gaze,0.5553264772682719,0.5810558718467254,-27.25375739871807,-17.35400127986496,235.7631583761535,-36.27823901941211,-17.14820337784534,-31.82816261425895,0.0337056942821712,-0.0007686381845445,0.999431506091487,4.973133087158203,24.12555212906129,-16.68547744920204,-22.17298501023805,0.5804087507615249,0.5970362591872088,0.5537809921396637,4.186609268188477,-36.27823901941211,-17.14820337784534,-31.82816261425895,0.0337056942821712,-0.0007686381845445,0.999431506091487,4.973133087158203,1.3025166903200087,True,0.0,imu,-0.490485296,-9.430477044800002,2.4966897872,1.04687487,-1.39121527,-4.625395409999999,97.1204724,-37.94611160000001,133.6383368,388.127,-22.5103,False,0.9307560648562608,-0.3656407358778398,382.051116734942,-25.325491105067385,4.841846622914513,-0.126,False,inf
52.7055,-10.8921,0.119323,380.565,-24.9223,0.00375324,-0.30451,-0.12756,575.88,0.000347561,-0.30444,166.668,0.262742,0.00375324,10.2003,-0.00591719,-0.00232388,2.07303,-0.00948886,-10.8923,0.0694811,2.07324,-0.12756,4.11305,-0.0951416,3.55316,0.0,-10.989,6.0,3.0,-0.857983,-4.86151,0.0125465,388.124,-22.5128,0.0,1.14232e-21,0.0,-1.1287099999999999e-20,1.3744,-0.00112927,1.3744,0.0,1.69295,0.0,0.0,2810.82,-14.6177,0.0,0.0,0.0,0.0,0.0,0.0,0.0,0.0,0.0,0.0,0.0,3785.53,-83.4882,0.0,0.0,0.0,0.0,0.0,0.0,0.0,0.0,0.0,0.0,0.0,7388.63,-42.0105,0.0,0.0,0.0,0.0,0.0,0.0,0.0,0.0,0.0,999.0,999.0,1.0,5.69936988534699,gaze,0.5553264772682719,0.5810558718467254,-27.25375739871807,-17.35400127986496,235.7631583761535,-36.27823901941211,-17.14820337784534,-31.82816261425895,0.0337056942821712,-0.0007686381845445,0.999431506091487,4.973133087158203,24.12555212906129,-16.68547744920204,-22.17298501023805,0.5804087507615249,0.5970362591872088,0.5537809921396637,4.186609268188477,-36.27823901941211,-17.14820337784534,-31.82816261425895,0.0337056942821712,-0.0007686381845445,0.999431506091487,4.973133087158203,1.3025166903200087,True,0.0,imu,-0.490485296,-9.430477044800002,2.4966897872,1.04687487,-1.39121527,-4.625395409999999,97.1204724,-37.94611160000001,133.6383368,388.124,-22.5128,False,0.9307660198614308,-0.3656153939200462,382.0611057539256,-25.325631839892207,4.834775764230071,-0.12756,False,inf
52.7215,-10.8991,0.0994889,380.574,-24.9223,0.00360898,-0.301178,-0.129062,561.159,0.000883702,-0.301109,164.328,0.26395,0.00360898,8.52564,-0.00667734,-0.00229949,2.02003,-0.00919924,-10.8989,0.0498737,2.02025,-0.129062,3.83224,-0.0911966,4.19081,0.0,-10.872,6.0,3.0,-0.857983,-5.0255,0.00792157,388.121,-22.5153,0.0,1.0900599999999999e-21,0.0,-1.0770799999999999e-20,1.08057,-0.00071325,1.08057,0.0,1.33161,0.0,0.0,2810.82,-14.6177,0.0,0.0,0.0,0.0,0.0,0.0,0.0,0.0,0.0,0.0,0.0,3785.53,-83.4882,0.0,0.0,0.0,0.0,0.0,0.0,0.0,0.0,0.0,0.0,0.0,7388.63,-42.0105,0.0,0.0,0.0,0.0,0.0,0.0,0.0,0.0,0.0,999.0,999.0,1.0,5.69065199164384,gaze,0.5553264772682719,0.5810558718467254,-27.25375739871807,-17.35400127986496,235.7631583761535,-36.27823901941211,-17.14820337784534,-31.82816261425895,0.0337056942821712,-0.0007686381845445,0.999431506091487,4.973133087158203,24.12555212906129,-16.68547744920204,-22.17298501023805,0.5804087507615249,0.5970362591872088,0.5537809921396637,4.186609268188477,-36.27823901941211,-17.14820337784534,-31.82816261425895,0.0337056942821712,-0.0007686381845445,0.999431506091487,4.973133087158203,1.3025166903200087,True,0.0,imu,-0.490485296,-9.430477044800002,2.4966897872,1.04687487,-1.39121527,-4.625395409999999,97.1204724,-37.94611160000001,133.6383368,388.121,-22.5153,False,0.9307756040926248,-0.3655909939071387,382.07009518012967,-25.325671059934603,4.827981128168941,-0.129062,False,inf
52.7375,-10.8386,0.104043,380.583,-24.9224,0.00349406,-0.29673,-0.130483,539.814,0.000395436,-0.296662,164.565,0.351278,0.00349406,8.75931,-0.00403931,-0.00227035,1.94319,-0.00873495,-10.8387,0.0553367,1.94343,-0.130483,3.55194,-0.0860163,3.55316,0.0,-10.764,6.0,3.0,-0.857983,-5.18603,0.00404053,388.119,-22.5172,0.0,1.03923e-21,0.0,-1.0268599999999999e-20,0.790762,-0.000364091,0.790762,0.0,0.975014,0.0,0.0,2810.82,-14.6177,0.0,0.0,0.0,0.0,0.0,0.0,0.0,0.0,0.0,0.0,0.0,3785.53,-83.4882,0.0,0.0,0.0,0.0,0.0,0.0,0.0,0.0,0.0,0.0,0.0,7388.63,-42.0105,0.0,0.0,0.0,0.0,0.0,0.0,0.0,0.0,0.0,999.0,999.0,1.0,5.681910080245889,gaze,0.5553264772682719,0.5810558718467254,-27.25375739871807,-17.35400127986496,235.7631583761535,-36.27823901941211,-17.14820337784534,-31.82816261425895,0.0337056942821712,-0.0007686381845445,0.999431506091487,4.973133087158203,24.12555212906129,-16.68547744920204,-22.17298501023805,0.5804087507615249,0.5970362591872088,0.5537809921396637,4.186609268188477,-36.27823901941211,-17.14820337784534,-31.82816261425895,0.0337056942821712,-0.0007686381845445,0.999431506091487,4.973133087158203,1.3025166903200087,True,0.0,imu,-0.490485296,-9.430477044800002,2.4966897872,1.04687487,-1.39121527,-4.625395409999999,97.1204724,-37.94611160000001,133.6383368,388.119,-22.5172,False,0.9307846708756464,-0.3655679095091835,382.079085175612,-25.32580816465961,4.822208462126405,-0.130483,False,inf
52.7535,-10.8138,0.0894335,380.591,-24.9224,0.00340122,-0.291325,-0.131833,520.164,0.00152516,-0.291258,162.748,0.397735,0.00340122,7.61002,-0.00392284,-0.00224098,1.87245,-0.00837675,-10.8138,0.0410718,1.8727,-0.131833,3.65413,-0.081452,3.55316,0.0,-10.665,6.0,3.0,-0.857983,-5.33508,0.00262795,388.119,-22.5172,0.0,9.93167e-22,0.0,-9.813409999999999e-21,0.514309,-0.000236803,0.514309,0.0,0.634146,0.0,0.0,2810.82,-14.6177,0.0,0.0,0.0,0.0,0.0,0.0,0.0,0.0,0.0,0.0,0.0,3785.53,-83.4882,0.0,0.0,0.0,0.0,0.0,0.0,0.0,0.0,0.0,0.0,0.0,7388.63,-42.0105,0.0,0.0,0.0,0.0,0.0,0.0,0.0,0.0,0.0,999.0,999.0,1.0,5.674162331128716,gaze,0.5553264772682719,0.5810558718467254,-27.25375739871807,-17.35400127986496,235.7631583761535,-36.27823901941211,-17.14820337784534,-31.82816261425895,0.0337056942821712,-0.0007686381845445,0.999431506091487,4.973133087158203,24.12555212906129,-16.68547744920204,-22.17298501023805,0.5804087507615249,0.5970362591872088,0.5537809921396637,4.186609268188477,-36.27823901941211,-17.14820337784534,-31.82816261425895,0.0337056942821712,-0.0007686381845445,0.999431506091487,4.973133087158203,1.3025166903200087,True,0.0,imu,-0.490485296,-9.430477044800002,2.4966897872,1.04687487,-1.39121527,-4.625395409999999,97.1204724,-37.94611160000001,133.6383368,388.119,-22.5172,False,0.9307932841082176,-0.3655459783105795,382.0870756701158,-25.325843415224103,4.819212108608295,-0.131833,False,inf
52.7695,-10.5933,0.104737,380.599,-24.9225,0.0033096,-0.285796,-0.133122,505.842,0.00128123,-0.28573,159.871,0.353481,0.0033096,9.36458,-0.00431084,-0.00221155,1.82089,-0.00810771,-10.5937,0.0575797,1.82114,-0.133122,3.49101,-0.0789655,2.27786,0.0,-10.566,6.0,3.0,-0.857983,-5.48412,0.00121537,388.119,-22.5172,0.0,9.47102e-22,0.0,-9.358239999999999e-21,0.237857,-0.000109516,0.237857,0.0,0.293279,0.0,0.0,2810.82,-14.6177,0.0,0.0,0.0,0.0,0.0,0.0,0.0,0.0,0.0,0.0,0.0,3785.53,-83.4882,0.0,0.0,0.0,0.0,0.0,0.0,0.0,0.0,0.0,0.0,0.0,7388.63,-42.0105,0.0,0.0,0.0,0.0,0.0,0.0,0.0,0.0,0.0,999.0,999.0,1.0,5.666390319242071,gaze,0.5553264772682719,0.5810558718467254,-27.25375739871807,-17.35400127986496,235.7631583761535,-36.27823901941211,-17.14820337784534,-31.82816261425895,0.0337056942821712,-0.0007686381845445,0.999431506091487,4.973133087158203,24.12555212906129,-16.68547744920204,-22.17298501023805,0.5804087507615249,0.5970362591872088,0.5537809921396637,4.186609268188477,-36.27823901941211,-17.14820337784534,-31.82816261425895,0.0337056942821712,-0.0007686381845445,0.999431506091487,4.973133087158203,1.3025166903200087,True,0.0,imu,-0.490485296,-9.430477044800002,2.4966897872,1.04687487,-1.39121527,-4.625395409999999,97.1204724,-37.94611160000001,133.6383368,388.119,-22.5172,False,0.9308015076680326,-0.3655250378878547,382.095066593352,-25.325977072776286,4.816312420742508,-0.133122,False,inf
52.7855,-10.751,0.0921057,380.607,-24.9225,0.00323126,-0.281777,-0.13438,494.181,-0.000835387,-0.281711,161.433,0.256287,0.00323126,7.16798,-0.00170262,-0.00218383,1.77892,-0.00795423,-10.7512,0.0440453,1.77915,-0.13438,2.89165,-0.0759186,2.91551,0.0,-10.485,0.0,3.0,-0.857983,-5.36154,0.0,388.119,-22.5172,0.0,9.01963e-22,0.0,-8.91223e-21,0.0,0.0,0.0,0.0,0.0,0.0,0.0,2810.82,-14.6177,0.0,0.0,0.0,0.0,0.0,0.0,0.0,0.0,0.0,0.0,0.0,3785.53,-83.4882,0.0,0.0,0.0,0.0,0.0,0.0,0.0,0.0,0.0,0.0,0.0,7388.63,-42.0105,0.0,0.0,0.0,0.0,0.0,0.0,0.0,0.0,0.0,999.0,999.0,1.0,5.658643940910211,gaze,0.5553264772682719,0.5810558718467254,-27.25375739871807,-17.35400127986496,235.7631583761535,-36.27823901941211,-17.14820337784534,-31.82816261425895,0.0337056942821712,-0.0007686381845445,0.999431506091487,4.973133087158203,24.12555212906129,-16.68547744920204,-22.17298501023805,0.5804087507615249,0.5970362591872088,0.5537809921396637,4.186609268188477,-36.27823901941211,-17.14820337784534,-31.82816261425895,0.0337056942821712,-0.0007686381845445,0.999431506091487,4.973133087158203,1.3025166903200087,True,0.0,imu,-0.490485296,-9.430477044800002,2.4966897872,1.04687487,-1.39121527,-4.625395409999999,97.1204724,-37.94611160000001,133.6383368,388.119,-22.5172,False,0.9308095329998584,-0.3655046008966037,382.1030577341512,-25.326009920679187,4.813321627448854,-0.13438,False,inf
52.8015,-10.8606,0.0899706,380.615,-24.9226,0.00315619,-0.278267,-0.135576,475.148,0.000757702,-0.278202,163.148,0.271149,0.00315619,7.48388,-0.00291348,-0.00215297,1.71041,-0.00751253,-10.8608,0.0422793,1.71063,-0.135576,3.53735,-0.0720398,3.55316,0.0,-10.404,0.0,3.0,-0.857983,-3.56506,0.0,388.119,-22.5172,0.0,8.62528e-22,0.0,-8.52257e-21,0.0,0.0,0.0,0.0,0.0,0.0,0.0,2810.82,-14.6177,0.0,0.0,0.0,0.0,0.0,0.0,0.0,0.0,0.0,0.0,0.0,3785.53,-83.4882,0.0,0.0,0.0,0.0,0.0,0.0,0.0,0.0,0.0,0.0,0.0,7388.63,-42.0105,0.0,0.0,0.0,0.0,0.0,0.0,0.0,0.0,0.0,999.0,999.0,1.0,5.6508732387127605,gaze,0.5553264772682719,0.5810558718467254,-27.25375739871807,-17.35400127986496,235.7631583761535,-36.27823901941211,-17.14820337784534,-31.82816261425895,0.0337056942821712,-0.0007686381845445,0.999431506091487,4.973133087158203,24.12555212906129,-16.68547744920204,-22.17298501023805,0.5804087507615249,0.5970362591872088,0.5537809921396637,4.186609268188477,-36.27823901941211,-17.14820337784534,-31.82816261425895,0.0337056942821712,-0.0007686381845445,0.999431506091487,4.973133087158203,1.3025166903200087,True,0.0,imu,-0.490485296,-9.430477044800002,2.4966897872,1.04687487,-1.39121527,-4.625395409999999,97.1204724,-37.94611160000001,133.6383368,388.119,-22.5172,False,0.9308171623904924,-0.365485170970467,382.1110493109035,-25.32614114950665,4.810427514892252,-0.135576,False,inf
52.8175,-10.6884,0.0825546,380.623,-24.9227,0.00305282,-0.274632,-0.13671,459.441,0.00115468,-0.274568,161.004,0.249416,0.00305282,6.47803,-0.00683991,-0.00212592,1.65388,-0.00718062,-10.6886,0.0361587,1.65407,-0.13671,3.70341,-0.068402,2.91551,0.0,-10.332,0.0,3.0,-0.857983,-1.76857,0.0,388.119,-22.5172,0.0,8.23093e-22,0.0,-8.13292e-21,0.0,0.0,0.0,0.0,0.0,0.0,0.0,2810.82,-14.6177,0.0,0.0,0.0,0.0,0.0,0.0,0.0,0.0,0.0,0.0,0.0,3785.53,-83.4882,0.0,0.0,0.0,0.0,0.0,0.0,0.0,0.0,0.0,0.0,0.0,7388.63,-42.0105,0.0,0.0,0.0,0.0,0.0,0.0,0.0,0.0,0.0,999.0,999.0,1.0,5.643103179102811,gaze,0.5553264772682719,0.5810558718467254,-27.25375739871807,-17.35400127986496,235.7631583761535,-36.27823901941211,-17.14820337784534,-31.82816261425895,0.0337056942821712,-0.0007686381845445,0.999431506091487,4.973133087158203,24.12555212906129,-16.68547744920204,-22.17298501023805,0.5804087507615249,0.5970362591872088,0.5537809921396637,4.186609268188477,-36.27823901941211,-17.14820337784534,-31.82816261425895,0.0337056942821712,-0.0007686381845445,0.999431506091487,4.973133087158203,1.3025166903200087,True,0.0,imu,-0.490485296,-9.430477044800002,2.4966897872,1.04687487,-1.39121527,-4.625395409999999,97.1204724,-37.94611160000001,133.6383368,388.119,-22.5172,False,0.9308243959030073,-0.3654667481342205,382.11904132371046,-25.326270759286015,4.807536978924459,-0.13671,False,inf
52.8335,-10.5135,0.0981868,380.63,-24.9227,0.00290576,-0.271844,-0.137801,447.789,0.000939104,-0.271781,159.056,0.169035,0.00290576,8.12339,-0.00799194,-0.00210344,1.61194,-0.00691749,-10.5138,0.0530763,1.6121,-0.137801,2.87561,-0.0667367,2.27786,0.0,-10.26,0.0,3.0,-0.857983,0.0,0.0,388.119,-22.5172,0.0,7.83742e-22,0.0,-7.744099999999999e-21,0.0,0.0,0.0,0.0,0.0,0.0,0.0,2810.82,-14.6177,0.0,0.0,0.0,0.0,0.0,0.0,0.0,0.0,0.0,0.0,0.0,3785.53,-83.4882,0.0,0.0,0.0,0.0,0.0,0.0,0.0,0.0,0.0,0.0,0.0,7388.63,-42.0105,0.0,0.0,0.0,0.0,0.0,0.0,0.0,0.0,0.0,999.0,999.0,1.0,5.636326861529607,gaze,0.5553264772682719,0.5810558718467254,-27.25375739871807,-17.35400127986496,235.7631583761535,-36.27823901941211,-17.14820337784534,-31.82816261425895,0.0337056942821712,-0.0007686381845445,0.999431506091487,4.973133087158203,24.12555212906129,-16.68547744920204,-22.17298501023805,0.5804087507615249,0.5970362591872088,0.5537809921396637,4.186609268188477,-36.27823901941211,-17.14820337784534,-31.82816261425895,0.0337056942821712,-0.0007686381845445,0.999431506091487,4.973133087158203,1.3025166903200087,True,0.0,imu,-0.490485296,-9.430477044800002,2.4966897872,1.04687487,-1.39121527,-4.625395409999999,97.1204724,-37.94611160000001,133.6383368,388.119,-22.5172,False,0.9308313547847428,-0.3654490237360072,382.1260336388296,-25.32629924614676,4.804921362988049,-0.137801,False,inf
52.8495,-10.8065,0.106671,380.637,-24.9227,0.00275118,-0.270025,-0.138862,430.741,0.00120215,-0.269962,163.043,0.166888,0.00275118,9.48468,-0.00549441,-0.00208232,1.55057,-0.00658823,-10.8068,0.0607641,1.55073,-0.138862,3.50954,-0.064041,3.55316,0.0,-10.188,6.0,3.0,-0.857983,0.0,0.0,388.119,-22.5172,0.0,7.49675e-22,0.0,-7.40749e-21,0.0,0.0,0.0,0.0,0.0,0.0,0.0,2810.82,-14.6177,0.0,0.0,0.0,0.0,0.0,0.0,0.0,0.0,0.0,0.0,0.0,3785.53,-83.4882,0.0,0.0,0.0,0.0,0.0,0.0,0.0,0.0,0.0,0.0,0.0,7388.63,-42.0105,0.0,0.0,0.0,0.0,0.0,0.0,0.0,0.0,0.0,999.0,999.0,1.0,5.629551091339356,gaze,0.5553264772682719,0.5810558718467254,-27.25375739871807,-17.35400127986496,235.7631583761535,-36.27823901941211,-17.14820337784534,-31.82816261425895,0.0337056942821712,-0.0007686381845445,0.999431506091487,4.973133087158203,24.12555212906129,-16.68547744920204,-22.17298501023805,0.5804087507615249,0.5970362591872088,0.5537809921396637,4.186609268188477,-36.27823901941211,-17.14820337784534,-31.82816261425895,0.0337056942821712,-0.0007686381845445,0.999431506091487,4.973133087158203,1.3025166903200087,True,0.0,imu,-0.490485296,-9.430477044800002,2.4966897872,1.04687487,-1.39121527,-4.625395409999999,97.1204724,-37.94611160000001,133.6383368,388.119,-22.5172,False,0.9308381219894684,-0.3654317865910403,382.1330261647451,-25.326326949543752,4.802307567247748,-0.138862,False,inf
52.8655,-10.6898,0.10273,380.644,-24.9228,0.00268554,-0.267053,-0.139852,402.791,0.000879576,-0.266992,158.012,0.321737,0.00268554,8.40797,0.00246019,-0.00205838,1.44994,-0.00605911,-10.6899,0.0580717,1.45014,-0.139852,2.91325,-0.0573641,5.46611,0.0,-10.134,0.0,3.0,-0.857983,0.0,0.0,388.119,-22.5172,0.0,7.15609e-22,0.0,-7.07088e-21,0.0,0.0,0.0,0.0,0.0,0.0,0.0,2810.82,-14.6177,0.0,0.0,0.0,0.0,0.0,0.0,0.0,0.0,0.0,0.0,0.0,3785.53,-83.4882,0.0,0.0,0.0,0.0,0.0,0.0,0.0,0.0,0.0,0.0,0.0,7388.63,-42.0105,0.0,0.0,0.0,0.0,0.0,0.0,0.0,0.0,0.0,999.0,999.0,1.0,5.622750718287276,gaze,0.5553264772682719,0.5810558718467254,-27.25375739871807,-17.35400127986496,235.7631583761535,-36.27823901941211,-17.14820337784534,-31.82816261425895,0.0337056942821712,-0.0007686381845445,0.999431506091487,4.973133087158203,24.12555212906129,-16.68547744920204,-22.17298501023805,0.5804087507615249,0.5970362591872088,0.5537809921396637,4.186609268188477,-36.27823901941211,-17.14820337784534,-31.82816261425895,0.0337056942821712,-0.0007686381845445,0.999431506091487,4.973133087158203,1.3025166903200087,True,0.0,imu,-0.490485296,-9.430477044800002,2.4966897872,1.04687487,-1.39121527,-4.625395409999999,97.1204724,-37.94611160000001,133.6383368,388.119,-22.5172,False,0.9308444360585032,-0.3654157028083588,382.1400191903488,-25.326452798959945,4.799790812030049,-0.139852,False,inf
52.8815,-10.6199,0.0924949,380.65,-24.9228,0.00264096,-0.262834,-0.140772,389.223,-2.71141e-05,-0.262773,158.076,0.279972,0.00264096,7.88691,-0.00176063,-0.00203935,1.40111,-0.00597378,-10.6198,0.0472291,1.40127,-0.140772,3.02752,-0.0557281,3.55316,0.0,-10.071,0.0,3.0,-0.857983,0.0,0.0,388.119,-22.5172,0.0,6.81542e-22,0.0,-6.73427e-21,0.0,0.0,0.0,0.0,0.0,0.0,0.0,2810.82,-14.6177,0.0,0.0,0.0,0.0,0.0,0.0,0.0,0.0,0.0,0.0,0.0,3785.53,-83.4882,0.0,0.0,0.0,0.0,0.0,0.0,0.0,0.0,0.0,0.0,0.0,7388.63,-42.0105,0.0,0.0,0.0,0.0,0.0,0.0,0.0,0.0,0.0,999.0,999.0,1.0,5.616943798899931,gaze,0.5553264772682719,0.5810558718467254,-27.25375739871807,-17.35400127986496,235.7631583761535,-36.27823901941211,-17.14820337784534,-31.82816261425895,0.0337056942821712,-0.0007686381845445,0.999431506091487,4.973133087158203,24.12555212906129,-16.68547744920204,-22.17298501023805,0.5804087507615249,0.5970362591872088,0.5537809921396637,4.186609268188477,-36.27823901941211,-17.14820337784534,-31.82816261425895,0.0337056942821712,-0.0007686381845445,0.999431506091487,4.973133087158203,1.3025166903200087,True,0.0,imu,-0.490485296,-9.430477044800002,2.4966897872,1.04687487,-1.39121527,-4.625395409999999,97.1204724,-37.94611160000001,133.6383368,388.119,-22.5172,False,0.9308503034290844,-0.3654007561650378,382.1460127086912,-25.32647682053161,4.797550253616572,-0.140772,False,inf
52.8975,-10.5922,0.0956163,380.656,-24.9229,0.00261689,-0.258665,-0.141645,366.741,-0.000239574,-0.258604,156.71,0.332074,0.00261689,8.44619,0.00228169,-0.00201721,1.32017,-0.00558815,-10.5923,0.0507928,1.32037,-0.141645,3.66239,-0.0519595,4.19081,0.0,-10.026,0.0,3.0,-0.857983,0.0,0.0,388.119,-22.5172,0.0,6.51839e-22,0.0,-6.4407699999999995e-21,0.0,0.0,0.0,0.0,0.0,0.0,0.0,2810.82,-14.6177,0.0,0.0,0.0,0.0,0.0,0.0,0.0,0.0,0.0,0.0,0.0,3785.53,-83.4882,0.0,0.0,0.0,0.0,0.0,0.0,0.0,0.0,0.0,0.0,0.0,7388.63,-42.0105,0.0,0.0,0.0,0.0,0.0,0.0,0.0,0.0,0.0,999.0,999.0,1.0,5.611112083179241,gaze,0.5553264772682719,0.5810558718467254,-27.25375739871807,-17.35400127986496,235.7631583761535,-36.27823901941211,-17.14820337784534,-31.82816261425895,0.0337056942821712,-0.0007686381845445,0.999431506091487,4.973133087158203,24.12555212906129,-16.68547744920204,-22.17298501023805,0.5804087507615249,0.5970362591872088,0.5537809921396637,4.186609268188477,-36.27823901941211,-17.14820337784534,-31.82816261425895,0.0337056942821712,-0.0007686381845445,0.999431506091487,4.973133087158203,1.3025166903200087,True,0.0,imu,-0.490485296,-9.430477044800002,2.4966897872,1.04687487,-1.39121527,-4.625395409999999,97.1204724,-37.94611160000001,133.6383368,388.119,-22.5172,False,0.9308558708316386,-0.36538657301312,382.15200655780507,-25.326599614818047,4.795405410000899,-0.141645,False,inf
52.9135,-10.489,0.098092,380.662,-24.9229,0.00264349,-0.25345,-0.142445,344.847,0.000347808,-0.25339,155.219,0.374337,0.00264349,8.2657,0.0036325,-0.00199313,1.24135,-0.0052833,-10.4892,0.0534619,1.24156,-0.142445,3.2184,-0.0476542,3.55316,0.0,-9.981,0.0,3.0,-0.857983,0.0,0.0,388.119,-22.5172,0.0,6.22676e-22,0.0,-6.15261e-21,0.0,0.0,0.0,0.0,0.0,0.0,0.0,2810.82,-14.6177,0.0,0.0,0.0,0.0,0.0,0.0,0.0,0.0,0.0,0.0,0.0,3785.53,-83.4882,0.0,0.0,0.0,0.0,0.0,0.0,0.0,0.0,0.0,0.0,0.0,7388.63,-42.0105,0.0,0.0,0.0,0.0,0.0,0.0,0.0,0.0,0.0,999.0,999.0,1.0,5.605305951507052,gaze,0.5553264772682719,0.5810558718467254,-27.25375739871807,-17.35400127986496,235.7631583761535,-36.27823901941211,-17.14820337784534,-31.82816261425895,0.0337056942821712,-0.0007686381845445,0.999431506091487,4.973133087158203,24.12555212906129,-16.68547744920204,-22.17298501023805,0.5804087507615249,0.5970362591872088,0.5537809921396637,4.186609268188477,-36.27823901941211,-17.14820337784534,-31.82816261425895,0.0337056942821712,-0.0007686381845445,0.999431506091487,4.973133087158203,1.3025166903200087,True,0.0,imu,-0.490485296,-9.430477044800002,2.4966897872,1.04687487,-1.39121527,-4.625395409999999,97.1204724,-37.94611160000001,133.6383368,388.119,-22.5172,False,0.930860972499894,-0.3653735757776574,382.1580009209492,-25.326620502970748,4.7931714502765965,-0.142445,False,inf
52.9295,-10.2025,0.107302,380.667,-24.923,0.0026636,-0.248303,-0.143195,328.008,-0.000813755,-0.248243,151.615,0.32844,0.0026636,9.28081,0.00298912,-0.00197014,1.18074,-0.00505065,-10.203,0.0636679,1.18093,-0.143195,2.69115,-0.0455238,2.27786,0.0,-9.945,0.0,3.0,-0.857983,0.0,0.0,388.119,-22.5172,0.0,5.93512e-22,0.0,-5.86445e-21,0.0,0.0,0.0,0.0,0.0,0.0,0.0,2810.82,-14.6177,0.0,0.0,0.0,0.0,0.0,0.0,0.0,0.0,0.0,0.0,0.0,3785.53,-83.4882,0.0,0.0,0.0,0.0,0.0,0.0,0.0,0.0,0.0,0.0,0.0,7388.63,-42.0105,0.0,0.0,0.0,0.0,0.0,0.0,0.0,0.0,0.0,999.0,999.0,1.0,5.6004425717973785,gaze,0.5553264772682719,0.5810558718467254,-27.25375739871807,-17.35400127986496,235.7631583761535,-36.27823901941211,-17.14820337784534,-31.82816261425895,0.0337056942821712,-0.0007686381845445,0.999431506091487,4.973133087158203,24.12555212906129,-16.68547744920204,-22.17298501023805,0.5804087507615249,0.5970362591872088,0.5537809921396637,4.186609268188477,-36.27823901941211,-17.14820337784534,-31.82816261425895,0.0337056942821712,-0.0007686381845445,0.999431506091487,4.973133087158203,1.3025166903200087,True,0.0,imu,-0.490485296,-9.430477044800002,2.4966897872,1.04687487,-1.39121527,-4.625395409999999,97.1204724,-37.94611160000001,133.6383368,388.119,-22.5172,False,0.9308657551490664,-0.3653613908047185,382.16299563613205,-25.32674008554242,4.791398691371792,-0.143195,False,inf
52.9455,-10.5465,0.0878136,380.672,-24.923,0.0026534,-0.244432,-0.143907,308.313,0.000818976,-0.244374,153.123,0.304522,0.0026534,7.70574,0.00241966,-0.00194747,1.10983,-0.00471599,-10.5466,0.0430127,1.11006,-0.143907,3.59546,-0.0419963,4.82846,0.0,-9.909,0.0,3.0,-0.857983,0.0,0.0,388.119,-22.5172,0.0,5.67275e-22,0.0,-5.6052e-21,0.0,0.0,0.0,0.0,0.0,0.0,0.0,2810.82,-14.6177,0.0,0.0,0.0,0.0,0.0,0.0,0.0,0.0,0.0,0.0,0.0,3785.53,-83.4882,0.0,0.0,0.0,0.0,0.0,0.0,0.0,0.0,0.0,0.0,0.0,7388.63,-42.0105,0.0,0.0,0.0,0.0,0.0,0.0,0.0,0.0,0.0,999.0,999.0,1.0,5.595604703693772,gaze,0.5553264772682719,0.5810558718467254,-27.25375739871807,-17.35400127986496,235.7631583761535,-36.27823901941211,-17.14820337784534,-31.82816261425895,0.0337056942821712,-0.0007686381845445,0.999431506091487,4.973133087158203,24.12555212906129,-16.68547744920204,-22.17298501023805,0.5804087507615249,0.5970362591872088,0.5537809921396637,4.186609268188477,-36.27823901941211,-17.14820337784534,-31.82816261425895,0.0337056942821712,-0.0007686381845445,0.999431506091487,4.973133087158203,1.3025166903200087,True,0.0,imu,-0.490485296,-9.430477044800002,2.4966897872,1.04687487,-1.39121527,-4.625395409999999,97.1204724,-37.94611160000001,133.6383368,388.119,-22.5172,False,0.9308702953297636,-0.3653498231458157,382.16799061884177,-25.32675867586645,4.789534939295374,-0.143907,False,inf
52.9615,-9.99011,0.0903072,380.677,-24.923,0.00270149,-0.238645,-0.144525,275.893,-0.000713857,-0.238587,144.09,0.4693,0.00270149,8.00384,0.00600502,-0.00191735,0.993124,-0.00413541,-9.99033,0.0487215,0.993375,-0.144525,4.57883,-0.035336,4.82846,0.0,-9.882,0.0,3.0,-0.857983,0.0,0.0,388.119,-22.5172,0.0,5.42092e-22,0.0,-5.356369999999999e-21,0.0,0.0,0.0,0.0,0.0,0.0,0.0,2810.82,-14.6177,0.0,0.0,0.0,0.0,0.0,0.0,0.0,0.0,0.0,0.0,0.0,3785.53,-83.4882,0.0,0.0,0.0,0.0,0.0,0.0,0.0,0.0,0.0,0.0,0.0,7388.63,-42.0105,0.0,0.0,0.0,0.0,0.0,0.0,0.0,0.0,0.0,999.0,999.0,1.0,5.590767120887787,gaze,0.5553264772682719,0.5810558718467254,-27.25375739871807,-17.35400127986496,235.7631583761535,-36.27823901941211,-17.14820337784534,-31.82816261425895,0.0337056942821712,-0.0007686381845445,0.999431506091487,4.973133087158203,24.12555212906129,-16.68547744920204,-22.17298501023805,0.5804087507615249,0.5970362591872088,0.5537809921396637,4.186609268188477,-36.27823901941211,-17.14820337784534,-31.82816261425895,0.0337056942821712,-0.0007686381845445,0.999431506091487,4.973133087158203,1.3025166903200087,True,0.0,imu,-0.490485296,-9.430477044800002,2.4966897872,1.04687487,-1.39121527,-4.625395409999999,97.1204724,-37.94611160000001,133.6383368,388.119,-22.5172,False,0.9308742359880476,-0.3653397826320977,382.1729862637592,-25.326774811799407,4.7876761723107215,-0.144525,False,inf
52.9775,-6.45498,0.0630941,380.681,-24.923,0.00279284,-0.231087,-0.145065,250.644,-0.00182527,-0.231031,80.6125,0.509249,0.00279284,5.2626,0.00808341,-0.00188904,0.90223,-0.00384514,-6.4547,0.0356012,0.902503,-0.145065,3.10111,-0.0315141,5.46611,0.0,-9.855,6.0,3.0,-0.857983,0.0,0.0,388.119,-22.5172,0.0,5.1691e-22,0.0,-5.10755e-21,0.0,0.0,0.0,0.0,0.0,0.0,0.0,2810.82,-14.6177,0.0,0.0,0.0,0.0,0.0,0.0,0.0,0.0,0.0,0.0,0.0,3785.53,-83.4882,0.0,0.0,0.0,0.0,0.0,0.0,0.0,0.0,0.0,0.0,0.0,7388.63,-42.0105,0.0,0.0,0.0,0.0,0.0,0.0,0.0,0.0,0.0,999.0,999.0,1.0,5.5868972605553004,gaze,0.5553264772682719,0.5810558718467254,-27.25375739871807,-17.35400127986496,235.7631583761535,-36.27823901941211,-17.14820337784534,-31.82816261425895,0.0337056942821712,-0.0007686381845445,0.999431506091487,4.973133087158203,24.12555212906129,-16.68547744920204,-22.17298501023805,0.5804087507615249,0.5970362591872088,0.5537809921396637,4.186609268188477,-36.27823901941211,-17.14820337784534,-31.82816261425895,0.0337056942821712,-0.0007686381845445,0.999431506091487,4.973133087158203,1.3025166903200087,True,0.0,imu,-0.490485296,-9.430477044800002,2.4966897872,1.04687487,-1.39121527,-4.625395409999999,97.1204724,-37.94611160000001,133.6383368,388.119,-22.5172,False,0.930877679193036,-0.3653310093328883,382.17698245820486,-25.32678891111984,4.786186871087493,-0.145065,False,inf
52.9935,-2.79648,0.0226331,380.685,-24.9231,0.00293673,-0.222011,-0.145517,215.183,0.00212555,-0.221955,17.553,0.650695,0.00293673,1.76731,0.0115862,-0.0018547,0.774563,-0.00329578,-2.79638,0.0107427,0.774965,-0.145517,0.569625,-0.0250494,6.10376,0.0,-9.855,0.0,3.0,-0.857983,0.0,0.0,388.119,-22.5172,0.0,4.93308e-22,0.0,-4.87434e-21,0.0,0.0,0.0,0.0,0.0,0.0,0.0,2810.82,-14.6177,0.0,0.0,0.0,0.0,0.0,0.0,0.0,0.0,0.0,0.0,0.0,3785.53,-83.4882,0.0,0.0,0.0,0.0,0.0,0.0,0.0,0.0,0.0,0.0,0.0,7388.63,-42.0105,0.0,0.0,0.0,0.0,0.0,0.0,0.0,0.0,0.0,999.0,999.0,1.0,5.583002257746284,gaze,0.5553264772682719,0.5810558718467254,-27.25375739871807,-17.35400127986496,235.7631583761535,-36.27823901941211,-17.14820337784534,-31.82816261425895,0.0337056942821712,-0.0007686381845445,0.999431506091487,4.973133087158203,24.12555212906129,-16.68547744920204,-22.17298501023805,0.5804087507615249,0.5970362591872088,0.5537809921396637,4.186609268188477,-36.27823901941211,-17.14820337784534,-31.82816261425895,0.0337056942821712,-0.0007686381845445,0.999431506091487,4.973133087158203,1.3025166903200087,True,0.0,imu,-0.490485296,-9.430477044800002,2.4966897872,1.04687487,-1.39121527,-4.625395409999999,97.1204724,-37.94611160000001,133.6383368,388.119,-22.5172,False,0.9308805612195652,-0.3653236657315636,382.1809792727127,-25.32690071274567,4.784795275622311,-0.145517,False,inf
53.0095,-2.07727,0.00484825,380.688,-24.9231,0.00315794,-0.210196,-0.145862,177.492,-0.00654204,-0.210142,4.29574,0.799699,0.00315794,0.307936,0.0148186,-0.00181484,0.638873,-0.00278144,-2.07723,-0.00418893,0.639411,-0.145862,1.01814,-0.0185098,5.46611,0.0,-9.855,0.0,3.0,-0.857983,0.0,0.0,388.119,-22.5172,0.0,4.70868e-22,0.0,-4.65261e-21,0.0,0.0,0.0,0.0,0.0,0.0,0.0,2810.82,-14.6177,0.0,0.0,0.0,0.0,0.0,0.0,0.0,0.0,0.0,0.0,0.0,3785.53,-83.4882,0.0,0.0,0.0,0.0,0.0,0.0,0.0,0.0,0.0,0.0,0.0,7388.63,-42.0105,0.0,0.0,0.0,0.0,0.0,0.0,0.0,0.0,0.0,999.0,999.0,1.0,5.580100107524977,gaze,0.5553264772682719,0.5810558718467254,-27.25375739871807,-17.35400127986496,235.7631583761535,-36.27823901941211,-17.14820337784534,-31.82816261425895,0.0337056942821712,-0.0007686381845445,0.999431506091487,4.973133087158203,24.12555212906129,-16.68547744920204,-22.17298501023805,0.5804087507615249,0.5970362591872088,0.5537809921396637,4.186609268188477,-36.27823901941211,-17.14820337784534,-31.82816261425895,0.0337056942821712,-0.0007686381845445,0.999431506091487,4.973133087158203,1.3025166903200087,True,0.0,imu,-0.490485296,-9.430477044800002,2.4966897872,1.04687487,-1.39121527,-4.625395409999999,97.1204724,-37.94611160000001,133.6383368,388.119,-22.5172,False,0.9308827609574668,-0.3653180605338369,382.1839768412457,-25.32690972060688,4.783681491787117,-0.145862,False,inf
53.0255,-1.96107,0.0171577,380.691,-24.9231,0.00340351,-0.197129,-0.146116,145.323,0.00310395,-0.197075,-0.969125,0.818459,0.00340351,0.639246,0.0161371,-0.00177335,0.523068,-0.00239252,-1.96102,0.00819732,0.523784,-0.146116,-0.0879476,-0.0137532,5.46611,0.0,-9.864,0.0,3.0,-0.857983,0.0,0.0,388.119,-22.5172,0.0,4.48428e-22,0.0,-4.43089e-21,0.0,0.0,0.0,0.0,0.0,0.0,0.0,2810.82,-14.6177,0.0,0.0,0.0,0.0,0.0,0.0,0.0,0.0,0.0,0.0,0.0,3785.53,-83.4882,0.0,0.0,0.0,0.0,0.0,0.0,0.0,0.0,0.0,0.0,0.0,7388.63,-42.0105,0.0,0.0,0.0,0.0,0.0,0.0,0.0,0.0,0.0,999.0,999.0,1.0,5.5771980608546095,gaze,0.5553264772682719,0.5810558718467254,-27.25375739871807,-17.35400127986496,235.7631583761535,-36.27823901941211,-17.14820337784534,-31.82816261425895,0.0337056942821712,-0.0007686381845445,0.999431506091487,4.973133087158203,24.12555212906129,-16.68547744920204,-22.17298501023805,0.5804087507615249,0.5970362591872088,0.5537809921396637,4.186609268188477,-36.27823901941211,-17.14820337784534,-31.82816261425895,0.0337056942821712,-0.0007686381845445,0.999431506091487,4.973133087158203,1.3025166903200087,True,0.0,imu,-0.490485296,-9.430477044800002,2.4966897872,1.04687487,-1.39121527,-4.625395409999999,97.1204724,-37.94611160000001,133.6383368,388.119,-22.5172,False,0.9308843804530746,-0.3653139338000885,382.1869750510874,-25.326916352472143,4.782572435507435,-0.146116,False,inf
53.0415,-2.75501,0.0257461,380.693,-24.9231,0.00380747,-0.182765,-0.146405,99.7045,-0.0113156,-0.182713,8.45287,0.982097,0.00380747,1.53246,0.0324532,-0.00172359,0.358841,-0.00095168,-2.75502,0.0184576,0.360107,-0.146405,-0.31214,-0.0221481,6.7414,0.0,-9.873,0.0,3.0,-0.857983,0.0,0.0,388.119,-22.5172,0.0,4.27771e-22,0.0,-4.22677e-21,0.0,0.0,0.0,0.0,0.0,0.0,0.0,2810.82,-14.6177,0.0,0.0,0.0,0.0,0.0,0.0,0.0,0.0,0.0,0.0,0.0,3785.53,-83.4882,0.0,0.0,0.0,0.0,0.0,0.0,0.0,0.0,0.0,0.0,0.0,7388.63,-42.0105,0.0,0.0,0.0,0.0,0.0,0.0,0.0,0.0,0.0,999.0,999.0,1.0,5.575263420682498,gaze,0.5553264772682719,0.5810558718467254,-27.25375739871807,-17.35400127986496,235.7631583761535,-36.27823901941211,-17.14820337784534,-31.82816261425895,0.0337056942821712,-0.0007686381845445,0.999431506091487,4.973133087158203,24.12555212906129,-16.68547744920204,-22.17298501023805,0.5804087507615249,0.5970362591872088,0.5537809921396637,4.186609268188477,-36.27823901941211,-17.14820337784534,-31.82816261425895,0.0337056942821712,-0.0007686381845445,0.999431506091487,4.973133087158203,1.3025166903200087,True,0.0,imu,-0.490485296,-9.430477044800002,2.4966897872,1.04687487,-1.39121527,-4.625395409999999,97.1204724,-37.94611160000001,133.6383368,388.119,-22.5172,False,0.9308862230852768,-0.3653092384131944,382.1889730142181,-25.32692389816747,4.781826909423248,-0.146405,False,inf
53.0575,-1.95174,-0.0108715,380.694,-24.9231,0.00429958,-0.166461,-0.146725,61.7003,-0.00068509,-0.16641,-5.64756,1.01618,0.00429958,-2.42519,0.0290859,-0.00167326,0.222037,-0.00017131,-1.95181,-0.0123598,0.223968,-0.146725,0.559875,-0.0176888,5.46611,0.0,-9.882,0.0,3.0,-0.857983,0.0,0.0,388.119,-22.5172,0.0,4.08804e-22,0.0,-4.03936e-21,0.0,0.0,0.0,0.0,0.0,0.0,0.0,2810.82,-14.6177,0.0,0.0,0.0,0.0,0.0,0.0,0.0,0.0,0.0,0.0,0.0,3785.53,-83.4882,0.0,0.0,0.0,0.0,0.0,0.0,0.0,0.0,0.0,0.0,0.0,7388.63,-42.0105,0.0,0.0,0.0,0.0,0.0,0.0,0.0,0.0,0.0,999.0,999.0,1.0,5.574296117896855,gaze,0.5553264772682719,0.5810558718467254,-27.25375739871807,-17.35400127986496,235.7631583761535,-36.27823901941211,-17.14820337784534,-31.82816261425895,0.0337056942821712,-0.0007686381845445,0.999431506091487,4.973133087158203,24.12555212906129,-16.68547744920204,-22.17298501023805,0.5804087507615249,0.5970362591872088,0.5537809921396637,4.186609268188477,-36.27823901941211,-17.14820337784534,-31.82816261425895,0.0337056942821712,-0.0007686381845445,0.999431506091487,4.973133087158203,1.3025166903200087,True,0.0,imu,-0.490485296,-9.430477044800002,2.4966897872,1.04687487,-1.39121527,-4.625395409999999,97.1204724,-37.94611160000001,133.6383368,388.119,-22.5172,False,0.9308882633424378,-0.3653040393580395,382.1899707588167,-25.32693225325065,4.781445108961951,-0.146725,False,inf
53.0735,-1.49807,-0.00439356,380.695,-24.9231,0.00469457,-0.151422,-0.146976,34.7084,-0.00993456,-0.151373,-12.5629,0.856769,0.00469457,-1.79663,0.0190277,-0.00162509,0.124879,0.000361584,-1.49823,-3.64771e-05,0.127725,-0.146976,0.77736,-0.0137615,5.46611,0.0,-9.891,0.0,3.0,-0.857983,0.0,0.0,388.119,-22.5172,0.0,3.89837e-22,0.0,-3.8519499999999995e-21,0.0,0.0,0.0,0.0,0.0,0.0,0.0,2810.82,-14.6177,0.0,0.0,0.0,0.0,0.0,0.0,0.0,0.0,0.0,0.0,0.0,3785.53,-83.4882,0.0,0.0,0.0,0.0,0.0,0.0,0.0,0.0,0.0,0.0,0.0,7388.63,-42.0105,0.0,0.0,0.0,0.0,0.0,0.0,0.0,0.0,0.0,999.0,999.0,1.0,5.573328826652901,gaze,0.5553264772682719,0.5810558718467254,-27.25375739871807,-17.35400127986496,235.7631583761535,-36.27823901941211,-17.14820337784534,-31.82816261425895,0.0337056942821712,-0.0007686381845445,0.999431506091487,4.973133087158203,24.12555212906129,-16.68547744920204,-22.17298501023805,0.5804087507615249,0.5970362591872088,0.5537809921396637,4.186609268188477,-36.27823901941211,-17.14820337784534,-31.82816261425895,0.0337056942821712,-0.0007686381845445,0.999431506091487,4.973133087158203,1.3025166903200087,True,0.0,imu,-0.490485296,-9.430477044800002,2.4966897872,1.04687487,-1.39121527,-4.625395409999999,97.1204724,-37.94611160000001,133.6383368,388.119,-22.5172,False,0.9308898636488282,-0.3652999613411782,382.1909689897035,-25.326938806760204,4.781066873604449,-0.146976,False,inf
53.0895,-1.01392,0.00418374,380.695,-24.9231,0.00491741,-0.139516,-0.147151,13.4225,0.0386,-0.139468,-18.2875,0.627602,0.00491741,-1.75596,0.00742121,-0.00158079,0.0482606,0.000874099,-1.01396,0.0225583,0.0529027,-0.147151,0.14514,-0.00808066,6.10376,0.0,-9.9,0.0,3.0,-0.857983,0.0,0.0,388.119,-22.5172,0.0,3.7196e-22,0.0,-3.67531e-21,0.0,0.0,0.0,0.0,0.0,0.0,0.0,2810.82,-14.6177,0.0,0.0,0.0,0.0,0.0,0.0,0.0,0.0,0.0,0.0,0.0,3785.53,-83.4882,0.0,0.0,0.0,0.0,0.0,0.0,0.0,0.0,0.0,0.0,0.0,7388.63,-42.0105,0.0,0.0,0.0,0.0,0.0,0.0,0.0,0.0,0.0,999.0,999.0,1.0,5.573328826652901,gaze,0.5553264772682719,0.5810558718467254,-27.25375739871807,-17.35400127986496,235.7631583761535,-36.27823901941211,-17.14820337784534,-31.82816261425895,0.0337056942821712,-0.0007686381845445,0.999431506091487,4.973133087158203,24.12555212906129,-16.68547744920204,-22.17298501023805,0.5804087507615249,0.5970362591872088,0.5537809921396637,4.186609268188477,-36.27823901941211,-17.14820337784534,-31.82816261425895,0.0337056942821712,-0.0007686381845445,0.999431506091487,4.973133087158203,1.3025166903200087,True,0.0,imu,-0.490485296,-9.430477044800002,2.4966897872,1.04687487,-1.39121527,-4.625395409999999,97.1204724,-37.94611160000001,133.6383368,388.119,-22.5172,False,0.9308909793897256,-0.3652971180981828,382.1909677562411,-25.326943375935585,4.78105785769671,-0.147151,False,inf
53.1055,-0.563455,0.00940178,380.695,-24.9231,0.00490179,-0.132171,-0.147262,1.40095,-0.0780323,-0.132124,-21.317,0.302805,0.00490179,-0.299804,-0.00854772,-0.00154654,0.00485136,0.00125723,-0.543613,0.14977,0.0149773,-0.147262,0.367462,-0.00596441,6.10376,0.0,-9.909,0.0,3.0,-0.857983,0.0,0.0,388.119,-22.5172,0.0,3.5582999999999996e-22,0.0,-3.51593e-21,0.0,0.0,0.0,0.0,0.0,0.0,0.0,2810.82,-14.6177,0.0,0.0,0.0,0.0,0.0,0.0,0.0,0.0,0.0,0.0,0.0,3785.53,-83.4882,0.0,0.0,0.0,0.0,0.0,0.0,0.0,0.0,0.0,0.0,0.0,7388.63,-42.0105,0.0,0.0,0.0,0.0,0.0,0.0,0.0,0.0,0.0,999.0,999.0,1.0,5.573328826652901,gaze,0.5553264772682719,0.5810558718467254,-27.25375739871807,-17.35400127986496,235.7631583761535,-36.27823901941211,-17.14820337784534,-31.82816261425895,0.0337056942821712,-0.0007686381845445,0.999431506091487,4.973133087158203,24.12555212906129,-16.68547744920204,-22.17298501023805,0.5804087507615249,0.5970362591872088,0.5537809921396637,4.186609268188477,-36.27823901941211,-17.14820337784534,-31.82816261425895,0.0337056942821712,-0.0007686381845445,0.999431506091487,4.973133087158203,1.3025166903200087,True,0.0,imu,-0.490485296,-9.430477044800002,2.4966897872,1.04687487,-1.39121527,-4.625395409999999,97.1204724,-37.94611160000001,133.6383368,388.119,-22.5172,False,0.9308916870837364,-0.3652953146680023,382.19096697386624,-25.326946274096304,4.781052139014607,-0.147262,False,inf
53.1215,-0.324477,0.0182526,380.695,-24.9231,0.00465724,-0.130177,-0.147354,5.4753,-0.271761,-0.130131,-19.6707,-0.0280606,0.00465724,0.354101,-0.0212429,-0.00152437,-0.0196607,0.00156227,0.325262,0.00757082,0.0203748,-0.147354,0.385144,-0.00518505,5.46611,0.0,-9.954,-6.0,3.0,-0.857983,0.0,0.0,388.119,-22.5172,0.0,3.39701e-22,0.0,-3.35656e-21,0.0,0.0,0.0,0.0,0.0,0.0,0.0,2810.82,-14.6177,0.0,0.0,0.0,0.0,0.0,0.0,0.0,0.0,0.0,0.0,0.0,3785.53,-83.4882,0.0,0.0,0.0,0.0,0.0,0.0,0.0,0.0,0.0,0.0,0.0,7388.63,-42.0105,0.0,0.0,0.0,0.0,0.0,0.0,0.0,0.0,0.0,999.0,999.0,1.0,5.573328826652901,gaze,0.5553264772682719,0.5810558718467254,-27.25375739871807,-17.35400127986496,235.7631583761535,-36.27823901941211,-17.14820337784534,-31.82816261425895,0.0337056942821712,-0.0007686381845445,0.999431506091487,4.973133087158203,24.12555212906129,-16.68547744920204,-22.17298501023805,0.5804087507615249,0.5970362591872088,0.5537809921396637,4.186609268188477,-36.27823901941211,-17.14820337784534,-31.82816261425895,0.0337056942821712,-0.0007686381845445,0.999431506091487,4.973133087158203,1.3025166903200087,True,0.0,imu,-0.490485296,-9.430477044800002,2.4966897872,1.04687487,-1.39121527,-4.625395409999999,97.1204724,-37.94611160000001,133.6383368,388.119,-22.5172,False,0.930892273638287,-0.3652938199320388,382.1909663254072,-25.32694867617431,4.781047399193874,-0.147354,False,inf
53.1375,-0.191693,-0.0255441,380.695,-24.9231,0.00422004,-0.133121,-0.147435,9.47297,0.00143279,-0.133075,-16.0318,-0.312506,0.00422004,-2.90097,-0.0328689,-0.00151469,-0.0340454,0.00180597,0.190439,0.0356892,0.0343408,-0.147435,1.00498,-0.00467384,4.82846,0.0,-10.008,0.0,3.0,-0.857983,0.0,0.0,388.119,-22.5172,0.0,3.24013e-22,0.0,-3.2015499999999997e-21,0.0,0.0,0.0,0.0,0.0,0.0,0.0,2810.82,-14.6177,0.0,0.0,0.0,0.0,0.0,0.0,0.0,0.0,0.0,0.0,0.0,3785.53,-83.4882,0.0,0.0,0.0,0.0,0.0,0.0,0.0,0.0,0.0,0.0,0.0,7388.63,-42.0105,0.0,0.0,0.0,0.0,0.0,0.0,0.0,0.0,0.0,999.0,999.0,1.0,5.573328826652901,gaze,0.5553264772682719,0.5810558718467254,-27.25375739871807,-17.35400127986496,235.7631583761535,-36.27823901941211,-17.14820337784534,-31.82816261425895,0.0337056942821712,-0.0007686381845445,0.999431506091487,4.973133087158203,24.12555212906129,-16.68547744920204,-22.17298501023805,0.5804087507615249,0.5970362591872088,0.5537809921396637,4.186609268188477,-36.27823901941211,-17.14820337784534,-31.82816261425895,0.0337056942821712,-0.0007686381845445,0.999431506091487,4.973133087158203,1.3025166903200087,True,0.0,imu,-0.490485296,-9.430477044800002,2.4966897872,1.04687487,-1.39121527,-4.625395409999999,97.1204724,-37.94611160000001,133.6383368,388.119,-22.5172,False,0.930892790059328,-0.3652925039137261,382.1909657544781,-25.326950791046475,4.781043226081703,-0.147435,False,inf
53.1535,-0.117881,0.0100291,380.695,-24.9231,0.00338483,-0.140164,-0.147535,11.8918,0.0348508,-0.140118,-12.6747,-0.54438,0.00338483,-1.9898,-0.0733325,-0.00152152,-0.0427249,0.00210478,0.118637,-0.00419382,0.0449641,-0.147535,-0.119295,-0.00827534,6.10376,0.0,-10.089,-6.0,3.0,-0.857983,0.0,0.0,388.119,-22.5172,0.0,3.1009099999999997e-22,0.0,-3.0639899999999997e-21,0.0,0.0,0.0,0.0,0.0,0.0,0.0,2810.82,-14.6177,0.0,0.0,0.0,0.0,0.0,0.0,0.0,0.0,0.0,0.0,0.0,3785.53,-83.4882,0.0,0.0,0.0,0.0,0.0,0.0,0.0,0.0,0.0,0.0,0.0,7388.63,-42.0105,0.0,0.0,0.0,0.0,0.0,0.0,0.0,0.0,0.0,999.0,999.0,1.0,5.573328826652901,gaze,0.5553264772682719,0.5810558718467254,-27.25375739871807,-17.35400127986496,235.7631583761535,-36.27823901941211,-17.14820337784534,-31.82816261425895,0.0337056942821712,-0.0007686381845445,0.999431506091487,4.973133087158203,24.12555212906129,-16.68547744920204,-22.17298501023805,0.5804087507615249,0.5970362591872088,0.5537809921396637,4.186609268188477,-36.27823901941211,-17.14820337784534,-31.82816261425895,0.0337056942821712,-0.0007686381845445,0.999431506091487,4.973133087158203,1.3025166903200087,True,0.0,imu,-0.490485296,-9.430477044800002,2.4966897872,1.04687487,-1.39121527,-4.625395409999999,97.1204724,-37.94611160000001,133.6383368,388.119,-22.5172,False,0.9308934276136028,-0.3652908791987528,382.1909650496232,-25.32695340199865,4.781038074079607,-0.147535,False,inf
53.1695,-0.062269,0.0144785,380.695,-24.9231,0.00202103,-0.150425,-0.147686,13.328,0.0530701,-0.150379,-9.19763,-0.717873,0.00202103,-2.53996,-0.0985334,-0.00154727,-0.0478458,0.00266648,0.0633788,-0.0109689,0.0532633,-0.147686,0.108862,-0.00897757,4.82846,0.0,-10.197,-6.0,3.0,-0.857983,0.0,0.0,388.119,-22.5172,0.0,2.96169e-22,0.0,-2.92642e-21,0.0,0.0,0.0,0.0,0.0,0.0,0.0,2810.82,-14.6177,0.0,0.0,0.0,0.0,0.0,0.0,0.0,0.0,0.0,0.0,0.0,3785.53,-83.4882,0.0,0.0,0.0,0.0,0.0,0.0,0.0,0.0,0.0,0.0,0.0,7388.63,-42.0105,0.0,0.0,0.0,0.0,0.0,0.0,0.0,0.0,0.0,999.0,999.0,1.0,5.573328826652901,gaze,0.5553264772682719,0.5810558718467254,-27.25375739871807,-17.35400127986496,235.7631583761535,-36.27823901941211,-17.14820337784534,-31.82816261425895,0.0337056942821712,-0.0007686381845445,0.999431506091487,4.973133087158203,24.12555212906129,-16.68547744920204,-22.17298501023805,0.5804087507615249,0.5970362591872088,0.5537809921396637,4.186609268188477,-36.27823901941211,-17.14820337784534,-31.82816261425895,0.0337056942821712,-0.0007686381845445,0.999431506091487,4.973133087158203,1.3025166903200087,True,0.0,imu,-0.490485296,-9.430477044800002,2.4966897872,1.04687487,-1.39121527,-4.625395409999999,97.1204724,-37.94611160000001,133.6383368,388.119,-22.5172,False,0.9308943903151842,-0.3652884258770343,382.1909639852837,-25.326957344534105,4.78103029453178,-0.147686,False,inf
53.1855,-0.0232091,-0.00112795,380.694,-24.9231,0.000247753,-0.163079,-0.147817,14.0087,-0.000989196,-0.163031,-8.42145,-0.848887,0.000247753,0.982932,-0.123206,-0.00158371,-0.0502149,0.00354319,0.0236235,0.00279536,0.0598361,-0.147817,0.390281,-0.00657789,5.46611,0.0,-10.323,-6.0,3.0,-0.857983,0.0,0.0,388.119,-22.5172,0.0,2.82263e-22,0.0,-2.78902e-21,0.0,0.0,0.0,0.0,0.0,0.0,0.0,2810.82,-14.6177,0.0,0.0,0.0,0.0,0.0,0.0,0.0,0.0,0.0,0.0,0.0,3785.53,-83.4882,0.0,0.0,0.0,0.0,0.0,0.0,0.0,0.0,0.0,0.0,0.0,7388.63,-42.0105,0.0,0.0,0.0,0.0,0.0,0.0,0.0,0.0,0.0,999.0,999.0,1.0,5.574296117896855,gaze,0.5553264772682719,0.5810558718467254,-27.25375739871807,-17.35400127986496,235.7631583761535,-36.27823901941211,-17.14820337784534,-31.82816261425895,0.0337056942821712,-0.0007686381845445,0.999431506091487,4.973133087158203,24.12555212906129,-16.68547744920204,-22.17298501023805,0.5804087507615249,0.5970362591872088,0.5537809921396637,4.186609268188477,-36.27823901941211,-17.14820337784534,-31.82816261425895,0.0337056942821712,-0.0007686381845445,0.999431506091487,4.973133087158203,1.3025166903200087,True,0.0,imu,-0.490485296,-9.430477044800002,2.4966897872,1.04687487,-1.39121527,-4.625395409999999,97.1204724,-37.94611160000001,133.6383368,388.119,-22.5172,False,0.9308952255013844,-0.3652862974965346,382.1899630619079,-25.32696076487716,4.781388831661131,-0.147817,False,inf
53.2015,0.000362949,0.00611118,380.694,-24.9231,-0.00196187,-0.177494,-0.147914,14.2206,3.04292,-0.177445,-4.58094,-0.940919,-0.00196187,-2.4956,-0.15293,-0.00162968,-0.0508744,0.00445469,0.000568607,-0.00608922,0.0652223,-0.147914,0.619694,-0.00497197,5.46611,0.0,-10.521,-18.0,3.0,-0.857983,0.0,0.0,388.119,-22.5172,0.0,2.69748e-22,0.0,-2.6653599999999997e-21,0.0,0.0,0.0,0.0,0.0,0.0,0.0,2810.82,-14.6177,0.0,0.0,0.0,0.0,0.0,0.0,0.0,0.0,0.0,0.0,0.0,3785.53,-83.4882,0.0,0.0,0.0,0.0,0.0,0.0,0.0,0.0,0.0,0.0,0.0,7388.63,-42.0105,0.0,0.0,0.0,0.0,0.0,0.0,0.0,0.0,0.0,999.0,999.0,1.0,5.574296117896855,gaze,0.5553264772682719,0.5810558718467254,-27.25375739871807,-17.35400127986496,235.7631583761535,-36.27823901941211,-17.14820337784534,-31.82816261425895,0.0337056942821712,-0.0007686381845445,0.999431506091487,4.973133087158203,24.12555212906129,-16.68547744920204,-22.17298501023805,0.5804087507615249,0.5970362591872088,0.5537809921396637,4.186609268188477,-36.27823901941211,-17.14820337784534,-31.82816261425895,0.0337056942821712,-0.0007686381845445,0.999431506091487,4.973133087158203,1.3025166903200087,True,0.0,imu,-0.490485296,-9.430477044800002,2.4966897872,1.04687487,-1.39121527,-4.625395409999999,97.1204724,-37.94611160000001,133.6383368,388.119,-22.5172,False,0.9308958439185652,-0.3652847215189035,382.18996237818186,-25.32696329749623,4.781383832595108,-0.147914,False,inf
53.2175,0.0130825,-0.00281494,380.694,-24.923,-0.00457902,-0.193116,-0.147977,14.1382,0.0925532,-0.193066,-2.88073,-1.00259,-0.00457902,-2.46553,-0.174243,-0.00168491,-0.0504747,0.00516131,-0.0129437,0.00150067,0.0695816,-0.147977,0.661433,-0.00294389,3.55316,0.0,-10.782,-18.0,3.0,-0.857983,0.0,0.0,388.119,-22.5172,0.0,2.57234e-22,0.0,-2.54171e-21,0.0,0.0,0.0,0.0,0.0,0.0,0.0,2810.82,-14.6177,0.0,0.0,0.0,0.0,0.0,0.0,0.0,0.0,0.0,0.0,0.0,3785.53,-83.4882,0.0,0.0,0.0,0.0,0.0,0.0,0.0,0.0,0.0,0.0,0.0,7388.63,-42.0105,0.0,0.0,0.0,0.0,0.0,0.0,0.0,0.0,0.0,999.0,999.0,1.0,5.574321483373556,gaze,0.5553264772682719,0.5810558718467254,-27.25375739871807,-17.35400127986496,235.7631583761535,-36.27823901941211,-17.14820337784534,-31.82816261425895,0.0337056942821712,-0.0007686381845445,0.999431506091487,4.973133087158203,24.12555212906129,-16.68547744920204,-22.17298501023805,0.5804087507615249,0.5970362591872088,0.5537809921396637,4.186609268188477,-36.27823901941211,-17.14820337784534,-31.82816261425895,0.0337056942821712,-0.0007686381845445,0.999431506091487,4.973133087158203,1.3025166903200087,True,0.0,imu,-0.490485296,-9.430477044800002,2.4966897872,1.04687487,-1.39121527,-4.625395409999999,97.1204724,-37.94611160000001,133.6383368,388.119,-22.5172,False,0.9308962455695312,-0.3652836979452421,382.1899619341101,-25.32686494239253,4.781287496147948,-0.147977,False,inf
53.2335,0.0252652,0.0260308,380.694,-24.923,-0.00751561,-0.209472,-0.148022,13.8443,2.91917,-0.209419,-1.30099,-1.03574,-0.00751561,0.42798,-0.190433,-0.00174917,-0.0493099,0.00576674,-0.0217842,-0.0287587,0.0726986,-0.148022,-0.405649,-0.00277641,3.55316,0.0,-11.115,-24.0,3.0,-0.857983,0.0,0.0,388.119,-22.5172,0.0,2.44719e-22,0.0,-2.4180499999999998e-21,0.0,0.0,0.0,0.0,0.0,0.0,0.0,2810.82,-14.6177,0.0,0.0,0.0,0.0,0.0,0.0,0.0,0.0,0.0,0.0,0.0,3785.53,-83.4882,0.0,0.0,0.0,0.0,0.0,0.0,0.0,0.0,0.0,0.0,0.0,7388.63,-42.0105,0.0,0.0,0.0,0.0,0.0,0.0,0.0,0.0,0.0,999.0,999.0,1.0,5.574321483373556,gaze,0.5553264772682719,0.5810558718467254,-27.25375739871807,-17.35400127986496,235.7631583761535,-36.27823901941211,-17.14820337784534,-31.82816261425895,0.0337056942821712,-0.0007686381845445,0.999431506091487,4.973133087158203,24.12555212906129,-16.68547744920204,-22.17298501023805,0.5804087507615249,0.5970362591872088,0.5537809921396637,4.186609268188477,-36.27823901941211,-17.14820337784534,-31.82816261425895,0.0337056942821712,-0.0007686381845445,0.999431506091487,4.973133087158203,1.3025166903200087,True,0.0,imu,-0.490485296,-9.430477044800002,2.4966897872,1.04687487,-1.39121527,-4.625395409999999,97.1204724,-37.94611160000001,133.6383368,388.119,-22.5172,False,0.9308965324623896,-0.3652829668209278,382.1899616169149,-25.32686611731816,4.78128517695706,-0.148022,False,inf
53.2495,0.0322755,0.00650996,380.693,-24.923,-0.0106661,-0.226163,-0.148059,13.3989,2.92688,-0.226108,-0.19484,-1.04667,-0.0106661,-0.52507,-0.201777,-0.00182208,-0.0476079,0.00621347,-0.0309453,-0.010602,0.0745869,-0.148059,0.0653508,-0.00184779,4.19081,0.0,-11.511,-24.0,3.0,-0.857983,0.0,0.0,388.119,-22.5172,0.0,2.33806e-22,0.0,-2.3102199999999997e-21,0.0,0.0,0.0,0.0,0.0,0.0,0.0,2810.82,-14.6177,0.0,0.0,0.0,0.0,0.0,0.0,0.0,0.0,0.0,0.0,0.0,3785.53,-83.4882,0.0,0.0,0.0,0.0,0.0,0.0,0.0,0.0,0.0,0.0,0.0,7388.63,-42.0105,0.0,0.0,0.0,0.0,0.0,0.0,0.0,0.0,0.0,999.0,999.0,1.0,5.575288781758333,gaze,0.5553264772682719,0.5810558718467254,-27.25375739871807,-17.35400127986496,235.7631583761535,-36.27823901941211,-17.14820337784534,-31.82816261425895,0.0337056942821712,-0.0007686381845445,0.999431506091487,4.973133087158203,24.12555212906129,-16.68547744920204,-22.17298501023805,0.5804087507615249,0.5970362591872088,0.5537809921396637,4.186609268188477,-36.27823901941211,-17.14820337784534,-31.82816261425895,0.0337056942821712,-0.0007686381845445,0.999431506091487,4.973133087158203,1.3025166903200087,True,0.0,imu,-0.490485296,-9.430477044800002,2.4966897872,1.04687487,-1.39121527,-4.625395409999999,97.1204724,-37.94611160000001,133.6383368,388.119,-22.5172,False,0.9308967683516431,-0.3652823656741006,382.18896135610913,-25.326867083367937,4.781648552430503,-0.148059,False,inf
53.2655,0.0388271,-0.0176886,380.693,-24.923,-0.0139448,-0.242856,-0.148081,12.8258,3.16461,-0.242798,1.00238,-1.03746,-0.0139448,-2.06204,-0.207512,-0.00190361,-0.0454677,0.006443,-0.0407992,0.0120946,0.0750866,-0.148081,0.0926155,-0.000773697,3.55316,0.0,-11.961,-24.0,3.0,-0.857983,0.0,0.0,388.119,-22.5172,0.0,2.22979e-22,0.0,-2.20324e-21,0.0,0.0,0.0,0.0,0.0,0.0,0.0,2810.82,-14.6177,0.0,0.0,0.0,0.0,0.0,0.0,0.0,0.0,0.0,0.0,0.0,3785.53,-83.4882,0.0,0.0,0.0,0.0,0.0,0.0,0.0,0.0,0.0,0.0,0.0,7388.63,-42.0105,0.0,0.0,0.0,0.0,0.0,0.0,0.0,0.0,0.0,999.0,999.0,1.0,5.575288781758333,gaze,0.5553264772682719,0.5810558718467254,-27.25375739871807,-17.35400127986496,235.7631583761535,-36.27823901941211,-17.14820337784534,-31.82816261425895,0.0337056942821712,-0.0007686381845445,0.999431506091487,4.973133087158203,24.12555212906129,-16.68547744920204,-22.17298501023805,0.5804087507615249,0.5970362591872088,0.5537809921396637,4.186609268188477,-36.27823901941211,-17.14820337784534,-31.82816261425895,0.0337056942821712,-0.0007686381845445,0.999431506091487,4.973133087158203,1.3025166903200087,True,0.0,imu,-0.490485296,-9.430477044800002,2.4966897872,1.04687487,-1.39121527,-4.625395409999999,97.1204724,-37.94611160000001,133.6383368,388.119,-22.5172,False,0.930896908609934,-0.3652820082353745,382.1889612010352,-25.326867657775832,4.781647418244418,-0.148081,False,inf
53.2815,0.0176786,0.00158627,380.693,-24.9229,-0.0169576,-0.259349,-0.148049,11.3952,2.73695,-0.259289,1.94807,-1.01984,-0.0169576,-1.12149,-0.187396,-0.00198625,-0.040226,0.00653715,-0.0171135,-0.00438258,0.0722824,-0.148049,0.502296,0.00179075,3.55316,0.0,-12.492,-36.0,3.0,-0.857983,0.0,0.0,388.119,-22.5172,0.0,2.1215199999999997e-22,0.0,-2.09626e-21,0.0,0.0,0.0,0.0,0.0,0.0,0.0,2810.82,-14.6177,0.0,0.0,0.0,0.0,0.0,0.0,0.0,0.0,0.0,0.0,0.0,3785.53,-83.4882,0.0,0.0,0.0,0.0,0.0,0.0,0.0,0.0,0.0,0.0,0.0,7388.63,-42.0105,0.0,0.0,0.0,0.0,0.0,0.0,0.0,0.0,0.0,999.0,999.0,1.0,5.575314144512426,gaze,0.5553264772682719,0.5810558718467254,-27.25375739871807,-17.35400127986496,235.7631583761535,-36.27823901941211,-17.14820337784534,-31.82816261425895,0.0337056942821712,-0.0007686381845445,0.999431506091487,4.973133087158203,24.12555212906129,-16.68547744920204,-22.17298501023805,0.5804087507615249,0.5970362591872088,0.5537809921396637,4.186609268188477,-36.27823901941211,-17.14820337784534,-31.82816261425895,0.0337056942821712,-0.0007686381845445,0.999431506091487,4.973133087158203,1.3025166903200087,True,0.0,imu,-0.490485296,-9.430477044800002,2.4966897872,1.04687487,-1.39121527,-4.625395409999999,97.1204724,-37.94611160000001,133.6383368,388.119,-22.5172,False,0.9308967045978292,-0.3652825281462312,382.1889614265972,-25.32676682227342,4.781555978298982,-0.148049,False,inf
53.2975,0.0341865,-0.0097753,380.693,-24.9229,-0.0199976,-0.275331,-0.148011,10.9741,-2.65821,-0.275269,3.0558,-0.977719,-0.0199976,0.663457,-0.186996,-0.00208167,-0.0387445,0.0061037,-0.0354044,0.00434786,0.0711266,-0.148011,0.0783239,0.00218442,4.19081,0.0,-13.122,-42.0,3.0,-0.857983,0.0,0.0,388.119,-22.5172,0.0,2.02764e-22,0.0,-2.0034999999999997e-21,0.0,0.0,0.0,0.0,0.0,0.0,0.0,2810.82,-14.6177,0.0,0.0,0.0,0.0,0.0,0.0,0.0,0.0,0.0,0.0,0.0,3785.53,-83.4882,0.0,0.0,0.0,0.0,0.0,0.0,0.0,0.0,0.0,0.0,0.0,7388.63,-42.0105,0.0,0.0,0.0,0.0,0.0,0.0,0.0,0.0,0.0,999.0,999.0,1.0,5.575314144512426,gaze,0.5553264772682719,0.5810558718467254,-27.25375739871807,-17.35400127986496,235.7631583761535,-36.27823901941211,-17.14820337784534,-31.82816261425895,0.0337056942821712,-0.0007686381845445,0.999431506091487,4.973133087158203,24.12555212906129,-16.68547744920204,-22.17298501023805,0.5804087507615249,0.5970362591872088,0.5537809921396637,4.186609268188477,-36.27823901941211,-17.14820337784534,-31.82816261425895,0.0337056942821712,-0.0007686381845445,0.999431506091487,4.973133087158203,1.3025166903200087,True,0.0,imu,-0.490485296,-9.430477044800002,2.4966897872,1.04687487,-1.39121527,-4.625395409999999,97.1204724,-37.94611160000001,133.6383368,388.119,-22.5172,False,0.9308964623330774,-0.3652831455402255,382.1889616944515,-25.32676583011414,4.781557937369953,-0.148011,False,inf
53.3135,0.051076,-0.000163875,380.693,-24.9229,-0.0228913,-0.29056,-0.147954,10.2576,2.47128,-0.290495,3.10243,-0.928883,-0.0228913,0.906949,-0.175204,-0.00218162,-0.0361876,0.00570475,-0.0506274,-0.00777167,0.0684571,-0.147954,-0.224404,0.00575913,4.82846,0.0,-13.878,-54.0,3.0,-0.857983,0.0,0.0,388.119,-22.5172,0.0,1.93557e-22,0.0,-1.9125199999999998e-21,0.0,0.0,0.0,0.0,0.0,0.0,0.0,2810.82,-14.6177,0.0,0.0,0.0,0.0,0.0,0.0,0.0,0.0,0.0,0.0,0.0,3785.53,-83.4882,0.0,0.0,0.0,0.0,0.0,0.0,0.0,0.0,0.0,0.0,0.0,7388.63,-42.0105,0.0,0.0,0.0,0.0,0.0,0.0,0.0,0.0,0.0,999.0,999.0,1.0,5.575314144512426,gaze,0.5553264772682719,0.5810558718467254,-27.25375739871807,-17.35400127986496,235.7631583761535,-36.27823901941211,-17.14820337784534,-31.82816261425895,0.0337056942821712,-0.0007686381845445,0.999431506091487,4.973133087158203,24.12555212906129,-16.68547744920204,-22.17298501023805,0.5804087507615249,0.5970362591872088,0.5537809921396637,4.186609268188477,-36.27823901941211,-17.14820337784534,-31.82816261425895,0.0337056942821712,-0.0007686381845445,0.999431506091487,4.973133087158203,1.3025166903200087,True,0.0,imu,-0.490485296,-9.430477044800002,2.4966897872,1.04687487,-1.39121527,-4.625395409999999,97.1204724,-37.94611160000001,133.6383368,388.119,-22.5172,False,0.930896098935182,-0.3652840716309157,382.1889620962317,-25.32676434187489,4.781560875972889,-0.147954,False,inf
53.3295,0.105761,-0.0110766,380.693,-24.9228,-0.0255875,-0.305082,-0.14793,8.71032,-3.63157,-0.305013,2.56947,-0.890411,-0.0255875,0.495681,-0.162937,-0.00228338,-0.0306083,0.00527909,-0.106339,-0.00699193,0.0639164,-0.14793,-0.809622,-0.00454944,2.91551,0.0,-14.76,-60.0,3.0,-0.857983,0.0,0.0,388.119,-22.5172,0.0,1.8434999999999998e-22,0.0,-1.82155e-21,0.0,0.0,0.0,0.0,0.0,0.0,0.0,2810.82,-14.6177,0.0,0.0,0.0,0.0,0.0,0.0,0.0,0.0,0.0,0.0,0.0,3785.53,-83.4882,0.0,0.0,0.0,0.0,0.0,0.0,0.0,0.0,0.0,0.0,0.0,7388.63,-42.0105,0.0,0.0,0.0,0.0,0.0,0.0,0.0,0.0,0.0,999.0,999.0,1.0,5.575339508944753,gaze,0.5553264772682719,0.5810558718467254,-27.25375739871807,-17.35400127986496,235.7631583761535,-36.27823901941211,-17.14820337784534,-31.82816261425895,0.0337056942821712,-0.0007686381845445,0.999431506091487,4.973133087158203,24.12555212906129,-16.68547744920204,-22.17298501023805,0.5804087507615249,0.5970362591872088,0.5537809921396637,4.186609268188477,-36.27823901941211,-17.14820337784534,-31.82816261425895,0.0337056942821712,-0.0007686381845445,0.999431506091487,4.973133087158203,1.3025166903200087,True,0.0,imu,-0.490485296,-9.430477044800002,2.4966897872,1.04687487,-1.39121527,-4.625395409999999,97.1204724,-37.94611160000001,133.6383368,388.119,-22.5172,False,0.930895945925266,-0.3652844615637297,382.1889622654018,-25.326663715247715,4.781469023683518,-0.14793,False,inf
53.3455,0.0241895,0.00607933,380.692,-24.9228,-0.0280918,-0.31891,-0.148017,7.79722,2.08203,-0.318838,4.25927,-0.835137,-0.0280918,2.10484,-0.150681,-0.00238634,-0.0273483,0.00484791,-0.023056,-0.0102123,0.0599586,-0.148017,0.479988,-0.000229675,3.55316,0.0,-15.741,-60.0,3.0,-0.857983,0.0,0.0,388.119,-22.5172,0.0,1.76177e-22,0.0,-1.74079e-21,0.0,0.0,0.0,0.0,0.0,0.0,0.0,2810.82,-14.6177,0.0,0.0,0.0,0.0,0.0,0.0,0.0,0.0,0.0,0.0,0.0,3785.53,-83.4882,0.0,0.0,0.0,0.0,0.0,0.0,0.0,0.0,0.0,0.0,0.0,7388.63,-42.0105,0.0,0.0,0.0,0.0,0.0,0.0,0.0,0.0,0.0,999.0,999.0,1.0,5.576306810067042,gaze,0.5553264772682719,0.5810558718467254,-27.25375739871807,-17.35400127986496,235.7631583761535,-36.27823901941211,-17.14820337784534,-31.82816261425895,0.0337056942821712,-0.0007686381845445,0.999431506091487,4.973133087158203,24.12555212906129,-16.68547744920204,-22.17298501023805,0.5804087507615249,0.5970362591872088,0.5537809921396637,4.186609268188477,-36.27823901941211,-17.14820337784534,-31.82816261425895,0.0337056942821712,-0.0007686381845445,0.999431506091487,4.973133087158203,1.3025166903200087,True,0.0,imu,-0.490485296,-9.430477044800002,2.4966897872,1.04687487,-1.39121527,-4.625395409999999,97.1204724,-37.94611160000001,133.6383368,388.119,-22.5172,False,0.9308965005854336,-0.3652830480569739,382.1879616521588,-25.32666598677088,4.781829821441071,-0.148017,False,inf
53.3615,0.235158,0.0110435,380.692,-24.9228,-0.0303135,-0.331892,-0.148048,5.47187,1.53396,-0.331817,1.48052,-0.797722,-0.0303135,5.34064,-0.118614,-0.00248871,-0.0189464,0.00423083,-0.227711,-0.0616651,0.0532474,-0.148048,-1.69925,-0.00353991,2.27786,0.0,-16.812,-72.0,3.0,-0.857983,0.0,0.0,388.119,-22.5172,0.0,1.6829699999999999e-22,0.0,-1.6629299999999999e-21,0.0,0.0,0.0,0.0,0.0,0.0,0.0,2810.82,-14.6177,0.0,0.0,0.0,0.0,0.0,0.0,0.0,0.0,0.0,0.0,0.0,3785.53,-83.4882,0.0,0.0,0.0,0.0,0.0,0.0,0.0,0.0,0.0,0.0,0.0,7388.63,-42.0105,0.0,0.0,0.0,0.0,0.0,0.0,0.0,0.0,0.0,999.0,999.0,1.0,5.576306810067042,gaze,0.5553264772682719,0.5810558718467254,-27.25375739871807,-17.35400127986496,235.7631583761535,-36.27823901941211,-17.14820337784534,-31.82816261425895,0.0337056942821712,-0.0007686381845445,0.999431506091487,4.973133087158203,24.12555212906129,-16.68547744920204,-22.17298501023805,0.5804087507615249,0.5970362591872088,0.5537809921396637,4.186609268188477,-36.27823901941211,-17.14820337784534,-31.82816261425895,0.0337056942821712,-0.0007686381845445,0.999431506091487,4.973133087158203,1.3025166903200087,True,0.0,imu,-0.490485296,-9.430477044800002,2.4966897872,1.04687487,-1.39121527,-4.625395409999999,97.1204724,-37.94611160000001,133.6383368,388.119,-22.5172,False,0.9308966982224464,-0.3652825443934436,382.187961433646,-25.32666679616397,4.781828222728065,-0.148048,False,inf
53.3775,0.361,-0.00607163,380.692,-24.9228,-0.0319143,-0.344781,-0.148192,1.32578,-0.0179215,-0.344703,-1.03521,-0.826961,-0.0319143,2.53371,-0.0872434,-0.00258814,0.00369959,0.00329579,0.255431,-0.255982,0.045397,-0.148192,-1.63713,-0.0142888,1.64021,0.0,-17.982,-72.0,3.0,-0.857983,0.0,0.0,388.119,-22.5172,0.0,1.60417e-22,0.0,-1.58507e-21,0.0,0.0,0.0,0.0,0.0,0.0,0.0,2810.82,-14.6177,0.0,0.0,0.0,0.0,0.0,0.0,0.0,0.0,0.0,0.0,0.0,3785.53,-83.4882,0.0,0.0,0.0,0.0,0.0,0.0,0.0,0.0,0.0,0.0,0.0,7388.63,-42.0105,0.0,0.0,0.0,0.0,0.0,0.0,0.0,0.0,0.0,999.0,999.0,1.0,5.576306810067042,gaze,0.5553264772682719,0.5810558718467254,-27.25375739871807,-17.35400127986496,235.7631583761535,-36.27823901941211,-17.14820337784534,-31.82816261425895,0.0337056942821712,-0.0007686381845445,0.999431506091487,4.973133087158203,24.12555212906129,-16.68547744920204,-22.17298501023805,0.5804087507615249,0.5970362591872088,0.5537809921396637,4.186609268188477,-36.27823901941211,-17.14820337784534,-31.82816261425895,0.0337056942821712,-0.0007686381845445,0.999431506091487,4.973133087158203,1.3025166903200087,True,0.0,imu,-0.490485296,-9.430477044800002,2.4966897872,1.04687487,-1.39121527,-4.625395409999999,97.1204724,-37.94611160000001,133.6383368,388.119,-22.5172,False,0.9308976162746724,-0.3652802047937072,382.1879604186133,-25.32667055592385,4.78182079643192,-0.148192,False,inf
53.3935,0.201447,-0.0302969,380.692,-24.9228,-0.0330114,-0.357925,-0.148477,4.9056,0.0223315,-0.357844,1.63157,-0.812536,-0.0330114,2.73795,-0.050288,-0.00269416,0.017801,0.00190071,0.197611,-0.0521916,0.043189,-0.148477,-0.329203,-0.0208188,1.64021,0.0,-19.296,-90.0,3.0,-0.857983,0.0,0.0,388.119,-22.5172,0.0,1.53381e-22,0.0,-1.51555e-21,0.0,0.0,0.0,0.0,0.0,0.0,0.0,2810.82,-14.6177,0.0,0.0,0.0,0.0,0.0,0.0,0.0,0.0,0.0,0.0,0.0,3785.53,-83.4882,0.0,0.0,0.0,0.0,0.0,0.0,0.0,0.0,0.0,0.0,0.0,7388.63,-42.0105,0.0,0.0,0.0,0.0,0.0,0.0,0.0,0.0,0.0,999.0,999.0,1.0,5.576306810067042,gaze,0.5553264772682719,0.5810558718467254,-27.25375739871807,-17.35400127986496,235.7631583761535,-36.27823901941211,-17.14820337784534,-31.82816261425895,0.0337056942821712,-0.0007686381845445,0.999431506091487,4.973133087158203,24.12555212906129,-16.68547744920204,-22.17298501023805,0.5804087507615249,0.5970362591872088,0.5537809921396637,4.186609268188477,-36.27823901941211,-17.14820337784534,-31.82816261425895,0.0337056942821712,-0.0007686381845445,0.999431506091487,4.973133087158203,1.3025166903200087,True,0.0,imu,-0.490485296,-9.430477044800002,2.4966897872,1.04687487,-1.39121527,-4.625395409999999,97.1204724,-37.94611160000001,133.6383368,388.119,-22.5172,False,0.930899433235702,-0.3652755743290934,382.1879584096666,-25.32667799710777,4.781806098474594,-0.148477,False,inf
53.4095,0.613449,-0.0573964,380.692,-24.9228,-0.0334413,-0.370908,-0.148898,10.4064,0.0539083,-0.370824,-4.04245,-0.821673,-0.0334413,0.824052,-0.00676894,-0.00280828,0.0376798,-4.92183e-05,0.613989,-0.0569545,0.0503213,-0.148898,-1.11204,-0.0332337,0.364915,0.0,-20.763,-96.0,3.0,-0.857983,0.0,0.0,388.119,-22.5172,0.0,1.46826e-22,0.0,-1.4507699999999999e-21,0.0,0.0,0.0,0.0,0.0,0.0,0.0,2810.82,-14.6177,0.0,0.0,0.0,0.0,0.0,0.0,0.0,0.0,0.0,0.0,0.0,3785.53,-83.4882,0.0,0.0,0.0,0.0,0.0,0.0,0.0,0.0,0.0,0.0,0.0,7388.63,-42.0105,0.0,0.0,0.0,0.0,0.0,0.0,0.0,0.0,0.0,999.0,999.0,1.0,5.576306810067042,gaze,0.5553264772682719,0.5810558718467254,-27.25375739871807,-17.35400127986496,235.7631583761535,-36.27823901941211,-17.14820337784534,-31.82816261425895,0.0337056942821712,-0.0007686381845445,0.999431506091487,4.973133087158203,24.12555212906129,-16.68547744920204,-22.17298501023805,0.5804087507615249,0.5970362591872088,0.5537809921396637,4.186609268188477,-36.27823901941211,-17.14820337784534,-31.82816261425895,0.0337056942821712,-0.0007686381845445,0.999431506091487,4.973133087158203,1.3025166903200087,True,0.0,imu,-0.490485296,-9.430477044800002,2.4966897872,1.04687487,-1.39121527,-4.625395409999999,97.1204724,-37.94611160000001,133.6383368,388.119,-22.5172,False,0.930902117195642,-0.3652687342227244,382.1879554419969,-25.32668898915415,4.781784386561843,-0.148898,False,inf
53.4255,0.639823,-0.0514659,380.693,-24.9228,-0.0332444,-0.384673,-0.149552,20.696,-0.00252394,-0.384585,-4.40171,-0.894341,-0.0332444,0.449988,0.0283346,-0.00293288,0.074662,-0.00212874,0.641696,-0.0333417,0.079605,-0.149552,0.351431,-0.0460328,0.364915,0.0,-22.347,-108.0,3.0,-0.857983,0.0,0.0,388.119,-22.5172,0.0,1.4026999999999998e-22,0.0,-1.386e-21,0.0,0.0,0.0,0.0,0.0,0.0,0.0,2810.82,-14.6177,0.0,0.0,0.0,0.0,0.0,0.0,0.0,0.0,0.0,0.0,0.0,3785.53,-83.4882,0.0,0.0,0.0,0.0,0.0,0.0,0.0,0.0,0.0,0.0,0.0,7388.63,-42.0105,0.0,0.0,0.0,0.0,0.0,0.0,0.0,0.0,0.0,999.0,999.0,1.0,5.575339508944753,gaze,0.5553264772682719,0.5810558718467254,-27.25375739871807,-17.35400127986496,235.7631583761535,-36.27823901941211,-17.14820337784534,-31.82816261425895,0.0337056942821712,-0.0007686381845445,0.999431506091487,4.973133087158203,24.12555212906129,-16.68547744920204,-22.17298501023805,0.5804087507615249,0.5970362591872088,0.5537809921396637,4.186609268188477,-36.27823901941211,-17.14820337784534,-31.82816261425895,0.0337056942821712,-0.0007686381845445,0.999431506091487,4.973133087158203,1.3025166903200087,True,0.0,imu,-0.490485296,-9.430477044800002,2.4966897872,1.04687487,-1.39121527,-4.625395409999999,97.1204724,-37.94611160000001,133.6383368,388.119,-22.5172,False,0.93090628647791,-0.3652581084601781,382.18895083172737,-25.32670606464138,4.781385399751607,-0.149552,False,inf
53.4415,0.300596,-0.0236105,380.693,-24.9228,-0.03246,-0.399079,-0.15035,26.3557,0.0686235,-0.398987,1.44434,-0.893759,-0.03246,2.5064,0.0669442,-0.00305792,0.0949523,-0.00378953,0.301966,-0.0116515,0.0972749,-0.15035,-1.14232,-0.0525187,1.00256,0.0,-24.021,-96.0,3.0,-0.857983,0.0,0.0,388.119,-22.5172,0.0,1.33899e-22,0.0,-1.3230499999999999e-21,0.0,0.0,0.0,0.0,0.0,0.0,0.0,2810.82,-14.6177,0.0,0.0,0.0,0.0,0.0,0.0,0.0,0.0,0.0,0.0,0.0,3785.53,-83.4882,0.0,0.0,0.0,0.0,0.0,0.0,0.0,0.0,0.0,0.0,0.0,7388.63,-42.0105,0.0,0.0,0.0,0.0,0.0,0.0,0.0,0.0,0.0,999.0,999.0,1.0,5.575339508944753,gaze,0.5553264772682719,0.5810558718467254,-27.25375739871807,-17.35400127986496,235.7631583761535,-36.27823901941211,-17.14820337784534,-31.82816261425895,0.0337056942821712,-0.0007686381845445,0.999431506091487,4.973133087158203,24.12555212906129,-16.68547744920204,-22.17298501023805,0.5804087507615249,0.5970362591872088,0.5537809921396637,4.186609268188477,-36.27823901941211,-17.14820337784534,-31.82816261425895,0.0337056942821712,-0.0007686381845445,0.999431506091487,4.973133087158203,1.3025166903200087,True,0.0,imu,-0.490485296,-9.430477044800002,2.4966897872,1.04687487,-1.39121527,-4.625395409999999,97.1204724,-37.94611160000001,133.6383368,388.119,-22.5172,False,0.9309113736029972,-0.3652451430157301,382.1889452060887,-25.32672689979764,4.781344256758461,-0.15035,False,inf
53.4575,-0.0231859,-0.0322669,380.694,-24.9228,-0.0310936,-0.412918,-0.151197,28.0262,0.0532749,-0.412822,6.70045,-0.821697,-0.0310936,0.920422,0.101826,-0.00318296,0.100864,-0.00519974,-0.0206883,-0.0334364,0.101965,-0.151197,-0.443476,-0.0529561,1.64021,0.0,-25.74,-108.0,3.0,-0.857983,0.0,0.0,388.119,-22.5172,0.0,1.27838e-22,0.0,-1.26315e-21,0.0,0.0,0.0,0.0,0.0,0.0,0.0,2810.82,-14.6177,0.0,0.0,0.0,0.0,0.0,0.0,0.0,0.0,0.0,0.0,0.0,3785.53,-83.4882,0.0,0.0,0.0,0.0,0.0,0.0,0.0,0.0,0.0,0.0,0.0,7388.63,-42.0105,0.0,0.0,0.0,0.0,0.0,0.0,0.0,0.0,0.0,999.0,999.0,1.0,5.57437221936246,gaze,0.5553264772682719,0.5810558718467254,-27.25375739871807,-17.35400127986496,235.7631583761535,-36.27823901941211,-17.14820337784534,-31.82816261425895,0.0337056942821712,-0.0007686381845445,0.999431506091487,4.973133087158203,24.12555212906129,-16.68547744920204,-22.17298501023805,0.5804087507615249,0.5970362591872088,0.5537809921396637,4.186609268188477,-36.27823901941211,-17.14820337784534,-31.82816261425895,0.0337056942821712,-0.0007686381845445,0.999431506091487,4.973133087158203,1.3025166903200087,True,0.0,imu,-0.490485296,-9.430477044800002,2.4966897872,1.04687487,-1.39121527,-4.625395409999999,97.1204724,-37.94611160000001,133.6383368,388.119,-22.5172,False,0.9309167728978616,-0.36523138136999,382.1899392346986,-25.32674901421988,4.780935355153564,-0.151197,False,inf
53.4735,0.625306,-0.0254277,380.694,-24.9228,-0.0292124,-0.425325,-0.152052,31.5953,-0.0496585,-0.425225,-2.40917,-0.764534,-0.0292124,1.92355,0.127575,-0.00330976,0.113613,-0.00674107,0.626288,0.0116444,0.114168,-0.152052,0.787475,-0.0551279,0.364915,0.0,-27.477,-108.0,3.0,-0.857983,0.0,0.0,388.119,-22.5172,0.0,1.21776e-22,0.0,-1.20326e-21,0.0,0.0,0.0,0.0,0.0,0.0,0.0,2810.82,-14.6177,0.0,0.0,0.0,0.0,0.0,0.0,0.0,0.0,0.0,0.0,0.0,3785.53,-83.4882,0.0,0.0,0.0,0.0,0.0,0.0,0.0,0.0,0.0,0.0,0.0,7388.63,-42.0105,0.0,0.0,0.0,0.0,0.0,0.0,0.0,0.0,0.0,999.0,999.0,1.0,5.57437221936246,gaze,0.5553264772682719,0.5810558718467254,-27.25375739871807,-17.35400127986496,235.7631583761535,-36.27823901941211,-17.14820337784534,-31.82816261425895,0.0337056942821712,-0.0007686381845445,0.999431506091487,4.973133087158203,24.12555212906129,-16.68547744920204,-22.17298501023805,0.5804087507615249,0.5970362591872088,0.5537809921396637,4.186609268188477,-36.27823901941211,-17.14820337784534,-31.82816261425895,0.0337056942821712,-0.0007686381845445,0.999431506091487,4.973133087158203,1.3025166903200087,True,0.0,imu,-0.490485296,-9.430477044800002,2.4966897872,1.04687487,-1.39121527,-4.625395409999999,97.1204724,-37.94611160000001,133.6383368,388.119,-22.5172,False,0.9309222229832786,-0.3652174896631747,382.1899332065767,-25.326771337425527,4.780891285405641,-0.152052,False,inf
53.4895,0.00247881,-0.0103908,380.695,-24.9229,-0.0270172,-0.437578,-0.152974,37.01,0.0618438,-0.437474,5.81534,-0.747373,-0.0270172,1.60832,0.147766,-0.00344279,0.133014,-0.0080426,0.0041039,-0.0102235,0.133275,-0.152974,-0.407962,-0.058232,1.64021,0.0,-29.214,-114.0,3.0,-0.857983,0.0,0.0,388.119,-22.5172,0.0,1.15989e-22,0.0,-1.1460799999999999e-21,0.0,0.0,0.0,0.0,0.0,0.0,0.0,2810.82,-14.6177,0.0,0.0,0.0,0.0,0.0,0.0,0.0,0.0,0.0,0.0,0.0,3785.53,-83.4882,0.0,0.0,0.0,0.0,0.0,0.0,0.0,0.0,0.0,0.0,0.0,7388.63,-42.0105,0.0,0.0,0.0,0.0,0.0,0.0,0.0,0.0,0.0,999.0,999.0,1.0,5.573379568089743,gaze,0.5553264772682719,0.5810558718467254,-27.25375739871807,-17.35400127986496,235.7631583761535,-36.27823901941211,-17.14820337784534,-31.82816261425895,0.0337056942821712,-0.0007686381845445,0.999431506091487,4.973133087158203,24.12555212906129,-16.68547744920204,-22.17298501023805,0.5804087507615249,0.5970362591872088,0.5537809921396637,4.186609268188477,-36.27823901941211,-17.14820337784534,-31.82816261425895,0.0337056942821712,-0.0007686381845445,0.999431506091487,4.973133087158203,1.3025166903200087,True,0.0,imu,-0.490485296,-9.430477044800002,2.4966897872,1.04687487,-1.39121527,-4.625395409999999,97.1204724,-37.94611160000001,133.6383368,388.119,-22.5172,False,0.9309280999191084,-0.3652025092753316,382.19092670570217,-25.3268954098342,4.7805716514740455,-0.152974,False,inf
53.5055,0.294299,-0.0119984,380.695,-24.9229,-0.0245001,-0.448763,-0.153908,39.1965,-0.0581266,-0.448656,2.68591,-0.670701,-0.0245001,1.36281,0.163059,-0.00356854,0.140796,-0.00910383,0.295064,0.00702198,0.141117,-0.153908,-0.493475,-0.059399,1.00256,0.0,-30.942,-108.0,3.0,-0.857983,0.0,0.0,388.119,-22.5172,0.0,1.10774e-22,0.0,-1.0945499999999999e-21,0.0,0.0,0.0,0.0,0.0,0.0,0.0,2810.82,-14.6177,0.0,0.0,0.0,0.0,0.0,0.0,0.0,0.0,0.0,0.0,0.0,3785.53,-83.4882,0.0,0.0,0.0,0.0,0.0,0.0,0.0,0.0,0.0,0.0,0.0,7388.63,-42.0105,0.0,0.0,0.0,0.0,0.0,0.0,0.0,0.0,0.0,999.0,999.0,1.0,5.573379568089743,gaze,0.5553264772682719,0.5810558718467254,-27.25375739871807,-17.35400127986496,235.7631583761535,-36.27823901941211,-17.14820337784534,-31.82816261425895,0.0337056942821712,-0.0007686381845445,0.999431506091487,4.973133087158203,24.12555212906129,-16.68547744920204,-22.17298501023805,0.5804087507615249,0.5970362591872088,0.5537809921396637,4.186609268188477,-36.27823901941211,-17.14820337784534,-31.82816261425895,0.0337056942821712,-0.0007686381845445,0.999431506091487,4.973133087158203,1.3025166903200087,True,0.0,imu,-0.490485296,-9.430477044800002,2.4966897872,1.04687487,-1.39121527,-4.625395409999999,97.1204724,-37.94611160000001,133.6383368,388.119,-22.5172,False,0.9309340530985508,-0.3651873338185551,382.1909201198226,-25.32691979544304,4.780523523348416,-0.153908,False,inf
53.5215,0.774555,0.0159659,380.696,-24.923,-0.02178,-0.459202,-0.154856,45.5261,-0.0482295,-0.459091,-4.72237,-0.65307,-0.02178,2.19802,0.179683,-0.00369678,0.163569,-0.00965079,0.772349,0.0615573,0.163953,-0.154856,0.455576,-0.0540871,0.0,0.0,-32.625,-108.0,3.0,-0.857983,0.0,0.0,388.119,-22.5172,0.0,1.0555799999999999e-22,0.0,-1.04301e-21,0.0,0.0,0.0,0.0,0.0,0.0,0.0,2810.82,-14.6177,0.0,0.0,0.0,0.0,0.0,0.0,0.0,0.0,0.0,0.0,0.0,3785.53,-83.4882,0.0,0.0,0.0,0.0,0.0,0.0,0.0,0.0,0.0,0.0,0.0,7388.63,-42.0105,0.0,0.0,0.0,0.0,0.0,0.0,0.0,0.0,0.0,999.0,999.0,1.0,5.572386921239395,gaze,0.5553264772682719,0.5810558718467254,-27.25375739871807,-17.35400127986496,235.7631583761535,-36.27823901941211,-17.14820337784534,-31.82816261425895,0.0337056942821712,-0.0007686381845445,0.999431506091487,4.973133087158203,24.12555212906129,-16.68547744920204,-22.17298501023805,0.5804087507615249,0.5970362591872088,0.5537809921396637,4.186609268188477,-36.27823901941211,-17.14820337784534,-31.82816261425895,0.0337056942821712,-0.0007686381845445,0.999431506091487,4.973133087158203,1.3025166903200087,True,0.0,imu,-0.490485296,-9.430477044800002,2.4966897872,1.04687487,-1.39121527,-4.625395409999999,97.1204724,-37.94611160000001,133.6383368,388.119,-22.5172,False,0.9309400952589746,-0.3651719307931692,382.19191343481896,-25.32704454646514,4.78020259473459,-0.154856,False,inf
53.5375,0.236894,-0.0132792,380.697,-24.923,-0.0190432,-0.470162,-0.155675,56.0589,-0.011657,-0.470046,1.78373,-0.700526,-0.0190432,-0.102313,0.159751,-0.0038343,0.201415,-0.0116075,0.23822,0.000387341,0.201927,-0.155675,-0.000684112,-0.0502636,1.64021,0.0,-34.254,-96.0,3.0,-0.857983,0.0,0.0,388.119,-22.5172,0.0,1.00595e-22,0.0,-9.93971e-22,0.0,0.0,0.0,0.0,0.0,0.0,0.0,2810.82,-14.6177,0.0,0.0,0.0,0.0,0.0,0.0,0.0,0.0,0.0,0.0,0.0,3785.53,-83.4882,0.0,0.0,0.0,0.0,0.0,0.0,0.0,0.0,0.0,0.0,0.0,7388.63,-42.0105,0.0,0.0,0.0,0.0,0.0,0.0,0.0,0.0,0.0,999.0,999.0,1.0,5.5714196575020365,gaze,0.5553264772682719,0.5810558718467254,-27.25375739871807,-17.35400127986496,235.7631583761535,-36.27823901941211,-17.14820337784534,-31.82816261425895,0.0337056942821712,-0.0007686381845445,0.999431506091487,4.973133087158203,24.12555212906129,-16.68547744920204,-22.17298501023805,0.5804087507615249,0.5970362591872088,0.5537809921396637,4.186609268188477,-36.27823901941211,-17.14820337784534,-31.82816261425895,0.0337056942821712,-0.0007686381845445,0.999431506091487,4.973133087158203,1.3025166903200087,True,0.0,imu,-0.490485296,-9.430477044800002,2.4966897872,1.04687487,-1.39121527,-4.625395409999999,97.1204724,-37.94611160000001,133.6383368,388.119,-22.5172,False,0.9309453150214876,-0.3651586236685956,382.1929076591537,-25.327065929379348,4.779795245710646,-0.155675,False,inf
53.5535,-1.87293,0.0753889,380.698,-24.9231,-0.016406,-0.479757,-0.156357,43.2476,0.0111677,-0.479638,37.2016,-0.399786,-0.016406,5.80727,0.184876,-0.00394505,0.155196,-0.0107993,-1.87303,-0.0547336,0.156295,-0.156357,2.97202,-0.0269567,6.7414,0.0,-35.838,-96.0,3.0,-0.857983,0.0,0.0,388.119,-22.5172,0.0,9.6346e-23,0.0,-9.51988e-22,0.0,0.0,0.0,0.0,0.0,0.0,0.0,2810.82,-14.6177,0.0,0.0,0.0,0.0,0.0,0.0,0.0,0.0,0.0,0.0,0.0,3785.53,-83.4882,0.0,0.0,0.0,0.0,0.0,0.0,0.0,0.0,0.0,0.0,0.0,7388.63,-42.0105,0.0,0.0,0.0,0.0,0.0,0.0,0.0,0.0,0.0,999.0,999.0,1.0,5.570427022230913,gaze,0.5553264772682719,0.5810558718467254,-27.25375739871807,-17.35400127986496,235.7631583761535,-36.27823901941211,-17.14820337784534,-31.82816261425895,0.0337056942821712,-0.0007686381845445,0.999431506091487,4.973133087158203,24.12555212906129,-16.68547744920204,-22.17298501023805,0.5804087507615249,0.5970362591872088,0.5537809921396637,4.186609268188477,-36.27823901941211,-17.14820337784534,-31.82816261425895,0.0337056942821712,-0.0007686381845445,0.999431506091487,4.973133087158203,1.3025166903200087,True,0.0,imu,-0.490485296,-9.430477044800002,2.4966897872,1.04687487,-1.39121527,-4.625395409999999,97.1204724,-37.94611160000001,133.6383368,388.119,-22.5172,False,0.9309496614917648,-0.3651475424651912,382.1939028493922,-25.327183735357245,4.779488070640158,-0.156357,False,inf
53.5695,0.749032,0.00972285,380.698,-24.9231,-0.0134116,-0.483934,-0.156702,40.6462,-0.0259944,-0.483812,-5.09325,-0.245398,-0.0134116,1.19055,0.185525,-0.0040447,0.145796,-0.0110871,0.746075,0.0664612,0.146846,-0.156702,-0.248471,-0.0244362,0.0,0.0,-37.386,-96.0,3.0,-0.857983,0.0,0.0,388.119,-22.5172,0.0,9.209710000000001e-23,0.0,-9.10004e-22,0.0,0.0,0.0,0.0,0.0,0.0,0.0,2810.82,-14.6177,0.0,0.0,0.0,0.0,0.0,0.0,0.0,0.0,0.0,0.0,0.0,3785.53,-83.4882,0.0,0.0,0.0,0.0,0.0,0.0,0.0,0.0,0.0,0.0,0.0,7388.63,-42.0105,0.0,0.0,0.0,0.0,0.0,0.0,0.0,0.0,0.0,999.0,999.0,1.0,5.570427022230913,gaze,0.5553264772682719,0.5810558718467254,-27.25375739871807,-17.35400127986496,235.7631583761535,-36.27823901941211,-17.14820337784534,-31.82816261425895,0.0337056942821712,-0.0007686381845445,0.999431506091487,4.973133087158203,24.12555212906129,-16.68547744920204,-22.17298501023805,0.5804087507615249,0.5970362591872088,0.5537809921396637,4.186609268188477,-36.27823901941211,-17.14820337784534,-31.82816261425895,0.0337056942821712,-0.0007686381845445,0.999431506091487,4.973133087158203,1.3025166903200087,True,0.0,imu,-0.490485296,-9.430477044800002,2.4966897872,1.04687487,-1.39121527,-4.625395409999999,97.1204724,-37.94611160000001,133.6383368,388.119,-22.5172,False,0.9309518601691588,-0.3651419368513883,382.19390041622097,-25.327192742758275,4.779470308991094,-0.156702,False,inf
53.5855,0.782465,-0.0241453,380.699,-24.9232,-0.0104682,-0.48877,-0.157164,53.2716,-0.00619946,-0.488645,-7.10548,-0.355627,-0.0104682,-2.83882,0.179162,-0.00417109,0.191328,-0.0111711,0.782709,0.0214917,0.192268,-0.157164,-1.45676,-0.0334192,0.0,0.0,-38.907,-90.0,3.0,-0.857983,0.0,0.0,388.119,-22.5172,0.0,8.78522e-23,0.0,-8.68062e-22,0.0,0.0,0.0,0.0,0.0,0.0,0.0,2810.82,-14.6177,0.0,0.0,0.0,0.0,0.0,0.0,0.0,0.0,0.0,0.0,0.0,3785.53,-83.4882,0.0,0.0,0.0,0.0,0.0,0.0,0.0,0.0,0.0,0.0,0.0,7388.63,-42.0105,0.0,0.0,0.0,0.0,0.0,0.0,0.0,0.0,0.0,999.0,999.0,1.0,5.569434391390207,gaze,0.5553264772682719,0.5810558718467254,-27.25375739871807,-17.35400127986496,235.7631583761535,-36.27823901941211,-17.14820337784534,-31.82816261425895,0.0337056942821712,-0.0007686381845445,0.999431506091487,4.973133087158203,24.12555212906129,-16.68547744920204,-22.17298501023805,0.5804087507615249,0.5970362591872088,0.5537809921396637,4.186609268188477,-36.27823901941211,-17.14820337784534,-31.82816261425895,0.0337056942821712,-0.0007686381845445,0.999431506091487,4.973133087158203,1.3025166903200087,True,0.0,imu,-0.490485296,-9.430477044800002,2.4966897872,1.04687487,-1.39121527,-4.625395409999999,97.1204724,-37.94611160000001,133.6383368,388.119,-22.5172,False,0.9309548044321082,-0.3651344301826043,382.1948971578024,-25.327304804820184,4.779174484634067,-0.157164,False,inf
53.6015,-0.0421348,0.0123659,380.7,-24.9232,-0.00775814,-0.494647,-0.157791,57.4561,-0.025623,-0.494518,5.49225,-0.350058,-0.00775814,0.0814642,0.162291,-0.00427844,0.206381,-0.011428,-0.0425934,0.0100249,0.207449,-0.157791,-0.605146,-0.0427677,1.64021,0.0,-40.374,-90.0,3.0,-0.857983,0.0,0.0,388.119,-22.5172,0.0,8.39549e-23,0.0,-8.29552e-22,0.0,0.0,0.0,0.0,0.0,0.0,0.0,2810.82,-14.6177,0.0,0.0,0.0,0.0,0.0,0.0,0.0,0.0,0.0,0.0,0.0,3785.53,-83.4882,0.0,0.0,0.0,0.0,0.0,0.0,0.0,0.0,0.0,0.0,0.0,7388.63,-42.0105,0.0,0.0,0.0,0.0,0.0,0.0,0.0,0.0,0.0,999.0,999.0,1.0,5.5684671535351855,gaze,0.5553264772682719,0.5810558718467254,-27.25375739871807,-17.35400127986496,235.7631583761535,-36.27823901941211,-17.14820337784534,-31.82816261425895,0.0337056942821712,-0.0007686381845445,0.999431506091487,4.973133087158203,24.12555212906129,-16.68547744920204,-22.17298501023805,0.5804087507615249,0.5970362591872088,0.5537809921396637,4.186609268188477,-36.27823901941211,-17.14820337784534,-31.82816261425895,0.0337056942821712,-0.0007686381845445,0.999431506091487,4.973133087158203,1.3025166903200087,True,0.0,imu,-0.490485296,-9.430477044800002,2.4966897872,1.04687487,-1.39121527,-4.625395409999999,97.1204724,-37.94611160000001,133.6383368,388.119,-22.5172,False,0.9309588001207234,-0.3651242425227105,382.1958927355073,-25.32732117471932,4.778777090339196,-0.157791,False,inf
53.6175,0.68978,0.0248619,380.701,-24.9233,-0.00528485,-0.500067,-0.158499,64.8596,-0.0208304,-0.499936,-5.28885,-0.368777,-0.00528485,0.880658,0.147777,-0.00438414,0.233099,-0.0113201,0.687612,0.0582721,0.23385,-0.158499,-0.383652,-0.0470227,0.364915,0.0,-41.877,-78.0,3.0,-0.857983,0.0,0.0,388.119,-22.5172,0.0,8.00575e-23,0.0,-7.91042e-22,0.0,0.0,0.0,0.0,0.0,0.0,0.0,2810.82,-14.6177,0.0,0.0,0.0,0.0,0.0,0.0,0.0,0.0,0.0,0.0,0.0,3785.53,-83.4882,0.0,0.0,0.0,0.0,0.0,0.0,0.0,0.0,0.0,0.0,0.0,7388.63,-42.0105,0.0,0.0,0.0,0.0,0.0,0.0,0.0,0.0,0.0,999.0,999.0,1.0,5.567474534292896,gaze,0.5553264772682719,0.5810558718467254,-27.25375739871807,-17.35400127986496,235.7631583761535,-36.27823901941211,-17.14820337784534,-31.82816261425895,0.0337056942821712,-0.0007686381845445,0.999431506091487,4.973133087158203,24.12555212906129,-16.68547744920204,-22.17298501023805,0.5804087507615249,0.5970362591872088,0.5537809921396637,4.186609268188477,-36.27823901941211,-17.14820337784534,-31.82816261425895,0.0337056942821712,-0.0007686381845445,0.999431506091487,4.973133087158203,1.3025166903200087,True,0.0,imu,-0.490485296,-9.430477044800002,2.4966897872,1.04687487,-1.39121527,-4.625395409999999,97.1204724,-37.94611160000001,133.6383368,388.119,-22.5172,False,0.9309633118647568,-0.3651127387010808,382.1968877416956,-25.327439659331937,4.778468645910108,-0.158499,False,inf
53.6335,0.257619,-0.0143595,380.702,-24.9233,-0.0028953,-0.506376,-0.159239,72.5128,0.00122686,-0.506241,1.87948,-0.397725,-0.0028953,-2.43026,0.14797,-0.00449237,0.26072,-0.0104442,0.25785,-0.00404503,0.261326,-0.159239,-0.519501,-0.0460999,1.00256,0.0,-43.164,-78.0,3.0,-0.857983,0.0,0.0,388.119,-22.5172,0.0,7.616010000000001e-23,0.0,-7.52533e-22,0.0,0.0,0.0,0.0,0.0,0.0,0.0,2810.82,-14.6177,0.0,0.0,0.0,0.0,0.0,0.0,0.0,0.0,0.0,0.0,0.0,3785.53,-83.4882,0.0,0.0,0.0,0.0,0.0,0.0,0.0,0.0,0.0,0.0,0.0,7388.63,-42.0105,0.0,0.0,0.0,0.0,0.0,0.0,0.0,0.0,0.0,999.0,999.0,1.0,5.5665073151842845,gaze,0.5553264772682719,0.5810558718467254,-27.25375739871807,-17.35400127986496,235.7631583761535,-36.27823901941211,-17.14820337784534,-31.82816261425895,0.0337056942821712,-0.0007686381845445,0.999431506091487,4.973133087158203,24.12555212906129,-16.68547744920204,-22.17298501023805,0.5804087507615249,0.5970362591872088,0.5537809921396637,4.186609268188477,-36.27823901941211,-17.14820337784534,-31.82816261425895,0.0337056942821712,-0.0007686381845445,0.999431506091487,4.973133087158203,1.3025166903200087,True,0.0,imu,-0.490485296,-9.430477044800002,2.4966897872,1.04687487,-1.39121527,-4.625395409999999,97.1204724,-37.94611160000001,133.6383368,388.119,-22.5172,False,0.9309680273774894,-0.3651007148731237,382.1978825219307,-25.32745897934132,4.778065482508113,-0.159239,False,inf
53.6495,0.256319,-0.00864708,380.703,-24.9234,-0.000620683,-0.512444,-0.159979,76.7225,0.0128694,-0.512305,2.33942,-0.361399,-0.000620683,-2.47145,0.134865,-0.00460337,0.275911,-0.0100695,0.256193,0.000693878,0.276408,-0.159979,0.41322,-0.0469898,1.00256,0.0,-44.532,-78.0,3.0,-0.857983,0.0,0.0,388.119,-22.5172,0.0,7.28936e-23,0.0,-7.20256e-22,0.0,0.0,0.0,0.0,0.0,0.0,0.0,2810.82,-14.6177,0.0,0.0,0.0,0.0,0.0,0.0,0.0,0.0,0.0,0.0,0.0,3785.53,-83.4882,0.0,0.0,0.0,0.0,0.0,0.0,0.0,0.0,0.0,0.0,0.0,7388.63,-42.0105,0.0,0.0,0.0,0.0,0.0,0.0,0.0,0.0,0.0,999.0,999.0,1.0,5.565514707554047,gaze,0.5553264772682719,0.5810558718467254,-27.25375739871807,-17.35400127986496,235.7631583761535,-36.27823901941211,-17.14820337784534,-31.82816261425895,0.0337056942821712,-0.0007686381845445,0.999431506091487,4.973133087158203,24.12555212906129,-16.68547744920204,-22.17298501023805,0.5804087507615249,0.5970362591872088,0.5537809921396637,4.186609268188477,-36.27823901941211,-17.14820337784534,-31.82816261425895,0.0337056942821712,-0.0007686381845445,0.999431506091487,4.973133087158203,1.3025166903200087,True,0.0,imu,-0.490485296,-9.430477044800002,2.4966897872,1.04687487,-1.39121527,-4.625395409999999,97.1204724,-37.94611160000001,133.6383368,388.119,-22.5172,False,0.9309727427349288,-0.3650886909842648,382.1988773019163,-25.32757829928328,4.777755439716098,-0.159979,False,inf
53.6655,0.592876,-0.00348137,380.704,-24.9234,0.00133067,-0.518039,-0.160787,83.5085,-0.00866631,-0.517897,-2.25459,-0.356229,0.00133067,-1.94916,0.108198,-0.00472339,0.300365,-0.0102662,0.592363,0.0167558,0.300752,-0.160787,-1.08904,-0.0553051,0.364915,0.0,-45.981,-90.0,3.0,-0.857983,0.0,0.0,388.119,-22.5172,0.0,6.96607e-23,0.0,-6.88312e-22,0.0,0.0,0.0,0.0,0.0,0.0,0.0,2810.82,-14.6177,0.0,0.0,0.0,0.0,0.0,0.0,0.0,0.0,0.0,0.0,0.0,3785.53,-83.4882,0.0,0.0,0.0,0.0,0.0,0.0,0.0,0.0,0.0,0.0,0.0,7388.63,-42.0105,0.0,0.0,0.0,0.0,0.0,0.0,0.0,0.0,0.0,999.0,999.0,1.0,5.564547507210272,gaze,0.5553264772682719,0.5810558718467254,-27.25375739871807,-17.35400127986496,235.7631583761535,-36.27823901941211,-17.14820337784534,-31.82816261425895,0.0337056942821712,-0.0007686381845445,0.999431506091487,4.973133087158203,24.12555212906129,-16.68547744920204,-22.17298501023805,0.5804087507615249,0.5970362591872088,0.5537809921396637,4.186609268188477,-36.27823901941211,-17.14820337784534,-31.82816261425895,0.0337056942821712,-0.0007686381845445,0.999431506091487,4.973133087158203,1.3025166903200087,True,0.0,imu,-0.490485296,-9.430477044800002,2.4966897872,1.04687487,-1.39121527,-4.625395409999999,97.1204724,-37.94611160000001,133.6383368,388.119,-22.5172,False,0.930977891218129,-0.3650755621279595,382.19987160194,-25.32759939449426,4.777348828996315,-0.160787,False,inf
53.6815,0.595241,-0.0172386,380.706,-24.9235,0.00257357,-0.524215,-0.161836,94.5757,0.00059333,-0.52407,-1.84494,-0.41106,0.00257357,-1.96241,0.0476539,-0.00483974,0.340179,-0.0121842,0.595343,0.00406783,0.340539,-0.161836,-1.56871,-0.0808373,0.364915,0.0,-47.268,-78.0,3.0,-0.857983,0.0,0.0,388.119,-22.5172,0.0,6.64278e-23,0.0,-6.56368e-22,0.0,0.0,0.0,0.0,0.0,0.0,0.0,2810.82,-14.6177,0.0,0.0,0.0,0.0,0.0,0.0,0.0,0.0,0.0,0.0,0.0,3785.53,-83.4882,0.0,0.0,0.0,0.0,0.0,0.0,0.0,0.0,0.0,0.0,0.0,7388.63,-42.0105,0.0,0.0,0.0,0.0,0.0,0.0,0.0,0.0,0.0,999.0,999.0,1.0,5.562587729645254,gaze,0.5553264772682719,0.5810558718467254,-27.25375739871807,-17.35400127986496,235.7631583761535,-36.27823901941211,-17.14820337784534,-31.82816261425895,0.0337056942821712,-0.0007686381845445,0.999431506091487,4.973133087158203,24.12555212906129,-16.68547744920204,-22.17298501023805,0.5804087507615249,0.5970362591872088,0.5537809921396637,4.186609268188477,-36.27823901941211,-17.14820337784534,-31.82816261425895,0.0337056942821712,-0.0007686381845445,0.999431506091487,4.973133087158203,1.3025166903200087,True,0.0,imu,-0.490485296,-9.430477044800002,2.4966897872,1.04687487,-1.39121527,-4.625395409999999,97.1204724,-37.94611160000001,133.6383368,388.119,-22.5172,False,0.9309845750494322,-0.3650585172544647,382.2018642014031,-25.3277267815975,4.776657902459708,-0.161836,False,inf
53.6965,0.594378,0.00730493,380.707,-24.9235,0.00289419,-0.530531,-0.163295,103.345,-0.01153,-0.530382,-0.75514,-0.427794,0.00289419,0.0826707,0.00336085,-0.00494726,0.371732,-0.0135425,0.593458,0.0289242,0.372078,-0.163295,-0.285813,-0.109334,0.364915,0.0,-48.528,-90.0,3.0,-0.857983,0.0,0.0,388.119,-22.5172,0.0,6.34829e-23,0.0,-6.2727e-22,0.0,0.0,0.0,0.0,0.0,0.0,0.0,2810.82,-14.6177,0.0,0.0,0.0,0.0,0.0,0.0,0.0,0.0,0.0,0.0,0.0,3785.53,-83.4882,0.0,0.0,0.0,0.0,0.0,0.0,0.0,0.0,0.0,0.0,0.0,7388.63,-42.0105,0.0,0.0,0.0,0.0,0.0,0.0,0.0,0.0,0.0,999.0,999.0,1.0,5.561620559693029,gaze,0.5553264772682719,0.5810558718467254,-27.25375739871807,-17.35400127986496,235.7631583761535,-36.27823901941211,-17.14820337784534,-31.82816261425895,0.0337056942821712,-0.0007686381845445,0.999431506091487,4.973133087158203,24.12555212906129,-16.68547744920204,-22.17298501023805,0.5804087507615249,0.5970362591872088,0.5537809921396637,4.186609268188477,-36.27823901941211,-17.14820337784534,-31.82816261425895,0.0337056942821712,-0.0007686381845445,0.999431506091487,4.973133087158203,1.3025166903200087,True,0.0,imu,-0.490485296,-9.430477044800002,2.4966897872,1.04687487,-1.39121527,-4.625395409999999,97.1204724,-37.94611160000001,133.6383368,388.119,-22.5172,False,0.9309938707268266,-0.3650348102155203,382.2028539075444,-25.327764872681684,4.776217935813615,-0.163295,False,inf
53.7125,0.765569,0.00408782,380.709,-24.9236,0.00289452,-0.537685,-0.165043,115.128,-0.00512472,-0.537533,-2.62351,-0.468055,0.00289452,-0.523419,-0.0043302,-0.00506927,0.414213,-0.0131947,0.764665,0.0284434,0.414467,-0.165043,-0.648923,-0.110233,0.0,0.0,-49.851,-78.0,3.0,-0.857983,0.0,0.0,388.119,-22.5172,0.0,6.06297e-23,0.0,-5.99078e-22,0.0,0.0,0.0,0.0,0.0,0.0,0.0,2810.82,-14.6177,0.0,0.0,0.0,0.0,0.0,0.0,0.0,0.0,0.0,0.0,0.0,3785.53,-83.4882,0.0,0.0,0.0,0.0,0.0,0.0,0.0,0.0,0.0,0.0,0.0,7388.63,-42.0105,0.0,0.0,0.0,0.0,0.0,0.0,0.0,0.0,0.0,999.0,999.0,1.0,5.559660831381722,gaze,0.5553264772682719,0.5810558718467254,-27.25375739871807,-17.35400127986496,235.7631583761535,-36.27823901941211,-17.14820337784534,-31.82816261425895,0.0337056942821712,-0.0007686381845445,0.999431506091487,4.973133087158203,24.12555212906129,-16.68547744920204,-22.17298501023805,0.5804087507615249,0.5970362591872088,0.5537809921396637,4.186609268188477,-36.27823901941211,-17.14820337784534,-31.82816261425895,0.0337056942821712,-0.0007686381845445,0.999431506091487,4.973133087158203,1.3025166903200087,True,0.0,imu,-0.490485296,-9.430477044800002,2.4966897872,1.04687487,-1.39121527,-4.625395409999999,97.1204724,-37.94611160000001,133.6383368,388.119,-22.5172,False,0.9310050069052552,-0.3650064069538314,382.20484157339183,-25.327910508536064,4.775491273860267,-0.165043,False,inf
53.7285,0.760821,-0.0177983,380.711,-24.9237,0.00267858,-0.54548,-0.166871,127.319,-0.00224534,-0.545324,-1.42247,-0.50145,0.00267858,-1.04963,-0.0217411,-0.00519919,0.458126,-0.0136716,0.760704,0.00489246,0.458348,-0.166871,-0.480817,-0.118574,0.0,0.0,-51.156,-72.0,3.0,-0.857983,0.0,0.0,388.119,-22.5172,0.0,5.77765e-23,0.0,-5.70885e-22,0.0,0.0,0.0,0.0,0.0,0.0,0.0,2810.82,-14.6177,0.0,0.0,0.0,0.0,0.0,0.0,0.0,0.0,0.0,0.0,0.0,3785.53,-83.4882,0.0,0.0,0.0,0.0,0.0,0.0,0.0,0.0,0.0,0.0,0.0,7388.63,-42.0105,0.0,0.0,0.0,0.0,0.0,0.0,0.0,0.0,0.0,999.0,999.0,1.0,5.557701133562329,gaze,0.5553264772682719,0.5810558718467254,-27.25375739871807,-17.35400127986496,235.7631583761535,-36.27823901941211,-17.14820337784534,-31.82816261425895,0.0337056942821712,-0.0007686381845445,0.999431506091487,4.973133087158203,24.12555212906129,-16.68547744920204,-22.17298501023805,0.5804087507615249,0.5970362591872088,0.5537809921396637,4.186609268188477,-36.27823901941211,-17.14820337784534,-31.82816261425895,0.0337056942821712,-0.0007686381845445,0.999431506091487,4.973133087158203,1.3025166903200087,True,0.0,imu,-0.490485296,-9.430477044800002,2.4966897872,1.04687487,-1.39121527,-4.625395409999999,97.1204724,-37.94611160000001,133.6383368,388.119,-22.5172,False,0.9310166518216624,-0.3649767034082878,382.2068286732579,-25.32805823258536,4.774760621266316,-0.166871,False,inf
53.7445,0.754586,-0.0279267,380.713,-24.9237,0.0021975,-0.553698,-0.168881,139.624,0.00973679,-0.553538,-0.878425,-0.52259,0.0021975,-2.7731,-0.0386093,-0.00533176,0.502444,-0.0143716,0.754653,-0.00635405,0.502654,-0.168881,-2.18837,-0.132813,0.0,0.0,-52.425,-78.0,3.0,-0.857983,0.0,0.0,388.119,-22.5172,0.0,5.51393e-23,0.0,-5.44827e-22,0.0,0.0,0.0,0.0,0.0,0.0,0.0,2810.82,-14.6177,0.0,0.0,0.0,0.0,0.0,0.0,0.0,0.0,0.0,0.0,0.0,3785.53,-83.4882,0.0,0.0,0.0,0.0,0.0,0.0,0.0,0.0,0.0,0.0,0.0,7388.63,-42.0105,0.0,0.0,0.0,0.0,0.0,0.0,0.0,0.0,0.0,999.0,999.0,1.0,5.55576690385764,gaze,0.5553264772682719,0.5810558718467254,-27.25375739871807,-17.35400127986496,235.7631583761535,-36.27823901941211,-17.14820337784534,-31.82816261425895,0.0337056942821712,-0.0007686381845445,0.999431506091487,4.973133087158203,24.12555212906129,-16.68547744920204,-22.17298501023805,0.5804087507615249,0.5970362591872088,0.5537809921396637,4.186609268188477,-36.27823901941211,-17.14820337784534,-31.82816261425895,0.0337056942821712,-0.0007686381845445,0.999431506091487,4.973133087158203,1.3025166903200087,True,0.0,imu,-0.490485296,-9.430477044800002,2.4966897872,1.04687487,-1.39121527,-4.625395409999999,97.1204724,-37.94611160000001,133.6383368,388.119,-22.5172,False,0.9310294550395526,-0.3649440420787189,382.2088144869986,-25.32811070767867,4.773927654884726,-0.168881,False,inf
53.7605,0.776872,0.0253988,380.715,-24.9238,0.00142862,-0.562166,-0.17109,152.033,0.00228842,-0.562002,-0.386583,-0.533449,0.00142862,2.44388,-0.0553059,-0.00546614,0.547128,-0.0152082,0.775565,0.0469667,0.54734,-0.17109,-0.186661,-0.14305,0.0,0.0,-53.658,-72.0,3.0,-0.857983,0.0,0.0,388.119,-22.5172,0.0,5.26254e-23,0.0,-5.19988e-22,0.0,0.0,0.0,0.0,0.0,0.0,0.0,2810.82,-14.6177,0.0,0.0,0.0,0.0,0.0,0.0,0.0,0.0,0.0,0.0,0.0,3785.53,-83.4882,0.0,0.0,0.0,0.0,0.0,0.0,0.0,0.0,0.0,0.0,0.0,7388.63,-42.0105,0.0,0.0,0.0,0.0,0.0,0.0,0.0,0.0,0.0,999.0,999.0,1.0,5.553807274293951,gaze,0.5553264772682719,0.5810558718467254,-27.25375739871807,-17.35400127986496,235.7631583761535,-36.27823901941211,-17.14820337784534,-31.82816261425895,0.0337056942821712,-0.0007686381845445,0.999431506091487,4.973133087158203,24.12555212906129,-16.68547744920204,-22.17298501023805,0.5804087507615249,0.5970362591872088,0.5537809921396637,4.186609268188477,-36.27823901941211,-17.14820337784534,-31.82816261425895,0.0337056942821712,-0.0007686381845445,0.999431506091487,4.973133087158203,1.3025166903200087,True,0.0,imu,-0.490485296,-9.430477044800002,2.4966897872,1.04687487,-1.39121527,-4.625395409999999,97.1204724,-37.94611160000001,133.6383368,388.119,-22.5172,False,0.931043524518131,-0.3649081465969984,382.2107988941057,-25.32826837749323,4.773177725117001,-0.17109,False,inf
53.7765,0.741491,-0.0343141,380.718,-24.9239,0.000393055,-0.570703,-0.173495,164.266,0.00690908,-0.570535,0.530523,-0.532086,0.000393055,-2.85857,-0.0720833,-0.00559949,0.591172,-0.0161893,0.741875,-0.0140094,0.591394,-0.173495,-2.43058,-0.157031,0.0,0.0,-54.828,-72.0,3.0,-0.857983,0.0,0.0,388.119,-22.5172,0.0,5.01116e-23,0.0,-4.95149e-22,0.0,0.0,0.0,0.0,0.0,0.0,0.0,2810.82,-14.6177,0.0,0.0,0.0,0.0,0.0,0.0,0.0,0.0,0.0,0.0,0.0,3785.53,-83.4882,0.0,0.0,0.0,0.0,0.0,0.0,0.0,0.0,0.0,0.0,0.0,7388.63,-42.0105,0.0,0.0,0.0,0.0,0.0,0.0,0.0,0.0,0.0,999.0,999.0,1.0,5.550880615722153,gaze,0.5553264772682719,0.5810558718467254,-27.25375739871807,-17.35400127986496,235.7631583761535,-36.27823901941211,-17.14820337784534,-31.82816261425895,0.0337056942821712,-0.0007686381845445,0.999431506091487,4.973133087158203,24.12555212906129,-16.68547744920204,-22.17298501023805,0.5804087507615249,0.5970362591872088,0.5537809921396637,4.186609268188477,-36.27823901941211,-17.14820337784534,-31.82816261425895,0.0337056942821712,-0.0007686381845445,0.999431506091487,4.973133087158203,1.3025166903200087,True,0.0,imu,-0.490485296,-9.430477044800002,2.4966897872,1.04687487,-1.39121527,-4.625395409999999,97.1204724,-37.94611160000001,133.6383368,388.119,-22.5172,False,0.9310588407788613,-0.3648690655667091,382.21378191515976,-25.32843116354753,4.772053032877282,-0.173495,False,inf
53.7925,0.759087,-0.00554803,380.721,-24.924,-0.000861851,-0.579136,-0.176126,176.396,-0.00347037,-0.578964,0.775792,-0.521525,-0.000861851,-0.0663312,-0.0837882,-0.00572898,0.634843,-0.0171805,0.758767,0.0149859,0.635078,-0.176126,-1.60297,-0.170979,0.0,0.0,-55.917,-72.0,3.0,-0.857983,0.0,0.0,388.119,-22.5172,0.0,4.77921e-23,0.0,-4.722299999999999e-22,0.0,0.0,0.0,0.0,0.0,0.0,0.0,2810.82,-14.6177,0.0,0.0,0.0,0.0,0.0,0.0,0.0,0.0,0.0,0.0,0.0,3785.53,-83.4882,0.0,0.0,0.0,0.0,0.0,0.0,0.0,0.0,0.0,0.0,0.0,7388.63,-42.0105,0.0,0.0,0.0,0.0,0.0,0.0,0.0,0.0,0.0,999.0,999.0,1.0,5.547954037300606,gaze,0.5553264772682719,0.5810558718467254,-27.25375739871807,-17.35400127986496,235.7631583761535,-36.27823901941211,-17.14820337784534,-31.82816261425895,0.0337056942821712,-0.0007686381845445,0.999431506091487,4.973133087158203,24.12555212906129,-16.68547744920204,-22.17298501023805,0.5804087507615249,0.5970362591872088,0.5537809921396637,4.186609268188477,-36.27823901941211,-17.14820337784534,-31.82816261425895,0.0337056942821712,-0.0007686381845445,0.999431506091487,4.973133087158203,1.3025166903200087,True,0.0,imu,-0.490485296,-9.430477044800002,2.4966897872,1.04687487,-1.39121527,-4.625395409999999,97.1204724,-37.94611160000001,133.6383368,388.119,-22.5172,False,0.9310755944433826,-0.3648263113207457,382.2167633376684,-25.32859984884712,4.770917015543883,-0.176126,False,inf
53.8085,0.732555,-0.0321644,380.724,-24.924,-0.00229022,-0.587325,-0.178996,188.418,0.0037393,-0.587149,1.67757,-0.502073,-0.00229022,-1.45446,-0.0928422,-0.00585551,0.678115,-0.0183626,0.733035,-0.0123245,0.678367,-0.178996,-2.71533,-0.186985,0.0,0.0,-56.925,-60.0,3.0,-0.857983,0.0,0.0,388.119,-22.5172,0.0,4.5618100000000003e-23,0.0,-4.50749e-22,0.0,0.0,0.0,0.0,0.0,0.0,0.0,2810.82,-14.6177,0.0,0.0,0.0,0.0,0.0,0.0,0.0,0.0,0.0,0.0,0.0,3785.53,-83.4882,0.0,0.0,0.0,0.0,0.0,0.0,0.0,0.0,0.0,0.0,0.0,7388.63,-42.0105,0.0,0.0,0.0,0.0,0.0,0.0,0.0,0.0,0.0,999.0,999.0,1.0,5.54505302048594,gaze,0.5553264772682719,0.5810558718467254,-27.25375739871807,-17.35400127986496,235.7631583761535,-36.27823901941211,-17.14820337784534,-31.82816261425895,0.0337056942821712,-0.0007686381845445,0.999431506091487,4.973133087158203,24.12555212906129,-16.68547744920204,-22.17298501023805,0.5804087507615249,0.5970362591872088,0.5537809921396637,4.186609268188477,-36.27823901941211,-17.14820337784534,-31.82816261425895,0.0337056942821712,-0.0007686381845445,0.999431506091487,4.973133087158203,1.3025166903200087,True,0.0,imu,-0.490485296,-9.430477044800002,2.4966897872,1.04687487,-1.39121527,-4.625395409999999,97.1204724,-37.94611160000001,133.6383368,388.119,-22.5172,False,0.931093867771641,-0.3647796724024598,382.21974306900125,-25.32867477254535,4.7696759308193295,-0.178996,False,inf
53.8245,0.708886,-0.0452552,380.727,-24.9241,-0.00381713,-0.595134,-0.182106,200.372,0.0028594,-0.594954,2.34932,-0.474389,-0.00381713,-2.83577,-0.0987121,-0.00597658,0.721135,-0.0195959,0.709733,-0.0259838,0.721404,-0.182106,-2.59549,-0.201743,0.0,0.0,-57.861,-54.0,3.0,-0.857983,0.0,0.0,388.119,-22.5172,0.0,4.3444e-23,0.0,-4.29267e-22,0.0,0.0,0.0,0.0,0.0,0.0,0.0,2810.82,-14.6177,0.0,0.0,0.0,0.0,0.0,0.0,0.0,0.0,0.0,0.0,0.0,3785.53,-83.4882,0.0,0.0,0.0,0.0,0.0,0.0,0.0,0.0,0.0,0.0,0.0,7388.63,-42.0105,0.0,0.0,0.0,0.0,0.0,0.0,0.0,0.0,0.0,999.0,999.0,1.0,5.542126614396355,gaze,0.5553264772682719,0.5810558718467254,-27.25375739871807,-17.35400127986496,235.7631583761535,-36.27823901941211,-17.14820337784534,-31.82816261425895,0.0337056942821712,-0.0007686381845445,0.999431506091487,4.973133087158203,24.12555212906129,-16.68547744920204,-22.17298501023805,0.5804087507615249,0.5970362591872088,0.5537809921396637,4.186609268188477,-36.27823901941211,-17.14820337784534,-31.82816261425895,0.0337056942821712,-0.0007686381845445,0.999431506091487,4.973133087158203,1.3025166903200087,True,0.0,imu,-0.490485296,-9.430477044800002,2.4966897872,1.04687487,-1.39121527,-4.625395409999999,97.1204724,-37.94611160000001,133.6383368,388.119,-22.5172,False,0.9311136665456744,-0.3647291323322979,382.2227211011565,-25.328855960493662,4.768515977204701,-0.182106,False,inf
53.8405,0.752616,-0.0265488,380.73,-24.9242,-0.00540613,-0.602446,-0.185454,212.279,0.00661042,-0.602263,2.06047,-0.440721,-0.00540613,-0.371531,-0.0990485,-0.00609232,0.763988,-0.0208761,0.752974,-0.00598163,0.764277,-0.185454,-0.837931,-0.216082,0.0,0.0,-58.734,-54.0,3.0,-0.857983,0.0,0.0,388.119,-22.5172,0.0,4.14399e-23,0.0,-4.09464e-22,0.0,0.0,0.0,0.0,0.0,0.0,0.0,2810.82,-14.6177,0.0,0.0,0.0,0.0,0.0,0.0,0.0,0.0,0.0,0.0,0.0,3785.53,-83.4882,0.0,0.0,0.0,0.0,0.0,0.0,0.0,0.0,0.0,0.0,0.0,7388.63,-42.0105,0.0,0.0,0.0,0.0,0.0,0.0,0.0,0.0,0.0,999.0,999.0,1.0,5.539200288850363,gaze,0.5553264772682719,0.5810558718467254,-27.25375739871807,-17.35400127986496,235.7631583761535,-36.27823901941211,-17.14820337784534,-31.82816261425895,0.0337056942821712,-0.0007686381845445,0.999431506091487,4.973133087158203,24.12555212906129,-16.68547744920204,-22.17298501023805,0.5804087507615249,0.5970362591872088,0.5537809921396637,4.186609268188477,-36.27823901941211,-17.14820337784534,-31.82816261425895,0.0337056942821712,-0.0007686381845445,0.999431506091487,4.973133087158203,1.3025166903200087,True,0.0,imu,-0.490485296,-9.430477044800002,2.4966897872,1.04687487,-1.39121527,-4.625395409999999,97.1204724,-37.94611160000001,133.6383368,388.119,-22.5172,False,0.9311349774007698,-0.3646747233643539,382.2256974472456,-25.32904336020607,4.767344181788126,-0.185454,False,inf
53.8565,0.703072,-0.0279755,380.734,-24.9243,-0.0070063,-0.609165,-0.189037,224.103,0.00237297,-0.608979,3.18082,-0.400858,-0.0070063,-0.197971,-0.100049,-0.00620074,0.806534,-0.022279,0.703467,-0.00855198,0.806846,-0.189037,-0.107076,-0.229999,0.0,0.0,-59.544,-54.0,3.0,-0.857983,0.0,0.0,388.119,-22.5172,0.0,3.95982e-23,0.0,-3.91267e-22,0.0,0.0,0.0,0.0,0.0,0.0,0.0,2810.82,-14.6177,0.0,0.0,0.0,0.0,0.0,0.0,0.0,0.0,0.0,0.0,0.0,3785.53,-83.4882,0.0,0.0,0.0,0.0,0.0,0.0,0.0,0.0,0.0,0.0,0.0,7388.63,-42.0105,0.0,0.0,0.0,0.0,0.0,0.0,0.0,0.0,0.0,999.0,999.0,1.0,5.535307154079198,gaze,0.5553264772682719,0.5810558718467254,-27.25375739871807,-17.35400127986496,235.7631583761535,-36.27823901941211,-17.14820337784534,-31.82816261425895,0.0337056942821712,-0.0007686381845445,0.999431506091487,4.973133087158203,24.12555212906129,-16.68547744920204,-22.17298501023805,0.5804087507615249,0.5970362591872088,0.5537809921396637,4.186609268188477,-36.27823901941211,-17.14820337784534,-31.82816261425895,0.0337056942821712,-0.0007686381845445,0.999431506091487,4.973133087158203,1.3025166903200087,True,0.0,imu,-0.490485296,-9.430477044800002,2.4966897872,1.04687487,-1.39121527,-4.625395409999999,97.1204724,-37.94611160000001,133.6383368,388.119,-22.5172,False,0.9311577805675548,-0.3646164939885545,382.229672127382,-25.329236893074288,4.76579611309222,-0.189037,False,inf
53.8725,0.846186,-0.0300827,380.737,-24.9245,-0.00859797,-0.615204,-0.192854,235.906,0.00865695,-0.615015,1.1436,-0.356315,-0.00859797,0.089606,-0.0983682,-0.00630274,0.849005,-0.0237824,0.846646,-0.00637644,0.849342,-0.192854,-2.42291,-0.246092,0.0,0.0,-60.291,-42.0,3.0,-0.857983,0.0,0.0,388.119,-22.5172,0.0,3.77565e-23,0.0,-3.7307e-22,0.0,0.0,0.0,0.0,0.0,0.0,0.0,2810.82,-14.6177,0.0,0.0,0.0,0.0,0.0,0.0,0.0,0.0,0.0,0.0,0.0,3785.53,-83.4882,0.0,0.0,0.0,0.0,0.0,0.0,0.0,0.0,0.0,0.0,0.0,7388.63,-42.0105,0.0,0.0,0.0,0.0,0.0,0.0,0.0,0.0,0.0,999.0,999.0,1.0,5.532355488397315,gaze,0.5553264772682719,0.5810558718467254,-27.25375739871807,-17.35400127986496,235.7631583761535,-36.27823901941211,-17.14820337784534,-31.82816261425895,0.0337056942821712,-0.0007686381845445,0.999431506091487,4.973133087158203,24.12555212906129,-16.68547744920204,-22.17298501023805,0.5804087507615249,0.5970362591872088,0.5537809921396637,4.186609268188477,-36.27823901941211,-17.14820337784534,-31.82816261425895,0.0337056942821712,-0.0007686381845445,0.999431506091487,4.973133087158203,1.3025166903200087,True,0.0,imu,-0.490485296,-9.430477044800002,2.4966897872,1.04687487,-1.39121527,-4.625395409999999,97.1204724,-37.94611160000001,133.6383368,388.119,-22.5172,False,0.9311820689667766,-0.3645544601767387,382.2326451474841,-25.32953653268247,4.764694266801803,-0.192854,False,inf
53.8885,4.09137,-0.296966,380.741,-24.9246,-0.0100975,-0.62048,-0.19691,248.396,0.00284867,-0.620287,-53.9448,-0.319788,-0.0100975,-23.9519,-0.0955798,-0.00640103,0.893941,-0.0255909,4.09788,-0.179768,0.894311,-0.19691,-31.609,-0.267549,0.0,0.0,-60.993,-36.0,3.0,-0.857983,0.0,0.0,388.119,-22.5172,0.0,3.6025400000000004e-23,0.0,-3.55965e-22,0.0,0.0,0.0,0.0,0.0,0.0,0.0,2810.82,-14.6177,0.0,0.0,0.0,0.0,0.0,0.0,0.0,0.0,0.0,0.0,0.0,3785.53,-83.4882,0.0,0.0,0.0,0.0,0.0,0.0,0.0,0.0,0.0,0.0,0.0,7388.63,-42.0105,0.0,0.0,0.0,0.0,0.0,0.0,0.0,0.0,0.0,999.0,999.0,1.0,5.528462603653956,gaze,0.5553264772682719,0.5810558718467254,-27.25375739871807,-17.35400127986496,235.7631583761535,-36.27823901941211,-17.14820337784534,-31.82816261425895,0.0337056942821712,-0.0007686381845445,0.999431506091487,4.973133087158203,24.12555212906129,-16.68547744920204,-22.17298501023805,0.5804087507615249,0.5970362591872088,0.5537809921396637,4.186609268188477,-36.27823901941211,-17.14820337784534,-31.82816261425895,0.0337056942821712,-0.0007686381845445,0.999431506091487,4.973133087158203,1.3025166903200087,True,0.0,imu,-0.490485296,-9.430477044800002,2.4966897872,1.04687487,-1.39121527,-4.625395409999999,97.1204724,-37.94611160000001,133.6383368,388.119,-22.5172,False,0.9312078736459046,-0.3644885403683813,382.2366164709758,-25.32974240921677,4.763123022806747,-0.19691,False,inf
53.9045,9.34612,-0.439651,380.745,-24.9247,-0.01145,-0.624928,-0.201186,261.245,0.00509223,-0.624733,-140.123,-0.289054,-0.01145,-35.7101,-0.0897044,-0.00649118,0.940168,-0.0273474,9.35439,-0.167719,0.940569,-0.201186,-23.9446,-0.279665,0.0,0.0,-61.641,-42.0,3.0,-0.857983,0.0,0.0,388.119,-22.5172,0.0,3.44704e-23,0.0,-3.4059999999999997e-22,0.0,0.0,0.0,0.0,0.0,0.0,0.0,2810.82,-14.6177,0.0,0.0,0.0,0.0,0.0,0.0,0.0,0.0,0.0,0.0,0.0,3785.53,-83.4882,0.0,0.0,0.0,0.0,0.0,0.0,0.0,0.0,0.0,0.0,0.0,7388.63,-42.0105,0.0,0.0,0.0,0.0,0.0,0.0,0.0,0.0,0.0,999.0,999.0,1.0,5.524569873754887,gaze,0.5553264772682719,0.5810558718467254,-27.25375739871807,-17.35400127986496,235.7631583761535,-36.27823901941211,-17.14820337784534,-31.82816261425895,0.0337056942821712,-0.0007686381845445,0.999431506091487,4.973133087158203,24.12555212906129,-16.68547744920204,-22.17298501023805,0.5804087507615249,0.5970362591872088,0.5537809921396637,4.186609268188477,-36.27823901941211,-17.14820337784534,-31.82816261425895,0.0337056942821712,-0.0007686381845445,0.999431506091487,4.973133087158203,1.3025166903200087,True,0.0,imu,-0.490485296,-9.430477044800002,2.4966897872,1.04687487,-1.39121527,-4.625395409999999,97.1204724,-37.94611160000001,133.6383368,388.119,-22.5172,False,0.9312350729340078,-0.3644190430501586,382.2405862309198,-25.329954026362643,4.761541121266334,-0.201186,False,inf
53.9205,10.4251,-0.469689,380.749,-24.9249,-0.0126513,-0.628545,-0.205686,273.08,-0.00115756,-0.628347,-158.63,-0.243,-0.0126513,-39.414,-0.0807858,-0.00657516,0.982747,-0.0290213,10.4337,-0.161755,0.983179,-0.205686,-23.983,-0.293878,0.0,0.0,-62.253,-36.0,3.0,-0.857983,0.0,0.0,388.119,-22.5172,0.0,3.29154e-23,0.0,-3.25235e-22,0.0,0.0,0.0,0.0,0.0,0.0,0.0,2810.82,-14.6177,0.0,0.0,0.0,0.0,0.0,0.0,0.0,0.0,0.0,0.0,0.0,3785.53,-83.4882,0.0,0.0,0.0,0.0,0.0,0.0,0.0,0.0,0.0,0.0,0.0,7388.63,-42.0105,0.0,0.0,0.0,0.0,0.0,0.0,0.0,0.0,0.0,999.0,999.0,1.0,5.520651719679469,gaze,0.5553264772682719,0.5810558718467254,-27.25375739871807,-17.35400127986496,235.7631583761535,-36.27823901941211,-17.14820337784534,-31.82816261425895,0.0337056942821712,-0.0007686381845445,0.999431506091487,4.973133087158203,24.12555212906129,-16.68547744920204,-22.17298501023805,0.5804087507615249,0.5970362591872088,0.5537809921396637,4.186609268188477,-36.27823901941211,-17.14820337784534,-31.82816261425895,0.0337056942821712,-0.0007686381845445,0.999431506091487,4.973133087158203,1.3025166903200087,True,0.0,imu,-0.490485296,-9.430477044800002,2.4966897872,1.04687487,-1.39121527,-4.625395409999999,97.1204724,-37.94611160000001,133.6383368,388.119,-22.5172,False,0.9312636914665272,-0.3643459028946765,382.2445543977303,-25.33027148818051,4.76004152540685,-0.205686,False,inf
53.9365,10.9512,-0.51646,380.754,-24.925,-0.0137086,-0.631404,-0.210435,284.918,-0.00246501,-0.631204,-167.747,-0.200821,-0.0137086,-43.3588,-0.0729541,-0.00665351,1.02533,-0.0307411,10.9611,-0.188039,1.0258,-0.210435,-17.3011,-0.306818,0.0,0.0,-62.847,-36.0,3.0,-0.857983,0.0,0.0,388.119,-22.5172,0.0,3.14087e-23,0.0,-3.1034699999999997e-22,0.0,0.0,0.0,0.0,0.0,0.0,0.0,2810.82,-14.6177,0.0,0.0,0.0,0.0,0.0,0.0,0.0,0.0,0.0,0.0,0.0,3785.53,-83.4882,0.0,0.0,0.0,0.0,0.0,0.0,0.0,0.0,0.0,0.0,0.0,7388.63,-42.0105,0.0,0.0,0.0,0.0,0.0,0.0,0.0,0.0,0.0,999.0,999.0,1.0,5.515792599436633,gaze,0.5553264772682719,0.5810558718467254,-27.25375739871807,-17.35400127986496,235.7631583761535,-36.27823901941211,-17.14820337784534,-31.82816261425895,0.0337056942821712,-0.0007686381845445,0.999431506091487,4.973133087158203,24.12555212906129,-16.68547744920204,-22.17298501023805,0.5804087507615249,0.5970362591872088,0.5537809921396637,4.186609268188477,-36.27823901941211,-17.14820337784534,-31.82816261425895,0.0337056942821712,-0.0007686381845445,0.999431506091487,4.973133087158203,1.3025166903200087,True,0.0,imu,-0.490485296,-9.430477044800002,2.4966897872,1.04687487,-1.39121527,-4.625395409999999,97.1204724,-37.94611160000001,133.6383368,388.119,-22.5172,False,0.931293887327752,-0.3642687132131508,382.2495207930991,-25.330495446840384,4.758072490818589,-0.210435,False,inf
53.9525,10.9531,-0.572933,380.758,-24.9252,-0.014613,-0.633568,-0.215384,296.504,0.00562778,-0.633365,-168.184,-0.157522,-0.014613,-48.1859,-0.063717,-0.00673195,1.06701,-0.0325092,10.9647,-0.239108,1.06751,-0.215384,-19.6766,-0.320584,0.0,0.0,-63.459,-42.0,3.0,-0.857983,0.0,0.0,388.119,-22.5172,0.0,3.00515e-23,0.0,-2.96936e-22,0.0,0.0,0.0,0.0,0.0,0.0,0.0,2810.82,-14.6177,0.0,0.0,0.0,0.0,0.0,0.0,0.0,0.0,0.0,0.0,0.0,3785.53,-83.4882,0.0,0.0,0.0,0.0,0.0,0.0,0.0,0.0,0.0,0.0,0.0,7388.63,-42.0105,0.0,0.0,0.0,0.0,0.0,0.0,0.0,0.0,0.0,999.0,999.0,1.0,5.511874748214108,gaze,0.5553264772682719,0.5810558718467254,-27.25375739871807,-17.35400127986496,235.7631583761535,-36.27823901941211,-17.14820337784534,-31.82816261425895,0.0337056942821712,-0.0007686381845445,0.999431506091487,4.973133087158203,24.12555212906129,-16.68547744920204,-22.17298501023805,0.5804087507615249,0.5970362591872088,0.5537809921396637,4.186609268188477,-36.27823901941211,-17.14820337784534,-31.82816261425895,0.0337056942821712,-0.0007686381845445,0.999431506091487,4.973133087158203,1.3025166903200087,True,0.0,imu,-0.490485296,-9.430477044800002,2.4966897872,1.04687487,-1.39121527,-4.625395409999999,97.1204724,-37.94611160000001,133.6383368,388.119,-22.5172,False,0.9313253480535092,-0.3641882700925583,382.2534857623057,-25.33082462294705,4.756551414687269,-0.215384,False,inf
53.9685,10.9856,-0.533436,380.763,-24.9253,-0.015337,-0.635048,-0.220569,308.003,-0.00247092,-0.634843,-168.95,-0.116086,-0.015337,-44.6857,-0.0505078,-0.00681165,1.10837,-0.0343025,10.9962,-0.193351,1.1089,-0.220569,-17.7063,-0.334876,0.0,0.0,-64.089,-42.0,3.0,-0.857983,0.0,0.0,388.119,-22.5172,0.0,2.86942e-23,0.0,-2.83526e-22,0.0,0.0,0.0,0.0,0.0,0.0,0.0,2810.82,-14.6177,0.0,0.0,0.0,0.0,0.0,0.0,0.0,0.0,0.0,0.0,0.0,3785.53,-83.4882,0.0,0.0,0.0,0.0,0.0,0.0,0.0,0.0,0.0,0.0,0.0,7388.63,-42.0105,0.0,0.0,0.0,0.0,0.0,0.0,0.0,0.0,0.0,999.0,999.0,1.0,5.50701606044511,gaze,0.5553264772682719,0.5810558718467254,-27.25375739871807,-17.35400127986496,235.7631583761535,-36.27823901941211,-17.14820337784534,-31.82816261425895,0.0337056942821712,-0.0007686381845445,0.999431506091487,4.973133087158203,24.12555212906129,-16.68547744920204,-22.17298501023805,0.5804087507615249,0.5970362591872088,0.5537809921396637,4.186609268188477,-36.27823901941211,-17.14820337784534,-31.82816261425895,0.0337056942821712,-0.0007686381845445,0.999431506091487,4.973133087158203,1.3025166903200087,True,0.0,imu,-0.490485296,-9.430477044800002,2.4966897872,1.04687487,-1.39121527,-4.625395409999999,97.1204724,-37.94611160000001,133.6383368,388.119,-22.5172,False,0.9313583015746318,-0.3641039880144367,382.2584490490514,-25.331059955751133,4.754561802459442,-0.220569,False,inf
53.9845,10.9851,-0.536797,380.768,-24.9255,-0.0158611,-0.635896,-0.225988,319.436,0.00104714,-0.635689,-169.416,-0.0789619,-0.0158611,-45.1533,-0.0386218,-0.00689234,1.14948,-0.0361035,10.996,-0.191676,1.15005,-0.225988,-18.3858,-0.349934,0.0,0.0,-64.755,-42.0,3.0,-0.857983,0.0,0.0,388.119,-22.5172,0.0,2.73448e-23,0.0,-2.70192e-22,0.0,0.0,0.0,0.0,0.0,0.0,0.0,2810.82,-14.6177,0.0,0.0,0.0,0.0,0.0,0.0,0.0,0.0,0.0,0.0,0.0,3785.53,-83.4882,0.0,0.0,0.0,0.0,0.0,0.0,0.0,0.0,0.0,0.0,0.0,7388.63,-42.0105,0.0,0.0,0.0,0.0,0.0,0.0,0.0,0.0,0.0,999.0,999.0,1.0,5.502131973153719,gaze,0.5553264772682719,0.5810558718467254,-27.25375739871807,-17.35400127986496,235.7631583761535,-36.27823901941211,-17.14820337784534,-31.82816261425895,0.0337056942821712,-0.0007686381845445,0.999431506091487,4.973133087158203,24.12555212906129,-16.68547744920204,-22.17298501023805,0.5804087507615249,0.5970362591872088,0.5537809921396637,4.186609268188477,-36.27823901941211,-17.14820337784534,-31.82816261425895,0.0337056942821712,-0.0007686381845445,0.999431506091487,4.973133087158203,1.3025166903200087,True,0.0,imu,-0.490485296,-9.430477044800002,2.4966897872,1.04687487,-1.39121527,-4.625395409999999,97.1204724,-37.94611160000001,133.6383368,388.119,-22.5172,False,0.9313927341428304,-0.364015899084014,382.2634106658329,-25.33140139259818,4.752654345624179,-0.225988,False,inf
54.0005,10.9769,-0.550334,380.773,-24.9257,-0.016215,-0.636197,-0.23164,330.806,-0.000499227,-0.635987,-169.634,-0.0474569,-0.016215,-45.9802,-0.0293787,-0.00697608,1.19037,-0.0379489,10.9883,-0.200289,1.19098,-0.23164,-18.6532,-0.364112,0.0,0.0,-65.484,-54.0,3.0,-0.857983,0.0,0.0,388.119,-22.5172,0.0,2.6101400000000002e-23,0.0,-2.57906e-22,0.0,0.0,0.0,0.0,0.0,0.0,0.0,2810.82,-14.6177,0.0,0.0,0.0,0.0,0.0,0.0,0.0,0.0,0.0,0.0,0.0,3785.53,-83.4882,0.0,0.0,0.0,0.0,0.0,0.0,0.0,0.0,0.0,0.0,0.0,7388.63,-42.0105,0.0,0.0,0.0,0.0,0.0,0.0,0.0,0.0,0.0,999.0,999.0,1.0,5.497248101550436,gaze,0.5553264772682719,0.5810558718467254,-27.25375739871807,-17.35400127986496,235.7631583761535,-36.27823901941211,-17.14820337784534,-31.82816261425895,0.0337056942821712,-0.0007686381845445,0.999431506091487,4.973133087158203,24.12555212906129,-16.68547744920204,-22.17298501023805,0.5804087507615249,0.5970362591872088,0.5537809921396637,4.186609268188477,-36.27823901941211,-17.14820337784534,-31.82816261425895,0.0337056942821712,-0.0007686381845445,0.999431506091487,4.973133087158203,1.3025166903200087,True,0.0,imu,-0.490485296,-9.430477044800002,2.4966897872,1.04687487,-1.39121527,-4.625395409999999,97.1204724,-37.94611160000001,133.6383368,388.119,-22.5172,False,0.931428638326839,-0.3639240191367019,382.2683706180045,-25.331748906917504,4.750736015049555,-0.23164,False,inf
54.0165,11.0,-0.570558,380.779,-24.9259,-0.0164232,-0.636037,-0.237537,342.115,0.00158889,-0.635825,-170.377,-0.0208521,-0.0164232,-47.6619,-0.0208792,-0.00706652,1.23104,-0.0398358,11.0122,-0.214489,1.23168,-0.237537,-17.9681,-0.379597,0.0,0.0,-66.294,-60.0,3.0,-0.857983,0.0,0.0,388.119,-22.5172,0.0,2.4857900000000002e-23,0.0,-2.4561999999999997e-22,0.0,0.0,0.0,0.0,0.0,0.0,0.0,2810.82,-14.6177,0.0,0.0,0.0,0.0,0.0,0.0,0.0,0.0,0.0,0.0,0.0,3785.53,-83.4882,0.0,0.0,0.0,0.0,0.0,0.0,0.0,0.0,0.0,0.0,0.0,7388.63,-42.0105,0.0,0.0,0.0,0.0,0.0,0.0,0.0,0.0,0.0,999.0,999.0,1.0,5.4913980196303545,gaze,0.5553264772682719,0.5810558718467254,-27.25375739871807,-17.35400127986496,235.7631583761535,-36.27823901941211,-17.14820337784534,-31.82816261425895,0.0337056942821712,-0.0007686381845445,0.999431506091487,4.973133087158203,24.12555212906129,-16.68547744920204,-22.17298501023805,0.5804087507615249,0.5970362591872088,0.5537809921396637,4.186609268188477,-36.27823901941211,-17.14820337784534,-31.82816261425895,0.0337056942821712,-0.0007686381845445,0.999431506091487,4.973133087158203,1.3025166903200087,True,0.0,imu,-0.490485296,-9.430477044800002,2.4966897872,1.04687487,-1.39121527,-4.625395409999999,97.1204724,-37.94611160000001,133.6383368,388.119,-22.5172,False,0.9314660892053964,-0.3638281526495775,382.274328818692,-25.33210281140003,4.748442431967593,-0.237537,False,inf
54.0325,10.9608,-0.619717,380.784,-24.9261,-0.0165094,-0.635496,-0.243686,353.378,0.00430774,-0.63528,-170.362,0.000764739,-0.0165094,-52.7777,-0.0153313,-0.00716487,1.27153,-0.0417782,10.9747,-0.259442,1.27222,-0.243686,-21.2376,-0.396913,0.0,0.0,-67.194,-60.0,3.0,-0.857983,0.0,0.0,388.119,-22.5172,0.0,2.36332e-23,0.0,-2.33518e-22,0.0,0.0,0.0,0.0,0.0,0.0,0.0,2810.82,-14.6177,0.0,0.0,0.0,0.0,0.0,0.0,0.0,0.0,0.0,0.0,0.0,3785.53,-83.4882,0.0,0.0,0.0,0.0,0.0,0.0,0.0,0.0,0.0,0.0,0.0,7388.63,-42.0105,0.0,0.0,0.0,0.0,0.0,0.0,0.0,0.0,0.0,999.0,999.0,1.0,5.4865146322597385,gaze,0.5553264772682719,0.5810558718467254,-27.25375739871807,-17.35400127986496,235.7631583761535,-36.27823901941211,-17.14820337784534,-31.82816261425895,0.0337056942821712,-0.0007686381845445,0.999431506091487,4.973133087158203,24.12555212906129,-16.68547744920204,-22.17298501023805,0.5804087507615249,0.5970362591872088,0.5537809921396637,4.186609268188477,-36.27823901941211,-17.14820337784534,-31.82816261425895,0.0337056942821712,-0.0007686381845445,0.999431506091487,4.973133087158203,1.3025166903200087,True,0.0,imu,-0.490485296,-9.430477044800002,2.4966897872,1.04687487,-1.39121527,-4.625395409999999,97.1204724,-37.94611160000001,133.6383368,388.119,-22.5172,False,0.9315051299861016,-0.3637281853384146,382.2792852162749,-25.332463288191477,4.746501056390158,-0.243686,False,inf
54.0485,10.9551,-0.605416,380.79,-24.9263,-0.016501,-0.634647,-0.250108,364.577,0.00239261,-0.634428,-170.404,0.0178278,-0.016501,-50.9102,-0.0108722,-0.00727136,1.31178,-0.0437469,10.9687,-0.239941,1.31252,-0.250108,-20.7242,-0.414722,0.0,0.0,-68.184,-60.0,3.0,-0.857983,0.0,0.0,388.119,-22.5172,0.0,2.26451e-23,0.0,-2.23755e-22,0.0,0.0,0.0,0.0,0.0,0.0,0.0,2810.82,-14.6177,0.0,0.0,0.0,0.0,0.0,0.0,0.0,0.0,0.0,0.0,0.0,3785.53,-83.4882,0.0,0.0,0.0,0.0,0.0,0.0,0.0,0.0,0.0,0.0,0.0,7388.63,-42.0105,0.0,0.0,0.0,0.0,0.0,0.0,0.0,0.0,0.0,999.0,999.0,1.0,5.480665150326182,gaze,0.5553264772682719,0.5810558718467254,-27.25375739871807,-17.35400127986496,235.7631583761535,-36.27823901941211,-17.14820337784534,-31.82816261425895,0.0337056942821712,-0.0007686381845445,0.999431506091487,4.973133087158203,24.12555212906129,-16.68547744920204,-22.17298501023805,0.5804087507615249,0.5970362591872088,0.5537809921396637,4.186609268188477,-36.27823901941211,-17.14820337784534,-31.82816261425895,0.0337056942821712,-0.0007686381845445,0.999431506091487,4.973133087158203,1.3025166903200087,True,0.0,imu,-0.490485296,-9.430477044800002,2.4966897872,1.04687487,-1.39121527,-4.625395409999999,97.1204724,-37.94611160000001,133.6383368,388.119,-22.5172,False,0.9315458926246024,-0.363623775259859,382.2852396596351,-25.33283088474864,4.744183344759317,-0.250108,False,inf
54.0645,10.9815,-0.615781,380.796,-24.9265,-0.0164326,-0.633564,-0.256817,375.737,0.00106623,-0.633342,-171.164,0.0301918,-0.0164326,-51.959,-0.00821339,-0.00738593,1.3519,-0.0457687,10.9957,-0.243865,1.35269,-0.256817,-21.7413,-0.432645,0.0,0.0,-69.255,-72.0,3.0,-0.857983,0.0,0.0,388.119,-22.5172,0.0,2.1657e-23,0.0,-2.13991e-22,0.0,0.0,0.0,0.0,0.0,0.0,0.0,2810.82,-14.6177,0.0,0.0,0.0,0.0,0.0,0.0,0.0,0.0,0.0,0.0,0.0,3785.53,-83.4882,0.0,0.0,0.0,0.0,0.0,0.0,0.0,0.0,0.0,0.0,0.0,7388.63,-42.0105,0.0,0.0,0.0,0.0,0.0,0.0,0.0,0.0,0.0,999.0,999.0,1.0,5.474816001474407,gaze,0.5553264772682719,0.5810558718467254,-27.25375739871807,-17.35400127986496,235.7631583761535,-36.27823901941211,-17.14820337784534,-31.82816261425895,0.0337056942821712,-0.0007686381845445,0.999431506091487,4.973133087158203,24.12555212906129,-16.68547744920204,-22.17298501023805,0.5804087507615249,0.5970362591872088,0.5537809921396637,4.186609268188477,-36.27823901941211,-17.14820337784534,-31.82816261425895,0.0337056942821712,-0.0007686381845445,0.999431506091487,4.973133087158203,1.3025166903200087,True,0.0,imu,-0.490485296,-9.430477044800002,2.4966897872,1.04687487,-1.39121527,-4.625395409999999,97.1204724,-37.94611160000001,133.6383368,388.119,-22.5172,False,0.9315884644513468,-0.3635146942025619,382.2911920470004,-25.333205965762577,4.741852499436526,-0.2568170000000001,False,inf
54.0805,10.9742,-0.621563,380.802,-24.9267,-0.0163236,-0.632313,-0.263829,386.837,0.00424168,-0.632087,-171.434,0.0389761,-0.0163236,-52.5814,-0.00609409,-0.00750999,1.3918,-0.0478227,10.9887,-0.244343,1.39264,-0.263829,-22.4209,-0.452886,0.0,0.0,-70.416,-72.0,3.0,-0.857983,0.0,0.0,388.119,-22.5172,0.0,2.06689e-23,0.0,-2.0422799999999999e-22,0.0,0.0,0.0,0.0,0.0,0.0,0.0,2810.82,-14.6177,0.0,0.0,0.0,0.0,0.0,0.0,0.0,0.0,0.0,0.0,0.0,3785.53,-83.4882,0.0,0.0,0.0,0.0,0.0,0.0,0.0,0.0,0.0,0.0,0.0,7388.63,-42.0105,0.0,0.0,0.0,0.0,0.0,0.0,0.0,0.0,0.0,999.0,999.0,1.0,5.468967186773011,gaze,0.5553264772682719,0.5810558718467254,-27.25375739871807,-17.35400127986496,235.7631583761535,-36.27823901941211,-17.14820337784534,-31.82816261425895,0.0337056942821712,-0.0007686381845445,0.999431506091487,4.973133087158203,24.12555212906129,-16.68547744920204,-22.17298501023805,0.5804087507615249,0.5970362591872088,0.5537809921396637,4.186609268188477,-36.27823901941211,-17.14820337784534,-31.82816261425895,0.0337056942821712,-0.0007686381845445,0.999431506091487,4.973133087158203,1.3025166903200087,True,0.0,imu,-0.490485296,-9.430477044800002,2.4966897872,1.04687487,-1.39121527,-4.625395409999999,97.1204724,-37.94611160000001,133.6383368,388.119,-22.5172,False,0.931632945307207,-0.363400681367301,382.29714226211576,-25.33358894803788,4.739507799561832,-0.263829,False,inf
54.0965,10.9938,-0.623288,380.808,-24.927,-0.0162171,-0.630961,-0.271152,397.892,0.000923656,-0.630732,-172.152,0.0430439,-0.0162171,-53.0197,-0.00813613,-0.00764254,1.43153,-0.0498915,11.0085,-0.23999,1.43242,-0.271152,-21.4122,-0.472306,0.0,0.0,-71.667,-78.0,3.0,-0.857983,0.0,0.0,388.119,-22.5172,0.0,1.97446e-23,0.0,-1.95095e-22,0.0,0.0,0.0,0.0,0.0,0.0,0.0,2810.82,-14.6177,0.0,0.0,0.0,0.0,0.0,0.0,0.0,0.0,0.0,0.0,0.0,3785.53,-83.4882,0.0,0.0,0.0,0.0,0.0,0.0,0.0,0.0,0.0,0.0,0.0,7388.63,-42.0105,0.0,0.0,0.0,0.0,0.0,0.0,0.0,0.0,0.0,999.0,999.0,1.0,5.4630928968854455,gaze,0.5553264772682719,0.5810558718467254,-27.25375739871807,-17.35400127986496,235.7631583761535,-36.27823901941211,-17.14820337784534,-31.82816261425895,0.0337056942821712,-0.0007686381845445,0.999431506091487,4.973133087158203,24.12555212906129,-16.68547744920204,-22.17298501023805,0.5804087507615249,0.5970362591872088,0.5537809921396637,4.186609268188477,-36.27823901941211,-17.14820337784534,-31.82816261425895,0.0337056942821712,-0.0007686381845445,0.999431506091487,4.973133087158203,1.3025166903200087,True,0.0,imu,-0.490485296,-9.430477044800002,2.4966897872,1.04687487,-1.39121527,-4.625395409999999,97.1204724,-37.94611160000001,133.6383368,388.119,-22.5172,False,0.9316793841063874,-0.3632816059631192,382.30309024523984,-25.33408003953596,4.737242096182297,-0.271152,False,inf
54.1125,10.9676,-0.685056,380.815,-24.9272,-0.0161639,-0.629578,-0.278811,408.888,0.00307856,-0.629344,-172.281,0.0433773,-0.0161639,-58.7302,-0.0116182,-0.00778656,1.47104,-0.0520805,10.9845,-0.296583,1.47201,-0.278811,-23.1909,-0.494219,0.0,0.0,-73.017,-90.0,3.0,-0.857983,0.0,0.0,388.119,-22.5172,0.0,1.8834500000000001e-23,0.0,-1.86102e-22,0.0,0.0,0.0,0.0,0.0,0.0,0.0,2810.82,-14.6177,0.0,0.0,0.0,0.0,0.0,0.0,0.0,0.0,0.0,0.0,0.0,3785.53,-83.4882,0.0,0.0,0.0,0.0,0.0,0.0,0.0,0.0,0.0,0.0,0.0,7388.63,-42.0105,0.0,0.0,0.0,0.0,0.0,0.0,0.0,0.0,0.0,999.0,999.0,1.0,5.456278680566102,gaze,0.5553264772682719,0.5810558718467254,-27.25375739871807,-17.35400127986496,235.7631583761535,-36.27823901941211,-17.14820337784534,-31.82816261425895,0.0337056942821712,-0.0007686381845445,0.999431506091487,4.973133087158203,24.12555212906129,-16.68547744920204,-22.17298501023805,0.5804087507615249,0.5970362591872088,0.5537809921396637,4.186609268188477,-36.27823901941211,-17.14820337784534,-31.82816261425895,0.0337056942821712,-0.0007686381845445,0.999431506091487,4.973133087158203,1.3025166903200087,True,0.0,imu,-0.490485296,-9.430477044800002,2.4966897872,1.04687487,-1.39121527,-4.625395409999999,97.1204724,-37.94611160000001,133.6383368,388.119,-22.5172,False,0.9317279373663612,-0.3631570606927895,382.31003581555257,-25.334479891739107,4.734504741407437,-0.278811,False,inf
54.1285,10.9962,-0.6723,380.821,-24.9275,-0.0161379,-0.62821,-0.286832,419.838,0.00314712,-0.627971,-172.733,0.0412346,-0.0161379,-57.167,-0.0140208,-0.00794243,1.51039,-0.0543682,11.0129,-0.276307,1.51142,-0.286832,-23.7293,-0.518282,0.0,0.0,-74.457,-90.0,3.0,-0.857983,0.0,0.0,388.119,-22.5172,0.0,1.7924400000000002e-23,0.0,-1.7711e-22,0.0,0.0,0.0,0.0,0.0,0.0,0.0,2810.82,-14.6177,0.0,0.0,0.0,0.0,0.0,0.0,0.0,0.0,0.0,0.0,0.0,3785.53,-83.4882,0.0,0.0,0.0,0.0,0.0,0.0,0.0,0.0,0.0,0.0,0.0,7388.63,-42.0105,0.0,0.0,0.0,0.0,0.0,0.0,0.0,0.0,0.0,999.0,999.0,1.0,5.450405053755167,gaze,0.5553264772682719,0.5810558718467254,-27.25375739871807,-17.35400127986496,235.7631583761535,-36.27823901941211,-17.14820337784534,-31.82816261425895,0.0337056942821712,-0.0007686381845445,0.999431506091487,4.973133087158203,24.12555212906129,-16.68547744920204,-22.17298501023805,0.5804087507615249,0.5970362591872088,0.5537809921396637,4.186609268188477,-36.27823901941211,-17.14820337784534,-31.82816261425895,0.0337056942821712,-0.0007686381845445,0.999431506091487,4.973133087158203,1.3025166903200087,True,0.0,imu,-0.490485296,-9.430477044800002,2.4966897872,1.04687487,-1.39121527,-4.625395409999999,97.1204724,-37.94611160000001,133.6383368,388.119,-22.5172,False,0.9317787676314948,-0.3630266218765955,382.3159787846264,-25.334989182086066,4.732207320024834,-0.286832,False,inf
54.1445,10.9887,-0.67428,380.828,-24.9278,-0.0161642,-0.626887,-0.295236,430.737,0.00101873,-0.626643,-172.84,0.037655,-0.0161642,-57.153,-0.0183818,-0.00810826,1.54955,-0.0567155,11.0055,-0.271909,1.55066,-0.295236,-23.3249,-0.542171,0.0,0.0,-75.969,-96.0,3.0,-0.857983,0.0,0.0,388.119,-22.5172,0.0,1.71099e-23,0.0,-1.69061e-22,0.0,0.0,0.0,0.0,0.0,0.0,0.0,2810.82,-14.6177,0.0,0.0,0.0,0.0,0.0,0.0,0.0,0.0,0.0,0.0,0.0,3785.53,-83.4882,0.0,0.0,0.0,0.0,0.0,0.0,0.0,0.0,0.0,0.0,0.0,7388.63,-42.0105,0.0,0.0,0.0,0.0,0.0,0.0,0.0,0.0,0.0,999.0,999.0,1.0,5.443565801935382,gaze,0.5553264772682719,0.5810558718467254,-27.25375739871807,-17.35400127986496,235.7631583761535,-36.27823901941211,-17.14820337784534,-31.82816261425895,0.0337056942821712,-0.0007686381845445,0.999431506091487,4.973133087158203,24.12555212906129,-16.68547744920204,-22.17298501023805,0.5804087507615249,0.5970362591872088,0.5537809921396637,4.186609268188477,-36.27823901941211,-17.14820337784534,-31.82816261425895,0.0337056942821712,-0.0007686381845445,0.999431506091487,4.973133087158203,1.3025166903200087,True,0.0,imu,-0.490485296,-9.430477044800002,2.4966897872,1.04687487,-1.39121527,-4.625395409999999,97.1204724,-37.94611160000001,133.6383368,388.119,-22.5172,False,0.9318320054345914,-0.3628899470194068,382.3229189990624,-25.335508457408203,4.729529549150421,-0.295236,False,inf
54.1605,11.0038,-0.661954,380.835,-24.9281,-0.0163648,-0.625677,-0.304018,441.589,-0.00293416,-0.625428,-173.345,0.0273527,-0.0163648,-56.6344,-0.0361539,-0.00827781,1.58856,-0.0588907,11.0202,-0.253862,1.58972,-0.304018,-22.6189,-0.565171,0.0,0.0,-77.562,-108.0,3.0,-0.857983,0.0,0.0,388.119,-22.5172,0.0,1.63255e-23,0.0,-1.61311e-22,0.0,0.0,0.0,0.0,0.0,0.0,0.0,2810.82,-14.6177,0.0,0.0,0.0,0.0,0.0,0.0,0.0,0.0,0.0,0.0,0.0,3785.53,-83.4882,0.0,0.0,0.0,0.0,0.0,0.0,0.0,0.0,0.0,0.0,0.0,7388.63,-42.0105,0.0,0.0,0.0,0.0,0.0,0.0,0.0,0.0,0.0,999.0,999.0,1.0,5.4367269758560015,gaze,0.5553264772682719,0.5810558718467254,-27.25375739871807,-17.35400127986496,235.7631583761535,-36.27823901941211,-17.14820337784534,-31.82816261425895,0.0337056942821712,-0.0007686381845445,0.999431506091487,4.973133087158203,24.12555212906129,-16.68547744920204,-22.17298501023805,0.5804087507615249,0.5970362591872088,0.5537809921396637,4.186609268188477,-36.27823901941211,-17.14820337784534,-31.82816261425895,0.0337056942821712,-0.0007686381845445,0.999431506091487,4.973133087158203,1.3025166903200087,True,0.0,imu,-0.490485296,-9.430477044800002,2.4966897872,1.04687487,-1.39121527,-4.625395409999999,97.1204724,-37.94611160000001,133.6383368,388.119,-22.5172,False,0.9318876163779924,-0.3627471163790883,382.3298564900641,-25.33603758605101,4.726834953555734,-0.304018,False,inf
54.1765,10.9733,-0.724633,380.842,-24.9284,-0.0168092,-0.624609,-0.31322,452.377,-0.00371167,-0.624354,-173.522,0.0199941,-0.0168092,-63.712,-0.0468109,-0.00846125,1.62732,-0.0612893,10.992,-0.311143,1.62856,-0.31322,-25.714,-0.592956,0.0,0.0,-79.227,-108.0,3.0,-0.857983,0.0,0.0,388.119,-22.5172,0.0,1.55411e-23,0.0,-1.53561e-22,0.0,0.0,0.0,0.0,0.0,0.0,0.0,2810.82,-14.6177,0.0,0.0,0.0,0.0,0.0,0.0,0.0,0.0,0.0,0.0,0.0,3785.53,-83.4882,0.0,0.0,0.0,0.0,0.0,0.0,0.0,0.0,0.0,0.0,0.0,7388.63,-42.0105,0.0,0.0,0.0,0.0,0.0,0.0,0.0,0.0,0.0,999.0,999.0,1.0,5.429888577125713,gaze,0.5553264772682719,0.5810558718467254,-27.25375739871807,-17.35400127986496,235.7631583761535,-36.27823901941211,-17.14820337784534,-31.82816261425895,0.0337056942821712,-0.0007686381845445,0.999431506091487,4.973133087158203,24.12555212906129,-16.68547744920204,-22.17298501023805,0.5804087507615249,0.5970362591872088,0.5537809921396637,4.186609268188477,-36.27823901941211,-17.14820337784534,-31.82816261425895,0.0337056942821712,-0.0007686381845445,0.999431506091487,4.973133087158203,1.3025166903200087,True,0.0,imu,-0.490485296,-9.430477044800002,2.4966897872,1.04687487,-1.39121527,-4.625395409999999,97.1204724,-37.94611160000001,133.6383368,388.119,-22.5172,False,0.9319458634315396,-0.3625974457064504,382.3367909538885,-25.336577662511026,4.724121580689204,-0.3132199999999999,False,inf
54.1925,11.0028,-0.68453,380.849,-24.9287,-0.0174003,-0.623647,-0.32287,463.152,0.000423495,-0.623387,-173.054,0.0139662,-0.0174003,-57.8,-0.055375,-0.00865547,1.66603,-0.0638885,11.0205,-0.262414,1.66735,-0.32287,-23.5723,-0.62177,0.0,0.0,-80.946,-108.0,3.0,-0.857983,0.0,0.0,388.119,-22.5172,0.0,1.48399e-23,0.0,-1.46632e-22,0.0,0.0,0.0,0.0,0.0,0.0,0.0,2810.82,-14.6177,0.0,0.0,0.0,0.0,0.0,0.0,0.0,0.0,0.0,0.0,0.0,3785.53,-83.4882,0.0,0.0,0.0,0.0,0.0,0.0,0.0,0.0,0.0,0.0,0.0,7388.63,-42.0105,0.0,0.0,0.0,0.0,0.0,0.0,0.0,0.0,0.0,999.0,999.0,1.0,5.42305060736116,gaze,0.5553264772682719,0.5810558718467254,-27.25375739871807,-17.35400127986496,235.7631583761535,-36.27823901941211,-17.14820337784534,-31.82816261425895,0.0337056942821712,-0.0007686381845445,0.999431506091487,4.973133087158203,24.12555212906129,-16.68547744920204,-22.17298501023805,0.5804087507615249,0.5970362591872088,0.5537809921396637,4.186609268188477,-36.27823901941211,-17.14820337784534,-31.82816261425895,0.0337056942821712,-0.0007686381845445,0.999431506091487,4.973133087158203,1.3025166903200087,True,0.0,imu,-0.490485296,-9.430477044800002,2.4966897872,1.04687487,-1.39121527,-4.625395409999999,97.1204724,-37.94611160000001,133.6383368,388.119,-22.5172,False,0.9320069204242384,-0.3624404782599859,382.3437221856617,-25.33712941579992,4.721388183746468,-0.32287,False,inf
54.2085,10.906,-0.816098,380.857,-24.929,-0.0181063,-0.622769,-0.332997,473.777,0.0017356,-0.622503,-171.927,0.0103112,-0.0181063,-69.8177,-0.0641238,-0.00885898,1.70418,-0.0667331,10.9289,-0.388753,1.7056,-0.332997,-31.0725,-0.655003,0.0,0.0,-82.701,-108.0,3.0,-0.857983,0.0,0.0,388.119,-22.5172,0.0,1.41751e-23,0.0,-1.4006299999999999e-22,0.0,0.0,0.0,0.0,0.0,0.0,0.0,2810.82,-14.6177,0.0,0.0,0.0,0.0,0.0,0.0,0.0,0.0,0.0,0.0,0.0,3785.53,-83.4882,0.0,0.0,0.0,0.0,0.0,0.0,0.0,0.0,0.0,0.0,0.0,7388.63,-42.0105,0.0,0.0,0.0,0.0,0.0,0.0,0.0,0.0,0.0,999.0,999.0,1.0,5.415247455103031,gaze,0.5553264772682719,0.5810558718467254,-27.25375739871807,-17.35400127986496,235.7631583761535,-36.27823901941211,-17.14820337784534,-31.82816261425895,0.0337056942821712,-0.0007686381845445,0.999431506091487,4.973133087158203,24.12555212906129,-16.68547744920204,-22.17298501023805,0.5804087507615249,0.5970362591872088,0.5537809921396637,4.186609268188477,-36.27823901941211,-17.14820337784534,-31.82816261425895,0.0337056942821712,-0.0007686381845445,0.999431506091487,4.973133087158203,1.3025166903200087,True,0.0,imu,-0.490485296,-9.430477044800002,2.4966897872,1.04687487,-1.39121527,-4.625395409999999,97.1204724,-37.94611160000001,133.6383368,388.119,-22.5172,False,0.93207096703668,-0.3622757408484707,382.35164997262194,-25.33769360080781,4.718271201926552,-0.332997,False,inf
54.2245,10.9231,-0.849717,380.864,-24.9294,-0.0188894,-0.621951,-0.343617,484.437,0.00560036,-0.621678,-172.246,0.00686624,-0.0188894,-72.3326,-0.0688407,-0.00907237,1.74246,-0.0696918,10.9477,-0.412519,1.74397,-0.343617,-30.7951,-0.685785,0.0,0.0,-84.501,-114.0,3.0,-0.857983,0.0,0.0,388.119,-22.5172,0.0,1.35102e-23,0.0,-1.33494e-22,0.0,0.0,0.0,0.0,0.0,0.0,0.0,2810.82,-14.6177,0.0,0.0,0.0,0.0,0.0,0.0,0.0,0.0,0.0,0.0,0.0,3785.53,-83.4882,0.0,0.0,0.0,0.0,0.0,0.0,0.0,0.0,0.0,0.0,0.0,7388.63,-42.0105,0.0,0.0,0.0,0.0,0.0,0.0,0.0,0.0,0.0,999.0,999.0,1.0,5.408384394622888,gaze,0.5553264772682719,0.5810558718467254,-27.25375739871807,-17.35400127986496,235.7631583761535,-36.27823901941211,-17.14820337784534,-31.82816261425895,0.0337056942821712,-0.0007686381845445,0.999431506091487,4.973133087158203,24.12555212906129,-16.68547744920204,-22.17298501023805,0.5804087507615249,0.5970362591872088,0.5537809921396637,4.186609268188477,-36.27823901941211,-17.14820337784534,-31.82816261425895,0.0337056942821712,-0.0007686381845445,0.999431506091487,4.973133087158203,1.3025166903200087,True,0.0,imu,-0.490485296,-9.430477044800002,2.4966897872,1.04687487,-1.39121527,-4.625395409999999,97.1204724,-37.94611160000001,133.6383368,388.119,-22.5172,False,0.9321381002706924,-0.3621029715754131,382.3585741939672,-25.33837063308672,4.715587936369115,-0.343617,False,inf
54.2405,10.9257,-0.862737,380.872,-24.9297,-0.0197531,-0.621194,-0.354741,495.056,0.00475069,-0.620915,-172.313,0.00232017,-0.0197531,-73.4094,-0.0763788,-0.00929783,1.78059,-0.0727445,10.9512,-0.416041,1.7822,-0.354741,-31.0177,-0.717997,0.0,0.0,-86.373,-114.0,3.0,-0.857983,0.0,0.0,388.119,-22.5172,0.0,1.2897e-23,0.0,-1.27435e-22,0.0,0.0,0.0,0.0,0.0,0.0,0.0,2810.82,-14.6177,0.0,0.0,0.0,0.0,0.0,0.0,0.0,0.0,0.0,0.0,0.0,3785.53,-83.4882,0.0,0.0,0.0,0.0,0.0,0.0,0.0,0.0,0.0,0.0,0.0,7388.63,-42.0105,0.0,0.0,0.0,0.0,0.0,0.0,0.0,0.0,0.0,999.0,999.0,1.0,5.400582310269883,gaze,0.5553264772682719,0.5810558718467254,-27.25375739871807,-17.35400127986496,235.7631583761535,-36.27823901941211,-17.14820337784534,-31.82816261425895,0.0337056942821712,-0.0007686381845445,0.999431506091487,4.973133087158203,24.12555212906129,-16.68547744920204,-22.17298501023805,0.5804087507615249,0.5970362591872088,0.5537809921396637,4.186609268188477,-36.27823901941211,-17.14820337784534,-31.82816261425895,0.0337056942821712,-0.0007686381845445,0.999431506091487,4.973133087158203,1.3025166903200087,True,0.0,imu,-0.490485296,-9.430477044800002,2.4966897872,1.04687487,-1.39121527,-4.625395409999999,97.1204724,-37.94611160000001,133.6383368,388.119,-22.5172,False,0.9322083851482476,-0.3619219897426743,382.36649476397656,-25.33896079759338,4.712427217425931,-0.354741,False,inf
54.2565,10.9726,-0.835953,380.88,-24.9301,-0.0207007,-0.620488,-0.366391,505.668,-0.00401003,-0.620201,-173.345,-5.8217e-05,-0.0207007,-71.7712,-0.076669,-0.00954181,1.81868,-0.0758976,10.9972,-0.377727,1.82041,-0.366391,-29.4874,-0.750182,0.0,0.0,-88.326,-126.0,3.0,-0.857983,0.0,0.0,388.119,-22.5172,0.0,1.23226e-23,0.0,-1.21759e-22,0.0,0.0,0.0,0.0,0.0,0.0,0.0,2810.82,-14.6177,0.0,0.0,0.0,0.0,0.0,0.0,0.0,0.0,0.0,0.0,0.0,3785.53,-83.4882,0.0,0.0,0.0,0.0,0.0,0.0,0.0,0.0,0.0,0.0,0.0,7388.63,-42.0105,0.0,0.0,0.0,0.0,0.0,0.0,0.0,0.0,0.0,999.0,999.0,1.0,5.392754732972767,gaze,0.5553264772682719,0.5810558718467254,-27.25375739871807,-17.35400127986496,235.7631583761535,-36.27823901941211,-17.14820337784534,-31.82816261425895,0.0337056942821712,-0.0007686381845445,0.999431506091487,4.973133087158203,24.12555212906129,-16.68547744920204,-22.17298501023805,0.5804087507615249,0.5970362591872088,0.5537809921396637,4.186609268188477,-36.27823901941211,-17.14820337784534,-31.82816261425895,0.0337056942821712,-0.0007686381845445,0.999431506091487,4.973133087158203,1.3025166903200087,True,0.0,imu,-0.490485296,-9.430477044800002,2.4966897872,1.04687487,-1.39121527,-4.625395409999999,97.1204724,-37.94611160000001,133.6383368,388.119,-22.5172,False,0.9322819557860428,-0.3617324355317768,382.3744115177343,-25.339664666033585,4.709336861804585,-0.366391,False,inf
54.2725,11.0222,-0.806307,380.888,-24.9305,-0.0216635,-0.619791,-0.378603,516.17,0.000463649,-0.619496,-173.248,0.000454679,-0.0216635,-66.3131,-0.0759389,-0.00980846,1.85637,-0.0793689,11.046,-0.334759,1.85822,-0.378603,-27.3961,-0.786175,0.0,0.0,-90.387,-132.0,3.0,-0.857983,0.0,0.0,388.119,-22.5172,0.0,1.17482e-23,0.0,-1.16083e-22,0.0,0.0,0.0,0.0,0.0,0.0,0.0,2810.82,-14.6177,0.0,0.0,0.0,0.0,0.0,0.0,0.0,0.0,0.0,0.0,0.0,3785.53,-83.4882,0.0,0.0,0.0,0.0,0.0,0.0,0.0,0.0,0.0,0.0,0.0,7388.63,-42.0105,0.0,0.0,0.0,0.0,0.0,0.0,0.0,0.0,0.0,999.0,999.0,1.0,5.384927692179383,gaze,0.5553264772682719,0.5810558718467254,-27.25375739871807,-17.35400127986496,235.7631583761535,-36.27823901941211,-17.14820337784534,-31.82816261425895,0.0337056942821712,-0.0007686381845445,0.999431506091487,4.973133087158203,24.12555212906129,-16.68547744920204,-22.17298501023805,0.5804087507615249,0.5970362591872088,0.5537809921396637,4.186609268188477,-36.27823901941211,-17.14820337784534,-31.82816261425895,0.0337056942821712,-0.0007686381845445,0.999431506091487,4.973133087158203,1.3025166903200087,True,0.0,imu,-0.490485296,-9.430477044800002,2.4966897872,1.04687487,-1.39121527,-4.625395409999999,97.1204724,-37.94611160000001,133.6383368,388.119,-22.5172,False,0.9323590341189788,-0.3615337211059636,382.382324189338,-25.34038317501368,4.706222090803921,-0.378603,False,inf
54.2885,10.971,-0.836351,380.896,-24.9309,-0.0226643,-0.61911,-0.39139,526.672,-7.47572e-05,-0.618807,-172.752,-0.0019887,-0.0226643,-69.5308,-0.0829067,-0.0100918,1.89405,-0.0830011,10.9964,-0.35525,1.89602,-0.39139,-27.7383,-0.822107,0.0,0.0,-92.547,-144.0,3.0,-0.857983,0.0,0.0,388.119,-22.5172,0.0,1.12129e-23,0.0,-1.10793e-22,0.0,0.0,0.0,0.0,0.0,0.0,0.0,2810.82,-14.6177,0.0,0.0,0.0,0.0,0.0,0.0,0.0,0.0,0.0,0.0,0.0,3785.53,-83.4882,0.0,0.0,0.0,0.0,0.0,0.0,0.0,0.0,0.0,0.0,0.0,7388.63,-42.0105,0.0,0.0,0.0,0.0,0.0,0.0,0.0,0.0,0.0,999.0,999.0,1.0,5.377101190232519,gaze,0.5553264772682719,0.5810558718467254,-27.25375739871807,-17.35400127986496,235.7631583761535,-36.27823901941211,-17.14820337784534,-31.82816261425895,0.0337056942821712,-0.0007686381845445,0.999431506091487,4.973133087158203,24.12555212906129,-16.68547744920204,-22.17298501023805,0.5804087507615249,0.5970362591872088,0.5537809921396637,4.186609268188477,-36.27823901941211,-17.14820337784534,-31.82816261425895,0.0337056942821712,-0.0007686381845445,0.999431506091487,4.973133087158203,1.3025166903200087,True,0.0,imu,-0.490485296,-9.430477044800002,2.4966897872,1.04687487,-1.39121527,-4.625395409999999,97.1204724,-37.94611160000001,133.6383368,388.119,-22.5172,False,0.9324396962783325,-0.3613256326423175,382.3902326763441,-25.34111666098005,4.703082471160175,-0.3913899999999999,False,inf
54.3045,10.9661,-0.921574,380.905,-24.9314,-0.0237638,-0.618459,-0.404788,537.027,0.00493858,-0.618146,-172.33,-0.00165555,-0.0237638,-75.4494,-0.0898415,-0.0104011,1.93119,-0.0868204,10.9959,-0.428148,1.9333,-0.404788,-31.7157,-0.864586,0.0,0.0,-94.833,-144.0,3.0,-0.857983,0.0,0.0,388.119,-22.5172,0.0,1.0726300000000001e-23,0.0,-1.05986e-22,0.0,0.0,0.0,0.0,0.0,0.0,0.0,2810.82,-14.6177,0.0,0.0,0.0,0.0,0.0,0.0,0.0,0.0,0.0,0.0,0.0,3785.53,-83.4882,0.0,0.0,0.0,0.0,0.0,0.0,0.0,0.0,0.0,0.0,0.0,7388.63,-42.0105,0.0,0.0,0.0,0.0,0.0,0.0,0.0,0.0,0.0,999.0,999.0,1.0,5.368283930643051,gaze,0.5553264772682719,0.5810558718467254,-27.25375739871807,-17.35400127986496,235.7631583761535,-36.27823901941211,-17.14820337784534,-31.82816261425895,0.0337056942821712,-0.0007686381845445,0.999431506091487,4.973133087158203,24.12555212906129,-16.68547744920204,-22.17298501023805,0.5804087507615249,0.5970362591872088,0.5537809921396637,4.186609268188477,-36.27823901941211,-17.14820337784534,-31.82816261425895,0.0337056942821712,-0.0007686381845445,0.999431506091487,4.973133087158203,1.3025166903200087,True,0.0,imu,-0.490485296,-9.430477044800002,2.4966897872,1.04687487,-1.39121527,-4.625395409999999,97.1204724,-37.94611160000001,133.6383368,388.119,-22.5172,False,0.9325241628859384,-0.3611075818006038,382.3991367107508,-25.34196605995473,4.699648606018752,-0.404788,False,inf
54.3205,11.0003,-0.896729,380.914,-24.9318,-0.0249086,-0.617794,-0.41883,547.453,-0.00424067,-0.617471,-172.93,-0.00119622,-0.0249086,-73.6591,-0.0918238,-0.010734,1.96858,-0.0907036,11.0293,-0.389478,1.97083,-0.41883,-29.8364,-0.904201,0.0,0.0,-97.209,-144.0,3.0,-0.857983,0.0,0.0,388.119,-22.5172,0.0,1.02397e-23,0.0,-1.01178e-22,0.0,0.0,0.0,0.0,0.0,0.0,0.0,2810.82,-14.6177,0.0,0.0,0.0,0.0,0.0,0.0,0.0,0.0,0.0,0.0,0.0,3785.53,-83.4882,0.0,0.0,0.0,0.0,0.0,0.0,0.0,0.0,0.0,0.0,0.0,7388.63,-42.0105,0.0,0.0,0.0,0.0,0.0,0.0,0.0,0.0,0.0,999.0,999.0,1.0,5.35949354323711,gaze,0.5553264772682719,0.5810558718467254,-27.25375739871807,-17.35400127986496,235.7631583761535,-36.27823901941211,-17.14820337784534,-31.82816261425895,0.0337056942821712,-0.0007686381845445,0.999431506091487,4.973133087158203,24.12555212906129,-16.68547744920204,-22.17298501023805,0.5804087507615249,0.5970362591872088,0.5537809921396637,4.186609268188477,-36.27823901941211,-17.14820337784534,-31.82816261425895,0.0337056942821712,-0.0007686381845445,0.999431506091487,4.973133087158203,1.3025166903200087,True,0.0,imu,-0.490485296,-9.430477044800002,2.4966897872,1.04687487,-1.39121527,-4.625395409999999,97.1204724,-37.94611160000001,133.6383368,388.119,-22.5172,False,0.9326126348128602,-0.3608790287442797,382.4080360447058,-25.34273222935149,4.696094182544321,-0.41883,False,inf
54.3365,10.9395,-0.981617,380.922,-24.9323,-0.0261017,-0.617105,-0.433535,557.773,-0.00441237,-0.616771,-172.635,0.000727616,-0.0261017,-82.73,-0.0955382,-0.0110934,2.00558,-0.0947272,10.9728,-0.464417,2.00799,-0.433535,-33.7641,-0.945831,0.0,0.0,-99.693,-162.0,3.0,-0.857983,0.0,0.0,388.119,-22.5172,0.0,9.76559e-24,0.0,-9.6493e-23,0.0,0.0,0.0,0.0,0.0,0.0,0.0,2810.82,-14.6177,0.0,0.0,0.0,0.0,0.0,0.0,0.0,0.0,0.0,0.0,0.0,3785.53,-83.4882,0.0,0.0,0.0,0.0,0.0,0.0,0.0,0.0,0.0,0.0,0.0,7388.63,-42.0105,0.0,0.0,0.0,0.0,0.0,0.0,0.0,0.0,0.0,999.0,999.0,1.0,5.351642559999674,gaze,0.5553264772682719,0.5810558718467254,-27.25375739871807,-17.35400127986496,235.7631583761535,-36.27823901941211,-17.14820337784534,-31.82816261425895,0.0337056942821712,-0.0007686381845445,0.999431506091487,4.973133087158203,24.12555212906129,-16.68547744920204,-22.17298501023805,0.5804087507615249,0.5970362591872088,0.5537809921396637,4.186609268188477,-36.27823901941211,-17.14820337784534,-31.82816261425895,0.0337056942821712,-0.0007686381845445,0.999431506091487,4.973133087158203,1.3025166903200087,True,0.0,imu,-0.490485296,-9.430477044800002,2.4966897872,1.04687487,-1.39121527,-4.625395409999999,97.1204724,-37.94611160000001,133.6383368,388.119,-22.5172,False,0.9327052239397048,-0.3606396612071188,382.4159305294707,-25.343615661159976,4.692965693881273,-0.4335349999999999,False,inf
54.3525,10.8301,-1.05554,380.931,-24.9328,-0.0273132,-0.616374,-0.448929,568.022,-0.000315154,-0.616029,-170.599,0.00563439,-0.0273132,-88.3188,-0.0961578,-0.0114805,2.04231,-0.0990825,10.8677,-0.529499,2.04488,-0.448929,-38.8966,-0.992084,0.0,0.0262535,-102.258,-162.0,3.0,-0.857983,0.0,0.0,388.119,-22.5172,0.0,9.327380000000001e-24,0.0,-9.21632e-23,0.0,0.0,0.0,0.0,0.0,0.0,0.0,2810.82,-14.6177,0.0,0.0,0.0,0.0,0.0,0.0,0.0,0.0,0.0,0.0,0.0,3785.53,-83.4882,0.0,0.0,0.0,0.0,0.0,0.0,0.0,0.0,0.0,0.0,0.0,7388.63,-42.0105,0.0,0.0,0.0,0.0,0.0,0.0,0.0,0.0,0.0,999.0,999.0,1.0,5.342827214125523,gaze,0.5553264772682719,0.5810558718467254,-27.25375739871807,-17.35400127986496,235.7631583761535,-36.27823901941211,-17.14820337784534,-31.82816261425895,0.0337056942821712,-0.0007686381845445,0.999431506091487,4.973133087158203,24.12555212906129,-16.68547744920204,-22.17298501023805,0.5804087507615249,0.5970362591872088,0.5537809921396637,4.186609268188477,-36.27823901941211,-17.14820337784534,-31.82816261425895,0.0337056942821712,-0.0007686381845445,0.999431506091487,4.973133087158203,1.3025166903200087,True,0.0,imu,-0.490485296,-9.430477044800002,2.4966897872,1.04687487,-1.39121527,-4.625395409999999,97.1204724,-37.94611160000001,133.6383368,388.119,-22.5172,False,0.9328020854902672,-0.3603890526986198,382.4248199649105,-25.34451702956597,4.6894473702626005,-0.4489289999999999,False,inf
54.3685,10.8534,-1.08719,380.94,-24.9333,-0.0285183,-0.615574,-0.465045,578.289,-0.000933038,-0.615216,-171.037,0.0088418,-0.0285183,-91.013,-0.099543,-0.0118922,2.0791,-0.103581,10.8932,-0.545802,2.08185,-0.465045,-39.5113,-1.03817,0.0,0.0624551,-104.904,-168.0,3.0,-0.857983,0.0,0.0,388.119,-22.5172,0.0,8.88918e-24,0.0,-8.78333e-23,0.0,0.0,0.0,0.0,0.0,0.0,0.0,2810.82,-14.6177,0.0,0.0,0.0,0.0,0.0,0.0,0.0,0.0,0.0,0.0,0.0,3785.53,-83.4882,0.0,0.0,0.0,0.0,0.0,0.0,0.0,0.0,0.0,0.0,0.0,7388.63,-42.0105,0.0,0.0,0.0,0.0,0.0,0.0,0.0,0.0,0.0,999.0,999.0,1.0,5.33401253185631,gaze,0.5553264772682719,0.5810558718467254,-27.25375739871807,-17.35400127986496,235.7631583761535,-36.27823901941211,-17.14820337784534,-31.82816261425895,0.0337056942821712,-0.0007686381845445,0.999431506091487,4.973133087158203,24.12555212906129,-16.68547744920204,-22.17298501023805,0.5804087507615249,0.5970362591872088,0.5537809921396637,4.186609268188477,-36.27823901941211,-17.14820337784534,-31.82816261425895,0.0337056942821712,-0.0007686381845445,0.999431506091487,4.973133087158203,1.3025166903200087,True,0.0,imu,-0.490485296,-9.430477044800002,2.4966897872,1.04687487,-1.39121527,-4.625395409999999,97.1204724,-37.94611160000001,133.6383368,388.119,-22.5172,False,0.9329034178348152,-0.3601266624288186,382.43370409918,-25.34543719086357,4.685898779486726,-0.465045,False,inf
54.3845,10.9648,-1.01935,380.95,-24.9338,-0.0298199,-0.61474,-0.481912,588.584,-0.00046148,-0.61437,-172.753,0.00880473,-0.0298199,-84.5382,-0.108285,-0.0123181,2.11597,-0.108177,11.0018,-0.458193,2.11891,-0.481912,-35.123,-1.08552,0.0,0.0887836,-107.586,-162.0,3.0,-0.857983,0.0,0.0,388.119,-22.5172,0.0,8.464210000000001e-24,0.0,-8.36342e-23,0.0,0.0,0.0,0.0,0.0,0.0,0.0,2810.82,-14.6177,0.0,0.0,0.0,0.0,0.0,0.0,0.0,0.0,0.0,0.0,0.0,3785.53,-83.4882,0.0,0.0,0.0,0.0,0.0,0.0,0.0,0.0,0.0,0.0,0.0,7388.63,-42.0105,0.0,0.0,0.0,0.0,0.0,0.0,0.0,0.0,0.0,999.0,999.0,1.0,5.324233864134843,gaze,0.5553264772682719,0.5810558718467254,-27.25375739871807,-17.35400127986496,235.7631583761535,-36.27823901941211,-17.14820337784534,-31.82816261425895,0.0337056942821712,-0.0007686381845445,0.999431506091487,4.973133087158203,24.12555212906129,-16.68547744920204,-22.17298501023805,0.5804087507615249,0.5970362591872088,0.5537809921396637,4.186609268188477,-36.27823901941211,-17.14820337784534,-31.82816261425895,0.0337056942821712,-0.0007686381845445,0.999431506091487,4.973133087158203,1.3025166903200087,True,0.0,imu,-0.490485296,-9.430477044800002,2.4966897872,1.04687487,-1.39121527,-4.625395409999999,97.1204724,-37.94611160000001,133.6383368,388.119,-22.5172,False,0.9330093931835418,-0.3598520143493422,382.4435827075807,-25.346376896609456,4.681958964464689,-0.481912,False,inf
54.4005,10.8817,-1.1015,380.959,-24.9344,-0.0312468,-0.613867,-0.499599,598.769,-0.00067506,-0.613483,-170.996,0.0134823,-0.0312468,-90.3379,-0.114585,-0.0127715,2.15242,-0.113234,10.9239,-0.528307,2.15557,-0.499599,-40.3131,-1.13967,0.0,0.134858,-110.322,-168.0,3.0,-0.857983,0.0,0.0,388.119,-22.5172,0.0,8.09345e-24,0.0,-7.997080000000001e-23,0.0,0.0,0.0,0.0,0.0,0.0,0.0,2810.82,-14.6177,0.0,0.0,0.0,0.0,0.0,0.0,0.0,0.0,0.0,0.0,0.0,3785.53,-83.4882,0.0,0.0,0.0,0.0,0.0,0.0,0.0,0.0,0.0,0.0,0.0,7388.63,-42.0105,0.0,0.0,0.0,0.0,0.0,0.0,0.0,0.0,0.0,999.0,999.0,1.0,5.3153942243261785,gaze,0.5553264772682719,0.5810558718467254,-27.25375739871807,-17.35400127986496,235.7631583761535,-36.27823901941211,-17.14820337784534,-31.82816261425895,0.0337056942821712,-0.0007686381845445,0.999431506091487,4.973133087158203,24.12555212906129,-16.68547744920204,-22.17298501023805,0.5804087507615249,0.5970362591872088,0.5537809921396637,4.186609268188477,-36.27823901941211,-17.14820337784534,-31.82816261425895,0.0337056942821712,-0.0007686381845445,0.999431506091487,4.973133087158203,1.3025166903200087,True,0.0,imu,-0.490485296,-9.430477044800002,2.4966897872,1.04687487,-1.39121527,-4.625395409999999,97.1204724,-37.94611160000001,133.6383368,388.119,-22.5172,False,0.9331204337428248,-0.3595639805814849,382.452455275422,-25.347437940526422,4.678438231971719,-0.499599,False,inf
54.4165,10.8285,-1.20091,380.969,-24.935,-0.0327131,-0.612907,-0.518152,608.899,0.00233921,-0.612509,-170.817,0.0198381,-0.0327131,-100.589,-0.117244,-0.0132462,2.18866,-0.118488,10.8767,-0.613788,2.19204,-0.518152,-42.7369,-1.19457,0.0,0.151314,-113.085,-180.0,3.0,-0.857983,0.0,0.0,388.119,-22.5172,0.0,7.7227e-24,0.0,-7.63074e-23,0.0,0.0,0.0,0.0,0.0,0.0,0.0,2810.82,-14.6177,0.0,0.0,0.0,0.0,0.0,0.0,0.0,0.0,0.0,0.0,0.0,3785.53,-83.4882,0.0,0.0,0.0,0.0,0.0,0.0,0.0,0.0,0.0,0.0,0.0,7388.63,-42.0105,0.0,0.0,0.0,0.0,0.0,0.0,0.0,0.0,0.0,999.0,999.0,1.0,5.305590730540775,gaze,0.5553264772682719,0.5810558718467254,-27.25375739871807,-17.35400127986496,235.7631583761535,-36.27823901941211,-17.14820337784534,-31.82816261425895,0.0337056942821712,-0.0007686381845445,0.999431506091487,4.973133087158203,24.12555212906129,-16.68547744920204,-22.17298501023805,0.5804087507615249,0.5970362591872088,0.5537809921396637,4.186609268188477,-36.27823901941211,-17.14820337784534,-31.82816261425895,0.0337056942821712,-0.0007686381845445,0.999431506091487,4.973133087158203,1.3025166903200087,True,0.0,imu,-0.490485296,-9.430477044800002,2.4966897872,1.04687487,-1.39121527,-4.625395409999999,97.1204724,-37.94611160000001,133.6383368,388.119,-22.5172,False,0.9332368155694564,-0.3592618071348251,382.4623214509251,-25.34852151601452,4.67452203338013,-0.518152,False,inf
54.4325,10.918,-1.13949,380.979,-24.9356,-0.0342252,-0.611866,-0.537596,619.104,-0.00121409,-0.611453,-171.931,0.02345,-0.0342252,-93.8827,-0.121293,-0.01374,2.22515,-0.123864,10.9637,-0.53091,2.22878,-0.537596,-38.1041,-1.25016,0.0,0.184224,-115.884,-180.0,3.0,-0.857983,0.0,0.0,388.119,-22.5172,0.0,7.355470000000001e-24,0.0,-7.26789e-23,0.0,0.0,0.0,0.0,0.0,0.0,0.0,2810.82,-14.6177,0.0,0.0,0.0,0.0,0.0,0.0,0.0,0.0,0.0,0.0,0.0,3785.53,-83.4882,0.0,0.0,0.0,0.0,0.0,0.0,0.0,0.0,0.0,0.0,0.0,7388.63,-42.0105,0.0,0.0,0.0,0.0,0.0,0.0,0.0,0.0,0.0,999.0,999.0,1.0,5.295788039565054,gaze,0.5553264772682719,0.5810558718467254,-27.25375739871807,-17.35400127986496,235.7631583761535,-36.27823901941211,-17.14820337784534,-31.82816261425895,0.0337056942821712,-0.0007686381845445,0.999431506091487,4.973133087158203,24.12555212906129,-16.68547744920204,-22.17298501023805,0.5804087507615249,0.5970362591872088,0.5537809921396637,4.186609268188477,-36.27823901941211,-17.14820337784534,-31.82816261425895,0.0337056942821712,-0.0007686381845445,0.999431506091487,4.973133087158203,1.3025166903200087,True,0.0,imu,-0.490485296,-9.430477044800002,2.4966897872,1.04687487,-1.39121527,-4.625395409999999,97.1204724,-37.94611160000001,133.6383368,388.119,-22.5172,False,0.9333586815689724,-0.3589450815094552,382.47218103152335,-25.349628268477964,4.670569409214279,-0.537596,False,inf
54.4485,10.7993,-1.25225,380.988,-24.9363,-0.0358621,-0.610766,-0.557975,629.138,-0.000331101,-0.610338,-170.618,0.028013,-0.0358621,-105.202,-0.131054,-0.0142527,2.26101,-0.1295,10.8523,-0.632678,2.2649,-0.557975,-46.0443,-1.31269,0.0,0.210553,-118.71,-180.0,3.0,-0.857983,0.0,0.0,388.119,-22.5172,0.0,7.035030000000001e-24,0.0,-6.95126e-23,0.0,0.0,0.0,0.0,0.0,0.0,0.0,2810.82,-14.6177,0.0,0.0,0.0,0.0,0.0,0.0,0.0,0.0,0.0,0.0,0.0,3785.53,-83.4882,0.0,0.0,0.0,0.0,0.0,0.0,0.0,0.0,0.0,0.0,0.0,7388.63,-42.0105,0.0,0.0,0.0,0.0,0.0,0.0,0.0,0.0,0.0,999.0,999.0,1.0,5.2869239156621255,gaze,0.5553264772682719,0.5810558718467254,-27.25375739871807,-17.35400127986496,235.7631583761535,-36.27823901941211,-17.14820337784534,-31.82816261425895,0.0337056942821712,-0.0007686381845445,0.999431506091487,4.973133087158203,24.12555212906129,-16.68547744920204,-22.17298501023805,0.5804087507615249,0.5970362591872088,0.5537809921396637,4.186609268188477,-36.27823901941211,-17.14820337784534,-31.82816261425895,0.0337056942821712,-0.0007686381845445,0.999431506091487,4.973133087158203,1.3025166903200087,True,0.0,imu,-0.490485296,-9.430477044800002,2.4966897872,1.04687487,-1.39121527,-4.625395409999999,97.1204724,-37.94611160000001,133.6383368,388.119,-22.5172,False,0.933486292346556,-0.3586130811906898,382.4810336752333,-25.35085933787494,4.667030624460002,-0.557975,False,inf
54.4645,10.8886,-1.25769,380.999,-24.937,-0.0375956,-0.60961,-0.579324,639.26,0.000578968,-0.609166,-172.2,0.0306964,-0.0375956,-105.418,-0.136945,-0.0147863,2.29718,-0.135252,10.9428,-0.615526,2.30134,-0.579324,-44.3936,-1.37395,0.0,0.227008,-121.563,-168.0,3.0,-0.857983,0.0,0.0,388.119,-22.5172,0.0,6.714590000000001e-24,0.0,-6.63464e-23,0.0,0.0,0.0,0.0,0.0,0.0,0.0,2810.82,-14.6177,0.0,0.0,0.0,0.0,0.0,0.0,0.0,0.0,0.0,0.0,0.0,3785.53,-83.4882,0.0,0.0,0.0,0.0,0.0,0.0,0.0,0.0,0.0,0.0,0.0,7388.63,-42.0105,0.0,0.0,0.0,0.0,0.0,0.0,0.0,0.0,0.0,999.0,999.0,1.0,5.276132011237009,gaze,0.5553264772682719,0.5810558718467254,-27.25375739871807,-17.35400127986496,235.7631583761535,-36.27823901941211,-17.14820337784534,-31.82816261425895,0.0337056942821712,-0.0007686381845445,0.999431506091487,4.973133087158203,24.12555212906129,-16.68547744920204,-22.17298501023805,0.5804087507615249,0.5970362591872088,0.5537809921396637,4.186609268188477,-36.27823901941211,-17.14820337784534,-31.82816261425895,0.0337056942821712,-0.0007686381845445,0.999431506091487,4.973133087158203,1.3025166903200087,True,0.0,imu,-0.490485296,-9.430477044800002,2.4966897872,1.04687487,-1.39121527,-4.625395409999999,97.1204724,-37.94611160000001,133.6383368,388.119,-22.5172,False,0.933619850484393,-0.3582652296574423,382.491879102495,-25.352115628872035,4.662735266218213,-0.579324,False,inf
54.4805,10.9283,-1.2504,381.009,-24.9377,-0.0394223,-0.608391,-0.601686,649.329,4.39835e-05,-0.60793,-171.808,0.0353718,-0.0394223,-101.486,-0.140719,-0.0153433,2.33313,-0.141346,10.9834,-0.587253,2.33759,-0.601686,-42.6115,-1.43734,0.0,0.256627,-124.434,-180.0,3.0,-0.857983,0.0,0.0,388.119,-22.5172,0.0,6.39415e-24,0.0,-6.31801e-23,0.0,0.0,0.0,0.0,0.0,0.0,0.0,2810.82,-14.6177,0.0,0.0,0.0,0.0,0.0,0.0,0.0,0.0,0.0,0.0,0.0,3785.53,-83.4882,0.0,0.0,0.0,0.0,0.0,0.0,0.0,0.0,0.0,0.0,0.0,7388.63,-42.0105,0.0,0.0,0.0,0.0,0.0,0.0,0.0,0.0,0.0,999.0,999.0,1.0,5.2663051079480745,gaze,0.5553264772682719,0.5810558718467254,-27.25375739871807,-17.35400127986496,235.7631583761535,-36.27823901941211,-17.14820337784534,-31.82816261425895,0.0337056942821712,-0.0007686381845445,0.999431506091487,4.973133087158203,24.12555212906129,-16.68547744920204,-22.17298501023805,0.5804087507615249,0.5970362591872088,0.5537809921396637,4.186609268188477,-36.27823901941211,-17.14820337784534,-31.82816261425895,0.0337056942821712,-0.0007686381845445,0.999431506091487,4.973133087158203,1.3025166903200087,True,0.0,imu,-0.490485296,-9.430477044800002,2.4966897872,1.04687487,-1.39121527,-4.625395409999999,97.1204724,-37.94611160000001,133.6383368,388.119,-22.5172,False,0.9337596068986378,-0.3579008193962419,382.5017169730987,-25.3533982538128,4.658757564675415,-0.601686,False,inf
54.4965,10.784,-1.37593,381.019,-24.9384,-0.0412839,-0.607094,-0.625081,659.326,0.00268093,-0.606615,-170.255,0.0404523,-0.0412839,-114.421,-0.146858,-0.0159234,2.36879,-0.147668,10.8478,-0.7023,2.37358,-0.625081,-48.9801,-1.50395,0.0,0.279665,-127.323,-180.0,3.0,-0.857983,0.0,0.0,388.119,-22.5172,0.0,6.11981e-24,0.0,-6.04694e-23,0.0,0.0,0.0,0.0,0.0,0.0,0.0,2810.82,-14.6177,0.0,0.0,0.0,0.0,0.0,0.0,0.0,0.0,0.0,0.0,0.0,3785.53,-83.4882,0.0,0.0,0.0,0.0,0.0,0.0,0.0,0.0,0.0,0.0,0.0,7388.63,-42.0105,0.0,0.0,0.0,0.0,0.0,0.0,0.0,0.0,0.0,999.0,999.0,1.0,5.256478950780652,gaze,0.5553264772682719,0.5810558718467254,-27.25375739871807,-17.35400127986496,235.7631583761535,-36.27823901941211,-17.14820337784534,-31.82816261425895,0.0337056942821712,-0.0007686381845445,0.999431506091487,4.973133087158203,24.12555212906129,-16.68547744920204,-22.17298501023805,0.5804087507615249,0.5970362591872088,0.5537809921396637,4.186609268188477,-36.27823901941211,-17.14820337784534,-31.82816261425895,0.0337056942821712,-0.0007686381845445,0.999431506091487,4.973133087158203,1.3025166903200087,True,0.0,imu,-0.490485296,-9.430477044800002,2.4966897872,1.04687487,-1.39121527,-4.625395409999999,97.1204724,-37.94611160000001,133.6383368,388.119,-22.5172,False,0.9339056670373256,-0.3575195170554576,382.5115471108479,-25.35470772500604,4.654738393486247,-0.625081,False,inf
54.5125,10.7646,-1.3987,381.03,-24.9392,-0.0431744,-0.60572,-0.649538,669.31,0.000202849,-0.605223,-170.027,0.0458177,-0.0431744,-116.173,-0.146345,-0.0165293,2.4044,-0.154088,10.8311,-0.707382,2.40952,-0.649538,-50.8627,-1.57214,0.0,0.319158,-130.23,-180.0,3.0,-0.857983,0.0,0.0,388.119,-22.5172,0.0,5.8482200000000015e-24,0.0,-5.778590000000001e-23,0.0,0.0,0.0,0.0,0.0,0.0,0.0,2810.82,-14.6177,0.0,0.0,0.0,0.0,0.0,0.0,0.0,0.0,0.0,0.0,0.0,3785.53,-83.4882,0.0,0.0,0.0,0.0,0.0,0.0,0.0,0.0,0.0,0.0,0.0,7388.63,-42.0105,0.0,0.0,0.0,0.0,0.0,0.0,0.0,0.0,0.0,999.0,999.0,1.0,5.245663050559044,gaze,0.5553264772682719,0.5810558718467254,-27.25375739871807,-17.35400127986496,235.7631583761535,-36.27823901941211,-17.14820337784534,-31.82816261425895,0.0337056942821712,-0.0007686381845445,0.999431506091487,4.973133087158203,24.12555212906129,-16.68547744920204,-22.17298501023805,0.5804087507615249,0.5970362591872088,0.5537809921396637,4.186609268188477,-36.27823901941211,-17.14820337784534,-31.82816261425895,0.0337056942821712,-0.0007686381845445,0.999431506091487,4.973133087158203,1.3025166903200087,True,0.0,imu,-0.490485296,-9.430477044800002,2.4966897872,1.04687487,-1.39121527,-4.625395409999999,97.1204724,-37.94611160000001,133.6383368,388.119,-22.5172,False,0.9340581910074686,-0.3571208420294948,382.5223692717713,-25.356144788518375,4.650413111726747,-0.6495380000000001,False,inf
54.5285,10.8118,-1.40939,381.04,-24.9401,-0.0450649,-0.604272,-0.675084,679.317,0.000716875,-0.603756,-170.072,0.0497489,-0.0450649,-114.401,-0.149253,-0.0171578,2.44006,-0.160849,10.8805,-0.695153,2.44555,-0.675084,-49.1507,-1.64107,0.0,0.332322,-133.146,-180.0,3.0,-0.857983,0.0,0.0,388.119,-22.5172,0.0,5.5766400000000014e-24,0.0,-5.51023e-23,0.0,0.0,0.0,0.0,0.0,0.0,0.0,2810.82,-14.6177,0.0,0.0,0.0,0.0,0.0,0.0,0.0,0.0,0.0,0.0,0.0,3785.53,-83.4882,0.0,0.0,0.0,0.0,0.0,0.0,0.0,0.0,0.0,0.0,0.0,7388.63,-42.0105,0.0,0.0,0.0,0.0,0.0,0.0,0.0,0.0,0.0,999.0,999.0,1.0,5.235785099677021,gaze,0.5553264772682719,0.5810558718467254,-27.25375739871807,-17.35400127986496,235.7631583761535,-36.27823901941211,-17.14820337784534,-31.82816261425895,0.0337056942821712,-0.0007686381845445,0.999431506091487,4.973133087158203,24.12555212906129,-16.68547744920204,-22.17298501023805,0.5804087507615249,0.5970362591872088,0.5537809921396637,4.186609268188477,-36.27823901941211,-17.14820337784534,-31.82816261425895,0.0337056942821712,-0.0007686381845445,0.999431506091487,4.973133087158203,1.3025166903200087,True,0.0,imu,-0.490485296,-9.430477044800002,2.4966897872,1.04687487,-1.39121527,-4.625395409999999,97.1204724,-37.94611160000001,133.6383368,388.119,-22.5172,False,0.9342173247054656,-0.3567043456704205,382.53218322368303,-25.357710137519295,4.646495604048714,-0.6750840000000001,False,inf
54.5445,10.8685,-1.40071,381.051,-24.9409,-0.0469748,-0.602757,-0.701755,689.293,0.000828897,-0.602222,-171.131,0.0535861,-0.0469748,-113.906,-0.148755,-0.017806,2.47559,-0.167675,10.9377,-0.663041,2.48146,-0.701755,-49.0738,-1.71159,0.0,0.35865,-136.053,-180.0,3.0,-0.857983,0.0,0.0,388.119,-22.5172,0.0,5.333e-24,0.0,-5.2695e-23,0.0,0.0,0.0,0.0,0.0,0.0,0.0,2810.82,-14.6177,0.0,0.0,0.0,0.0,0.0,0.0,0.0,0.0,0.0,0.0,0.0,3785.53,-83.4882,0.0,0.0,0.0,0.0,0.0,0.0,0.0,0.0,0.0,0.0,0.0,7388.63,-42.0105,0.0,0.0,0.0,0.0,0.0,0.0,0.0,0.0,0.0,999.0,999.0,1.0,5.224970833411442,gaze,0.5553264772682719,0.5810558718467254,-27.25375739871807,-17.35400127986496,235.7631583761535,-36.27823901941211,-17.14820337784534,-31.82816261425895,0.0337056942821712,-0.0007686381845445,0.999431506091487,4.973133087158203,24.12555212906129,-16.68547744920204,-22.17298501023805,0.5804087507615249,0.5970362591872088,0.5537809921396637,4.186609268188477,-36.27823901941211,-17.14820337784534,-31.82816261425895,0.0337056942821712,-0.0007686381845445,0.999431506091487,4.973133087158203,1.3025166903200087,True,0.0,imu,-0.490485296,-9.430477044800002,2.4966897872,1.04687487,-1.39121527,-4.625395409999999,97.1204724,-37.94611160000001,133.6383368,388.119,-22.5172,False,0.9343832682018844,-0.3562694318972168,382.5429886658536,-25.35920469871193,4.642084028896378,-0.701755,False,inf
54.5605,10.9318,-1.37873,381.062,-24.9418,-0.0489423,-0.601228,-0.729531,699.227,0.000521791,-0.600673,-172.386,0.0507309,-0.0489423,-112.634,-0.156956,-0.0184648,2.511,-0.174136,11.0003,-0.619119,2.51722,-0.729531,-45.6726,-1.77833,0.0,0.381688,-138.96,-180.0,3.0,-0.857983,0.0,0.0,388.119,-22.5172,0.0,5.09833e-24,0.0,-5.037630000000001e-23,0.0,0.0,0.0,0.0,0.0,0.0,0.0,2810.82,-14.6177,0.0,0.0,0.0,0.0,0.0,0.0,0.0,0.0,0.0,0.0,0.0,3785.53,-83.4882,0.0,0.0,0.0,0.0,0.0,0.0,0.0,0.0,0.0,0.0,0.0,7388.63,-42.0105,0.0,0.0,0.0,0.0,0.0,0.0,0.0,0.0,0.0,999.0,999.0,1.0,5.214130707989588,gaze,0.5553264772682719,0.5810558718467254,-27.25375739871807,-17.35400127986496,235.7631583761535,-36.27823901941211,-17.14820337784534,-31.82816261425895,0.0337056942821712,-0.0007686381845445,0.999431506091487,4.973133087158203,24.12555212906129,-16.68547744920204,-22.17298501023805,0.5804087507615249,0.5970362591872088,0.5537809921396637,4.186609268188477,-36.27823901941211,-17.14820337784534,-31.82816261425895,0.0337056942821712,-0.0007686381845445,0.999431506091487,4.973133087158203,1.3025166903200087,True,0.0,imu,-0.490485296,-9.430477044800002,2.4966897872,1.04687487,-1.39121527,-4.625395409999999,97.1204724,-37.94611160000001,133.6383368,388.119,-22.5172,False,0.9345558716388336,-0.3558164172510593,382.5537857036807,-25.360827939753555,4.637723800003655,-0.729531,False,inf
54.5765,10.7808,-1.51952,381.074,-24.9427,-0.0511357,-0.599778,-0.758418,709.151,-0.00590509,-0.599203,-170.554,0.0463224,-0.0511357,-126.217,-0.171958,-0.0191275,2.54635,-0.180881,10.8605,-0.751786,2.55295,-0.758418,-53.2828,-1.85112,0.0,0.384979,-141.813,-168.0,3.0,-0.857983,0.0,0.0,388.119,-22.5172,0.0,4.8636700000000014e-24,0.0,-4.80575e-23,0.0,0.0,0.0,0.0,0.0,0.0,0.0,2810.82,-14.6177,0.0,0.0,0.0,0.0,0.0,0.0,0.0,0.0,0.0,0.0,0.0,3785.53,-83.4882,0.0,0.0,0.0,0.0,0.0,0.0,0.0,0.0,0.0,0.0,0.0,7388.63,-42.0105,0.0,0.0,0.0,0.0,0.0,0.0,0.0,0.0,0.0,999.0,999.0,1.0,5.202327987545576,gaze,0.5553264772682719,0.5810558718467254,-27.25375739871807,-17.35400127986496,235.7631583761535,-36.27823901941211,-17.14820337784534,-31.82816261425895,0.0337056942821712,-0.0007686381845445,0.999431506091487,4.973133087158203,24.12555212906129,-16.68547744920204,-22.17298501023805,0.5804087507615249,0.5970362591872088,0.5537809921396637,4.186609268188477,-36.27823901941211,-17.14820337784534,-31.82816261425895,0.0337056942821712,-0.0007686381845445,0.999431506091487,4.973133087158203,1.3025166903200087,True,0.0,imu,-0.490485296,-9.430477044800002,2.4966897872,1.04687487,-1.39121527,-4.625395409999999,97.1204724,-37.94611160000001,133.6383368,388.119,-22.5172,False,0.9347351459769524,-0.3553451939670008,382.5655742514077,-25.36248000492817,4.632966370566704,-0.758418,False,inf
54.5925,10.7902,-1.56952,381.085,-24.9437,-0.0534861,-0.598344,-0.7885,718.972,0.000981597,-0.597749,-170.688,0.048773,-0.0534861,-130.52,-0.178246,-0.0198047,2.58128,-0.188001,10.8749,-0.781543,2.5883,-0.7885,-54.871,-1.92803,0.0,0.411307,-144.621,-168.0,3.0,-0.857983,0.0,0.0,388.119,-22.5172,0.0,4.6399200000000006e-24,0.0,-4.58467e-23,0.0,0.0,0.0,0.0,0.0,0.0,0.0,2810.82,-14.6177,0.0,0.0,0.0,0.0,0.0,0.0,0.0,0.0,0.0,0.0,0.0,3785.53,-83.4882,0.0,0.0,0.0,0.0,0.0,0.0,0.0,0.0,0.0,0.0,0.0,7388.63,-42.0105,0.0,0.0,0.0,0.0,0.0,0.0,0.0,0.0,0.0,999.0,999.0,1.0,5.191462789041286,gaze,0.5553264772682719,0.5810558718467254,-27.25375739871807,-17.35400127986496,235.7631583761535,-36.27823901941211,-17.14820337784534,-31.82816261425895,0.0337056942821712,-0.0007686381845445,0.999431506091487,4.973133087158203,24.12555212906129,-16.68547744920204,-22.17298501023805,0.5804087507615249,0.5970362591872088,0.5537809921396637,4.186609268188477,-36.27823901941211,-17.14820337784534,-31.82816261425895,0.0337056942821712,-0.0007686381845445,0.999431506091487,4.973133087158203,1.3025166903200087,True,0.0,imu,-0.490485296,-9.430477044800002,2.4966897872,1.04687487,-1.39121527,-4.625395409999999,97.1204724,-37.94611160000001,133.6383368,388.119,-22.5172,False,0.9349215840033532,-0.3548543810701241,382.5763536487637,-25.364263068182712,4.628613053921397,-0.7885,False,inf
54.6085,10.7714,-1.60459,381.096,-24.9447,-0.0558921,-0.596877,-0.819792,728.796,0.00752163,-0.596262,-168.718,0.0514893,-0.0558921,-127.809,-0.185039,-0.0204793,2.6162,-0.195381,10.8607,-0.79792,2.62367,-0.819792,-55.902,-2.00617,0.0,0.424471,-147.339,-162.0,3.0,-0.857983,0.0,0.0,388.119,-22.5172,0.0,4.42446e-24,0.0,-4.37178e-23,0.0,0.0,0.0,0.0,0.0,0.0,0.0,2810.82,-14.6177,0.0,0.0,0.0,0.0,0.0,0.0,0.0,0.0,0.0,0.0,0.0,3785.53,-83.4882,0.0,0.0,0.0,0.0,0.0,0.0,0.0,0.0,0.0,0.0,0.0,7388.63,-42.0105,0.0,0.0,0.0,0.0,0.0,0.0,0.0,0.0,0.0,999.0,999.0,1.0,5.180598352507178,gaze,0.5553264772682719,0.5810558718467254,-27.25375739871807,-17.35400127986496,235.7631583761535,-36.27823901941211,-17.14820337784534,-31.82816261425895,0.0337056942821712,-0.0007686381845445,0.999431506091487,4.973133087158203,24.12555212906129,-16.68547744920204,-22.17298501023805,0.5804087507615249,0.5970362591872088,0.5537809921396637,4.186609268188477,-36.27823901941211,-17.14820337784534,-31.82816261425895,0.0337056942821712,-0.0007686381845445,0.999431506091487,4.973133087158203,1.3025166903200087,True,0.0,imu,-0.490485296,-9.430477044800002,2.4966897872,1.04687487,-1.39121527,-4.625395409999999,97.1204724,-37.94611160000001,133.6383368,388.119,-22.5172,False,0.9351152477233368,-0.3543437222180217,382.5871237364968,-25.366077505873,4.62421442069712,-0.819792,False,inf
54.6245,10.8604,-1.50265,381.108,-24.9458,-0.0582428,-0.595337,-0.852299,738.652,0.00116991,-0.594702,-170.27,0.0566516,-0.0582428,-119.641,-0.175421,-0.0211505,2.65123,-0.202618,10.9429,-0.670673,2.65915,-0.852299,-48.8596,-2.07937,0.0,0.434345,-149.949,-162.0,3.0,-0.857983,0.0,0.0,388.119,-22.5172,0.0,4.209e-24,0.0,-4.15888e-23,0.0,0.0,0.0,0.0,0.0,0.0,0.0,2810.82,-14.6177,0.0,0.0,0.0,0.0,0.0,0.0,0.0,0.0,0.0,0.0,0.0,3785.53,-83.4882,0.0,0.0,0.0,0.0,0.0,0.0,0.0,0.0,0.0,0.0,0.0,7388.63,-42.0105,0.0,0.0,0.0,0.0,0.0,0.0,0.0,0.0,0.0,999.0,999.0,1.0,5.16874466771189,gaze,0.5553264772682719,0.5810558718467254,-27.25375739871807,-17.35400127986496,235.7631583761535,-36.27823901941211,-17.14820337784534,-31.82816261425895,0.0337056942821712,-0.0007686381845445,0.999431506091487,4.973133087158203,24.12555212906129,-16.68547744920204,-22.17298501023805,0.5804087507615249,0.5970362591872088,0.5537809921396637,4.186609268188477,-36.27823901941211,-17.14820337784534,-31.82816261425895,0.0337056942821712,-0.0007686381845445,0.999431506091487,4.973133087158203,1.3025166903200087,True,0.0,imu,-0.490485296,-9.430477044800002,2.4966897872,1.04687487,-1.39121527,-4.625395409999999,97.1204724,-37.94611160000001,133.6383368,388.119,-22.5172,False,0.935316135602012,-0.3538131236719731,382.5988844262309,-25.368023433293565,4.619510491097367,-0.8522990000000001,False,inf
54.6405,10.8377,-1.50781,381.12,-24.9469,-0.0605196,-0.593701,-0.886032,748.46,0.00157824,-0.593045,-170.503,0.0624,-0.0605196,-122.136,-0.169405,-0.0218086,2.68605,-0.210151,10.9218,-0.657847,2.69446,-0.886032,-51.0943,-2.15486,0.0,0.444218,-152.442,-162.0,3.0,-0.857983,0.0,0.0,388.119,-22.5172,0.0,4.0143500000000005e-24,0.0,-3.9665500000000004e-23,0.0,0.0,0.0,0.0,0.0,0.0,0.0,2810.82,-14.6177,0.0,0.0,0.0,0.0,0.0,0.0,0.0,0.0,0.0,0.0,0.0,3785.53,-83.4882,0.0,0.0,0.0,0.0,0.0,0.0,0.0,0.0,0.0,0.0,0.0,7388.63,-42.0105,0.0,0.0,0.0,0.0,0.0,0.0,0.0,0.0,0.0,999.0,999.0,1.0,5.156891894348774,gaze,0.5553264772682719,0.5810558718467254,-27.25375739871807,-17.35400127986496,235.7631583761535,-36.27823901941211,-17.14820337784534,-31.82816261425895,0.0337056942821712,-0.0007686381845445,0.999431506091487,4.973133087158203,24.12555212906129,-16.68547744920204,-22.17298501023805,0.5804087507615249,0.5970362591872088,0.5537809921396637,4.186609268188477,-36.27823901941211,-17.14820337784534,-31.82816261425895,0.0337056942821712,-0.0007686381845445,0.999431506091487,4.973133087158203,1.3025166903200087,True,0.0,imu,-0.490485296,-9.430477044800002,2.4966897872,1.04687487,-1.39121527,-4.625395409999999,97.1204724,-37.94611160000001,133.6383368,388.119,-22.5172,False,0.9355242816408896,-0.3532623932154357,382.61063558299793,-25.370001121128787,4.614762716161235,-0.886032,False,inf
54.6565,10.5142,-1.76078,381.132,-24.948,-0.0626113,-0.591946,-0.920971,758.003,0.00258955,-0.59127,-165.583,0.0730834,-0.0626113,-144.205,-0.156701,-0.0224631,2.71992,-0.217658,10.6205,-0.916428,2.72882,-0.920971,-66.057,-2.23376,0.0,0.4508,-154.827,-144.0,3.0,-0.857983,0.0,0.0,388.119,-22.5172,0.0,3.8354900000000014e-24,0.0,-3.78982e-23,0.0,0.0,0.0,0.0,0.0,0.0,0.0,2810.82,-14.6177,0.0,0.0,0.0,0.0,0.0,0.0,0.0,0.0,0.0,0.0,0.0,3785.53,-83.4882,0.0,0.0,0.0,0.0,0.0,0.0,0.0,0.0,0.0,0.0,0.0,7388.63,-42.0105,0.0,0.0,0.0,0.0,0.0,0.0,0.0,0.0,0.0,999.0,999.0,1.0,5.145040038716908,gaze,0.5553264772682719,0.5810558718467254,-27.25375739871807,-17.35400127986496,235.7631583761535,-36.27823901941211,-17.14820337784534,-31.82816261425895,0.0337056942821712,-0.0007686381845445,0.999431506091487,4.973133087158203,24.12555212906129,-16.68547744920204,-22.17298501023805,0.5804087507615249,0.5970362591872088,0.5537809921396637,4.186609268188477,-36.27823901941211,-17.14820337784534,-31.82816261425895,0.0337056942821712,-0.0007686381845445,0.999431506091487,4.973133087158203,1.3025166903200087,True,0.0,imu,-0.490485296,-9.430477044800002,2.4966897872,1.04687487,-1.39121527,-4.625395409999999,97.1204724,-37.94611160000001,133.6383368,388.119,-22.5172,False,0.9357395273019048,-0.3526918443128615,382.6223772985503,-25.372010032859997,4.60997258875139,-0.920971,False,inf
54.6725,10.5343,-1.82019,381.144,-24.9492,-0.0644836,-0.590069,-0.957089,767.731,0.00837933,-0.589375,-166.067,0.0797439,-0.0644836,-149.529,-0.147261,-0.0231006,2.75443,-0.225246,10.647,-0.955507,2.76384,-0.957089,-65.7414,-2.30736,0.0,0.4508,-157.095,-132.0,3.0,-0.857983,0.0,0.0,388.119,-22.5172,0.0,3.65664e-24,0.0,-3.6131e-23,0.0,0.0,0.0,0.0,0.0,0.0,0.0,2810.82,-14.6177,0.0,0.0,0.0,0.0,0.0,0.0,0.0,0.0,0.0,0.0,0.0,3785.53,-83.4882,0.0,0.0,0.0,0.0,0.0,0.0,0.0,0.0,0.0,0.0,0.0,7388.63,-42.0105,0.0,0.0,0.0,0.0,0.0,0.0,0.0,0.0,0.0,999.0,999.0,1.0,5.133162070303261,gaze,0.5553264772682719,0.5810558718467254,-27.25375739871807,-17.35400127986496,235.7631583761535,-36.27823901941211,-17.14820337784534,-31.82816261425895,0.0337056942821712,-0.0007686381845445,0.999431506091487,4.973133087158203,24.12555212906129,-16.68547744920204,-22.17298501023805,0.5804087507615249,0.5970362591872088,0.5537809921396637,4.186609268188477,-36.27823901941211,-17.14820337784534,-31.82816261425895,0.0337056942821712,-0.0007686381845445,0.999431506091487,4.973133087158203,1.3025166903200087,True,0.0,imu,-0.490485296,-9.430477044800002,2.4966897872,1.04687487,-1.39121527,-4.625395409999999,97.1204724,-37.94611160000001,133.6383368,388.119,-22.5172,False,0.9359616705529804,-0.3521019046464738,382.63410971584295,-25.374149449641347,4.605235495400376,-0.957089,False,inf
54.6885,10.755,-1.61983,381.156,-24.9504,-0.0660826,-0.588098,-0.994325,777.594,-0.00404973,-0.587385,-169.198,0.0827367,-0.0660826,-130.938,-0.127112,-0.0237305,2.78946,-0.232435,10.8519,-0.721114,2.79934,-0.994325,-52.9907,-2.37213,0.0,0.457382,-159.264,-132.0,3.0,-0.857983,0.0,0.0,388.119,-22.5172,0.0,3.48994e-24,0.0,-3.44839e-23,0.0,0.0,0.0,0.0,0.0,0.0,0.0,2810.82,-14.6177,0.0,0.0,0.0,0.0,0.0,0.0,0.0,0.0,0.0,0.0,0.0,3785.53,-83.4882,0.0,0.0,0.0,0.0,0.0,0.0,0.0,0.0,0.0,0.0,0.0,7388.63,-42.0105,0.0,0.0,0.0,0.0,0.0,0.0,0.0,0.0,0.0,999.0,999.0,1.0,5.121284952040852,gaze,0.5553264772682719,0.5810558718467254,-27.25375739871807,-17.35400127986496,235.7631583761535,-36.27823901941211,-17.14820337784534,-31.82816261425895,0.0337056942821712,-0.0007686381845445,0.999431506091487,4.973133087158203,24.12555212906129,-16.68547744920204,-22.17298501023805,0.5804087507615249,0.5970362591872088,0.5537809921396637,4.186609268188477,-36.27823901941211,-17.14820337784534,-31.82816261425895,0.0337056942821712,-0.0007686381845445,0.999431506091487,4.973133087158203,1.3025166903200087,True,0.0,imu,-0.490485296,-9.430477044800002,2.4966897872,1.04687487,-1.39121527,-4.625395409999999,97.1204724,-37.94611160000001,133.6383368,388.119,-22.5172,False,0.9361903006699934,-0.351493557453657,382.64583323044457,-25.376317768428493,4.600461181644175,-0.994325,False,inf
54.7045,10.8475,-1.66012,381.169,-24.9517,-0.0674835,-0.586038,-1.03271,787.156,0.00197628,-0.585306,-171.322,0.0877317,-0.0674835,-136.0,-0.115061,-0.0243499,2.82339,-0.239727,10.9485,-0.736391,2.83377,-1.03271,-54.9067,-2.44429,0.0,0.454091,-161.352,-132.0,3.0,-0.857983,0.0,0.0,388.119,-22.5172,0.0,3.33847e-24,0.0,-3.29872e-23,0.0,0.0,0.0,0.0,0.0,0.0,0.0,2810.82,-14.6177,0.0,0.0,0.0,0.0,0.0,0.0,0.0,0.0,0.0,0.0,0.0,3785.53,-83.4882,0.0,0.0,0.0,0.0,0.0,0.0,0.0,0.0,0.0,0.0,0.0,7388.63,-42.0105,0.0,0.0,0.0,0.0,0.0,0.0,0.0,0.0,0.0,999.0,999.0,1.0,5.10841904017283,gaze,0.5553264772682719,0.5810558718467254,-27.25375739871807,-17.35400127986496,235.7631583761535,-36.27823901941211,-17.14820337784534,-31.82816261425895,0.0337056942821712,-0.0007686381845445,0.999431506091487,4.973133087158203,24.12555212906129,-16.68547744920204,-22.17298501023805,0.5804087507615249,0.5970362591872088,0.5537809921396637,4.186609268188477,-36.27823901941211,-17.14820337784534,-31.82816261425895,0.0337056942821712,-0.0007686381845445,0.999431506091487,4.973133087158203,1.3025166903200087,True,0.0,imu,-0.490485296,-9.430477044800002,2.4966897872,1.04687487,-1.39121527,-4.625395409999999,97.1204724,-37.94611160000001,133.6383368,388.119,-22.5172,False,0.9364255717816836,-0.3508662829531319,382.6585475548049,-25.378615778549754,4.595391559221539,-1.03271,False,inf
54.7205,10.7851,-1.69892,381.181,-24.953,-0.0687097,-0.583932,-1.07224,796.665,-0.00365309,-0.583182,-169.645,0.0911009,-0.0687097,-136.867,-0.106643,-0.0249622,2.85711,-0.247107,10.891,-0.763249,2.868,-1.07224,-55.0549,-2.51689,0.0,0.457382,-163.368,-126.0,3.0,-0.857983,0.0,0.0,388.119,-22.5172,0.0,3.187e-24,0.0,-3.1490500000000004e-23,0.0,0.0,0.0,0.0,0.0,0.0,0.0,2810.82,-14.6177,0.0,0.0,0.0,0.0,0.0,0.0,0.0,0.0,0.0,0.0,0.0,3785.53,-83.4882,0.0,0.0,0.0,0.0,0.0,0.0,0.0,0.0,0.0,0.0,0.0,7388.63,-42.0105,0.0,0.0,0.0,0.0,0.0,0.0,0.0,0.0,0.0,999.0,999.0,1.0,5.09651655545239,gaze,0.5553264772682719,0.5810558718467254,-27.25375739871807,-17.35400127986496,235.7631583761535,-36.27823901941211,-17.14820337784534,-31.82816261425895,0.0337056942821712,-0.0007686381845445,0.999431506091487,4.973133087158203,24.12555212906129,-16.68547744920204,-22.17298501023805,0.5804087507615249,0.5970362591872088,0.5537809921396637,4.186609268188477,-36.27823901941211,-17.14820337784534,-31.82816261425895,0.0337056942821712,-0.0007686381845445,0.999431506091487,4.973133087158203,1.3025166903200087,True,0.0,imu,-0.490485296,-9.430477044800002,2.4966897872,1.04687487,-1.39121527,-4.625395409999999,97.1204724,-37.94611160000001,133.6383368,388.119,-22.5172,False,0.9366674215945684,-0.3502201326642757,382.6702526588866,-25.38094335840048,4.590636124280403,-1.0722400000000003,False,inf
54.7365,10.704,-1.84358,381.194,-24.9543,-0.0698008,-0.581782,-1.11291,806.182,0.00263161,-0.581014,-169.463,0.0918408,-0.0698008,-152.722,-0.104024,-0.0255626,2.89087,-0.254364,10.8236,-0.898229,2.90226,-1.11291,-62.9107,-2.58842,0.0,0.463964,-165.312,-126.0,3.0,-0.857983,0.0,0.0,388.119,-22.5172,0.0,3.0394300000000004e-24,0.0,-3.00324e-23,0.0,0.0,0.0,0.0,0.0,0.0,0.0,2810.82,-14.6177,0.0,0.0,0.0,0.0,0.0,0.0,0.0,0.0,0.0,0.0,0.0,3785.53,-83.4882,0.0,0.0,0.0,0.0,0.0,0.0,0.0,0.0,0.0,0.0,0.0,7388.63,-42.0105,0.0,0.0,0.0,0.0,0.0,0.0,0.0,0.0,0.0,999.0,999.0,1.0,5.08365255402058,gaze,0.5553264772682719,0.5810558718467254,-27.25375739871807,-17.35400127986496,235.7631583761535,-36.27823901941211,-17.14820337784534,-31.82816261425895,0.0337056942821712,-0.0007686381845445,0.999431506091487,4.973133087158203,24.12555212906129,-16.68547744920204,-22.17298501023805,0.5804087507615249,0.5970362591872088,0.5537809921396637,4.186609268188477,-36.27823901941211,-17.14820337784534,-31.82816261425895,0.0337056942821712,-0.0007686381845445,0.999431506091487,4.973133087158203,1.3025166903200087,True,0.0,imu,-0.490485296,-9.430477044800002,2.4966897872,1.04687487,-1.39121527,-4.625395409999999,97.1204724,-37.94611160000001,133.6383368,388.119,-22.5172,False,0.936915780750908,-0.3495551741569794,382.68294851866216,-25.383300359876028,4.585494578669064,-1.11291,False,inf
54.7525,10.6484,-1.85134,381.207,-24.9557,-0.0708208,-0.579622,-1.15472,815.603,0.00354525,-0.578836,-167.924,0.0949882,-0.0708208,-151.474,-0.0965127,-0.0261587,2.92428,-0.261526,10.7705,-0.895412,2.93618,-1.15472,-64.173,-2.66207,0.0,0.473837,-167.193,-114.0,3.0,-0.857983,0.0,0.0,388.119,-22.5172,0.0,2.9031e-24,0.0,-2.86853e-23,0.0,0.0,0.0,0.0,0.0,0.0,0.0,2810.82,-14.6177,0.0,0.0,0.0,0.0,0.0,0.0,0.0,0.0,0.0,0.0,0.0,3785.53,-83.4882,0.0,0.0,0.0,0.0,0.0,0.0,0.0,0.0,0.0,0.0,0.0,7388.63,-42.0105,0.0,0.0,0.0,0.0,0.0,0.0,0.0,0.0,0.0,999.0,999.0,1.0,5.070762338149973,gaze,0.5553264772682719,0.5810558718467254,-27.25375739871807,-17.35400127986496,235.7631583761535,-36.27823901941211,-17.14820337784534,-31.82816261425895,0.0337056942821712,-0.0007686381845445,0.999431506091487,4.973133087158203,24.12555212906129,-16.68547744920204,-22.17298501023805,0.5804087507615249,0.5970362591872088,0.5537809921396637,4.186609268188477,-36.27823901941211,-17.14820337784534,-31.82816261425895,0.0337056942821712,-0.0007686381845445,0.999431506091487,4.973133087158203,1.3025166903200087,True,0.0,imu,-0.490485296,-9.430477044800002,2.4966897872,1.04687487,-1.39121527,-4.625395409999999,97.1204724,-37.94611160000001,133.6383368,388.119,-22.5172,False,0.9371706094338788,-0.3488713929420583,382.6956350711922,-25.38578676428901,4.580412083248975,-1.15472,False,inf
54.7685,10.528,-1.96795,381.22,-24.9571,-0.0716139,-0.577385,-1.19765,824.952,0.00793443,-0.576581,-166.463,0.0988046,-0.0716139,-162.897,-0.0878528,-0.0267672,2.95743,-0.268639,10.6622,-1.00743,2.96984,-1.19765,-69.5538,-2.7319,0.0,0.470546,-169.056,-114.0,3.0,-0.857983,0.0,0.0,388.119,-22.5172,0.0,2.7667700000000003e-24,0.0,-2.73382e-23,0.0,0.0,0.0,0.0,0.0,0.0,0.0,2810.82,-14.6177,0.0,0.0,0.0,0.0,0.0,0.0,0.0,0.0,0.0,0.0,0.0,3785.53,-83.4882,0.0,0.0,0.0,0.0,0.0,0.0,0.0,0.0,0.0,0.0,0.0,7388.63,-42.0105,0.0,0.0,0.0,0.0,0.0,0.0,0.0,0.0,0.0,999.0,999.0,1.0,5.057873071756532,gaze,0.5553264772682719,0.5810558718467254,-27.25375739871807,-17.35400127986496,235.7631583761535,-36.27823901941211,-17.14820337784534,-31.82816261425895,0.0337056942821712,-0.0007686381845445,0.999431506091487,4.973133087158203,24.12555212906129,-16.68547744920204,-22.17298501023805,0.5804087507615249,0.5970362591872088,0.5537809921396637,4.186609268188477,-36.27823901941211,-17.14820337784534,-31.82816261425895,0.0337056942821712,-0.0007686381845445,0.999431506091487,4.973133087158203,1.3025166903200087,True,0.0,imu,-0.490485296,-9.430477044800002,2.4966897872,1.04687487,-1.39121527,-4.625395409999999,97.1204724,-37.94611160000001,133.6383368,388.119,-22.5172,False,0.9374317451586768,-0.3481691013986708,382.7083124023141,-25.388302032831497,4.575296428001098,-1.19765,False,inf
54.7845,10.6299,-1.89588,381.233,-24.9586,-0.0722937,-0.57513,-1.24169,834.287,-0.00105558,-0.574307,-168.501,0.0988818,-0.0722937,-157.877,-0.0780692,-0.0273769,2.99054,-0.275521,10.7582,-0.912626,3.00344,-1.24169,-65.6193,-2.80079,0.0,0.470546,-170.892,-114.0,3.0,-0.857983,0.0,0.0,388.119,-22.5172,0.0,2.6344900000000002e-24,0.0,-2.6031200000000002e-23,0.0,0.0,0.0,0.0,0.0,0.0,0.0,2810.82,-14.6177,0.0,0.0,0.0,0.0,0.0,0.0,0.0,0.0,0.0,0.0,0.0,3785.53,-83.4882,0.0,0.0,0.0,0.0,0.0,0.0,0.0,0.0,0.0,0.0,0.0,7388.63,-42.0105,0.0,0.0,0.0,0.0,0.0,0.0,0.0,0.0,0.0,999.0,999.0,1.0,5.044957438869042,gaze,0.5553264772682719,0.5810558718467254,-27.25375739871807,-17.35400127986496,235.7631583761535,-36.27823901941211,-17.14820337784534,-31.82816261425895,0.0337056942821712,-0.0007686381845445,0.999431506091487,4.973133087158203,24.12555212906129,-16.68547744920204,-22.17298501023805,0.5804087507615249,0.5970362591872088,0.5537809921396637,4.186609268188477,-36.27823901941211,-17.14820337784534,-31.82816261425895,0.0337056942821712,-0.0007686381845445,0.999431506091487,4.973133087158203,1.3025166903200087,True,0.0,imu,-0.490485296,-9.430477044800002,2.4966897872,1.04687487,-1.39121527,-4.625395409999999,97.1204724,-37.94611160000001,133.6383368,388.119,-22.5172,False,0.9376990859528496,-0.3474484482670636,382.72098052226505,-25.390945886252865,4.570242382054472,-1.24169,False,inf
54.8005,10.6378,-1.92126,381.246,-24.9602,-0.0728821,-0.572886,-1.28685,843.52,0.00384141,-0.572044,-167.725,0.0980872,-0.0728821,-156.507,-0.0772868,-0.0279899,3.02326,-0.282634,10.77,-0.922709,3.03668,-1.28685,-66.6361,-2.87251,0.0,0.477128,-172.701,-114.0,3.0,-0.857983,0.0,0.0,388.119,-22.5172,0.0,2.51907e-24,0.0,-2.48908e-23,0.0,0.0,0.0,0.0,0.0,0.0,0.0,2810.82,-14.6177,0.0,0.0,0.0,0.0,0.0,0.0,0.0,0.0,0.0,0.0,0.0,3785.53,-83.4882,0.0,0.0,0.0,0.0,0.0,0.0,0.0,0.0,0.0,0.0,0.0,7388.63,-42.0105,0.0,0.0,0.0,0.0,0.0,0.0,0.0,0.0,0.0,999.0,999.0,1.0,5.032015325890841,gaze,0.5553264772682719,0.5810558718467254,-27.25375739871807,-17.35400127986496,235.7631583761535,-36.27823901941211,-17.14820337784534,-31.82816261425895,0.0337056942821712,-0.0007686381845445,0.999431506091487,4.973133087158203,24.12555212906129,-16.68547744920204,-22.17298501023805,0.5804087507615249,0.5970362591872088,0.5537809921396637,4.186609268188477,-36.27823901941211,-17.14820337784534,-31.82816261425895,0.0337056942821712,-0.0007686381845445,0.999431506091487,4.973133087158203,1.3025166903200087,True,0.0,imu,-0.490485296,-9.430477044800002,2.4966897872,1.04687487,-1.39121527,-4.625395409999999,97.1204724,-37.94611160000001,133.6383368,388.119,-22.5172,False,0.9379726502865284,-0.3467092547286071,382.73363928909794,-25.39371856423002,4.565250139810827,-1.28685,False,inf
54.8165,10.5094,-1.9829,381.26,-24.9617,-0.0733987,-0.570629,-1.33314,852.66,0.00342144,-0.569769,-166.453,0.100781,-0.0733987,-165.612,-0.0739095,-0.0286195,3.05566,-0.289589,10.649,-0.982459,3.06958,-1.33314,-71.2037,-2.94301,0.0,0.477128,-174.51,-108.0,3.0,-0.857983,0.0,0.0,388.119,-22.5172,0.0,2.40366e-24,0.0,-2.37504e-23,0.0,0.0,0.0,0.0,0.0,0.0,0.0,2810.82,-14.6177,0.0,0.0,0.0,0.0,0.0,0.0,0.0,0.0,0.0,0.0,0.0,3785.53,-83.4882,0.0,0.0,0.0,0.0,0.0,0.0,0.0,0.0,0.0,0.0,0.0,7388.63,-42.0105,0.0,0.0,0.0,0.0,0.0,0.0,0.0,0.0,0.0,999.0,999.0,1.0,5.018139704113489,gaze,0.5553264772682719,0.5810558718467254,-27.25375739871807,-17.35400127986496,235.7631583761535,-36.27823901941211,-17.14820337784534,-31.82816261425895,0.0337056942821712,-0.0007686381845445,0.999431506091487,4.973133087158203,24.12555212906129,-16.68547744920204,-22.17298501023805,0.5804087507615249,0.5970362591872088,0.5537809921396637,4.186609268188477,-36.27823901941211,-17.14820337784534,-31.82816261425895,0.0337056942821712,-0.0007686381845445,0.999431506091487,4.973133087158203,1.3025166903200087,True,0.0,imu,-0.490485296,-9.430477044800002,2.4966897872,1.04687487,-1.39121527,-4.625395409999999,97.1204724,-37.94611160000001,133.6383368,388.119,-22.5172,False,0.9382524550209552,-0.3459513414443576,382.7472885583826,-25.396420305603648,4.559786299358366,-1.33314,False,inf
54.8325,10.5042,-2.05866,381.273,-24.9634,-0.0739062,-0.568336,-1.38055,861.779,0.00670341,-0.567457,-167.008,0.102709,-0.0739062,-172.788,-0.0731975,-0.0292522,3.08797,-0.296542,10.6521,-1.04507,3.10241,-1.38055,-71.5672,-3.01313,0.0,0.470546,-176.301,-108.0,3.0,-0.857983,0.0,0.0,388.119,-22.5172,0.0,2.28932e-24,0.0,-2.26206e-23,0.0,0.0,0.0,0.0,0.0,0.0,0.0,2810.82,-14.6177,0.0,0.0,0.0,0.0,0.0,0.0,0.0,0.0,0.0,0.0,0.0,3785.53,-83.4882,0.0,0.0,0.0,0.0,0.0,0.0,0.0,0.0,0.0,0.0,0.0,7388.63,-42.0105,0.0,0.0,0.0,0.0,0.0,0.0,0.0,0.0,0.0,999.0,999.0,1.0,5.005171921123178,gaze,0.5553264772682719,0.5810558718467254,-27.25375739871807,-17.35400127986496,235.7631583761535,-36.27823901941211,-17.14820337784534,-31.82816261425895,0.0337056942821712,-0.0007686381845445,0.999431506091487,4.973133087158203,24.12555212906129,-16.68547744920204,-22.17298501023805,0.5804087507615249,0.5970362591872088,0.5537809921396637,4.186609268188477,-36.27823901941211,-17.14820337784534,-31.82816261425895,0.0337056942821712,-0.0007686381845445,0.999431506091487,4.973133087158203,1.3025166903200087,True,0.0,imu,-0.490485296,-9.430477044800002,2.4966897872,1.04687487,-1.39121527,-4.625395409999999,97.1204724,-37.94611160000001,133.6383368,388.119,-22.5172,False,0.93853839488578,-0.3451748561602131,382.759928335333,-25.39935082931914,4.554826004171639,-1.3805500000000002,False,inf
54.8485,10.581,-2.02634,381.287,-24.965,-0.0743722,-0.56602,-1.42904,870.962,-0.00775023,-0.565122,-169.781,0.0982414,-0.0743722,-175.569,-0.0678306,-0.0298855,3.12061,-0.30254,10.726,-0.995783,3.13547,-1.42904,-69.6956,-3.07012,0.0,0.48371,-178.083,-114.0,3.0,-0.857983,0.0,0.0,388.119,-22.5172,0.0,2.18955e-24,0.0,-2.1634800000000002e-23,0.0,0.0,0.0,0.0,0.0,0.0,0.0,2810.82,-14.6177,0.0,0.0,0.0,0.0,0.0,0.0,0.0,0.0,0.0,0.0,0.0,3785.53,-83.4882,0.0,0.0,0.0,0.0,0.0,0.0,0.0,0.0,0.0,0.0,0.0,7388.63,-42.0105,0.0,0.0,0.0,0.0,0.0,0.0,0.0,0.0,0.0,999.0,999.0,1.0,4.991270880246867,gaze,0.5553264772682719,0.5810558718467254,-27.25375739871807,-17.35400127986496,235.7631583761535,-36.27823901941211,-17.14820337784534,-31.82816261425895,0.0337056942821712,-0.0007686381845445,0.999431506091487,4.973133087158203,24.12555212906129,-16.68547744920204,-22.17298501023805,0.5804087507615249,0.5970362591872088,0.5537809921396637,4.186609268188477,-36.27823901941211,-17.14820337784534,-31.82816261425895,0.0337056942821712,-0.0007686381845445,0.999431506091487,4.973133087158203,1.3025166903200087,True,0.0,imu,-0.490485296,-9.430477044800002,2.4966897872,1.04687487,-1.39121527,-4.625395409999999,97.1204724,-37.94611160000001,133.6383368,388.119,-22.5172,False,0.9388301837269212,-0.3443804380670826,382.7735588532639,-25.40220907559492,4.54939896426941,-1.42904,False,inf
54.8645,10.2388,-2.10802,381.301,-24.9667,-0.074997,-0.563806,-1.47855,879.653,0.00485656,-0.562889,-162.834,0.0957792,-0.074997,-178.452,-0.0868528,-0.0305098,3.15142,-0.30901,10.3948,-1.09874,3.16676,-1.47855,-79.9713,-3.14448,0.0,0.487002,-179.847,-108.0,3.0,-0.857983,0.0,0.0,388.119,-22.5172,0.0,2.08979e-24,0.0,-2.0649e-23,0.0,0.0,0.0,0.0,0.0,0.0,0.0,2810.82,-14.6177,0.0,0.0,0.0,0.0,0.0,0.0,0.0,0.0,0.0,0.0,0.0,3785.53,-83.4882,0.0,0.0,0.0,0.0,0.0,0.0,0.0,0.0,0.0,0.0,0.0,7388.63,-42.0105,0.0,0.0,0.0,0.0,0.0,0.0,0.0,0.0,0.0,999.0,999.0,1.0,4.97734337674228,gaze,0.5553264772682719,0.5810558718467254,-27.25375739871807,-17.35400127986496,235.7631583761535,-36.27823901941211,-17.14820337784534,-31.82816261425895,0.0337056942821712,-0.0007686381845445,0.999431506091487,4.973133087158203,24.12555212906129,-16.68547744920204,-22.17298501023805,0.5804087507615249,0.5970362591872088,0.5537809921396637,4.186609268188477,-36.27823901941211,-17.14820337784534,-31.82816261425895,0.0337056942821712,-0.0007686381845445,0.999431506091487,4.973133087158203,1.3025166903200087,True,0.0,imu,-0.490485296,-9.430477044800002,2.4966897872,1.04687487,-1.39121527,-4.625395409999999,97.1204724,-37.94611160000001,133.6383368,388.119,-22.5172,False,0.9391274166278,-0.3435690546862369,382.7871805004785,-25.40519346631107,4.5440420284629495,-1.47855,False,inf
54.8805,10.317,-2.14213,381.315,-24.9685,-0.0758822,-0.561701,-1.52915,888.662,0.00285083,-0.560765,-165.145,0.0887029,-0.0758822,-184.329,-0.104623,-0.031131,3.18336,-0.315617,10.4769,-1.11372,3.19919,-1.52915,-80.9473,-3.21527,0.0,0.490293,-181.593,-108.0,3.0,-0.857983,0.0,0.0,388.119,-22.5172,0.0,1.99002e-24,0.0,-1.96632e-23,0.0,0.0,0.0,0.0,0.0,0.0,0.0,2810.82,-14.6177,0.0,0.0,0.0,0.0,0.0,0.0,0.0,0.0,0.0,0.0,0.0,3785.53,-83.4882,0.0,0.0,0.0,0.0,0.0,0.0,0.0,0.0,0.0,0.0,0.0,7388.63,-42.0105,0.0,0.0,0.0,0.0,0.0,0.0,0.0,0.0,0.0,999.0,999.0,1.0,4.963389290595706,gaze,0.5553264772682719,0.5810558718467254,-27.25375739871807,-17.35400127986496,235.7631583761535,-36.27823901941211,-17.14820337784534,-31.82816261425895,0.0337056942821712,-0.0007686381845445,0.999431506091487,4.973133087158203,24.12555212906129,-16.68547744920204,-22.17298501023805,0.5804087507615249,0.5970362591872088,0.5537809921396637,4.186609268188477,-36.27823901941211,-17.14820337784534,-31.82816261425895,0.0337056942821712,-0.0007686381845445,0.999431506091487,4.973133087158203,1.3025166903200087,True,0.0,imu,-0.490485296,-9.430477044800002,2.4966897872,1.04687487,-1.39121527,-4.625395409999999,97.1204724,-37.94611160000001,133.6383368,388.119,-22.5172,False,0.9394304687687788,-0.3427395430189998,382.8007926713407,-25.40830579553973,4.538752822269023,-1.5291500000000002,False,inf
54.8965,10.758,-1.89022,381.329,-24.9703,-0.0769044,-0.559607,-1.58092,897.523,0.00341955,-0.558653,-169.556,0.0897995,-0.0769044,-154.114,-0.105033,-0.0317592,3.21475,-0.322275,10.8926,-0.80766,3.23109,-1.58092,-61.2597,-3.28458,0.0,0.493584,-183.321,-108.0,3.0,-0.857983,0.0,0.0,388.119,-22.5172,0.0,1.90622e-24,0.0,-1.88352e-23,0.0,0.0,0.0,0.0,0.0,0.0,0.0,2810.82,-14.6177,0.0,0.0,0.0,0.0,0.0,0.0,0.0,0.0,0.0,0.0,0.0,3785.53,-83.4882,0.0,0.0,0.0,0.0,0.0,0.0,0.0,0.0,0.0,0.0,0.0,7388.63,-42.0105,0.0,0.0,0.0,0.0,0.0,0.0,0.0,0.0,0.0,999.0,999.0,1.0,4.949436118387633,gaze,0.5553264772682719,0.5810558718467254,-27.25375739871807,-17.35400127986496,235.7631583761535,-36.27823901941211,-17.14820337784534,-31.82816261425895,0.0337056942821712,-0.0007686381845445,0.999431506091487,4.973133087158203,24.12555212906129,-16.68547744920204,-22.17298501023805,0.5804087507615249,0.5970362591872088,0.5537809921396637,4.186609268188477,-36.27823901941211,-17.14820337784534,-31.82816261425895,0.0337056942821712,-0.0007686381845445,0.999431506091487,4.973133087158203,1.3025166903200087,True,0.0,imu,-0.490485296,-9.430477044800002,2.4966897872,1.04687487,-1.39121527,-4.625395409999999,97.1204724,-37.94611160000001,133.6383368,388.119,-22.5172,False,0.9397397699414464,-0.3418905742930002,382.8143946752981,-25.411448114125044,4.533434617781387,-1.58092,False,inf
54.9125,10.7825,-1.90085,381.343,-24.9721,-0.0780412,-0.557458,-1.63389,906.205,-0.00575421,-0.556484,-170.365,0.0939652,-0.0780412,-155.517,-0.108011,-0.0323888,3.24546,-0.329219,10.9189,-0.802922,3.26234,-1.63389,-63.1806,-3.35891,0.0,0.500166,-185.031,-108.0,3.0,-0.857983,0.0,0.0,388.119,-22.5172,0.0,1.8233500000000003e-24,0.0,-1.80164e-23,0.0,0.0,0.0,0.0,0.0,0.0,0.0,2810.82,-14.6177,0.0,0.0,0.0,0.0,0.0,0.0,0.0,0.0,0.0,0.0,0.0,3785.53,-83.4882,0.0,0.0,0.0,0.0,0.0,0.0,0.0,0.0,0.0,0.0,0.0,7388.63,-42.0105,0.0,0.0,0.0,0.0,0.0,0.0,0.0,0.0,0.0,999.0,999.0,1.0,4.935483867869487,gaze,0.5553264772682719,0.5810558718467254,-27.25375739871807,-17.35400127986496,235.7631583761535,-36.27823901941211,-17.14820337784534,-31.82816261425895,0.0337056942821712,-0.0007686381845445,0.999431506091487,4.973133087158203,24.12555212906129,-16.68547744920204,-22.17298501023805,0.5804087507615249,0.5970362591872088,0.5537809921396637,4.186609268188477,-36.27823901941211,-17.14820337784534,-31.82816261425895,0.0337056942821712,-0.0007686381845445,0.999431506091487,4.973133087158203,1.3025166903200087,True,0.0,imu,-0.490485296,-9.430477044800002,2.4966897872,1.04687487,-1.39121527,-4.625395409999999,97.1204724,-37.94611160000001,133.6383368,388.119,-22.5172,False,0.9400554464430254,-0.3410216380419344,382.8279861987408,-25.414621174125635,4.528086748784064,-1.63389,False,inf
54.9285,10.5286,-2.13718,381.358,-24.974,-0.0793068,-0.55527,-1.68805,914.662,0.00369954,-0.554279,-165.505,0.0982114,-0.0793068,-172.697,-0.125594,-0.0329961,3.27533,-0.336423,10.6917,-1.05018,3.29279,-1.68805,-73.9522,-3.439,0.0,0.506748,-186.696,-96.0,3.0,-0.857983,0.0,0.0,388.119,-22.5172,0.0,1.7404900000000002e-24,0.0,-1.7197700000000002e-23,0.0,0.0,0.0,0.0,0.0,0.0,0.0,2810.82,-14.6177,0.0,0.0,0.0,0.0,0.0,0.0,0.0,0.0,0.0,0.0,0.0,3785.53,-83.4882,0.0,0.0,0.0,0.0,0.0,0.0,0.0,0.0,0.0,0.0,0.0,7388.63,-42.0105,0.0,0.0,0.0,0.0,0.0,0.0,0.0,0.0,0.0,999.0,999.0,1.0,4.920543973993127,gaze,0.5553264772682719,0.5810558718467254,-27.25375739871807,-17.35400127986496,235.7631583761535,-36.27823901941211,-17.14820337784534,-31.82816261425895,0.0337056942821712,-0.0007686381845445,0.999431506091487,4.973133087158203,24.12555212906129,-16.68547744920204,-22.17298501023805,0.5804087507615249,0.5970362591872088,0.5537809921396637,4.186609268188477,-36.27823901941211,-17.14820337784534,-31.82816261425895,0.0337056942821712,-0.0007686381845445,0.999431506091487,4.973133087158203,1.3025166903200087,True,0.0,imu,-0.490485296,-9.430477044800002,2.4966897872,1.04687487,-1.39121527,-4.625395409999999,97.1204724,-37.94611160000001,133.6383368,388.119,-22.5172,False,0.9403773840422676,-0.3401328793013427,382.8425672332256,-25.417924689595864,4.522464164831908,-1.68805,False,inf
54.9445,10.2826,-2.24284,381.372,-24.9759,-0.0805591,-0.55296,-1.74341,923.117,0.0119687,-0.55195,-163.102,0.108388,-0.0805591,-187.133,-0.118936,-0.0336086,3.30521,-0.343369,10.4587,-1.16827,3.32323,-1.74341,-81.5883,-3.51226,0.0,0.51333,-188.325,-96.0,3.0,-0.857983,0.0,0.0,388.119,-22.5172,0.0,1.66342e-24,0.0,-1.64362e-23,0.0,0.0,0.0,0.0,0.0,0.0,0.0,2810.82,-14.6177,0.0,0.0,0.0,0.0,0.0,0.0,0.0,0.0,0.0,0.0,0.0,3785.53,-83.4882,0.0,0.0,0.0,0.0,0.0,0.0,0.0,0.0,0.0,0.0,0.0,7388.63,-42.0105,0.0,0.0,0.0,0.0,0.0,0.0,0.0,0.0,0.0,999.0,999.0,1.0,4.906565928426927,gaze,0.5553264772682719,0.5810558718467254,-27.25375739871807,-17.35400127986496,235.7631583761535,-36.27823901941211,-17.14820337784534,-31.82816261425895,0.0337056942821712,-0.0007686381845445,0.999431506091487,4.973133087158203,24.12555212906129,-16.68547744920204,-22.17298501023805,0.5804087507615249,0.5970362591872088,0.5537809921396637,4.186609268188477,-36.27823901941211,-17.14820337784534,-31.82816261425895,0.0337056942821712,-0.0007686381845445,0.999431506091487,4.973133087158203,1.3025166903200087,True,0.0,imu,-0.490485296,-9.430477044800002,2.4966897872,1.04687487,-1.39121527,-4.625395409999999,97.1204724,-37.94611160000001,133.6383368,388.119,-22.5172,False,0.9407055862801036,-0.3392241146224814,382.8561376139471,-25.421258892206616,4.517154256073958,-1.74341,False,inf
54.9605,10.6503,-2.01553,381.387,-24.9779,-0.0816599,-0.550556,-1.79984,931.756,-0.00405903,-0.549528,-167.625,0.110408,-0.0816599,-162.639,-0.110831,-0.0342067,3.33577,-0.350082,10.8024,-0.892865,3.35433,-1.79984,-62.6598,-3.57499,0.0,0.519912,-189.909,-96.0,3.0,-0.857983,0.0,0.0,388.119,-22.5172,0.0,1.5889100000000001e-24,0.0,-1.56999e-23,0.0,0.0,0.0,0.0,0.0,0.0,0.0,2810.82,-14.6177,0.0,0.0,0.0,0.0,0.0,0.0,0.0,0.0,0.0,0.0,0.0,3785.53,-83.4882,0.0,0.0,0.0,0.0,0.0,0.0,0.0,0.0,0.0,0.0,0.0,7388.63,-42.0105,0.0,0.0,0.0,0.0,0.0,0.0,0.0,0.0,0.0,999.0,999.0,1.0,4.891600332202143,gaze,0.5553264772682719,0.5810558718467254,-27.25375739871807,-17.35400127986496,235.7631583761535,-36.27823901941211,-17.14820337784534,-31.82816261425895,0.0337056942821712,-0.0007686381845445,0.999431506091487,4.973133087158203,24.12555212906129,-16.68547744920204,-22.17298501023805,0.5804087507615249,0.5970362591872088,0.5537809921396637,4.186609268188477,-36.27823901941211,-17.14820337784534,-31.82816261425895,0.0337056942821712,-0.0007686381845445,0.999431506091487,4.973133087158203,1.3025166903200087,True,0.0,imu,-0.490485296,-9.430477044800002,2.4966897872,1.04687487,-1.39121527,-4.625395409999999,97.1204724,-37.94611160000001,133.6383368,388.119,-22.5172,False,0.9410392281804024,-0.3382974593839463,382.87069826499993,-25.424720387220823,4.511577884139963,-1.79984,False,inf
54.9765,10.4866,-2.21121,381.402,-24.98,-0.0827865,-0.548065,-1.85744,940.099,-0.00350859,-0.547019,-167.086,0.115456,-0.0827865,-185.009,-0.114588,-0.034788,3.36523,-0.357127,10.6607,-1.09215,3.38437,-1.85744,-74.0975,-3.64943,0.0,0.519912,-191.448,-90.0,3.0,-0.857983,0.0,0.0,388.119,-22.5172,0.0,1.5144000000000001e-24,0.0,-1.49636e-23,0.0,0.0,0.0,0.0,0.0,0.0,0.0,2810.82,-14.6177,0.0,0.0,0.0,0.0,0.0,0.0,0.0,0.0,0.0,0.0,0.0,3785.53,-83.4882,0.0,0.0,0.0,0.0,0.0,0.0,0.0,0.0,0.0,0.0,0.0,7388.63,-42.0105,0.0,0.0,0.0,0.0,0.0,0.0,0.0,0.0,0.0,999.0,999.0,1.0,4.876607939951729,gaze,0.5553264772682719,0.5810558718467254,-27.25375739871807,-17.35400127986496,235.7631583761535,-36.27823901941211,-17.14820337784534,-31.82816261425895,0.0337056942821712,-0.0007686381845445,0.999431506091487,4.973133087158203,24.12555212906129,-16.68547744920204,-22.17298501023805,0.5804087507615249,0.5970362591872088,0.5537809921396637,4.186609268188477,-36.27823901941211,-17.14820337784534,-31.82816261425895,0.0337056942821712,-0.0007686381845445,0.999431506091487,4.973133087158203,1.3025166903200087,True,0.0,imu,-0.490485296,-9.430477044800002,2.4966897872,1.04687487,-1.39121527,-4.625395409999999,97.1204724,-37.94611160000001,133.6383368,388.119,-22.5172,False,0.9413788462938903,-0.3373512527772557,382.885248322481,-25.42831173736288,4.506071693887377,-1.85744,False,inf
54.9925,10.2539,-2.30731,381.417,-24.9821,-0.0839032,-0.545533,-1.91617,948.443,0.0103683,-0.544471,-164.291,0.11704,-0.0839032,-196.386,-0.117339,-0.0353446,3.3947,-0.364022,10.4405,-1.2008,3.4144,-1.91617,-83.6448,-3.72202,0.0,0.533076,-192.924,-96.0,3.0,-0.857983,0.0,0.0,388.119,-22.5172,0.0,1.4441e-24,0.0,-1.42691e-23,0.0,0.0,0.0,0.0,0.0,0.0,0.0,2810.82,-14.6177,0.0,0.0,0.0,0.0,0.0,0.0,0.0,0.0,0.0,0.0,0.0,3785.53,-83.4882,0.0,0.0,0.0,0.0,0.0,0.0,0.0,0.0,0.0,0.0,0.0,7388.63,-42.0105,0.0,0.0,0.0,0.0,0.0,0.0,0.0,0.0,0.0,999.0,999.0,1.0,4.861616501740997,gaze,0.5553264772682719,0.5810558718467254,-27.25375739871807,-17.35400127986496,235.7631583761535,-36.27823901941211,-17.14820337784534,-31.82816261425895,0.0337056942821712,-0.0007686381845445,0.999431506091487,4.973133087158203,24.12555212906129,-16.68547744920204,-22.17298501023805,0.5804087507615249,0.5970362591872088,0.5537809921396637,4.186609268188477,-36.27823901941211,-17.14820337784534,-31.82816261425895,0.0337056942821712,-0.0007686381845445,0.999431506091487,4.973133087158203,1.3025166903200087,True,0.0,imu,-0.490485296,-9.430477044800002,2.4966897872,1.04687487,-1.39121527,-4.625395409999999,97.1204724,-37.94611160000001,133.6383368,388.119,-22.5172,False,0.9417241474699312,-0.3363861324014879,382.8997880095258,-25.431931878379466,4.500543928929427,-1.91617,False,inf
55.0085,10.2693,-2.29269,381.432,-24.9842,-0.0850142,-0.542997,-1.97603,956.743,0.00350216,-0.541919,-164.988,0.117644,-0.0850142,-194.4,-0.114832,-0.0358743,3.42401,-0.370881,10.4555,-1.1734,3.44428,-1.97603,-82.5397,-3.79489,0.0,0.539658,-194.328,-78.0,3.0,-0.857983,0.0,0.0,388.119,-22.5172,0.0,1.37701e-24,0.0,-1.36062e-23,0.0,0.0,0.0,0.0,0.0,0.0,0.0,2810.82,-14.6177,0.0,0.0,0.0,0.0,0.0,0.0,0.0,0.0,0.0,0.0,0.0,3785.53,-83.4882,0.0,0.0,0.0,0.0,0.0,0.0,0.0,0.0,0.0,0.0,0.0,7388.63,-42.0105,0.0,0.0,0.0,0.0,0.0,0.0,0.0,0.0,0.0,999.0,999.0,1.0,4.846626026422914,gaze,0.5553264772682719,0.5810558718467254,-27.25375739871807,-17.35400127986496,235.7631583761535,-36.27823901941211,-17.14820337784534,-31.82816261425895,0.0337056942821712,-0.0007686381845445,0.999431506091487,4.973133087158203,24.12555212906129,-16.68547744920204,-22.17298501023805,0.5804087507615249,0.5970362591872088,0.5537809921396637,4.186609268188477,-36.27823901941211,-17.14820337784534,-31.82816261425895,0.0337056942821712,-0.0007686381845445,0.999431506091487,4.973133087158203,1.3025166903200087,True,0.0,imu,-0.490485296,-9.430477044800002,2.4966897872,1.04687487,-1.39121527,-4.625395409999999,97.1204724,-37.94611160000001,133.6383368,388.119,-22.5172,False,0.942075074242588,-0.335402078840938,382.9143172366768,-25.43558078143734,4.494995209866944,-1.97603,False,inf
55.0245,10.4451,-2.24078,381.447,-24.9864,-0.0860031,-0.540486,-2.03701,965.152,-0.000891559,-0.539394,-166.543,0.113848,-0.0860031,-187.228,-0.110244,-0.03636,3.45371,-0.377854,10.6262,-1.09145,3.47456,-2.03701,-75.4483,-3.86309,0.0,0.542949,-195.615,-78.0,3.0,-0.857983,0.0,0.0,388.119,-22.5172,0.0,1.30993e-24,0.0,-1.29433e-23,0.0,0.0,0.0,0.0,0.0,0.0,0.0,2810.82,-14.6177,0.0,0.0,0.0,0.0,0.0,0.0,0.0,0.0,0.0,0.0,0.0,3785.53,-83.4882,0.0,0.0,0.0,0.0,0.0,0.0,0.0,0.0,0.0,0.0,0.0,7388.63,-42.0105,0.0,0.0,0.0,0.0,0.0,0.0,0.0,0.0,0.0,999.0,999.0,1.0,4.831608568582526,gaze,0.5553264772682719,0.5810558718467254,-27.25375739871807,-17.35400127986496,235.7631583761535,-36.27823901941211,-17.14820337784534,-31.82816261425895,0.0337056942821712,-0.0007686381845445,0.999431506091487,4.973133087158203,24.12555212906129,-16.68547744920204,-22.17298501023805,0.5804087507615249,0.5970362591872088,0.5537809921396637,4.186609268188477,-36.27823901941211,-17.14820337784534,-31.82816261425895,0.0337056942821712,-0.0007686381845445,0.999431506091487,4.973133087158203,1.3025166903200087,True,0.0,imu,-0.490485296,-9.430477044800002,2.4966897872,1.04687487,-1.39121527,-4.625395409999999,97.1204724,-37.94611160000001,133.6383368,388.119,-22.5172,False,0.9424315096418094,-0.3343992368924606,382.92883599186064,-25.43935815836173,4.489520808265514,-2.03701,False,inf
55.0405,10.4681,-2.29981,381.462,-24.9886,-0.0869613,-0.538007,-2.09915,973.503,0.00486726,-0.536901,-166.254,0.112668,-0.0869613,-188.905,-0.105253,-0.0367965,3.48319,-0.38472,10.6568,-1.13664,3.50462,-2.09915,-75.7921,-3.93344,0.0,0.549532,-196.776,-72.0,3.0,-0.857983,0.0,0.0,388.119,-22.5172,0.0,1.2493400000000002e-24,0.0,-1.23447e-23,0.0,0.0,0.0,0.0,0.0,0.0,0.0,2810.82,-14.6177,0.0,0.0,0.0,0.0,0.0,0.0,0.0,0.0,0.0,0.0,0.0,3785.53,-83.4882,0.0,0.0,0.0,0.0,0.0,0.0,0.0,0.0,0.0,0.0,0.0,7388.63,-42.0105,0.0,0.0,0.0,0.0,0.0,0.0,0.0,0.0,0.0,999.0,999.0,1.0,4.816592006803172,gaze,0.5553264772682719,0.5810558718467254,-27.25375739871807,-17.35400127986496,235.7631583761535,-36.27823901941211,-17.14820337784534,-31.82816261425895,0.0337056942821712,-0.0007686381845445,0.999431506091487,4.973133087158203,24.12555212906129,-16.68547744920204,-22.17298501023805,0.5804087507615249,0.5970362591872088,0.5537809921396637,4.186609268188477,-36.27823901941211,-17.14820337784534,-31.82816261425895,0.0337056942821712,-0.0007686381845445,0.999431506091487,4.973133087158203,1.3025166903200087,True,0.0,imu,-0.490485296,-9.430477044800002,2.4966897872,1.04687487,-1.39121527,-4.625395409999999,97.1204724,-37.94611160000001,133.6383368,388.119,-22.5172,False,0.9427936271951748,-0.3333769285960949,382.9433438657748,-25.443165013316563,4.484025513448465,-2.09915,False,inf
55.0565,10.4621,-2.26804,381.478,-24.9909,-0.0876906,-0.535572,-2.1623,981.911,-6.24599e-05,-0.534454,-166.556,0.108985,-0.0876906,-188.681,-0.0878748,-0.037186,3.51298,-0.390735,10.6481,-1.09755,3.53489,-2.1623,-75.038,-3.99346,0.0,0.556114,-197.811,-54.0,3.0,-0.857983,0.0,0.0,388.119,-22.5172,0.0,1.1937e-24,0.0,-1.1794900000000001e-23,0.0,0.0,0.0,0.0,0.0,0.0,0.0,2810.82,-14.6177,0.0,0.0,0.0,0.0,0.0,0.0,0.0,0.0,0.0,0.0,0.0,3785.53,-83.4882,0.0,0.0,0.0,0.0,0.0,0.0,0.0,0.0,0.0,0.0,0.0,7388.63,-42.0105,0.0,0.0,0.0,0.0,0.0,0.0,0.0,0.0,0.0,999.0,999.0,1.0,4.80058842330813,gaze,0.5553264772682719,0.5810558718467254,-27.25375739871807,-17.35400127986496,235.7631583761535,-36.27823901941211,-17.14820337784534,-31.82816261425895,0.0337056942821712,-0.0007686381845445,0.999431506091487,4.973133087158203,24.12555212906129,-16.68547744920204,-22.17298501023805,0.5804087507615249,0.5970362591872088,0.5537809921396637,4.186609268188477,-36.27823901941211,-17.14820337784534,-31.82816261425895,0.0337056942821712,-0.0007686381845445,0.999431506091487,4.973133087158203,1.3025166903200087,True,0.0,imu,-0.490485296,-9.430477044800002,2.4966897872,1.04687487,-1.39121527,-4.625395409999999,97.1204724,-37.94611160000001,133.6383368,388.119,-22.5172,False,0.9431604943295636,-0.332337602350401,382.95884195572927,-25.447097437686683,4.4782780678455785,-2.1623,False,inf
55.0725,10.302,-2.30851,381.493,-24.9933,-0.0882967,-0.533196,-2.22642,990.239,0.00484986,-0.532068,-164.131,0.105194,-0.0882967,-193.112,-0.0808107,-0.0375173,3.54247,-0.396841,10.4944,-1.14719,3.56487,-2.22642,-80.4463,-4.05536,0.0,0.572569,-198.711,-54.0,3.0,-0.857983,0.0,0.0,388.119,-22.5172,0.0,1.13806e-24,0.0,-1.1245100000000001e-23,0.0,0.0,0.0,0.0,0.0,0.0,0.0,2810.82,-14.6177,0.0,0.0,0.0,0.0,0.0,0.0,0.0,0.0,0.0,0.0,0.0,3785.53,-83.4882,0.0,0.0,0.0,0.0,0.0,0.0,0.0,0.0,0.0,0.0,0.0,7388.63,-42.0105,0.0,0.0,0.0,0.0,0.0,0.0,0.0,0.0,0.0,999.0,999.0,1.0,4.785517598964626,gaze,0.5553264772682719,0.5810558718467254,-27.25375739871807,-17.35400127986496,235.7631583761535,-36.27823901941211,-17.14820337784534,-31.82816261425895,0.0337056942821712,-0.0007686381845445,0.999431506091487,4.973133087158203,24.12555212906129,-16.68547744920204,-22.17298501023805,0.5804087507615249,0.5970362591872088,0.5537809921396637,4.186609268188477,-36.27823901941211,-17.14820337784534,-31.82816261425895,0.0337056942821712,-0.0007686381845445,0.999431506091487,4.973133087158203,1.3025166903200087,True,0.0,imu,-0.490485296,-9.430477044800002,2.4966897872,1.04687487,-1.39121527,-4.625395409999999,97.1204724,-37.94611160000001,133.6383368,388.119,-22.5172,False,0.94353182435781,-0.3312818987267832,382.9733304956489,-25.451154369480022,4.47294648244001,-2.22642,False,inf
55.0885,10.7619,-1.9177,381.509,-24.9957,-0.0887873,-0.530905,-2.29153,998.874,-0.00363118,-0.52977,-169.978,0.0967328,-0.0887873,-154.319,-0.063369,-0.0377856,3.57311,-0.402474,10.9088,-0.700999,3.59596,-2.29153,-57.7868,-4.10814,0.0,0.572569,-199.467,-42.0,3.0,-0.857983,0.0,0.0,388.119,-22.5172,0.0,1.08809e-24,0.0,-1.0751300000000001e-23,0.0,0.0,0.0,0.0,0.0,0.0,0.0,2810.82,-14.6177,0.0,0.0,0.0,0.0,0.0,0.0,0.0,0.0,0.0,0.0,0.0,3785.53,-83.4882,0.0,0.0,0.0,0.0,0.0,0.0,0.0,0.0,0.0,0.0,0.0,7388.63,-42.0105,0.0,0.0,0.0,0.0,0.0,0.0,0.0,0.0,0.0,999.0,999.0,1.0,4.769487885507204,gaze,0.5553264772682719,0.5810558718467254,-27.25375739871807,-17.35400127986496,235.7631583761535,-36.27823901941211,-17.14820337784534,-31.82816261425895,0.0337056942821712,-0.0007686381845445,0.999431506091487,4.973133087158203,24.12555212906129,-16.68547744920204,-22.17298501023805,0.5804087507615249,0.5970362591872088,0.5537809921396637,4.186609268188477,-36.27823901941211,-17.14820337784534,-31.82816261425895,0.0337056942821712,-0.0007686381845445,0.999431506091487,4.973133087158203,1.3025166903200087,True,0.0,imu,-0.490485296,-9.430477044800002,2.4966897872,1.04687487,-1.39121527,-4.625395409999999,97.1204724,-37.94611160000001,133.6383368,388.119,-22.5172,False,0.9439076784614148,-0.3302094707024353,382.988809241612,-25.455236297195043,4.467272595450588,-2.29153,False,inf
55.1045,10.1766,-2.51555,381.525,-24.9981,-0.0891459,-0.528843,-2.35742,1007.54,0.0125163,-0.527702,-164.384,0.0762568,-0.0891459,-218.056,-0.0711044,-0.0379811,3.60397,-0.407337,10.3934,-1.3566,3.62715,-2.35742,-90.3375,-4.15275,0.0,0.57586,-200.079,-36.0,3.0,-0.857983,0.0,0.0,388.119,-22.5172,0.0,1.04524e-24,0.0,-1.0328e-23,0.0,0.0,0.0,0.0,0.0,0.0,0.0,2810.82,-14.6177,0.0,0.0,0.0,0.0,0.0,0.0,0.0,0.0,0.0,0.0,0.0,3785.53,-83.4882,0.0,0.0,0.0,0.0,0.0,0.0,0.0,0.0,0.0,0.0,0.0,7388.63,-42.0105,0.0,0.0,0.0,0.0,0.0,0.0,0.0,0.0,0.0,999.0,999.0,1.0,4.753459183584132,gaze,0.5553264772682719,0.5810558718467254,-27.25375739871807,-17.35400127986496,235.7631583761535,-36.27823901941211,-17.14820337784534,-31.82816261425895,0.0337056942821712,-0.0007686381845445,0.999431506091487,4.973133087158203,24.12555212906129,-16.68547744920204,-22.17298501023805,0.5804087507615249,0.5970362591872088,0.5537809921396637,4.186609268188477,-36.27823901941211,-17.14820337784534,-31.82816261425895,0.0337056942821712,-0.0007686381845445,0.999431506091487,4.973133087158203,1.3025166903200087,True,0.0,imu,-0.490485296,-9.430477044800002,2.4966897872,1.04687487,-1.39121527,-4.625395409999999,97.1204724,-37.94611160000001,133.6383368,388.119,-22.5172,False,0.9442867942689432,-0.3291237611739429,383.0042797976418,-25.459337769798623,4.461597793293213,-2.35742,False,inf
55.1205,10.1704,-2.42375,381.541,-25.0006,-0.089463,-0.527042,-2.424,1015.95,0.0131106,-0.525897,-162.149,0.0675484,-0.089463,-203.305,-0.0750235,-0.0381159,3.63387,-0.412461,10.3782,-1.26118,3.65743,-2.424,-85.949,-4.20905,0.0,0.582442,-200.538,-24.0,3.0,-0.857983,0.0,0.0,388.119,-22.5172,0.0,1.0024000000000001e-24,0.0,-9.904620000000001e-24,0.0,0.0,0.0,0.0,0.0,0.0,0.0,2810.82,-14.6177,0.0,0.0,0.0,0.0,0.0,0.0,0.0,0.0,0.0,0.0,0.0,3785.53,-83.4882,0.0,0.0,0.0,0.0,0.0,0.0,0.0,0.0,0.0,0.0,0.0,7388.63,-42.0105,0.0,0.0,0.0,0.0,0.0,0.0,0.0,0.0,0.0,999.0,999.0,1.0,4.737403292944369,gaze,0.5553264772682719,0.5810558718467254,-27.25375739871807,-17.35400127986496,235.7631583761535,-36.27823901941211,-17.14820337784534,-31.82816261425895,0.0337056942821712,-0.0007686381845445,0.999431506091487,4.973133087158203,24.12555212906129,-16.68547744920204,-22.17298501023805,0.5804087507615249,0.5970362591872088,0.5537809921396637,4.186609268188477,-36.27823901941211,-17.14820337784534,-31.82816261425895,0.0337056942821712,-0.0007686381845445,0.999431506091487,4.973133087158203,1.3025166903200087,True,0.0,imu,-0.490485296,-9.430477044800002,2.4966897872,1.04687487,-1.39121527,-4.625395409999999,97.1204724,-37.94611160000001,133.6383368,388.119,-22.5172,False,0.9446686116765416,-0.3280262399764922,383.0197428221615,-25.46355644061401,4.456020606978594,-2.4240000000000004,False,inf
55.1365,10.6992,-2.07381,381.557,-25.0031,-0.0898737,-0.525441,-2.49146,1024.83,0.00540218,-0.524294,-168.344,0.0542113,-0.0898737,-167.207,-0.0743694,-0.0381674,3.66546,-0.417575,10.8651,-0.849414,3.6894,-2.49146,-64.8343,-4.26092,0.0,0.582442,-200.817,-18.0,3.0,-0.857983,0.0,0.0,388.119,-22.5172,0.0,9.59553e-25,0.0,-9.481270000000001e-24,0.0,0.0,0.0,0.0,0.0,0.0,0.0,2810.82,-14.6177,0.0,0.0,0.0,0.0,0.0,0.0,0.0,0.0,0.0,0.0,0.0,3785.53,-83.4882,0.0,0.0,0.0,0.0,0.0,0.0,0.0,0.0,0.0,0.0,0.0,7388.63,-42.0105,0.0,0.0,0.0,0.0,0.0,0.0,0.0,0.0,0.0,999.0,999.0,1.0,4.72134834660608,gaze,0.5553264772682719,0.5810558718467254,-27.25375739871807,-17.35400127986496,235.7631583761535,-36.27823901941211,-17.14820337784534,-31.82816261425895,0.0337056942821712,-0.0007686381845445,0.999431506091487,4.973133087158203,24.12555212906129,-16.68547744920204,-22.17298501023805,0.5804087507615249,0.5970362591872088,0.5537809921396637,4.186609268188477,-36.27823901941211,-17.14820337784534,-31.82816261425895,0.0337056942821712,-0.0007686381845445,0.999431506091487,4.973133087158203,1.3025166903200087,True,0.0,imu,-0.490485296,-9.430477044800002,2.4966897872,1.04687487,-1.39121527,-4.625395409999999,97.1204724,-37.94611160000001,133.6383368,388.119,-22.5172,False,0.9450541746092516,-0.326913760881408,383.03519671281737,-25.46779718980853,4.450439444013029,-2.49146,False,inf
55.1525,10.3649,-2.3518,381.573,-25.0057,-0.0901496,-0.524027,-2.55965,1033.78,0.00480927,-0.522879,-166.58,0.0391013,-0.0901496,-202.547,-0.0626359,-0.0381777,3.69743,-0.421568,10.5636,-1.1624,3.72161,-2.55965,-79.7498,-4.29891,0.0,0.602188,-200.979,-6.0,3.0,-0.857983,0.450345,0.000121096,388.118,-22.5179,0.0,9.144100000000001e-25,0.0,-9.035220000000001e-24,0.081097,-1.09066e-05,0.081097,0.0,0.100558,0.0,0.0,2810.82,-14.6177,0.0,0.0,0.0,0.0,0.0,0.0,0.0,0.0,0.0,0.0,0.0,3785.53,-83.4882,0.0,0.0,0.0,0.0,0.0,0.0,0.0,0.0,0.0,0.0,0.0,7388.63,-42.0105,0.0,0.0,0.0,0.0,0.0,0.0,0.0,0.0,0.0,999.0,999.0,1.0,4.70526605942749,gaze,0.5553264772682719,0.5810558718467254,-27.25375739871807,-17.35400127986496,235.7631583761535,-36.27823901941211,-17.14820337784534,-31.82816261425895,0.0337056942821712,-0.0007686381845445,0.999431506091487,4.973133087158203,24.12555212906129,-16.68547744920204,-22.17298501023805,0.5804087507615249,0.5970362591872088,0.5537809921396637,4.186609268188477,-36.27823901941211,-17.14820337784534,-31.82816261425895,0.0337056942821712,-0.0007686381845445,0.999431506091487,4.973133087158203,1.3025166903200087,True,0.0,imu,-0.490485296,-9.430477044800002,2.4966897872,1.04687487,-1.39121527,-4.625395409999999,97.1204724,-37.94611160000001,133.6383368,388.118,-22.5179,False,0.94544257836331,-0.3257887828298209,383.0506426113432,-25.472156121347805,4.443967720326877,-2.55965,False,inf
55.1685,10.4285,-2.31584,381.589,-25.0083,-0.0902608,-0.522749,-2.62856,1042.47,0.0142852,-0.521602,-163.428,0.0383946,-0.0902608,-187.798,-0.0604627,-0.0381555,3.72834,-0.426618,10.6242,-1.11523,3.7529,-2.62856,-76.3333,-4.35319,0.0,0.60548,-201.033,0.0,3.0,-0.857983,0.93119,0.000250394,388.118,-22.5187,0.0,8.69112e-25,0.0,-8.58763e-24,0.167686,-2.25518e-05,0.167686,0.0,0.207926,0.0,0.0,2810.82,-14.6177,0.0,0.0,0.0,0.0,0.0,0.0,0.0,0.0,0.0,0.0,0.0,3785.53,-83.4882,0.0,0.0,0.0,0.0,0.0,0.0,0.0,0.0,0.0,0.0,0.0,7388.63,-42.0105,0.0,0.0,0.0,0.0,0.0,0.0,0.0,0.0,0.0,999.0,999.0,1.0,4.689184650874833,gaze,0.5553264772682719,0.5810558718467254,-27.25375739871807,-17.35400127986496,235.7631583761535,-36.27823901941211,-17.14820337784534,-31.82816261425895,0.0337056942821712,-0.0007686381845445,0.999431506091487,4.973133087158203,24.12555212906129,-16.68547744920204,-22.17298501023805,0.5804087507615249,0.5970362591872088,0.5537809921396637,4.186609268188477,-36.27823901941211,-17.14820337784534,-31.82816261425895,0.0337056942821712,-0.0007686381845445,0.999431506091487,4.973133087158203,1.3025166903200087,True,0.0,imu,-0.490485296,-9.430477044800002,2.4966897872,1.04687487,-1.39121527,-4.625395409999999,97.1204724,-37.94611160000001,133.6383368,388.118,-22.5187,False,0.9458337227264308,-0.3246514576487549,383.0660805330149,-25.476532953761566,4.43773117274003,-2.62856,False,inf
55.1845,10.4311,-2.29203,381.606,-25.011,-0.0902459,-0.521551,-2.69819,1051.59,0.00524126,-0.520406,-164.358,0.0332715,-0.0902459,-189.391,-0.0458472,-0.038109,3.76091,-0.430762,10.6239,-1.09011,3.78573,-2.69819,-74.9053,-4.39379,0.0,0.612062,-201.015,6.0,3.0,-0.857983,1.35981,0.000378362,388.117,-22.5196,0.0,8.24349e-25,0.0,-8.145330000000001e-24,0.250496,-3.40761e-05,0.250496,0.0,0.310608,0.0,0.0,2810.82,-14.6177,0.0,0.0,0.0,0.0,0.0,0.0,0.0,0.0,0.0,0.0,0.0,3785.53,-83.4882,0.0,0.0,0.0,0.0,0.0,0.0,0.0,0.0,0.0,0.0,0.0,7388.63,-42.0105,0.0,0.0,0.0,0.0,0.0,0.0,0.0,0.0,0.0,999.0,999.0,1.0,4.672116864976749,gaze,0.5553264772682719,0.5810558718467254,-27.25375739871807,-17.35400127986496,235.7631583761535,-36.27823901941211,-17.14820337784534,-31.82816261425895,0.0337056942821712,-0.0007686381845445,0.999431506091487,4.973133087158203,24.12555212906129,-16.68547744920204,-22.17298501023805,0.5804087507615249,0.5970362591872088,0.5537809921396637,4.186609268188477,-36.27823901941211,-17.14820337784534,-31.82816261425895,0.0337056942821712,-0.0007686381845445,0.999431506091487,4.973133087158203,1.3025166903200087,True,0.0,imu,-0.490485296,-9.430477044800002,2.4966897872,1.04687487,-1.39121527,-4.625395409999999,97.1204724,-37.94611160000001,133.6383368,388.117,-22.5196,False,0.9462275642566008,-0.3235017722378353,383.0825104116608,-25.48102766328936,4.430850788697081,-2.69819,False,inf
55.2005,10.62,-2.08625,381.623,-25.0137,-0.0900468,-0.520373,-2.76854,1060.78,-0.000663731,-0.519229,-168.541,0.0306706,-0.0900468,-176.282,-0.0236193,-0.0380681,3.79376,-0.434691,10.7879,-0.863688,3.81883,-2.76854,-67.0502,-4.43235,0.0,0.625226,-200.988,0.0,3.0,-0.857983,1.072,0.000488104,388.115,-22.5206,0.0,7.86925e-25,0.0,-7.775550000000001e-24,0.281453,-4.39422e-05,0.281453,0.0,0.348997,0.0,0.0,2810.82,-14.6177,0.0,0.0,0.0,0.0,0.0,0.0,0.0,0.0,0.0,0.0,0.0,3785.53,-83.4882,0.0,0.0,0.0,0.0,0.0,0.0,0.0,0.0,0.0,0.0,0.0,7388.63,-42.0105,0.0,0.0,0.0,0.0,0.0,0.0,0.0,0.0,0.0,999.0,999.0,1.0,4.655050149031715,gaze,0.5553264772682719,0.5810558718467254,-27.25375739871807,-17.35400127986496,235.7631583761535,-36.27823901941211,-17.14820337784534,-31.82816261425895,0.0337056942821712,-0.0007686381845445,0.999431506091487,4.973133087158203,24.12555212906129,-16.68547744920204,-22.17298501023805,0.5804087507615249,0.5970362591872088,0.5537809921396637,4.186609268188477,-36.27823901941211,-17.14820337784534,-31.82816261425895,0.0337056942821712,-0.0007686381845445,0.999431506091487,4.973133087158203,1.3025166903200087,True,0.0,imu,-0.490485296,-9.430477044800002,2.4966897872,1.04687487,-1.39121527,-4.625395409999999,97.1204724,-37.94611160000001,133.6383368,388.115,-22.5206,False,0.94662405902997,-0.3223397134478219,383.098932180464,-25.48554022578712,4.423561614899923,-2.76854,False,inf
55.2165,10.2041,-2.38173,381.639,-25.0164,-0.0897245,-0.519262,-2.83957,1070.0,0.00575201,-0.518119,-162.895,0.0254229,-0.0897245,-203.468,-0.0202799,-0.0380256,3.82665,-0.439035,10.4081,-1.20302,3.852,-2.83957,-83.296,-4.47636,0.0,0.628517,-200.952,0.0,3.0,-0.857983,0.784182,0.000597846,388.114,-22.5217,0.0,7.49502e-25,0.0,-7.40577e-24,0.31241,-5.38082e-05,0.31241,0.0,0.387386,0.0,0.0,2810.82,-14.6177,0.0,0.0,0.0,0.0,0.0,0.0,0.0,0.0,0.0,0.0,0.0,3785.53,-83.4882,0.0,0.0,0.0,0.0,0.0,0.0,0.0,0.0,0.0,0.0,0.0,7388.63,-42.0105,0.0,0.0,0.0,0.0,0.0,0.0,0.0,0.0,0.0,999.0,999.0,1.0,4.638943129636321,gaze,0.5553264772682719,0.5810558718467254,-27.25375739871807,-17.35400127986496,235.7631583761535,-36.27823901941211,-17.14820337784534,-31.82816261425895,0.0337056942821712,-0.0007686381845445,0.999431506091487,4.973133087158203,24.12555212906129,-16.68547744920204,-22.17298501023805,0.5804087507615249,0.5970362591872088,0.5537809921396637,4.186609268188477,-36.27823901941211,-17.14820337784534,-31.82816261425895,0.0337056942821712,-0.0007686381845445,0.999431506091487,4.973133087158203,1.3025166903200087,True,0.0,imu,-0.490485296,-9.430477044800002,2.4966897872,1.04687487,-1.39121527,-4.625395409999999,97.1204724,-37.94611160000001,133.6383368,388.114,-22.5217,False,0.9470229384242452,-0.3211659292302165,383.1143461026485,-25.490069586737253,4.416832578133425,-2.83957,False,inf
55.2325,10.2507,-2.3493,381.656,-25.0192,-0.0891365,-0.518285,-2.91117,1079.46,0.0122286,-0.517143,-163.687,0.0163903,-0.0891365,-202.006,-0.0182458,-0.0379987,3.86045,-0.443283,10.4508,-1.1645,3.88607,-2.91117,-84.5397,-4.51609,0.0,0.631808,-200.925,0.0,3.0,-0.857983,0.512265,0.000705915,388.113,-22.5227,0.0,7.12592e-25,0.0,-7.041070000000001e-24,0.342558,-6.35242e-05,0.342558,0.0,0.424772,0.0,0.0,2810.82,-14.6177,0.0,0.0,0.0,0.0,0.0,0.0,0.0,0.0,0.0,0.0,0.0,3785.53,-83.4882,0.0,0.0,0.0,0.0,0.0,0.0,0.0,0.0,0.0,0.0,0.0,7388.63,-42.0105,0.0,0.0,0.0,0.0,0.0,0.0,0.0,0.0,0.0,999.0,999.0,1.0,4.6218499369841135,gaze,0.5553264772682719,0.5810558718467254,-27.25375739871807,-17.35400127986496,235.7631583761535,-36.27823901941211,-17.14820337784534,-31.82816261425895,0.0337056942821712,-0.0007686381845445,0.999431506091487,4.973133087158203,24.12555212906129,-16.68547744920204,-22.17298501023805,0.5804087507615249,0.5970362591872088,0.5537809921396637,4.186609268188477,-36.27823901941211,-17.14820337784534,-31.82816261425895,0.0337056942821712,-0.0007686381845445,0.999431506091487,4.973133087158203,1.3025166903200087,True,0.0,imu,-0.490485296,-9.430477044800002,2.4966897872,1.04687487,-1.39121527,-4.625395409999999,97.1204724,-37.94611160000001,133.6383368,388.113,-22.5227,False,0.9474235457140544,-0.319982226110466,383.13075302690334,-25.494712891139077,4.409985468714452,-2.91117,False,inf
55.2485,10.6018,-2.10052,381.673,-25.0221,-0.088582,-0.51745,-2.98342,1089.16,0.00602196,-0.516309,-167.271,0.00677988,-0.088582,-174.797,-0.0119896,-0.037971,3.89517,-0.447006,10.7717,-0.878043,3.92099,-2.98342,-67.297,-4.55291,0.0,0.644972,-200.898,0.0,3.0,-0.857983,0.459136,0.000790974,388.112,-22.5239,0.0,6.82749e-25,0.0,-6.74619e-24,0.36156,-7.11758e-05,0.36156,0.0,0.448352,0.0,0.0,2810.82,-14.6177,0.0,0.0,0.0,0.0,0.0,0.0,0.0,0.0,0.0,0.0,0.0,3785.53,-83.4882,0.0,0.0,0.0,0.0,0.0,0.0,0.0,0.0,0.0,0.0,0.0,7388.63,-42.0105,0.0,0.0,0.0,0.0,0.0,0.0,0.0,0.0,0.0,999.0,999.0,1.0,4.604729200506811,gaze,0.5553264772682719,0.5810558718467254,-27.25375739871807,-17.35400127986496,235.7631583761535,-36.27823901941211,-17.14820337784534,-31.82816261425895,0.0337056942821712,-0.0007686381845445,0.999431506091487,4.973133087158203,24.12555212906129,-16.68547744920204,-22.17298501023805,0.5804087507615249,0.5970362591872088,0.5537809921396637,4.186609268188477,-36.27823901941211,-17.14820337784534,-31.82816261425895,0.0337056942821712,-0.0007686381845445,0.999431506091487,4.973133087158203,1.3025166903200087,True,0.0,imu,-0.490485296,-9.430477044800002,2.4966897872,1.04687487,-1.39121527,-4.625395409999999,97.1204724,-37.94611160000001,133.6383368,388.112,-22.5239,False,0.9478262900579012,-0.3187872705662438,383.1471522326052,-25.499472176718587,4.403055805603387,-2.98342,False,inf
55.2645,10.3243,-2.31797,381.691,-25.025,-0.0882285,-0.516767,-3.05643,1098.77,0.00639114,-0.515627,-163.881,-0.00267223,-0.0882285,-198.379,-0.0299999,-0.0379309,3.92953,-0.451173,10.5206,-1.1251,3.9556,-3.05643,-78.626,-4.6021,0.0,0.648263,-200.871,0.0,3.0,-0.857983,0.406007,0.000876033,388.11,-22.525,0.0,6.52907e-25,0.0,-6.4513200000000015e-24,0.380561,-7.88273e-05,0.380561,0.0,0.471932,0.0,0.0,2810.82,-14.6177,0.0,0.0,0.0,0.0,0.0,0.0,0.0,0.0,0.0,0.0,0.0,3785.53,-83.4882,0.0,0.0,0.0,0.0,0.0,0.0,0.0,0.0,0.0,0.0,0.0,7388.63,-42.0105,0.0,0.0,0.0,0.0,0.0,0.0,0.0,0.0,0.0,999.0,999.0,1.0,4.586651174876976,gaze,0.5553264772682719,0.5810558718467254,-27.25375739871807,-17.35400127986496,235.7631583761535,-36.27823901941211,-17.14820337784534,-31.82816261425895,0.0337056942821712,-0.0007686381845445,0.999431506091487,4.973133087158203,24.12555212906129,-16.68547744920204,-22.17298501023805,0.5804087507615249,0.5970362591872088,0.5537809921396637,4.186609268188477,-36.27823901941211,-17.14820337784534,-31.82816261425895,0.0337056942821712,-0.0007686381845445,0.999431506091487,4.973133087158203,1.3025166903200087,True,0.0,imu,-0.490485296,-9.430477044800002,2.4966897872,1.04687487,-1.39121527,-4.625395409999999,97.1204724,-37.94611160000001,133.6383368,388.11,-22.525,False,0.9482317398563952,-0.3175792303172764,383.1645427373391,-25.504250249071436,4.395594158187446,-3.0564300000000006,False,inf
55.2805,10.4423,-2.28113,381.708,-25.0279,-0.08803,-0.516207,-3.13017,1108.67,0.00649094,-0.515068,-164.81,-0.00913749,-0.08803,-191.442,-0.0408754,-0.0378843,3.96491,-0.455315,10.6338,-1.07484,3.99123,-3.13017,-75.4285,-4.64895,0.0,0.648263,-200.826,0.0,3.0,-0.857983,0.352878,0.000961092,388.109,-22.5262,0.0,6.23064e-25,0.0,-6.1564500000000004e-24,0.399563,-8.64788e-05,0.399563,0.0,0.495512,0.0,0.0,2810.82,-14.6177,0.0,0.0,0.0,0.0,0.0,0.0,0.0,0.0,0.0,0.0,0.0,3785.53,-83.4882,0.0,0.0,0.0,0.0,0.0,0.0,0.0,0.0,0.0,0.0,0.0,7388.63,-42.0105,0.0,0.0,0.0,0.0,0.0,0.0,0.0,0.0,0.0,999.0,999.0,1.0,4.569532449824585,gaze,0.5553264772682719,0.5810558718467254,-27.25375739871807,-17.35400127986496,235.7631583761535,-36.27823901941211,-17.14820337784534,-31.82816261425895,0.0337056942821712,-0.0007686381845445,0.999431506091487,4.973133087158203,24.12555212906129,-16.68547744920204,-22.17298501023805,0.5804087507615249,0.5970362591872088,0.5537809921396637,4.186609268188477,-36.27823901941211,-17.14820337784534,-31.82816261425895,0.0337056942821712,-0.0007686381845445,0.999431506091487,4.973133087158203,1.3025166903200087,True,0.0,imu,-0.490485296,-9.430477044800002,2.4966897872,1.04687487,-1.39121527,-4.625395409999999,97.1204724,-37.94611160000001,133.6383368,388.109,-22.5262,False,0.9486396807341088,-0.316358587897797,383.18092471928776,-25.509046309672133,4.388685307746447,-3.13017,False,inf
55.2965,10.507,-2.23574,381.725,-25.0309,-0.0879787,-0.515774,-3.20463,1118.66,0.00986298,-0.514637,-164.616,-0.0164638,-0.0879787,-185.29,-0.0456798,-0.037831,4.00066,-0.459165,10.6931,-1.02306,4.02719,-3.20463,-73.8899,-4.69367,0.0,0.651554,-200.772,0.0,3.0,-0.857983,0.616626,0.00139172,388.107,-22.5279,0.0,5.9569399999999995e-25,0.0,-5.8860100000000015e-24,0.46839,-0.00012524,0.46839,0.0,0.580921,0.0,0.0,2810.82,-14.6177,0.0,0.0,0.0,0.0,0.0,0.0,0.0,0.0,0.0,0.0,0.0,3785.53,-83.4882,0.0,0.0,0.0,0.0,0.0,0.0,0.0,0.0,0.0,0.0,0.0,7388.63,-42.0105,0.0,0.0,0.0,0.0,0.0,0.0,0.0,0.0,0.0,999.0,999.0,1.0,4.552385990884331,gaze,0.5553264772682719,0.5810558718467254,-27.25375739871807,-17.35400127986496,235.7631583761535,-36.27823901941211,-17.14820337784534,-31.82816261425895,0.0337056942821712,-0.0007686381845445,0.999431506091487,4.973133087158203,24.12555212906129,-16.68547744920204,-22.17298501023805,0.5804087507615249,0.5970362591872088,0.5537809921396637,4.186609268188477,-36.27823901941211,-17.14820337784534,-31.82816261425895,0.0337056942821712,-0.0007686381845445,0.999431506091487,4.973133087158203,1.3025166903200087,True,0.0,imu,-0.490485296,-9.430477044800002,2.4966897872,1.04687487,-1.39121527,-4.625395409999999,97.1204724,-37.94611160000001,133.6383368,388.107,-22.5279,False,0.9490500103592396,-0.3151254953778368,383.1972981913122,-25.51396007479281,4.381092559535648,-3.20463,False,inf
55.3125,10.71,-2.00734,381.743,-25.034,-0.0880081,-0.515515,-3.27972,1129.02,0.00644881,-0.51438,-167.318,-0.0349563,-0.0880081,-164.43,-0.0584524,-0.0377586,4.03783,-0.462377,10.8687,-0.775803,4.06447,-3.27972,-59.647,-4.72497,0.0,0.658136,-200.718,0.0,3.0,-0.857983,0.951066,0.00189945,388.105,-22.5299,0.0,5.68875e-25,0.0,-5.6210100000000006e-24,0.548333,-0.000170942,0.548333,0.0,0.680123,0.0,0.0,2810.82,-14.6177,0.0,0.0,0.0,0.0,0.0,0.0,0.0,0.0,0.0,0.0,0.0,3785.53,-83.4882,0.0,0.0,0.0,0.0,0.0,0.0,0.0,0.0,0.0,0.0,0.0,7388.63,-42.0105,0.0,0.0,0.0,0.0,0.0,0.0,0.0,0.0,0.0,999.0,999.0,1.0,4.534253852620093,gaze,0.5553264772682719,0.5810558718467254,-27.25375739871807,-17.35400127986496,235.7631583761535,-36.27823901941211,-17.14820337784534,-31.82816261425895,0.0337056942821712,-0.0007686381845445,0.999431506091487,4.973133087158203,24.12555212906129,-16.68547744920204,-22.17298501023805,0.5804087507615249,0.5970362591872088,0.5537809921396637,4.186609268188477,-36.27823901941211,-17.14820337784534,-31.82816261425895,0.0337056942821712,-0.0007686381845445,0.999431506091487,4.973133087158203,1.3025166903200087,True,0.0,imu,-0.490485296,-9.430477044800002,2.4966897872,1.04687487,-1.39121527,-4.625395409999999,97.1204724,-37.94611160000001,133.6383368,388.105,-22.5299,False,0.9494621885095964,-0.313881430783294,383.21466384414464,-25.51898920589777,4.373012888693267,-3.2797200000000006,False,inf
55.3285,10.1353,-2.2809,381.761,-25.0371,-0.0883204,-0.515577,-3.35534,1139.25,0.00598543,-0.514445,-159.085,-0.0501882,-0.0883204,-191.386,-0.0628465,-0.0376781,4.07463,-0.464944,10.3279,-1.11707,4.10132,-3.35534,-82.379,-4.76006,0.0,0.66801,-200.637,6.0,3.0,-0.857983,1.28551,0.00240717,388.103,-22.5318,0.0,5.42056e-25,0.0,-5.3560200000000005e-24,0.628275,-0.000216643,0.628275,0.0,0.779325,0.0,0.0,2810.82,-14.6177,0.0,0.0,0.0,0.0,0.0,0.0,0.0,0.0,0.0,0.0,0.0,3785.53,-83.4882,0.0,0.0,0.0,0.0,0.0,0.0,0.0,0.0,0.0,0.0,0.0,7388.63,-42.0105,0.0,0.0,0.0,0.0,0.0,0.0,0.0,0.0,0.0,999.0,999.0,1.0,4.516122785088986,gaze,0.5553264772682719,0.5810558718467254,-27.25375739871807,-17.35400127986496,235.7631583761535,-36.27823901941211,-17.14820337784534,-31.82816261425895,0.0337056942821712,-0.0007686381845445,0.999431506091487,4.973133087158203,24.12555212906129,-16.68547744920204,-22.17298501023805,0.5804087507615249,0.5970362591872088,0.5537809921396637,4.186609268188477,-36.27823901941211,-17.14820337784534,-31.82816261425895,0.0337056942821712,-0.0007686381845445,0.999431506091487,4.973133087158203,1.3025166903200087,True,0.0,imu,-0.490485296,-9.430477044800002,2.4966897872,1.04687487,-1.39121527,-4.625395409999999,97.1204724,-37.94611160000001,133.6383368,388.103,-22.5318,False,0.949875627802144,-0.3126280405009808,383.2320224650965,-25.5240311113304,4.365051567465255,-3.3553400000000004,False,inf
55.3445,10.7282,-1.93463,381.779,-25.0402,-0.0886999,-0.515854,-3.43152,1150.0,-0.000994792,-0.514724,-167.25,-0.0621661,-0.0886999,-157.938,-0.0721016,-0.0376085,4.11312,-0.468771,10.878,-0.707313,4.14,-3.43152,-59.8935,-4.79932,0.0,0.677883,-200.556,6.0,3.0,-0.857983,1.43679,0.00320004,388.1,-22.5344,0.0,5.17072e-25,0.0,-5.1091500000000015e-24,0.719271,-0.000288039,0.719271,0.0,0.892308,0.0,0.0,2810.82,-14.6177,0.0,0.0,0.0,0.0,0.0,0.0,0.0,0.0,0.0,0.0,0.0,3785.53,-83.4882,0.0,0.0,0.0,0.0,0.0,0.0,0.0,0.0,0.0,0.0,0.0,7388.63,-42.0105,0.0,0.0,0.0,0.0,0.0,0.0,0.0,0.0,0.0,999.0,999.0,1.0,4.497992801239253,gaze,0.5553264772682719,0.5810558718467254,-27.25375739871807,-17.35400127986496,235.7631583761535,-36.27823901941211,-17.14820337784534,-31.82816261425895,0.0337056942821712,-0.0007686381845445,0.999431506091487,4.973133087158203,24.12555212906129,-16.68547744920204,-22.17298501023805,0.5804087507615249,0.5970362591872088,0.5537809921396637,4.186609268188477,-36.27823901941211,-17.14820337784534,-31.82816261425895,0.0337056942821712,-0.0007686381845445,0.999431506091487,4.973133087158203,1.3025166903200087,True,0.0,imu,-0.490485296,-9.430477044800002,2.4966897872,1.04687487,-1.39121527,-4.625395409999999,97.1204724,-37.94611160000001,133.6383368,388.1,-22.5344,False,0.950290455764538,-0.3113648176702485,383.2493737454155,-25.52908653979504,4.356136396118987,-3.43152,False,inf
55.3605,10.454,-2.26298,381.797,-25.0434,-0.0893791,-0.516219,-3.50855,1160.68,0.00602854,-0.515092,-163.919,-0.0664809,-0.0893791,-189.915,-0.0822973,-0.0374918,4.15134,-0.472858,10.6423,-1.06526,4.17844,-3.50855,-72.7159,-4.84767,0.0,0.687756,-200.376,18.0,3.0,-0.857983,1.50652,0.00411988,388.096,-22.5373,0.0,4.9290499999999995e-25,0.0,-4.8703600000000004e-24,0.815189,-0.000370875,0.815189,0.0,1.01143,0.0,0.0,2810.82,-14.6177,0.0,0.0,0.0,0.0,0.0,0.0,0.0,0.0,0.0,0.0,0.0,3785.53,-83.4882,0.0,0.0,0.0,0.0,0.0,0.0,0.0,0.0,0.0,0.0,0.0,7388.63,-42.0105,0.0,0.0,0.0,0.0,0.0,0.0,0.0,0.0,0.0,999.0,999.0,1.0,4.479835037141423,gaze,0.5553264772682719,0.5810558718467254,-27.25375739871807,-17.35400127986496,235.7631583761535,-36.27823901941211,-17.14820337784534,-31.82816261425895,0.0337056942821712,-0.0007686381845445,0.999431506091487,4.973133087158203,24.12555212906129,-16.68547744920204,-22.17298501023805,0.5804087507615249,0.5970362591872088,0.5537809921396637,4.186609268188477,-36.27823901941211,-17.14820337784534,-31.82816261425895,0.0337056942821712,-0.0007686381845445,0.999431506091487,4.973133087158203,1.3025166903200087,True,0.0,imu,-0.490485296,-9.430477044800002,2.4966897872,1.04687487,-1.39121527,-4.625395409999999,97.1204724,-37.94611160000001,133.6383368,388.096,-22.5373,False,0.9507082041269938,-0.3100869403983769,383.2667151444509,-25.534262907716236,4.346735388999537,-3.50855,False,inf
55.3765,10.491,-2.1961,381.815,-25.0467,-0.0901218,-0.516676,-3.58626,1171.61,-0.000441257,-0.515552,-164.282,-0.0718848,-0.0901218,-184.093,-0.0977673,-0.0373912,4.19048,-0.477168,10.6715,-0.994992,4.21782,-3.58626,-71.3338,-4.89558,0.0,0.687756,-200.241,6.0,3.0,-0.857983,1.57625,0.00503972,388.093,-22.5402,0.0,4.68738e-25,0.0,-4.6315600000000015e-24,0.911107,-0.000453711,0.911107,0.0,1.13055,0.0,0.0,2810.82,-14.6177,0.0,0.0,0.0,0.0,0.0,0.0,0.0,0.0,0.0,0.0,0.0,3785.53,-83.4882,0.0,0.0,0.0,0.0,0.0,0.0,0.0,0.0,0.0,0.0,0.0,7388.63,-42.0105,0.0,0.0,0.0,0.0,0.0,0.0,0.0,0.0,0.0,999.0,999.0,1.0,4.461649368787302,gaze,0.5553264772682719,0.5810558718467254,-27.25375739871807,-17.35400127986496,235.7631583761535,-36.27823901941211,-17.14820337784534,-31.82816261425895,0.0337056942821712,-0.0007686381845445,0.999431506091487,4.973133087158203,24.12555212906129,-16.68547744920204,-22.17298501023805,0.5804087507615249,0.5970362591872088,0.5537809921396637,4.186609268188477,-36.27823901941211,-17.14820337784534,-31.82816261425895,0.0337056942821712,-0.0007686381845445,0.999431506091487,4.973133087158203,1.3025166903200087,True,0.0,imu,-0.490485296,-9.430477044800002,2.4966897872,1.04687487,-1.39121527,-4.625395409999999,97.1204724,-37.94611160000001,133.6383368,388.093,-22.5402,False,0.951127899045669,-0.3087972144579217,383.2840480377725,-25.539555823458368,4.337761973254176,-3.58626,False,inf
55.3925,10.235,-2.37289,381.834,-25.05,-0.0910112,-0.517205,-3.66471,1182.82,0.0123537,-0.516086,-160.608,-0.0791429,-0.0910112,-200.466,-0.0959308,-0.0372446,4.23067,-0.480758,10.4366,-1.20199,4.25816,-3.66471,-81.115,-4.93475,0.0,0.697629,-200.007,18.0,3.0,-0.857983,1.60663,0.00614921,388.089,-22.5436,0.0,4.4796e-25,0.0,-4.4262600000000005e-24,1.00349,-0.000553558,1.00349,0.0,1.24577,0.0,0.0,2810.82,-14.6177,0.0,0.0,0.0,0.0,0.0,0.0,0.0,0.0,0.0,0.0,0.0,3785.53,-83.4882,0.0,0.0,0.0,0.0,0.0,0.0,0.0,0.0,0.0,0.0,0.0,7388.63,-42.0105,0.0,0.0,0.0,0.0,0.0,0.0,0.0,0.0,0.0,999.0,999.0,1.0,4.442507512655446,gaze,0.5553264772682719,0.5810558718467254,-27.25375739871807,-17.35400127986496,235.7631583761535,-36.27823901941211,-17.14820337784534,-31.82816261425895,0.0337056942821712,-0.0007686381845445,0.999431506091487,4.973133087158203,24.12555212906129,-16.68547744920204,-22.17298501023805,0.5804087507615249,0.5970362591872088,0.5537809921396637,4.186609268188477,-36.27823901941211,-17.14820337784534,-31.82816261425895,0.0337056942821712,-0.0007686381845445,0.999431506091487,4.973133087158203,1.3025166903200087,True,0.0,imu,-0.490485296,-9.430477044800002,2.4966897872,1.04687487,-1.39121527,-4.625395409999999,97.1204724,-37.94611160000001,133.6383368,388.089,-22.5436,False,0.9515498158362784,-0.307494630818076,383.3023718374279,-25.54486679727851,4.327717327939421,-3.66471,False,inf
55.4085,10.47,-2.16489,381.853,-25.0533,-0.0918049,-0.517871,-3.74376,1194.08,0.0129297,-0.516756,-161.02,-0.0832832,-0.0918049,-172.256,-0.103976,-0.0370909,4.27096,-0.485347,10.6474,-0.968812,4.29871,-3.74376,-71.7274,-4.98603,0.0,0.707502,-199.746,18.0,3.0,-0.857983,1.61949,0.00734305,388.085,-22.5471,0.0,4.28691e-25,0.0,-4.23586e-24,1.0943,-0.000660971,1.0943,0.0,1.35926,0.0,0.0,2810.82,-14.6177,0.0,0.0,0.0,0.0,0.0,0.0,0.0,0.0,0.0,0.0,0.0,3785.53,-83.4882,0.0,0.0,0.0,0.0,0.0,0.0,0.0,0.0,0.0,0.0,0.0,7388.63,-42.0105,0.0,0.0,0.0,0.0,0.0,0.0,0.0,0.0,0.0,999.0,999.0,1.0,4.423366895250724,gaze,0.5553264772682719,0.5810558718467254,-27.25375739871807,-17.35400127986496,235.7631583761535,-36.27823901941211,-17.14820337784534,-31.82816261425895,0.0337056942821712,-0.0007686381845445,0.999431506091487,4.973133087158203,24.12555212906129,-16.68547744920204,-22.17298501023805,0.5804087507615249,0.5970362591872088,0.5537809921396637,4.186609268188477,-36.27823901941211,-17.14820337784534,-31.82816261425895,0.0337056942821712,-0.0007686381845445,0.999431506091487,4.973133087158203,1.3025166903200087,True,0.0,imu,-0.490485296,-9.430477044800002,2.4966897872,1.04687487,-1.39121527,-4.625395409999999,97.1204724,-37.94611160000001,133.6383368,388.085,-22.5471,False,0.9519731550977536,-0.3061815016836068,383.3206876809083,-25.5501922129698,4.317607469379549,-3.74376,False,inf
55.4245,10.4622,-2.16287,381.872,-25.0567,-0.0926877,-0.518601,-3.82361,1205.69,0.0119674,-0.517491,-161.71,-0.0869928,-0.0926877,-176.326,-0.0987978,-0.0369126,4.31255,-0.489452,10.639,-0.969189,4.3405,-3.82361,-69.3142,-5.0294,0.0,0.704211,-199.422,18.0,3.0,-0.857983,1.63236,0.00853689,388.081,-22.5506,0.0,4.09421e-25,0.0,-4.04546e-24,1.18511,-0.000768384,1.18511,0.0,1.47275,0.0,0.0,2810.82,-14.6177,0.0,0.0,0.0,0.0,0.0,0.0,0.0,0.0,0.0,0.0,0.0,3785.53,-83.4882,0.0,0.0,0.0,0.0,0.0,0.0,0.0,0.0,0.0,0.0,0.0,7388.63,-42.0105,0.0,0.0,0.0,0.0,0.0,0.0,0.0,0.0,0.0,999.0,999.0,1.0,4.404198461695384,gaze,0.5553264772682719,0.5810558718467254,-27.25375739871807,-17.35400127986496,235.7631583761535,-36.27823901941211,-17.14820337784534,-31.82816261425895,0.0337056942821712,-0.0007686381845445,0.999431506091487,4.973133087158203,24.12555212906129,-16.68547744920204,-22.17298501023805,0.5804087507615249,0.5970362591872088,0.5537809921396637,4.186609268188477,-36.27823901941211,-17.14820337784534,-31.82816261425895,0.0337056942821712,-0.0007686381845445,0.999431506091487,4.973133087158203,1.3025166903200087,True,0.0,imu,-0.490485296,-9.430477044800002,2.4966897872,1.04687487,-1.39121527,-4.625395409999999,97.1204724,-37.94611160000001,133.6383368,388.081,-22.5506,False,0.9523989389197728,-0.3048544917571185,383.3389937642756,-25.55563716596038,4.307616109176004,-3.82361,False,inf
55.4405,10.512,-1.96436,381.891,-25.0602,-0.0934393,-0.519379,-3.90413,1217.62,0.00307413,-0.518275,-162.143,-0.0918131,-0.0934393,-159.481,-0.0906955,-0.0367193,4.35532,-0.493443,10.6661,-0.768413,4.38346,-3.90413,-63.4843,-5.06871,0.0,0.717375,-199.053,18.0,3.0,-0.857983,1.64078,0.00993524,388.077,-22.5547,0.0,3.90694e-25,0.0,-3.8604100000000006e-24,1.27949,-0.000894253,1.27949,0.0,1.59082,0.0,0.0,2810.82,-14.6177,0.0,0.0,0.0,0.0,0.0,0.0,0.0,0.0,0.0,0.0,0.0,3785.53,-83.4882,0.0,0.0,0.0,0.0,0.0,0.0,0.0,0.0,0.0,0.0,0.0,7388.63,-42.0105,0.0,0.0,0.0,0.0,0.0,0.0,0.0,0.0,0.0,999.0,999.0,1.0,4.385002079817061,gaze,0.5553264772682719,0.5810558718467254,-27.25375739871807,-17.35400127986496,235.7631583761535,-36.27823901941211,-17.14820337784534,-31.82816261425895,0.0337056942821712,-0.0007686381845445,0.999431506091487,4.973133087158203,24.12555212906129,-16.68547744920204,-22.17298501023805,0.5804087507615249,0.5970362591872088,0.5537809921396637,4.186609268188477,-36.27823901941211,-17.14820337784534,-31.82816261425895,0.0337056942821712,-0.0007686381845445,0.999431506091487,4.973133087158203,1.3025166903200087,True,0.0,imu,-0.490485296,-9.430477044800002,2.4966897872,1.04687487,-1.39121527,-4.625395409999999,97.1204724,-37.94611160000001,133.6383368,388.077,-22.5547,False,0.952826422236674,-0.3035157476765572,383.3572911399518,-25.56119829630338,4.297176978600604,-3.90413,False,inf
55.4565,10.36,-2.15046,381.91,-25.0637,-0.0941586,-0.520239,-3.98533,1229.49,0.00756629,-0.519143,-160.67,-0.0958555,-0.0941586,-177.857,-0.0869391,-0.0364846,4.3979,-0.497144,10.5354,-0.973075,4.42618,-3.98533,-71.8184,-5.11112,0.0,0.717375,-198.603,24.0,3.0,-0.857983,1.64356,0.0115919,388.072,-22.5594,0.0,3.72651e-25,0.0,-3.6821400000000004e-24,1.37838,-0.00104343,1.37838,0.0,1.71468,0.0,0.0,2810.82,-14.6177,0.0,0.0,0.0,0.0,0.0,0.0,0.0,0.0,0.0,0.0,0.0,3785.53,-83.4882,0.0,0.0,0.0,0.0,0.0,0.0,0.0,0.0,0.0,0.0,0.0,7388.63,-42.0105,0.0,0.0,0.0,0.0,0.0,0.0,0.0,0.0,0.0,999.0,999.0,1.0,4.365806785692639,gaze,0.5553264772682719,0.5810558718467254,-27.25375739871807,-17.35400127986496,235.7631583761535,-36.27823901941211,-17.14820337784534,-31.82816261425895,0.0337056942821712,-0.0007686381845445,0.999431506091487,4.973133087158203,24.12555212906129,-16.68547744920204,-22.17298501023805,0.5804087507615249,0.5970362591872088,0.5537809921396637,4.186609268188477,-36.27823901941211,-17.14820337784534,-31.82816261425895,0.0337056942821712,-0.0007686381845445,0.999431506091487,4.973133087158203,1.3025166903200087,True,0.0,imu,-0.490485296,-9.430477044800002,2.4966897872,1.04687487,-1.39121527,-4.625395409999999,97.1204724,-37.94611160000001,133.6383368,388.072,-22.5594,False,0.9532556099772632,-0.302165090715119,383.3755796492148,-25.56677583107077,4.285892163609592,-3.98533,False,inf
55.4725,10.3588,-2.21287,381.929,-25.0673,-0.0948018,-0.521166,-4.06718,1241.82,0.0104976,-0.520077,-160.09,-0.0987565,-0.0948018,-182.761,-0.082445,-0.0362384,4.4421,-0.501256,10.541,-1.0373,4.47057,-4.06718,-70.5856,-5.15233,0.0,0.714084,-198.099,36.0,3.0,-0.857983,1.64635,0.0132486,388.066,-22.5642,0.0,3.54608e-25,0.0,-3.50386e-24,1.47727,-0.00119262,1.47727,0.0,1.83853,0.0,0.0,2810.82,-14.6177,0.0,0.0,0.0,0.0,0.0,0.0,0.0,0.0,0.0,0.0,0.0,3785.53,-83.4882,0.0,0.0,0.0,0.0,0.0,0.0,0.0,0.0,0.0,0.0,0.0,7388.63,-42.0105,0.0,0.0,0.0,0.0,0.0,0.0,0.0,0.0,0.0,999.0,999.0,1.0,4.346583381231784,gaze,0.5553264772682719,0.5810558718467254,-27.25375739871807,-17.35400127986496,235.7631583761535,-36.27823901941211,-17.14820337784534,-31.82816261425895,0.0337056942821712,-0.0007686381845445,0.999431506091487,4.973133087158203,24.12555212906129,-16.68547744920204,-22.17298501023805,0.5804087507615249,0.5970362591872088,0.5537809921396637,4.186609268188477,-36.27823901941211,-17.14820337784534,-31.82816261425895,0.0337056942821712,-0.0007686381845445,0.999431506091487,4.973133087158203,1.3025166903200087,True,0.0,imu,-0.490485296,-9.430477044800002,2.4966897872,1.04687487,-1.39121527,-4.625395409999999,97.1204724,-37.94611160000001,133.6383368,388.066,-22.5642,False,0.953686295689754,-0.3008030076537719,383.3938594840297,-25.572468973758465,4.274338813407029,-4.06718,False,inf
55.4885,10.4657,-2.11733,381.949,-25.071,-0.0953373,-0.522141,-4.14965,1254.39,0.0100739,-0.52106,-160.678,-0.101927,-0.0953373,-170.69,-0.0710966,-0.0359615,4.48722,-0.504811,10.6365,-0.933975,4.5158,-4.14965,-64.7355,-5.1882,0.0,0.723958,-197.523,36.0,3.0,-0.857983,1.64813,0.0149967,388.061,-22.5691,0.0,3.3818000000000004e-25,0.0,-3.34153e-24,1.57283,-0.00135004,1.57283,0.0,1.95842,0.0,0.0,2810.82,-14.6177,0.0,0.0,0.0,0.0,0.0,0.0,0.0,0.0,0.0,0.0,0.0,3785.53,-83.4882,0.0,0.0,0.0,0.0,0.0,0.0,0.0,0.0,0.0,0.0,0.0,7388.63,-42.0105,0.0,0.0,0.0,0.0,0.0,0.0,0.0,0.0,0.0,999.0,999.0,1.0,4.326375503813787,gaze,0.5553264772682719,0.5810558718467254,-27.25375739871807,-17.35400127986496,235.7631583761535,-36.27823901941211,-17.14820337784534,-31.82816261425895,0.0337056942821712,-0.0007686381845445,0.999431506091487,4.973133087158203,24.12555212906129,-16.68547744920204,-22.17298501023805,0.5804087507615249,0.5970362591872088,0.5537809921396637,4.186609268188477,-36.27823901941211,-17.14820337784534,-31.82816261425895,0.0337056942821712,-0.0007686381845445,0.999431506091487,4.973133087158203,1.3025166903200087,True,0.0,imu,-0.490485296,-9.430477044800002,2.4966897872,1.04687487,-1.39121527,-4.625395409999999,97.1204724,-37.94611160000001,133.6383368,388.061,-22.5691,False,0.9541182753570988,-0.2994299861897528,383.41313084023847,-25.57827692896738,4.262822100029894,-4.14965,False,inf
55.5045,10.2637,-2.21503,381.969,-25.0747,-0.095631,-0.523261,-4.23252,1267.31,0.00753418,-0.52219,-161.358,-0.119828,-0.095631,-193.168,-0.0741135,-0.0356419,4.53373,-0.507394,10.4449,-1.05961,4.56231,-4.23252,-75.6002,-5.20881,0.0,0.727249,-196.875,36.0,3.0,-0.857983,1.64865,0.0168603,388.055,-22.5744,0.0,3.23792e-25,0.0,-3.1993700000000003e-24,1.66417,-0.00151787,1.66417,0.0,2.07329,0.0,0.0,2810.82,-14.6177,0.0,0.0,0.0,0.0,0.0,0.0,0.0,0.0,0.0,0.0,0.0,3785.53,-83.4882,0.0,0.0,0.0,0.0,0.0,0.0,0.0,0.0,0.0,0.0,0.0,7388.63,-42.0105,0.0,0.0,0.0,0.0,0.0,0.0,0.0,0.0,0.0,999.0,999.0,1.0,4.306168864547715,gaze,0.5553264772682719,0.5810558718467254,-27.25375739871807,-17.35400127986496,235.7631583761535,-36.27823901941211,-17.14820337784534,-31.82816261425895,0.0337056942821712,-0.0007686381845445,0.999431506091487,4.973133087158203,24.12555212906129,-16.68547744920204,-22.17298501023805,0.5804087507615249,0.5970362591872088,0.5537809921396637,4.186609268188477,-36.27823901941211,-17.14820337784534,-31.82816261425895,0.0337056942821712,-0.0007686381845445,0.999431506091487,4.973133087158203,1.3025166903200087,True,0.0,imu,-0.490485296,-9.430477044800002,2.4966897872,1.04687487,-1.39121527,-4.625395409999999,97.1204724,-37.94611160000001,133.6383368,388.055,-22.5744,False,0.9545503590901332,-0.2980496803569794,383.4323956068635,-25.584094049643856,4.25067029763008,-4.23252,False,inf
55.5205,10.2978,-2.21882,381.989,-25.0784,-0.0961774,-0.524594,-4.31595,1280.26,0.0133597,-0.523533,-161.009,-0.127715,-0.0961774,-191.198,-0.0755179,-0.0352913,4.5803,-0.510501,10.479,-1.06434,4.60893,-4.31595,-74.6741,-5.2455,0.0,0.727249,-196.146,42.0,3.0,-0.857983,1.64916,0.018724,388.049,-22.5796,0.0,3.09405e-25,0.0,-3.0572e-24,1.75551,-0.0016857,1.75551,0.0,2.18816,0.0,0.0,2810.82,-14.6177,0.0,0.0,0.0,0.0,0.0,0.0,0.0,0.0,0.0,0.0,0.0,3785.53,-83.4882,0.0,0.0,0.0,0.0,0.0,0.0,0.0,0.0,0.0,0.0,0.0,7388.63,-42.0105,0.0,0.0,0.0,0.0,0.0,0.0,0.0,0.0,0.0,999.0,999.0,1.0,4.285963480945714,gaze,0.5553264772682719,0.5810558718467254,-27.25375739871807,-17.35400127986496,235.7631583761535,-36.27823901941211,-17.14820337784534,-31.82816261425895,0.0337056942821712,-0.0007686381845445,0.999431506091487,4.973133087158203,24.12555212906129,-16.68547744920204,-22.17298501023805,0.5804087507615249,0.5970362591872088,0.5537809921396637,4.186609268188477,-36.27823901941211,-17.14820337784534,-31.82816261425895,0.0337056942821712,-0.0007686381845445,0.999431506091487,4.973133087158203,1.3025166903200087,True,0.0,imu,-0.490485296,-9.430477044800002,2.4966897872,1.04687487,-1.39121527,-4.625395409999999,97.1204724,-37.94611160000001,133.6383368,388.049,-22.5796,False,0.9549833455089924,-0.2966594171781039,383.4516523126622,-25.589924400457956,4.238656152507426,-4.31595,False,inf
55.5365,10.6732,-1.81413,382.009,-25.0822,-0.0965094,-0.52605,-4.39982,1293.54,0.00183309,-0.525,-162.307,-0.132837,-0.0965094,-143.069,-0.062409,-0.034937,4.62809,-0.513526,10.8081,-0.625961,4.65676,-4.39982,-53.624,-5.27323,0.0,0.723958,-195.354,42.0,3.0,-0.857983,1.53208,0.0201848,388.043,-22.5849,0.0,2.9519e-25,0.0,-2.9167500000000003e-24,1.82716,-0.00181716,1.82716,0.0,2.27856,0.0,0.0,2810.82,-14.6177,0.0,0.0,0.0,0.0,0.0,0.0,0.0,0.0,0.0,0.0,0.0,3785.53,-83.4882,0.0,0.0,0.0,0.0,0.0,0.0,0.0,0.0,0.0,0.0,0.0,7388.63,-42.0105,0.0,0.0,0.0,0.0,0.0,0.0,0.0,0.0,0.0,999.0,999.0,1.0,4.265729953946919,gaze,0.5553264772682719,0.5810558718467254,-27.25375739871807,-17.35400127986496,235.7631583761535,-36.27823901941211,-17.14820337784534,-31.82816261425895,0.0337056942821712,-0.0007686381845445,0.999431506091487,4.973133087158203,24.12555212906129,-16.68547744920204,-22.17298501023805,0.5804087507615249,0.5970362591872088,0.5537809921396637,4.186609268188477,-36.27823901941211,-17.14820337784534,-31.82816261425895,0.0337056942821712,-0.0007686381845445,0.999431506091487,4.973133087158203,1.3025166903200087,True,0.0,imu,-0.490485296,-9.430477044800002,2.4966897872,1.04687487,-1.39121527,-4.625395409999999,97.1204724,-37.94611160000001,133.6383368,388.043,-22.5849,False,0.9554165745394422,-0.2952611879257393,383.4709019725661,-25.595864893298653,4.226688859306991,-4.399819999999999,False,inf
55.5525,10.4032,-2.06742,382.029,-25.0861,-0.0969338,-0.527586,-4.48426,1307.0,0.0137117,-0.526548,-157.868,-0.137766,-0.0969338,-165.148,-0.0637634,-0.0345591,4.67648,-0.5168,10.5672,-0.912146,4.70522,-4.48426,-66.7371,-5.30784,0.0,0.743704,-194.508,54.0,3.0,-0.857983,0.91277,0.0199249,388.037,-22.5905,0.0,2.8171399999999998e-25,0.0,-2.78359e-24,1.81472,-0.00179329,1.81472,0.0,2.26449,0.0,0.0,2810.82,-14.6177,0.0,0.0,0.0,0.0,0.0,0.0,0.0,0.0,0.0,0.0,0.0,3785.53,-83.4882,0.0,0.0,0.0,0.0,0.0,0.0,0.0,0.0,0.0,0.0,0.0,7388.63,-42.0105,0.0,0.0,0.0,0.0,0.0,0.0,0.0,0.0,0.0,999.0,999.0,1.0,4.24546814968622,gaze,0.5553264772682719,0.5810558718467254,-27.25375739871807,-17.35400127986496,235.7631583761535,-36.27823901941211,-17.14820337784534,-31.82816261425895,0.0337056942821712,-0.0007686381845445,0.999431506091487,4.973133087158203,24.12555212906129,-16.68547744920204,-22.17298501023805,0.5804087507615249,0.5970362591872088,0.5537809921396637,4.186609268188477,-36.27823901941211,-17.14820337784534,-31.82816261425895,0.0337056942821712,-0.0007686381845445,0.999431506091487,4.973133087158203,1.3025166903200087,True,0.0,imu,-0.490485296,-9.430477044800002,2.4966897872,1.04687487,-1.39121527,-4.625395409999999,97.1204724,-37.94611160000001,133.6383368,388.037,-22.5905,False,0.955850679773636,-0.2938528168595258,383.4901433685174,-25.601918821523142,4.214573356653583,-4.484260000000001,False,inf
55.5685,10.6336,-1.74302,382.05,-25.09,-0.0971395,-0.529162,-4.5692,1320.62,0.00791739,-0.528134,-160.639,-0.13911,-0.0971395,-135.298,-0.0485525,-0.0341864,4.72543,-0.519921,10.7605,-0.569558,4.75422,-4.5692,-51.2761,-5.33911,0.0,0.740413,-193.644,54.0,3.0,-0.857983,0.293461,0.0196649,388.031,-22.5961,0.0,2.68238e-25,0.0,-2.6504400000000003e-24,1.80227,-0.00176942,1.80227,0.0,2.25042,0.0,0.0,2810.82,-14.6177,0.0,0.0,0.0,0.0,0.0,0.0,0.0,0.0,0.0,0.0,0.0,3785.53,-83.4882,0.0,0.0,0.0,0.0,0.0,0.0,0.0,0.0,0.0,0.0,0.0,7388.63,-42.0105,0.0,0.0,0.0,0.0,0.0,0.0,0.0,0.0,0.0,999.0,999.0,1.0,4.224252004793276,gaze,0.5553264772682719,0.5810558718467254,-27.25375739871807,-17.35400127986496,235.7631583761535,-36.27823901941211,-17.14820337784534,-31.82816261425895,0.0337056942821712,-0.0007686381845445,0.999431506091487,4.973133087158203,24.12555212906129,-16.68547744920204,-22.17298501023805,0.5804087507615249,0.5970362591872088,0.5537809921396637,4.186609268188477,-36.27823901941211,-17.14820337784534,-31.82816261425895,0.0337056942821712,-0.0007686381845445,0.999431506091487,4.973133087158203,1.3025166903200087,True,0.0,imu,-0.490485296,-9.430477044800002,2.4966897872,1.04687487,-1.39121527,-4.625395409999999,97.1204724,-37.94611160000001,133.6383368,388.031,-22.5961,False,0.9562852609590616,-0.2924354624057411,383.51037707071833,-25.607984373625463,4.202211090897429,-4.5692,False,inf
55.5845,10.3102,-2.17081,382.071,-25.094,-0.0971672,-0.530788,-4.65461,1334.53,0.0123497,-0.529772,-158.22,-0.142942,-0.0971672,-181.367,-0.033332,-0.0338003,4.77552,-0.522579,10.4843,-1.03629,4.8043,-4.65461,-71.3777,-5.3632,0.0,0.743704,-192.708,60.0,3.0,-0.857983,-0.243907,0.0192723,388.025,-22.6015,0.0,2.55202e-25,0.0,-2.5216300000000002e-24,1.78335,-0.00173372,1.78335,0.0,2.22823,0.0,0.0,2810.82,-14.6177,0.0,0.0,0.0,0.0,0.0,0.0,0.0,0.0,0.0,0.0,0.0,3785.53,-83.4882,0.0,0.0,0.0,0.0,0.0,0.0,0.0,0.0,0.0,0.0,0.0,7388.63,-42.0105,0.0,0.0,0.0,0.0,0.0,0.0,0.0,0.0,0.0,999.0,999.0,1.0,4.203007732564846,gaze,0.5553264772682719,0.5810558718467254,-27.25375739871807,-17.35400127986496,235.7631583761535,-36.27823901941211,-17.14820337784534,-31.82816261425895,0.0337056942821712,-0.0007686381845445,0.999431506091487,4.973133087158203,24.12555212906129,-16.68547744920204,-22.17298501023805,0.5804087507615249,0.5970362591872088,0.5537809921396637,4.186609268188477,-36.27823901941211,-17.14820337784534,-31.82816261425895,0.0337056942821712,-0.0007686381845445,0.999431506091487,4.973133087158203,1.3025166903200087,True,0.0,imu,-0.490485296,-9.430477044800002,2.4966897872,1.04687487,-1.39121527,-4.625395409999999,97.1204724,-37.94611160000001,133.6383368,388.025,-22.6015,False,0.9567201276621926,-0.2910096172397708,383.5306032965147,-25.61416076053797,4.190185851829698,-4.654610000000001,False,inf
55.6005,10.5599,-1.85241,382.092,-25.0981,-0.0968838,-0.532426,-4.74036,1348.61,0.00849104,-0.531422,-160.87,-0.142038,-0.0968838,-151.21,-0.0176705,-0.033407,4.82622,-0.525258,10.6978,-0.698929,4.855,-4.74036,-54.7136,-5.3865,0.0,0.750286,-191.727,54.0,3.0,-0.857983,-0.434689,0.0183184,388.019,-22.6065,0.0,2.44029e-25,0.0,-2.4112400000000003e-24,1.73708,-0.00164801,1.73708,0.0,2.1717,0.0,0.0,2810.82,-14.6177,0.0,0.0,0.0,0.0,0.0,0.0,0.0,0.0,0.0,0.0,0.0,3785.53,-83.4882,0.0,0.0,0.0,0.0,0.0,0.0,0.0,0.0,0.0,0.0,0.0,7388.63,-42.0105,0.0,0.0,0.0,0.0,0.0,0.0,0.0,0.0,0.0,999.0,999.0,1.0,4.181735191281273,gaze,0.5553264772682719,0.5810558718467254,-27.25375739871807,-17.35400127986496,235.7631583761535,-36.27823901941211,-17.14820337784534,-31.82816261425895,0.0337056942821712,-0.0007686381845445,0.999431506091487,4.973133087158203,24.12555212906129,-16.68547744920204,-22.17298501023805,0.5804087507615249,0.5970362591872088,0.5537809921396637,4.186609268188477,-36.27823901941211,-17.14820337784534,-31.82816261425895,0.0337056942821712,-0.0007686381845445,0.999431506091487,4.973133087158203,1.3025166903200087,True,0.0,imu,-0.490485296,-9.430477044800002,2.4966897872,1.04687487,-1.39121527,-4.625395409999999,97.1204724,-37.94611160000001,133.6383368,388.019,-22.6065,False,0.9571545867999296,-0.2895774455441169,383.5508231792333,-25.62044464841884,4.178694174592259,-4.740360000000001,False,inf
55.6165,10.5436,-1.79519,382.113,-25.1022,-0.096542,-0.534082,-4.82655,1362.92,0.00798167,-0.53309,-159.393,-0.143501,-0.096542,-142.385,-0.0119503,-0.0330143,4.87775,-0.527872,10.6753,-0.650306,4.90651,-4.82655,-51.9038,-5.41244,0.0,0.753577,-190.746,60.0,3.0,-0.857983,-0.625471,0.0173645,388.014,-22.6114,0.0,2.32857e-25,0.0,-2.3008400000000002e-24,1.6908,-0.00156231,1.6908,0.0,2.11516,0.0,0.0,2810.82,-14.6177,0.0,0.0,0.0,0.0,0.0,0.0,0.0,0.0,0.0,0.0,0.0,3785.53,-83.4882,0.0,0.0,0.0,0.0,0.0,0.0,0.0,0.0,0.0,0.0,0.0,7388.63,-42.0105,0.0,0.0,0.0,0.0,0.0,0.0,0.0,0.0,0.0,999.0,999.0,1.0,4.160463921247257,gaze,0.5553264772682719,0.5810558718467254,-27.25375739871807,-17.35400127986496,235.7631583761535,-36.27823901941211,-17.14820337784534,-31.82816261425895,0.0337056942821712,-0.0007686381845445,0.999431506091487,4.973133087158203,24.12555212906129,-16.68547744920204,-22.17298501023805,0.5804087507615249,0.5970362591872088,0.5537809921396637,4.186609268188477,-36.27823901941211,-17.14820337784534,-31.82816261425895,0.0337056942821712,-0.0007686381845445,0.999431506091487,4.973133087158203,1.3025166903200087,True,0.0,imu,-0.490485296,-9.430477044800002,2.4966897872,1.04687487,-1.39121527,-4.625395409999999,97.1204724,-37.94611160000001,133.6383368,388.014,-22.6114,False,0.9575891147989696,-0.2881372714844881,383.5710357662528,-25.62673856324168,4.167638977208884,-4.82655,False,inf
55.6325,10.467,-1.80447,382.134,-25.1064,-0.09608,-0.535751,-4.91318,1377.53,0.00573643,-0.53477,-158.185,-0.143114,-0.09608,-144.415,-0.000430371,-0.0326499,4.93035,-0.530715,10.5997,-0.673809,4.95912,-4.91318,-53.243,-5.44025,0.0,0.753577,-189.783,54.0,3.0,-0.857983,-0.764775,0.0165615,388.008,-22.6163,0.0,2.21806e-25,0.0,-2.1916500000000003e-24,1.65168,-0.00149018,1.65168,0.0,2.06758,0.0,0.0,2810.82,-14.6177,0.0,0.0,0.0,0.0,0.0,0.0,0.0,0.0,0.0,0.0,0.0,3785.53,-83.4882,0.0,0.0,0.0,0.0,0.0,0.0,0.0,0.0,0.0,0.0,0.0,7388.63,-42.0105,0.0,0.0,0.0,0.0,0.0,0.0,0.0,0.0,0.0,999.0,999.0,1.0,4.1391642103207245,gaze,0.5553264772682719,0.5810558718467254,-27.25375739871807,-17.35400127986496,235.7631583761535,-36.27823901941211,-17.14820337784534,-31.82816261425895,0.0337056942821712,-0.0007686381845445,0.999431506091487,4.973133087158203,24.12555212906129,-16.68547744920204,-22.17298501023805,0.5804087507615249,0.5970362591872088,0.5537809921396637,4.186609268188477,-36.27823901941211,-17.14820337784534,-31.82816261425895,0.0337056942821712,-0.0007686381845445,0.999431506091487,4.973133087158203,1.3025166903200087,True,0.0,imu,-0.490485296,-9.430477044800002,2.4966897872,1.04687487,-1.39121527,-4.625395409999999,97.1204724,-37.94611160000001,133.6383368,388.008,-22.6163,False,0.9580236774967706,-0.2866890883092057,383.5912410088111,-25.633142481900983,4.156443137404706,-4.9131800000000005,False,inf
55.6485,10.4203,-1.92586,382.156,-25.1107,-0.0955654,-0.537387,-5.00034,1392.21,0.0109927,-0.536416,-157.9,-0.14019,-0.0955654,-155.877,-0.00721953,-0.0323089,4.98311,-0.534139,10.5657,-0.804229,5.01195,-5.00034,-58.0089,-5.47783,0.0,0.76345,-188.883,54.0,3.0,-0.857983,-0.160741,0.0179385,388.002,-22.6217,0.0,2.12515e-25,0.0,-2.0998500000000003e-24,1.71588,-0.00161421,1.71588,0.0,2.14926,0.0,0.0,2810.82,-14.6177,0.0,0.0,0.0,0.0,0.0,0.0,0.0,0.0,0.0,0.0,0.0,3785.53,-83.4882,0.0,0.0,0.0,0.0,0.0,0.0,0.0,0.0,0.0,0.0,0.0,7388.63,-42.0105,0.0,0.0,0.0,0.0,0.0,0.0,0.0,0.0,0.0,999.0,999.0,1.0,4.116881306280283,gaze,0.5553264772682719,0.5810558718467254,-27.25375739871807,-17.35400127986496,235.7631583761535,-36.27823901941211,-17.14820337784534,-31.82816261425895,0.0337056942821712,-0.0007686381845445,0.999431506091487,4.973133087158203,24.12555212906129,-16.68547744920204,-22.17298501023805,0.5804087507615249,0.5970362591872088,0.5537809921396637,4.186609268188477,-36.27823901941211,-17.14820337784534,-31.82816261425895,0.0337056942821712,-0.0007686381845445,0.999431506091487,4.973133087158203,1.3025166903200087,True,0.0,imu,-0.490485296,-9.430477044800002,2.4966897872,1.04687487,-1.39121527,-4.625395409999999,97.1204724,-37.94611160000001,133.6383368,388.002,-22.6217,False,0.958458688577722,-0.2852313837744256,383.612438027066,-25.63965866881649,4.144629543599193,-5.00034,False,inf
55.6645,10.1877,-2.09389,382.178,-25.115,-0.0949413,-0.539043,-5.08792,1407.34,0.0149199,-0.538081,-156.943,-0.147046,-0.0949413,-179.016,0.00875644,-0.0320042,5.03771,-0.535862,10.3507,-1.00442,5.06641,-5.08792,-66.8312,-5.49224,0.0,0.770032,-188.055,54.0,3.0,-0.857983,0.443293,0.0193154,387.996,-22.627,0.0,2.03225e-25,0.0,-2.00805e-24,1.78008,-0.00173824,1.78008,0.0,2.23093,0.0,0.0,2810.82,-14.6177,0.0,0.0,0.0,0.0,0.0,0.0,0.0,0.0,0.0,0.0,0.0,3785.53,-83.4882,0.0,0.0,0.0,0.0,0.0,0.0,0.0,0.0,0.0,0.0,0.0,7388.63,-42.0105,0.0,0.0,0.0,0.0,0.0,0.0,0.0,0.0,0.0,999.0,999.0,1.0,4.094599858350034,gaze,0.5553264772682719,0.5810558718467254,-27.25375739871807,-17.35400127986496,235.7631583761535,-36.27823901941211,-17.14820337784534,-31.82816261425895,0.0337056942821712,-0.0007686381845445,0.999431506091487,4.973133087158203,24.12555212906129,-16.68547744920204,-22.17298501023805,0.5804087507615249,0.5970362591872088,0.5537809921396637,4.186609268188477,-36.27823901941211,-17.14820337784534,-31.82816261425895,0.0337056942821712,-0.0007686381845445,0.999431506091487,4.973133087158203,1.3025166903200087,True,0.0,imu,-0.490485296,-9.430477044800002,2.4966897872,1.04687487,-1.39121527,-4.625395409999999,97.1204724,-37.94611160000001,133.6383368,387.996,-22.627,False,0.9588935617929264,-0.2837659901257992,383.6336277811784,-25.64618430197229,4.132969260998711,-5.08792,False,inf
55.6805,10.3242,-1.85117,382.2,-25.1194,-0.0942833,-0.540901,-5.1757,1422.71,0.00161429,-0.539948,-156.281,-0.162862,-0.0942833,-150.703,-0.0101583,-0.0317181,5.09314,-0.538083,10.4608,-0.756146,5.12176,-5.1757,-58.0974,-5.51269,0.0,0.773323,-187.308,42.0,3.0,-0.857983,1.04733,0.0206923,387.99,-22.6324,0.0,1.93934e-25,0.0,-1.91625e-24,1.84428,-0.00186226,1.84428,0.0,2.31261,0.0,0.0,2810.82,-14.6177,0.0,0.0,0.0,0.0,0.0,0.0,0.0,0.0,0.0,0.0,0.0,3785.53,-83.4882,0.0,0.0,0.0,0.0,0.0,0.0,0.0,0.0,0.0,0.0,0.0,7388.63,-42.0105,0.0,0.0,0.0,0.0,0.0,0.0,0.0,0.0,0.0,999.0,999.0,1.0,4.072289989674138,gaze,0.5553264772682719,0.5810558718467254,-27.25375739871807,-17.35400127986496,235.7631583761535,-36.27823901941211,-17.14820337784534,-31.82816261425895,0.0337056942821712,-0.0007686381845445,0.999431506091487,4.973133087158203,24.12555212906129,-16.68547744920204,-22.17298501023805,0.5804087507615249,0.5970362591872088,0.5537809921396637,4.186609268188477,-36.27823901941211,-17.14820337784534,-31.82816261425895,0.0337056942821712,-0.0007686381845445,0.999431506091487,4.973133087158203,1.3025166903200087,True,0.0,imu,-0.490485296,-9.430477044800002,2.4966897872,1.04687487,-1.39121527,-4.625395409999999,97.1204724,-37.94611160000001,133.6383368,387.99,-22.6324,False,0.9593271799666068,-0.2822965847779907,383.65481227226974,-25.65281377227564,4.121373716399198,-5.175700000000001,False,inf
55.6965,10.1941,-1.96835,382.223,-25.1238,-0.094092,-0.542914,-5.26408,1438.08,0.0130405,-0.541968,-153.846,-0.168848,-0.094092,-159.683,-0.0332805,-0.0314708,5.14846,-0.541109,10.3433,-0.891934,5.17709,-5.26408,-62.0117,-5.55293,0.0,0.770032,-186.651,36.0,3.0,-0.857983,0.57876,0.0199291,387.985,-22.6377,0.0,1.8513599999999999e-25,0.0,-1.8293200000000003e-24,1.80838,-0.00179326,1.80838,0.0,2.26896,0.0,0.0,2810.82,-14.6177,0.0,0.0,0.0,0.0,0.0,0.0,0.0,0.0,0.0,0.0,0.0,3785.53,-83.4882,0.0,0.0,0.0,0.0,0.0,0.0,0.0,0.0,0.0,0.0,0.0,7388.63,-42.0105,0.0,0.0,0.0,0.0,0.0,0.0,0.0,0.0,0.0,999.0,999.0,1.0,4.049027443720282,gaze,0.5553264772682719,0.5810558718467254,-27.25375739871807,-17.35400127986496,235.7631583761535,-36.27823901941211,-17.14820337784534,-31.82816261425895,0.0337056942821712,-0.0007686381845445,0.999431506091487,4.973133087158203,24.12555212906129,-16.68547744920204,-22.17298501023805,0.5804087507615249,0.5970362591872088,0.5537809921396637,4.186609268188477,-36.27823901941211,-17.14820337784534,-31.82816261425895,0.0337056942821712,-0.0007686381845445,0.999431506091487,4.973133087158203,1.3025166903200087,True,0.0,imu,-0.490485296,-9.430477044800002,2.4966897872,1.04687487,-1.39121527,-4.625395409999999,97.1204724,-37.94611160000001,133.6383368,387.985,-22.6377,False,0.9597614871855727,-0.2808164662467953,383.67698773935,-25.659457216715925,4.109926979812623,-5.26408,False,inf
55.7125,10.2886,-1.83583,382.245,-25.1283,-0.0941663,-0.545043,-5.35305,1453.79,0.00310265,-0.544103,-155.14,-0.174817,-0.0941663,-147.938,-0.0460055,-0.0312663,5.20502,-0.544189,10.4231,-0.755941,5.23366,-5.35305,-52.9999,-5.59055,0.0,0.783197,-186.093,36.0,3.0,-0.857983,-0.133481,0.0186798,387.979,-22.6429,0.0,1.7645e-25,0.0,-1.74349e-24,1.74973,-0.0016804,1.74973,0.0,2.19683,0.0,0.0,2810.82,-14.6177,0.0,0.0,0.0,0.0,0.0,0.0,0.0,0.0,0.0,0.0,0.0,3785.53,-83.4882,0.0,0.0,0.0,0.0,0.0,0.0,0.0,0.0,0.0,0.0,0.0,7388.63,-42.0105,0.0,0.0,0.0,0.0,0.0,0.0,0.0,0.0,0.0,999.0,999.0,1.0,4.026690538146688,gaze,0.5553264772682719,0.5810558718467254,-27.25375739871807,-17.35400127986496,235.7631583761535,-36.27823901941211,-17.14820337784534,-31.82816261425895,0.0337056942821712,-0.0007686381845445,0.999431506091487,4.973133087158203,24.12555212906129,-16.68547744920204,-22.17298501023805,0.5804087507615249,0.5970362591872088,0.5537809921396637,4.186609268188477,-36.27823901941211,-17.14820337784534,-31.82816261425895,0.0337056942821712,-0.0007686381845445,0.999431506091487,4.973133087158203,1.3025166903200087,True,0.0,imu,-0.490485296,-9.430477044800002,2.4966897872,1.04687487,-1.39121527,-4.625395409999999,97.1204724,-37.94611160000001,133.6383368,387.979,-22.6429,False,0.9601963871655824,-0.279325791995947,383.6981542077851,-25.666214350428103,4.098726157869874,-5.35305,False,inf
55.7285,10.3337,-1.58844,382.268,-25.1329,-0.0944891,-0.54725,-5.44268,1469.77,0.00300577,-0.546316,-154.431,-0.178078,-0.0944891,-124.121,-0.0563076,-0.0311063,5.26249,-0.547613,10.4423,-0.510298,5.29118,-5.44268,-41.8965,-5.6298,0.0,0.779906,-185.634,24.0,3.0,-0.857983,-0.845722,0.0174304,387.973,-22.6482,0.0,1.67764e-25,0.0,-1.65766e-24,1.69109,-0.00156754,1.69109,0.0,2.1247,0.0,0.0,2810.82,-14.6177,0.0,0.0,0.0,0.0,0.0,0.0,0.0,0.0,0.0,0.0,0.0,3785.53,-83.4882,0.0,0.0,0.0,0.0,0.0,0.0,0.0,0.0,0.0,0.0,0.0,7388.63,-42.0105,0.0,0.0,0.0,0.0,0.0,0.0,0.0,0.0,0.0,999.0,999.0,1.0,4.003371180642673,gaze,0.5553264772682719,0.5810558718467254,-27.25375739871807,-17.35400127986496,235.7631583761535,-36.27823901941211,-17.14820337784534,-31.82816261425895,0.0337056942821712,-0.0007686381845445,0.999431506091487,4.973133087158203,24.12555212906129,-16.68547744920204,-22.17298501023805,0.5804087507615249,0.5970362591872088,0.5537809921396637,4.186609268188477,-36.27823901941211,-17.14820337784534,-31.82816261425895,0.0337056942821712,-0.0007686381845445,0.999431506091487,4.973133087158203,1.3025166903200087,True,0.0,imu,-0.490485296,-9.430477044800002,2.4966897872,1.04687487,-1.39121527,-4.625395409999999,97.1204724,-37.94611160000001,133.6383368,387.973,-22.6482,False,0.96063217223356,-0.2778233785516116,383.7203109498952,-25.673086916552545,4.087300129238318,-5.44268,False,inf
55.7445,10.2259,-1.80127,382.291,-25.1376,-0.0951043,-0.54949,-5.53303,1485.84,0.00778611,-0.548559,-152.705,-0.178112,-0.0951043,-141.875,-0.0811891,-0.0309799,5.32022,-0.551746,10.3567,-0.73675,5.34903,-5.53303,-51.7219,-5.68143,0.0,0.789779,-185.274,18.0,3.0,-0.857983,-0.431198,0.0183524,387.967,-22.6538,0.0,1.60262e-25,0.0,-1.5835400000000001e-24,1.73288,-0.00165135,1.73288,0.0,2.17864,0.0,0.0,2810.82,-14.6177,0.0,0.0,0.0,0.0,0.0,0.0,0.0,0.0,0.0,0.0,0.0,3785.53,-83.4882,0.0,0.0,0.0,0.0,0.0,0.0,0.0,0.0,0.0,0.0,0.0,7388.63,-42.0105,0.0,0.0,0.0,0.0,0.0,0.0,0.0,0.0,0.0,999.0,999.0,1.0,3.980023286364054,gaze,0.5553264772682719,0.5810558718467254,-27.25375739871807,-17.35400127986496,235.7631583761535,-36.27823901941211,-17.14820337784534,-31.82816261425895,0.0337056942821712,-0.0007686381845445,0.999431506091487,4.973133087158203,24.12555212906129,-16.68547744920204,-22.17298501023805,0.5804087507615249,0.5970362591872088,0.5537809921396637,4.186609268188477,-36.27823901941211,-17.14820337784534,-31.82816261425895,0.0337056942821712,-0.0007686381845445,0.999431506091487,4.973133087158203,1.3025166903200087,True,0.0,imu,-0.490485296,-9.430477044800002,2.4966897872,1.04687487,-1.39121527,-4.625395409999999,97.1204724,-37.94611160000001,133.6383368,387.967,-22.6538,False,0.961069078753152,-0.2763082081020536,383.7424573211307,-25.68007640034945,4.075736489785261,-5.53303,False,inf
55.7605,10.1108,-1.74206,382.315,-25.1424,-0.0961265,-0.551691,-5.62427,1502.15,0.00816182,-0.550762,-152.367,-0.17479,-0.0961265,-141.987,-0.108383,-0.0309012,5.37874,-0.556591,10.2355,-0.692002,5.40774,-5.62427,-51.9029,-5.74036,0.0,0.789779,-185.058,6.0,3.0,-0.857983,0.242405,0.0197736,387.961,-22.6595,0.0,1.53033e-25,0.0,-1.5121e-24,1.79778,-0.00178039,1.79778,0.0,2.26158,0.0,0.0,2810.82,-14.6177,0.0,0.0,0.0,0.0,0.0,0.0,0.0,0.0,0.0,0.0,0.0,3785.53,-83.4882,0.0,0.0,0.0,0.0,0.0,0.0,0.0,0.0,0.0,0.0,0.0,7388.63,-42.0105,0.0,0.0,0.0,0.0,0.0,0.0,0.0,0.0,0.0,999.0,999.0,1.0,3.9556933854888334,gaze,0.5553264772682719,0.5810558718467254,-27.25375739871807,-17.35400127986496,235.7631583761535,-36.27823901941211,-17.14820337784534,-31.82816261425895,0.0337056942821712,-0.0007686381845445,0.999431506091487,4.973133087158203,24.12555212906129,-16.68547744920204,-22.17298501023805,0.5804087507615249,0.5970362591872088,0.5537809921396637,4.186609268188477,-36.27823901941211,-17.14820337784534,-31.82816261425895,0.0337056942821712,-0.0007686381845445,0.999431506091487,4.973133087158203,1.3025166903200087,True,0.0,imu,-0.490485296,-9.430477044800002,2.4966897872,1.04687487,-1.39121527,-4.625395409999999,97.1204724,-37.94611160000001,133.6383368,387.961,-22.6595,False,0.9615078638025328,-0.2747774150942726,383.7655916208936,-25.68718706793853,4.063948394631822,-5.62427,False,inf
55.7765,10.0624,-1.82619,382.338,-25.1472,-0.0975671,-0.55389,-5.71641,1518.72,0.00816158,-0.552963,-149.774,-0.175021,-0.0975671,-143.124,-0.137362,-0.0308575,5.43822,-0.561334,10.1962,-0.783308,5.46739,-5.71641,-54.0046,-5.79803,0.0,0.79307,-184.977,0.0,3.0,-0.857983,0.916008,0.0211948,387.954,-22.6652,0.0,1.4580299999999999e-25,0.0,-1.44067e-24,1.86267,-0.00190943,1.86267,0.0,2.34452,0.0,0.0,2810.82,-14.6177,0.0,0.0,0.0,0.0,0.0,0.0,0.0,0.0,0.0,0.0,0.0,3785.53,-83.4882,0.0,0.0,0.0,0.0,0.0,0.0,0.0,0.0,0.0,0.0,0.0,7388.63,-42.0105,0.0,0.0,0.0,0.0,0.0,0.0,0.0,0.0,0.0,999.0,999.0,1.0,3.932318405215926,gaze,0.5553264772682719,0.5810558718467254,-27.25375739871807,-17.35400127986496,235.7631583761535,-36.27823901941211,-17.14820337784534,-31.82816261425895,0.0337056942821712,-0.0007686381845445,0.999431506091487,4.973133087158203,24.12555212906129,-16.68547744920204,-22.17298501023805,0.5804087507615249,0.5970362591872088,0.5537809921396637,4.186609268188477,-36.27823901941211,-17.14820337784534,-31.82816261425895,0.0337056942821712,-0.0007686381845445,0.999431506091487,4.973133087158203,1.3025166903200087,True,0.0,imu,-0.490485296,-9.430477044800002,2.4966897872,1.04687487,-1.39121527,-4.625395409999999,97.1204724,-37.94611160000001,133.6383368,387.954,-22.6652,False,0.9619485026212948,-0.2732308150715231,383.78771364821176,-25.694319126140364,4.052214423372718,-5.716409999999999,False,inf
55.7925,10.0664,-1.73765,382.362,-25.1521,-0.099445,-0.556069,-5.80951,1535.47,0.00797504,-0.555142,-148.698,-0.171275,-0.099445,-131.518,-0.167986,-0.0308445,5.49826,-0.566861,10.1913,-0.696064,5.52769,-5.80951,-47.0676,-5.86298,0.0,0.786488,-184.995,0.0,3.0,-0.857983,0.56986,0.0204588,387.949,-22.6703,0.0,1.39261e-25,0.0,-1.3760300000000001e-24,1.82761,-0.00184303,1.82761,0.0,2.30169,0.0,0.0,2810.82,-14.6177,0.0,0.0,0.0,0.0,0.0,0.0,0.0,0.0,0.0,0.0,0.0,3785.53,-83.4882,0.0,0.0,0.0,0.0,0.0,0.0,0.0,0.0,0.0,0.0,0.0,7388.63,-42.0105,0.0,0.0,0.0,0.0,0.0,0.0,0.0,0.0,0.0,999.0,999.0,1.0,3.9079616182864334,gaze,0.5553264772682719,0.5810558718467254,-27.25375739871807,-17.35400127986496,235.7631583761535,-36.27823901941211,-17.14820337784534,-31.82816261425895,0.0337056942821712,-0.0007686381845445,0.999431506091487,4.973133087158203,24.12555212906129,-16.68547744920204,-22.17298501023805,0.5804087507615249,0.5970362591872088,0.5537809921396637,4.186609268188477,-36.27823901941211,-17.14820337784534,-31.82816261425895,0.0337056942821712,-0.0007686381845445,0.999431506091487,4.973133087158203,1.3025166903200087,True,0.0,imu,-0.490485296,-9.430477044800002,2.4966897872,1.04687487,-1.39121527,-4.625395409999999,97.1204724,-37.94611160000001,133.6383368,387.949,-22.6703,False,0.962391205677924,-0.2716673834559305,383.8108227200532,-25.701574044753507,4.041479276590455,-5.80951,False,inf
55.8085,9.93994,-1.71077,382.387,-25.1572,-0.101753,-0.558195,-5.90367,1552.46,0.00784814,-0.557269,-147.139,-0.168205,-0.101753,-130.828,-0.189617,-0.0308292,5.55917,-0.572314,10.0624,-0.683769,5.58884,-5.90367,-48.651,-5.92741,0.0,0.799652,-185.04,-6.0,3.0,-0.857983,-0.23368,0.0187551,387.943,-22.6753,0.0,1.33026e-25,0.0,-1.3144200000000002e-24,1.74773,-0.00168898,1.74773,0.0,2.20245,0.0,0.0,2810.82,-14.6177,0.0,0.0,0.0,0.0,0.0,0.0,0.0,0.0,0.0,0.0,0.0,3785.53,-83.4882,0.0,0.0,0.0,0.0,0.0,0.0,0.0,0.0,0.0,0.0,0.0,7388.63,-42.0105,0.0,0.0,0.0,0.0,0.0,0.0,0.0,0.0,0.0,999.0,999.0,1.0,3.882593081949239,gaze,0.5553264772682719,0.5810558718467254,-27.25375739871807,-17.35400127986496,235.7631583761535,-36.27823901941211,-17.14820337784534,-31.82816261425895,0.0337056942821712,-0.0007686381845445,0.999431506091487,4.973133087158203,24.12555212906129,-16.68547744920204,-22.17298501023805,0.5804087507615249,0.5970362591872088,0.5537809921396637,4.186609268188477,-36.27823901941211,-17.14820337784534,-31.82816261425895,0.0337056942821712,-0.0007686381845445,0.999431506091487,4.973133087158203,1.3025166903200087,True,0.0,imu,-0.490485296,-9.430477044800002,2.4966897872,1.04687487,-1.39121527,-4.625395409999999,97.1204724,-37.94611160000001,133.6383368,387.943,-22.6753,False,0.9628363646062416,-0.2700854216573649,383.8349177572344,-25.70905429987044,4.030542085936293,-5.903670000000001,False,inf
55.8245,10.0272,-1.38509,382.411,-25.1623,-0.104433,-0.560294,-5.99886,1569.69,0.00333328,-0.559368,-146.933,-0.169701,-0.104433,-98.4066,-0.207136,-0.0308133,5.62099,-0.577575,10.1162,-0.352854,5.65088,-5.99886,-31.8354,-5.98638,0.0,0.79307,-185.148,-18.0,3.0,-0.857983,-1.03722,0.0170514,387.938,-22.6802,0.0,1.2679199999999999e-25,0.0,-1.2528200000000002e-24,1.66784,-0.00153493,1.66784,0.0,2.10321,0.0,0.0,2810.82,-14.6177,0.0,0.0,0.0,0.0,0.0,0.0,0.0,0.0,0.0,0.0,0.0,3785.53,-83.4882,0.0,0.0,0.0,0.0,0.0,0.0,0.0,0.0,0.0,0.0,0.0,7388.63,-42.0105,0.0,0.0,0.0,0.0,0.0,0.0,0.0,0.0,0.0,999.0,999.0,1.0,3.858178986257647,gaze,0.5553264772682719,0.5810558718467254,-27.25375739871807,-17.35400127986496,235.7631583761535,-36.27823901941211,-17.14820337784534,-31.82816261425895,0.0337056942821712,-0.0007686381845445,0.999431506091487,4.973133087158203,24.12555212906129,-16.68547744920204,-22.17298501023805,0.5804087507615249,0.5970362591872088,0.5537809921396637,4.186609268188477,-36.27823901941211,-17.14820337784534,-31.82816261425895,0.0337056942821712,-0.0007686381845445,0.999431506091487,4.973133087158203,1.3025166903200087,True,0.0,imu,-0.490485296,-9.430477044800002,2.4966897872,1.04687487,-1.39121527,-4.625395409999999,97.1204724,-37.94611160000001,133.6383368,387.938,-22.6802,False,0.9632837498241188,-0.2684854136164286,383.8579989203019,-25.716559077187902,4.020296135124292,-5.99886,False,inf
55.8405,9.91891,-1.38844,382.436,-25.1675,-0.107637,-0.562472,-6.09511,1587.06,0.00318601,-0.561546,-144.914,-0.173622,-0.107637,-96.8258,-0.237573,-0.0307847,5.68327,-0.58334,10.0087,-0.368357,5.71342,-6.09511,-33.222,-6.05542,0.0,0.796361,-185.283,-6.0,3.0,-0.857983,-0.948595,0.0170312,387.932,-22.6855,0.0,1.21033e-25,0.0,-1.19592e-24,1.66691,-0.00153279,1.66691,0.0,2.10345,0.0,0.0,2810.82,-14.6177,0.0,0.0,0.0,0.0,0.0,0.0,0.0,0.0,0.0,0.0,0.0,3785.53,-83.4882,0.0,0.0,0.0,0.0,0.0,0.0,0.0,0.0,0.0,0.0,0.0,7388.63,-42.0105,0.0,0.0,0.0,0.0,0.0,0.0,0.0,0.0,0.0,999.0,999.0,1.0,3.832783616381213,gaze,0.5553264772682719,0.5810558718467254,-27.25375739871807,-17.35400127986496,235.7631583761535,-36.27823901941211,-17.14820337784534,-31.82816261425895,0.0337056942821712,-0.0007686381845445,0.999431506091487,4.973133087158203,24.12555212906129,-16.68547744920204,-22.17298501023805,0.5804087507615249,0.5970362591872088,0.5537809921396637,4.186609268188477,-36.27823901941211,-17.14820337784534,-31.82816261425895,0.0337056942821712,-0.0007686381845445,0.999431506091487,4.973133087158203,1.3025166903200087,True,0.0,imu,-0.490485296,-9.430477044800002,2.4966897872,1.04687487,-1.39121527,-4.625395409999999,97.1204724,-37.94611160000001,133.6383368,387.932,-22.6855,False,0.9637334135383228,-0.2668668350128436,383.8820657906197,-25.72418907767203,4.00927932197405,-6.09511,False,inf
55.8565,9.78827,-1.43402,382.461,-25.1728,-0.111171,-0.564693,-6.19246,1604.63,0.00304836,-0.563767,-143.743,-0.174726,-0.111171,-104.072,-0.252321,-0.0308281,5.74621,-0.589635,9.88306,-0.427289,5.77667,-6.19246,-35.9442,-6.12543,0.0,0.79307,-185.571,-24.0,3.0,-0.857983,-0.17089,0.0183112,387.926,-22.691,0.0,1.15642e-25,0.0,-1.1426500000000001e-24,1.72696,-0.00164798,1.72696,0.0,2.18051,0.0,0.0,2810.82,-14.6177,0.0,0.0,0.0,0.0,0.0,0.0,0.0,0.0,0.0,0.0,0.0,3785.53,-83.4882,0.0,0.0,0.0,0.0,0.0,0.0,0.0,0.0,0.0,0.0,0.0,7388.63,-42.0105,0.0,0.0,0.0,0.0,0.0,0.0,0.0,0.0,0.0,999.0,999.0,1.0,3.8073595364766906,gaze,0.5553264772682719,0.5810558718467254,-27.25375739871807,-17.35400127986496,235.7631583761535,-36.27823901941211,-17.14820337784534,-31.82816261425895,0.0337056942821712,-0.0007686381845445,0.999431506091487,4.973133087158203,24.12555212906129,-16.68547744920204,-22.17298501023805,0.5804087507615249,0.5970362591872088,0.5537809921396637,4.186609268188477,-36.27823901941211,-17.14820337784534,-31.82816261425895,0.0337056942821712,-0.0007686381845445,0.999431506091487,4.973133087158203,1.3025166903200087,True,0.0,imu,-0.490485296,-9.430477044800002,2.4966897872,1.04687487,-1.39121527,-4.625395409999999,97.1204724,-37.94611160000001,133.6383368,387.926,-22.691,False,0.9641854498112692,-0.2652289923297231,383.9061178455965,-25.73194525155681,3.9982244583204216,-6.19246,False,inf
55.8725,9.69757,-1.46945,382.486,-25.1782,-0.114996,-0.566874,-6.29104,1622.27,0.00312723,-0.565945,-140.727,-0.16747,-0.114996,-101.646,-0.274807,-0.0309173,5.80926,-0.597167,9.7969,-0.470049,5.84016,-6.29104,-34.7668,-6.20915,0.0,0.789779,-185.967,-24.0,3.0,-0.857983,0.606816,0.0195912,387.92,-22.6965,0.0,1.10251e-25,0.0,-1.0893800000000002e-24,1.78702,-0.00176317,1.78702,0.0,2.25758,0.0,0.0,2810.82,-14.6177,0.0,0.0,0.0,0.0,0.0,0.0,0.0,0.0,0.0,0.0,0.0,3785.53,-83.4882,0.0,0.0,0.0,0.0,0.0,0.0,0.0,0.0,0.0,0.0,0.0,7388.63,-42.0105,0.0,0.0,0.0,0.0,0.0,0.0,0.0,0.0,0.0,999.0,999.0,1.0,3.781906587952717,gaze,0.5553264772682719,0.5810558718467254,-27.25375739871807,-17.35400127986496,235.7631583761535,-36.27823901941211,-17.14820337784534,-31.82816261425895,0.0337056942821712,-0.0007686381845445,0.999431506091487,4.973133087158203,24.12555212906129,-16.68547744920204,-22.17298501023805,0.5804087507615249,0.5970362591872088,0.5537809921396637,4.186609268188477,-36.27823901941211,-17.14820337784534,-31.82816261425895,0.0337056942821712,-0.0007686381845445,0.999431506091487,4.973133087158203,1.3025166903200087,True,0.0,imu,-0.490485296,-9.430477044800002,2.4966897872,1.04687487,-1.39121527,-4.625395409999999,97.1204724,-37.94611160000001,133.6383368,387.92,-22.6965,False,0.964640361027972,-0.2635696755619355,383.9301536722078,-25.73983081383477,3.9873222371433017,-6.291039999999999,False,inf
55.8885,9.62673,-1.47599,382.511,-25.1837,-0.119234,-0.568929,-6.39104,1640.03,0.0072086,-0.567998,-140.019,-0.159979,-0.119234,-102.35,-0.298666,-0.0309982,5.87272,-0.604992,9.72699,-0.481635,5.9041,-6.39104,-35.1784,-6.29817,0.0,0.786488,-186.408,-24.0,3.0,-0.857983,1.10817,0.021208,387.914,-22.7023,0.0,1.0526199999999999e-25,0.0,-1.0400900000000001e-24,1.85786,-0.00190853,1.85786,0.0,2.34846,0.0,0.0,2810.82,-14.6177,0.0,0.0,0.0,0.0,0.0,0.0,0.0,0.0,0.0,0.0,0.0,3785.53,-83.4882,0.0,0.0,0.0,0.0,0.0,0.0,0.0,0.0,0.0,0.0,0.0,7388.63,-42.0105,0.0,0.0,0.0,0.0,0.0,0.0,0.0,0.0,0.0,999.0,999.0,1.0,3.75642461524252,gaze,0.5553264772682719,0.5810558718467254,-27.25375739871807,-17.35400127986496,235.7631583761535,-36.27823901941211,-17.14820337784534,-31.82816261425895,0.0337056942821712,-0.0007686381845445,0.999431506091487,4.973133087158203,24.12555212906129,-16.68547744920204,-22.17298501023805,0.5804087507615249,0.5970362591872088,0.5537809921396637,4.186609268188477,-36.27823901941211,-17.14820337784534,-31.82816261425895,0.0337056942821712,-0.0007686381845445,0.999431506091487,4.973133087158203,1.3025166903200087,True,0.0,imu,-0.490485296,-9.430477044800002,2.4966897872,1.04687487,-1.39121527,-4.625395409999999,97.1204724,-37.94611160000001,133.6383368,387.914,-22.7023,False,0.9650989074282048,-0.2618856599374723,383.954171242446,-25.747850480791165,3.976279808940397,-6.391040000000001,False,inf
55.9045,9.42249,-1.45612,382.537,-25.1893,-0.123795,-0.570891,-6.49242,1657.92,0.00755009,-0.569957,-136.333,-0.152791,-0.123795,-99.5029,-0.322814,-0.0310801,5.93665,-0.613115,9.52195,-0.480364,5.96852,-6.49242,-34.8759,-6.38827,0.0,0.786488,-186.894,-36.0,3.0,-0.857983,1.25765,0.0232535,387.907,-22.7084,0.0,1.00787e-25,0.0,-9.95866e-25,1.94244,-0.00209231,1.94244,0.0,2.45693,0.0,0.0,2810.82,-14.6177,0.0,0.0,0.0,0.0,0.0,0.0,0.0,0.0,0.0,0.0,0.0,3785.53,-83.4882,0.0,0.0,0.0,0.0,0.0,0.0,0.0,0.0,0.0,0.0,0.0,7388.63,-42.0105,0.0,0.0,0.0,0.0,0.0,0.0,0.0,0.0,0.0,999.0,999.0,1.0,3.729961968975053,gaze,0.5553264772682719,0.5810558718467254,-27.25375739871807,-17.35400127986496,235.7631583761535,-36.27823901941211,-17.14820337784534,-31.82816261425895,0.0337056942821712,-0.0007686381845445,0.999431506091487,4.973133087158203,24.12555212906129,-16.68547744920204,-22.17298501023805,0.5804087507615249,0.5970362591872088,0.5537809921396637,4.186609268188477,-36.27823901941211,-17.14820337784534,-31.82816261425895,0.0337056942821712,-0.0007686381845445,0.999431506091487,4.973133087158203,1.3025166903200087,True,0.0,imu,-0.490485296,-9.430477044800002,2.4966897872,1.04687487,-1.39121527,-4.625395409999999,97.1204724,-37.94611160000001,133.6383368,387.907,-22.7084,False,0.9655607807685824,-0.2601775905829817,383.9791707675988,-25.756003164878734,3.964579237260667,-6.49242,False,inf
55.9205,9.22044,-1.60081,382.563,-25.1951,-0.128646,-0.572707,-6.59528,1675.95,0.00784941,-0.57177,-133.853,-0.142101,-0.128646,-113.36,-0.333821,-0.031181,6.00102,-0.621466,9.33572,-0.642378,6.03341,-6.59528,-43.3981,-6.47976,0.0,0.783197,-187.425,-36.0,3.0,-0.857983,1.40713,0.025299,387.901,-22.7145,0.0,9.63109e-26,0.0,-9.51641e-25,2.02703,-0.0022761,2.02703,0.0,2.5654,0.0,0.0,2810.82,-14.6177,0.0,0.0,0.0,0.0,0.0,0.0,0.0,0.0,0.0,0.0,0.0,3785.53,-83.4882,0.0,0.0,0.0,0.0,0.0,0.0,0.0,0.0,0.0,0.0,0.0,7388.63,-42.0105,0.0,0.0,0.0,0.0,0.0,0.0,0.0,0.0,0.0,999.0,999.0,1.0,3.7034395647830105,gaze,0.5553264772682719,0.5810558718467254,-27.25375739871807,-17.35400127986496,235.7631583761535,-36.27823901941211,-17.14820337784534,-31.82816261425895,0.0337056942821712,-0.0007686381845445,0.999431506091487,4.973133087158203,24.12555212906129,-16.68547744920204,-22.17298501023805,0.5804087507615249,0.5970362591872088,0.5537809921396637,4.186609268188477,-36.27823901941211,-17.14820337784534,-31.82816261425895,0.0337056942821712,-0.0007686381845445,0.999431506091487,4.973133087158203,1.3025166903200087,True,0.0,imu,-0.490485296,-9.430477044800002,2.4966897872,1.04687487,-1.39121527,-4.625395409999999,97.1204724,-37.94611160000001,133.6383368,387.901,-22.7145,False,0.9660263072543628,-0.2584437534406655,384.0041510727526,-25.764391301096385,3.9533914944743898,-6.59528,False,inf
55.9365,9.08098,-1.70568,382.589,-25.2009,-0.133534,-0.574338,-6.69957,1694.1,0.00684969,-0.573397,-131.474,-0.130017,-0.133534,-119.934,-0.336181,-0.0313059,6.06579,-0.630276,9.20808,-0.757901,6.09875,-6.69957,-43.378,-6.56952,0.0,0.783197,-188.001,-36.0,3.0,-0.857983,1.53454,0.0274703,387.894,-22.7209,0.0,9.18877e-26,0.0,-9.07936e-25,2.11407,-0.00247145,2.11407,0.0,2.67713,0.0,0.0,2810.82,-14.6177,0.0,0.0,0.0,0.0,0.0,0.0,0.0,0.0,0.0,0.0,0.0,3785.53,-83.4882,0.0,0.0,0.0,0.0,0.0,0.0,0.0,0.0,0.0,0.0,0.0,7388.63,-42.0105,0.0,0.0,0.0,0.0,0.0,0.0,0.0,0.0,0.0,999.0,999.0,1.0,3.676918847350332,gaze,0.5553264772682719,0.5810558718467254,-27.25375739871807,-17.35400127986496,235.7631583761535,-36.27823901941211,-17.14820337784534,-31.82816261425895,0.0337056942821712,-0.0007686381845445,0.999431506091487,4.973133087158203,24.12555212906129,-16.68547744920204,-22.17298501023805,0.5804087507615249,0.5970362591872088,0.5537809921396637,4.186609268188477,-36.27823901941211,-17.14820337784534,-31.82816261425895,0.0337056942821712,-0.0007686381845445,0.999431506091487,4.973133087158203,1.3025166903200087,True,0.0,imu,-0.490485296,-9.430477044800002,2.4966897872,1.04687487,-1.39121527,-4.625395409999999,97.1204724,-37.94611160000001,133.6383368,387.894,-22.7209,False,0.9664951270257778,-0.2566849614516323,384.0291124597229,-25.772813545346477,3.9417180789722512,-6.6995700000000005,False,inf
55.9525,8.99148,-1.6644,382.616,-25.2069,-0.138443,-0.575777,-6.80536,1712.31,0.00718905,-0.574833,-130.847,-0.11872,-0.138443,-117.971,-0.334295,-0.0314371,6.13077,-0.639412,9.11483,-0.722544,6.16433,-6.80536,-42.0414,-6.66323,0.0,0.779906,-188.613,-42.0,3.0,-0.857983,1.56697,0.0301828,387.886,-22.7285,0.0,8.76904e-26,0.0,-8.66462e-25,2.2117,-0.00271661,2.2117,0.0,2.80292,0.0,0.0,2810.82,-14.6177,0.0,0.0,0.0,0.0,0.0,0.0,0.0,0.0,0.0,0.0,0.0,3785.53,-83.4882,0.0,0.0,0.0,0.0,0.0,0.0,0.0,0.0,0.0,0.0,0.0,7388.63,-42.0105,0.0,0.0,0.0,0.0,0.0,0.0,0.0,0.0,0.0,999.0,999.0,1.0,3.6493870731946463,gaze,0.5553264772682719,0.5810558718467254,-27.25375739871807,-17.35400127986496,235.7631583761535,-36.27823901941211,-17.14820337784534,-31.82816261425895,0.0337056942821712,-0.0007686381845445,0.999431506091487,4.973133087158203,24.12555212906129,-16.68547744920204,-22.17298501023805,0.5804087507615249,0.5970362591872088,0.5537809921396637,4.186609268188477,-36.27823901941211,-17.14820337784534,-31.82816261425895,0.0337056942821712,-0.0007686381845445,0.999431506091487,4.973133087158203,1.3025166903200087,True,0.0,imu,-0.490485296,-9.430477044800002,2.4966897872,1.04687487,-1.39121527,-4.625395409999999,97.1204724,-37.94611160000001,133.6383368,387.886,-22.7285,False,0.9669674182602028,-0.2549000039686114,384.0550540336419,-25.78147156930961,3.928632178425328,-6.805360000000001,False,inf
55.9685,8.85934,-1.32122,382.643,-25.213,-0.143434,-0.577098,-6.91265,1730.55,0.00325897,-0.57615,-126.847,-0.112597,-0.143434,-82.455,-0.341101,-0.031543,6.19583,-0.648669,8.94846,-0.391451,6.23,-6.91265,-28.5025,-6.75819,0.0,0.783197,-189.243,-42.0,3.0,-0.857983,1.5994,0.0328952,387.878,-22.7361,0.0,8.3493e-26,0.0,-8.24989e-25,2.30933,-0.00296176,2.30933,0.0,2.9287,0.0,0.0,2810.82,-14.6177,0.0,0.0,0.0,0.0,0.0,0.0,0.0,0.0,0.0,0.0,0.0,3785.53,-83.4882,0.0,0.0,0.0,0.0,0.0,0.0,0.0,0.0,0.0,0.0,0.0,7388.63,-42.0105,0.0,0.0,0.0,0.0,0.0,0.0,0.0,0.0,0.0,999.0,999.0,1.0,3.6218261968239553,gaze,0.5553264772682719,0.5810558718467254,-27.25375739871807,-17.35400127986496,235.7631583761535,-36.27823901941211,-17.14820337784534,-31.82816261425895,0.0337056942821712,-0.0007686381845445,0.999431506091487,4.973133087158203,24.12555212906129,-16.68547744920204,-22.17298501023805,0.5804087507615249,0.5970362591872088,0.5537809921396637,4.186609268188477,-36.27823901941211,-17.14820337784534,-31.82816261425895,0.0337056942821712,-0.0007686381845445,0.999431506091487,4.973133087158203,1.3025166903200087,True,0.0,imu,-0.490485296,-9.430477044800002,2.4966897872,1.04687487,-1.39121527,-4.625395409999999,97.1204724,-37.94611160000001,133.6383368,387.878,-22.7361,False,0.9674430391569756,-0.2530888499849694,384.0809755893585,-25.790265280793008,3.915715482792208,-6.91265,False,inf
55.9845,8.61059,-1.51748,382.67,-25.2193,-0.148563,-0.578401,-7.02147,1748.92,0.00762856,-0.577449,-122.202,-0.11053,-0.148563,-96.3484,-0.355896,-0.0316468,6.26126,-0.658586,8.72192,-0.608332,6.2961,-7.02147,-37.2697,-6.85956,0.0,0.786488,-189.873,-42.0,3.0,-0.857983,1.40706,0.0345122,387.87,-22.7434,0.0,7.94325e-26,0.0,-7.84867e-25,2.36687,-0.00310784,2.36687,0.0,3.00382,0.0,0.0,2810.82,-14.6177,0.0,0.0,0.0,0.0,0.0,0.0,0.0,0.0,0.0,0.0,0.0,3785.53,-83.4882,0.0,0.0,0.0,0.0,0.0,0.0,0.0,0.0,0.0,0.0,0.0,7388.63,-42.0105,0.0,0.0,0.0,0.0,0.0,0.0,0.0,0.0,0.0,999.0,999.0,1.0,3.594204959375575,gaze,0.5553264772682719,0.5810558718467254,-27.25375739871807,-17.35400127986496,235.7631583761535,-36.27823901941211,-17.14820337784534,-31.82816261425895,0.0337056942821712,-0.0007686381845445,0.999431506091487,4.973133087158203,24.12555212906129,-16.68547744920204,-22.17298501023805,0.5804087507615249,0.5970362591872088,0.5537809921396637,4.186609268188477,-36.27823901941211,-17.14820337784534,-31.82816261425895,0.0337056942821712,-0.0007686381845445,0.999431506091487,4.973133087158203,1.3025166903200087,True,0.0,imu,-0.490485296,-9.430477044800002,2.4966897872,1.04687487,-1.39121527,-4.625395409999999,97.1204724,-37.94611160000001,133.6383368,387.87,-22.7434,False,0.9679219773551394,-0.2512509616955067,384.1068766154074,-25.79929533799462,3.9033566274998495,-7.02147,False,inf
56.0005,8.29283,-1.69109,382.697,-25.2256,-0.153654,-0.579605,-7.13189,1767.38,0.0111003,-0.57865,-118.35,-0.100815,-0.153654,-114.111,-0.340266,-0.0317776,6.32709,-0.668293,8.424,-0.810499,6.36258,-7.13189,-47.8463,-6.9565,0.0,0.789779,-190.494,-36.0,3.0,-0.857983,0.252514,0.0314394,387.863,-22.7496,0.0,7.595770000000001e-26,0.0,-7.5053299999999985e-25,2.25278,-0.00282978,2.25278,0.0,2.86205,0.0,0.0,2810.82,-14.6177,0.0,0.0,0.0,0.0,0.0,0.0,0.0,0.0,0.0,0.0,0.0,3785.53,-83.4882,0.0,0.0,0.0,0.0,0.0,0.0,0.0,0.0,0.0,0.0,0.0,7388.63,-42.0105,0.0,0.0,0.0,0.0,0.0,0.0,0.0,0.0,0.0,999.0,999.0,1.0,3.5665853361443727,gaze,0.5553264772682719,0.5810558718467254,-27.25375739871807,-17.35400127986496,235.7631583761535,-36.27823901941211,-17.14820337784534,-31.82816261425895,0.0337056942821712,-0.0007686381845445,0.999431506091487,4.973133087158203,24.12555212906129,-16.68547744920204,-22.17298501023805,0.5804087507615249,0.5970362591872088,0.5537809921396637,4.186609268188477,-36.27823901941211,-17.14820337784534,-31.82816261425895,0.0337056942821712,-0.0007686381845445,0.999431506091487,4.973133087158203,1.3025166903200087,True,0.0,imu,-0.490485296,-9.430477044800002,2.4966897872,1.04687487,-1.39121527,-4.625395409999999,97.1204724,-37.94611160000001,133.6383368,387.863,-22.7496,False,0.968404388574498,-0.2493851242348927,384.1327561850688,-25.80836339713177,3.892387214606488,-7.13189,False,inf
56.0165,8.07836,-1.45953,382.725,-25.2321,-0.158493,-0.580654,-7.24382,1785.99,0.0033709,-0.579695,-114.778,-0.0903068,-0.158493,-94.4834,-0.326106,-0.0319196,6.39338,-0.678362,8.18666,-0.598866,6.42958,-7.24382,-39.2014,-7.05037,0.0,0.796361,-191.133,-42.0,3.0,-0.857983,-0.90203,0.0283666,387.856,-22.7558,0.0,7.24829e-26,0.0,-7.16198e-25,2.1387,-0.00255171,2.1387,0.0,2.72028,0.0,0.0,2810.82,-14.6177,0.0,0.0,0.0,0.0,0.0,0.0,0.0,0.0,0.0,0.0,0.0,3785.53,-83.4882,0.0,0.0,0.0,0.0,0.0,0.0,0.0,0.0,0.0,0.0,0.0,7388.63,-42.0105,0.0,0.0,0.0,0.0,0.0,0.0,0.0,0.0,0.0,999.0,999.0,1.0,3.5379549191587976,gaze,0.5553264772682719,0.5810558718467254,-27.25375739871807,-17.35400127986496,235.7631583761535,-36.27823901941211,-17.14820337784534,-31.82816261425895,0.0337056942821712,-0.0007686381845445,0.999431506091487,4.973133087158203,24.12555212906129,-16.68547744920204,-22.17298501023805,0.5804087507615249,0.5970362591872088,0.5537809921396637,4.186609268188477,-36.27823901941211,-17.14820337784534,-31.82816261425895,0.0337056942821712,-0.0007686381845445,0.999431506091487,4.973133087158203,1.3025166903200087,True,0.0,imu,-0.490485296,-9.430477044800002,2.4966897872,1.04687487,-1.39121527,-4.625395409999999,97.1204724,-37.94611160000001,133.6383368,387.856,-22.7558,False,0.9688897259513112,-0.247492826049551,384.159614990418,-25.817667100568386,3.881440348157682,-7.243820000000001,False,inf
56.0325,7.43921,-1.40654,382.753,-25.2388,-0.163423,-0.581537,-7.35745,1804.55,0.00740286,-0.580574,-104.111,-0.0775889,-0.163423,-88.3911,-0.329138,-0.032039,6.45941,-0.689311,7.5459,-0.609052,6.49639,-7.35745,-46.6806,-7.1581,0.0,0.802943,-191.754,-36.0,3.0,-0.857983,-1.92565,0.0255754,387.85,-22.762,0.0,6.90414e-26,0.0,-6.82193e-25,2.03515,-0.00229914,2.03515,0.0,2.59176,0.0,0.0,2810.82,-14.6177,0.0,0.0,0.0,0.0,0.0,0.0,0.0,0.0,0.0,0.0,0.0,3785.53,-83.4882,0.0,0.0,0.0,0.0,0.0,0.0,0.0,0.0,0.0,0.0,0.0,7388.63,-42.0105,0.0,0.0,0.0,0.0,0.0,0.0,0.0,0.0,0.0,999.0,999.0,1.0,3.509263774639942,gaze,0.5553264772682719,0.5810558718467254,-27.25375739871807,-17.35400127986496,235.7631583761535,-36.27823901941211,-17.14820337784534,-31.82816261425895,0.0337056942821712,-0.0007686381845445,0.999431506091487,4.973133087158203,24.12555212906129,-16.68547744920204,-22.17298501023805,0.5804087507615249,0.5970362591872088,0.5537809921396637,4.186609268188477,-36.27823901941211,-17.14820337784534,-31.82816261425895,0.0337056942821712,-0.0007686381845445,0.999431506091487,4.973133087158203,1.3025166903200087,True,0.0,imu,-0.490485296,-9.430477044800002,2.4966897872,1.04687487,-1.39121527,-4.625395409999999,97.1204724,-37.94611160000001,133.6383368,387.85,-22.762,False,0.9693786523705042,-0.2455708214107392,384.18645086290377,-25.827211100881325,3.871010977078774,-7.35745,False,inf
56.0485,5.82461,-1.2982,382.781,-25.2456,-0.168453,-0.582267,-7.47262,1823.09,0.00957948,-0.5813,-76.5725,-0.060136,-0.168453,-74.572,-0.34105,-0.0321634,6.52519,-0.701553,5.92992,-0.668049,6.56312,-7.47262,-67.2982,-7.25878,0.0,0.812816,-192.375,-42.0,3.0,-0.857983,-1.01366,0.0269477,387.843,-22.7686,0.0,6.60931e-26,0.0,-6.53061e-25,2.08727,-0.00242333,2.08727,0.0,2.65918,0.0,0.0,2810.82,-14.6177,0.0,0.0,0.0,0.0,0.0,0.0,0.0,0.0,0.0,0.0,0.0,3785.53,-83.4882,0.0,0.0,0.0,0.0,0.0,0.0,0.0,0.0,0.0,0.0,0.0,7388.63,-42.0105,0.0,0.0,0.0,0.0,0.0,0.0,0.0,0.0,0.0,999.0,999.0,1.0,3.480542911673414,gaze,0.5553264772682719,0.5810558718467254,-27.25375739871807,-17.35400127986496,235.7631583761535,-36.27823901941211,-17.14820337784534,-31.82816261425895,0.0337056942821712,-0.0007686381845445,0.999431506091487,4.973133087158203,24.12555212906129,-16.68547744920204,-22.17298501023805,0.5804087507615249,0.5970362591872088,0.5537809921396637,4.186609268188477,-36.27823901941211,-17.14820337784534,-31.82816261425895,0.0337056942821712,-0.0007686381845445,0.999431506091487,4.973133087158203,1.3025166903200087,True,0.0,imu,-0.490485296,-9.430477044800002,2.4966897872,1.04687487,-1.39121527,-4.625395409999999,97.1204724,-37.94611160000001,133.6383368,387.843,-22.7686,False,0.9698703145109812,-0.2436217827501686,384.2132652051597,-25.83689128362333,3.860127093888377,-7.47262,False,inf
56.0645,5.49272,-1.20981,382.809,-25.2525,-0.173456,-0.582856,-7.58936,1842.17,0.00733446,-0.581885,-71.9203,-0.0510821,-0.173456,-68.8661,-0.324202,-0.0322812,6.59307,-0.712629,5.5906,-0.612442,6.6318,-7.58936,-64.2617,-7.36178,0.0,0.819398,-192.987,-36.0,3.0,-0.857983,-0.101666,0.0283201,387.836,-22.7752,0.0,6.31449e-26,0.0,-6.239300000000001e-25,2.13939,-0.00254753,2.13939,0.0,2.72661,0.0,0.0,2810.82,-14.6177,0.0,0.0,0.0,0.0,0.0,0.0,0.0,0.0,0.0,0.0,0.0,3785.53,-83.4882,0.0,0.0,0.0,0.0,0.0,0.0,0.0,0.0,0.0,0.0,0.0,7388.63,-42.0105,0.0,0.0,0.0,0.0,0.0,0.0,0.0,0.0,0.0,999.0,999.0,1.0,3.4517921794337374,gaze,0.5553264772682719,0.5810558718467254,-27.25375739871807,-17.35400127986496,235.7631583761535,-36.27823901941211,-17.14820337784534,-31.82816261425895,0.0337056942821712,-0.0007686381845445,0.999431506091487,4.973133087158203,24.12555212906129,-16.68547744920204,-22.17298501023805,0.5804087507615249,0.5970362591872088,0.5537809921396637,4.186609268188477,-36.27823901941211,-17.14820337784534,-31.82816261425895,0.0337056942821712,-0.0007686381845445,0.999431506091487,4.973133087158203,1.3025166903200087,True,0.0,imu,-0.490485296,-9.430477044800002,2.4966897872,1.04687487,-1.39121527,-4.625395409999999,97.1204724,-37.94611160000001,133.6383368,387.836,-22.7752,False,0.9703646797519212,-0.2416451702185493,384.24005747861,-25.846708290849545,3.849425301682991,-7.58936,False,inf
56.0805,4.97671,-1.20272,382.838,-25.2596,-0.178212,-0.583331,-7.70785,1861.37,0.00712908,-0.582357,-64.038,-0.043554,-0.178212,-68.8682,-0.306376,-0.0324039,6.66139,-0.723917,5.07698,-0.65786,6.70094,-7.70785,-61.3906,-7.47135,0.0,0.829271,-193.599,-42.0,3.0,-0.857983,0.810328,0.0296924,387.829,-22.7818,0.0,6.01966e-26,0.0,-5.94798e-25,2.19151,-0.00267173,2.19151,0.0,2.79404,0.0,0.0,2810.82,-14.6177,0.0,0.0,0.0,0.0,0.0,0.0,0.0,0.0,0.0,0.0,0.0,3785.53,-83.4882,0.0,0.0,0.0,0.0,0.0,0.0,0.0,0.0,0.0,0.0,0.0,7388.63,-42.0105,0.0,0.0,0.0,0.0,0.0,0.0,0.0,0.0,0.0,999.0,999.0,1.0,3.4220307947182387,gaze,0.5553264772682719,0.5810558718467254,-27.25375739871807,-17.35400127986496,235.7631583761535,-36.27823901941211,-17.14820337784534,-31.82816261425895,0.0337056942821712,-0.0007686381845445,0.999431506091487,4.973133087158203,24.12555212906129,-16.68547744920204,-22.17298501023805,0.5804087507615249,0.5970362591872088,0.5537809921396637,4.186609268188477,-36.27823901941211,-17.14820337784534,-31.82816261425895,0.0337056942821712,-0.0007686381845445,0.999431506091487,4.973133087158203,1.3025166903200087,True,0.0,imu,-0.490485296,-9.430477044800002,2.4966897872,1.04687487,-1.39121527,-4.625395409999999,97.1204724,-37.94611160000001,133.6383368,387.829,-22.7818,False,0.9708623364026998,-0.2396379013317613,384.26782557243087,-25.856766503098445,3.8387615296572046,-7.70785,False,inf
56.0965,2.43121,-0.894374,382.867,-25.2668,-0.182666,-0.583814,-7.82804,1880.38,0.0070694,-0.582837,-22.418,-0.0397307,-0.182666,-41.3037,-0.286613,-0.0325084,6.72906,-0.734457,2.5135,-0.625196,6.76936,-7.82804,-11.5352,-7.56344,0.0,0.839145,-194.202,-36.0,3.0,-0.857983,-0.00679878,0.0268942,387.823,-22.7873,0.0,5.76088e-26,0.0,-5.69228e-25,2.07597,-0.00242038,2.07597,0.0,2.64809,0.0,0.0,2810.82,-14.6177,0.0,0.0,0.0,0.0,0.0,0.0,0.0,0.0,0.0,0.0,0.0,3785.53,-83.4882,0.0,0.0,0.0,0.0,0.0,0.0,0.0,0.0,0.0,0.0,0.0,7388.63,-42.0105,0.0,0.0,0.0,0.0,0.0,0.0,0.0,0.0,0.0,999.0,999.0,1.0,3.3922395316368745,gaze,0.5553264772682719,0.5810558718467254,-27.25375739871807,-17.35400127986496,235.7631583761535,-36.27823901941211,-17.14820337784534,-31.82816261425895,0.0337056942821712,-0.0007686381845445,0.999431506091487,4.973133087158203,24.12555212906129,-16.68547744920204,-22.17298501023805,0.5804087507615249,0.5970362591872088,0.5537809921396637,4.186609268188477,-36.27823901941211,-17.14820337784534,-31.82816261425895,0.0337056942821712,-0.0007686381845445,0.999431506091487,4.973133087158203,1.3025166903200087,True,0.0,imu,-0.490485296,-9.430477044800002,2.4966897872,1.04687487,-1.39121527,-4.625395409999999,97.1204724,-37.94611160000001,133.6383368,387.823,-22.7873,False,0.97136289106346,-0.2376007867512996,384.2955697445754,-25.866964548173065,3.829592062918244,-7.82804,False,inf
56.1125,1.16272,-0.753866,382.897,-25.2742,-0.187188,-0.584411,-7.95009,1899.86,0.0115123,-0.583431,0.415521,-0.0399208,-0.187188,-24.9259,-0.291394,-0.0326133,6.79833,-0.746105,1.23804,-0.622512,6.83948,-7.95009,-20.7693,-7.68856,0.0,0.845727,-194.805,-42.0,3.0,-0.857983,-1.06778,0.0235078,387.817,-22.7925,0.0,5.50717e-26,0.0,-5.4416e-25,1.93679,-0.00211607,1.93679,0.0,2.47205,0.0,0.0,2810.82,-14.6177,0.0,0.0,0.0,0.0,0.0,0.0,0.0,0.0,0.0,0.0,0.0,3785.53,-83.4882,0.0,0.0,0.0,0.0,0.0,0.0,0.0,0.0,0.0,0.0,0.0,7388.63,-42.0105,0.0,0.0,0.0,0.0,0.0,0.0,0.0,0.0,0.0,999.0,999.0,1.0,3.361437912560655,gaze,0.5553264772682719,0.5810558718467254,-27.25375739871807,-17.35400127986496,235.7631583761535,-36.27823901941211,-17.14820337784534,-31.82816261425895,0.0337056942821712,-0.0007686381845445,0.999431506091487,4.973133087158203,24.12555212906129,-16.68547744920204,-22.17298501023805,0.5804087507615249,0.5970362591872088,0.5537809921396637,4.186609268188477,-36.27823901941211,-17.14820337784534,-31.82816261425895,0.0337056942821712,-0.0007686381845445,0.999431506091487,4.973133087158203,1.3025166903200087,True,0.0,imu,-0.490485296,-9.430477044800002,2.4966897872,1.04687487,-1.39121527,-4.625395409999999,97.1204724,-37.94611160000001,133.6383368,387.817,-22.7925,False,0.9718668179345866,-0.2355310769255324,384.3242880492464,-25.87740628683602,3.820760263765403,-7.950089999999999,False,inf
56.1285,1.80729,-0.710712,382.926,-25.2818,-0.191667,-0.58509,-8.07407,1920.12,0.0114448,-0.584106,-8.67378,-0.0446615,-0.191667,-15.0561,-0.282812,-0.0327328,6.87042,-0.757902,1.87485,-0.508349,6.91244,-8.07407,-5.97132,-7.80826,0.0,0.845727,-195.381,-36.0,3.0,-0.857983,-2.12877,0.0201214,387.812,-22.7978,0.0,5.25347e-26,0.0,-5.19092e-25,1.7976,-0.00181176,1.7976,0.0,2.29601,0.0,0.0,2810.82,-14.6177,0.0,0.0,0.0,0.0,0.0,0.0,0.0,0.0,0.0,0.0,0.0,3785.53,-83.4882,0.0,0.0,0.0,0.0,0.0,0.0,0.0,0.0,0.0,0.0,0.0,7388.63,-42.0105,0.0,0.0,0.0,0.0,0.0,0.0,0.0,0.0,0.0,999.0,999.0,1.0,3.331523231196228,gaze,0.5553264772682719,0.5810558718467254,-27.25375739871807,-17.35400127986496,235.7631583761535,-36.27823901941211,-17.14820337784534,-31.82816261425895,0.0337056942821712,-0.0007686381845445,0.999431506091487,4.973133087158203,24.12555212906129,-16.68547744920204,-22.17298501023805,0.5804087507615249,0.5970362591872088,0.5537809921396637,4.186609268188477,-36.27823901941211,-17.14820337784534,-31.82816261425895,0.0337056942821712,-0.0007686381845445,0.999431506091487,4.973133087158203,1.3025166903200087,True,0.0,imu,-0.490485296,-9.430477044800002,2.4966897872,1.04687487,-1.39121527,-4.625395409999999,97.1204724,-37.94611160000001,133.6383368,387.812,-22.7978,False,0.9723741983474782,-0.2334275441932661,384.3519794553031,-25.888093322619888,3.8125855908479234,-8.074070000000003,False,inf
56.1445,1.03845,-0.674012,382.956,-25.2895,-0.195865,-0.585769,-8.19996,1940.34,0.0109315,-0.584781,3.34222,-0.0411826,-0.195865,-15.5387,-0.258457,-0.032877,6.94238,-0.769349,1.10655,-0.555558,6.98524,-8.19996,-17.037,-7.92613,0.0,0.8556,-195.948,-36.0,3.0,-0.857983,-1.73205,0.0197813,387.806,-22.8036,0.0,5.01241e-26,0.0,-4.95272e-25,1.7856,-0.00178131,1.7856,0.0,2.28223,0.0,0.0,2810.82,-14.6177,0.0,0.0,0.0,0.0,0.0,0.0,0.0,0.0,0.0,0.0,0.0,3785.53,-83.4882,0.0,0.0,0.0,0.0,0.0,0.0,0.0,0.0,0.0,0.0,0.0,7388.63,-42.0105,0.0,0.0,0.0,0.0,0.0,0.0,0.0,0.0,0.0,999.0,999.0,1.0,3.300629674774189,gaze,0.5553264772682719,0.5810558718467254,-27.25375739871807,-17.35400127986496,235.7631583761535,-36.27823901941211,-17.14820337784534,-31.82816261425895,0.0337056942821712,-0.0007686381845445,0.999431506091487,4.973133087158203,24.12555212906129,-16.68547744920204,-22.17298501023805,0.5804087507615249,0.5970362591872088,0.5537809921396637,4.186609268188477,-36.27823901941211,-17.14820337784534,-31.82816261425895,0.0337056942821712,-0.0007686381845445,0.999431506091487,4.973133087158203,1.3025166903200087,True,0.0,imu,-0.490485296,-9.430477044800002,2.4966897872,1.04687487,-1.39121527,-4.625395409999999,97.1204724,-37.94611160000001,133.6383368,387.806,-22.8036,False,0.9728847366187696,-0.2312904867352462,384.38064386964606,-25.898925011531368,3.803646745224301,-8.19996,False,inf
56.1605,0.763596,-0.519249,382.986,-25.2973,-0.199784,-0.586463,-8.32772,1961.0,0.00802684,-0.585471,8.45998,-0.0425635,-0.199784,-1.62994,-0.238734,-0.0330048,7.0159,-0.780841,0.816629,-0.431651,7.05959,-8.32772,-16.4262,-8.04235,0.0,0.868764,-196.47,-24.0,3.0,-0.857983,-0.627902,0.0209196,387.799,-22.8097,0.0,4.77748e-26,0.0,-4.72059e-25,1.83531,-0.00188377,1.83531,0.0,2.34721,0.0,0.0,2810.82,-14.6177,0.0,0.0,0.0,0.0,0.0,0.0,0.0,0.0,0.0,0.0,0.0,3785.53,-83.4882,0.0,0.0,0.0,0.0,0.0,0.0,0.0,0.0,0.0,0.0,0.0,7388.63,-42.0105,0.0,0.0,0.0,0.0,0.0,0.0,0.0,0.0,0.0,999.0,999.0,1.0,3.2697058109255246,gaze,0.5553264772682719,0.5810558718467254,-27.25375739871807,-17.35400127986496,235.7631583761535,-36.27823901941211,-17.14820337784534,-31.82816261425895,0.0337056942821712,-0.0007686381845445,0.999431506091487,4.973133087158203,24.12555212906129,-16.68547744920204,-22.17298501023805,0.5804087507615249,0.5970362591872088,0.5537809921396637,4.186609268188477,-36.27823901941211,-17.14820337784534,-31.82816261425895,0.0337056942821712,-0.0007686381845445,0.999431506091487,4.973133087158203,1.3025166903200087,True,0.0,imu,-0.490485296,-9.430477044800002,2.4966897872,1.04687487,-1.39121527,-4.625395409999999,97.1204724,-37.94611160000001,133.6383368,387.799,-22.8097,False,0.973398056605682,-0.2291205433746211,384.4092814132096,-25.90990021124058,3.794383025202572,-8.32772,False,inf
56.1765,1.51474,-0.40307,383.017,-25.3054,-0.203466,-0.587215,-8.45735,1982.23,0.00566474,-0.58622,-4.47113,-0.0504653,-0.203466,7.19587,-0.221209,-0.0331274,7.09151,-0.792462,1.55026,-0.232364,7.13603,-8.45735,0.620849,-8.15425,0.0,0.872055,-196.956,-24.0,3.0,-0.857983,0.476247,0.0220578,387.793,-22.8159,0.0,4.54254e-26,0.0,-4.48845e-25,1.88503,-0.00198622,1.88503,0.0,2.41218,0.0,0.0,2810.82,-14.6177,0.0,0.0,0.0,0.0,0.0,0.0,0.0,0.0,0.0,0.0,0.0,3785.53,-83.4882,0.0,0.0,0.0,0.0,0.0,0.0,0.0,0.0,0.0,0.0,0.0,7388.63,-42.0105,0.0,0.0,0.0,0.0,0.0,0.0,0.0,0.0,0.0,999.0,999.0,1.0,3.237739884549113,gaze,0.5553264772682719,0.5810558718467254,-27.25375739871807,-17.35400127986496,235.7631583761535,-36.27823901941211,-17.14820337784534,-31.82816261425895,0.0337056942821712,-0.0007686381845445,0.999431506091487,4.973133087158203,24.12555212906129,-16.68547744920204,-22.17298501023805,0.5804087507615249,0.5970362591872088,0.5537809921396637,4.186609268188477,-36.27823901941211,-17.14820337784534,-31.82816261425895,0.0337056942821712,-0.0007686381845445,0.999431506091487,4.973133087158203,1.3025166903200087,True,0.0,imu,-0.490485296,-9.430477044800002,2.4966897872,1.04687487,-1.39121527,-4.625395409999999,97.1204724,-37.94611160000001,133.6383368,387.793,-22.8159,False,0.9739139432898408,-0.2269176746435435,384.4388917818777,-25.921218772552937,3.7854196883081097,-8.45735,False,inf
56.1925,1.47737,-0.532932,383.048,-25.3136,-0.206895,-0.588076,-8.58883,2003.55,0.0082273,-0.587077,-3.98543,-0.0596672,-0.206895,-3.62663,-0.208339,-0.0332314,7.16743,-0.804023,1.5276,-0.364902,7.21278,-8.58883,-7.97971,-8.27129,0.0,0.881928,-197.388,-24.0,3.0,-0.857983,0.969737,0.0239089,387.786,-22.8224,0.0,4.33538e-26,0.0,-4.28376e-25,1.95931,-0.00215269,1.95931,0.0,2.50887,0.0,0.0,2810.82,-14.6177,0.0,0.0,0.0,0.0,0.0,0.0,0.0,0.0,0.0,0.0,0.0,3785.53,-83.4882,0.0,0.0,0.0,0.0,0.0,0.0,0.0,0.0,0.0,0.0,0.0,7388.63,-42.0105,0.0,0.0,0.0,0.0,0.0,0.0,0.0,0.0,0.0,999.0,999.0,1.0,3.2057435268592624,gaze,0.5553264772682719,0.5810558718467254,-27.25375739871807,-17.35400127986496,235.7631583761535,-36.27823901941211,-17.14820337784534,-31.82816261425895,0.0337056942821712,-0.0007686381845445,0.999431506091487,4.973133087158203,24.12555212906129,-16.68547744920204,-22.17298501023805,0.5804087507615249,0.5970362591872088,0.5537809921396637,4.186609268188477,-36.27823901941211,-17.14820337784534,-31.82816261425895,0.0337056942821712,-0.0007686381845445,0.999431506091487,4.973133087158203,1.3025166903200087,True,0.0,imu,-0.490485296,-9.430477044800002,2.4966897872,1.04687487,-1.39121527,-4.625395409999999,97.1204724,-37.94611160000001,133.6383368,387.786,-22.8224,False,0.9744320999118448,-0.2246821814505826,384.4684748837272,-25.932680047086297,3.7761454977374913,-8.58883,False,inf
56.2085,0.881518,-0.305587,383.079,-25.322,-0.210103,-0.589165,-8.7221,2025.17,0.00847693,-0.588164,4.63802,-0.0774091,-0.210103,9.75629,-0.193513,-0.0333064,7.24455,-0.814617,0.909665,-0.205047,7.2906,-8.7221,-9.65677,-8.37855,0.0,0.891801,-197.775,-24.0,3.0,-0.857983,1.18111,0.0260892,387.779,-22.8291,0.0,4.14104e-26,0.0,-4.09174e-25,2.04495,-0.00234873,2.04495,0.0,2.6202,0.0,0.0,2810.82,-14.6177,0.0,0.0,0.0,0.0,0.0,0.0,0.0,0.0,0.0,0.0,0.0,3785.53,-83.4882,0.0,0.0,0.0,0.0,0.0,0.0,0.0,0.0,0.0,0.0,0.0,7388.63,-42.0105,0.0,0.0,0.0,0.0,0.0,0.0,0.0,0.0,0.0,999.0,999.0,1.0,3.173684609409075,gaze,0.5553264772682719,0.5810558718467254,-27.25375739871807,-17.35400127986496,235.7631583761535,-36.27823901941211,-17.14820337784534,-31.82816261425895,0.0337056942821712,-0.0007686381845445,0.999431506091487,4.973133087158203,24.12555212906129,-16.68547744920204,-22.17298501023805,0.5804087507615249,0.5970362591872088,0.5537809921396637,4.186609268188477,-36.27823901941211,-17.14820337784534,-31.82816261425895,0.0337056942821712,-0.0007686381845445,0.999431506091487,4.973133087158203,1.3025166903200087,True,0.0,imu,-0.490485296,-9.430477044800002,2.4966897872,1.04687487,-1.39121527,-4.625395409999999,97.1204724,-37.94611160000001,133.6383368,387.779,-22.8291,False,0.9749520742879604,-0.2224150463471467,384.4980310620742,-25.944382394407743,3.7669878908129193,-8.7221,False,inf
56.2245,1.30013,-0.777072,383.11,-25.3305,-0.213367,-0.590597,-8.85717,2047.29,0.00801669,-0.589594,-0.729094,-0.098023,-0.213367,-24.1076,-0.207728,-0.0333527,7.3234,-0.826173,1.37896,-0.626385,7.37024,-8.85717,-18.423,-8.4983,0.0,0.904966,-198.081,-18.0,3.0,-0.857983,1.39249,0.0282694,387.772,-22.8358,0.0,3.94671e-26,0.0,-3.89971e-25,2.13059,-0.00254477,2.13059,0.0,2.73154,0.0,0.0,2810.82,-14.6177,0.0,0.0,0.0,0.0,0.0,0.0,0.0,0.0,0.0,0.0,0.0,3785.53,-83.4882,0.0,0.0,0.0,0.0,0.0,0.0,0.0,0.0,0.0,0.0,0.0,7388.63,-42.0105,0.0,0.0,0.0,0.0,0.0,0.0,0.0,0.0,0.0,999.0,999.0,1.0,3.141594857711604,gaze,0.5553264772682719,0.5810558718467254,-27.25375739871807,-17.35400127986496,235.7631583761535,-36.27823901941211,-17.14820337784534,-31.82816261425895,0.0337056942821712,-0.0007686381845445,0.999431506091487,4.973133087158203,24.12555212906129,-16.68547744920204,-22.17298501023805,0.5804087507615249,0.5970362591872088,0.5537809921396637,4.186609268188477,-36.27823901941211,-17.14820337784534,-31.82816261425895,0.0337056942821712,-0.0007686381845445,0.999431506091487,4.973133087158203,1.3025166903200087,True,0.0,imu,-0.490485296,-9.430477044800002,2.4966897872,1.04687487,-1.39121527,-4.625395409999999,97.1204724,-37.94611160000001,133.6383368,387.772,-22.8358,False,0.9754736895367396,-0.2201160626160215,384.5275599060134,-25.95622590873597,3.758046753002601,-8.85717,False,inf
56.2405,1.20785,-0.422862,383.142,-25.3393,-0.216563,-0.59229,-8.9941,2069.76,0.0122027,-0.591287,2.45121,-0.11088,-0.216563,8.38369,-0.196566,-0.0333939,7.40353,-0.837284,1.24799,-0.2845,7.45113,-8.9941,-8.74205,-8.61409,0.0,0.911548,-198.306,-18.0,3.0,-0.857983,1.50877,0.0307454,387.764,-22.843,0.0,3.76728e-26,0.0,-3.72242e-25,2.22047,-0.00276753,2.22047,0.0,2.84866,0.0,0.0,2810.82,-14.6177,0.0,0.0,0.0,0.0,0.0,0.0,0.0,0.0,0.0,0.0,0.0,3785.53,-83.4882,0.0,0.0,0.0,0.0,0.0,0.0,0.0,0.0,0.0,0.0,0.0,7388.63,-42.0105,0.0,0.0,0.0,0.0,0.0,0.0,0.0,0.0,0.0,999.0,999.0,1.0,3.1084628500273404,gaze,0.5553264772682719,0.5810558718467254,-27.25375739871807,-17.35400127986496,235.7631583761535,-36.27823901941211,-17.14820337784534,-31.82816261425895,0.0337056942821712,-0.0007686381845445,0.999431506091487,4.973133087158203,24.12555212906129,-16.68547744920204,-22.17298501023805,0.5804087507615249,0.5970362591872088,0.5537809921396637,4.186609268188477,-36.27823901941211,-17.14820337784534,-31.82816261425895,0.0337056942821712,-0.0007686381845445,0.999431506091487,4.973133087158203,1.3025166903200087,True,0.0,imu,-0.490485296,-9.430477044800002,2.4966897872,1.04687487,-1.39121527,-4.625395409999999,97.1204724,-37.94611160000001,133.6383368,387.764,-22.843,False,0.9759969541484576,-0.2177841718145137,384.5580604498008,-25.968411915727195,3.748595400036574,-8.9941,False,inf
56.2565,1.20217,-0.418181,383.174,-25.3482,-0.219585,-0.594213,-9.13283,2092.71,0.00567003,-0.593209,0.946957,-0.127693,-0.219585,3.12056,-0.183601,-0.0334008,7.48547,-0.847899,1.24127,-0.280118,7.53375,-9.13283,-8.53858,-8.72131,0.0,0.91813,-198.441,-6.0,3.0,-0.857983,1.55102,0.0334516,387.756,-22.8506,0.0,3.59944e-26,0.0,-3.55659e-25,2.31365,-0.00301108,2.31365,0.0,2.97029,0.0,0.0,2810.82,-14.6177,0.0,0.0,0.0,0.0,0.0,0.0,0.0,0.0,0.0,0.0,0.0,3785.53,-83.4882,0.0,0.0,0.0,0.0,0.0,0.0,0.0,0.0,0.0,0.0,0.0,7388.63,-42.0105,0.0,0.0,0.0,0.0,0.0,0.0,0.0,0.0,0.0,999.0,999.0,1.0,3.0752998943192846,gaze,0.5553264772682719,0.5810558718467254,-27.25375739871807,-17.35400127986496,235.7631583761535,-36.27823901941211,-17.14820337784534,-31.82816261425895,0.0337056942821712,-0.0007686381845445,0.999431506091487,4.973133087158203,24.12555212906129,-16.68547744920204,-22.17298501023805,0.5804087507615249,0.5970362591872088,0.5537809921396637,4.186609268188477,-36.27823901941211,-17.14820337784534,-31.82816261425895,0.0337056942821712,-0.0007686381845445,0.999431506091487,4.973133087158203,1.3025166903200087,True,0.0,imu,-0.490485296,-9.430477044800002,2.4966897872,1.04687487,-1.39121527,-4.625395409999999,97.1204724,-37.94611160000001,133.6383368,387.756,-22.8506,False,0.9765214124455642,-0.2154203589155866,384.5885330346365,-25.98073876871081,3.7389844021039744,-9.13283,False,inf
56.2725,1.64673,-0.366034,383.207,-25.3573,-0.222483,-0.596391,-9.27334,2116.19,0.00912269,-0.595388,-4.74273,-0.144361,-0.222483,12.3352,-0.169494,-0.0333799,7.56932,-0.858601,1.67761,-0.178107,7.61827,-9.27334,0.612116,-8.83006,0.0,0.91813,-198.468,0.0,3.0,-0.857983,1.59327,0.0361577,387.749,-22.8582,0.0,3.43161e-26,0.0,-3.39075e-25,2.40683,-0.00325464,2.40683,0.0,3.09192,0.0,0.0,2810.82,-14.6177,0.0,0.0,0.0,0.0,0.0,0.0,0.0,0.0,0.0,0.0,0.0,3785.53,-83.4882,0.0,0.0,0.0,0.0,0.0,0.0,0.0,0.0,0.0,0.0,0.0,7388.63,-42.0105,0.0,0.0,0.0,0.0,0.0,0.0,0.0,0.0,0.0,999.0,999.0,1.0,3.04112694407848,gaze,0.5553264772682719,0.5810558718467254,-27.25375739871807,-17.35400127986496,235.7631583761535,-36.27823901941211,-17.14820337784534,-31.82816261425895,0.0337056942821712,-0.0007686381845445,0.999431506091487,4.973133087158203,24.12555212906129,-16.68547744920204,-22.17298501023805,0.5804087507615249,0.5970362591872088,0.5537809921396637,4.186609268188477,-36.27823901941211,-17.14820337784534,-31.82816261425895,0.0337056942821712,-0.0007686381845445,0.999431506091487,4.973133087158203,1.3025166903200087,True,0.0,imu,-0.490485296,-9.430477044800002,2.4966897872,1.04687487,-1.39121527,-4.625395409999999,97.1204724,-37.94611160000001,133.6383368,387.749,-22.8582,False,0.9770467642092082,-0.2130249294057291,384.6199775685126,-25.99330581041386,3.729704770094905,-9.27334,False,inf
56.2885,1.48109,-0.540295,383.239,-25.3666,-0.225161,-0.598838,-9.41556,2139.92,0.0090142,-0.597836,-1.5586,-0.161104,-0.225161,-1.0091,-0.162976,-0.0333519,7.65407,-0.869298,1.53269,-0.369707,7.7037,-9.41556,-6.27837,-8.93923,0.0,0.934585,-198.459,0.0,3.0,-0.857983,0.982927,0.0356548,387.741,-22.865,0.0,3.27611e-26,0.0,-3.2371000000000003e-25,2.38438,-0.00320932,2.38438,0.0,3.0653,0.0,0.0,2810.82,-14.6177,0.0,0.0,0.0,0.0,0.0,0.0,0.0,0.0,0.0,0.0,0.0,3785.53,-83.4882,0.0,0.0,0.0,0.0,0.0,0.0,0.0,0.0,0.0,0.0,0.0,7388.63,-42.0105,0.0,0.0,0.0,0.0,0.0,0.0,0.0,0.0,0.0,999.0,999.0,1.0,3.007837289482297,gaze,0.5553264772682719,0.5810558718467254,-27.25375739871807,-17.35400127986496,235.7631583761535,-36.27823901941211,-17.14820337784534,-31.82816261425895,0.0337056942821712,-0.0007686381845445,0.999431506091487,4.973133087158203,24.12555212906129,-16.68547744920204,-22.17298501023805,0.5804087507615249,0.5970362591872088,0.5537809921396637,4.186609268188477,-36.27823901941211,-17.14820337784534,-31.82816261425895,0.0337056942821712,-0.0007686381845445,0.999431506091487,4.973133087158203,1.3025166903200087,True,0.0,imu,-0.490485296,-9.430477044800002,2.4966897872,1.04687487,-1.39121527,-4.625395409999999,97.1204724,-37.94611160000001,133.6383368,387.741,-22.865,False,0.9775725257296064,-0.2105990430620194,384.6503945189679,-26.006111150667,3.721542517942561,-9.41556,False,inf
56.3045,1.69651,-0.490202,383.272,-25.3761,-0.227596,-0.60157,-9.55948,2164.23,0.00796538,-0.600568,-4.44117,-0.180492,-0.227596,4.62117,-0.144894,-0.0333322,7.74098,-0.879615,1.74121,-0.295549,7.79122,-9.55948,-2.01837,-9.04252,0.0,0.934585,-198.423,0.0,3.0,-0.857983,-0.464184,0.0310369,387.736,-22.8707,0.0,3.1364e-26,0.0,-3.09905e-25,2.21365,-0.00279357,2.21365,0.0,2.84859,0.0,0.0,2810.82,-14.6177,0.0,0.0,0.0,0.0,0.0,0.0,0.0,0.0,0.0,0.0,0.0,3785.53,-83.4882,0.0,0.0,0.0,0.0,0.0,0.0,0.0,0.0,0.0,0.0,0.0,7388.63,-42.0105,0.0,0.0,0.0,0.0,0.0,0.0,0.0,0.0,0.0,999.0,999.0,1.0,2.973537423675733,gaze,0.5553264772682719,0.5810558718467254,-27.25375739871807,-17.35400127986496,235.7631583761535,-36.27823901941211,-17.14820337784534,-31.82816261425895,0.0337056942821712,-0.0007686381845445,0.999431506091487,4.973133087158203,24.12555212906129,-16.68547744920204,-22.17298501023805,0.5804087507615249,0.5970362591872088,0.5537809921396637,4.186609268188477,-36.27823901941211,-17.14820337784534,-31.82816261425895,0.0337056942821712,-0.0007686381845445,0.999431506091487,4.973133087158203,1.3025166903200087,True,0.0,imu,-0.490485296,-9.430477044800002,2.4966897872,1.04687487,-1.39121527,-4.625395409999999,97.1204724,-37.94611160000001,133.6383368,387.736,-22.8707,False,0.9780984402366566,-0.2081428384706514,384.6817836941409,-26.019154380075573,3.7152115695130496,-9.55948,False,inf
56.3205,1.02007,-0.63169,383.306,-25.3857,-0.229875,-0.604672,-9.70502,2188.8,0.01294,-0.603671,5.1154,-0.205655,-0.229875,-13.8058,-0.14521,-0.0333012,7.82886,-0.88948,1.08437,-0.512353,7.87966,-9.70502,-18.8957,-9.14585,0.0,0.941167,-198.396,0.0,3.0,-0.857983,-1.91129,0.0264191,387.73,-22.8764,0.0,2.99669e-26,0.0,-2.9610000000000003e-25,2.04292,-0.00237783,2.04292,0.0,2.63189,0.0,0.0,2810.82,-14.6177,0.0,0.0,0.0,0.0,0.0,0.0,0.0,0.0,0.0,0.0,0.0,3785.53,-83.4882,0.0,0.0,0.0,0.0,0.0,0.0,0.0,0.0,0.0,0.0,0.0,7388.63,-42.0105,0.0,0.0,0.0,0.0,0.0,0.0,0.0,0.0,0.0,999.0,999.0,1.0,2.9382599765848094,gaze,0.5553264772682719,0.5810558718467254,-27.25375739871807,-17.35400127986496,235.7631583761535,-36.27823901941211,-17.14820337784534,-31.82816261425895,0.0337056942821712,-0.0007686381845445,0.999431506091487,4.973133087158203,24.12555212906129,-16.68547744920204,-22.17298501023805,0.5804087507615249,0.5970362591872088,0.5537809921396637,4.186609268188477,-36.27823901941211,-17.14820337784534,-31.82816261425895,0.0337056942821712,-0.0007686381845445,0.999431506091487,4.973133087158203,1.3025166903200087,True,0.0,imu,-0.490485296,-9.430477044800002,2.4966897872,1.04687487,-1.39121527,-4.625395409999999,97.1204724,-37.94611160000001,133.6383368,387.73,-22.8764,False,0.9786239986293837,-0.2056576507369375,384.7141456916808,-26.03233336675504,3.7087056427955183,-9.70502,False,inf
56.3365,1.39574,-0.480899,383.34,-25.3956,-0.232251,-0.608225,-9.8522,2214.04,0.00931532,-0.607226,-0.730787,-0.23422,-0.232251,-1.26747,-0.146042,-0.0332386,7.91923,-0.899126,1.44055,-0.320215,7.97055,-9.8522,-8.33349,-9.24644,0.0,0.951041,-198.288,6.0,3.0,-0.857983,-2.83036,0.0229076,387.724,-22.8823,0.0,2.85883e-26,0.0,-2.82479e-25,1.91377,-0.00206172,1.91377,0.0,2.46829,0.0,0.0,2810.82,-14.6177,0.0,0.0,0.0,0.0,0.0,0.0,0.0,0.0,0.0,0.0,0.0,3785.53,-83.4882,0.0,0.0,0.0,0.0,0.0,0.0,0.0,0.0,0.0,0.0,0.0,7388.63,-42.0105,0.0,0.0,0.0,0.0,0.0,0.0,0.0,0.0,0.0,999.0,999.0,1.0,2.902886487618867,gaze,0.5553264772682719,0.5810558718467254,-27.25375739871807,-17.35400127986496,235.7631583761535,-36.27823901941211,-17.14820337784534,-31.82816261425895,0.0337056942821712,-0.0007686381845445,0.999431506091487,4.973133087158203,24.12555212906129,-16.68547744920204,-22.17298501023805,0.5804087507615249,0.5970362591872088,0.5537809921396637,4.186609268188477,-36.27823901941211,-17.14820337784534,-31.82816261425895,0.0337056942821712,-0.0007686381845445,0.999431506091487,4.973133087158203,1.3025166903200087,True,0.0,imu,-0.490485296,-9.430477044800002,2.4966897872,1.04687487,-1.39121527,-4.625395409999999,97.1204724,-37.94611160000001,133.6383368,387.724,-22.8823,False,0.9791490576258124,-0.2031431095323773,384.74647999159913,-26.04584843962235,3.7024481466112578,-9.8522,False,inf
56.3525,1.20952,-0.64842,383.374,-25.4057,-0.234646,-0.61213,-10.0011,2239.5,0.0126057,-0.611133,3.56633,-0.251787,-0.234646,-12.8255,-0.149041,-0.033177,8.01029,-0.909408,1.27461,-0.507735,8.06219,-10.0011,-18.3867,-9.35744,0.0,0.951041,-198.108,6.0,3.0,-0.857983,-1.57333,0.0239549,387.717,-22.8889,0.0,2.72862e-26,0.0,-2.69613e-25,1.95597,-0.00215622,1.95597,0.0,2.52356,0.0,0.0,2810.82,-14.6177,0.0,0.0,0.0,0.0,0.0,0.0,0.0,0.0,0.0,0.0,0.0,3785.53,-83.4882,0.0,0.0,0.0,0.0,0.0,0.0,0.0,0.0,0.0,0.0,0.0,7388.63,-42.0105,0.0,0.0,0.0,0.0,0.0,0.0,0.0,0.0,0.0,999.0,999.0,1.0,2.867448986468625,gaze,0.5553264772682719,0.5810558718467254,-27.25375739871807,-17.35400127986496,235.7631583761535,-36.27823901941211,-17.14820337784534,-31.82816261425895,0.0337056942821712,-0.0007686381845445,0.999431506091487,4.973133087158203,24.12555212906129,-16.68547744920204,-22.17298501023805,0.5804087507615249,0.5970362591872088,0.5537809921396637,4.186609268188477,-36.27823901941211,-17.14820337784534,-31.82816261425895,0.0337056942821712,-0.0007686381845445,0.999431506091487,4.973133087158203,1.3025166903200087,True,0.0,imu,-0.490485296,-9.430477044800002,2.4966897872,1.04687487,-1.39121527,-4.625395409999999,97.1204724,-37.94611160000001,133.6383368,387.717,-22.8889,False,0.9796736779253092,-0.2005978184833956,384.7787853814459,-26.059601393235997,3.695652138232379,-10.0011,False,inf
56.3685,1.40267,-0.485119,383.408,-25.416,-0.236956,-0.616323,-10.1517,2265.52,0.0096579,-0.615328,2.59458,-0.268377,-0.236956,6.31722,-0.141476,-0.033103,8.10345,-0.919324,1.44864,-0.323946,8.15589,-10.1517,-6.56975,-9.45975,0.0,0.951041,-197.865,18.0,3.0,-0.857983,-0.316296,0.0250022,387.71,-22.8955,0.0,2.59841e-26,0.0,-2.56747e-25,1.99816,-0.00225072,1.99816,0.0,2.57883,0.0,0.0,2810.82,-14.6177,0.0,0.0,0.0,0.0,0.0,0.0,0.0,0.0,0.0,0.0,0.0,3785.53,-83.4882,0.0,0.0,0.0,0.0,0.0,0.0,0.0,0.0,0.0,0.0,0.0,7388.63,-42.0105,0.0,0.0,0.0,0.0,0.0,0.0,0.0,0.0,0.0,999.0,999.0,1.0,2.831947209959957,gaze,0.5553264772682719,0.5810558718467254,-27.25375739871807,-17.35400127986496,235.7631583761535,-36.27823901941211,-17.14820337784534,-31.82816261425895,0.0337056942821712,-0.0007686381845445,0.999431506091487,4.973133087158203,24.12555212906129,-16.68547744920204,-22.17298501023805,0.5804087507615249,0.5970362591872088,0.5537809921396637,4.186609268188477,-36.27823901941211,-17.14820337784534,-31.82816261425895,0.0337056942821712,-0.0007686381845445,0.999431506091487,4.973133087158203,1.3025166903200087,True,0.0,imu,-0.490485296,-9.430477044800002,2.4966897872,1.04687487,-1.39121527,-4.625395409999999,97.1204724,-37.94611160000001,133.6383368,387.71,-22.8955,False,0.9801975576355066,-0.1980220896904879,384.8110617732305,-26.07359156054452,3.6892113911362903,-10.1517,False,inf
56.3845,1.57029,-0.359202,383.443,-25.4264,-0.239134,-0.620778,-10.3038,2292.0,0.00971237,-0.619786,-0.102062,-0.286612,-0.239134,16.7833,-0.129874,-0.033015,8.19831,-0.928776,1.60084,-0.180155,8.25122,-10.3038,-0.284493,-9.55696,0.0,0.954332,-197.577,18.0,3.0,-0.857983,0.750262,0.0262842,387.703,-22.9021,0.0,2.47231e-26,0.0,-2.44287e-25,2.04823,-0.00236627,2.04823,0.0,2.64443,0.0,0.0,2810.82,-14.6177,0.0,0.0,0.0,0.0,0.0,0.0,0.0,0.0,0.0,0.0,0.0,3785.53,-83.4882,0.0,0.0,0.0,0.0,0.0,0.0,0.0,0.0,0.0,0.0,0.0,7388.63,-42.0105,0.0,0.0,0.0,0.0,0.0,0.0,0.0,0.0,0.0,999.0,999.0,1.0,2.795468003751814,gaze,0.5553264772682719,0.5810558718467254,-27.25375739871807,-17.35400127986496,235.7631583761535,-36.27823901941211,-17.14820337784534,-31.82816261425895,0.0337056942821712,-0.0007686381845445,0.999431506091487,4.973133087158203,24.12555212906129,-16.68547744920204,-22.17298501023805,0.5804087507615249,0.5970362591872088,0.5537809921396637,4.186609268188477,-36.27823901941211,-17.14820337784534,-31.82816261425895,0.0337056942821712,-0.0007686381845445,0.999431506091487,4.973133087158203,1.3025166903200087,True,0.0,imu,-0.490485296,-9.430477044800002,2.4966897872,1.04687487,-1.39121527,-4.625395409999999,97.1204724,-37.94611160000001,133.6383368,387.703,-22.9021,False,0.980719781730482,-0.1954193176799968,384.84431115882506,-26.08771387113253,3.6828375631765145,-10.3038,False,inf
56.4005,1.61681,-0.54012,383.479,-25.4371,-0.241201,-0.625512,-10.4576,2318.83,0.0100815,-0.624523,-0.594028,-0.30375,-0.241201,1.34378,-0.124309,-0.032912,8.29443,-0.938231,1.66732,-0.354954,8.3478,-10.4576,-6.31284,-9.65602,0.0,0.957623,-197.235,24.0,3.0,-0.857983,0.992192,0.0285822,387.696,-22.9093,0.0,2.36403e-26,0.0,-2.33588e-25,2.13238,-0.00257295,2.13238,0.0,2.75474,0.0,0.0,2810.82,-14.6177,0.0,0.0,0.0,0.0,0.0,0.0,0.0,0.0,0.0,0.0,0.0,3785.53,-83.4882,0.0,0.0,0.0,0.0,0.0,0.0,0.0,0.0,0.0,0.0,0.0,7388.63,-42.0105,0.0,0.0,0.0,0.0,0.0,0.0,0.0,0.0,0.0,999.0,999.0,1.0,2.757946520511256,gaze,0.5553264772682719,0.5810558718467254,-27.25375739871807,-17.35400127986496,235.7631583761535,-36.27823901941211,-17.14820337784534,-31.82816261425895,0.0337056942821712,-0.0007686381845445,0.999431506091487,4.973133087158203,24.12555212906129,-16.68547744920204,-22.17298501023805,0.5804087507615249,0.5970362591872088,0.5537809921396637,4.186609268188477,-36.27823901941211,-17.14820337784534,-31.82816261425895,0.0337056942821712,-0.0007686381845445,0.999431506091487,4.973133087158203,1.3025166903200087,True,0.0,imu,-0.490485296,-9.430477044800002,2.4966897872,1.04687487,-1.39121527,-4.625395409999999,97.1204724,-37.94611160000001,133.6383368,387.696,-22.9093,False,0.981240815065016,-0.1927860546059883,384.8785309366851,-26.10217304656056,3.676146095297115,-10.4576,False,inf
56.4165,1.75086,-0.315091,383.514,-25.448,-0.243132,-0.63052,-10.6129,2346.17,0.0100245,-0.629534,-2.4334,-0.323242,-0.243132,20.1396,-0.114425,-0.0328009,8.39248,-0.947,1.77517,-0.11676,8.44622,-10.6129,4.85823,-9.74448,0.0,0.954332,-196.875,24.0,3.0,-0.857983,1.23412,0.0308802,387.688,-22.9165,0.0,2.25575e-26,0.0,-2.22889e-25,2.21652,-0.00277964,2.21652,0.0,2.86505,0.0,0.0,2810.82,-14.6177,0.0,0.0,0.0,0.0,0.0,0.0,0.0,0.0,0.0,0.0,0.0,3785.53,-83.4882,0.0,0.0,0.0,0.0,0.0,0.0,0.0,0.0,0.0,0.0,0.0,7388.63,-42.0105,0.0,0.0,0.0,0.0,0.0,0.0,0.0,0.0,0.0,999.0,999.0,1.0,2.7213057527591444,gaze,0.5553264772682719,0.5810558718467254,-27.25375739871807,-17.35400127986496,235.7631583761535,-36.27823901941211,-17.14820337784534,-31.82816261425895,0.0337056942821712,-0.0007686381845445,0.999431506091487,4.973133087158203,24.12555212906129,-16.68547744920204,-22.17298501023805,0.5804087507615249,0.5970362591872088,0.5537809921396637,4.186609268188477,-36.27823901941211,-17.14820337784534,-31.82816261425895,0.0337056942821712,-0.0007686381845445,0.999431506091487,4.973133087158203,1.3025166903200087,True,0.0,imu,-0.490485296,-9.430477044800002,2.4966897872,1.04687487,-1.39121527,-4.625395409999999,97.1204724,-37.94611160000001,133.6383368,387.688,-22.9165,False,0.9817597558352764,-0.1901257000572481,384.9117231198146,-26.11686402230632,3.669830186521454,-10.612900000000002,False,inf
56.4325,1.72861,-0.593697,383.551,-25.4592,-0.245122,-0.635857,-10.7697,2373.77,0.0100605,-0.634875,-1.87675,-0.342498,-0.245122,-3.72007,-0.125153,-0.0326633,8.49145,-0.955847,1.78404,-0.396548,8.54556,-10.7697,-5.66216,-9.83998,0.0,0.954332,-196.47,24.0,3.0,-0.857983,1.46397,0.0332147,387.681,-22.9237,0.0,2.14839e-26,0.0,-2.12281e-25,2.30121,-0.00298963,2.30121,0.0,2.97618,0.0,0.0,2810.82,-14.6177,0.0,0.0,0.0,0.0,0.0,0.0,0.0,0.0,0.0,0.0,0.0,3785.53,-83.4882,0.0,0.0,0.0,0.0,0.0,0.0,0.0,0.0,0.0,0.0,0.0,7388.63,-42.0105,0.0,0.0,0.0,0.0,0.0,0.0,0.0,0.0,0.0,999.0,999.0,1.0,2.6826773641271378,gaze,0.5553264772682719,0.5810558718467254,-27.25375739871807,-17.35400127986496,235.7631583761535,-36.27823901941211,-17.14820337784534,-31.82816261425895,0.0337056942821712,-0.0007686381845445,0.999431506091487,4.973133087158203,24.12555212906129,-16.68547744920204,-22.17298501023805,0.5804087507615249,0.5970362591872088,0.5537809921396637,4.186609268188477,-36.27823901941211,-17.14820337784534,-31.82816261425895,0.0337056942821712,-0.0007686381845445,0.999431506091487,4.973133087158203,1.3025166903200087,True,0.0,imu,-0.490485296,-9.430477044800002,2.4966897872,1.04687487,-1.39121527,-4.625395409999999,97.1204724,-37.94611160000001,133.6383368,387.681,-22.9237,False,0.9822763912849368,-0.1874382328241537,384.9468874237552,-26.13188662852916,3.663803213673822,-10.7697,False,inf
56.4485,1.40998,-0.447224,383.587,-25.4705,-0.247167,-0.641422,-10.928,2401.64,0.00727293,-0.640444,3.58352,-0.351313,-0.247167,7.10884,-0.120274,-0.0325373,8.59144,-0.964553,1.45083,-0.287036,8.64591,-10.928,-7.74507,-9.93571,0.0,0.957623,-196.029,24.0,3.0,-0.857983,1.51233,0.036098,387.673,-22.9318,0.0,2.0548600000000002e-26,0.0,-2.03039e-25,2.39402,-0.00324913,2.39402,0.0,3.09964,0.0,0.0,2810.82,-14.6177,0.0,0.0,0.0,0.0,0.0,0.0,0.0,0.0,0.0,0.0,0.0,3785.53,-83.4882,0.0,0.0,0.0,0.0,0.0,0.0,0.0,0.0,0.0,0.0,0.0,7388.63,-42.0105,0.0,0.0,0.0,0.0,0.0,0.0,0.0,0.0,0.0,999.0,999.0,1.0,2.6449618617288446,gaze,0.5553264772682719,0.5810558718467254,-27.25375739871807,-17.35400127986496,235.7631583761535,-36.27823901941211,-17.14820337784534,-31.82816261425895,0.0337056942821712,-0.0007686381845445,0.999431506091487,4.973133087158203,24.12555212906129,-16.68547744920204,-22.17298501023805,0.5804087507615249,0.5970362591872088,0.5537809921396637,4.186609268188477,-36.27823901941211,-17.14820337784534,-31.82816261425895,0.0337056942821712,-0.0007686381845445,0.999431506091487,4.973133087158203,1.3025166903200087,True,0.0,imu,-0.490485296,-9.430477044800002,2.4966897872,1.04687487,-1.39121527,-4.625395409999999,97.1204724,-37.94611160000001,133.6383368,387.673,-22.9318,False,0.982790506471525,-0.1847236324606122,384.9810235620312,-26.14704069242129,3.657179694652564,-10.928,False,inf
56.4645,1.92977,-0.440398,383.624,-25.4821,-0.2491,-0.6471,-11.0877,2430.05,0.0103644,-0.646127,-3.69634,-0.358322,-0.2491,11.3262,-0.114211,-0.0323911,8.69336,-0.973373,1.96684,-0.222918,8.74819,-11.0877,0.999455,-10.0274,0.0,0.957623,-195.507,36.0,3.0,-0.857983,1.5607,0.0389813,387.664,-22.9399,0.0,1.96133e-26,0.0,-1.93798e-25,2.48683,-0.00350864,2.48683,0.0,3.2231,0.0,0.0,2810.82,-14.6177,0.0,0.0,0.0,0.0,0.0,0.0,0.0,0.0,0.0,0.0,0.0,3785.53,-83.4882,0.0,0.0,0.0,0.0,0.0,0.0,0.0,0.0,0.0,0.0,0.0,7388.63,-42.0105,0.0,0.0,0.0,0.0,0.0,0.0,0.0,0.0,0.0,999.0,999.0,1.0,2.606203754505765,gaze,0.5553264772682719,0.5810558718467254,-27.25375739871807,-17.35400127986496,235.7631583761535,-36.27823901941211,-17.14820337784534,-31.82816261425895,0.0337056942821712,-0.0007686381845445,0.999431506091487,4.973133087158203,24.12555212906129,-16.68547744920204,-22.17298501023805,0.5804087507615249,0.5970362591872088,0.5537809921396637,4.186609268188477,-36.27823901941211,-17.14820337784534,-31.82816261425895,0.0337056942821712,-0.0007686381845445,0.999431506091487,4.973133087158203,1.3025166903200087,True,0.0,imu,-0.490485296,-9.430477044800002,2.4966897872,1.04687487,-1.39121527,-4.625395409999999,97.1204724,-37.94611160000001,133.6383368,387.664,-22.9399,False,0.9833015666466146,-0.1819835954978179,385.01613243374055,-26.16252360844384,3.650679303005146,-11.0877,False,inf
56.4805,1.65522,-0.671371,383.661,-25.4939,-0.250873,-0.652856,-11.2489,2458.59,0.012327,-0.651888,1.37163,-0.360466,-0.250873,-7.52213,-0.107201,-0.0322012,8.79579,-0.981836,1.71952,-0.483584,8.85094,-11.2489,-11.1183,-10.118,0.0,0.954332,-194.868,42.0,3.0,-0.857983,1.60906,0.0418646,387.656,-22.948,0.0,1.8677999999999998e-26,0.0,-1.84556e-25,2.57964,-0.00376815,2.57964,0.0,3.34657,0.0,0.0,2810.82,-14.6177,0.0,0.0,0.0,0.0,0.0,0.0,0.0,0.0,0.0,0.0,0.0,3785.53,-83.4882,0.0,0.0,0.0,0.0,0.0,0.0,0.0,0.0,0.0,0.0,0.0,7388.63,-42.0105,0.0,0.0,0.0,0.0,0.0,0.0,0.0,0.0,0.0,999.0,999.0,1.0,2.5673804957582846,gaze,0.5553264772682719,0.5810558718467254,-27.25375739871807,-17.35400127986496,235.7631583761535,-36.27823901941211,-17.14820337784534,-31.82816261425895,0.0337056942821712,-0.0007686381845445,0.999431506091487,4.973133087158203,24.12555212906129,-16.68547744920204,-22.17298501023805,0.5804087507615249,0.5970362591872088,0.5537809921396637,4.186609268188477,-36.27823901941211,-17.14820337784534,-31.82816261425895,0.0337056942821712,-0.0007686381845445,0.999431506091487,4.973133087158203,1.3025166903200087,True,0.0,imu,-0.490485296,-9.430477044800002,2.4966897872,1.04687487,-1.39121527,-4.625395409999999,97.1204724,-37.94611160000001,133.6383368,387.656,-22.948,False,0.9838096797777536,-0.1792163886914206,385.0512125745528,-26.17823763418016,3.6447596481863056,-11.248900000000004,False,inf
56.4965,1.89991,-0.623603,383.699,-25.5059,-0.252419,-0.658644,-11.4115,2487.65,0.01193,-0.657683,-1.65807,-0.36167,-0.252419,-1.80187,-0.0895611,-0.0319619,8.90018,-0.989511,1.95741,-0.409875,8.95555,-11.4115,-3.81864,-10.1961,0.0,0.957623,-194.094,54.0,3.0,-0.857983,1.62116,0.0451073,387.647,-22.9569,0.0,1.78677e-26,0.0,-1.7655e-25,2.67335,-0.00405973,2.67335,0.0,3.47122,0.0,0.0,2810.82,-14.6177,0.0,0.0,0.0,0.0,0.0,0.0,0.0,0.0,0.0,0.0,0.0,3785.53,-83.4882,0.0,0.0,0.0,0.0,0.0,0.0,0.0,0.0,0.0,0.0,0.0,7388.63,-42.0105,0.0,0.0,0.0,0.0,0.0,0.0,0.0,0.0,0.0,999.0,999.0,1.0,2.5275474693860844,gaze,0.5553264772682719,0.5810558718467254,-27.25375739871807,-17.35400127986496,235.7631583761535,-36.27823901941211,-17.14820337784534,-31.82816261425895,0.0337056942821712,-0.0007686381845445,0.999431506091487,4.973133087158203,24.12555212906129,-16.68547744920204,-22.17298501023805,0.5804087507615249,0.5970362591872088,0.5537809921396637,4.186609268188477,-36.27823901941211,-17.14820337784534,-31.82816261425895,0.0337056942821712,-0.0007686381845445,0.999431506091487,4.973133087158203,1.3025166903200087,True,0.0,imu,-0.490485296,-9.430477044800002,2.4966897872,1.04687487,-1.39121527,-4.625395409999999,97.1204724,-37.94611160000001,133.6383368,387.647,-22.9569,False,0.9843143165910856,-0.1764237119942341,385.0872648935385,-26.194180164881026,3.638099182312636,-11.4115,False,inf
56.5125,2.12896,-0.44181,383.737,-25.5182,-0.253612,-0.664449,-11.5752,2517.14,0.00809414,-0.663497,-4.87559,-0.366703,-0.253612,13.9333,-0.064731,-0.0316458,9.00625,-0.996003,2.16489,-0.205155,9.0617,-11.5752,6.34116,-10.259,0.0,0.957623,-193.149,72.0,3.0,-0.857983,1.63075,0.0483747,387.638,-22.9659,0.0,1.7066e-26,0.0,-1.68628e-25,2.76712,-0.00435353,2.76712,0.0,3.59596,0.0,0.0,2810.82,-14.6177,0.0,0.0,0.0,0.0,0.0,0.0,0.0,0.0,0.0,0.0,0.0,3785.53,-83.4882,0.0,0.0,0.0,0.0,0.0,0.0,0.0,0.0,0.0,0.0,0.0,7388.63,-42.0105,0.0,0.0,0.0,0.0,0.0,0.0,0.0,0.0,0.0,999.0,999.0,1.0,2.487616216380644,gaze,0.5553264772682719,0.5810558718467254,-27.25375739871807,-17.35400127986496,235.7631583761535,-36.27823901941211,-17.14820337784534,-31.82816261425895,0.0337056942821712,-0.0007686381845445,0.999431506091487,4.973133087158203,24.12555212906129,-16.68547744920204,-22.17298501023805,0.5804087507615249,0.5970362591872088,0.5537809921396637,4.186609268188477,-36.27823901941211,-17.14820337784534,-31.82816261425895,0.0337056942821712,-0.0007686381845445,0.999431506091487,4.973133087158203,1.3025166903200087,True,0.0,imu,-0.490485296,-9.430477044800002,2.4966897872,1.04687487,-1.39121527,-4.625395409999999,97.1204724,-37.94611160000001,133.6383368,387.638,-22.9659,False,0.9848143592985816,-0.1736107073867395,385.1232927419824,-26.21044376741652,3.631853397459511,-11.5752,False,inf
56.5285,1.71872,-0.741186,383.776,-25.5307,-0.254565,-0.670345,-11.7399,2546.74,0.013892,-0.669406,1.43345,-0.369531,-0.254565,-14.7952,-0.0530005,-0.0312429,9.1128,-1.00193,1.78929,-0.548844,9.16827,-11.7399,-12.0339,-10.3216,0.0,0.954332,-191.997,78.0,3.0,-0.857983,1.64035,0.0516422,387.629,-22.9749,0.0,1.62643e-26,0.0,-1.60707e-25,2.86089,-0.00464733,2.86089,0.0,3.72069,0.0,0.0,2810.82,-14.6177,0.0,0.0,0.0,0.0,0.0,0.0,0.0,0.0,0.0,0.0,0.0,3785.53,-83.4882,0.0,0.0,0.0,0.0,0.0,0.0,0.0,0.0,0.0,0.0,0.0,7388.63,-42.0105,0.0,0.0,0.0,0.0,0.0,0.0,0.0,0.0,0.0,999.0,999.0,1.0,2.4466752318197056,gaze,0.5553264772682719,0.5810558718467254,-27.25375739871807,-17.35400127986496,235.7631583761535,-36.27823901941211,-17.14820337784534,-31.82816261425895,0.0337056942821712,-0.0007686381845445,0.999431506091487,4.973133087158203,24.12555212906129,-16.68547744920204,-22.17298501023805,0.5804087507615249,0.5970362591872088,0.5537809921396637,4.186609268188477,-36.27823901941211,-17.14820337784534,-31.82816261425895,0.0337056942821712,-0.0007686381845445,0.999431506091487,4.973133087158203,1.3025166903200087,True,0.0,imu,-0.490485296,-9.430477044800002,2.4966897872,1.04687487,-1.39121527,-4.625395409999999,97.1204724,-37.94611160000001,133.6383368,387.629,-22.9749,False,0.9853093437368662,-0.1707790887223204,385.16029712284336,-26.226925879788755,3.625854313116946,-11.7399,False,inf
56.5445,1.98849,-0.592397,383.815,-25.5434,-0.255022,-0.676246,-11.9054,2576.9,0.0112783,-0.675321,-1.12969,-0.366823,-0.255022,1.71053,-0.00973641,-0.0307605,9.22148,-1.00674,2.04144,-0.37316,9.27684,-11.9054,-1.20755,-10.3657,0.0,0.957623,-190.548,96.0,3.0,-0.857983,0.155169,0.0462865,387.622,-22.9821,0.0,1.55381e-26,0.0,-1.53531e-25,2.68827,-0.00416544,2.68827,0.0,3.49863,0.0,0.0,2810.82,-14.6177,0.0,0.0,0.0,0.0,0.0,0.0,0.0,0.0,0.0,0.0,0.0,3785.53,-83.4882,0.0,0.0,0.0,0.0,0.0,0.0,0.0,0.0,0.0,0.0,0.0,7388.63,-42.0105,0.0,0.0,0.0,0.0,0.0,0.0,0.0,0.0,0.0,999.0,999.0,1.0,2.405668713684424,gaze,0.5553264772682719,0.5810558718467254,-27.25375739871807,-17.35400127986496,235.7631583761535,-36.27823901941211,-17.14820337784534,-31.82816261425895,0.0337056942821712,-0.0007686381845445,0.999431506091487,4.973133087158203,24.12555212906129,-16.68547744920204,-22.17298501023805,0.5804087507615249,0.5970362591872088,0.5537809921396637,4.186609268188477,-36.27823901941211,-17.14820337784534,-31.82816261425895,0.0337056942821712,-0.0007686381845445,0.999431506091487,4.973133087158203,1.3025166903200087,True,0.0,imu,-0.490485296,-9.430477044800002,2.4966897872,1.04687487,-1.39121527,-4.625395409999999,97.1204724,-37.94611160000001,133.6383368,387.622,-22.9821,False,0.9857985313645352,-0.1679322945699417,385.1972802883526,-26.243621539537152,3.6223918885554416,-11.9054,False,inf
56.5605,1.83417,-0.493218,383.854,-25.5564,-0.254643,-0.682076,-12.0715,2607.36,0.0116622,-0.681169,1.14612,-0.362002,-0.254643,6.48387,0.0517704,-0.0301692,9.33142,-1.01004,1.87672,-0.292977,9.3865,-12.0715,-1.35127,-10.3908,0.0,0.957623,-188.757,114.0,3.0,-0.857983,-1.74372,0.0385441,387.615,-22.9888,0.0,1.48327e-26,0.0,-1.46561e-25,2.44191,-0.00346886,2.44191,0.0,3.18059,0.0,0.0,2810.82,-14.6177,0.0,0.0,0.0,0.0,0.0,0.0,0.0,0.0,0.0,0.0,0.0,3785.53,-83.4882,0.0,0.0,0.0,0.0,0.0,0.0,0.0,0.0,0.0,0.0,0.0,7388.63,-42.0105,0.0,0.0,0.0,0.0,0.0,0.0,0.0,0.0,0.0,999.0,999.0,1.0,2.364563460768208,gaze,0.5553264772682719,0.5810558718467254,-27.25375739871807,-17.35400127986496,235.7631583761535,-36.27823901941211,-17.14820337784534,-31.82816261425895,0.0337056942821712,-0.0007686381845445,0.999431506091487,4.973133087158203,24.12555212906129,-16.68547744920204,-22.17298501023805,0.5804087507615249,0.5970362591872088,0.5537809921396637,4.186609268188477,-36.27823901941211,-17.14820337784534,-31.82816261425895,0.0337056942821712,-0.0007686381845445,0.999431506091487,4.973133087158203,1.3025166903200087,True,0.0,imu,-0.490485296,-9.430477044800002,2.4966897872,1.04687487,-1.39121527,-4.625395409999999,97.1204724,-37.94611160000001,133.6383368,387.615,-22.9888,False,0.9862812226438318,-0.165073770963737,385.2342445461892,-26.260625810883795,3.6199406415391455,-12.0715,False,inf
56.5765,1.87462,-0.4896,383.894,-25.5695,-0.253172,-0.687839,-12.2377,2638.27,0.0106759,-0.686953,0.580034,-0.358844,-0.253172,4.6505,0.12851,-0.029478,9.44319,-1.01146,1.91613,-0.287146,9.4978,-12.2377,0.830672,-10.3904,0.0,0.951041,-186.624,144.0,3.0,-0.857983,-3.64261,0.0308018,387.608,-22.9956,0.0,1.41274e-26,0.0,-1.39592e-25,2.19556,-0.00277228,2.19556,0.0,2.86255,0.0,0.0,2810.82,-14.6177,0.0,0.0,0.0,0.0,0.0,0.0,0.0,0.0,0.0,0.0,0.0,3785.53,-83.4882,0.0,0.0,0.0,0.0,0.0,0.0,0.0,0.0,0.0,0.0,0.0,7388.63,-42.0105,0.0,0.0,0.0,0.0,0.0,0.0,0.0,0.0,0.0,999.0,999.0,1.0,2.3224814853944538,gaze,0.5553264772682719,0.5810558718467254,-27.25375739871807,-17.35400127986496,235.7631583761535,-36.27823901941211,-17.14820337784534,-31.82816261425895,0.0337056942821712,-0.0007686381845445,0.999431506091487,4.973133087158203,24.12555212906129,-16.68547744920204,-22.17298501023805,0.5804087507615249,0.5970362591872088,0.5537809921396637,4.186609268188477,-36.27823901941211,-17.14820337784534,-31.82816261425895,0.0337056942821712,-0.0007686381845445,0.999431506091487,4.973133087158203,1.3025166903200087,True,0.0,imu,-0.490485296,-9.430477044800002,2.4966897872,1.04687487,-1.39121527,-4.625395409999999,97.1204724,-37.94611160000001,133.6383368,387.608,-22.9956,False,0.9867559081847788,-0.1622121378394132,385.2721959681598,-26.277726569219254,3.617553549166057,-12.2377,False,inf
56.5925,2.31025,-0.387133,383.934,-25.5829,-0.250397,-0.693565,-12.4038,2669.69,0.00993605,-0.692703,-5.86156,-0.36003,-0.250397,13.1851,0.21848,-0.0286902,9.55697,-1.01083,2.33835,-0.142001,9.61088,-12.4038,11.5439,-10.3626,0.0,0.957623,-184.14,162.0,3.0,-0.857983,-3.20385,0.0288874,387.601,-23.0025,0.0,1.34913e-26,0.0,-1.3330699999999999e-25,2.13694,-0.0026002,2.13694,0.0,2.78754,0.0,0.0,2810.82,-14.6177,0.0,0.0,0.0,0.0,0.0,0.0,0.0,0.0,0.0,0.0,0.0,3785.53,-83.4882,0.0,0.0,0.0,0.0,0.0,0.0,0.0,0.0,0.0,0.0,0.0,7388.63,-42.0105,0.0,0.0,0.0,0.0,0.0,0.0,0.0,0.0,0.0,999.0,999.0,1.0,2.2803005964126624,gaze,0.5553264772682719,0.5810558718467254,-27.25375739871807,-17.35400127986496,235.7631583761535,-36.27823901941211,-17.14820337784534,-31.82816261425895,0.0337056942821712,-0.0007686381845445,0.999431506091487,4.973133087158203,24.12555212906129,-16.68547744920204,-22.17298501023805,0.5804087507615249,0.5970362591872088,0.5537809921396637,4.186609268188477,-36.27823901941211,-17.14820337784534,-31.82816261425895,0.0337056942821712,-0.0007686381845445,0.999431506091487,4.973133087158203,1.3025166903200087,True,0.0,imu,-0.490485296,-9.430477044800002,2.4966897872,1.04687487,-1.39121527,-4.625395409999999,97.1204724,-37.94611160000001,133.6383368,387.601,-23.0025,False,0.9872220127763768,-0.159350862845983,385.3101370366754,-26.295118966533646,3.615596913314696,-12.4038,False,inf
56.6085,2.11404,-0.474856,383.975,-25.5966,-0.246216,-0.699357,-12.5693,2701.31,0.0126264,-0.698521,-2.00629,-0.365506,-0.246216,4.23796,0.298866,-0.0278052,9.67172,-1.00828,2.15215,-0.253128,9.72474,-12.5693,5.00055,-10.3162,0.0,0.954332,-181.305,186.0,3.0,-0.857983,-1.69614,0.029638,387.594,-23.0094,0.0,1.28869e-26,0.0,-1.2733499999999999e-25,2.16417,-0.00266795,2.16417,0.0,2.82367,0.0,0.0,2810.82,-14.6177,0.0,0.0,0.0,0.0,0.0,0.0,0.0,0.0,0.0,0.0,0.0,3785.53,-83.4882,0.0,0.0,0.0,0.0,0.0,0.0,0.0,0.0,0.0,0.0,0.0,7388.63,-42.0105,0.0,0.0,0.0,0.0,0.0,0.0,0.0,0.0,0.0,999.0,999.0,1.0,2.237076923129815,gaze,0.5553264772682719,0.5810558718467254,-27.25375739871807,-17.35400127986496,235.7631583761535,-36.27823901941211,-17.14820337784534,-31.82816261425895,0.0337056942821712,-0.0007686381845445,0.999431506091487,4.973133087158203,24.12555212906129,-16.68547744920204,-22.17298501023805,0.5804087507615249,0.5970362591872088,0.5537809921396637,4.186609268188477,-36.27823901941211,-17.14820337784534,-31.82816261425895,0.0337056942821712,-0.0007686381845445,0.999431506091487,4.973133087158203,1.3025166903200087,True,0.0,imu,-0.490485296,-9.430477044800002,2.4966897872,1.04687487,-1.39121527,-4.625395409999999,97.1204724,-37.94611160000001,133.6383368,387.594,-23.0094,False,0.98767818181273,-0.1564985915946194,385.3490740399414,-26.312790989023952,3.614014956839106,-12.5693,False,inf
56.6245,2.32974,-0.342278,384.016,-25.6104,-0.240525,-0.705259,-12.7337,2733.49,0.0130926,-0.704451,-5.33602,-0.372549,-0.240525,12.6212,0.405676,-0.0268683,9.78868,-1.00313,2.35274,-0.103012,9.84056,-12.7337,13.6436,-10.2378,0.0,0.954332,-178.119,204.0,3.0,-0.857983,-0.188427,0.0303886,387.587,-23.0164,0.0,1.22825e-26,0.0,-1.21363e-25,2.1914,-0.0027357,2.1914,0.0,2.85979,0.0,0.0,2810.82,-14.6177,0.0,0.0,0.0,0.0,0.0,0.0,0.0,0.0,0.0,0.0,0.0,3785.53,-83.4882,0.0,0.0,0.0,0.0,0.0,0.0,0.0,0.0,0.0,0.0,0.0,7388.63,-42.0105,0.0,0.0,0.0,0.0,0.0,0.0,0.0,0.0,0.0,999.0,999.0,1.0,2.19382031169373,gaze,0.5553264772682719,0.5810558718467254,-27.25375739871807,-17.35400127986496,235.7631583761535,-36.27823901941211,-17.14820337784534,-31.82816261425895,0.0337056942821712,-0.0007686381845445,0.999431506091487,4.973133087158203,24.12555212906129,-16.68547744920204,-22.17298501023805,0.5804087507615249,0.5970362591872088,0.5537809921396637,4.186609268188477,-36.27823901941211,-17.14820337784534,-31.82816261425895,0.0337056942821712,-0.0007686381845445,0.999431506091487,4.973133087158203,1.3025166903200087,True,0.0,imu,-0.490485296,-9.430477044800002,2.4966897872,1.04687487,-1.39121527,-4.625395409999999,97.1204724,-37.94611160000001,133.6383368,387.587,-23.0164,False,0.9881231601605764,-0.1536639852218992,385.3880134043334,-26.33053069531133,3.612674339575864,-12.733700000000002,False,inf
56.6405,2.25573,-0.300456,384.058,-25.6245,-0.233064,-0.711214,-12.8967,2765.91,0.0119136,-0.710435,-3.64361,-0.373739,-0.233064,12.7647,0.523446,-0.0259023,9.90669,-0.996115,2.27473,-0.073298,9.95727,-12.8967,12.8143,-10.1384,0.0,0.957623,-174.582,234.0,3.0,-0.857983,0.641765,0.0320768,387.58,-23.0238,0.0,1.17245e-26,0.0,-1.15849e-25,2.24908,-0.00288752,2.24908,0.0,2.93617,0.0,0.0,2810.82,-14.6177,0.0,0.0,0.0,0.0,0.0,0.0,0.0,0.0,0.0,0.0,0.0,3785.53,-83.4882,0.0,0.0,0.0,0.0,0.0,0.0,0.0,0.0,0.0,0.0,0.0,7388.63,-42.0105,0.0,0.0,0.0,0.0,0.0,0.0,0.0,0.0,0.0,999.0,999.0,1.0,2.149520934999257,gaze,0.5553264772682719,0.5810558718467254,-27.25375739871807,-17.35400127986496,235.7631583761535,-36.27823901941211,-17.14820337784534,-31.82816261425895,0.0337056942821712,-0.0007686381845445,0.999431506091487,4.973133087158203,24.12555212906129,-16.68547744920204,-22.17298501023805,0.5804087507615249,0.5970362591872088,0.5537809921396637,4.186609268188477,-36.27823901941211,-17.14820337784534,-31.82816261425895,0.0337056942821712,-0.0007686381845445,0.999431506091487,4.973133087158203,1.3025166903200087,True,0.0,imu,-0.490485296,-9.430477044800002,2.4966897872,1.04687487,-1.39121527,-4.625395409999999,97.1204724,-37.94611160000001,133.6383368,387.58,-23.0238,False,0.9885563175702404,-0.1508522687663866,385.427959164764,-26.348530998562293,3.611324075323629,-12.8967,False,inf
56.6565,1.92567,-0.356675,384.1,-25.6387,-0.223707,-0.717203,-13.0579,2798.65,0.0147867,-0.716454,1.20633,-0.375697,-0.223707,1.24177,0.638467,-0.0249205,10.0261,-0.986876,1.9512,-0.166271,10.0752,-13.0579,4.13883,-10.013,0.0,0.957623,-170.757,240.0,3.0,-0.857983,0.943152,0.034497,387.572,-23.0316,0.0,1.1202500000000001e-26,0.0,-1.10691e-25,2.33053,-0.00310496,2.33053,0.0,3.04397,0.0,0.0,2810.82,-14.6177,0.0,0.0,0.0,0.0,0.0,0.0,0.0,0.0,0.0,0.0,0.0,3785.53,-83.4882,0.0,0.0,0.0,0.0,0.0,0.0,0.0,0.0,0.0,0.0,0.0,7388.63,-42.0105,0.0,0.0,0.0,0.0,0.0,0.0,0.0,0.0,0.0,999.0,999.0,1.0,2.1051885640008496,gaze,0.5553264772682719,0.5810558718467254,-27.25375739871807,-17.35400127986496,235.7631583761535,-36.27823901941211,-17.14820337784534,-31.82816261425895,0.0337056942821712,-0.0007686381845445,0.999431506091487,4.973133087158203,24.12555212906129,-16.68547744920204,-22.17298501023805,0.5804087507615249,0.5970362591872088,0.5537809921396637,4.186609268188477,-36.27823901941211,-17.14820337784534,-31.82816261425895,0.0337056942821712,-0.0007686381845445,0.999431506091487,4.973133087158203,1.3025166903200087,True,0.0,imu,-0.490485296,-9.430477044800002,2.4966897872,1.04687487,-1.39121527,-4.625395409999999,97.1204724,-37.94611160000001,133.6383368,387.572,-23.0316,False,0.9889768229423452,-0.1480704011032081,385.4679167053789,-26.36658246794752,3.60977282310826,-13.057899999999998,False,inf
56.6725,2.42304,-0.178189,384.143,-25.6532,-0.212475,-0.723262,-13.2168,2832.0,-0.0139638,-0.722542,-5.32162,-0.382925,-0.212475,17.3699,0.75891,-0.0239471,10.1478,-0.975077,2.42936,0.0543387,10.1952,-13.2168,20.969,-9.8564,0.0,0.951041,-166.689,258.0,3.0,-0.857983,1.24454,0.0369171,387.564,-23.0394,0.0,1.06806e-26,0.0,-1.05534e-25,2.41197,-0.0033224,2.41197,0.0,3.15178,0.0,0.0,2810.82,-14.6177,0.0,0.0,0.0,0.0,0.0,0.0,0.0,0.0,0.0,0.0,0.0,3785.53,-83.4882,0.0,0.0,0.0,0.0,0.0,0.0,0.0,0.0,0.0,0.0,0.0,7388.63,-42.0105,0.0,0.0,0.0,0.0,0.0,0.0,0.0,0.0,0.0,999.0,999.0,1.0,2.059813447863704,gaze,0.5553264772682719,0.5810558718467254,-27.25375739871807,-17.35400127986496,235.7631583761535,-36.27823901941211,-17.14820337784534,-31.82816261425895,0.0337056942821712,-0.0007686381845445,0.999431506091487,4.973133087158203,24.12555212906129,-16.68547744920204,-22.17298501023805,0.5804087507615249,0.5970362591872088,0.5537809921396637,4.186609268188477,-36.27823901941211,-17.14820337784534,-31.82816261425895,0.0337056942821712,-0.0007686381845445,0.999431506091487,4.973133087158203,1.3025166903200087,True,0.0,imu,-0.490485296,-9.430477044800002,2.4966897872,1.04687487,-1.39121527,-4.625395409999999,97.1204724,-37.94611160000001,133.6383368,387.564,-23.0394,False,0.989383666951542,-0.1453270778950723,385.5088927904463,-26.384873345835963,3.6086194121173696,-13.2168,False,inf
56.6885,2.20077,-0.113237,384.186,-25.6678,-0.199603,-0.72948,-13.3731,2865.46,-0.0121086,-0.728789,-2.25034,-0.394565,-0.199603,15.2813,0.849387,-0.022989,10.2702,-0.96109,2.20177,0.0923307,10.3157,-13.3731,17.649,-9.68357,0.0,0.954332,-162.459,270.0,3.0,-0.857983,1.43939,0.0395598,387.556,-23.0474,0.0,1.0199600000000001e-26,0.0,-1.00782e-25,2.4961,-0.00355988,2.4961,0.0,3.26387,0.0,0.0,2810.82,-14.6177,0.0,0.0,0.0,0.0,0.0,0.0,0.0,0.0,0.0,0.0,0.0,3785.53,-83.4882,0.0,0.0,0.0,0.0,0.0,0.0,0.0,0.0,0.0,0.0,0.0,7388.63,-42.0105,0.0,0.0,0.0,0.0,0.0,0.0,0.0,0.0,0.0,999.0,999.0,1.0,2.014405281962925,gaze,0.5553264772682719,0.5810558718467254,-27.25375739871807,-17.35400127986496,235.7631583761535,-36.27823901941211,-17.14820337784534,-31.82816261425895,0.0337056942821712,-0.0007686381845445,0.999431506091487,4.973133087158203,24.12555212906129,-16.68547744920204,-22.17298501023805,0.5804087507615249,0.5970362591872088,0.5537809921396637,4.186609268188477,-36.27823901941211,-17.14820337784534,-31.82816261425895,0.0337056942821712,-0.0007686381845445,0.999431506091487,4.973133087158203,1.3025166903200087,True,0.0,imu,-0.490485296,-9.430477044800002,2.4966897872,1.04687487,-1.39121527,-4.625395409999999,97.1204724,-37.94611160000001,133.6383368,387.556,-23.0474,False,0.9897764300564303,-0.1426275517028472,385.5498917426102,-26.40319670548598,3.607614792353413,-13.3731,False,inf
56.7045,1.89175,-0.258917,384.23,-25.6826,-0.18532,-0.735836,-13.5265,2899.13,0.013907,-0.735172,2.5692,-0.399132,-0.18532,-3.29829,0.930285,-0.0221032,10.3933,-0.945654,1.90718,-0.0863759,10.4369,-13.5265,4.96208,-9.50074,0.0,0.957623,-158.112,270.0,3.0,-0.857983,1.49662,0.0424901,387.548,-23.0557,0.0,9.77156e-27,0.0,-9.6552e-26,2.58369,-0.00382324,2.58369,0.0,3.38149,0.0,0.0,2810.82,-14.6177,0.0,0.0,0.0,0.0,0.0,0.0,0.0,0.0,0.0,0.0,0.0,3785.53,-83.4882,0.0,0.0,0.0,0.0,0.0,0.0,0.0,0.0,0.0,0.0,0.0,7388.63,-42.0105,0.0,0.0,0.0,0.0,0.0,0.0,0.0,0.0,0.0,999.0,999.0,1.0,1.967987642237618,gaze,0.5553264772682719,0.5810558718467254,-27.25375739871807,-17.35400127986496,235.7631583761535,-36.27823901941211,-17.14820337784534,-31.82816261425895,0.0337056942821712,-0.0007686381845445,0.999431506091487,4.973133087158203,24.12555212906129,-16.68547744920204,-22.17298501023805,0.5804087507615249,0.5970362591872088,0.5537809921396637,4.186609268188477,-36.27823901941211,-17.14820337784534,-31.82816261425895,0.0337056942821712,-0.0007686381845445,0.999431506091487,4.973133087158203,1.3025166903200087,True,0.0,imu,-0.490485296,-9.430477044800002,2.4966897872,1.04687487,-1.39121527,-4.625395409999999,97.1204724,-37.94611160000001,133.6383368,387.548,-23.0557,False,0.99015474392919,-0.1399770805329224,385.5919179533016,-26.421645660615653,3.6066137178461646,-13.526500000000002,False,inf
56.721,1.96126,-0.225495,384.275,-25.6981,-0.16934,-0.742482,-13.6815,2934.28,0.0137058,-0.741842,2.04288,-0.404459,-0.16934,-3.6668,0.995293,-0.0213047,10.5219,-0.928045,1.97333,-0.0522673,10.5634,-13.6815,6.88434,-9.29552,0.0,0.947749,-153.72,258.0,3.0,-0.857983,1.55384,0.0454203,387.54,-23.064,0.0,9.34349e-27,0.0,-9.23224e-26,2.67127,-0.00408661,2.67127,0.0,3.49912,0.0,0.0,2810.82,-14.6177,0.0,0.0,0.0,0.0,0.0,0.0,0.0,0.0,0.0,0.0,0.0,3785.53,-83.4882,0.0,0.0,0.0,0.0,0.0,0.0,0.0,0.0,0.0,0.0,0.0,7388.63,-42.0105,0.0,0.0,0.0,0.0,0.0,0.0,0.0,0.0,0.0,999.0,999.0,1.0,1.920394285036312,gaze,0.5553264772682719,0.5810558718467254,-27.25375739871807,-17.35400127986496,235.7631583761535,-36.27823901941211,-17.14820337784534,-31.82816261425895,0.0337056942821712,-0.0007686381845445,0.999431506091487,4.973133087158203,24.12555212906129,-16.68547744920204,-22.17298501023805,0.5804087507615249,0.5970362591872088,0.5537809921396637,4.186609268188477,-36.27823901941211,-17.14820337784534,-31.82816261425895,0.0337056942821712,-0.0007686381845445,0.999431506091487,4.973133087158203,1.3025166903200087,True,0.0,imu,-0.490485296,-9.430477044800002,2.4966897872,1.04687487,-1.39121527,-4.625395409999999,97.1204724,-37.94611160000001,133.6383368,387.54,-23.064,False,0.9905297947232442,-0.1372979452341801,385.6349136612747,-26.440827294421307,3.60641248655968,-13.6815,False,inf
56.737,2.12975,-0.159267,384.32,-25.7132,-0.153053,-0.748977,-13.8285,2968.63,-0.0128388,-0.748359,0.197887,-0.406482,-0.153053,-0.221191,1.03359,-0.0205577,10.6476,-0.909619,2.13561,0.0226066,10.6871,-13.8285,12.7395,-9.08951,0.0,0.957623,-149.328,276.0,3.0,-0.857983,1.60469,0.0484636,387.532,-23.0726,0.0,8.91769e-27,0.0,-8.8115e-26,2.76063,-0.00436044,2.76063,0.0,3.61908,0.0,0.0,2810.82,-14.6177,0.0,0.0,0.0,0.0,0.0,0.0,0.0,0.0,0.0,0.0,0.0,3785.53,-83.4882,0.0,0.0,0.0,0.0,0.0,0.0,0.0,0.0,0.0,0.0,0.0,7388.63,-42.0105,0.0,0.0,0.0,0.0,0.0,0.0,0.0,0.0,0.0,999.0,999.0,1.0,1.872934179302644,gaze,0.5553264772682719,0.5810558718467254,-27.25375739871807,-17.35400127986496,235.7631583761535,-36.27823901941211,-17.14820337784534,-31.82816261425895,0.0337056942821712,-0.0007686381845445,0.999431506091487,4.973133087158203,24.12555212906129,-16.68547744920204,-22.17298501023805,0.5804087507615249,0.5970362591872088,0.5537809921396637,4.186609268188477,-36.27823901941211,-17.14820337784534,-31.82816261425895,0.0337056942821712,-0.0007686381845445,0.999431506091487,4.973133087158203,1.3025166903200087,True,0.0,imu,-0.490485296,-9.430477044800002,2.4966897872,1.04687487,-1.39121527,-4.625395409999999,97.1204724,-37.94611160000001,133.6383368,387.532,-23.0726,False,0.9908787905448576,-0.1347561592223536,385.67800362116736,-26.45941388682894,3.6057594792052257,-13.828500000000002,False,inf
56.7525,2.0024,-0.0643722,384.364,-25.7281,-0.136927,-0.755284,-13.9677,3002.11,-0.0121323,-0.754688,1.17827,-0.409251,-0.136927,-0.823374,1.04561,-0.0198389,10.7701,-0.890384,2.00038,0.100889,10.8076,-13.9677,11.473,-8.8823,0.0,0.954332,-144.945,270.0,3.0,-0.857983,1.61744,0.0521825,387.521,-23.0828,0.0,8.5054e-27,0.0,-8.404120000000001e-26,2.86054,-0.00469691,2.86054,0.0,3.75301,0.0,0.0,2810.82,-14.6177,0.0,0.0,0.0,0.0,0.0,0.0,0.0,0.0,0.0,0.0,0.0,3785.53,-83.4882,0.0,0.0,0.0,0.0,0.0,0.0,0.0,0.0,0.0,0.0,0.0,7388.63,-42.0105,0.0,0.0,0.0,0.0,0.0,0.0,0.0,0.0,0.0,999.0,999.0,1.0,1.8264838378699453,gaze,0.5553264772682719,0.5810558718467254,-27.25375739871807,-17.35400127986496,235.7631583761535,-36.27823901941211,-17.14820337784534,-31.82816261425895,0.0337056942821712,-0.0007686381845445,0.999431506091487,4.973133087158203,24.12555212906129,-16.68547744920204,-22.17298501023805,0.5804087507615249,0.5970362591872088,0.5537809921396637,4.186609268188477,-36.27823901941211,-17.14820337784534,-31.82816261425895,0.0337056942821712,-0.0007686381845445,0.999431506091487,4.973133087158203,1.3025166903200087,True,0.0,imu,-0.490485296,-9.430477044800002,2.4966897872,1.04687487,-1.39121527,-4.625395409999999,97.1204724,-37.94611160000001,133.6383368,387.521,-23.0828,False,0.9912032557742598,-0.1323484255384527,385.7201866897868,-26.477610948849325,3.603282471532964,-13.9677,False,inf
56.7685,2.39937,-0.0349949,384.41,-25.7435,-0.120437,-0.761892,-14.108,3036.99,-0.011877,-0.761315,-3.25378,-0.416138,-0.120437,4.44678,1.02032,-0.0191783,10.8978,-0.869567,2.39472,0.15596,10.9332,-14.108,19.9119,-8.66643,0.0,0.951041,-140.616,258.0,3.0,-0.857983,1.63019,0.0559014,387.511,-23.0931,0.0,8.09311e-27,0.0,-7.996740000000001e-26,2.96046,-0.00503338,2.96046,0.0,3.88694,0.0,0.0,2810.82,-14.6177,0.0,0.0,0.0,0.0,0.0,0.0,0.0,0.0,0.0,0.0,0.0,3785.53,-83.4882,0.0,0.0,0.0,0.0,0.0,0.0,0.0,0.0,0.0,0.0,0.0,7388.63,-42.0105,0.0,0.0,0.0,0.0,0.0,0.0,0.0,0.0,0.0,999.0,999.0,1.0,1.777981510027581,gaze,0.5553264772682719,0.5810558718467254,-27.25375739871807,-17.35400127986496,235.7631583761535,-36.27823901941211,-17.14820337784534,-31.82816261425895,0.0337056942821712,-0.0007686381845445,0.999431506091487,4.973133087158203,24.12555212906129,-16.68547744920204,-22.17298501023805,0.5804087507615249,0.5970362591872088,0.5537809921396637,4.186609268188477,-36.27823901941211,-17.14820337784534,-31.82816261425895,0.0337056942821712,-0.0007686381845445,0.999431506091487,4.973133087158203,1.3025166903200087,True,0.0,imu,-0.490485296,-9.430477044800002,2.4966897872,1.04687487,-1.39121527,-4.625395409999999,97.1204724,-37.94611160000001,133.6383368,387.511,-23.0931,False,0.9915243649513747,-0.1299208747960574,385.76434730052887,-26.49632958865224,3.6013117033523225,-14.108,False,inf
56.7845,2.28089,-0.00153216,384.456,-25.7592,-0.104483,-0.768543,-14.2449,3072.01,-0.0118472,-0.767985,-1.13364,-0.415362,-0.104483,3.22423,0.979197,-0.0185716,11.0259,-0.848156,2.27435,0.173415,11.0592,-14.2449,17.3862,-8.45421,0.0,0.951041,-136.359,258.0,3.0,-0.857983,1.13455,0.0566627,387.502,-23.1025,0.0,7.694849999999999e-27,0.0,-7.60323e-26,2.9683,-0.00510309,2.9683,0.0,3.89974,0.0,0.0,2810.82,-14.6177,0.0,0.0,0.0,0.0,0.0,0.0,0.0,0.0,0.0,0.0,0.0,3785.53,-83.4882,0.0,0.0,0.0,0.0,0.0,0.0,0.0,0.0,0.0,0.0,0.0,7388.63,-42.0105,0.0,0.0,0.0,0.0,0.0,0.0,0.0,0.0,0.0,999.0,999.0,1.0,1.729379322184692,gaze,0.5553264772682719,0.5810558718467254,-27.25375739871807,-17.35400127986496,235.7631583761535,-36.27823901941211,-17.14820337784534,-31.82816261425895,0.0337056942821712,-0.0007686381845445,0.999431506091487,4.973133087158203,24.12555212906129,-16.68547744920204,-22.17298501023805,0.5804087507615249,0.5970362591872088,0.5537809921396637,4.186609268188477,-36.27823901941211,-17.14820337784534,-31.82816261425895,0.0337056942821712,-0.0007686381845445,0.999431506091487,4.973133087158203,1.3025166903200087,True,0.0,imu,-0.490485296,-9.430477044800002,2.4966897872,1.04687487,-1.39121527,-4.625395409999999,97.1204724,-37.94611160000001,133.6383368,387.502,-23.1025,False,0.991831961529414,-0.1275514017512748,385.8085446585403,-26.51526345411883,3.6008904735409444,-14.2449,False,inf
56.8005,2.2542,-0.0130074,384.503,-25.775,-0.0893138,-0.775128,-14.3784,3107.26,-0.011889,-0.774587,-0.173258,-0.409009,-0.0893138,0.187583,0.920455,-0.0180134,11.1548,-0.826426,2.24911,0.153579,11.1862,-14.3784,16.0677,-8.24398,0.0,0.954332,-132.21,252.0,3.0,-0.857983,-1.58815,0.0444683,387.496,-23.1083,0.0,7.35808e-27,0.0,-7.27047e-26,2.57282,-0.00400422,2.57282,0.0,3.3819,0.0,0.0,2810.82,-14.6177,0.0,0.0,0.0,0.0,0.0,0.0,0.0,0.0,0.0,0.0,0.0,3785.53,-83.4882,0.0,0.0,0.0,0.0,0.0,0.0,0.0,0.0,0.0,0.0,0.0,7388.63,-42.0105,0.0,0.0,0.0,0.0,0.0,0.0,0.0,0.0,0.0,999.0,999.0,1.0,1.679801476365611,gaze,0.5553264772682719,0.5810558718467254,-27.25375739871807,-17.35400127986496,235.7631583761535,-36.27823901941211,-17.14820337784534,-31.82816261425895,0.0337056942821712,-0.0007686381845445,0.999431506091487,4.973133087158203,24.12555212906129,-16.68547744920204,-22.17298501023805,0.5804087507615249,0.5970362591872088,0.5537809921396637,4.186609268188477,-36.27823901941211,-17.14820337784534,-31.82816261425895,0.0337056942821712,-0.0007686381845445,0.999431506091487,4.973133087158203,1.3025166903200087,True,0.0,imu,-0.490485296,-9.430477044800002,2.4966897872,1.04687487,-1.39121527,-4.625395409999999,97.1204724,-37.94611160000001,133.6383368,387.496,-23.1083,False,0.9921264655719578,-0.1252400747033263,385.8537793498253,-26.534212847682,3.6046106418355177,-14.3784,False,inf
56.8165,2.22881,-0.0552856,384.55,-25.7909,-0.0752723,-0.781613,-14.5085,3142.78,-0.011906,-0.781088,0.384259,-0.402257,-0.0752723,-6.03036,0.839163,-0.0174647,11.2846,-0.804303,2.22713,0.103312,11.314,-14.5085,12.618,-8.03643,0.0,0.954332,-128.124,252.0,3.0,-0.857983,-4.31085,0.0322739,387.491,-23.1141,0.0,7.02131e-27,0.0,-6.93771e-26,2.17733,-0.00290535,2.17733,0.0,2.86406,0.0,0.0,2810.82,-14.6177,0.0,0.0,0.0,0.0,0.0,0.0,0.0,0.0,0.0,0.0,0.0,3785.53,-83.4882,0.0,0.0,0.0,0.0,0.0,0.0,0.0,0.0,0.0,0.0,0.0,7388.63,-42.0105,0.0,0.0,0.0,0.0,0.0,0.0,0.0,0.0,0.0,999.0,999.0,1.0,1.6301905440775943,gaze,0.5553264772682719,0.5810558718467254,-27.25375739871807,-17.35400127986496,235.7631583761535,-36.27823901941211,-17.14820337784534,-31.82816261425895,0.0337056942821712,-0.0007686381845445,0.999431506091487,4.973133087158203,24.12555212906129,-16.68547744920204,-22.17298501023805,0.5804087507615249,0.5970362591872088,0.5537809921396637,4.186609268188477,-36.27823901941211,-17.14820337784534,-31.82816261425895,0.0337056942821712,-0.0007686381845445,0.999431506091487,4.973133087158203,1.3025166903200087,True,0.0,imu,-0.490485296,-9.430477044800002,2.4966897872,1.04687487,-1.39121527,-4.625395409999999,97.1204724,-37.94611160000001,133.6383368,387.491,-23.1141,False,0.992408286948578,-0.1229869586411049,385.8990519446424,-26.55317806649317,3.608758422293966,-14.508500000000003,False,inf
56.8325,2.05993,-0.103852,384.598,-25.807,-0.0626646,-0.788017,-14.6354,3178.57,-0.0135194,-0.787509,2.69232,-0.398852,-0.0626646,-14.5557,0.739123,-0.0168964,11.4154,-0.781656,2.06192,0.0371182,11.4429,-14.6354,5.99743,-7.82962,0.0,0.951041,-124.038,252.0,3.0,-0.857983,-6.74073,0.0208034,387.485,-23.1199,0.0,6.68726e-27,0.0,-6.60763e-26,1.80528,-0.00187173,1.80528,0.0,2.37691,0.0,0.0,2810.82,-14.6177,0.0,0.0,0.0,0.0,0.0,0.0,0.0,0.0,0.0,0.0,0.0,3785.53,-83.4882,0.0,0.0,0.0,0.0,0.0,0.0,0.0,0.0,0.0,0.0,0.0,7388.63,-42.0105,0.0,0.0,0.0,0.0,0.0,0.0,0.0,0.0,0.0,999.0,999.0,1.0,1.5795708277883584,gaze,0.5553264772682719,0.5810558718467254,-27.25375739871807,-17.35400127986496,235.7631583761535,-36.27823901941211,-17.14820337784534,-31.82816261425895,0.0337056942821712,-0.0007686381845445,0.999431506091487,4.973133087158203,24.12555212906129,-16.68547744920204,-22.17298501023805,0.5804087507615249,0.5970362591872088,0.5537809921396637,4.186609268188477,-36.27823901941211,-17.14820337784534,-31.82816261425895,0.0337056942821712,-0.0007686381845445,0.999431506091487,4.973133087158203,1.3025166903200087,True,0.0,imu,-0.490485296,-9.430477044800002,2.4966897872,1.04687487,-1.39121527,-4.625395409999999,97.1204724,-37.94611160000001,133.6383368,387.485,-23.1199,False,0.9926782469498108,-0.1207886502642143,385.9453603263199,-26.5722641054298,3.613057746087564,-14.6354,False,inf
56.8485,2.17436,-0.0879677,384.647,-25.8233,-0.0516911,-0.794401,-14.7588,3214.7,-0.0118347,-0.793911,1.79675,-0.396949,-0.0516911,-12.1179,0.635758,-0.016318,11.5473,-0.758467,2.17544,0.054734,11.5729,-14.7588,8.42592,-7.62081,0.0,0.957623,-119.961,252.0,3.0,-0.857983,-4.5596,0.0207331,387.48,-23.1256,0.0,6.39598e-27,0.0,-6.319820000000001e-26,1.80216,-0.00186566,1.80216,0.0,2.37297,0.0,0.0,2810.82,-14.6177,0.0,0.0,0.0,0.0,0.0,0.0,0.0,0.0,0.0,0.0,0.0,3785.53,-83.4882,0.0,0.0,0.0,0.0,0.0,0.0,0.0,0.0,0.0,0.0,0.0,7388.63,-42.0105,0.0,0.0,0.0,0.0,0.0,0.0,0.0,0.0,0.0,999.0,999.0,1.0,1.5279426330854382,gaze,0.5553264772682719,0.5810558718467254,-27.25375739871807,-17.35400127986496,235.7631583761535,-36.27823901941211,-17.14820337784534,-31.82816261425895,0.0337056942821712,-0.0007686381845445,0.999431506091487,4.973133087158203,24.12555212906129,-16.68547744920204,-22.17298501023805,0.5804087507615249,0.5970362591872088,0.5537809921396637,4.186609268188477,-36.27823901941211,-17.14820337784534,-31.82816261425895,0.0337056942821712,-0.0007686381845445,0.999431506091487,4.973133087158203,1.3025166903200087,True,0.0,imu,-0.490485296,-9.430477044800002,2.4966897872,1.04687487,-1.39121527,-4.625395409999999,97.1204724,-37.94611160000001,133.6383368,387.48,-23.1256,False,0.9929360913411674,-0.1186504046016072,385.9927090255953,-26.591464187157552,3.617849314988993,-14.758800000000004,False,inf
56.8645,2.28795,-0.0165864,384.696,-25.8397,-0.0423128,-0.800721,-14.879,3251.18,-0.0115693,-0.800248,0.582403,-0.391944,-0.0423128,-5.78212,0.542107,-0.0157405,11.6803,-0.7351,2.28461,0.127153,11.7043,-14.879,12.7368,-7.41047,0.0,0.954332,-115.875,252.0,3.0,-0.857983,-2.37847,0.0206627,387.474,-23.1314,0.0,6.1047099999999996e-27,0.0,-6.032020000000001e-26,1.79903,-0.00185958,1.79903,0.0,2.36903,0.0,0.0,2810.82,-14.6177,0.0,0.0,0.0,0.0,0.0,0.0,0.0,0.0,0.0,0.0,0.0,3785.53,-83.4882,0.0,0.0,0.0,0.0,0.0,0.0,0.0,0.0,0.0,0.0,0.0,7388.63,-42.0105,0.0,0.0,0.0,0.0,0.0,0.0,0.0,0.0,0.0,999.0,999.0,1.0,1.4762815754455385,gaze,0.5553264772682719,0.5810558718467254,-27.25375739871807,-17.35400127986496,235.7631583761535,-36.27823901941211,-17.14820337784534,-31.82816261425895,0.0337056942821712,-0.0007686381845445,0.999431506091487,4.973133087158203,24.12555212906129,-16.68547744920204,-22.17298501023805,0.5804087507615249,0.5970362591872088,0.5537809921396637,4.186609268188477,-36.27823901941211,-17.14820337784534,-31.82816261425895,0.0337056942821712,-0.0007686381845445,0.999431506091487,4.973133087158203,1.3025166903200087,True,0.0,imu,-0.490485296,-9.430477044800002,2.4966897872,1.04687487,-1.39121527,-4.625395409999999,97.1204724,-37.94611160000001,133.6383368,387.474,-23.1314,False,0.9931828211359612,-0.1165670785445585,386.0400945447516,-26.61068563849727,3.622712895807967,-14.879,False,inf
56.8805,2.26843,0.0092008,384.745,-25.8563,-0.0343449,-0.80692,-14.9957,3287.93,-0.0115052,-0.806464,0.800968,-0.383988,-0.0343449,-5.25533,0.459058,-0.01516,11.8143,-0.711567,2.26379,0.14556,11.8366,-14.9957,12.5393,-7.19812,0.0,0.951041,-111.762,258.0,3.0,-0.857983,-0.197335,0.0205924,387.468,-23.1371,0.0,5.8134399999999996e-27,0.0,-5.744220000000001e-26,1.79591,-0.00185351,1.79591,0.0,2.36509,0.0,0.0,2810.82,-14.6177,0.0,0.0,0.0,0.0,0.0,0.0,0.0,0.0,0.0,0.0,0.0,3785.53,-83.4882,0.0,0.0,0.0,0.0,0.0,0.0,0.0,0.0,0.0,0.0,0.0,7388.63,-42.0105,0.0,0.0,0.0,0.0,0.0,0.0,0.0,0.0,0.0,999.0,999.0,1.0,1.4245537862783633,gaze,0.5553264772682719,0.5810558718467254,-27.25375739871807,-17.35400127986496,235.7631583761535,-36.27823901941211,-17.14820337784534,-31.82816261425895,0.0337056942821712,-0.0007686381845445,0.999431506091487,4.973133087158203,24.12555212906129,-16.68547744920204,-22.17298501023805,0.5804087507615249,0.5970362591872088,0.5537809921396637,4.186609268188477,-36.27823901941211,-17.14820337784534,-31.82816261425895,0.0337056942821712,-0.0007686381845445,0.999431506091487,4.973133087158203,1.3025166903200087,True,0.0,imu,-0.490485296,-9.430477044800002,2.4966897872,1.04687487,-1.39121527,-4.625395409999999,97.1204724,-37.94611160000001,133.6383368,387.468,-23.1371,False,0.993418184574302,-0.1145439241387245,386.0875214148556,-26.63002168811158,3.628057356595929,-14.9957,False,inf
56.8965,2.24845,-0.0450728,384.796,-25.873,-0.0276993,-0.813036,-15.109,3324.96,-0.0112697,-0.812598,1.16994,-0.381507,-0.0276993,-11.0964,0.374626,-0.0145467,11.9493,-0.687574,2.24725,0.084161,11.9699,-15.109,9.93239,-6.97914,0.0,0.957623,-107.559,258.0,3.0,-0.857983,0.337714,0.0222516,387.462,-23.1434,0.0,5.56819e-27,0.0,-5.50189e-26,1.86344,-0.00200273,1.86344,0.0,2.45492,0.0,0.0,2810.82,-14.6177,0.0,0.0,0.0,0.0,0.0,0.0,0.0,0.0,0.0,0.0,0.0,3785.53,-83.4882,0.0,0.0,0.0,0.0,0.0,0.0,0.0,0.0,0.0,0.0,0.0,7388.63,-42.0105,0.0,0.0,0.0,0.0,0.0,0.0,0.0,0.0,0.0,999.0,999.0,1.0,1.370910646249438,gaze,0.5553264772682719,0.5810558718467254,-27.25375739871807,-17.35400127986496,235.7631583761535,-36.27823901941211,-17.14820337784534,-31.82816261425895,0.0337056942821712,-0.0007686381845445,0.999431506091487,4.973133087158203,24.12555212906129,-16.68547744920204,-22.17298501023805,0.5804087507615249,0.5970362591872088,0.5537809921396637,4.186609268188477,-36.27823901941211,-17.14820337784534,-31.82816261425895,0.0337056942821712,-0.0007686381845445,0.999431506091487,4.973133087158203,1.3025166903200087,True,0.0,imu,-0.490485296,-9.430477044800002,2.4966897872,1.04687487,-1.39121527,-4.625395409999999,97.1204724,-37.94611160000001,133.6383368,387.462,-23.1434,False,0.9936427479297388,-0.112579258687547,386.1369887888209,-26.649374953393387,3.632855366769872,-15.109000000000002,False,inf
56.9125,2.34329,0.0318067,384.846,-25.8899,-0.0222707,-0.819161,-15.2188,3362.42,-0.0101342,-0.818743,-0.125952,-0.384315,-0.0222707,-4.62503,0.309779,-0.013909,12.0857,-0.662747,2.33802,0.160061,12.1047,-15.2188,14.4333,-6.74877,0.0,0.951041,-103.212,276.0,3.0,-0.857983,0.757177,0.0240323,387.456,-23.1497,0.0,5.3261799999999995e-27,0.0,-5.26276e-26,1.93594,-0.00216285,1.93594,0.0,2.55133,0.0,0.0,2810.82,-14.6177,0.0,0.0,0.0,0.0,0.0,0.0,0.0,0.0,0.0,0.0,0.0,3785.53,-83.4882,0.0,0.0,0.0,0.0,0.0,0.0,0.0,0.0,0.0,0.0,0.0,7388.63,-42.0105,0.0,0.0,0.0,0.0,0.0,0.0,0.0,0.0,0.0,999.0,999.0,1.0,1.3181420295248996,gaze,0.5553264772682719,0.5810558718467254,-27.25375739871807,-17.35400127986496,235.7631583761535,-36.27823901941211,-17.14820337784534,-31.82816261425895,0.0337056942821712,-0.0007686381845445,0.999431506091487,4.973133087158203,24.12555212906129,-16.68547744920204,-22.17298501023805,0.5804087507615249,0.5970362591872088,0.5537809921396637,4.186609268188477,-36.27823901941211,-17.14820337784534,-31.82816261425895,0.0337056942821712,-0.0007686381845445,0.999431506091487,4.973133087158203,1.3025166903200087,True,0.0,imu,-0.490485296,-9.430477044800002,2.4966897872,1.04687487,-1.39121527,-4.625395409999999,97.1204724,-37.94611160000001,133.6383368,387.456,-23.1497,False,0.99385666691673,-0.1106748644687139,386.1854985045067,-26.668843358931998,3.6381366699313182,-15.218800000000002,False,inf
56.9285,2.4396,0.0905655,384.898,-25.9069,-0.0177514,-0.825329,-15.3247,3400.19,-0.0110278,-0.824931,-1.06944,-0.386626,-0.0177514,1.05902,0.263232,-0.0132686,12.2232,-0.637657,2.43174,0.217538,12.2407,-15.3247,17.7484,-6.51147,0.0,0.951041,-98.721,288.0,3.0,-0.857983,1.17664,0.0258129,387.45,-23.1559,0.0,5.08417e-27,0.0,-5.02363e-26,2.00844,-0.00232297,2.00844,0.0,2.64774,0.0,0.0,2810.82,-14.6177,0.0,0.0,0.0,0.0,0.0,0.0,0.0,0.0,0.0,0.0,0.0,3785.53,-83.4882,0.0,0.0,0.0,0.0,0.0,0.0,0.0,0.0,0.0,0.0,0.0,7388.63,-42.0105,0.0,0.0,0.0,0.0,0.0,0.0,0.0,0.0,0.0,999.0,999.0,1.0,1.2634595403098476,gaze,0.5553264772682719,0.5810558718467254,-27.25375739871807,-17.35400127986496,235.7631583761535,-36.27823901941211,-17.14820337784534,-31.82816261425895,0.0337056942821712,-0.0007686381845445,0.999431506091487,4.973133087158203,24.12555212906129,-16.68547744920204,-22.17298501023805,0.5804087507615249,0.5970362591872088,0.5537809921396637,4.186609268188477,-36.27823901941211,-17.14820337784534,-31.82816261425895,0.0337056942821712,-0.0007686381845445,0.999431506091487,4.973133087158203,1.3025166903200087,True,0.0,imu,-0.490485296,-9.430477044800002,2.4966897872,1.04687487,-1.39121527,-4.625395409999999,97.1204724,-37.94611160000001,133.6383368,387.45,-23.1559,False,0.9940595299400524,-0.1088377275367417,386.2360564934368,-26.688317827011627,3.6435564572833616,-15.3247,False,inf
56.945,2.36596,0.0623221,384.951,-25.9246,-0.0136273,-0.831711,-15.43,3439.46,-0.010736,-0.831331,0.307345,-0.38717,-0.0136273,-2.07575,0.242297,-0.0126473,12.3661,-0.611216,2.36011,0.179043,12.3821,-15.43,14.6939,-6.25521,0.0,0.957623,-94.104,288.0,3.0,-0.857983,1.37129,0.0281908,387.443,-23.1633,0.0,4.85267e-27,0.0,-4.79489e-26,2.09628,-0.00253716,2.09628,0.0,2.76477,0.0,0.0,2810.82,-14.6177,0.0,0.0,0.0,0.0,0.0,0.0,0.0,0.0,0.0,0.0,0.0,3785.53,-83.4882,0.0,0.0,0.0,0.0,0.0,0.0,0.0,0.0,0.0,0.0,0.0,7388.63,-42.0105,0.0,0.0,0.0,0.0,0.0,0.0,0.0,0.0,0.0,999.0,999.0,1.0,1.2076004140443053,gaze,0.5553264772682719,0.5810558718467254,-27.25375739871807,-17.35400127986496,235.7631583761535,-36.27823901941211,-17.14820337784534,-31.82816261425895,0.0337056942821712,-0.0007686381845445,0.999431506091487,4.973133087158203,24.12555212906129,-16.68547744920204,-22.17298501023805,0.5804087507615249,0.5970362591872088,0.5537809921396637,4.186609268188477,-36.27823901941211,-17.14820337784534,-31.82816261425895,0.0337056942821712,-0.0007686381845445,0.999431506091487,4.973133087158203,1.3025166903200087,True,0.0,imu,-0.490485296,-9.430477044800002,2.4966897872,1.04687487,-1.39121527,-4.625395409999999,97.1204724,-37.94611160000001,133.6383368,387.443,-23.1633,False,0.99425787647366,-0.1070106306405502,386.2876181200639,-26.708475628602503,3.648456935823123,-15.43,False,inf
56.9605,2.48709,0.144075,385.002,-25.9414,-0.00990417,-0.837735,-15.5248,3476.8,-0.0100815,-0.837374,-1.52864,-0.391988,-0.00990417,3.9322,0.241586,-0.0120254,12.5018,-0.585743,2.47774,0.260313,12.5165,-15.5248,20.044,-6.00015,0.0,0.954332,-89.352,294.0,3.0,-0.857983,1.46219,0.0308444,387.436,-23.171,0.0,4.6260299999999995e-27,0.0,-4.57095e-26,2.1912,-0.00277629,2.1912,0.0,2.89132,0.0,0.0,2810.82,-14.6177,0.0,0.0,0.0,0.0,0.0,0.0,0.0,0.0,0.0,0.0,0.0,3785.53,-83.4882,0.0,0.0,0.0,0.0,0.0,0.0,0.0,0.0,0.0,0.0,0.0,7388.63,-42.0105,0.0,0.0,0.0,0.0,0.0,0.0,0.0,0.0,0.0,999.0,999.0,1.0,1.1539303965144545,gaze,0.5553264772682719,0.5810558718467254,-27.25375739871807,-17.35400127986496,235.7631583761535,-36.27823901941211,-17.14820337784534,-31.82816261425895,0.0337056942821712,-0.0007686381845445,0.999431506091487,4.973133087158203,24.12555212906129,-16.68547744920204,-22.17298501023805,0.5804087507615249,0.5970362591872088,0.5537809921396637,4.186609268188477,-36.27823901941211,-17.14820337784534,-31.82816261425895,0.0337056942821712,-0.0007686381845445,0.999431506091487,4.973133087158203,1.3025166903200087,True,0.0,imu,-0.490485296,-9.430477044800002,2.4966897872,1.04687487,-1.39121527,-4.625395409999999,97.1204724,-37.94611160000001,133.6383368,387.436,-23.171,False,0.994433572255728,-0.105365413541216,386.337319312318,-26.727486085712336,3.652452107900069,-15.5248,False,inf
56.9765,2.51199,0.100731,385.055,-25.9589,-0.00601024,-0.844084,-15.6186,3515.63,-0.0114481,-0.843741,-1.28135,-0.401254,-0.00601024,0.916218,0.249685,-0.0114167,12.643,-0.558889,2.50539,0.211572,12.6563,-15.6186,18.7098,-5.72786,0.0,0.947749,-84.411,312.0,3.0,-0.857983,1.5531,0.0334979,387.428,-23.1788,0.0,4.39939e-27,0.0,-4.34701e-26,2.28613,-0.00301542,2.28613,0.0,3.01787,0.0,0.0,2810.82,-14.6177,0.0,0.0,0.0,0.0,0.0,0.0,0.0,0.0,0.0,0.0,0.0,3785.53,-83.4882,0.0,0.0,0.0,0.0,0.0,0.0,0.0,0.0,0.0,0.0,0.0,7388.63,-42.0105,0.0,0.0,0.0,0.0,0.0,0.0,0.0,0.0,0.0,999.0,999.0,1.0,1.0981441663096936,gaze,0.5553264772682719,0.5810558718467254,-27.25375739871807,-17.35400127986496,235.7631583761535,-36.27823901941211,-17.14820337784534,-31.82816261425895,0.0337056942821712,-0.0007686381845445,0.999431506091487,4.973133087158203,24.12555212906129,-16.68547744920204,-22.17298501023805,0.5804087507615249,0.5970362591872088,0.5537809921396637,4.186609268188477,-36.27823901941211,-17.14820337784534,-31.82816261425895,0.0337056942821712,-0.0007686381845445,0.999431506091487,4.973133087158203,1.3025166903200087,True,0.0,imu,-0.490485296,-9.430477044800002,2.4966897872,1.04687487,-1.39121527,-4.625395409999999,97.1204724,-37.94611160000001,133.6383368,387.428,-23.1788,False,0.994604735262802,-0.1037372671358354,386.38903060712033,-26.747171107720007,3.656898646368401,-15.6186,False,inf
56.9925,2.41913,0.113298,385.109,-25.9765,-0.00176487,-0.850583,-15.7078,3554.82,-0.0107324,-0.850257,0.190689,-0.41019,-0.00176487,-0.62875,0.280455,-0.0108389,12.7854,-0.531515,2.41251,0.213681,12.7974,-15.7078,15.9152,-5.44438,0.0,0.941167,-79.299,324.0,3.0,-0.857983,1.59376,0.0363945,387.42,-23.187,0.0,4.1991499999999995e-27,0.0,-4.14915e-26,2.38061,-0.00327607,2.38061,0.0,3.14494,0.0,0.0,2810.82,-14.6177,0.0,0.0,0.0,0.0,0.0,0.0,0.0,0.0,0.0,0.0,0.0,3785.53,-83.4882,0.0,0.0,0.0,0.0,0.0,0.0,0.0,0.0,0.0,0.0,0.0,7388.63,-42.0105,0.0,0.0,0.0,0.0,0.0,0.0,0.0,0.0,0.0,999.0,999.0,1.0,1.041388136095309,gaze,0.5553264772682719,0.5810558718467254,-27.25375739871807,-17.35400127986496,235.7631583761535,-36.27823901941211,-17.14820337784534,-31.82816261425895,0.0337056942821712,-0.0007686381845445,0.999431506091487,4.973133087158203,24.12555212906129,-16.68547744920204,-22.17298501023805,0.5804087507615249,0.5970362591872088,0.5537809921396637,4.186609268188477,-36.27823901941211,-17.14820337784534,-31.82816261425895,0.0337056942821712,-0.0007686381845445,0.999431506091487,4.973133087158203,1.3025166903200087,True,0.0,imu,-0.490485296,-9.430477044800002,2.4966897872,1.04687487,-1.39121527,-4.625395409999999,97.1204724,-37.94611160000001,133.6383368,387.42,-23.187,False,0.994765031543242,-0.1021887078828814,386.4418017839311,-26.766847015398987,3.661067440946778,-15.707800000000002,False,inf
57.0085,2.51451,0.196464,385.164,-25.9942,0.00315531,-0.857228,-15.7924,3594.42,-0.0104087,-0.856919,-0.950368,-0.419721,0.00315531,5.41964,0.334006,-0.010291,12.9291,-0.503137,2.5052,0.294095,12.9399,-15.7924,20.6134,-5.14301,0.0,0.951041,-73.971,342.0,3.0,-0.857983,1.61122,0.0394034,387.412,-23.1955,0.0,4.01111e-27,0.0,-3.9633500000000003e-26,2.47488,-0.00354667,2.47488,0.0,3.27225,0.0,0.0,2810.82,-14.6177,0.0,0.0,0.0,0.0,0.0,0.0,0.0,0.0,0.0,0.0,0.0,3785.53,-83.4882,0.0,0.0,0.0,0.0,0.0,0.0,0.0,0.0,0.0,0.0,0.0,7388.63,-42.0105,0.0,0.0,0.0,0.0,0.0,0.0,0.0,0.0,0.0,999.0,999.0,1.0,0.98366449564882,gaze,0.5553264772682719,0.5810558718467254,-27.25375739871807,-17.35400127986496,235.7631583761535,-36.27823901941211,-17.14820337784534,-31.82816261425895,0.0337056942821712,-0.0007686381845445,0.999431506091487,4.973133087158203,24.12555212906129,-16.68547744920204,-22.17298501023805,0.5804087507615249,0.5970362591872088,0.5537809921396637,4.186609268188477,-36.27823901941211,-17.14820337784534,-31.82816261425895,0.0337056942821712,-0.0007686381845445,0.999431506091487,4.973133087158203,1.3025166903200087,True,0.0,imu,-0.490485296,-9.430477044800002,2.4966897872,1.04687487,-1.39121527,-4.625395409999999,97.1204724,-37.94611160000001,133.6383368,387.412,-23.1955,False,0.9949148336855967,-0.1007197781588163,386.4956333457337,-26.786514099666263,3.665049441861926,-15.7924,False,inf
57.0245,2.61331,0.201979,385.219,-26.012,0.00906764,-0.864039,-15.872,3634.39,-0.0111974,-0.863745,-2.25781,-0.432608,0.00906764,4.50988,0.401079,-0.00977836,13.0742,-0.47381,2.60453,0.296493,13.0838,-15.872,21.8629,-4.82592,0.0,0.951041,-68.427,348.0,3.0,-0.857983,1.62867,0.0424123,387.404,-23.2039,0.0,3.82306e-27,0.0,-3.77754e-26,2.56915,-0.00381726,2.56915,0.0,3.39955,0.0,0.0,2810.82,-14.6177,0.0,0.0,0.0,0.0,0.0,0.0,0.0,0.0,0.0,0.0,0.0,3785.53,-83.4882,0.0,0.0,0.0,0.0,0.0,0.0,0.0,0.0,0.0,0.0,0.0,7388.63,-42.0105,0.0,0.0,0.0,0.0,0.0,0.0,0.0,0.0,0.0,999.0,999.0,1.0,0.9259125228659736,gaze,0.5553264772682719,0.5810558718467254,-27.25375739871807,-17.35400127986496,235.7631583761535,-36.27823901941211,-17.14820337784534,-31.82816261425895,0.0337056942821712,-0.0007686381845445,0.999431506091487,4.973133087158203,24.12555212906129,-16.68547744920204,-22.17298501023805,0.5804087507615249,0.5970362591872088,0.5537809921396637,4.186609268188477,-36.27823901941211,-17.14820337784534,-31.82816261425895,0.0337056942821712,-0.0007686381845445,0.999431506091487,4.973133087158203,1.3025166903200087,True,0.0,imu,-0.490485296,-9.430477044800002,2.4966897872,1.04687487,-1.39121527,-4.625395409999999,97.1204724,-37.94611160000001,133.6383368,387.404,-23.2039,False,0.9950538016791948,-0.0993374640494803,386.5495313132081,-26.806163348797146,3.66932659232582,-15.871999999999998,False,inf
57.0405,2.44947,0.211975,385.274,-26.03,0.0161228,-0.871105,-15.9464,3674.73,-0.0111243,-0.870825,0.110994,-0.449934,0.0161228,0.906857,0.476048,-0.00930554,13.2205,-0.443482,2.44093,0.293964,13.2291,-15.9464,17.9419,-4.49499,0.0,0.954332,-62.667,360.0,3.0,-0.857983,0.112234,0.0380761,387.398,-23.2101,0.0,3.64935e-27,0.0,-3.6059e-26,2.3891,-0.00342687,2.3891,0.0,3.16297,0.0,0.0,2810.82,-14.6177,0.0,0.0,0.0,0.0,0.0,0.0,0.0,0.0,0.0,0.0,0.0,3785.53,-83.4882,0.0,0.0,0.0,0.0,0.0,0.0,0.0,0.0,0.0,0.0,0.0,7388.63,-42.0105,0.0,0.0,0.0,0.0,0.0,0.0,0.0,0.0,0.0,999.0,999.0,1.0,0.8680973447718974,gaze,0.5553264772682719,0.5810558718467254,-27.25375739871807,-17.35400127986496,235.7631583761535,-36.27823901941211,-17.14820337784534,-31.82816261425895,0.0337056942821712,-0.0007686381845445,0.999431506091487,4.973133087158203,24.12555212906129,-16.68547744920204,-22.17298501023805,0.5804087507615249,0.5970362591872088,0.5537809921396637,4.186609268188477,-36.27823901941211,-17.14820337784534,-31.82816261425895,0.0337056942821712,-0.0007686381845445,0.999431506091487,4.973133087158203,1.3025166903200087,True,0.0,imu,-0.490485296,-9.430477044800002,2.4966897872,1.04687487,-1.39121527,-4.625395409999999,97.1204724,-37.94611160000001,133.6383368,387.398,-23.2101,False,0.9951819549064578,-0.098045278461338,386.6034989508156,-26.82589040689055,3.676266442266469,-15.946400000000002,False,inf
57.0565,2.57136,0.280649,385.331,-26.0481,0.0244665,-0.878459,-16.0154,3715.53,-0.0105077,-0.878192,-1.02993,-0.467799,0.0244665,5.413,0.561815,-0.00888843,13.3685,-0.412312,2.56167,0.359782,13.376,-16.0154,21.5493,-4.15061,0.0,0.951041,-56.709,378.0,3.0,-0.857983,-2.61014,0.0279651,387.394,-23.2146,0.0,3.48691e-27,0.0,-3.44539e-26,1.99339,-0.00251681,1.99339,0.0,2.6403,0.0,0.0,2810.82,-14.6177,0.0,0.0,0.0,0.0,0.0,0.0,0.0,0.0,0.0,0.0,0.0,3785.53,-83.4882,0.0,0.0,0.0,0.0,0.0,0.0,0.0,0.0,0.0,0.0,0.0,7388.63,-42.0105,0.0,0.0,0.0,0.0,0.0,0.0,0.0,0.0,0.0,999.0,999.0,1.0,0.8083861762796244,gaze,0.5553264772682719,0.5810558718467254,-27.25375739871807,-17.35400127986496,235.7631583761535,-36.27823901941211,-17.14820337784534,-31.82816261425895,0.0337056942821712,-0.0007686381845445,0.999431506091487,4.973133087158203,24.12555212906129,-16.68547744920204,-22.17298501023805,0.5804087507615249,0.5970362591872088,0.5537809921396637,4.186609268188477,-36.27823901941211,-17.14820337784534,-31.82816261425895,0.0337056942821712,-0.0007686381845445,0.999431506091487,4.973133087158203,1.3025166903200087,True,0.0,imu,-0.490485296,-9.430477044800002,2.4966897872,1.04687487,-1.39121527,-4.625395409999999,97.1204724,-37.94611160000001,133.6383368,387.394,-23.2146,False,0.9952993069218404,-0.096846732732209,386.6595395143143,-26.845590914622694,3.68505283912304,-16.015400000000003,False,inf
57.073,2.56765,0.307884,385.389,-26.0669,0.0345737,-0.886347,-16.0807,3758.06,-0.010102,-0.88609,-0.788602,-0.48712,0.0345737,4.2124,0.656717,-0.00853393,13.5226,-0.378963,2.55809,0.379683,13.5291,-16.0807,21.6326,-3.77942,0.0,0.951041,-50.553,384.0,3.0,-0.857983,-5.33252,0.0178542,387.39,-23.2191,0.0,3.32447e-27,0.0,-3.28488e-26,1.59767,-0.00160676,1.59767,0.0,2.11763,0.0,0.0,2810.82,-14.6177,0.0,0.0,0.0,0.0,0.0,0.0,0.0,0.0,0.0,0.0,0.0,3785.53,-83.4882,0.0,0.0,0.0,0.0,0.0,0.0,0.0,0.0,0.0,0.0,0.0,7388.63,-42.0105,0.0,0.0,0.0,0.0,0.0,0.0,0.0,0.0,0.0,999.0,999.0,1.0,0.7475045217254566,gaze,0.5553264772682719,0.5810558718467254,-27.25375739871807,-17.35400127986496,235.7631583761535,-36.27823901941211,-17.14820337784534,-31.82816261425895,0.0337056942821712,-0.0007686381845445,0.999431506091487,4.973133087158203,24.12555212906129,-16.68547744920204,-22.17298501023805,0.5804087507615249,0.5970362591872088,0.5537809921396637,4.186609268188477,-36.27823901941211,-17.14820337784534,-31.82816261425895,0.0337056942821712,-0.0007686381845445,0.999431506091487,4.973133087158203,1.3025166903200087,True,0.0,imu,-0.490485296,-9.430477044800002,2.4966897872,1.04687487,-1.39121527,-4.625395409999999,97.1204724,-37.94611160000001,133.6383368,387.39,-23.2191,False,0.9954090367143168,-0.0957123274582515,386.7166297512838,-26.865904532844592,3.694512020870011,-16.0807,False,inf
57.089,2.67465,0.342261,385.447,-26.0852,0.0457897,-0.894353,-16.138,3799.74,-0.010603,-0.894106,-2.33731,-0.512886,0.0457897,3.67126,0.73713,-0.00821113,13.6736,-0.345624,2.66515,0.40972,13.6791,-16.138,22.3898,-3.40809,0.0,0.954332,-44.145,402.0,3.0,-0.857983,-5.92441,0.012112,387.386,-23.2235,0.0,3.1716e-27,0.0,-3.13384e-26,1.3725,-0.0010899,1.3725,0.0,1.82023,0.0,0.0,2810.82,-14.6177,0.0,0.0,0.0,0.0,0.0,0.0,0.0,0.0,0.0,0.0,0.0,3785.53,-83.4882,0.0,0.0,0.0,0.0,0.0,0.0,0.0,0.0,0.0,0.0,0.0,7388.63,-42.0105,0.0,0.0,0.0,0.0,0.0,0.0,0.0,0.0,0.0,999.0,999.0,1.0,0.6868218400720907,gaze,0.5553264772682719,0.5810558718467254,-27.25375739871807,-17.35400127986496,235.7631583761535,-36.27823901941211,-17.14820337784534,-31.82816261425895,0.0337056942821712,-0.0007686381845445,0.999431506091487,4.973133087158203,24.12555212906129,-16.68547744920204,-22.17298501023805,0.5804087507615249,0.5970362591872088,0.5537809921396637,4.186609268188477,-36.27823901941211,-17.14820337784534,-31.82816261425895,0.0337056942821712,-0.0007686381845445,0.999431506091487,4.973133087158203,1.3025166903200087,True,0.0,imu,-0.490485296,-9.430477044800002,2.4966897872,1.04687487,-1.39121527,-4.625395409999999,97.1204724,-37.94611160000001,133.6383368,387.386,-23.2235,False,0.9955042582983202,-0.0947167974010489,386.7738300241157,-26.885531860608523,3.7035510908407394,-16.138000000000005,False,inf
57.1045,2.65464,0.395037,385.503,-26.1031,0.0579637,-0.902487,-16.1877,3840.48,-0.0106237,-0.902248,-1.35508,-0.535019,0.0579637,5.26136,0.828898,-0.00794317,13.821,-0.312143,2.64513,0.454863,13.8258,-16.1877,24.4475,-3.03526,0.0,0.951041,-37.548,414.0,3.0,-0.857983,-3.74305,0.0120566,387.381,-23.2279,0.0,3.03121e-27,0.0,-2.99511e-26,1.36933,-0.00108487,1.36933,0.0,1.81607,0.0,0.0,2810.82,-14.6177,0.0,0.0,0.0,0.0,0.0,0.0,0.0,0.0,0.0,0.0,0.0,3785.53,-83.4882,0.0,0.0,0.0,0.0,0.0,0.0,0.0,0.0,0.0,0.0,0.0,7388.63,-42.0105,0.0,0.0,0.0,0.0,0.0,0.0,0.0,0.0,0.0,999.0,999.0,1.0,0.6281705262108614,gaze,0.5553264772682719,0.5810558718467254,-27.25375739871807,-17.35400127986496,235.7631583761535,-36.27823901941211,-17.14820337784534,-31.82816261425895,0.0337056942821712,-0.0007686381845445,0.999431506091487,4.973133087158203,24.12555212906129,-16.68547744920204,-22.17298501023805,0.5804087507615249,0.5970362591872088,0.5537809921396637,4.186609268188477,-36.27823901941211,-17.14820337784534,-31.82816261425895,0.0337056942821712,-0.0007686381845445,0.999431506091487,4.973133087158203,1.3025166903200087,True,0.0,imu,-0.490485296,-9.430477044800002,2.4966897872,1.04687487,-1.39121527,-4.625395409999999,97.1204724,-37.94611160000001,133.6383368,387.381,-23.2279,False,0.9955860438257782,-0.0938532329722078,386.82913529425184,-26.904582489727375,3.712248061148909,-16.1877,False,inf
57.1205,2.72014,0.457735,385.562,-26.1216,0.0720191,-0.911223,-16.233,3882.99,-0.0101408,-0.91099,-2.02275,-0.556026,0.0720191,6.39533,0.921925,-0.00774099,13.9748,-0.276729,2.71061,0.511482,13.9788,-16.233,25.6932,-2.63926,0.0,0.928003,-30.834,420.0,3.0,-0.857983,-1.56169,0.0120011,387.377,-23.2323,0.0,2.8908099999999997e-27,0.0,-2.85639e-26,1.36617,-0.00107984,1.36617,0.0,1.81191,0.0,0.0,2810.82,-14.6177,0.0,0.0,0.0,0.0,0.0,0.0,0.0,0.0,0.0,0.0,0.0,3785.53,-83.4882,0.0,0.0,0.0,0.0,0.0,0.0,0.0,0.0,0.0,0.0,0.0,7388.63,-42.0105,0.0,0.0,0.0,0.0,0.0,0.0,0.0,0.0,0.0,999.0,999.0,1.0,0.5665449320221658,gaze,0.5553264772682719,0.5810558718467254,-27.25375739871807,-17.35400127986496,235.7631583761535,-36.27823901941211,-17.14820337784534,-31.82816261425895,0.0337056942821712,-0.0007686381845445,0.999431506091487,4.973133087158203,24.12555212906129,-16.68547744920204,-22.17298501023805,0.5804087507615249,0.5970362591872088,0.5537809921396637,4.186609268188477,-36.27823901941211,-17.14820337784534,-31.82816261425895,0.0337056942821712,-0.0007686381845445,0.999431506091487,4.973133087158203,1.3025166903200087,True,0.0,imu,-0.490485296,-9.430477044800002,2.4966897872,1.04687487,-1.39121527,-4.625395409999999,97.1204724,-37.94611160000001,133.6383368,387.377,-23.2323,False,0.9956599362176544,-0.0930660593936178,386.8875012004048,-26.924130726966546,3.721363670494118,-16.233,False,inf
57.1365,2.56194,0.500038,385.622,-26.1402,0.0873984,-0.920279,-16.2718,3925.75,-0.00995582,-0.920052,0.484588,-0.575198,0.0873984,4.06228,0.99495,-0.007582,14.1294,-0.240639,2.55279,0.543538,14.1327,-16.2718,26.6752,-2.23617,0.0,0.951041,-24.057,420.0,3.0,-0.857983,0.0748186,0.0123916,387.373,-23.237,0.0,2.75773e-27,0.0,-2.72489e-26,1.38642,-0.00111508,1.38642,0.0,1.83896,0.0,0.0,2810.82,-14.6177,0.0,0.0,0.0,0.0,0.0,0.0,0.0,0.0,0.0,0.0,0.0,3785.53,-83.4882,0.0,0.0,0.0,0.0,0.0,0.0,0.0,0.0,0.0,0.0,0.0,7388.63,-42.0105,0.0,0.0,0.0,0.0,0.0,0.0,0.0,0.0,0.0,999.0,999.0,1.0,0.5040101586277786,gaze,0.5553264772682719,0.5810558718467254,-27.25375739871807,-17.35400127986496,235.7631583761535,-36.27823901941211,-17.14820337784534,-31.82816261425895,0.0337056942821712,-0.0007686381845445,0.999431506091487,4.973133087158203,24.12555212906129,-16.68547744920204,-22.17298501023805,0.5804087507615249,0.5970362591872088,0.5537809921396637,4.186609268188477,-36.27823901941211,-17.14820337784534,-31.82816261425895,0.0337056942821712,-0.0007686381845445,0.999431506091487,4.973133087158203,1.3025166903200087,True,0.0,imu,-0.490485296,-9.430477044800002,2.4966897872,1.04687487,-1.39121527,-4.625395409999999,97.1204724,-37.94611160000001,133.6383368,387.373,-23.237,False,0.9957227311117034,-0.0923917893941368,386.9469574325429,-26.943628156059592,3.730136745932624,-16.2718,False,inf
57.1525,2.64055,0.527806,385.682,-26.1588,0.103887,-0.929681,-16.3041,3968.97,-0.00925975,-0.929457,-0.0982608,-0.598091,0.103887,3.52916,1.06206,-0.00746078,14.2856,-0.203265,2.63261,0.56527,14.2883,-16.3041,27.0854,-1.82341,0.0,0.951041,-17.316,420.0,3.0,-0.857983,0.494401,0.0137782,387.368,-23.242,0.0,2.641e-27,0.0,-2.60955e-26,1.45895,-0.00124025,1.45895,0.0,1.93571,0.0,0.0,2810.82,-14.6177,0.0,0.0,0.0,0.0,0.0,0.0,0.0,0.0,0.0,0.0,0.0,3785.53,-83.4882,0.0,0.0,0.0,0.0,0.0,0.0,0.0,0.0,0.0,0.0,0.0,7388.63,-42.0105,0.0,0.0,0.0,0.0,0.0,0.0,0.0,0.0,0.0,999.0,999.0,1.0,0.4415554778280949,gaze,0.5553264772682719,0.5810558718467254,-27.25375739871807,-17.35400127986496,235.7631583761535,-36.27823901941211,-17.14820337784534,-31.82816261425895,0.0337056942821712,-0.0007686381845445,0.999431506091487,4.973133087158203,24.12555212906129,-16.68547744920204,-22.17298501023805,0.5804087507615249,0.5970362591872088,0.5537809921396637,4.186609268188477,-36.27823901941211,-17.14820337784534,-31.82816261425895,0.0337056942821712,-0.0007686381845445,0.999431506091487,4.973133087158203,1.3025166903200087,True,0.0,imu,-0.490485296,-9.430477044800002,2.4966897872,1.04687487,-1.39121527,-4.625395409999999,97.1204724,-37.94611160000001,133.6383368,387.368,-23.242,False,0.9957746579583956,-0.0918304446675514,387.0065042963563,-26.962974961643155,3.738448880912975,-16.3041,False,inf
57.1685,2.73991,0.553371,385.744,-26.1776,0.121334,-0.939445,-16.3297,4012.66,-0.00964397,-0.939224,-0.880609,-0.619755,0.121334,2.80412,1.11316,-0.00738147,14.4434,-0.16563,2.7334,0.584721,14.4456,-16.3297,26.8834,-1.40982,0.0,0.934585,-10.683,414.0,3.0,-0.857983,0.913984,0.0151647,387.363,-23.247,0.0,2.5242599999999997e-27,0.0,-2.49421e-26,1.53149,-0.00136541,1.53149,0.0,2.03246,0.0,0.0,2810.82,-14.6177,0.0,0.0,0.0,0.0,0.0,0.0,0.0,0.0,0.0,0.0,0.0,3785.53,-83.4882,0.0,0.0,0.0,0.0,0.0,0.0,0.0,0.0,0.0,0.0,0.0,7388.63,-42.0105,0.0,0.0,0.0,0.0,0.0,0.0,0.0,0.0,0.0,999.0,999.0,1.0,0.3773226205781848,gaze,0.5553264772682719,0.5810558718467254,-27.25375739871807,-17.35400127986496,235.7631583761535,-36.27823901941211,-17.14820337784534,-31.82816261425895,0.0337056942821712,-0.0007686381845445,0.999431506091487,4.973133087158203,24.12555212906129,-16.68547744920204,-22.17298501023805,0.5804087507615249,0.5970362591872088,0.5537809921396637,4.186609268188477,-36.27823901941211,-17.14820337784534,-31.82816261425895,0.0337056942821712,-0.0007686381845445,0.999431506091487,4.973133087158203,1.3025166903200087,True,0.0,imu,-0.490485296,-9.430477044800002,2.4966897872,1.04687487,-1.39121527,-4.625395409999999,97.1204724,-37.94611160000001,133.6383368,387.363,-23.247,False,0.9958155887982504,-0.0913855191285462,387.0681448553386,-26.98236667555287,3.746681855855653,-16.3297,False,inf
57.185,2.78464,0.589963,385.807,-26.1969,0.140009,-0.949831,-16.3493,4058.07,-0.00890024,-0.949611,-1.21607,-0.637284,0.140009,1.17459,1.14245,-0.00734622,14.6072,-0.126594,2.7794,0.61403,14.6091,-16.3493,25.9945,-0.983956,0.0,0.931294,-4.221,402.0,3.0,-0.857983,1.31444,0.0165949,387.358,-23.2521,0.0,2.40796e-27,0.0,-2.3792900000000001e-26,1.60532,-0.00149447,1.60532,0.0,2.13096,0.0,0.0,2810.82,-14.6177,0.0,0.0,0.0,0.0,0.0,0.0,0.0,0.0,0.0,0.0,0.0,3785.53,-83.4882,0.0,0.0,0.0,0.0,0.0,0.0,0.0,0.0,0.0,0.0,0.0,7388.63,-42.0105,0.0,0.0,0.0,0.0,0.0,0.0,0.0,0.0,0.0,999.0,999.0,1.0,0.3122002722612491,gaze,0.5553264772682719,0.5810558718467254,-27.25375739871807,-17.35400127986496,235.7631583761535,-36.27823901941211,-17.14820337784534,-31.82816261425895,0.0337056942821712,-0.0007686381845445,0.999431506091487,4.973133087158203,24.12555212906129,-16.68547744920204,-22.17298501023805,0.5804087507615249,0.5970362591872088,0.5537809921396637,4.186609268188477,-36.27823901941211,-17.14820337784534,-31.82816261425895,0.0337056942821712,-0.0007686381845445,0.999431506091487,4.973133087158203,1.3025166903200087,True,0.0,imu,-0.490485296,-9.430477044800002,2.4966897872,1.04687487,-1.39121527,-4.625395409999999,97.1204724,-37.94611160000001,133.6383368,387.358,-23.2521,False,0.9958467921042308,-0.0910448606771025,387.1308694796343,-27.00211959793138,3.7551240535101713,-16.3493,False,inf
57.2005,2.70696,0.590083,385.868,-26.2152,0.157741,-0.959862,-16.3612,4101.19,-0.0086704,-0.95964,0.243301,-0.656465,0.157741,-4.06479,1.14344,-0.00738233,14.7627,-0.0897104,2.70311,0.606443,14.7644,-16.3612,22.7218,-0.58828,0.0,0.941167,1.989,384.0,3.0,-0.857983,1.40536,0.0187317,387.352,-23.2585,0.0,2.29867e-27,0.0,-2.2713e-26,1.70027,-0.0016866,1.70027,0.0,2.25785,0.0,0.0,2810.82,-14.6177,0.0,0.0,0.0,0.0,0.0,0.0,0.0,0.0,0.0,0.0,0.0,3785.53,-83.4882,0.0,0.0,0.0,0.0,0.0,0.0,0.0,0.0,0.0,0.0,0.0,7388.63,-42.0105,0.0,0.0,0.0,0.0,0.0,0.0,0.0,0.0,0.0,999.0,999.0,1.0,0.2497183213142516,gaze,0.5553264772682719,0.5810558718467254,-27.25375739871807,-17.35400127986496,235.7631583761535,-36.27823901941211,-17.14820337784534,-31.82816261425895,0.0337056942821712,-0.0007686381845445,0.999431506091487,4.973133087158203,24.12555212906129,-16.68547744920204,-22.17298501023805,0.5804087507615249,0.5970362591872088,0.5537809921396637,4.186609268188477,-36.27823901941211,-17.14820337784534,-31.82816261425895,0.0337056942821712,-0.0007686381845445,0.999431506091487,4.973133087158203,1.3025166903200087,True,0.0,imu,-0.490485296,-9.430477044800002,2.4966897872,1.04687487,-1.39121527,-4.625395409999999,97.1204724,-37.94611160000001,133.6383368,387.352,-23.2585,False,0.995865680113008,-0.0908380271310193,387.1917022116568,-27.020694540549385,3.761201559688209,-16.3612,False,inf
57.2165,2.8722,0.663532,385.931,-26.2341,0.175981,-0.970475,-16.3672,4146.12,-0.00801016,-0.970247,-1.06032,-0.667512,0.175981,0.565153,1.13223,-0.0075886,14.9246,-0.051784,2.87014,0.673492,14.9261,-16.3672,26.7753,-0.184626,0.0,0.931294,7.965,360.0,3.0,-0.857983,1.49627,0.0208685,387.346,-23.2648,0.0,2.18938e-27,0.0,-2.1633100000000002e-26,1.79521,-0.00187873,1.79521,0.0,2.38473,0.0,0.0,2810.82,-14.6177,0.0,0.0,0.0,0.0,0.0,0.0,0.0,0.0,0.0,0.0,0.0,3785.53,-83.4882,0.0,0.0,0.0,0.0,0.0,0.0,0.0,0.0,0.0,0.0,0.0,7388.63,-42.0105,0.0,0.0,0.0,0.0,0.0,0.0,0.0,0.0,0.0,999.0,999.0,1.0,0.186046795188761,gaze,0.5553264772682719,0.5810558718467254,-27.25375739871807,-17.35400127986496,235.7631583761535,-36.27823901941211,-17.14820337784534,-31.82816261425895,0.0337056942821712,-0.0007686381845445,0.999431506091487,4.973133087158203,24.12555212906129,-16.68547744920204,-22.17298501023805,0.5804087507615249,0.5970362591872088,0.5537809921396637,4.186609268188477,-36.27823901941211,-17.14820337784534,-31.82816261425895,0.0337056942821712,-0.0007686381845445,0.999431506091487,4.973133087158203,1.3025166903200087,True,0.0,imu,-0.490485296,-9.430477044800002,2.4966897872,1.04687487,-1.39121527,-4.625395409999999,97.1204724,-37.94611160000001,133.6383368,387.346,-23.2648,False,0.9958751871885028,-0.0907337398229811,387.2546178532079,-27.03973315390397,3.767653705199701,-16.3672,False,inf
57.2325,2.83132,0.644041,385.995,-26.253,0.193821,-0.981183,-16.3668,4191.38,-0.0078021,-0.980949,0.169372,-0.669746,0.193821,-5.27232,1.09464,-0.00780591,15.0875,-0.0143917,2.831,0.646744,15.089,-16.3668,22.2824,0.207452,0.0,0.928003,13.563,342.0,3.0,-0.857983,1.58281,0.0230197,387.34,-23.2713,0.0,2.0814e-27,0.0,-2.0566200000000002e-26,1.8899,-0.00207214,1.8899,0.0,2.51129,0.0,0.0,2810.82,-14.6177,0.0,0.0,0.0,0.0,0.0,0.0,0.0,0.0,0.0,0.0,0.0,3785.53,-83.4882,0.0,0.0,0.0,0.0,0.0,0.0,0.0,0.0,0.0,0.0,0.0,7388.63,-42.0105,0.0,0.0,0.0,0.0,0.0,0.0,0.0,0.0,0.0,999.0,999.0,1.0,0.1238426420906847,gaze,0.5553264772682719,0.5810558718467254,-27.25375739871807,-17.35400127986496,235.7631583761535,-36.27823901941211,-17.14820337784534,-31.82816261425895,0.0337056942821712,-0.0007686381845445,0.999431506091487,4.973133087158203,24.12555212906129,-16.68547744920204,-22.17298501023805,0.5804087507615249,0.5970362591872088,0.5537809921396637,4.186609268188477,-36.27823901941211,-17.14820337784534,-31.82816261425895,0.0337056942821712,-0.0007686381845445,0.999431506091487,4.973133087158203,1.3025166903200087,True,0.0,imu,-0.490485296,-9.430477044800002,2.4966897872,1.04687487,-1.39121527,-4.625395409999999,97.1204724,-37.94611160000001,133.6383368,387.34,-23.2713,False,0.995874553723233,-0.0907406923411521,387.3186234775561,-27.058623913288503,3.77363923239792,-16.3668,False,inf
57.2485,3.04402,0.706643,386.06,-26.272,0.210875,-0.99188,-16.3602,4237.08,-0.00686279,-0.991639,-2.48085,-0.66781,0.210875,-2.10269,1.03599,-0.00802607,15.252,0.0226192,3.04561,0.702178,15.2536,-16.3602,24.1706,0.59112,0.0,0.934585,18.774,312.0,3.0,-0.857983,1.59958,0.0254009,387.334,-23.2781,0.0,1.99432e-27,0.0,-1.97057e-26,1.98044,-0.00228604,1.98044,0.0,2.63264,0.0,0.0,2810.82,-14.6177,0.0,0.0,0.0,0.0,0.0,0.0,0.0,0.0,0.0,0.0,0.0,3785.53,-83.4882,0.0,0.0,0.0,0.0,0.0,0.0,0.0,0.0,0.0,0.0,0.0,7388.63,-42.0105,0.0,0.0,0.0,0.0,0.0,0.0,0.0,0.0,0.0,999.0,999.0,1.0,0.0700071424927536,gaze,0.5553264772682719,0.5810558718467254,-27.25375739871807,-17.35400127986496,235.7631583761535,-36.27823901941211,-17.14820337784534,-31.82816261425895,0.0337056942821712,-0.0007686381845445,0.999431506091487,4.973133087158203,24.12555212906129,-16.68547744920204,-22.17298501023805,0.5804087507615249,0.5970362591872088,0.5537809921396637,4.186609268188477,-36.27823901941211,-17.14820337784534,-31.82816261425895,0.0337056942821712,-0.0007686381845445,0.999431506091487,4.973133087158203,1.3025166903200087,True,0.0,imu,-0.490485296,-9.430477044800002,2.4966897872,1.04687487,-1.39121527,-4.625395409999999,97.1204724,-37.94611160000001,133.6383368,387.334,-23.2781,False,0.9958640945386698,-0.0908554082522086,387.383716269987,-27.07747143746479,3.7791406043805136,-16.3602,False,inf
57.2645,2.87519,0.689394,386.125,-26.291,0.226798,-1.0025,-16.3476,4283.16,-0.00700018,-1.00226,0.953175,-0.659641,0.226798,-5.71307,0.958405,-0.00825221,15.4177,0.0587765,2.8784,0.678494,15.4194,-16.3476,22.8093,0.959326,0.0,0.928003,23.688,306.0,3.0,-0.857983,1.61635,0.0277821,387.328,-23.285,0.0,1.90724e-27,0.0,-1.88453e-26,2.07098,-0.00249994,2.07098,0.0,2.75399,0.0,0.0,2810.82,-14.6177,0.0,0.0,0.0,0.0,0.0,0.0,0.0,0.0,0.0,0.0,0.0,3785.53,-83.4882,0.0,0.0,0.0,0.0,0.0,0.0,0.0,0.0,0.0,0.0,0.0,7388.63,-42.0105,0.0,0.0,0.0,0.0,0.0,0.0,0.0,0.0,0.0,999.0,999.0,1.0,0.0603075451332497,gaze,0.5553264772682719,0.5810558718467254,-27.25375739871807,-17.35400127986496,235.7631583761535,-36.27823901941211,-17.14820337784534,-31.82816261425895,0.0337056942821712,-0.0007686381845445,0.999431506091487,4.973133087158203,24.12555212906129,-16.68547744920204,-22.17298501023805,0.5804087507615249,0.5970362591872088,0.5537809921396637,4.186609268188477,-36.27823901941211,-17.14820337784534,-31.82816261425895,0.0337056942821712,-0.0007686381845445,0.999431506091487,4.973133087158203,1.3025166903200087,True,0.0,imu,-0.490485296,-9.430477044800002,2.4966897872,1.04687487,-1.39121527,-4.625395409999999,97.1204724,-37.94611160000001,133.6383368,387.328,-23.285,False,0.9958440903104911,-0.0910744080061478,387.448893370398,-27.096180317578764,3.784331104227605,-16.347599999999996,False,inf
58.267425,-526.2421765206082,-12.00389529821081,393.3352236970522,-28.488567327612984,3.388563573303979,0.6462022027515251,-10.510667226325468,-14334.108186800033,0.4847155173526524,0.6472328349485172,11387573.09156754,1.7880211213552983,3.388563573303979,-10380885179.366882,4.935453653842549,-0.0347220103944934,35.128702448615385,7.388037620286389,-558.9368204881337,-2.0985093348196564,34.822755654805455,-10.510667226325468,-701545406.0532608,77.50602782240583,22.77779601663844,2.5042772987437245,-10294.508748990738,4031319010.269272,3.0000000000000355,-0.857983000000003,-94850.78037767272,-0.601103885758629,387.3067622904837,-23.400351132805,0.0,-4.40483060901001e-21,0.0,4.3523891557790525e-20,-19.133268874409467,0.0540979103746754,-19.133268874409467,0.0,-23.603160368802143,0.0,0.0,2810.8199999999915,-14.617700000000044,0.0,0.0,0.0,0.0,0.0,0.0,0.0,0.0,0.0,0.0,0.0,3785.529999999995,-83.48819999999935,0.0,0.0,0.0,0.0,0.0,0.0,0.0,0.0,0.0,0.0,0.0,7388.629999999996,-42.010500000000725,0.0,0.0,0.0,0.0,0.0,0.0,0.0,0.0,0.0,999.0000000000224,999.0000000000224,1.0000000000000009,-7.455329418457441,gaze,0.5553264772682719,0.5810558718467254,-27.25375739871807,-17.35400127986496,235.7631583761535,-36.27823901941211,-17.14820337784534,-31.82816261425895,0.0337056942821712,-0.0007686381845445,0.999431506091487,4.973133087158203,24.12555212906129,-16.68547744920204,-22.17298501023805,0.5804087507615249,0.5970362591872088,0.5537809921396637,4.186609268188477,-36.27823901941211,-17.14820337784534,-31.82816261425895,0.0337056942821712,-0.0007686381845445,0.999431506091487,4.973133087158203,1.3025166903200087,True,0.0,imu,-0.490485296,-9.430477044800002,2.4966897872,1.04687487,-1.39121527,-4.625395409999999,97.1204724,-37.94611160000001,133.6383368,387.3067622904837,-23.400351132805,False,0.981418952188852,-0.1918771489378968,394.7341380443282,-29.15493633123287,4.222515291984411,-10.510667226325468,False,inf
58.275957,-543.4926140299672,-12.236000707709296,393.4291638303788,-28.51468991139652,3.437619024596481,0.6826835294418503,-10.317926553395075,-15079.775390601715,0.4960701418462886,0.6837432907196259,11851535.551063942,1.830050027475796,3.437619024596481,-10817970264.41504,4.98380948717643,-0.0356975839615223,35.365970633369486,7.502889032046626,-577.2022610099191,-2.158105543989379,35.056072109344285,-10.317926553395075,-731016729.7633516,78.70350939999564,23.19308335421815,2.5337103072957703,-10672.36811453553,4200656929.372183,3.0000000000000373,-0.8579830000000035,-98301.49947091212,-0.6117421598062486,387.31108591849056,-23.39737080049964,0.0,-4.485543278043591e-21,0.0,4.4321409001886325e-20,-19.47659684781084,0.0550553326129508,-19.47659684781084,0.0,-24.0295928996888,0.0,0.0,2810.8199999999915,-14.617700000000053,0.0,0.0,0.0,0.0,0.0,0.0,0.0,0.0,0.0,0.0,0.0,3785.529999999997,-83.48819999999935,0.0,0.0,0.0,0.0,0.0,0.0,0.0,0.0,0.0,0.0,0.0,7388.629999999994,-42.01050000000073,0.0,0.0,0.0,0.0,0.0,0.0,0.0,0.0,0.0,999.0000000000229,999.0000000000229,1.0000000000000009,-7.551404623935188,gaze,0.5553264772682719,0.5810558718467254,-27.25375739871807,-17.35400127986496,235.7631583761535,-36.27823901941211,-17.14820337784534,-31.82816261425895,0.0337056942821712,-0.0007686381845445,0.999431506091487,4.973133087158203,24.12555212906129,-16.68547744920204,-22.17298501023805,0.5804087507615249,0.5970362591872088,0.5537809921396637,4.186609268188477,-36.27823901941211,-17.14820337784534,-31.82816261425895,0.0337056942821712,-0.0007686381845445,0.999431506091487,4.973133087158203,1.3025166903200087,True,0.0,imu,-0.5144114080000001,-9.431075197600002,2.4871193424,2.17588828,-0.98746213,-4.26650373,97.1204724,-37.94611160000001,133.6383368,387.31108591849056,-23.39737080049964,False,0.9807679335055708,-0.1951775105057258,394.8303118964585,-29.17634926251392,4.2002529566531805,-10.317926553395075,False,inf
58.280385,-552.6184840095682,-12.357649033115234,393.4782049996743,-28.52830768325044,3.463274598543758,0.7018452523231615,-10.216625796669156,-15475.266546895728,0.5020355823771218,0.7029203487146982,12098215.363914452,1.852067035099636,3.463274598543758,-11050543700.56902,5.009035853986937,-0.0362111580878114,35.48967996286483,7.562955100823142,-586.8645946353408,-2.189388842035323,35.17771940375833,-10.216625796669156,-746697585.9424924,79.32976308764725,23.41078866737056,2.549146469715911,-10872.663001263238,4290756669.223007,3.000000000000034,-0.857983000000003,-100131.40569302486,-0.6173146087507064,387.31336986237056,-23.395788120238187,0.0,-4.5278602093987606e-21,0.0,4.473954027317535e-20,-19.656352837823466,0.05555684125636,-19.656352837823466,0.0,-24.252856454173227,0.0,0.0,2810.8199999999897,-14.617700000000042,0.0,0.0,0.0,0.0,0.0,0.0,0.0,0.0,0.0,0.0,0.0,3785.529999999995,-83.4881999999993,0.0,0.0,0.0,0.0,0.0,0.0,0.0,0.0,0.0,0.0,0.0,7388.629999999994,-42.01050000000073,0.0,0.0,0.0,0.0,0.0,0.0,0.0,0.0,0.0,999.0000000000224,999.0000000000224,1.0000000000000004,-7.601553557954552,gaze,0.5553264772682719,0.5810558718467254,-27.25375739871807,-17.35400127986496,235.7631583761535,-36.27823901941211,-17.14820337784534,-31.82816261425895,0.0337056942821712,-0.0007686381845445,0.999431506091487,4.973133087158203,24.12555212906129,-16.68547744920204,-22.17298501023805,0.5804087507615249,0.5970362591872088,0.5537809921396637,4.186609268188477,-36.27823901941211,-17.14820337784534,-31.82816261425895,0.0337056942821712,-0.0007686381845445,0.999431506091487,4.973133087158203,1.3025166903200087,True,0.0,imu,-0.4069313181569922,-9.571827759571796,2.6346335595352066,3.6071461303162766,-0.4512320834832725,-3.147989015669894,97.1204724,-37.94611160000001,133.6383368,387.31336986237056,-23.395788120238187,False,0.9804213207433076,-0.1969112333818171,394.8805207099289,-29.187488727253523,4.188249751900809,-10.216625796669156,False,inf
58.284489,-561.1835525944755,-12.471125440331452,393.5238339913142,-28.54096604555619,3.487173348470656,0.7197451624591493,-10.121957701368572,-15847.076560222544,0.5076091010546461,0.7208346054592383,12330496.275068074,1.8725984580831712,3.487173348470656,-11269654705.293709,5.03249613019738,-0.0366916148229638,35.60468624006097,7.618907853935019,-595.9328560044074,-2.218600127947365,35.290807716651216,-10.121957701368572,-761470228.5305349,79.91312095784069,23.613900416297447,2.56355188861618,-11060.89429671444,4375637853.001741,3.0000000000000355,-0.8579830000000026,-101851.56757909954,-0.6225108077696923,387.3155112396698,-23.394299206522767,0.0,-4.5673436089391124e-21,0.0,4.512967357226276e-20,-19.82392096359121,0.0560244881916757,-19.82392096359121,0.0,-24.460980114628555,0.0,0.0,2810.819999999989,-14.617700000000042,0.0,0.0,0.0,0.0,0.0,0.0,0.0,0.0,0.0,0.0,0.0,3785.5299999999934,-83.4881999999993,0.0,0.0,0.0,0.0,0.0,0.0,0.0,0.0,0.0,0.0,0.0,7388.62999999999,-42.01050000000073,0.0,0.0,0.0,0.0,0.0,0.0,0.0,0.0,0.0,999.000000000023,999.000000000023,1.0000000000000002,-7.648209049332691,gaze,0.4187941528371423,0.4349585313589972,1.5644495185261105,4.431362776448455,-1962.075806921624,-35.24592009884251,-17.22468871929167,-31.64295482054488,0.0299725867943479,-0.0501116269236183,0.9977737644423632,4.998300352029905,24.12555212906129,-16.68547744920204,-22.17298501023805,0.5804087507615249,0.5970362591872088,0.5537809921396637,4.186609268188477,-38.23982234142131,-17.088752034833313,-31.909720810945185,0.1311843773769353,0.1243322924688318,0.9234641742200098,4.330452922236723,-189.9014511936524,True,0.2180592793728291,imu,-0.5084298800000001,-9.455001309600002,2.488315648,3.35724006,-0.5164168,-3.75807385,97.1204724,-37.94611160000001,133.6383368,387.3155112396698,-23.394299206522767,False,0.9804339845917334,-0.1968481695560741,394.9272369319525,-29.19782918671099,4.19162375348472,-10.121957701368572,False,inf
58.286651,-565.7373555601725,-12.531188242151677,393.5479398565976,-28.54764885671157,3.4998100091050643,0.7292293812490858,-10.071783616463511,-16044.99861996714,0.5105625701846932,0.7303264339788229,12454289.1226999,1.8834631473756565,3.4998100091050643,-11386472658.62274,5.044885985258453,-0.0369464540051356,35.66540710727869,7.648493267796513,-600.7540742175847,-2.234072985896897,35.35051555614817,-10.071783616463511,-769345983.2300342,80.2215716643486,23.72141921303212,2.5711790562821903,-11161.066588637465,4420890608.976509,3.0000000000000364,-0.857983000000003,-102767.18086166176,-0.625260407953731,387.3166488524363,-23.393506286435752,0.0,-4.5882456699647416e-21,0.0,4.533620568747515e-20,-19.91257098275868,0.056271946396548,-19.91257098275868,0.0,-24.571084754933388,0.0,0.0,2810.8199999999897,-14.617700000000042,0.0,0.0,0.0,0.0,0.0,0.0,0.0,0.0,0.0,0.0,0.0,3785.5299999999934,-83.4881999999993,0.0,0.0,0.0,0.0,0.0,0.0,0.0,0.0,0.0,0.0,0.0,7388.629999999994,-42.01050000000075,0.0,0.0,0.0,0.0,0.0,0.0,0.0,0.0,0.0,999.0000000000224,999.0000000000224,1.0000000000000004,-7.672855592270205,gaze,0.419144621758367,0.435265532259059,6.037779072926147,7.817168890635085,-2258.16851043491,-35.29582908608386,-17.2124499846501,-31.670617025492213,0.0294187681253232,-0.0503059144409351,0.9980002174791018,5.00182429703036,24.12555212906129,-16.68547744920204,-22.17298501023805,0.5804087507615249,0.5970362591872088,0.5537809921396637,4.186609268188477,-38.67040223834522,-17.062568057967074,-31.954972909148363,0.1321143192053414,0.1248718850472629,0.9232379725654436,4.336618523491407,-217.3583973167025,True,0.1774233094594511,imu,-0.4082693604563917,-9.573397055633617,2.629726203937908,4.151257233321775,-0.1326114338874814,-3.186301878736452,97.1204724,-37.94611160000001,133.6383368,387.3166488524363,-23.393506286435752,False,0.9803321074799756,-0.1973549063080763,394.95191747606935,-29.2032827820255,4.188652712055026,-10.071783616463511,False,inf
58.293021,-579.3232570570058,-12.709294278572989,393.6192393161725,-28.567396411982106,3.537230090841,0.7573928394398233,-9.922734416383442,-16636.458419783972,0.5193343715664456,0.758512522254986,12824815.933891123,1.915670253756212,3.537230090841,-11736301195.375132,5.081515056534766,-0.0377042848834868,35.844855313410214,7.736102253846037,-615.1373096702471,-2.280000859865189,35.526968431808804,-9.922734416383442,-792930248.2484989,81.13494710217553,24.040297886132883,2.593805889059781,-11460.30761643208,4556401648.9418125,3.0000000000000373,-0.8579830000000033,-105503.1076235374,-0.6334109362431417,387.3200390220942,-23.39113560815257,0.0,-4.6502418020184366e-21,0.0,4.5948786057723694e-20,-20.17527343707236,0.0570054767012533,-20.17527343707236,0.0,-24.897361758373137,0.0,0.0,2810.8199999999906,-14.617700000000042,0.0,0.0,0.0,0.0,0.0,0.0,0.0,0.0,0.0,0.0,0.0,3785.5299999999934,-83.4881999999993,0.0,0.0,0.0,0.0,0.0,0.0,0.0,0.0,0.0,0.0,0.0,7388.629999999994,-42.01050000000075,0.0,0.0,0.0,0.0,0.0,0.0,0.0,0.0,0.0,999.0000000000232,999.0000000000232,1.0000000000000004,-7.7457477092764035,gaze,0.4201523509617681,0.4361418485383961,-4.001929998349559,0.2682558807041276,-1407.7514588811275,-35.44047233036728,-17.176981112246242,-31.74701648760659,0.0277981892956241,-0.050848270251623,0.9986519751616656,5.012012771248775,24.12555212906129,-16.68547744920204,-22.17298501023805,0.5804087507615249,0.5970362591872088,0.5537809921396637,4.186609268188477,-38.34739536243319,-16.99168963699962,-32.059272111518084,0.1348343734269901,0.1264532523351481,0.9225738914826982,4.354565956666989,-146.79724521221848,True,0.0630889673665846,imu,-0.4731388648000001,-9.5357519376,2.499082398400001,4.30680763,0.02939763,-3.16739796,97.20806565845588,-37.89922450649134,133.64143357021126,387.3200390220942,-23.39113560815257,False,0.9800242728422592,-0.1988779139070025,395.0249177487967,-29.21937581660717,4.179486664167687,-9.922734416383442,False,inf
58.300365,-595.3029527789846,-12.916757202330654,393.70195304022855,-28.590270637364853,3.580721980148221,0.7902721645937372,-9.748624685212846,-17333.954896267503,0.5295777325336718,0.7914183277405966,13262885.875477206,1.9531667832330744,3.580721980148221,-12150235063.547544,5.123975794191868,-0.0385910167781962,36.05275173000008,7.837926152350098,-632.0539327905358,-2.333583760533464,35.731391837033144,-9.748624685212846,-820834700.400118,82.19649228876892,24.41183144790778,2.620180538938553,-11812.995660036557,4716735419.657194,3.00000000000004,-0.8579830000000039,-108729.11073967286,-0.6428994686958627,387.3240189966768,-23.38833826136412,0.0,-4.722484246910175e-21,0.0,4.6662609680912796e-20,-20.480954181145577,0.0578594245242202,-20.480954181145577,0.0,-25.277011607501347,0.0,0.0,2810.8199999999915,-14.61770000000006,0.0,0.0,0.0,0.0,0.0,0.0,0.0,0.0,0.0,0.0,0.0,3785.529999999997,-83.48819999999938,0.0,0.0,0.0,0.0,0.0,0.0,0.0,0.0,0.0,0.0,0.0,7388.629999999997,-42.01050000000079,0.0,0.0,0.0,0.0,0.0,0.0,0.0,0.0,0.0,999.000000000024,999.000000000024,1.000000000000001,-7.830296883855347,gaze,0.5559591030376917,0.5813572952770615,-27.56435613041106,-17.4329260800541,235.7279936321038,-36.29528176027633,-17.12873971990183,-31.87297254514441,0.0326092868764666,-0.0011361109580619,0.9994675300685358,4.979832649230957,24.12555212906129,-16.68547744920204,-22.17298501023805,0.5804087507615249,0.5970362591872088,0.5537809921396637,4.186609268188477,-36.28676038984422,-17.138471548873586,-31.85056757970168,0.0331574905793188,-0.0009523745713032,0.9994495180800114,4.97648286819458,1.3025166903200087,True,0.0,imu,-0.4111679675551929,-9.576785353868344,2.619099266900984,4.591048265588518,0.4129295552495179,-3.315840137142017,97.1370634342978,-37.92429961079517,133.67473274167315,387.3240189966768,-23.38833826136412,False,0.9789067877374912,-0.2043073687400099,395.1096062068633,-29.23797547945201,4.135596741579005,-9.748624685212846,False,inf
58.301554,-597.9223004065171,-12.95056058075198,393.7153962792571,-28.59398481966428,3.587798769660686,0.7956368483244831,-9.720206394247327,-17448.470231808722,0.5312493500862505,0.7967873381716908,13334921.649727438,1.9592744116653256,3.587798769660686,-12218335789.13605,5.1308735473511735,-0.03873589903555,36.0865123125086,7.854494380270504,-634.8267687660616,-2.3423229088185806,35.764588149638136,-9.720206394247327,-825425403.4132627,82.36921818482136,24.4723777013044,2.624479795335456,-11870.880161752,4743112711.086428,3.000000000000039,-0.8579830000000035,-109258.71874985988,-0.6444449586552975,387.32467058535735,-23.387878872696973,0.0,-4.734258028802024e-21,0.0,4.677894577193761e-20,-20.53072854573725,0.0579985153444172,-20.53072854573725,0.0,-25.338829812871467,0.0,0.0,2810.8199999999906,-14.617700000000047,0.0,0.0,0.0,0.0,0.0,0.0,0.0,0.0,0.0,0.0,0.0,3785.529999999996,-83.48819999999932,0.0,0.0,0.0,0.0,0.0,0.0,0.0,0.0,0.0,0.0,0.0,7388.629999999996,-42.010500000000775,0.0,0.0,0.0,0.0,0.0,0.0,0.0,0.0,0.0,999.000000000024,999.000000000024,1.0000000000000009,-7.844037205280776,gaze,0.4214448528329176,0.4372506086763553,-30.706817614665187,-19.79138092703412,430.3283565555834,-35.628648264838645,-17.130836163770162,-31.838008044907266,0.0256532516896564,-0.0515053196681238,0.9994893079617656,5.025210843983035,24.12555212906129,-16.68547744920204,-22.17298501023805,0.5804087507615249,0.5970362591872088,0.5537809921396637,4.186609268188477,-36.42339396691524,-16.91071864944463,-32.13293108312729,0.1384316694064474,0.1285518066518241,0.92168993878717,4.3781006031338,19.79791805420636,True,-0.0778667651648392,imu,-0.4432312248,-9.606333968,2.5134380656,5.08440627,0.6798887999999996,-2.66644499,97.12697638805422,-37.92833239361142,133.67985349663263,387.32467058535735,-23.387878872696973,False,0.9795936619471574,-0.2009882023228195,395.1233705296338,-29.2409913963512,4.166225248580013,-9.720206394247327,False,inf
58.310086,-616.984792340477,-13.194892824074222,393.8122875309191,-28.620725722749377,3.638871110729382,0.8344740306195453,-9.514394602896571,-18283.38056050148,0.5433532460770434,0.8356558930057205,13861066.085121,2.003404583632665,3.638871110729382,-12716020199.085266,5.18056151455854,-0.0397863993713295,36.32960665869957,7.9740647253139185,-655.0055370657632,-2.405559518306518,36.00361714846369,-9.514394602896571,-858973227.3197246,83.61573027693206,24.91008985013182,2.655570306889321,-12292.74204702382,4935871762.395367,3.0000000000000417,-0.8579830000000042,-113119.70392519217,-0.6556114073660961,387.329405617363,-23.38452901500041,0.0,-4.819382918358352e-21,0.0,4.7620060121230236e-20,-20.890235528263823,0.0590034720359299,-20.890235528263823,0.0,-25.78532096228716,0.0,0.0,2810.8199999999915,-14.617700000000056,0.0,0.0,0.0,0.0,0.0,0.0,0.0,0.0,0.0,0.0,0.0,3785.529999999998,-83.48819999999938,0.0,0.0,0.0,0.0,0.0,0.0,0.0,0.0,0.0,0.0,0.0,7388.629999999999,-42.01050000000082,0.0,0.0,0.0,0.0,0.0,0.0,0.0,0.0,0.0,999.000000000025,999.000000000025,1.0000000000000016,-7.943059564261101,gaze,0.4226726988837856,0.4382860854996104,-40.61246656846887,-27.092133548708773,919.1680262715632,-35.81048443572883,-17.08624021996037,-31.916894901209893,0.023537947260023,-0.052084189484464,1.0002862793051648,5.03789932517535,24.12555212906129,-16.68547744920204,-22.17298501023805,0.5804087507615249,0.5970362591872088,0.5537809921396637,4.186609268188477,-34.98253557278368,-16.844697807354542,-32.13414301575134,0.1419756394069105,0.1306274821052313,0.9208125881089236,4.401058818247645,71.78927338158203,True,-0.2054782590641529,imu,-0.3893974728000001,-9.693066124,2.5493272336,5.46572868,1.09859576,-2.18044584,97.0655890448633,-37.95705198911144,133.71445080010105,387.329405617363,-23.38452901500041,False,0.9791417180603712,-0.203178482999023,395.22257680071954,-29.26267056110057,4.151811065364577,-9.514394602896571,False,inf
58.318618,-636.5214563490292,-13.442344247499486,393.9099295097143,-28.647622916127645,3.690456604590237,0.8739146718351671,-9.305248878713035,-19141.74819947128,0.5556494594915764,0.8751284813840723,14403686.104866063,2.0480697358468687,3.690456604590237,-13229790722.239916,5.230586207104485,-0.0408560905347721,36.5741726561979,8.094835371041466,-675.6849191213686,-2.4697258268594338,36.24408917192571,-9.305248878713035,-893603019.9324123,84.87471303554766,25.3535361814004,2.6870849037060083,-12726.170088270976,5134847134.469755,3.0000000000000417,-0.8579830000000042,-117088.71053066716,-0.6669126920853057,387.3342454308863,-23.38108490759012,0.0,-4.90563663187303e-21,0.0,4.847232831715171e-20,-21.25386851835788,0.0600205636438217,-21.25386851835788,0.0,-26.23692700580118,0.0,0.0,2810.8199999999915,-14.61770000000006,0.0,0.0,0.0,0.0,0.0,0.0,0.0,0.0,0.0,0.0,0.0,3785.529999999997,-83.48819999999932,0.0,0.0,0.0,0.0,0.0,0.0,0.0,0.0,0.0,0.0,0.0,7388.629999999996,-42.01050000000082,0.0,0.0,0.0,0.0,0.0,0.0,0.0,0.0,0.0,999.0000000000256,999.0000000000256,1.000000000000001,-8.042831350205185,gaze,0.4238373743757396,0.4392499318031633,-30.938352155879763,-19.589582709745446,368.24303829307127,-35.98608384890108,-17.04316351839936,-31.98463706851047,0.0214516961324618,-0.0525865151733018,1.0010436961258264,5.050087576614327,24.12555212906129,-16.68547744920204,-22.17298501023805,0.5804087507615249,0.5970362591872088,0.5537809921396637,4.186609268188477,-34.952809087939954,-16.792498677371075,-32.06673120390907,0.1454669269674386,0.1326805459303285,0.9199417988920426,4.423450813741352,16.954345812560888,True,-0.3204468207506176,imu,-0.3367600264,-9.76484446,2.5654773592,5.53302087,1.2780416,-1.94866163,97.02255484764838,-37.98538969683053,133.74539289433872,387.3342454308863,-23.38108490759012,False,0.9786678352428924,-0.2054489431975505,395.3225526579525,-29.284415536265183,4.13621052935038,-9.305248878713035,False,inf
58.320457,-640.7953716889201,-13.496091350297052,393.9310742588629,-28.653440918010737,3.701642990718852,0.8824953869118253,-9.25972996784327,-19329.880404678173,0.5583251931132717,0.8837161582136526,14522838.558371486,2.0577673889240184,3.701642990718852,-13342674170.683792,5.241412858724425,-0.0410891853181928,36.627080149799696,8.121024498834831,-680.2086458697268,-2.483678885258745,36.29611048556512,-9.25972996784327,-901211418.608786,85.14771803481948,25.44987345057048,2.693933541873852,-12821.129404866246,5178563304.301167,3.000000000000039,-0.8579830000000035,-117958.56342606634,-0.6693663605783704,387.3353024131548,-23.38033013994684,0.0,-4.924376770534991e-21,0.0,4.8657498595729366e-20,-21.33279019951384,0.0602413885887751,-21.33279019951384,0.0,-26.33494081633383,0.0,0.0,2810.819999999989,-14.617700000000047,0.0,0.0,0.0,0.0,0.0,0.0,0.0,0.0,0.0,0.0,0.0,3785.5299999999934,-83.48819999999927,0.0,0.0,0.0,0.0,0.0,0.0,0.0,0.0,0.0,0.0,0.0,7388.62999999999,-42.01050000000079,0.0,0.0,0.0,0.0,0.0,0.0,0.0,0.0,0.0,999.0000000000246,999.0000000000246,1.0000000000000009,-8.064434978715937,gaze,0.5562624937356033,0.5802881541045097,-27.71116202695803,-17.13297963037082,235.7064663268219,-36.30290542355826,-17.11117921438995,-31.89917666457975,0.0320894527185484,-8.14227550300778e-05,0.9994849975835352,4.988433361053467,24.12555212906129,-16.68547744920204,-22.17298501023805,0.5804087507615249,0.5970362591872088,0.5537809921396637,4.186609268188477,-36.2921420677489,-17.129374104045706,-31.86677060799437,0.032801477959062,-0.0006620572992121,0.999461344581186,4.980466365814209,1.132291207032161,True,0.0,imu,-0.4153422746627807,-9.581634865071708,2.6038135004974987,4.080854495869371,0.8842915521558585,-3.584085491300256,97.01555747135122,-37.99144790748697,133.7515988517431,387.3353024131548,-23.38033013994684,False,0.977190213073358,-0.2123659282315431,395.3442028642494,-29.289111071973004,4.073185319559725,-9.25972996784327,False,inf
58.32715,-656.5409664110837,-13.69294011713174,394.0083274546072,-28.67467708988376,3.742558861362122,0.9139646441502252,-9.092742476836529,-20024.04426995851,0.5681400177874261,0.9152109810548592,14963165.593395129,2.093273770961199,3.742558861362122,-13760034173.720411,5.280949112598627,-0.0419451583670342,36.8202163828076,8.216814630948537,-696.8740488901007,-2.534829761714994,36.4860102089029,-9.092742476836529,-929340742.7072403,86.14625257044491,25.80276852679944,2.7190275167266487,-13171.39669279303,5340187975.975698,3.00000000000004,-0.8579830000000035,-121167.98250059244,-0.6783499431807299,387.33919080465193,-23.37754579635392,0.0,-4.993029609955024e-21,0.0,4.933585352276902e-20,-21.621660399459515,0.0610498918980481,-21.621660399459515,0.0,-26.693688507419267,0.0,0.0,2810.819999999989,-14.617700000000047,0.0,0.0,0.0,0.0,0.0,0.0,0.0,0.0,0.0,0.0,0.0,3785.5299999999934,-83.48819999999927,0.0,0.0,0.0,0.0,0.0,0.0,0.0,0.0,0.0,0.0,0.0,7388.62999999999,-42.01050000000079,0.0,0.0,0.0,0.0,0.0,0.0,0.0,0.0,0.0,999.000000000025,999.000000000025,1.0000000000000009,-8.143357676569982,gaze,0.4249401960358917,0.4401436512161469,-17.57489835363224,-9.362209390789566,-43.6317463082825,-36.15552702654542,-17.00158199911815,-32.04214571850382,0.0193941741799822,-0.0530138362975375,1.0017622586328356,5.061783320931113,24.12555212906129,-16.68547744920204,-22.17298501023805,0.5804087507615249,0.5970362591872088,0.5537809921396637,4.186609268188477,-36.12625705018177,-16.75304468150276,-31.934821411788384,0.1489057525648222,0.1347110195137345,0.9190776331883114,4.445283957250672,-42.30272078865118,True,-0.4234373276569411,imu,-0.305057928,-9.8061170032,2.5702625816,5.00963717,1.49487199,-1.87389253,96.99658026934202,-38.01334847112238,133.7728391910396,387.33919080465193,-23.37754579635392,False,0.978171434737312,-0.207799529027255,395.42330270459627,-29.30622601270634,4.119390987916104,-9.092742476836529,False,inf
58.335614,-676.886659917822,-13.94467071119403,394.10669330901897,-28.70167143273381,3.794760038287421,0.9543033043243834,-8.878582665299355,-20923.42193681933,0.5807250646131927,0.9555824881344996,15535228.600736627,2.138653848999473,3.794760038287421,-14302715342.730724,5.331246275738373,-0.0430448760811662,37.06576524931537,8.339024148855978,-718.4070795732955,-2.600349115281875,36.72744078292958,-8.878582665299355,-965914344.9942504,87.4201502287994,26.25418888047903,2.7511423548160634,-13624.964776769031,5550331130.835308,3.0000000000000417,-0.8579830000000035,-125325.93489253812,-0.6898315044612947,387.3442018354557,-23.37394027479376,0.0,-5.080862095465821e-21,0.0,5.020372147631067e-20,-21.99066285491543,0.0620832079362227,-21.99066285491543,0.0,-27.15194378693961,0.0,0.0,2810.819999999989,-14.617700000000056,0.0,0.0,0.0,0.0,0.0,0.0,0.0,0.0,0.0,0.0,0.0,3785.5299999999934,-83.48819999999927,0.0,0.0,0.0,0.0,0.0,0.0,0.0,0.0,0.0,0.0,0.0,7388.629999999994,-42.01050000000082,0.0,0.0,0.0,0.0,0.0,0.0,0.0,0.0,0.0,999.0000000000256,999.0000000000256,1.0000000000000009,-8.243833415957042,gaze,0.4259743964900199,0.440962424115303,-18.52781784849404,-10.070376224374929,77.73305773799588,-36.317616197479786,-16.96178572842061,-32.08994622259613,0.0173811204757145,-0.0533651445901138,1.002437387094027,5.072906764530099,24.12555212906129,-16.68547744920204,-22.17298501023805,0.5804087507615249,0.5970362591872088,0.5537809921396637,4.186609268188477,-37.598386463667936,-16.725477504590252,-31.744578035969656,0.152265553139989,0.1367030117953002,0.9182269592363352,4.466398111400121,-36.06695989560895,True,-0.5144084049369837,imu,-0.2918985664000001,-9.8204726704,2.5792348736,4.2096078,1.46496435,-2.06081528,96.98643740310222,-38.04071289487252,133.79676652871416,387.3442018354557,-23.37394027479376,False,0.9776561492412504,-0.2102104989070951,395.5240192688119,-29.32792707039073,4.101468299581823,-8.878582665299357,False,inf
58.340438,-688.7023256657678,-14.089548048217278,394.1630934056923,-28.71712635800587,3.824742231203549,0.9775671546068416,-8.755022133402626,-21446.94239060115,0.5879850609583105,0.9788653193112916,15869014.51951234,2.164758379120074,3.824742231203549,-14619587748.92718,5.360062932482553,-0.0436803365895879,37.20636976138543,8.409215592717183,-730.9116852442714,-2.638110756010425,36.86568538653616,-8.755022133402626,-987268648.4197562,88.15179879333093,26.51406293069037,2.7696376669343765,-13888.860421362251,5673027634.708878,3.000000000000041,-0.857983000000003,-127746.14321565334,-0.6964361348950486,387.3471049528628,-23.37184288562397,0.0,-5.1314318065718505e-21,0.0,5.0703398007182834e-20,-22.202831405866387,0.0626776105779264,-22.202831405866387,0.0,-27.41542645996297,0.0,0.0,2810.819999999988,-14.617700000000042,0.0,0.0,0.0,0.0,0.0,0.0,0.0,0.0,0.0,0.0,0.0,3785.5299999999934,-83.48819999999924,0.0,0.0,0.0,0.0,0.0,0.0,0.0,0.0,0.0,0.0,0.0,7388.62999999999,-42.0105000000008,0.0,0.0,0.0,0.0,0.0,0.0,0.0,0.0,0.0,999.0000000000256,999.0000000000256,1.0000000000000004,-8.30143529638356,gaze,0.5565745386457349,0.5803345553055547,-27.86495719079952,-17.14396153745744,235.6956286613232,-36.30786161369355,-17.10218515907686,-31.91474914628861,0.0315335514318186,-0.0001560313264623,0.9995026817314308,4.99554443359375,24.12555212906129,-16.68547744920204,-22.17298501023805,0.5804087507615249,0.5970362591872088,0.5537809921396637,4.186609268188477,-36.29607195423506,-17.122576867803495,-31.87876524256793,0.0324844963272512,-0.0005355508060246,0.9994716788687472,4.984235882759094,0.6136015671693167,True,0.0,imu,-0.4194108652984726,-9.586322902382909,2.5889495772007503,3.0518817487821583,1.0398312963483176,-3.897462648073777,96.98716431149067,-38.05614461368632,133.80899072631456,387.3471049528628,-23.37184288562397,False,0.9753508910407752,-0.2206595553017487,395.5817666128389,-29.340324024340035,4.004306616856084,-8.755022133402624,False,inf
58.344077,-697.7223515685694,-14.199515417625964,394.2058017181377,-28.72881840558557,3.847470639420661,0.9952483582873302,-8.661088637970337,-21847.179319679737,0.593503861453743,0.9965609670054,16124582.684331752,2.1845664938096108,3.847470639420661,-14862317159.725748,5.381873206733848,-0.044163896678511,37.31275105171614,8.462424844816534,-740.4573549018369,-2.6667989556103704,36.97028035097036,-8.661088637970337,-1003625868.6506892,88.70642249347104,26.71135148225404,2.783682311912582,-14090.55300350987,5767012044.535263,3.000000000000042,-0.8579830000000044,-129596.38009318845,-0.7014477263075763,387.349317674267,-23.370240213835444,0.0,-5.1698258233874834e-21,0.0,5.108276717304369e-20,-22.36377879598395,0.0631286430997138,-22.36377879598395,0.0,-27.615297743947725,0.0,0.0,2810.8199999999906,-14.61770000000006,0.0,0.0,0.0,0.0,0.0,0.0,0.0,0.0,0.0,0.0,0.0,3785.529999999995,-83.48819999999924,0.0,0.0,0.0,0.0,0.0,0.0,0.0,0.0,0.0,0.0,0.0,7388.629999999997,-42.01050000000083,0.0,0.0,0.0,0.0,0.0,0.0,0.0,0.0,0.0,999.000000000026,999.000000000026,1.000000000000001,-8.345049809161159,gaze,0.4269501559729545,0.441715002743159,-37.54754424688581,-24.555192910202027,326.3264108916021,-36.473786427015504,-16.923418777605587,-32.129350389627426,0.015395945065831,-0.0536455866580982,1.0030755594374052,5.08355924651608,24.12555212906129,-16.68547744920204,-22.17298501023805,0.5804087507615249,0.5970362591872088,0.5537809921396637,4.186609268188477,-38.26935189638641,-16.70846294453628,-31.499778729506488,0.1555737736907346,0.1386725871032686,0.9173830206453296,4.486974177626039,40.90360975052772,True,-0.5948310120967939,imu,-0.2715613712,-9.8079114616,2.583421943200001,3.42453225,1.48739508,-2.34493786,96.99067429506796,-38.067706979408506,133.8175543273256,387.349317674267,-23.370240213835444,False,0.9771175690734204,-0.2126999205642755,395.6254947189272,-29.349689393399856,4.082282646758941,-8.661088637970336,False,inf
58.352541,-719.0617372601403,-14.457559481801823,394.3056812932277,-28.75612510354489,3.9007066927902905,1.0368153136319789,-8.440182527434004,-22796.012825051323,0.6064814448693048,1.038161938682907,16731759.252173916,2.231026410814604,3.9007066927902905,-15439367557.785252,5.4328433322792815,-0.0453026689186133,37.56123811525969,8.587054103694873,-763.0393221646809,-2.73420283797304,37.214592172154944,-8.440182527434004,-1042510780.0163616,90.00545850345958,27.17441581238849,2.8166589774814104,-14568.507292220083,5990434477.562117,3.000000000000042,-0.8579830000000035,-133982.60817001844,-0.7132024748343843,387.35454029804623,-23.36644399457468,0.0,-5.259952186742018e-21,0.0,5.1973300805674544e-20,-22.741128990207244,0.0641865453298667,-22.741128990207244,0.0,-28.083900080072333,0.0,0.0,2810.819999999989,-14.617700000000053,0.0,0.0,0.0,0.0,0.0,0.0,0.0,0.0,0.0,0.0,0.0,3785.5299999999934,-83.48819999999924,0.0,0.0,0.0,0.0,0.0,0.0,0.0,0.0,0.0,0.0,0.0,7388.629999999994,-42.010500000000846,0.0,0.0,0.0,0.0,0.0,0.0,0.0,0.0,0.0,999.0000000000264,999.0000000000264,1.0000000000000009,-8.447035840280058,gaze,0.4278689521685818,0.4424029897112901,-51.91297677488453,-35.575586056272336,356.58785785649,-36.62415302163968,-16.88644918117678,-32.161151347136304,0.0134378700482605,-0.0538566903651123,1.0036775920348373,5.093750642371247,24.12555212906129,-16.68547744920204,-22.17298501023805,0.5804087507615249,0.5970362591872088,0.5537809921396637,4.186609268188477,-37.23665588466936,-16.701063107983746,-31.20512408164618,0.1588314158912044,0.1406202358393992,0.9165456746134962,4.507024059617028,154.7083294020295,True,-0.6653188050779395,imu,-0.263187232,-9.798341016800002,2.5559069144,2.51982614,1.1285034,-2.98047521,97.00815549353209,-38.09433994280101,133.8353537382602,387.35454029804623,-23.36644399457468,False,0.9765549372191414,-0.215268331607133,395.72775752838976,-29.371517808561165,4.061795978053735,-8.440182527434004,False,inf
58.36053,-739.6713986592406,-14.704052353644569,394.4006570786423,-28.782043558939392,3.951434727351943,1.0766209330644316,-8.22854290611167,-23714.93953690864,0.6189135436752927,1.0780002094272434,17321506.60647253,2.2753795967730635,3.951434727351943,-16000343024.520618,5.481263707174968,-0.046395699818243,37.797136000589305,8.705810364230096,-784.8478090005472,-2.7986991953115243,37.4465228885032,-8.22854290611167,-1080310172.5528626,91.24324020455305,27.61690449225843,2.8481856505788774,-15031.148584888368,6207619368.807236,3.000000000000042,-0.8579830000000039,-138230.52330106893,-0.7244243926386953,387.35956793683147,-23.36277232734548,0.0,-5.346087056803462e-21,0.0,5.282439471217431e-20,-23.10117602704821,0.0651964938985919,-23.10117602704821,0.0,-28.531005694430004,0.0,0.0,2810.819999999988,-14.617700000000047,0.0,0.0,0.0,0.0,0.0,0.0,0.0,0.0,0.0,0.0,0.0,3785.5299999999934,-83.48819999999921,0.0,0.0,0.0,0.0,0.0,0.0,0.0,0.0,0.0,0.0,0.0,7388.62999999999,-42.010500000000846,0.0,0.0,0.0,0.0,0.0,0.0,0.0,0.0,0.0,999.0000000000266,999.0000000000266,1.0000000000000009,-8.543998123228457,gaze,0.5563610575669655,0.5810855021167652,-27.75806753176228,-17.35238324662203,235.6802514900276,-36.30868449228453,-17.09798655788915,-31.92658871143637,0.0319358488729623,-0.0009501506432418,0.9994894690643412,4.998565196990967,24.12555212906129,-16.68547744920204,-22.17298501023805,0.5804087507615249,0.5970362591872088,0.5537809921396637,4.186609268188477,-36.29859446184496,-17.11765880582063,-31.88832993634162,0.0323747668363934,-0.0006184707734681,0.999475236907866,4.987101745605469,253.40748968380976,False,-1.0,imu,-0.4234218353150533,-9.590902041601248,2.574345770743311,2.1006895268736985,0.9587338273163964,-4.219508341321012,97.03581916882692,-38.11914656918128,133.84953923933628,387.35956793683147,-23.36277232734548,False,0.9732299817942156,-0.229833423454533,395.8249967497185,-29.39217920074265,3.9223610565497866,-8.22854290611167,False,inf
58.361004,-740.9086474354153,-14.71876706352634,394.4063136473054,-28.783585755728133,3.954459205461103,1.079000211761369,-8.21588994799265,-23770.18239368685,0.6196567771519937,1.0803814420836058,17357012.758925233,2.2780264915361244,3.954459205461103,-16034131903.040644,5.484146073953449,-0.046461108961042,37.81117368749793,8.712890733057435,-786.156987620562,-2.802552723344588,37.46032439454872,-8.21588994799265,-1082586849.1012037,91.31703682146122,27.64332416729313,2.850068478970983,-15058.953589681754,6220700511.421249,3.000000000000046,-0.8579830000000044,-138485.8935844902,-0.7250940990491664,387.3598692431567,-23.36255176688405,0.0,-5.351230315401907e-21,0.0,5.287521496705648e-20,-23.12265702219164,0.0652567660401477,-23.12265702219164,0.0,-28.557680462157688,0.0,0.0,2810.8199999999915,-14.617700000000063,0.0,0.0,0.0,0.0,0.0,0.0,0.0,0.0,0.0,0.0,0.0,3785.529999999997,-83.4881999999993,0.0,0.0,0.0,0.0,0.0,0.0,0.0,0.0,0.0,0.0,0.0,7388.629999999997,-42.01050000000089,0.0,0.0,0.0,0.0,0.0,0.0,0.0,0.0,0.0,999.0000000000276,999.0000000000276,1.0000000000000018,-8.549772498332864,gaze,0.4287318022615841,0.4430276328102731,-24.625332430116785,-14.932840880169024,227.13879813799403,-36.7687587579981,-16.850862973855488,-32.18609136901494,0.0115070519131664,-0.053999853580809,1.0042440021593104,5.103485841277199,24.12555212906129,-16.68547744920204,-22.17298501023805,0.5804087507615249,0.5970362591872088,0.5537809921396637,4.186609268188477,-34.23236831739498,-16.702383608565952,-30.8656212879304,0.1620379313197827,0.1425455240600238,0.9157151743406016,4.526550009837669,258.118209468936,False,-0.7264320687802792,imu,-0.2697669128,-9.7301515976,2.5218122048,2.03382699,0.8967191899999998,-3.59358183,97.03778129356768,-38.12060831519363,133.85030371191087,387.3598692431567,-23.36255176688405,False,0.9759677353288112,-0.2179150742770021,395.83078802342897,-29.39340683749502,4.039979070162996,-8.21588994799265,False,inf
58.369468,-763.277222113478,-14.983225149135562,394.50772780220655,-28.81120753537428,4.008744483176164,1.1218189194453312,-7.988131184807599,-24770.40862436593,0.6330350136268061,1.1232353577366547,18000894.859697744,2.325581728716777,4.008744483176164,-16647158679.06575,5.535795024951928,-0.0476396768140648,38.062622806444125,8.83997276483167,-809.8252662777422,-2.8718726916076927,37.70754097691222,-7.988131184807599,-1123890920.7905667,92.64155330411492,28.118239367714217,2.883922652895484,-15562.249773905838,6458021826.257538,3.000000000000042,-0.8579830000000037,-143109.642440415,-0.7371265418361395,387.36530654210674,-23.35856186088836,0.0,-5.443692267598042e-21,0.0,5.378882642278755e-20,-23.50848597576965,0.0663396600809549,-23.50848597576965,0.0,-29.036791458390827,0.0,0.0,2810.819999999988,-14.617700000000047,0.0,0.0,0.0,0.0,0.0,0.0,0.0,0.0,0.0,0.0,0.0,3785.5299999999934,-83.48819999999918,0.0,0.0,0.0,0.0,0.0,0.0,0.0,0.0,0.0,0.0,0.0,7388.629999999988,-42.01050000000088,0.0,0.0,0.0,0.0,0.0,0.0,0.0,0.0,0.0,999.0000000000272,999.0000000000272,1.0000000000000009,-8.653289175238298,gaze,0.4295401320973945,0.4435904761161309,55.785373592614405,46.582374234822055,126.68773990101154,-36.90771604346165,-16.816629234443347,-32.20489292826259,0.0096027306314349,-0.0540765445626193,1.0047755773997735,5.112774383048601,24.12555212906129,-16.68547744920204,-22.17298501023805,0.5804087507615249,0.5970362591872088,0.5537809921396637,4.186609268188477,-30.02813737539364,-16.71156544674498,-30.48627709964209,0.1651943006235272,0.1444489343598594,0.9148913776229484,4.54556358427686,316.7402627756651,False,-0.7787448775981702,imu,-0.2918985664000001,-9.6535880392,2.5146343712,1.47305874,0.5752120599999997,-4.33379592,97.07850305134772,-38.14652111333724,133.86254792663513,387.36530654210674,-23.35856186088836,False,0.9753551514822564,-0.2206407226171649,395.9346150417423,-29.41536132841883,4.016792142461823,-7.988131184807599,False,inf
58.377931,-786.1712548322403,-15.250896620584347,394.6099050588766,-28.83898460115654,4.063553316622867,1.165267248638719,-7.756933230189688,-25796.95166820101,0.6466150470346727,1.166719494886948,18663663.184135,2.3736847854350605,4.063553316622867,-17278717083.030804,5.5877794532452425,-0.0488382811709551,38.31553203533683,8.968278498541029,-834.0481243690641,-2.942154326714868,37.95618939690407,-7.756933230189688,-1166441019.3091683,93.97878123187913,28.599101475804662,2.9182174610018574,-16078.521925401132,6702501963.569561,3.0000000000000444,-0.8579830000000044,-147855.13447717513,-0.7492980982978172,387.3708516857239,-23.354474466663746,0.0,-5.53732673987932e-21,0.0,5.471402348407474e-20,-23.898557761134008,0.0674350740144334,-23.898557761134008,0.0,-29.52116065594648,0.0,0.0,2810.819999999988,-14.617700000000053,0.0,0.0,0.0,0.0,0.0,0.0,0.0,0.0,0.0,0.0,0.0,3785.5299999999934,-83.48819999999918,0.0,0.0,0.0,0.0,0.0,0.0,0.0,0.0,0.0,0.0,0.0,7388.629999999994,-42.01050000000089,0.0,0.0,0.0,0.0,0.0,0.0,0.0,0.0,0.0,999.0000000000276,999.0000000000276,1.000000000000001,-8.757566546987734,gaze,0.430294959915741,0.4440927688082155,154.07708075894402,122.98216601086366,117.6025508573323,-37.04107017240304,-16.783733736853613,-32.21823530789522,0.0077250549975309,-0.0540881658864419,1.005272839900398,5.121621251753713,24.12555212906129,-16.68547744920204,-22.17298501023805,0.5804087507615249,0.5970362591872088,0.5537809921396637,4.186609268188477,-26.27753283183881,-16.727783603613826,-30.072384682096043,0.168300002289723,0.1463300458901409,0.9140745318950612,4.564067181064936,326.3674976768913,False,-0.8227872357668953,imu,-0.3301803456000001,-9.588389384,2.488315648,1.23379762,0.2611818399999999,-4.991764,97.12929515684937,-38.17207500782212,133.87222060578114,387.3708516857239,-23.354474466663746,False,0.9747166355446278,-0.2234445801369137,396.0392185356849,-29.43737576504041,3.992205496641475,-7.756933230189689,False,inf
58.38051,-793.2543237207551,-15.333115252782925,394.6411972657206,-28.84748095923708,4.080361573059097,1.178634695412044,-7.685785226268962,-26115.11024794355,0.6507941476696701,1.180097974674121,18869466.91171677,2.3884542434039844,4.080361573059097,-17474939422.74517,5.6036892260283135,-0.0492075812405802,38.39290023207502,9.00762568717276,-841.5420307127911,-2.9637658497703923,38.03225342936813,-7.685785226268962,-1179660626.5874257,94.38885699826764,28.74683992485502,2.9287573980236123,-16238.478930821017,6778457774.830971,3.000000000000046,-0.8579830000000042,-149325.94366799924,-0.7530353489944455,387.3725631881496,-23.35320929249712,0.0,-5.566097622133052e-21,0.0,5.499830698616729e-20,-24.01828513068528,0.0677714185405159,-24.01828513068528,0.0,-29.6698292758458,0.0,0.0,2810.8199999999897,-14.617700000000056,0.0,0.0,0.0,0.0,0.0,0.0,0.0,0.0,0.0,0.0,0.0,3785.529999999997,-83.48819999999924,0.0,0.0,0.0,0.0,0.0,0.0,0.0,0.0,0.0,0.0,0.0,7388.629999999997,-42.0105000000009,0.0,0.0,0.0,0.0,0.0,0.0,0.0,0.0,0.0,999.000000000028,999.000000000028,1.0000000000000018,-8.789498290492201,gaze,0.2800306833057139,0.1715105657364574,179.5262408046236,143.1671190532491,126.0982935344558,-37.08060961061037,-16.773971061112125,-32.2213168041858,0.0071580618499651,-0.0540789892193732,1.005417664454321,5.124230738099369,24.12555212906129,-16.68547744920204,-22.17298501023805,0.5804087507615249,0.5970362591872088,0.5537809921396637,4.186609268188477,-24.21783623215028,-17.025113620091968,-29.95729441553744,0.1417153781322641,0.1189425087008825,0.9103451341175012,4.829796981811524,322.5490491977115,False,-1.0,imu,-0.4273334518815776,-9.59532199571334,2.560167298997992,1.5436585270658192,0.712822700618603,-4.518273002506959,97.14662605104937,-38.17979194437402,133.87467789723678,387.3725631881496,-23.35320929249712,False,0.9745167769804748,-0.2243146258797854,396.0712527027033,-29.444096788021582,3.98442876698766,-7.685785226268962,False,inf
58.386395,-809.6053405606756,-15.521870230079578,394.7128748549188,-28.86692420510529,4.118902292797506,1.2093614312052727,-7.522214495620766,-26850.556934552267,0.6604021535363521,1.2108500994999938,19345890.19004506,2.42235094551848,4.118902292797506,-17929376721.029453,5.6401131199266406,-0.0500573934737316,38.569967130481054,9.0978466213141,-858.8409560104478,-3.0134222409811016,38.20633431836938,-7.522214495620766,-1210275406.422592,95.32912326330349,29.08607670482405,2.952964990778156,-16608.14018684205,6954360743.384911,3.0000000000000444,-0.8579830000000035,-152725.89485172264,-0.7616127892165057,387.3765067628056,-23.350287862641125,0.0,-5.6321664662365444e-21,0.0,5.565112959366193e-20,-24.29299781113008,0.0685433697016124,-24.29299781113008,0.0,-30.010943529906243,0.0,0.0,2810.819999999985,-14.617700000000042,0.0,0.0,0.0,0.0,0.0,0.0,0.0,0.0,0.0,0.0,0.0,3785.529999999991,-83.4881999999991,0.0,0.0,0.0,0.0,0.0,0.0,0.0,0.0,0.0,0.0,0.0,7388.629999999986,-42.01050000000088,0.0,0.0,0.0,0.0,0.0,0.0,0.0,0.0,0.0,999.0000000000272,999.0000000000272,1.0000000000000004,-8.862634418385008,gaze,0.4309976610862381,0.444535997976874,220.32914250769693,176.31010458027436,154.6712975436509,-37.168930702818166,-16.752146580062863,-32.22677333050448,0.0058732825276869,-0.0540361277693066,1.0057365491740684,5.130035659223458,23.62140370390312,-15.870127352949362,-22.16617455424906,0.4966192822047218,0.4531173413040203,0.7321178653754029,3.832313388993444,-24.067659321005223,-16.750254633806833,-29.62913666391848,0.1713559960908739,0.1481893334306178,0.9132644956297816,4.582072015670488,310.7036912019898,False,-0.8590950402089409,imu,-0.3421434016,-9.559678049600002,2.4996805512,1.43567419,0.0593052699999998,-5.70954736,97.18919235856208,-38.197278816910426,133.87945819265784,387.3765067628056,-23.350287862641125,False,0.9887439379874544,-0.1496175962013186,396.1446277093965,-29.459455017549,4.728536811335874,-7.522214495620766,False,inf
58.388213,-814.709797485918,-15.580502383456956,394.7350942897674,-28.87294625497636,4.130860793023472,1.2189166842423989,-7.471340372320064,-27080.42692180723,0.6633905224026885,1.2204132558181806,19494996.240871977,2.4328771560701004,4.130860793023472,-18071656651.33847,5.651398882704436,-0.0503219245437628,38.62481352931821,9.125840361750535,-864.2411911968993,-3.0288583948155114,38.26025544815749,-7.471340372320064,-1219860341.285081,95.6208647865187,29.191470378827265,2.960487408135225,-16723.65545417027,7009432738.667297,3.0000000000000444,-0.8579830000000037,-153788.6002429035,-0.7642764850654382,387.3777357613395,-23.349375659295823,0.0,-5.652694120516095e-21,0.0,5.585396221422765e-20,-24.378287538343432,0.0687830965917564,-24.378287538343432,0.0,-30.116847831590857,0.0,0.0,2810.819999999986,-14.617700000000044,0.0,0.0,0.0,0.0,0.0,0.0,0.0,0.0,0.0,0.0,0.0,3785.529999999992,-83.48819999999915,0.0,0.0,0.0,0.0,0.0,0.0,0.0,0.0,0.0,0.0,0.0,7388.629999999986,-42.01050000000086,0.0,0.0,0.0,0.0,0.0,0.0,0.0,0.0,0.0,999.000000000028,999.000000000028,1.0000000000000009,-8.885304192149848,gaze,0.4311418973717524,0.4446236169539636,227.51586517042423,182.42784905490333,163.12793185843373,-37.19568282461974,-16.745531001463466,-32.228040509877,0.0054789164933202,-0.0540167790009285,1.005831826222758,5.131787128229475,23.436573014745296,-15.924039300940096,-22.208027670625484,0.4966031869262333,0.4534057566535689,0.732061002285686,3.8409430835199263,-23.744718894409267,-16.755823695786717,-29.53062102414575,0.1720058878186072,0.1485858202346449,0.913091412169212,4.5858746069322125,307.80210577037377,False,-0.8659331669212261,imu,-0.4288215848452421,-9.596990565072383,2.554793222724124,1.4547389716774548,0.5878544609694127,-4.623526895688369,97.645382,-37.98273320000001,133.6017152,387.3777357613395,-23.349375659295823,False,0.9886443667811472,-0.150274136270697,396.1673727003016,-29.46420555064759,4.724537026774364,-7.471340372320064,False,inf
58.394859,-833.5860956151316,-15.796140158784846,394.8166304795618,-28.89502376418082,4.174788617433337,1.2541023688552948,-7.283975019353839,-27931.613836133853,0.6743968202974862,1.25562807476008,20047920.598086253,2.4715784894312107,4.174788617433337,-18599490754.636383,5.692791382188815,-0.0512970624668407,38.8259042923129,9.228670448060765,-884.210712664294,-3.08567622932398,38.45795235815213,-7.283975019353839,-1255417758.6147068,96.6925091726077,29.579161455782693,2.9881652204400027,-17151.29559999345,7213734182.59515,3.0000000000000453,-0.8579830000000044,-157723.80523941648,-0.7740703350825426,387.3822719055886,-23.34600176749976,0.0,-5.728211119588972e-21,0.0,5.660014151966657e-20,-24.69179370719621,0.0696645219864742,-24.69179370719621,0.0,-30.50612437598821,0.0,0.0,2810.819999999988,-14.61770000000006,0.0,0.0,0.0,0.0,0.0,0.0,0.0,0.0,0.0,0.0,0.0,3785.5299999999934,-83.48819999999915,0.0,0.0,0.0,0.0,0.0,0.0,0.0,0.0,0.0,0.0,0.0,7388.62999999999,-42.0105000000009,0.0,0.0,0.0,0.0,0.0,0.0,0.0,0.0,0.0,999.0000000000284,999.0000000000284,1.000000000000001,-8.968485700306637,gaze,0.431649327992837,0.4449214552949113,232.85977356670224,188.1569576217267,187.13640115325333,-37.29135949563449,-16.721849791297366,-32.231125258514886,0.0040473403485763,-0.0539218192314575,1.0061672806795747,5.13802359730854,22.88015790325794,-16.101133458979813,-22.33907443938792,0.4965269866594706,0.4544075604690993,0.7318732233202558,3.872069675125177,-22.499612289800226,-16.778224737769868,-29.161925799218835,0.1743621393856431,0.1500266049358826,0.9124614160048754,4.599582665908641,309.3667292798908,False,-0.8881714043885713,imu,-0.367863972,-9.580613397600002,2.5008768568,1.56278166,-0.2023865800000002,-6.25536179,97.2572501716658,-38.22213226495951,133.88439061111592,387.3822719055886,-23.34600176749976,False,0.988273746822296,-0.1526925058469493,396.2508347304263,-29.48159615255444,4.7094837709142645,-7.28397501935384,False,inf
58.400602,-850.1736130887274,-15.984128196845704,394.8874810380139,-28.914181338299137,4.213016510439384,1.2848313889518763,-7.120305851886627,-28681.027725789696,0.6840117523999528,1.2863825790775372,20535757.33822966,2.5053020908960315,4.213016510439384,-19065475372.890392,5.728731664253205,-0.0521500064200405,39.00042139126592,9.318156491428349,-901.7581776957104,-3.135267694975572,38.629522314863046,-7.120305851886627,-1286807365.8160477,97.62506719026214,29.91723582581066,3.012309146398419,-17527.675866100893,7394088483.465187,3.000000000000047,-0.8579830000000044,-161188.6504407972,-0.7826049761982848,387.3862467507004,-23.343036520095424,0.0,-5.794071017819288e-21,0.0,5.725089954355838e-20,-24.96488254513223,0.0704326212737271,-24.96488254513223,0.0,-30.84520983246365,0.0,0.0,2810.819999999988,-14.61770000000006,0.0,0.0,0.0,0.0,0.0,0.0,0.0,0.0,0.0,0.0,0.0,3785.5299999999934,-83.48819999999915,0.0,0.0,0.0,0.0,0.0,0.0,0.0,0.0,0.0,0.0,0.0,7388.62999999999,-42.01050000000092,0.0,0.0,0.0,0.0,0.0,0.0,0.0,0.0,0.0,999.0000000000288,999.0000000000288,1.000000000000001,-9.040756762236056,gaze,0.4320630323607431,0.4451507798049787,216.875434238062,175.58061014271632,196.1168102598579,-37.37137642308858,-16.702016532440215,-32.23199512607541,0.0028229603231451,-0.0538095008893174,1.0064410823470802,5.14320428775653,22.53937309894162,-16.230353410625973,-22.42662172311973,0.4964394319505827,0.4552075278188191,0.7317360897873214,3.898439266205075,-21.198474850118764,-16.999207095139504,-29.478374883135697,0.1689919009462135,0.1489621636156186,0.8880645351297427,4.792288064956665,333.7117103809785,False,-1.0,imu,-0.4311922775818863,-9.599632888979432,2.546258147329638,1.4519900937264156,0.3641305348368787,-4.77849636822792,97.30761611164075,-38.23879773003601,133.88649001292887,387.3862467507004,-23.343036520095424,False,0.9879449476186022,-0.1548056215868064,396.3233550177297,-29.496654440146056,4.695921133223261,-7.120305851886627,False,inf
58.403322,-858.119983166557,-16.073699149890956,394.92116487615306,-28.923280621767503,4.231209258217657,1.299490691126921,-7.042216381949721,-29040.505125476047,0.6885994490804144,1.3010540514177005,20770095.84677674,2.5213654476106173,4.231209258217657,-19289409481.163013,5.745809437781281,-0.0525573281566499,39.08331901912932,9.360742736306506,-910.1641836361648,-3.1589156588259577,38.71101944482746,-7.042216381949721,-1301891558.1003602,98.06886294183784,30.078349528028223,3.023817935268431,-17708.175937851804,7480757181.68026,3.000000000000046,-0.8579830000000039,-162850.71863306544,-0.7866703947840249,387.38814719689776,-23.34161594414158,0.0,-5.825459863280163e-21,0.0,5.7561050995117e-20,-25.09493113825417,0.0707985001689456,-25.09493113825417,0.0,-31.00668514241972,0.0,0.0,2810.819999999986,-14.617700000000056,0.0,0.0,0.0,0.0,0.0,0.0,0.0,0.0,0.0,0.0,0.0,3785.5299999999934,-83.48819999999915,0.0,0.0,0.0,0.0,0.0,0.0,0.0,0.0,0.0,0.0,0.0,7388.62999999999,-42.01050000000092,0.0,0.0,0.0,0.0,0.0,0.0,0.0,0.0,0.0,999.0000000000286,999.0000000000286,1.000000000000001,-9.07511295794013,gaze,0.4322510647944768,0.4452504458463568,205.50724444851025,165.83347393635822,196.65455271570465,-37.408420868393534,-16.692824978334727,-32.23188033566275,0.0022471458477505,-0.0537466453764467,1.006565619649044,5.145591200906176,22.4196744236,-16.28434303438156,-22.46046170113612,0.4963910272645187,0.4555654002255601,0.7316791743908259,3.9107591527129135,-19.48114446958531,-16.810971950321623,-28.676179712989608,0.1773183145293758,0.151841680055865,0.9116654356526293,4.616603894069078,353.21884884109147,False,-0.9105063364450836,imu,-0.3876030144000001,-9.597959828800002,2.4966897872,1.368382,-0.3294940500000001,-6.636684199999999,97.3325579344392,-38.2466352271901,133.88714594671407,387.38814719689776,-23.34161594414158,False,0.9877864037601266,-0.15581405760276,396.3578313853076,-29.50379620422314,4.689314989616151,-7.042216381949722,False,inf
58.411786,-883.2223013541777,-16.354638651661407,395.026508115805,-28.95170214932745,4.2881812307352725,1.3455431887677567,-6.796854134583988,-30178.01461364701,0.7030155012384391,1.347144834846414,21513020.66504781,2.5717275476431185,4.2881812307352725,-19999735289.42977,5.799181302280859,-0.0538386794870947,39.34227815509135,9.494103171408833,-936.7175035226038,-3.2331659552901453,38.96560131014631,-6.796854134583988,-1349737265.6109056,99.4585975921528,30.583812322424727,3.0599356066653947,-18279.170326706982,7755662193.56876,3.000000000000048,-0.8579830000000039,-168110.34455753455,-0.7994171080933014,387.3941348113658,-23.337128592087787,0.0,-5.923946464990324e-21,0.0,5.853419167658417e-20,-25.502539122776177,0.0719456768188582,-25.502539122776177,0.0,-31.51278574117845,0.0,0.0,2810.819999999987,-14.617700000000056,0.0,0.0,0.0,0.0,0.0,0.0,0.0,0.0,0.0,0.0,0.0,3785.529999999993,-83.48819999999913,0.0,0.0,0.0,0.0,0.0,0.0,0.0,0.0,0.0,0.0,0.0,7388.629999999992,-42.01050000000092,0.0,0.0,0.0,0.0,0.0,0.0,0.0,0.0,0.0,999.0000000000292,999.0000000000292,1.000000000000001,-9.182546625025346,gaze,0.432804173649043,0.4455243740894907,169.40753945939846,130.38062206312796,188.32337542412031,-37.52022019781232,-16.665043726005983,-32.22959740624725,0.0004719822559934,-0.0535119322392601,1.0069322847815854,5.152747204025651,22.202886753093427,-16.424870850736497,-22.53742521474443,0.4962122711128374,0.4565937887761567,0.7315346594028975,3.948406386179304,-13.943042650759098,-16.847820045836055,-28.17714470280235,0.180225450274216,0.1536350218381869,0.91087641420252,4.63314641808727,433.7049030111946,False,-0.9265810283206144,imu,-0.3923882368,-9.597361676,2.5176251352,1.15902852,-0.4117400600000001,-6.73388403,97.4142692433822,-38.27079622937235,133.88785022384712,387.3941348113658,-23.337128592087787,False,0.9872811994623856,-0.1589837513336285,396.4656474318165,-29.5260600770257,4.66799259317041,-6.796854134583988,False,inf
58.420249,-908.8967237179482,-16.638918250495735,395.1326406984567,-28.980282326632448,4.345694770277887,1.392255076942539,-6.547918821653525,-31344.401575485244,0.7176436877032746,1.3938956369200914,22276959.6607513,2.622656865705097,4.345694770277887,-20730746031.528763,5.852895853562946,-0.0551410057466641,39.602726527360375,9.6287287494843,-963.8745092402062,-3.308417728449504,39.22164373083995,-6.547918821653525,-1398973478.7750802,100.86147285345716,31.095484110586,3.096513766523679,-18864.40449269973,8038556052.758053,3.00000000000005,-0.8579830000000048,-173503.96952065625,-0.8123086308711683,387.4002341228016,-23.332540004987138,0.0,-6.0236584968830955e-21,0.0,5.951944076528646e-20,-25.914555254406903,0.0731058859669213,-25.914555254406903,0.0,-32.02434839919974,0.0,0.0,2810.819999999989,-14.617700000000069,0.0,0.0,0.0,0.0,0.0,0.0,0.0,0.0,0.0,0.0,0.0,3785.529999999995,-83.48819999999915,0.0,0.0,0.0,0.0,0.0,0.0,0.0,0.0,0.0,0.0,0.0,7388.629999999996,-42.01050000000096,0.0,0.0,0.0,0.0,0.0,0.0,0.0,0.0,0.0,999.0000000000304,999.0000000000304,1.0000000000000018,-9.290766574643108,gaze,0.4333096713925107,0.4457444880229477,152.57130055705014,103.0197186054545,177.52637813842222,-37.626808644093565,-16.638491235249305,-32.22480575503703,-0.0012780198135965,-0.053219089259901,1.0072678081337816,5.159496802188122,22.19539421025229,-16.527468861227273,-22.576494819565152,0.4959916515498329,0.4574951126986226,0.73143870849034,3.985017778763478,-6.730969408069455,-16.888109628774775,-27.67025994616812,0.1830830911925065,0.1554062418979582,0.910094584582342,4.649212974671495,500.4268679941039,False,-0.9368514357652152,imu,-0.4181088072000001,-9.588389384,2.527793732800001,0.8749059399999999,-0.5014629800000003,-6.771268579999999,97.50153719568698,-38.29461228249483,133.88662575479984,387.4002341228016,-23.332540004987138,False,0.9867576415229018,-0.1622015933835435,396.5742618598281,-29.54838216564518,4.645487833839019,-6.547918821653525,False,inf
58.420582,-909.9188474150664,-16.650173347999548,395.1368332459115,-28.98141021450334,4.347969061095811,1.394106763368777,-6.538049744382441,-31390.896884152666,0.7182236757695011,1.3957488675363146,22307456.591273792,2.624672594612848,4.347969061095811,-20759940578.45393,5.855016556760313,-0.0551926839988511,39.61300574395108,9.634052271865928,-964.9556255969428,-3.3113994864382144,39.23174898497051,-6.538049744382441,-1400939780.105821,100.91694610643498,31.115746168325806,3.0979625942823725,-18887.728333416468,8049853713.810295,3.000000000000048,-0.8579830000000044,-173718.98457238398,-0.8128188912507796,387.4004764262751,-23.332357362955264,0.0,-6.027607386284014e-21,0.0,5.955845952368587e-20,-25.93085875196834,0.0731518082958567,-25.93085875196834,0.0,-32.044590725847186,0.0,0.0,2810.819999999986,-14.617700000000047,0.0,0.0,0.0,0.0,0.0,0.0,0.0,0.0,0.0,0.0,0.0,3785.529999999992,-83.4881999999991,0.0,0.0,0.0,0.0,0.0,0.0,0.0,0.0,0.0,0.0,0.0,7388.629999999988,-42.01050000000095,0.0,0.0,0.0,0.0,0.0,0.0,0.0,0.0,0.0,999.0000000000296,999.0000000000296,1.000000000000001,-9.295041195905233,gaze,0.1216280384302321,0.0559525983884927,152.4718560624845,102.2586525586922,180.1702039913342,-37.63089746073424,-16.637471216666253,-32.22457295278476,-0.0013463722609464,-0.0532063960926422,1.007280382897742,5.159754186400764,23.03863369041201,-15.82411816365009,-22.28991281098572,0.4834224065818248,0.4410294061469756,0.7561718321441779,4.365028858184814,-6.3630900716261936,-16.677441832454534,-27.07605891973719,0.2818251394120326,0.2592398708411201,0.8272362437699035,4.636436939239502,501.838043284354,False,-1.0,imu,-0.434957890937325,-9.603787267284574,2.5327760739913936,1.7432236274156048,-0.0263641140872528,-4.987339777330066,97.50507368282588,-38.29554243349626,133.88653981200608,387.4004764262751,-23.332357362955264,False,0.9883578653646236,-0.1521470669184412,396.5785522398964,-29.549261728882875,4.74810901328665,-6.538049744382442,False,inf
58.428713,-935.1590312792672,-16.926631223789908,395.2395931241854,-29.00902860559801,4.403767182661334,1.4396435265613263,-6.295324054010244,-32540.476230183616,0.7324895959460478,1.441323643531288,23062539.80419721,2.6741694300073613,4.403767182661334,-21483066700.657234,5.9069672786211385,-0.056464807783672,39.86473171227446,9.764659831735086,-991.6518438706856,-3.3846969564099485,39.47921315744436,-6.295324054010244,-1449642174.509491,102.27790876257328,31.613539818322906,3.133565147204603,-19464.2806170742,8329679922.5448,3.000000000000048,-0.8579830000000048,-179035.4298998181,-0.8253491836585144,387.4064473639987,-23.32784832883602,0.0,-6.1246304292697434e-21,0.0,6.051713886045292e-20,-26.331110983807303,0.0742795074519302,-26.331110983807303,0.0,-32.54153603787572,0.0,0.0,2810.819999999987,-14.61770000000006,0.0,0.0,0.0,0.0,0.0,0.0,0.0,0.0,0.0,0.0,0.0,3785.5299999999934,-83.48819999999913,0.0,0.0,0.0,0.0,0.0,0.0,0.0,0.0,0.0,0.0,0.0,7388.62999999999,-42.010500000000974,0.0,0.0,0.0,0.0,0.0,0.0,0.0,0.0,0.0,999.0000000000304,999.0000000000304,1.0000000000000016,-9.3998036662813,gaze,0.4337688130108412,0.4459121388784671,159.8151918961919,91.79683212371492,176.9340527567941,-37.72828885809713,-16.61314005234566,-32.218003822740656,-0.0030035603833952,-0.0528693882364487,1.0075728820474912,5.165848420142409,22.36516347826321,-16.59666857969904,-22.5837335144696,0.4957299997359287,0.4582721905010192,0.731390303925288,4.020617164756072,0.5340142296442157,-16.931231971112904,-27.16065748541721,0.185892145555263,0.1571557954588101,0.9093198072837124,4.6648139587779225,498.8636624333871,False,-0.9417639441006868,imu,-0.4199032656,-9.5357519376,2.5008768568,0.620691,-0.5687551700000002,-6.74136094,97.59359056031754,-38.31809172079442,133.8835918993323,387.4064473639987,-23.32784832883602,False,0.986214976253728,-0.1654690926211261,396.6837047987442,-29.57076739845718,4.621760912260449,-6.295324054010243,False,inf
58.437176,-962.012837963712,-17.217735798785274,395.3473455640773,-29.037934893309725,4.462388475164457,1.4877035046444118,-6.039101840281255,-33766.49690985493,0.7475518609410269,1.489423818168066,23870028.08059924,2.726257075577456,4.462388475164457,-22256978210.311512,5.961384296849701,-0.0578099668244107,40.12823783242452,9.901872879428504,-1020.0532803563996,-3.461993846370694,39.73825467633227,-6.039101840281255,-1501762152.8423684,103.7076594894798,32.13791131771254,3.171085102318901,-20078.923993226257,8629141799.717194,3.0000000000000515,-0.8579830000000048,-184706.01218376093,-0.8385368647996735,387.4127738606768,-23.323053899950708,0.0,-6.2268493678427515e-21,0.0,6.152715855412628e-20,-26.75214212501383,0.075466370128245,-26.75214212501383,0.0,-33.06426867465976,0.0,0.0,2810.819999999987,-14.61770000000007,0.0,0.0,0.0,0.0,0.0,0.0,0.0,0.0,0.0,0.0,0.0,3785.5299999999934,-83.48819999999915,0.0,0.0,0.0,0.0,0.0,0.0,0.0,0.0,0.0,0.0,0.0,7388.629999999994,-42.01050000000099,0.0,0.0,0.0,0.0,0.0,0.0,0.0,0.0,0.0,999.0000000000308,999.0000000000308,1.0000000000000018,-9.509637443605715,gaze,0.4341826132232274,0.4460285723902814,164.42008663055918,85.25547697990699,187.97771490365992,-37.82471417545476,-16.588975179722013,-32.20966404165317,-0.0047045157017714,-0.0524642394601049,1.007848041666788,5.17180732797361,22.682478796955262,-16.636688525705857,-22.564713025411745,0.4954282527371684,0.4589274192650174,0.7313884713347629,4.0552111931011785,6.652509262636145,-16.97659063609854,-26.65360721980941,0.1886521838862064,0.1588833070053328,0.908552309400664,4.679952232551709,408.0254232585106,False,-0.9417456336517388,imu,-0.4342589328000001,-9.4765348104,2.5074565376,0.28423005,-0.53884753,-6.51705364,97.6896511166498,-38.34123168720132,133.87886618256493,387.4127738606768,-23.323053899950708,False,0.9856526835761614,-0.1687862179181451,396.7939548422,-29.5932101371746,4.596782264184597,-6.039101840281255,False,inf
58.440674,-973.2882770741136,-17.3390643343028,395.392121362658,-29.04993057901315,4.486781525653974,1.5077672903878283,-5.932123167185608,-34282.16226118244,0.7538417350519875,1.5095044078291275,24210319.446619067,2.747957074130256,4.486781525653974,-22583298999.46693,5.983979561718698,-0.0583722886869379,40.237601284121006,9.958968091513968,-1031.97809616876,-3.4942446619655483,39.845764183678135,-5.932123167185608,-1523737769.7176282,104.3025750205506,32.35652438456124,3.186732276510745,-20337.370803531667,8755405308.098846,3.0000000000000497,-0.8579830000000044,-187091.26575061755,-0.8440314104353068,387.4154222624084,-23.3210418707086,0.0,-6.2694696616943136e-21,0.0,6.194828732650284e-20,-26.927495915094383,0.0759608672962887,-26.927495915094383,0.0,-33.28197634899091,0.0,0.0,2810.819999999985,-14.61770000000006,0.0,0.0,0.0,0.0,0.0,0.0,0.0,0.0,0.0,0.0,0.0,3785.5299999999934,-83.48819999999907,0.0,0.0,0.0,0.0,0.0,0.0,0.0,0.0,0.0,0.0,0.0,7388.629999999988,-42.01050000000099,0.0,0.0,0.0,0.0,0.0,0.0,0.0,0.0,0.0,999.0000000000308,999.0000000000308,1.000000000000001,-9.555272586413574,gaze,0.1244326457247023,0.1706408498010702,156.8042001013088,79.4008226736411,189.043729345626,-37.86311478661276,-16.579327860524664,-32.20587255860232,-0.0054005144271952,-0.0522808826517408,1.0079531880764323,5.174157415766316,22.91505286429026,-15.63050545108001,-22.44939493430945,0.5000649183132239,0.3549341699201345,0.7899093697985192,4.500241279602051,8.442638547869759,-16.309521905455323,-24.709720366742395,0.3989579811323839,0.3480124211527693,0.7748379157866755,4.512611150741577,349.2660426334205,False,-1.0,imu,-0.4386750393827758,-9.607832357090432,2.519572406715116,2.24412587134175,-0.4134191002289155,-5.144350517228257,97.730358466062,-38.35069838819499,133.87644554996652,387.4154222624084,-23.3210418707086,False,0.986424671659896,-0.1642143938291219,396.8397648897204,-29.60250384886455,4.648576357564606,-5.932123167185607,False,inf
58.44564,-989.4744191984934,-17.512327107711208,395.45592895253776,-29.06700872280792,4.521576247477722,1.5364525684026384,-5.779163823935157,-35023.30090190284,0.7628361984320531,1.5382137333860475,24700074.297429264,2.7789361351167785,4.521576247477722,-23053128771.97097,6.016161268077703,-0.0591769958130586,40.39331320190411,10.040408937987808,-1049.0959823835806,-3.540334936814957,39.99883546232991,-5.779163823935157,-1555376948.0146832,105.1511521733922,32.66877711343175,3.209086629251005,-20708.75018391147,8937191794.274895,3.00000000000005,-0.8579830000000044,-190519.6828269928,-0.8518759767718115,387.4192159045488,-23.31815481006129,0.0,-6.3303504964911986e-21,0.0,6.254984749635791e-20,-27.17778259469561,0.0766668612087178,-27.17778259469561,0.0,-33.59271228203961,0.0,0.0,2810.819999999985,-14.617700000000063,0.0,0.0,0.0,0.0,0.0,0.0,0.0,0.0,0.0,0.0,0.0,3785.529999999992,-83.48819999999907,0.0,0.0,0.0,0.0,0.0,0.0,0.0,0.0,0.0,0.0,0.0,7388.62999999999,-42.01050000000099,0.0,0.0,0.0,0.0,0.0,0.0,0.0,0.0,0.0,999.0000000000314,999.0000000000314,1.000000000000001,-9.62029919707842,gaze,0.43455228112467,0.4460950880215537,131.75464862506186,65.17682350716834,204.5499120008308,-37.91618457018019,-16.565970102245917,-32.2002272479186,-0.0063815693555392,-0.0520048619695348,1.008093953644681,5.177381648466805,23.120011496602952,-16.651508882268462,-22.524539560957404,0.4950872067277588,0.4594635106405124,0.7314322333724981,4.088822983916689,11.092235215624555,-17.02364128150352,-26.154006807550044,0.1913640941372696,0.1605892239377802,0.9077919523570684,4.694637874824414,255.32423906648685,False,-0.93720937786487,imu,-0.4444275304,-9.4472253232,2.5116436072,0.41133752,-0.35192478,-6.135731229999999,97.78901963987246,-38.36404032715277,133.87256151823058,387.4192159045488,-23.31815481006129,False,0.985069963373132,-0.1721544866102997,396.90504249317695,-29.615715335066444,4.570510109267302,-5.779163823935157,False,inf
58.454103,-1017.5473223545774,-17.810361994910366,395.56532312689774,-29.096243927842643,4.58132027547523,1.5858854312273718,-5.515543502981096,-36311.14523915388,0.7783411655514645,1.587688098797782,25552947.563191563,2.8321981988090688,4.58132027547523,-23871802113.359783,6.0712867518118765,-0.060565767739292,40.65990123291507,10.180243926019209,-1078.7836516034397,-3.6197100249567695,40.260899905719256,-5.515543502981096,-1610505545.8230028,106.60813534344466,33.20606662958178,3.247564899645698,-21353.88387447805,9253938969.74482,3.0000000000000533,-0.8579830000000046,-196477.72665062075,-0.8653645593457822,387.42577277250336,-23.3131514388674,0.0,-6.4351204447105914e-21,0.0,6.358507357391457e-20,-27.6079663965191,0.077880804276231,-27.6079663965191,0.0,-34.1267846300317,0.0,0.0,2810.819999999985,-14.617700000000063,0.0,0.0,0.0,0.0,0.0,0.0,0.0,0.0,0.0,0.0,0.0,3785.529999999992,-83.48819999999907,0.0,0.0,0.0,0.0,0.0,0.0,0.0,0.0,0.0,0.0,0.0,7388.62999999999,-42.01050000000102,0.0,0.0,0.0,0.0,0.0,0.0,0.0,0.0,0.0,999.000000000032,999.000000000032,1.0000000000000018,-9.731768136164028,gaze,0.4348788284634505,0.446112928256997,51.62038950318385,24.83305694679476,220.9882969901685,-38.00275545605273,-16.544109640827717,-32.190110902490595,-0.0080346042266132,-0.051492665862057,1.0083111557276587,5.182576720711799,23.6524606002838,-16.644838391239922,-22.46788481186193,0.4947078017784492,0.459882870147359,0.7315206119563329,4.12145941922394,13.8102918175621,-17.071848456785418,-25.66682694356016,0.1940274725039877,0.1622731835404019,0.9070389573989136,4.708873867606056,114.67603027788516,False,-0.928553851710796,imu,-0.4378478496000001,-9.440645642400002,2.471567369600001,0.71789083,-0.2397711300000003,-5.83665483,97.89098488950056,-38.38651491315304,133.8647906393564,387.42577277250336,-23.3131514388674,False,0.9844662670109176,-0.1755738281111075,397.0169459425693,-29.638277322590422,4.542914077577919,-5.515543502981096,False,inf
58.460655,-1039.7096718366097,-18.04350431395265,395.6505845085986,-29.118991265755376,4.627962922608121,1.6246335634079272,-5.308882652816109,-37329.96053172089,0.7904991522886095,1.6264688162339915,26229279.507949755,2.8738405673217167,4.627962922608121,-24521449354.401337,6.114209285546655,-0.0616561138267316,40.86735613071453,10.289412061706887,-1102.2197150553056,-3.6818834539720457,40.46483233486667,-5.308882652816109,-1654250065.0692158,107.74556108454698,33.626522247519006,3.277687661436428,-21864.08130089724,9505277341.715551,3.000000000000054,-0.8579830000000057,-201191.7328516704,-0.8759118237087044,387.4309289438628,-23.30920535339024,0.0,-6.517119491652745e-21,0.0,6.43953016317691e-20,-27.944188623475306,0.0788300350787537,-27.944188623475306,0.0,-34.54419557835999,0.0,0.0,2810.819999999987,-14.617700000000074,0.0,0.0,0.0,0.0,0.0,0.0,0.0,0.0,0.0,0.0,0.0,3785.5299999999934,-83.4881999999991,0.0,0.0,0.0,0.0,0.0,0.0,0.0,0.0,0.0,0.0,0.0,7388.629999999994,-42.01050000000103,0.0,0.0,0.0,0.0,0.0,0.0,0.0,0.0,0.0,999.0000000000329,999.0000000000329,1.0000000000000022,-9.818633396056311,gaze,0.5645493242804756,0.574889905916537,-31.78840556172159,-15.58455357334131,235.4468858946609,-36.4030827568068,-16.96540360764115,-32.25331339226644,0.0172354385864977,0.0051573609501192,0.9998381575458908,5.080035209655762,22.97459310341539,-15.60452907922379,-22.55004252041111,0.5291646582359516,0.3144090453837107,0.7881191005520245,4.52190637588501,15.841248464266965,-16.106266851841152,-23.578492677968,0.4592740310169495,0.3881957596053084,0.7484602057828296,4.463212549686432,64.09548234102212,False,-1.0,imu,-0.442304886292948,-9.61172393694334,2.5067959521173586,2.74767242457939,-0.751943734907943,-5.250804715364465,97.97130036867756,-38.4036887156402,133.8578360508708,387.4309289438628,-23.30920535339024,False,0.9792784111052945,-0.2025186251757846,397.1041529442707,-29.655785269836773,4.256060670950524,-5.308882652816109,False,inf
58.462567,-1046.2483289924876,-18.11193747337513,395.675559461303,-29.125648123254365,4.64163845639603,1.6360200428325755,-5.248150526212797,-37630.89494953677,0.7940726084949871,1.6378648798300834,26429321.130160466,2.8860599077415783,4.64163845639603,-24713670290.507214,6.126775282141935,-0.0619768078365052,40.928070982899314,10.321419581612211,-1109.1339846401663,-3.7001462178039866,40.52451591113673,-5.248150526212797,-1667193079.799562,108.0790433286857,33.74996200417063,3.2865331800144,-22014.75434182874,9579642623.919891,3.000000000000054,-0.8579830000000053,-202584.24347195256,-0.8790069981140595,387.4324468159357,-23.308041823085915,0.0,-6.5411951210290746e-21,0.0,6.46331915969656e-20,-28.042829947298337,0.0791085940238028,-28.042829947298337,0.0,-34.66665478428944,0.0,0.0,2810.819999999985,-14.61770000000006,0.0,0.0,0.0,0.0,0.0,0.0,0.0,0.0,0.0,0.0,0.0,3785.529999999993,-83.48819999999907,0.0,0.0,0.0,0.0,0.0,0.0,0.0,0.0,0.0,0.0,0.0,7388.629999999992,-42.01050000000103,0.0,0.0,0.0,0.0,0.0,0.0,0.0,0.0,0.0,999.000000000032,999.000000000032,1.0000000000000016,-9.844075987571824,gaze,0.4351634197016795,0.4460833422233921,-57.56778913208123,-27.92225011159396,234.9953882826936,-38.0845241789913,-16.52336819641195,-32.1797009823217,-0.0096642877729454,-0.0509288188696337,1.008500289537485,5.187400372717861,24.256877911523,-16.62013732461035,-22.39896639111405,0.4942908000086159,0.4601881053677842,0.7316526690639927,4.153142920702949,15.06722814851701,-17.12072915343106,-25.1966105515426,0.1966431867838521,0.163935625393057,0.9062931869501186,4.722669980366834,62.13104190192417,False,-0.9161596821297948,imu,-0.442633072,-9.4322715032,2.4482394104,1.02444414,-0.2397711300000003,-5.65720899,97.9949165468017,-38.40866340454595,133.85566022694525,387.4324468159357,-23.308041823085915,False,0.9838407458065036,-0.1790457675872361,397.1296960688225,-29.6609010790348,4.513950352408625,-5.248150526212797,False,inf
58.47103,-1075.5809127831708,-18.41700898057756,395.7866174543752,-29.155215068804143,4.7025203312867445,1.6868508574316716,-4.977019906407541,-38982.80539765768,0.8100290046440801,1.6887385266656878,27329465.964113846,2.9405126035297613,4.7025203312867445,-25579019585.73236,6.1826152572738025,-0.0634099806814596,41.19776514783465,10.463911272830105,-1140.1506043214456,-3.7816328950604174,40.78962716702468,-4.977019906407541,-1725458704.0440354,109.56361893576404,34.30039016433323,3.325986456311526,-22691.485481841853,9914412786.722183,3.0000000000000524,-0.8579830000000046,-208840.51473441505,-0.8928012732055778,387.4392372621575,-23.302826386521048,0.0,-6.6485606689037626e-21,0.0,6.569406464975939e-20,-28.482305409246784,0.0803500486666813,-28.482305409246784,0.0,-35.21223822904358,0.0,0.0,2810.8199999999824,-14.617700000000056,0.0,0.0,0.0,0.0,0.0,0.0,0.0,0.0,0.0,0.0,0.0,3785.529999999989,-83.48819999999901,0.0,0.0,0.0,0.0,0.0,0.0,0.0,0.0,0.0,0.0,0.0,7388.629999999986,-42.01050000000103,0.0,0.0,0.0,0.0,0.0,0.0,0.0,0.0,0.0,999.0000000000324,999.0000000000324,1.000000000000001,-9.957201621731258,gaze,0.4354070627853905,0.4460075681964766,-168.4261176094237,-80.42988618456339,246.0509906480829,-38.16154813391177,-16.503730425034764,-32.16936191070982,-0.011270509286622,-0.0503147298753048,1.0086618949487451,5.191858007128632,24.912102865429453,-16.580628796503724,-22.32161489387299,0.4938371437926777,0.4603816282399199,0.7318274236847204,4.183880591047945,15.23813065632086,-17.16980687600185,-24.747899476602747,0.1992108585620597,0.1655761995074684,0.9055548563966576,4.736029309500649,100.89561497237185,False,-0.900397637772357,imu,-0.4372496968000001,-9.4215047528,2.4249114512,1.34595127,-0.37435551,-5.76936264,98.1001685844335,-38.43048320106927,133.84527822226238,387.4392372621575,-23.302826386521048,False,0.9831928217047904,-0.1825701929345868,397.2432706535444,-29.683580905464808,4.483587772283281,-4.977019906407541,False,inf
58.479494,-1105.5623733542477,-18.72567543643456,395.8985289254631,-29.184952461812017,4.7639840986398525,1.7383962235087784,-4.702059270157818,-40367.770036751404,0.8262163328500567,1.7403274038754923,28254079.381797142,2.995573239571546,4.7639840986398525,-26468546538.42704,6.2388213869898665,-0.0648658239920007,41.469053534120384,10.607761438943909,-1171.8517527595045,-3.864197740479649,41.05630231336616,-4.702059270157818,-1785349194.186795,111.0623037717246,34.85753693642661,3.3659382683199675,-23384.520624359506,10258518189.653551,3.0000000000000533,-0.8579830000000046,-215250.7769656803,-0.906751854518598,387.446146523014,-23.297503110124296,0.0,-6.7572537326790084e-21,0.0,6.676805481302389e-20,-28.92653173378198,0.0816055704851904,-28.92653173378198,0.0,-35.763707165577856,0.0,0.0,2810.819999999984,-14.617700000000056,0.0,0.0,0.0,0.0,0.0,0.0,0.0,0.0,0.0,0.0,0.0,3785.5299999999897,-83.48819999999898,0.0,0.0,0.0,0.0,0.0,0.0,0.0,0.0,0.0,0.0,0.0,7388.629999999988,-42.010500000001045,0.0,0.0,0.0,0.0,0.0,0.0,0.0,0.0,0.0,999.0000000000329,999.0000000000329,1.0000000000000016,-10.071177206919796,gaze,0.4356108787791808,0.4458868063732891,-259.5270542671982,-122.74087633459467,254.00760568092332,-38.23392208710731,-16.48517162155901,-32.15942749933511,-0.0128539203989045,-0.0496515167324545,1.0087965891988475,5.195957164257544,25.599247657144605,-16.52928410670274,-22.2392267008188,0.493347562111721,0.4604659450231498,0.7320439760796443,4.213694169013321,14.681041393112118,-17.2186569549522,-24.324761217840297,0.2017313356488632,0.1671953376484317,0.9048238292279908,4.748961321788837,149.59795291172034,False,-0.881617335892676,imu,-0.4492127528000001,-9.4316733504,2.4219206872,1.77213514,-0.6285704500000002,-5.829177919999999,98.20617655340595,-38.45198207865259,133.83374528166695,387.446146523014,-23.297503110124296,False,0.9825215952656438,-0.18614863640826,397.3577009524613,-29.706321808461805,4.451780429530998,-4.702059270157818,False,inf
58.480748,-1110.0598681808735,-18.771710856758084,395.9151812023306,-29.189372505981343,4.773139495851136,1.746093680631439,-4.660997173997572,-40575.79534180276,0.8286342147270471,1.7480313651529324,28393169.2844842,3.0037822655773843,4.773139495851136,-26602414210.237083,6.247179388672401,-0.0650834433093716,41.5093800423363,10.629188487190929,-1176.6070802247652,-3.876521695701083,41.09594279934039,-4.660997173997572,-1794362038.9647148,111.28553500910478,34.94065142857315,3.371899671013704,-23488.59597820936,10310302132.092987,3.0000000000000533,-0.8579830000000044,-216213.70651749545,-0.9088319599457734,387.4471802649367,-23.2967052616591,0.0,-6.7734698871679136e-21,0.0,6.692828574031641e-20,-28.99274875958008,0.0817927754223068,-28.99274875958008,0.0,-35.84590886762515,0.0,0.0,2810.819999999981,-14.61770000000006,0.0,0.0,0.0,0.0,0.0,0.0,0.0,0.0,0.0,0.0,0.0,3785.5299999999897,-83.48819999999898,0.0,0.0,0.0,0.0,0.0,0.0,0.0,0.0,0.0,0.0,0.0,7388.629999999986,-42.01050000000103,0.0,0.0,0.0,0.0,0.0,0.0,0.0,0.0,0.0,999.0000000000329,999.0000000000329,1.000000000000001,-10.088134967195645,gaze,0.4356377496402965,0.4458651623841439,-270.4280011489729,-127.71971242737092,254.91719207237668,-38.24425314537794,-16.48251276652465,-32.15800943936513,-0.0130865737690543,-0.0495491611719429,1.0088142894275325,5.196534338634293,25.70269344289689,-16.52084110948505,-22.226782099387982,0.4932720265502779,0.4604692949787287,0.7320795564312051,4.218033221263231,13.07981390933552,-15.913196652720856,-24.046995233877983,0.4188957911020911,0.318582259744675,0.8133532769972183,4.555413643519084,152.79823133872614,False,-1.0,imu,-0.4458902948415031,-9.615506157428948,2.4943061688614163,3.07778530070898,-1.0137637860778417,-5.315391796395796,98.2219112347652,-38.455139928303375,133.8319449562003,387.4471802649367,-23.2967052616591,False,0.9824201264371364,-0.1866834089340586,397.3747265037025,-29.7096959757991,4.4469429740223125,-4.660997173997572,False,inf
58.487957,-1136.1961033240532,-19.03789084734551,396.0112730294789,-29.214853987392885,4.826019061221264,1.7906503304858696,-4.423305170628538,-41786.04218178056,0.8426329888100682,1.792625696593571,29203433.928140868,3.051232905160425,4.826019061221264,-27382539713.2454,6.295381906775521,-0.066344193753798,41.74187811566138,10.752944889523004,-1204.2409662085386,-3.947829708656934,41.32448433100063,-4.423305170628538,-1846883854.3199325,112.57483483837574,35.42132670107888,3.406383412538954,-24093.98268817961,10612069723.830776,3.000000000000057,-0.8579830000000057,-221816.3064592271,-0.920856661460323,387.453173775491,-23.29207246253101,0.0,-6.867259959816732e-21,0.0,6.785502027010646e-20,-29.37543921026204,0.0828749722297641,-29.37543921026204,0.0,-36.32097475359701,0.0,0.0,2810.819999999987,-14.61770000000008,0.0,0.0,0.0,0.0,0.0,0.0,0.0,0.0,0.0,0.0,0.0,3785.5299999999934,-83.48819999999907,0.0,0.0,0.0,0.0,0.0,0.0,0.0,0.0,0.0,0.0,0.0,7388.629999999994,-42.0105000000011,0.0,0.0,0.0,0.0,0.0,0.0,0.0,0.0,0.0,999.0000000000346,999.0000000000346,1.0000000000000029,-10.18598126965056,gaze,0.4357758710180964,0.445722289886582,-317.38661163877856,-148.64930930265848,258.7863755772752,-38.30170531791386,-16.46767629343917,-32.150211117879785,-0.0144144165931983,-0.0489405861139307,1.008904913826822,5.199703304958783,26.301013811341235,-16.468865359470936,-22.15485105263383,0.4928229989575894,0.4604434720994776,0.732301343073042,4.24259096578399,13.69185072733393,-17.266859762702023,-23.9311795239002,0.204204264734454,0.1687927024806366,0.9041003149603876,4.761469222618757,141.44683247347996,False,-0.8601621659901747,imu,-0.4533998224,-9.4645717544,2.4123502424,2.57964142,-0.7108164600000002,-5.74693191,98.31235780985696,-38.473157561953954,133.82116456015507,387.453173775491,-23.29207246253101,False,0.981826458168122,-0.1897809422493241,397.4729643313137,-29.72911806171711,4.418496388890681,-4.423305170628538,False,inf
58.492003,-1151.0762938206576,-19.188429747038096,396.0654743316403,-29.22920877807107,4.8558822917049,1.8158864468448468,-4.288678081035506,-42476.08773908019,0.8505638297400331,1.817883179230746,29666226.9625286,3.0780578731396133,4.8558822917049,-27828330885.06536,6.322550415744514,-0.0670590523280882,41.87286621850821,10.822833979463562,-1219.9733004189588,-3.988195509933732,41.453242335034666,-4.288678081035506,-1876895675.4984145,113.30292842113607,35.69325056338186,3.4258966739859025,-24439.08014024532,10784504460.095818,3.000000000000055,-0.8579830000000048,-225011.1083574267,-0.92765532916506,387.4565755836264,-23.28943778524546,0.0,-6.920323653984391e-21,0.0,6.837933970230496e-20,-29.591736100240084,0.0834868374232467,-29.591736100240084,0.0,-36.58947825604616,0.0,0.0,2810.819999999981,-14.61770000000006,0.0,0.0,0.0,0.0,0.0,0.0,0.0,0.0,0.0,0.0,0.0,3785.5299999999897,-83.48819999999895,0.0,0.0,0.0,0.0,0.0,0.0,0.0,0.0,0.0,0.0,0.0,7388.629999999988,-42.01050000000106,0.0,0.0,0.0,0.0,0.0,0.0,0.0,0.0,0.0,999.0000000000332,999.0000000000332,1.000000000000001,-10.24116597581795,gaze,0.4358413466198284,0.4456285222710583,-331.1480296318586,-154.26769550951633,259.9423546600533,-38.33251455973544,-16.459681305255494,-32.14614271691741,-0.0151525086018442,-0.0485841789089036,1.0089475569209672,5.2013715762315735,26.63717445068306,-16.43751799488803,-22.11459731829996,0.4925600756153649,0.4603957078736391,0.732438544463054,4.256087482431363,13.131666849541071,-17.289565865893774,-23.754493214461807,0.2053699027976594,0.1695487609296272,0.9037570507231232,4.767301529363268,124.03281221222748,False,-0.8490543710622916,imu,-0.4478711102075006,-9.617567558527533,2.487467750720793,3.13455065509697,-1.117275771541987,-5.336835152091485,97.9993908,-38.27570600000001,134.6393272,387.4565755836264,-23.28943778524546,False,0.9814854214597384,-0.1915368566673256,397.5283699564318,-29.740036920371256,4.402049175639958,-4.288678081035505,False,inf
58.496421,-1167.4999325291649,-19.35375606654172,396.12488203648127,-29.24492742602904,4.888643722511854,1.843631931948526,-4.140663184452691,-43238.54440859146,0.8592850862591455,1.84565217487212,30178251.61620972,3.107508869958658,4.888643722511854,-28321720784.463173,6.352311703543901,-0.0678456403662556,42.01630945343524,10.899504773603432,-1237.3370450373995,-4.0325570683855245,41.59424260080666,-4.140663184452691,-1910111145.8297584,114.10166110962685,35.99194902856129,3.447335706207535,-24820.32940109528,10975345805.268536,3.000000000000056,-0.857983000000005,-228541.47986321096,-0.9351202494365772,387.4603214926535,-23.286532368169617,0.0,-6.978616741769527e-21,0.0,6.895533048386967e-20,-29.829169359483515,0.0841586638761884,-29.829169359483515,0.0,-36.88421637286829,0.0,0.0,2810.819999999985,-14.61770000000007,0.0,0.0,0.0,0.0,0.0,0.0,0.0,0.0,0.0,0.0,0.0,3785.5299999999897,-83.48819999999901,0.0,0.0,0.0,0.0,0.0,0.0,0.0,0.0,0.0,0.0,0.0,7388.62999999999,-42.01050000000109,0.0,0.0,0.0,0.0,0.0,0.0,0.0,0.0,0.0,999.0000000000346,999.0000000000346,1.0000000000000018,-10.30164642513662,gaze,0.4359031183820966,0.4455151713849553,-335.40172853120714,-155.19056759900664,260.374818622506,-38.36499006116152,-16.451220607646416,-32.14199705741589,-0.015952633971731,-0.0481830073982852,1.0089874623219863,5.203103688822687,27.002257643438707,-16.401885366384228,-22.07112968938447,0.4922641510748876,0.4603166171049435,0.7325986621857452,4.270592052479356,12.48144934910505,-17.314046028870806,-23.570625321236605,0.2066304738115163,0.1703687179614388,0.9033841782120832,4.773562182665019,109.64355362984712,False,-0.8363519447313553,imu,-0.4492127528000001,-9.522592576,2.398592728,3.3123786,-0.8528777500000002,-5.589916799999999,98.41821079972476,-38.49401724614051,133.80763089241785,387.4603214926535,-23.286532368169617,False,0.9811064579725218,-0.1934686489450223,397.5890924248524,-29.751974700537065,4.3836875982084855,-4.140663184452691,False,inf
58.500728,-1183.6885408316016,-19.515883383857258,396.1830219913006,-29.260295502587653,4.920735797153548,1.870871203187736,-3.99534847999626,-43990.93410997465,0.8678490578470881,1.872914547433188,30684192.83459828,3.136380929321823,4.920735797153548,-28809426503.55862,6.3814207573653565,-0.0686185255722966,42.15656332468732,10.974608097884698,-1254.4518751028322,-4.076091015993939,41.73210700256928,-3.99534847999626,-1942943121.1458883,114.88405267845572,36.284932281748326,3.4683689788137344,-25196.48325532573,11163983605.367027,3.000000000000057,-0.8579830000000053,-232025.56840038588,-0.942439147836486,387.46400487951473,-23.28367120197359,0.0,-7.035799066135022e-21,0.0,6.952034587318633e-20,-30.061897558578583,0.0848173486694412,-30.061897558578583,0.0,-37.173110471797614,0.0,0.0,2810.819999999984,-14.617700000000069,0.0,0.0,0.0,0.0,0.0,0.0,0.0,0.0,0.0,0.0,0.0,3785.529999999989,-83.48819999999901,0.0,0.0,0.0,0.0,0.0,0.0,0.0,0.0,0.0,0.0,0.0,7388.629999999988,-42.01050000000109,0.0,0.0,0.0,0.0,0.0,0.0,0.0,0.0,0.0,999.0000000000344,999.0000000000344,1.000000000000001,-10.36083107180353,gaze,0.435953701571655,0.4453938072555887,-328.76921467421903,-150.89342223736605,259.97032573255586,-38.39548747395068,-16.44324061291949,-32.13828766846439,-0.0167268339209039,-0.0477800217669857,1.009019747840799,5.204703128616356,27.354441847912003,-16.366035809381753,-22.02953696365222,0.4919668975852096,0.4602127599351275,0.7327649892089153,4.284500060592132,13.07981390933552,-15.913196652720856,-24.046995233877983,0.4188957911020911,0.318582259744675,0.8133532769972183,4.555413643519084,110.44131137417747,False,-1.0,imu,-0.4493933753939441,-9.619137435238478,2.482244679057205,3.103772420418032,-1.1739491725582398,-5.347898069694522,98.47178391671724,-38.50451055181494,133.80040951531493,387.46400487951473,-23.28367120197359,False,0.9807303048322066,-0.1953664996454791,397.6485136525544,-29.76362759057312,4.365377774693198,-3.99534847999626,False,inf
58.504885,-1199.4809838792307,-19.67326160978009,396.2393483273838,-29.275169970624773,4.951854646503833,1.897341335721825,-3.854137348199061,-44725.70536351204,0.8761729465244205,1.8994071474106504,31178926.054162662,3.1643987249700585,4.951854646503833,-29286495831.864525,6.409605639334988,-0.0693701925386021,42.292321497138765,11.04743289273883,-1271.1474682134376,-4.118378546032914,41.86555153653304,-3.854137348199061,-1975058279.924504,115.6426966117198,36.56939433184442,3.488794680933889,-25563.771368144167,11348502755.184502,3.000000000000057,-0.8579830000000048,-235428.3898236335,-0.949542189358968,387.4675896662689,-23.28088266723531,0.0,-7.091322615982955e-21,0.0,7.006897100287751e-20,-30.28770502630133,0.0854566068066743,-30.28770502630133,0.0,-37.45341042159024,0.0,0.0,2810.819999999981,-14.617700000000063,0.0,0.0,0.0,0.0,0.0,0.0,0.0,0.0,0.0,0.0,0.0,3785.529999999988,-83.48819999999893,0.0,0.0,0.0,0.0,0.0,0.0,0.0,0.0,0.0,0.0,0.0,7388.629999999988,-42.01050000000107,0.0,0.0,0.0,0.0,0.0,0.0,0.0,0.0,0.0,999.000000000034,999.000000000034,1.0000000000000009,-10.418164667986842,gaze,0.4359936273724382,0.44526664618703,-312.5968133036375,-142.0493351438128,258.8171748122095,-38.42384407893952,-16.43578717519623,-32.13504892971564,-0.0174686518076187,-0.0473800865831388,1.0090447827388531,5.206164171436063,27.689340632811067,-16.330661700674103,-21.99038169636525,0.4916718914856258,0.4600877659667989,0.7329349908286564,4.29770808877994,11.154456983933244,-17.359856170654883,-23.246359480067195,0.2090099127598885,0.1719232417271936,0.9026755393425242,4.785244867295331,130.96242773888352,False,-0.8105000738568603,imu,-0.4641665728000001,-9.562668813600002,2.398592728,3.925485220000001,-0.8454008399999999,-5.500193879999999,98.52322671184751,-38.51456118716983,133.7932409106882,387.4675896662689,-23.28088266723531,False,0.9803608656416276,-0.1972120004421599,397.7060760483597,-29.774888684023544,4.347316979188513,-3.854137348199061,False,inf
58.513348,-1232.1461730550736,-19.99639639564467,396.354663904237,-29.305578736222884,5.015648136460837,1.951778540271634,-3.5637334090546844,-46247.94412986003,0.8932967926608183,1.953890613252616,32205845.27220755,3.221899786659708,5.015648136460837,-30277265775.467247,6.467258407534528,-0.0709178690666865,42.56988745678549,11.19672043889077,-1305.6794955829832,-4.205292390143335,42.138384826653166,-3.5637334090546844,-2041752119.393696,117.19784903801008,37.15365009441771,3.5307596505308307,-26324.514494820163,11731694892.782503,3.0000000000000577,-0.8579830000000053,-242479.08656959856,-0.9641219834022984,387.4749782338133,-23.27512324888039,0.0,-7.205375544273687e-21,0.0,7.119592168793688e-20,-30.75102695577176,0.0867687562172861,-30.75102695577176,0.0,-38.02853269481268,0.0,0.0,2810.819999999981,-14.61770000000006,0.0,0.0,0.0,0.0,0.0,0.0,0.0,0.0,0.0,0.0,0.0,3785.529999999988,-83.4881999999989,0.0,0.0,0.0,0.0,0.0,0.0,0.0,0.0,0.0,0.0,0.0,7388.629999999986,-42.0105000000011,0.0,0.0,0.0,0.0,0.0,0.0,0.0,0.0,0.0,999.000000000035,999.000000000035,1.0000000000000009,-10.535527614945403,gaze,0.4360484101844124,0.4449779160362422,-252.4676404142252,-111.01234012220247,254.21298542820017,-38.478337038252825,-16.421358305111788,-32.129606312320504,-0.0189625575290017,-0.0465331384319783,1.0090774295320608,5.20889071325694,28.35031090136646,-16.25730448340165,-21.914587904017843,0.4910471013321766,0.459759329260367,0.733309376761022,4.32395003734201,9.728474943152442,-17.403957475851723,-22.961242787118163,0.2113425548115114,0.1734561427512684,0.9019745139987412,4.796522088708331,210.32185856445085,False,-0.7829072409042375,imu,-0.4575868920000001,-9.627867468800002,2.3997890336,4.41148437,-0.8080162900000003,-5.20859439,98.62692695372913,-38.53478957607553,133.77808906709447,387.4749782338133,-23.27512324888039,False,0.9795889423478976,-0.2010112037417991,397.8239056012272,-29.797856946004043,4.309347456022046,-3.5637334090546844,False,inf
58.520819,-1261.562854629994,-20.284723738316227,396.45718418309343,-29.33256477767003,5.072457424727698,2.0004500957954567,-3.3040955824967355,-47621.53268117085,0.908613024428572,2.002603592342487,33134713.6592691,3.2731776164224566,5.072457424727698,-31174018087.229885,6.518458377717676,-0.0723036617879158,42.81624148672744,11.329660426037083,-1336.7759629101636,-4.282941592823828,42.38053583918769,-3.3040955824967355,-2102114431.242172,118.58266893214304,37.67518350343203,3.5682336516216,-27010.77606558893,12078508485.26627,3.000000000000057,-0.8579830000000053,-248842.446650252,-0.9771263729780106,387.48160215753455,-23.26994655847628,0.0,-7.307199338161051e-21,0.0,7.220203697064828e-20,-31.164091170851822,0.0879391226523548,-31.164091170851822,0.0,-38.54125896155601,0.0,0.0,2810.8199999999824,-14.617700000000063,0.0,0.0,0.0,0.0,0.0,0.0,0.0,0.0,0.0,0.0,0.0,3785.529999999988,-83.48819999999887,0.0,0.0,0.0,0.0,0.0,0.0,0.0,0.0,0.0,0.0,0.0,7388.629999999985,-42.0105000000011,0.0,0.0,0.0,0.0,0.0,0.0,0.0,0.0,0.0,999.000000000036,999.000000000036,1.000000000000001,-10.63985155765306,gaze,0.4360678946948013,0.4446905152762443,-173.6958628977391,-71.35673187084116,247.7336456467236,-38.52288470152984,-16.409438706031526,-32.12622514984087,-0.0202633350631803,-0.0457497587570625,1.0090861918319656,5.211025414250976,28.903937645274144,-16.192286438407493,-21.85311274901112,0.4904690927850987,0.4593884835291064,0.7336708207945924,4.346403402465308,8.100404018797276,-15.95773589725624,-24.92553644532412,0.3866324833622242,0.2573586865435247,0.8419439994237383,4.650606036186218,268.76741089600154,False,-1.0,imu,-0.4528555982838909,-9.622659303400624,2.470477787887972,2.7822642575805,-1.222548117513084,-5.360976234221036,98.71703914120894,-38.55238870112227,133.7641507039679,387.48160215753455,-23.26994655847628,False,0.9788848655954532,-0.2044123770914354,397.9286415630819,-29.81818003574728,4.274462488830242,-3.304095582496736,False,inf
58.521812,-1265.51414845032,-20.323264227386268,396.470861723624,-29.336161629340907,5.08004316042612,2.0069629188617326,-3.269353816089712,-47806.22830359265,0.9106629449649146,2.009121962709376,33259769.540436804,3.2800298065734608,5.08004316042612,-31294791242.50965,6.525285163467933,-0.0724892397463579,42.84907903581454,11.347411642011378,-1340.9527893425309,-4.293327762800326,42.41281297384804,-3.269353816089712,-2110243738.0599952,118.76757858113427,37.74491160793781,3.573244856365648,-27103.038766985715,12125215642.271648,3.0000000000000586,-0.8579830000000048,-249698.16346714308,-0.978864317514812,387.48248976164825,-23.26925195131487,0.0,-7.320814060207099e-21,0.0,7.233656328706271e-20,-31.219280588748028,0.0880955338322936,-31.219280588748028,0.0,-38.6097634213399,0.0,0.0,2810.819999999981,-14.617700000000063,0.0,0.0,0.0,0.0,0.0,0.0,0.0,0.0,0.0,0.0,0.0,3785.5299999999897,-83.4881999999989,0.0,0.0,0.0,0.0,0.0,0.0,0.0,0.0,0.0,0.0,0.0,7388.629999999986,-42.01050000000114,0.0,0.0,0.0,0.0,0.0,0.0,0.0,0.0,0.0,999.0000000000356,999.0000000000356,1.000000000000001,-10.653768561810766,gaze,0.4360684846452504,0.4446500647922632,-161.74133309357308,-65.38060141918731,246.70901716926724,-38.52855746624527,-16.40791143241288,-32.12588407049223,-0.0204349644924743,-0.0456431621889222,1.009085961738072,5.211290165624471,28.97505566969163,-16.183695008978894,-21.84538139205611,0.4903904306624356,0.4593335716472048,0.7337210115114727,4.349337996003272,8.453228772696171,-17.446058376480522,-22.71762283975965,0.2136291985555857,0.1749678332988913,0.9012809686058246,4.807402585555657,272.1986000296857,False,-0.7538507693006673,imu,-0.4408386136,-9.701440263200002,2.3973964224,4.84514515,-0.7482010100000003,-4.80484125,98.72889886657052,-38.55470974178934,133.7622618333089,387.48248976164825,-23.26925195131487,False,0.9787896518423882,-0.204867804806554,397.9426132898884,-29.82088456793408,4.269727662584017,-3.2693538160897115,False,inf
58.530275,-1299.588066502054,-20.653815426281216,396.5879200589659,-29.366912145576187,5.145028410148344,2.062887973942935,-2.971039087105268,-49400.8043235559,0.9282695863001996,2.065094693277072,34340974.05400639,3.338779226578492,5.145028410148344,-32339365227.95005,6.583673729561637,-0.0740841382933887,43.129836377250754,11.499479880178797,-1376.9706339550366,-4.382472522089474,42.68877716462468,-2.971039087105268,-2180552729.2364044,120.3516073656329,38.34309666632304,3.616244604556448,-27899.46379864052,12529177555.04161,3.0000000000000577,-0.8579830000000053,-257086.8757658332,-0.9937669544984434,387.4901232976225,-23.263269358467227,0.0,-7.437622526919888e-21,0.0,7.349074129325604e-20,-31.692391392905183,0.0894367383080237,-31.692391392905183,0.0,-39.197009777424825,0.0,0.0,2810.819999999981,-14.617700000000069,0.0,0.0,0.0,0.0,0.0,0.0,0.0,0.0,0.0,0.0,0.0,3785.529999999987,-83.48819999999893,0.0,0.0,0.0,0.0,0.0,0.0,0.0,0.0,0.0,0.0,0.0,7388.629999999986,-42.01050000000112,0.0,0.0,0.0,0.0,0.0,0.0,0.0,0.0,0.0,999.000000000036,999.000000000036,1.0000000000000009,-10.772865153630036,gaze,0.4360548391706262,0.4442843088088803,-49.23663271852392,-9.43241369629187,236.4991306783189,-38.57456893235441,-16.395430762105292,-32.124076929332155,-0.0218857827317834,-0.0447115548029413,1.0090709230978394,5.21336811224267,29.55469072801385,-16.11155338345839,-21.784124084280656,0.4897028246055583,0.4588129122763378,0.7341689097226466,4.373879745327802,8.393100611604353,-17.485871937534124,-22.51752634771254,0.2158695521841403,0.1764580073266656,0.9005950979779381,4.81788981271735,261.8478726767224,False,-0.7236080834504257,imu,-0.4205014184,-9.7570684736,2.3991908808,5.1816061,-0.5014629800000003,-4.33379592,98.82870987151372,-38.57431951133028,133.74585045551177,387.4901232976225,-23.263269358467227,False,0.9779623066442952,-0.2087815288356929,398.0621754114064,-29.843965764994916,4.228423833807221,-2.971039087105268,False,inf
58.538711,-1334.2708160439463,-20.98704354171205,396.7054806729101,-29.39773568437733,5.210405175689708,2.119384726854639,-2.6696963880622206,-51027.210426231846,0.9460637093024648,2.1216396824442514,35446529.149873465,3.3979686208325903,5.210405175689708,-33408181221.140354,6.642244425252853,-0.0756977521275198,43.41129509939045,11.65246002470873,-1413.6303341459893,-4.472455895072733,42.96542781150578,-2.6696963880622206,-2252490077.325269,121.94509001376927,38.94639032023866,3.659628556926164,-28711.55881705513,12942494618.009577,3.0000000000000586,-0.857983000000005,-264624.65671102254,-1.0087845522899874,387.4978556013277,-23.257193603690823,0.0,-7.5554468608175e-21,0.0,7.465495702606948e-20,-32.168917597461714,0.0907882889581946,-32.168917597461714,0.0,-39.78848192988798,0.0,0.0,2810.81999999998,-14.617700000000063,0.0,0.0,0.0,0.0,0.0,0.0,0.0,0.0,0.0,0.0,0.0,3785.529999999988,-83.48819999999887,0.0,0.0,0.0,0.0,0.0,0.0,0.0,0.0,0.0,0.0,0.0,7388.62999999999,-42.01050000000113,0.0,0.0,0.0,0.0,0.0,0.0,0.0,0.0,0.0,999.0000000000364,999.0000000000364,1.0000000000000009,-10.892452768352518,gaze,0.4360086587016074,0.4438830791462662,74.99277700305865,51.975905800355456,223.858281791348,-38.6163257021193,-16.383931172507406,-32.12435210642577,-0.0233109153543975,-0.0437425524928567,1.0090330137782149,5.215125821333838,30.0804200118802,-16.042599237216905,-21.7320150542462,0.4889873271344441,0.4582017031872725,0.7346506411207536,4.397517653411943,11.238541163173773,-17.52303596628876,-22.362836460849767,0.2180572092764409,0.1779222445145337,0.8999190012134696,4.827959438665028,206.22010866500776,False,-0.6925340203592377,imu,-0.4091365152000001,-9.80970592,2.423715145600001,5.06197554,-0.6061397200000003,-4.08705789,98.92568572902144,-38.59356267192062,133.728992759274,387.4978556013277,-23.257193603690823,False,0.9771086939975274,-0.2127406874917118,398.18222465018886,-29.86702901010325,4.185527624628366,-2.66969638806222,False,inf
58.5408,-1342.9712336304017,-21.07013924543988,396.7347278409184,-29.405394968875576,5.226687182504183,2.13349142046569,-2.594457993515228,-51435.72176159173,0.950507897199907,2.1357584314171967,35724646.00302769,3.4127228899415494,5.226687182504183,-33677166749.56752,6.656805236127912,-0.0761010249639511,43.48123952017458,11.69055888129722,-1422.8264197516437,-4.494912609357965,43.034176942821006,-2.594457993515228,-2270593804.2050786,122.34193107844688,39.09687233277007,3.670452606674834,-28915.501447940464,13046509745.37964,3.000000000000062,-0.8579830000000062,-266518.20462766464,-1.0125285553652164,387.4997894293243,-23.25567166467725,0.0,-7.584839106205008e-21,0.0,7.494538017852323e-20,-32.28768312574909,0.0911252409632182,-32.28768312574909,0.0,-39.935893550199445,0.0,0.0,2810.819999999984,-14.617700000000076,0.0,0.0,0.0,0.0,0.0,0.0,0.0,0.0,0.0,0.0,0.0,3785.5299999999897,-83.48819999999893,0.0,0.0,0.0,0.0,0.0,0.0,0.0,0.0,0.0,0.0,0.0,7388.62999999999,-42.01050000000117,0.0,0.0,0.0,0.0,0.0,0.0,0.0,0.0,0.0,999.0000000000372,999.0000000000372,1.0000000000000022,-10.922201131004972,gaze,0.2783676747854999,0.2617171195420853,106.5138031740733,67.5203579629773,219.983788972022,-38.6260409598249,-16.381226566687104,-32.12475830006943,-0.0236606013726335,-0.0434965070993152,1.0090201531380516,5.2155134088676025,30.80217894799248,-18.77938957347844,-21.89779822073105,0.2827766698442952,0.3223224368280814,0.9034077715566642,4.005030155181885,12.043967060648386,-17.532177958455456,-24.64973808853492,0.2779883591277599,0.2410528199974981,0.898693200302811,4.403000473976135,191.9546315783856,False,-1.0,imu,-0.456240963677846,-9.62603384462884,2.459136314037157,2.1760324894394443,-1.1582893765605522,-5.366993770564777,98.94927052132168,-38.59828123600045,133.72475091709452,387.4997894293243,-23.25567166467725,False,0.9960074885430656,-0.0892697192004937,398.2120868009324,-29.87274869280049,5.634374493921401,-2.594457993515228,False,inf
58.547146,-1369.676891382835,-21.32398458698433,396.8239072656179,-29.42872711321052,5.2763758765751225,2.1766301235471235,-2.364387738217978,-52690.898558108136,0.9641012361595558,2.178934027430054,36580236.9240016,3.457781462865815,5.2763758765751225,-34504938930.78814,6.701177461169655,-0.0773351412377079,43.69432079450238,11.806825593773272,-1451.0528665995198,-4.563558287676511,43.24361575754256,-2.364387738217978,-2326304680.519984,123.55295848624026,39.55667461201922,3.7035321798989744,-29542.043837897712,13366596859.634682,3.000000000000062,-0.8579830000000057,-272336.88270420505,-1.023963834517089,387.50571071210334,-23.251005717849168,0.0,-7.674654952868504e-21,0.0,7.583284559582369e-20,-32.650339502944384,0.0921543908056044,-32.650339502944384,0.0,-40.3860170094988,0.0,0.0,2810.819999999981,-14.61770000000007,0.0,0.0,0.0,0.0,0.0,0.0,0.0,0.0,0.0,0.0,0.0,3785.529999999988,-83.48819999999893,0.0,0.0,0.0,0.0,0.0,0.0,0.0,0.0,0.0,0.0,0.0,7388.629999999986,-42.01050000000117,0.0,0.0,0.0,0.0,0.0,0.0,0.0,0.0,0.0,999.0000000000372,999.0000000000372,1.000000000000001,-11.01290123077943,gaze,0.4359309246950164,0.4434464247618579,202.02691162754127,114.55492924155926,209.0236151248656,-38.65405126798563,-16.373354086099752,-32.12684988603398,-0.0247151105687308,-0.0427345211325409,1.00897276115774,5.21657625830422,30.54827279818822,-15.977926272280136,-21.68962567309956,0.4882426507838431,0.4575007716039941,0.7351666518378497,4.420342113682351,17.553203431028855,-17.557450541611658,-22.25383074566004,0.2201993876010696,0.1793652160752509,0.8992505852107979,4.837650290491594,158.9556200891698,False,-0.6607800365987381,imu,-0.3983697648000001,-9.8593526024,2.428500368,4.7329915,-0.80053938,-3.85527368,99.0197878139758,-38.61250252850462,133.7117210716712,387.50571071210334,-23.251005717849168,False,0.9762254122321048,-0.2167578015026378,398.3031309612084,-29.890144774774804,4.14087118761742,-2.364387738217978,False,inf
58.555582,-1405.825962691215,-21.664746111773187,396.9432336701129,-29.459894501644428,5.342960073666991,2.234644319444488,-2.055011613714932,-54392.89253399894,0.9823887472365588,2.2369979014392727,37742905.52666123,3.518236118214694,5.342960073666991,-35630447764.81432,6.7604883398767415,-0.0789968998968956,43.978986646446906,11.962622197360345,-1489.258969309195,-4.655809994345679,43.523412958883966,-2.055011613714932,-2402050884.0480623,125.17568730035576,40.17415207374841,3.747970250996272,-30391.42664565098,13801796498.012957,3.000000000000065,-0.8579830000000059,-280228.4178857015,-1.0393096527574337,387.5136913150726,-23.24470342967645,0.0,-7.795286781049553e-21,0.0,7.702480202268026e-20,-33.13680753244082,0.0935354804807506,-33.13680753244082,0.0,-40.98980140896675,0.0,0.0,2810.819999999981,-14.617700000000076,0.0,0.0,0.0,0.0,0.0,0.0,0.0,0.0,0.0,0.0,0.0,3785.5299999999897,-83.4881999999989,0.0,0.0,0.0,0.0,0.0,0.0,0.0,0.0,0.0,0.0,0.0,7388.629999999994,-42.0105000000012,0.0,0.0,0.0,0.0,0.0,0.0,0.0,0.0,0.0,999.0000000000376,999.0000000000376,1.0000000000000018,-11.134244706198444,gaze,0.4358225682214752,0.4429753316204087,324.0034330462803,174.52093684740714,192.2847847492105,-38.68782864472582,-16.363678735935856,-32.13170020811715,-0.0260989499565377,-0.0416883598801127,1.0088906752802378,5.2177256949920965,30.953806976153324,-15.918666070676723,-21.657467106512307,0.4874693788410812,0.4567121785578886,0.735716210431371,4.442371846321081,25.244225739478296,-17.588919807071118,-22.19092695932924,0.2222968447129056,0.1807873182115894,0.8985897187291157,4.846970495465031,130.39097271406766,False,-0.6285685518885735,imu,-0.3882011672000001,-9.8976343816,2.4267059096,4.41896128,-0.7407241,-3.69078166,99.11071521586932,-38.63114603983794,133.69411059863495,387.5136913150726,-23.24470342967645,False,0.975311314613588,-0.2208344166716655,398.4249272750774,-29.91331821188387,4.09439902149177,-2.055011613714932,False,inf
58.560893,-1428.9682194762286,-21.88122907698187,397.01881423927136,-29.47960506578709,5.385191544589872,2.2715618322705744,-1.8581584667371729,-55484.24134276807,0.9940300846923366,2.273947064004634,38489912.444942415,3.556623671241434,5.385191544589872,-36353959541.23984,6.798019254020341,-0.0800555776984212,44.159028857110656,12.061434875879408,-1513.7172175157812,-4.714476295186037,43.70037444944133,-1.8581584667371729,-2450741108.311144,126.20486606097924,40.56657252936566,3.776220318651263,-30935.95230153885,14081545747.21479,3.000000000000064,-0.8579830000000057,-285289.53598410124,-1.049055897408828,387.5187798827644,-23.240677064003087,0.0,-7.871960611118586e-21,0.0,7.77824118993063e-20,-33.44564588201977,0.094412620903652,-33.44564588201977,0.0,-41.37311186812325,0.0,0.0,2810.819999999981,-14.61770000000007,0.0,0.0,0.0,0.0,0.0,0.0,0.0,0.0,0.0,0.0,0.0,3785.5299999999897,-83.48819999999887,0.0,0.0,0.0,0.0,0.0,0.0,0.0,0.0,0.0,0.0,0.0,7388.629999999988,-42.0105000000012,0.0,0.0,0.0,0.0,0.0,0.0,0.0,0.0,0.0,999.0000000000376,999.0000000000376,1.0000000000000018,-11.211092498893876,gaze,0.435739069055089,0.4426615930748362,395.3277387671706,209.54957046643443,180.9128157406313,-38.7070992056232,-16.358042569909106,-32.136010577530136,-0.0269597483014306,-0.0410107425933299,1.008828034050596,5.218297484573539,31.175571015010924,-15.884586448606242,-21.64260856670785,0.4869682695847808,0.4561717745246337,0.736078990431117,4.455837832975916,30.80217894799248,-18.77938957347844,-21.89779822073105,0.2827766698442952,0.3223224368280814,0.9034077715566642,4.005030155181885,110.66742334417012,False,-1.0,imu,-0.4595890990875008,-9.629299407485332,2.448095454875149,1.4174944663797235,-0.9913663278151208,-5.37756475099786,99.16619075251702,-38.64273125003271,133.68288561960702,387.5187798827644,-23.240677064003087,False,0.9747196462536736,-0.2234314463255195,398.5020569399813,-29.927935402470407,4.064192603789925,-1.8581584667371729,False,inf
58.564017,-1442.7208479121482,-22.00927510580269,397.0634373751748,-29.491231183745462,5.41014591565369,2.293420176304143,-1.741612108202986,-56133.42504403368,1.00092422329601,2.2958241606555525,38934805.378568105,3.579322452655804,5.41014591565369,-36784997279.7399,6.8201645322651006,-0.0806828411459485,44.26523124937117,12.119821943657072,-1528.2515678918576,-4.749197875349971,43.80475908351846,-1.741612108202986,-2479748044.112484,126.81298538768502,40.79873442971176,3.7929366234978894,-31259.82013931324,14248204721.321106,3.000000000000064,-0.8579830000000055,-288300.4611265843,-1.054819627200187,387.52179634330525,-23.238287426544275,0.0,-7.917325519129368e-21,0.0,7.823066004756149e-20,-33.62824279450727,0.094931343805154,-33.62824279450727,0.0,-41.5997368992496,0.0,0.0,2810.81999999998,-14.61770000000007,0.0,0.0,0.0,0.0,0.0,0.0,0.0,0.0,0.0,0.0,0.0,3785.529999999988,-83.48819999999881,0.0,0.0,0.0,0.0,0.0,0.0,0.0,0.0,0.0,0.0,0.0,7388.629999999985,-42.0105000000012,0.0,0.0,0.0,0.0,0.0,0.0,0.0,0.0,0.0,999.0000000000382,999.0000000000382,1.000000000000001,-11.256460057082718,gaze,0.4356845531154188,0.4424709881053889,434.6699989982821,228.86341160080897,173.96372779816463,-38.717723660265136,-16.354889334184236,-32.139011563359,-0.0274623517906705,-0.0406054425644353,1.008787294536246,5.218579732104798,31.29359090583996,-15.865813625505387,-21.635829383269115,0.4866684469651379,0.4558383151942848,0.7362983414237076,4.463614823394347,30.95139271990353,-17.61725445546953,-22.174020751023253,0.2243493340851052,0.1821882689425554,0.897936584574055,4.855923627014225,95.01252182912128,False,-0.5961249107091715,imu,-0.367863972,-9.9131863544,2.4249114512,3.75351629,-0.8454008399999999,-3.60853565,99.19814906095742,-38.64949123983012,133.6762424092317,387.52179634330525,-23.238287426544275,False,0.9743656568266712,-0.2249701464566568,398.5475889633664,-29.936543504783543,4.046076502730979,-1.741612108202986,False,inf
58.572453,-1480.3818004053742,-22.3576811643275,397.1845526878269,-29.52274531503717,5.477953284167914,2.352978281794517,-1.4240855298482629,-57913.552073109895,1.0197143891670797,2.355433410933165,40156772.09384023,3.6410591647130985,5.477953284167914,-37969424873.23197,6.880221723900867,-0.0823935727839535,44.55312856443876,12.278471188654668,-1568.0520143079937,-4.843752845533489,44.08772685093793,-1.4240855298482629,-2559452382.992984,128.46533500752614,41.4306281934709,3.8384463702860767,-32147.748009177187,14706144531.119637,3.000000000000065,-0.8579830000000062,-296558.03159951523,-1.0704987000528432,387.5300285464152,-23.23175537744653,0.0,-8.040811940521582e-21,0.0,7.945082255029716e-20,-34.12479842950105,0.0963424255657616,-34.12479842950105,0.0,-42.21601323373928,0.0,0.0,2810.81999999998,-14.617700000000076,0.0,0.0,0.0,0.0,0.0,0.0,0.0,0.0,0.0,0.0,0.0,3785.529999999988,-83.48819999999887,0.0,0.0,0.0,0.0,0.0,0.0,0.0,0.0,0.0,0.0,0.0,7388.629999999988,-42.0105000000012,0.0,0.0,0.0,0.0,0.0,0.0,0.0,0.0,0.0,999.0000000000382,999.0000000000382,1.0000000000000018,-11.37958191831214,gaze,0.4355177737889452,0.441934338925716,529.3939748137624,275.3509346478023,154.39426625447973,-38.74381702223285,-16.346965886128263,-32.148876225593845,-0.0288058834994012,-0.0394866262673881,1.0086631081285835,5.2191443927050925,31.565512808172866,-15.820178488933642,-21.6247666350351,0.4858404103235573,0.4548811562478815,0.7369123459571991,4.484089167712734,33.070667619733044,-17.64230084961441,-22.20239840651826,0.2263575942872278,0.1835684567288122,0.8972910529081196,4.864517546586993,43.789360070013664,False,-0.5636471712378208,imu,-0.3870048616000001,-9.9030177568,2.4051724088,3.10302512,-1.1145696,-3.78050458,99.28183798125204,-38.66754491889955,133.65818680384413,387.5300285464152,-23.23175537744653,False,0.9733872292153364,-0.2291665376980028,398.67114934179614,-29.959825843552785,3.995845790216048,-1.4240855298482626,False,inf
58.580872,-1518.73787596405,-22.70923790886197,397.30632444258106,-29.554369884251905,5.546239706693711,2.413196013829474,-1.1030916166852975,-59730.01131632179,1.0387207688428637,2.4157029252064848,41406671.13202796,3.703316912177555,5.546239706693711,-39181687541.403366,6.940532240605039,-0.0841255829887986,44.84206577449703,12.438236439132524,-1608.585286014923,-4.939278644339538,44.371713969215584,-1.1030916166852975,-2641026297.419472,130.12926236354005,42.06852301267,3.884405273610573,-33053.58053361498,15174825309.133942,3.0000000000000657,-0.8579830000000057,-304986.1142374646,-1.0863142073373424,387.5383708278641,-23.22512073806212,0.0,-8.165490342186318e-21,0.0,8.068276294327314e-20,-34.62543719421315,0.0977657860763949,-34.62543719421315,0.0,-42.837342813204906,0.0,0.0,2810.819999999979,-14.617700000000063,0.0,0.0,0.0,0.0,0.0,0.0,0.0,0.0,0.0,0.0,0.0,3785.529999999986,-83.48819999999878,0.0,0.0,0.0,0.0,0.0,0.0,0.0,0.0,0.0,0.0,0.0,7388.62999999999,-42.01050000000123,0.0,0.0,0.0,0.0,0.0,0.0,0.0,0.0,0.0,999.0000000000392,999.0000000000392,1.000000000000001,-11.503350708604312,gaze,0.4353235805432477,0.4413676687752582,604.8008217387305,312.355223829962,133.9740220548283,-38.766136992199804,-16.339905159951847,-32.16133763144576,-0.0301269763769897,-0.0383354976922406,1.0085189467495923,5.219425041256901,31.76806712624952,-15.782505004195574,-21.62412467910169,0.4849878475494193,0.4538451321377755,0.7375559980228503,4.503766313642709,30.80217894799248,-18.77938957347844,-21.89779822073105,0.2827766698442952,0.3223224368280814,0.9034077715566642,4.005030155181885,0.0,True,0.0,imu,-0.4628642816393699,-9.632420183981491,2.437480275765611,0.6836252980142304,-0.7467041772927033,-5.401611094088129,99.36136754326488,-38.68527180891336,133.64005476761838,387.5383708278641,-23.22512073806212,False,0.972377205933576,-0.2334150153285177,398.7953464542196,-29.9831150869725,3.943772524329863,-1.1030916166852975,False,inf
58.580889,-1518.816113255305,-22.709951699740262,397.3065712432688,-29.554433918201035,5.546378218441102,2.4133184004653545,-1.1024392814428907,-59733.71997209638,1.0387594056898954,2.4158254171558657,41409226.0787071,3.70344328081018,5.546378218441102,-39184166323.91983,6.940654401514258,-0.0841291054668896,44.84265085009601,12.438560500998472,-1608.667962463891,-4.939472713731496,44.37228901852448,-1.1024392814428907,-2641193092.664951,130.13263736560086,42.06981846822357,3.884498625377117,-33055.4297499738,15175783626.176384,3.0000000000000675,-0.8579830000000062,-305003.32384876447,-1.0863463133519446,387.5383878015255,-23.225107223586026,0.0,-8.165743562256939e-21,0.0,8.068526499678864e-20,-34.62645326779424,0.097768675546317,-34.62645326779424,0.0,-42.83860382079909,0.0,0.0,2810.81999999998,-14.617700000000076,0.0,0.0,0.0,0.0,0.0,0.0,0.0,0.0,0.0,0.0,0.0,3785.529999999988,-83.48819999999887,0.0,0.0,0.0,0.0,0.0,0.0,0.0,0.0,0.0,0.0,0.0,7388.629999999986,-42.01050000000123,0.0,0.0,0.0,0.0,0.0,0.0,0.0,0.0,0.0,999.00000000004,999.00000000004,1.0000000000000018,-11.503601536161154,gaze,0.43532316098461,0.4413664937979511,604.9322530154706,312.4197291845204,133.93213238548435,-38.76617835040745,-16.33989174657035,-32.16136547776154,-0.0301296242035629,-0.0383331390842911,1.0085186355513591,5.21942532591808,31.76840633633329,-15.782437261832015,-21.624133694048567,0.4849861000371366,0.4538429599399628,0.7375573283733636,4.503805291245357,32.67462013013336,-17.663915970272463,-22.27476769776029,0.2283216323963899,0.1849277716285932,0.8966532255447395,4.872756865110956,0.26036034570433,True,-0.5313331637003027,imu,-0.4300718632,-9.828846809600002,2.4081631728,2.2656112,-1.25663089,-4.0945348,99.36152394550476,-38.68530731192367,133.6400180879594,387.5383878015255,-23.225107223586026,False,0.9723751318363486,-0.233423655584098,398.79559813624553,-29.983162167785892,3.9436653793142,-1.1024392814428907,False,inf
58.589324,-1558.0308293781172,-23.06607241594821,397.4294842748966,-29.586293935247312,5.615416481295322,2.474439960966599,-0.7766825937017359,-61594.36317586899,1.0580593261522466,2.4769996079857783,42692580.22310867,3.766471535979597,5.615416481295322,-40429650294.49824,7.001456877202207,-0.0858894391039158,45.13376960128499,12.6000798037136,-1650.1068019413285,-5.0363547758942735,44.65841759487429,-0.7766825937017359,-2724998885.407868,131.81478696173332,42.71628719495364,3.931092287368069,-33983.0789959777,15657286949.060104,3.0000000000000675,-0.8579830000000066,-313638.47875956283,-1.1023618353667384,387.5468739281392,-23.218342958381434,0.0,-8.292117278653384e-21,0.0,8.193395669994685e-20,-35.133183894484404,0.0992100368916872,-35.133183894484404,0.0,-43.46747928633361,0.0,0.0,2810.8199999999806,-14.617700000000085,0.0,0.0,0.0,0.0,0.0,0.0,0.0,0.0,0.0,0.0,0.0,3785.5299999999897,-83.48819999999881,0.0,0.0,0.0,0.0,0.0,0.0,0.0,0.0,0.0,0.0,0.0,7388.62999999999,-42.01050000000126,0.0,0.0,0.0,0.0,0.0,0.0,0.0,0.0,0.0,999.0000000000408,999.0000000000408,1.0000000000000029,-11.628509756702648,gaze,0.4351016475883266,0.4407685647697688,659.3450893070345,339.1329503380196,112.94422667141104,-38.78487879401022,-16.333650040026512,-32.176531387084154,-0.0314336601924262,-0.0371462135198793,1.0083544006650589,5.219428262237849,31.902134754981248,-15.753117409975172,-21.633588442969483,0.4841063523629666,0.4527260005010615,0.7382323866958571,4.5227738552748935,31.63239970421769,-17.681978699511596,-22.389270908253785,0.2302414775618028,0.1862661146865245,0.8960231995512644,4.880646316580717,-13.6584822176929,True,-0.4993690809954645,imu,-0.4240903352000001,-9.755872168000002,2.413546548,1.32352054,-1.37626145,-4.5431494,99.43697489316666,-38.702778778331535,133.6218083037761,387.5468739281392,-23.218342958381434,False,0.9713284557208738,-0.2377415216299052,398.9209246341853,-30.00654939884621,3.889493956980027,-0.7766825937017359,False,inf
58.591338,-1567.511396222827,-23.15168096177413,397.45896691843245,-29.59392704205743,5.631992882438356,2.4891511369614614,-0.6982858635159488,-62044.71400034055,1.0627058012212436,2.491723461817038,43003657.523286864,3.781617424490455,5.631992882438356,-40731662745.02172,7.016030419953462,-0.0863134700080967,45.20352099848635,12.638860576294526,-1660.1248056431757,-5.0596615421418,44.72697296227717,-0.6982858635159488,-2745320084.5576544,132.21866417178745,42.87173669829187,3.942298682010468,-34207.5759116815,15774041608.771088,3.0000000000000666,-0.8579830000000057,-315728.8475983018,-1.1062110637121092,387.54891913589006,-23.21671049752368,0.0,-8.322507928994354e-21,0.0,8.223424503520228e-20,-35.25493796058206,0.0995564588710097,-35.25493796058206,0.0,-43.61857938572166,0.0,0.0,2810.8199999999806,-14.617700000000076,0.0,0.0,0.0,0.0,0.0,0.0,0.0,0.0,0.0,0.0,0.0,3785.529999999988,-83.48819999999876,0.0,0.0,0.0,0.0,0.0,0.0,0.0,0.0,0.0,0.0,0.0,7388.629999999986,-42.01050000000126,0.0,0.0,0.0,0.0,0.0,0.0,0.0,0.0,0.0,999.00000000004,999.00000000004,1.0000000000000018,-11.65846793533928,gaze,0.4350448749006655,0.4406214538435631,669.1063178187094,343.92807394990064,107.89570439582704,-38.788810914356574,-16.332280779292343,-32.18055294652089,-0.0317421565402782,-0.0368579689093755,1.008312316866119,5.21938848393958,31.923909871967485,-15.747406876375477,-21.63728414436888,0.4838926009070003,0.4524478755415306,0.7383979375486589,4.527194129735485,31.41589977496116,-17.68575515080597,-22.4225944239942,0.2306934006455359,0.186582595968932,0.8958739150131467,4.882479083020289,-12.8455186205296,True,-0.4918074026841196,imu,-0.4645591337247463,-9.634005064561263,2.432064255147776,0.3592271864421799,-0.5986914640174597,-5.421545924362162,100.3797948,-39.34993960000001,132.5641032,387.54891913589006,-23.21671049752368,False,0.9710732962609492,-0.238781601654932,398.9509809090029,-30.012141403290972,3.876258916824612,-0.6982858635159488,False,inf
58.59776,-1598.0471017789532,-23.426156028239287,397.5533268115293,-29.618333651947324,5.685088442809797,2.536364211825984,-0.4467084685773912,-63496.58735894412,1.0776210964949449,2.53897725075582,44007712.64573973,3.830163135910472,5.685088442809797,-41706757518.48399,7.062645113785544,-0.0876752021708649,45.42655995576484,12.763076588542235,-1692.3908317957955,-5.134430893711732,44.94618645500376,-0.4467084685773912,-2810928889.616884,133.5122778415613,43.37024696891495,3.978242880416047,-34931.24400608777,16150994196.64116,3.0000000000000693,-0.8579830000000066,-322468.75508157315,-1.1185503466117488,387.5554897740999,-23.21146015974685,0.0,-8.419975078566632e-21,0.0,8.319731254931649e-20,-35.645147594090226,0.1006669668360959,-35.645147594090226,0.0,-44.10283450884833,0.0,0.0,2810.819999999981,-14.617700000000076,0.0,0.0,0.0,0.0,0.0,0.0,0.0,0.0,0.0,0.0,0.0,3785.529999999988,-83.48819999999881,0.0,0.0,0.0,0.0,0.0,0.0,0.0,0.0,0.0,0.0,0.0,7388.62999999999,-42.0105000000013,0.0,0.0,0.0,0.0,0.0,0.0,0.0,0.0,0.0,999.0000000000414,999.0000000000414,1.0000000000000022,-11.754341929719027,gaze,0.4348540750483684,0.4401414369743087,691.8698470671094,355.12028472631374,91.7959780965978,-38.7999956860162,-16.32822189315413,-32.19441416846099,-0.0327185381711932,-0.0359266459011682,1.0081708624847867,5.219158863426683,31.967528487625053,-15.732597828220667,-21.652616293010905,0.4832016818141463,0.45153212777427,0.7389368692146168,4.541012112708587,30.88483232998577,-17.69639379615197,-22.5435986834518,0.2321178402158789,0.1875838627878702,0.8954008472894736,4.888193375023716,-4.962657681474559,True,-0.4679184111279764,imu,-0.4127254320000001,-9.7002439576,2.3979945752,0.5982602699999999,-1.29401544,-4.83474889,99.50800884316816,-38.71996586068706,133.6036207189638,387.5554897740999,-23.21146015974685,False,0.97024589228408,-0.2421216811974292,399.0471627316521,-30.029992787338283,3.8332700970719897,-0.4467084685773912,False,inf
58.600964,-1613.4566228885556,-23.56394936635965,397.6006032900257,-29.63054861491049,5.711714657595307,2.560092944115925,-0.3202827876280238,-64230.03119878098,1.0851191841632426,2.5627264605895084,44515608.89526608,3.8545260134671375,5.711714657595307,-42200174785.755486,7.085983976266577,-0.0883600894136028,45.53819223743382,12.825366966406149,-1708.673143557699,-5.171992022881135,45.05590350038948,-0.3202827876280238,-2844127450.701195,134.16097395934187,43.620576703972695,3.996296141159229,-35296.77389075115,16341734968.259598,3.0000000000000684,-0.8579830000000064,-325874.03677237505,-1.1247438574142197,387.5587959819968,-23.20881504597191,0.0,-8.468923054449587e-21,0.0,8.368096479154713e-20,-35.840955127674086,0.1012243689970273,-35.840955127674086,0.0,-44.34583093636199,0.0,0.0,2810.8199999999806,-14.617700000000092,0.0,0.0,0.0,0.0,0.0,0.0,0.0,0.0,0.0,0.0,0.0,3785.529999999988,-83.48819999999881,0.0,0.0,0.0,0.0,0.0,0.0,0.0,0.0,0.0,0.0,0.0,7388.62999999999,-42.0105000000013,0.0,0.0,0.0,0.0,0.0,0.0,0.0,0.0,0.0,999.0000000000414,999.0000000000414,1.0000000000000022,-11.802372525047922,gaze,0.4347534090230411,0.4398958319122706,698.5070060594579,358.3904879739058,83.79982424688141,-38.80481258768041,-16.326370072229736,-32.20192216640441,-0.0332015242265101,-0.0354551583501726,1.0080962039810746,5.218986350129214,31.97477146099464,-15.72716831587402,-21.66221530575067,0.4828517327323934,0.4510590098748385,0.7392119543504916,4.547749691581597,30.80217894799248,-18.77938957347844,-21.89779822073105,0.2827766698442952,0.3223224368280814,0.9034077715566642,4.005030155181885,0.0,True,0.0,imu,-0.4661055902681378,-9.635432585892874,2.427170875288069,0.1160457070734943,-0.4575791044871968,-5.444715227669814,99.53379030907188,-38.7264189628861,133.59673309179635,387.5587959819968,-23.20881504597191,False,0.9698251374257156,-0.2438015644272852,399.09534391694666,-30.03891053555421,3.81136986218378,-0.3202827876280238,False,inf
58.606195,-1638.86741413231,-23.79014556462288,397.6780754035736,-29.650546205823872,5.75538160165475,2.599083262239186,-0.112565256121492,-65440.61308604479,1.097442461796346,2.601750448359182,45354892.31572289,3.894507256823702,5.75538160165475,-43015777896.59971,7.124206154077885,-0.0894861833718478,45.720958616359326,12.92752144254885,-1735.522622540096,-5.233686743824293,45.23553341293192,-0.112565256121492,-2899002476.2481947,135.22480313134142,44.0316023520738,4.025943723754792,-35900.03178824844,16657016640.520935,3.0000000000000684,-0.8579830000000059,-331495.30586575886,-1.1349092982161169,387.56423413498464,-23.2044596385093,0.0,-8.54929873523137e-21,0.0,8.447515244722093e-20,-36.162260293064094,0.1021392359860637,-36.162260293064094,0.0,-44.74456483152024,0.0,0.0,2810.819999999978,-14.617700000000076,0.0,0.0,0.0,0.0,0.0,0.0,0.0,0.0,0.0,0.0,0.0,3785.529999999986,-83.4881999999987,0.0,0.0,0.0,0.0,0.0,0.0,0.0,0.0,0.0,0.0,0.0,7388.629999999986,-42.01050000000129,0.0,0.0,0.0,0.0,0.0,0.0,0.0,0.0,0.0,999.0000000000408,999.0000000000408,1.0000000000000018,-11.881073980824842,gaze,0.434581384937291,0.4394862734880002,702.7465339469613,360.49388131341146,70.8640924772633,-38.811598077996585,-16.323591373216548,-32.21502936891954,-0.0339841887979219,-0.0346757910217941,1.0079685571930743,5.218622800781914,31.96622080701137,-15.721137383963704,-21.680535142555893,0.4822730185965286,0.450263716920635,0.7396698055722644,4.558528383544939,30.46250491507837,-17.707077365291983,-22.734933221888483,0.2339505317706922,0.1888807641397986,0.8947863369685898,4.895401808925615,4.5242791473144885,True,-0.4371485213322062,imu,-0.4438293776000001,-9.655980650400002,2.3979945752,0.06739966,-1.46598437,-5.01419473,99.5744319983622,-38.73686687039032,133.5855249551352,387.56423413498464,-23.2044596385093,False,0.9691266122218152,-0.2465636012948126,399.1742866612916,-30.053486489585502,3.7749578270915536,-0.112565256121492,False,inf
58.614631,-1680.513536082001,-24.158155855113137,397.80376556830186,-29.68293997035961,5.826316658433839,2.6626188097146164,0.2258562822824501,-67427.5801326558,1.117530518379675,2.665340917530159,46735026.57875332,3.959523447671105,5.826316658433839,-44357621972.68568,7.1861561475738105,-0.0913230252278086,46.01704151230752,13.09346262588033,-1779.5251223697196,-5.334154830068152,45.52653312102182,0.2258562822824501,-2989280772.732903,136.95286485059887,44.70057006779332,4.074210647928954,-36890.00746274274,17175705461.800392,3.0000000000000675,-0.8579830000000062,-340723.55435693776,-1.151443864487331,387.5731099251234,-23.19733891087798,0.0,-8.680131062797045e-21,0.0,8.576789943788581e-20,-36.6846820845727,0.1036273100169392,-36.6846820845727,0.0,-45.39286860610862,0.0,0.0,2810.819999999976,-14.61770000000007,0.0,0.0,0.0,0.0,0.0,0.0,0.0,0.0,0.0,0.0,0.0,3785.529999999984,-83.48819999999867,0.0,0.0,0.0,0.0,0.0,0.0,0.0,0.0,0.0,0.0,0.0,7388.629999999986,-42.01050000000129,0.0,0.0,0.0,0.0,0.0,0.0,0.0,0.0,0.0,999.0000000000408,999.0000000000408,1.000000000000001,-12.008741743465563,gaze,0.4342843847142777,0.4388039212325483,693.1132208060424,355.7986090837473,50.5120024447102,-38.81976110995548,-16.319740330253964,-32.23838540922998,-0.0352311452949584,-0.033394406246848,1.0077479243820042,5.217825502969828,31.900637421839527,-15.718862401329316,-21.71652862673712,0.4813208511178822,0.4489225374990767,0.7404305743592082,4.57533935790969,30.12230653602941,-17.713969862408625,-22.96014289403568,0.235740244131582,0.1901571879391405,0.8941795424763658,4.902278841459098,4.347347372739264,True,-0.407201136525249,imu,-0.4629702672000001,-9.63026008,2.429696673600001,-0.23167674,-1.36878454,-4.94690254,99.63610541581428,-38.753488187839,133.56757980233377,387.5731099251234,-23.19733891087798,False,0.9679692379403494,-0.2510688240327327,399.3023307077033,-30.07703580003885,3.7144932863590094,0.22585628228245,False,inf
58.620945,-1712.228478509357,-24.43621643297656,397.8984495298837,-29.70730189539195,5.879825648019528,2.71070609374248,0.4819426451846098,-68943.1029144302,1.1327400244860162,2.713469814648454,47789816.6966023,4.008622768562411,5.879825648019528,-45383678290.42896,7.232773850855361,-0.0927147361432087,46.23973035589123,13.218634759819432,-1813.033299577556,-5.4101420148302,45.74539714883005,0.4819426451846098,-3058310630.7015896,138.25633954341384,45.2062309786422,4.110705905549807,-37644.95617410141,17572312142.665558,3.000000000000071,-0.8579830000000066,-347763.791694973,-1.1639337360819952,387.57983891981553,-23.1919307271463,0.0,-8.779038200524192e-21,0.0,8.674519539331702e-20,-37.079149897889366,0.1047513705305055,-37.079149897889366,0.0,-45.88237684832082,0.0,0.0,2810.819999999978,-14.617700000000076,0.0,0.0,0.0,0.0,0.0,0.0,0.0,0.0,0.0,0.0,0.0,3785.529999999988,-83.48819999999873,0.0,0.0,0.0,0.0,0.0,0.0,0.0,0.0,0.0,0.0,0.0,7388.629999999986,-42.01050000000134,0.0,0.0,0.0,0.0,0.0,0.0,0.0,0.0,0.0,999.0000000000418,999.0000000000418,1.0000000000000022,-12.104901773818971,gaze,0.4340467224601447,0.4382760620156519,673.5883700170473,346.22674196758635,35.87677746808262,-38.82366256087748,-16.31735827591973,-32.25765164404758,-0.0361522486799398,-0.0324160868751512,1.0075711019903204,5.217061158280948,31.81134313484174,-15.723181954054262,-21.74818316888025,0.4805933052705692,0.4478724297500286,0.7410176621806156,4.587466258218233,30.80217894799248,-18.77938957347844,-21.89779822073105,0.2827766698442952,0.3223224368280814,0.9034077715566642,4.005030155181885,0.0,True,0.0,imu,-0.4692786517627156,-9.63830398093638,2.417282770761417,-0.1859481978297284,-0.1746613796759107,-5.507027880669843,99.67907169981906,-38.76574564574435,133.55428512199066,387.57983891981553,-23.1919307271463,False,0.96707746851838,-0.2544821602472001,399.3987611262134,-30.094695898854265,3.667803813154446,0.4819426451846098,False,inf
58.623066,-1722.9878019538091,-24.530128297910856,397.9303734714249,-29.71550800326745,5.897880845403451,2.7269626518046786,0.5685060463971467,-69457.70337699354,1.137882913361029,2.7297404492171533,48148383.17011422,4.025200601942612,5.897880845403451,-45732579134.43334,7.248481963305445,-0.093185506373446,46.314744579569805,13.260870102415936,-1824.400743280752,-5.43582034145112,45.81912264151398,0.5685060463971467,-3081783112.219635,138.69614965086112,45.37705171966257,4.123036751471492,-37901.27526902406,17707171714.33834,3.00000000000007,-0.8579830000000066,-350154.6313311474,-1.1681514269020274,387.5821158837276,-23.19009883839498,0.0,-8.812453255435314e-21,0.0,8.707536770194492e-20,-37.21232676339079,0.1051309532666841,-37.21232676339079,0.0,-46.04763853212759,0.0,0.0,2810.819999999976,-14.61770000000007,0.0,0.0,0.0,0.0,0.0,0.0,0.0,0.0,0.0,0.0,0.0,3785.529999999984,-83.4881999999987,0.0,0.0,0.0,0.0,0.0,0.0,0.0,0.0,0.0,0.0,0.0,7388.629999999983,-42.01050000000132,0.0,0.0,0.0,0.0,0.0,0.0,0.0,0.0,0.0,999.0000000000418,999.0000000000418,1.0000000000000018,-12.13732075940088,gaze,0.4339640059210214,0.4380955318532054,664.8595605655828,341.9417041430649,31.10481650223901,-38.82455496028941,-16.316652797536648,-32.264464601915925,-0.0364593429499692,-0.032083837328738,1.0075094986776136,5.216772661576657,31.773923048858787,-15.725784260698976,-21.75963567084347,0.480346106394598,0.4475109554109127,0.7412182083822996,4.591453476574237,29.656653048861056,-17.717025373749394,-23.215652329407582,0.2374868113623719,0.1914128943108293,0.8935806261944783,4.908828310896719,-0.4146904565128626,True,-0.3782216550717877,imu,-0.4797185456,-9.6051376624,2.4356782016,-0.82235263,-1.144477240000001,-4.976810179999999,99.69288150033378,-38.76982823174827,133.54985037262932,387.5821158837276,-23.19009883839498,False,0.9667729053781916,-0.2556367528870026,399.4312686364514,-30.100634870156792,3.651840062978639,0.5685060463971467,False,inf
58.631502,-1766.3126118002017,-24.90617986582642,398.05793512453727,-29.748258766450626,5.970095197647787,2.7921369418090385,0.9154955448617984,-71532.1574915424,1.1585068958575813,2.7949712163727374,49595899.39099841,4.091558616014474,5.970095197647787,-47141590488.54495,7.311199938921218,-0.0950742835857683,46.614144544558194,13.429792909791214,-1870.1730970867868,-5.538716432785557,46.11337740974265,0.9154955448617984,-3176572671.596189,140.4551676195743,46.061268218795234,4.17243817579776,-38934.41758271423,18251778353.120872,3.00000000000007,-0.8579830000000066,-359794.1284317461,-1.1850372548463484,387.5912549924193,-23.18273687476932,0.0,-8.946308964739985e-21,0.0,8.839798855836463e-20,-37.74535726845755,0.10665063996748,-37.74535726845755,0.0,-46.70907648032127,0.0,0.0,2810.819999999977,-14.617700000000076,0.0,0.0,0.0,0.0,0.0,0.0,0.0,0.0,0.0,0.0,0.0,3785.529999999986,-83.4881999999987,0.0,0.0,0.0,0.0,0.0,0.0,0.0,0.0,0.0,0.0,0.0,7388.629999999986,-42.01050000000133,0.0,0.0,0.0,0.0,0.0,0.0,0.0,0.0,0.0,999.0000000000432,999.0000000000432,1.0000000000000018,-12.2668473514522,gaze,0.4336210230589376,0.4373619152369091,620.4831350872631,320.1238509051354,12.985517706962591,-38.82605262087346,-16.31431132951786,-32.2932458655827,-0.0376693017633853,-0.0307448038766697,1.0072537007988251,5.215469478268984,31.589807610826057,-15.741804050030805,-21.8087996765762,0.4793492475107229,0.4460306622619278,0.7420321156462759,4.606886880354805,28.91722943168176,-17.71621750665221,-23.497703844073754,0.2391909070282164,0.1926482447883049,0.8929894635821222,4.915057195393649,-2.606940653797934,True,-0.3503310408702694,imu,-0.4713444064,-9.593174606400002,2.4362763544,-1.18872122,-0.7930624700000002,-4.92447181,99.7446618223474,-38.78589322277317,133.5323911420446,387.5912549924193,-23.18273687476932,False,0.9655361654730918,-0.2602689246981254,399.56113512199954,-30.12428904133466,3.586931831245623,0.9154955448617984,False,inf
58.639938,-1810.4954300802533,-25.28629560186744,398.1864415925708,-29.78118915135306,6.042955352546918,2.8581410330166235,1.2668148027095611,-73651.40506688505,1.1794025060279636,2.861032572209554,51078019.11437407,4.158594083328308,6.042955352546918,-48585117702.302376,7.374304271523904,-0.0969893538142545,46.91521235798063,13.600220672166564,-1916.8500146902145,-5.642840213134557,46.40926890241556,1.2668148027095611,-3273680369.972095,142.22981014040255,46.75320063719963,4.222413752921426,-39989.662041041534,18809702997.67945,3.000000000000073,-0.857983000000007,-369644.3320635614,-1.202100692237922,387.60052704026975,-23.175253038641856,0.0,-9.081694934640692e-21,0.0,8.973572983407678e-20,-38.28374936877281,0.1081863110725862,-38.28374936877281,0.0,-47.377152053089326,0.0,0.0,2810.819999999977,-14.617700000000076,0.0,0.0,0.0,0.0,0.0,0.0,0.0,0.0,0.0,0.0,0.0,3785.529999999984,-83.4881999999987,0.0,0.0,0.0,0.0,0.0,0.0,0.0,0.0,0.0,0.0,0.0,7388.629999999983,-42.01050000000136,0.0,0.0,0.0,0.0,0.0,0.0,0.0,0.0,0.0,999.0000000000437,999.0000000000437,1.0000000000000022,-12.397312193327496,gaze,0.4332563125389426,0.4366041196611537,562.9718624264851,291.7830186962923,-3.513369157272816,-38.82432491160893,-16.31269979026341,-32.32468445988503,-0.0388611016815519,-0.0293784782789045,1.0069810301415156,5.213921462731815,31.352619934045503,-15.766716326121092,-21.86285045357909,0.4783310758078877,0.4444838258926701,0.7428714337045941,4.62164983133351,27.80918044481928,-17.71153510066209,-23.80220427621672,0.2408525820131252,0.1938631541273678,0.8924061425214274,4.920970080826118,-1.3616359574951091,True,-0.3236503660953754,imu,-0.4827093096,-9.5572854384,2.4518283272,-1.54013599,-0.5687551700000002,-4.80484125,99.79134796656204,-38.801683540471295,133.51526075017148,387.60052704026975,-23.175253038641856,False,0.9642579650815843,-0.2649652369212274,399.6919190138928,-30.147995277106077,3.519723702901472,1.2668148027095611,False,inf
58.641036,-1816.309870272864,-25.336070553534825,398.2032373463667,-29.78548850383712,6.05248628509584,2.8667932869046866,1.3128613181053623,-73930.57024262846,1.182142310594657,2.8696923377173,51273503.75044823,4.167369236292169,6.05248628509584,-48775573533.20908,7.382546206632258,-0.0972405577471301,46.95452127164158,13.622514127344507,-1922.9925362429256,-5.65648336820477,46.44790179121857,1.3128613181053623,-3286492262.4364386,142.46194560308732,46.84383080338339,4.228960866318573,-40128.65274965236,18883312667.08948,3.000000000000071,-0.8579830000000062,-370942.07564688544,-1.204334740868218,387.6017436792398,-23.17426996178626,0.0,-9.099429490511162e-21,0.0,8.991096399904987e-20,-38.35422091513927,0.1083873704365145,-38.35422091513927,0.0,-47.46459705563531,0.0,0.0,2810.819999999976,-14.617700000000085,0.0,0.0,0.0,0.0,0.0,0.0,0.0,0.0,0.0,0.0,0.0,3785.529999999984,-83.48819999999867,0.0,0.0,0.0,0.0,0.0,0.0,0.0,0.0,0.0,0.0,0.0,7388.629999999986,-42.01050000000134,0.0,0.0,0.0,0.0,0.0,0.0,0.0,0.0,0.0,999.0000000000432,999.0000000000432,1.0000000000000018,-12.414362351051333,gaze,0.4332072884852106,0.4365037592789342,554.6913533264121,287.69687631525807,-5.525257128881296,-38.82386654467236,-16.31254286594989,-32.32896908087947,-0.0390148983421689,-0.0291986875846654,1.0069443237716396,5.213702251311448,31.318090790266467,-15.770598090062965,-21.870180559894248,0.4781970222348342,0.4442777047658001,0.7429825053971794,4.623522647526309,27.634861749283537,-17.71064079173186,-23.843267427514608,0.2410657534305484,0.1940197824526431,0.8923307970594907,4.9217167190947855,0.0,True,0.0,imu,-0.4724202723948836,-9.641067148838369,2.40770689560497,-0.1906250566256122,0.0509154768918585,-5.585537447754132,99.79704584619286,-38.80371867199028,133.51305816881228,387.6017436792398,-23.17426996178626,False,0.9640884862648008,-0.2655812317383225,399.70900907010446,-30.15108461430838,3.5108042218115423,1.312861318105362,False,inf
58.648373,-1855.5434349810748,-25.67045874765656,398.3158835193574,-29.81429596632604,6.116456657912375,2.924973920747921,1.6224519191774718,-75815.89479062706,1.2005696687667475,2.927923511629244,52595177.044383004,4.226303291846423,6.116456657912375,-50063613655.5948,7.437788978441507,-0.0989307025696309,47.21791818650796,13.772142337830308,-1964.4390246651903,-5.7481882494710845,46.70676782719569,1.6224519191774718,-3373136534.607953,144.01996157787,47.45282669075646,4.272962064776694,-41067.22944012744,19381119867.032112,3.0000000000000746,-0.857983000000007,-379707.4654567787,-1.2193410050270923,387.6099317559572,-23.16764740357992,0.0,-9.21860724712248e-21,0.0,9.108855281537573e-20,-38.82747646641442,0.1097379005183985,-38.82747646641442,0.0,-48.05183192041714,0.0,0.0,2810.819999999977,-14.617700000000085,0.0,0.0,0.0,0.0,0.0,0.0,0.0,0.0,0.0,0.0,0.0,3785.529999999984,-83.48819999999864,0.0,0.0,0.0,0.0,0.0,0.0,0.0,0.0,0.0,0.0,0.0,7388.62999999999,-42.0105000000014,0.0,0.0,0.0,0.0,0.0,0.0,0.0,0.0,0.0,999.000000000044,999.000000000044,1.0000000000000029,-12.5287055397315,gaze,0.4328707503777292,0.4358231928033017,495.66533732258176,258.5280185334895,-18.08224158425444,-38.81944389995704,-16.31180186525793,-32.35872041763258,-0.0400348291151488,-0.0279860341959842,1.0066919890026145,5.212134189025587,31.067197577209328,-15.800213650479574,-21.920532537045,0.4772923956037141,0.4428726239241066,0.7437352962013831,4.635752802061567,26.284907469932268,-17.70298475716009,-24.1248537227912,0.2424719083190456,0.1950575478069531,0.891830746130419,4.926571658898809,0.6149008735465792,True,-0.2982900756041086,imu,-0.490485296,-9.5339574792,2.464389536000001,-1.66724346,-0.2995864100000003,-4.759979789999999,99.83286384484614,-38.817199681378014,133.49851554536062,387.6099317559572,-23.16764740357992,False,0.9629372432771456,-0.2697255373705118,399.8236087049315,-30.171750529572336,3.4501711774400423,1.6224519191774718,False,inf
58.656809,-1901.479998501384,-26.05878954341588,398.4462976691072,-29.84758780724526,6.19062065804613,2.99265845491999,1.982521863760532,-78026.85520448536,1.2220158669642478,2.995666904854296,54148356.811970696,4.294706666960966,6.19062065804613,-51578066742.40134,7.501670682348577,-0.1008990084132282,47.52233996304012,13.945608127863602,-2012.9647619392208,-5.854794689813403,47.00595080447483,1.982521863760532,-3475007513.256048,145.82614429947873,48.160373685411855,4.324099727592119,-42167.72879272871,19966410132.39112,3.0000000000000746,-0.8579830000000062,-389989.3803272552,-1.2367636076574129,387.6194722235701,-23.159917328037395,0.0,-9.357090833016935e-21,0.0,9.245690146130441e-20,-39.37670583940178,0.1113058955918897,-39.37670583940178,0.0,-48.73332331826908,0.0,0.0,2810.819999999976,-14.617700000000076,0.0,0.0,0.0,0.0,0.0,0.0,0.0,0.0,0.0,0.0,0.0,3785.529999999984,-83.48819999999864,0.0,0.0,0.0,0.0,0.0,0.0,0.0,0.0,0.0,0.0,0.0,7388.629999999986,-42.01050000000137,0.0,0.0,0.0,0.0,0.0,0.0,0.0,0.0,0.0,999.000000000044,999.000000000044,1.0000000000000018,-12.66106445838347,gaze,0.4324650635280156,0.4350198911527707,422.088371871082,222.05825157799828,-30.443440415766943,-38.81147943850326,-16.31160113072736,-32.39529263758198,-0.0411909847116326,-0.026568136814655,1.0063869708004072,5.210112529525045,30.738683738367484,-15.84191003483502,-21.98054387785288,0.4762336334316306,0.4411986353096349,0.7446231536362611,4.649211134186063,24.33710953403917,-17.690585112495405,-24.461322046283453,0.2440495323550485,0.1962317759165084,0.8912631523063549,4.931868550994572,1.385588847402052,True,-0.2743418263642609,imu,-0.4629702672000001,-9.5160128952,2.491306412,-1.83921239,-0.0005100100000001,-4.70764142,99.86916715294116,-38.8324476310186,133.48220383014302,387.6194722235701,-23.159917328037395,False,0.9615724391760074,-0.2745513507836076,399.956239456752,-30.19556021696184,3.3782041857013554,1.982521863760532,False,inf
58.661017,-1924.7279920357848,-26.254044725053923,398.5117097663488,-29.864262198895084,6.22786051336016,3.026738094779767,2.163780983203914,-79147.21585990861,1.2328176905571504,3.029776205764735,54936700.90009954,4.329085139415729,6.22786051336016,-52347075353.02851,7.533681897704781,-0.1018908878837485,47.67481998043128,14.032707984344572,-2037.5223750960272,-5.908440174769614,47.1558059151288,2.163780983203914,-3526734041.491335,146.73303896768806,48.51625780425938,4.349827469820605,-42725.31008577964,20263599838.78552,3.000000000000073,-0.8579830000000062,-395200.5815920088,-1.245522053774334,387.6242817471755,-23.15601500825424,0.0,-9.426753700715135e-21,0.0,9.314523640020228e-20,-39.65271432181053,0.1120941360365272,-39.65271432181053,0.0,-49.07579245970359,0.0,0.0,2810.8199999999715,-14.61770000000007,0.0,0.0,0.0,0.0,0.0,0.0,0.0,0.0,0.0,0.0,0.0,3785.5299999999806,-83.48819999999856,0.0,0.0,0.0,0.0,0.0,0.0,0.0,0.0,0.0,0.0,0.0,7388.629999999976,-42.01050000000134,0.0,0.0,0.0,0.0,0.0,0.0,0.0,0.0,0.0,999.000000000044,999.000000000044,1.000000000000001,-12.727444012136164,gaze,0.4322554466665481,0.4346111525884628,384.1724491096548,203.2099676171969,-35.70436379090937,-38.80637618740267,-16.311756674638097,-32.41445698908338,-0.0417611396330368,-0.0258517219900136,1.006229005717463,5.209018188404065,30.560436021882456,-15.865626653485377,-22.010922389977846,0.4756982536131181,0.4403408294788054,0.7450747291281671,4.655686438502806,23.214699869289245,-17.682971805315344,-24.63290928398996,0.2448208946146382,0.1968099275700544,0.8909829747909845,4.934398203131675,0.0,True,0.0,imu,-0.4754976696494294,-9.643692868683804,2.3985482357787946,0.0900475998900986,0.1632880879603612,-5.672230191062661,99.88531415776662,-38.83995329798902,133.4742458137234,387.6242817471755,-23.15601500825424,False,0.9608748377172897,-0.2769829349288008,400.0227448308214,-30.207456071122365,3.341389593441808,2.163780983203914,False,inf
58.665244,-1948.3070405157264,-26.451225197851155,398.5776592219629,-29.881057529278777,6.265433902863533,3.061185626828182,2.3469700394953463,-80284.48475964367,1.2437384933811393,3.064253735796676,55737821.317088485,4.363792377786186,6.265433902863533,-53128763317.90936,7.565935811380264,-0.1028940239519097,47.828411680384384,14.12058641068398,-2062.4291989537883,-5.962643467947312,47.30675299140782,2.3469700394953463,-3579312427.029953,147.64802838162484,48.87573559003593,4.375819270064933,-43291.2563274439,20565683628.11941,3.0000000000000755,-0.857983000000007,-400491.1412970173,-1.254365702296063,387.62914703793376,-23.152063803726666,0.0,-9.49712539063348e-21,0.0,9.384057517196501e-20,-39.93134580321284,0.1128900444936019,-39.93134580321284,0.0,-49.42151215193197,0.0,0.0,2810.819999999976,-14.617700000000092,0.0,0.0,0.0,0.0,0.0,0.0,0.0,0.0,0.0,0.0,0.0,3785.529999999986,-83.48819999999867,0.0,0.0,0.0,0.0,0.0,0.0,0.0,0.0,0.0,0.0,0.0,7388.629999999986,-42.01050000000143,0.0,0.0,0.0,0.0,0.0,0.0,0.0,0.0,0.0,999.0000000000456,999.0000000000456,1.0000000000000029,-12.794363508178616,gaze,0.4320401558189651,0.434195334708818,345.87297527889564,184.12720809246372,-40.34451840136978,-38.80050412052194,-16.31208159205869,-32.434310466473555,-0.042329514557973,-0.0251261059125406,1.006066504672262,5.207862207542358,30.37270324516323,-15.891317553573865,-22.04150293155106,0.4751557059335787,0.439464196002343,0.7455340493801734,4.662033526223714,21.99393787851776,-17.67437444820545,-24.807027040216266,0.2455853434886288,0.1973856279647369,0.8907035089069931,4.936864750006942,0.7704739628449435,True,-0.2518993277015633,imu,-0.4719425592000001,-9.514218436800002,2.5188214408,-1.67472037,0.2836125699999998,-4.90204108,99.90021586655816,-38.84742606742224,133.4663796530088,387.62914703793376,-23.152063803726666,False,0.9601626007282624,-0.2794419083865898,400.089783838712,-30.21941849543949,3.3037855337424205,2.3469700394953463,False,inf
58.67368,-1996.048598850232,-26.847888165197503,398.7100054513537,-29.914713818513555,6.340918281175432,3.1305787595010925,2.7159137605881014,-82590.04894529283,1.2657451898425074,3.133707348233491,57364586.02698611,4.433581207673698,6.340918281175432,-54716724282.65166,7.630601180093834,-0.1049164425389698,48.136212082904265,14.297128207884004,-2112.8576714931914,-6.071769405273673,47.60925180547914,2.7159137605881014,-3686119803.3640194,149.48614449804518,49.59914404993352,4.42813763068589,-44438.43932723068,21179334047.425705,3.00000000000008,-0.8579830000000075,-411218.77854144,-1.2721528017312294,387.6389593524696,-23.144084124589625,0.0,-9.638756719151598e-21,0.0,9.524002648649722e-20,-40.49156657590355,0.1144908433612698,-40.49156657590355,0.0,-50.116609292463096,0.0,0.0,2810.819999999977,-14.617700000000092,0.0,0.0,0.0,0.0,0.0,0.0,0.0,0.0,0.0,0.0,0.0,3785.529999999986,-83.48819999999867,0.0,0.0,0.0,0.0,0.0,0.0,0.0,0.0,0.0,0.0,0.0,7388.62999999999,-42.01050000000144,0.0,0.0,0.0,0.0,0.0,0.0,0.0,0.0,0.0,999.0000000000464,999.0000000000464,1.0000000000000029,-12.92864026070894,gaze,0.4315967237344647,0.4333502457669703,270.55501748986103,146.4438803702837,-47.57452490313247,-38.786585760311496,-16.31322748386479,-32.47568890784874,-0.043450906714147,-0.023660571838155,1.005730966495386,5.205387883261811,29.974980749089948,-15.947892423367042,-22.10202039167149,0.4740590162137948,0.4376708126483298,0.746467461199642,4.674234803296126,19.31093713476395,-17.65439833032592,-25.157500822658463,0.247079970264421,0.1985194464489705,0.8901516955059435,4.941566646527535,-0.3759668411518114,True,-0.231035894656133,imu,-0.4737370176,-9.561472508,2.551121692,-1.3233056,0.47801223,-4.98428709,99.92600205543256,-38.862140822319965,133.4510873934432,387.6389593524696,-23.144084124589625,False,0.9587060894369746,-0.2843987237602579,400.2242775054248,-30.24333083916122,3.2268426348579715,2.7159137605881014,False,inf
58.681109,-2038.854389102882,-27.20068739626673,398.8273610206968,-29.94450438985264,6.407943883626909,3.192404522196324,3.044528641324476,-84660.45974542573,1.285360063619745,3.1955870503409654,58828411.3447047,4.495618386024381,6.407943883626909,-56146363881.79334,7.687873877980149,-0.1067201194226578,48.40867696772326,14.453881529754522,-2158.07092915487,-6.168923486708601,47.87702185718899,3.044528641324476,-3782274974.348955,151.11818783044282,50.24284253404232,4.474705331937607,-45468.45289543088,21731782747.472023,3.000000000000079,-0.8579830000000075,-420854.7299683932,-1.2879692140527477,387.64771397939967,-23.13695260119073,0.0,-9.764800239859723e-21,0.0,9.648545553437056e-20,-40.98951218900559,0.1159142847883771,-40.98951218900559,0.0,-50.73442455950526,0.0,0.0,2810.819999999975,-14.617700000000092,0.0,0.0,0.0,0.0,0.0,0.0,0.0,0.0,0.0,0.0,0.0,3785.529999999984,-83.48819999999859,0.0,0.0,0.0,0.0,0.0,0.0,0.0,0.0,0.0,0.0,0.0,7388.629999999983,-42.01050000000146,0.0,0.0,0.0,0.0,0.0,0.0,0.0,0.0,0.0,999.0000000000472,999.0000000000472,1.0000000000000029,-13.04768981350707,gaze,0.4311915510141768,0.4325898328213409,207.6550708278208,114.7638807416156,-51.59045476040535,-38.77194847008256,-16.314775100490888,-32.51399510541808,-0.0444243069686909,-0.0223514200482711,1.0054233867420657,5.203027728397324,29.603253088117995,-16.00314827068262,-22.15380980368454,0.473078324470141,0.4360443704302417,0.7473074279876322,4.684473294567455,16.72884968635587,-17.63373976430608,-25.46643754044401,0.2483621389994922,0.1995012738338223,0.8896722998106953,4.945467178593571,0.0,True,0.0,imu,-0.4785464334111844,-9.646211249017863,2.389705452704724,0.6117561740782118,0.1173862790306408,-5.7581953312921,99.94435049491337,-38.874881058935806,133.43809931084988,387.64771397939967,-23.13695260119073,False,0.9573838694986312,-0.2888185008337028,400.3434929124391,-30.26443107964576,3.1569570871149337,3.044528641324476,False,inf
58.682115,-2044.7064105709944,-27.248713931788497,398.8433111335378,-29.94854944788325,6.417060063362009,3.2008285107028813,3.089296582290764,-84943.7387211509,1.2880332435220652,3.20401839222337,59028911.17119782,4.504061028896886,6.417060063362009,-56342234041.14332,7.695653037675695,-0.1069660060235489,48.4456743757334,14.47520123452492,-2164.25195824606,-6.182155918846224,47.913381631537526,3.089296582290764,-3795448629.027765,151.3401559379838,50.33048988314553,4.48104710287965,-45609.3703624568,21807470452.32164,3.0000000000000764,-0.857983000000007,-422173.3258520314,-1.2901220343056805,387.6489077028464,-23.13597933577269,0.0,-9.781963898951688e-21,0.0,9.665504869928117e-20,-41.05727422037288,0.116108033751417,-41.05727422037288,0.0,-50.81849785242713,0.0,0.0,2810.8199999999724,-14.617700000000076,0.0,0.0,0.0,0.0,0.0,0.0,0.0,0.0,0.0,0.0,0.0,3785.529999999984,-83.48819999999856,0.0,0.0,0.0,0.0,0.0,0.0,0.0,0.0,0.0,0.0,0.0,7388.629999999983,-42.01050000000141,0.0,0.0,0.0,0.0,0.0,0.0,0.0,0.0,0.0,999.000000000046,999.000000000046,1.0000000000000022,-13.063868872313826,gaze,0.4311356590180374,0.4324857305012355,199.5090108761616,110.6428315721522,-51.95943298186397,-38.76979775760315,-16.31502282238532,-32.51931224056153,-0.0445551112875421,-0.0221728426888628,1.0053808825981525,5.20269528534461,29.55161129118342,-16.010995252417985,-22.16065772811594,0.4729444758397184,0.4358208066105099,0.7474224377120344,4.6858237498758335,16.367010740555656,-17.630724335385565,-25.508114273322136,0.2485333236355853,0.1996330324617534,0.8896078541747219,4.945978287577413,-0.984175710972206,True,-0.2118259047417149,imu,-0.4791203928000001,-9.579417092000002,2.552916150400001,-0.91955246,0.7172733499999997,-5.16373293,99.94652184989424,-38.87659067394066,133.43637676935268,387.6489077028464,-23.13597933577269,False,0.9572019179124398,-0.289420953534375,400.3596925365212,-30.26729141356389,3.147338131361442,3.089296582290764,False,inf
58.690551,-2094.3051939018333,-27.65382719477625,398.977614057213,-29.98257319440952,6.493881486809542,3.2719586836197734,3.467238193818304,-87346.85736858845,1.3106104576810056,3.2752106921506616,60731844.82982834,4.575252987033019,6.493881486809542,-58006346803.31907,7.761108392068611,-0.109043422768682,48.756878120436994,14.654857322044917,-2216.6381111718333,-6.293838512543937,48.21922068983138,3.467238193818304,-3907369664.92614,153.21060177802963,51.07000913598391,4.534564952029401,-46804.69540439086,22450499367.013245,3.000000000000081,-0.8579830000000084,-433360.9960109182,-1.3082790124793853,387.65899531264506,-23.12774666589161,0.0,-9.92679361013415e-21,0.0,9.808610305378646e-20,-41.62864193300131,0.1177421207719797,-41.62864193300131,0.0,-51.52739238513124,0.0,0.0,2810.819999999978,-14.617700000000106,0.0,0.0,0.0,0.0,0.0,0.0,0.0,0.0,0.0,0.0,0.0,3785.529999999986,-83.48819999999864,0.0,0.0,0.0,0.0,0.0,0.0,0.0,0.0,0.0,0.0,0.0,7388.62999999999,-42.010500000001485,0.0,0.0,0.0,0.0,0.0,0.0,0.0,0.0,0.0,999.0000000000476,999.0000000000476,1.000000000000003,-13.200087424342568,gaze,0.4306576286450509,0.4316024781098223,135.7429801621202,78.18439185937102,-53.37360081972915,-38.75020593137958,-16.317452482762445,-32.56507377217719,-0.0456426039973527,-0.0206635151035212,1.0050166118326984,5.1997888675375785,29.10861311562469,-16.07995114775762,-22.21599936896982,0.4718124652206699,0.4339156144141859,0.7483984831186686,4.696814687317792,13.255692893158187,-17.603422520033956,-25.854456684561907,0.2499460144758765,0.2007267209401904,0.8890718662018139,4.950105838502079,-0.5668416756702116,True,-0.1943252663943075,imu,-0.5066354216000001,-9.5877912312,2.57205704,-0.54570696,0.6798887999999996,-5.53757843,99.96179930109165,-38.89078130255677,133.42228838660554,387.65899531264506,-23.12774666589161,False,0.9556483676118004,-0.2945100974175613,400.4960649808029,-30.291305752862232,3.065196909228957,3.467238193818304,False,inf
58.692931,-2108.469190038166,-27.768890441054864,399.0156825320678,-29.99220552090413,6.515676543159587,3.292184951587894,3.574685522535028,-88033.82847377658,1.3170322074098806,3.295454638145684,61219321.85852798,4.595465868094573,6.515676543159587,-58482873502.19402,7.779646737298297,-0.1096345369511685,48.8449854294108,14.705826493339,-2231.597733354029,-6.3255802214171215,48.30580876700646,3.574685522535028,-3939418037.85462,153.74124633341853,51.28011673161447,4.549773188491514,-47146.36369541741,22634629323.132187,3.00000000000008,-0.8579830000000079,-436559.7405475752,-1.3134352948779828,387.6618663655793,-23.12540095697145,0.0,-9.967945735134991e-21,0.0,9.849272492144213e-20,-41.790855608784334,0.1182061745312008,-41.790855608784334,0.0,-51.72864747464521,0.0,0.0,2810.8199999999742,-14.617700000000092,0.0,0.0,0.0,0.0,0.0,0.0,0.0,0.0,0.0,0.0,0.0,3785.529999999984,-83.48819999999859,0.0,0.0,0.0,0.0,0.0,0.0,0.0,0.0,0.0,0.0,0.0,7388.629999999986,-42.01050000000146,0.0,0.0,0.0,0.0,0.0,0.0,0.0,0.0,0.0,999.0000000000472,999.0000000000472,1.0000000000000022,-13.238694960012014,gaze,0.4305198116395249,0.4313500424687671,119.43684908384432,69.81050155434997,-53.22333980831987,-38.74418140307069,-16.318250518933205,-32.578352707984415,-0.0459463948851566,-0.0202339519569594,1.0049113439864168,5.198930975731659,28.980939387847148,-16.100361108923714,-22.23081949376972,0.4714900495671448,0.4333684272926788,0.7486775409551719,4.699808667242959,12.361865892078972,-17.595076159047117,-25.950780742643563,0.2503372197396754,0.2010316640820678,0.8889220844001954,4.951219542168739,-0.3104190730311888,True,-0.1897048204987464,imu,-0.4803194793765426,-9.647636359740472,2.3846741801966784,1.002896241278585,0.0022553551885032,-5.803535083886879,98.0970484,-38.62971480000002,134.3463544,387.6618663655793,-23.12540095697145,False,0.9552009838721792,-0.2959579031038378,400.53470975443423,-30.29808997246974,3.0415398682635195,3.574685522535028,False,inf
58.698987,-2144.852541627345,-28.063210473496955,399.1129046852325,-30.01678181415177,6.571377765080124,3.3439681844519646,3.849725884795447,-89799.88157654181,1.3334767394606766,3.347283153694869,62473852.95924917,4.647153218590418,6.571377765080124,-59709548819.94343,7.826961141790795,-0.1111486748789051,49.069792922939854,14.836085099558646,-2270.0240927558443,-6.406813547182358,48.526739139886864,3.849725884795447,-4021915469.285664,155.09736305610815,51.8176785332985,4.58868968410612,-48024.6491824846,23108607826.07676,3.00000000000008,-0.8579830000000075,-444784.1575745784,-1.326622975172853,387.66922187809337,-23.1193862156652,0.0,-1.0073241760097136e-20,0.0,9.95331491112236e-20,-42.20564222155005,0.1193930359267138,-42.20564222155005,0.0,-52.24325844044633,0.0,0.0,2810.8199999999742,-14.617700000000092,0.0,0.0,0.0,0.0,0.0,0.0,0.0,0.0,0.0,0.0,0.0,3785.529999999984,-83.48819999999853,0.0,0.0,0.0,0.0,0.0,0.0,0.0,0.0,0.0,0.0,0.0,7388.629999999983,-42.01050000000152,0.0,0.0,0.0,0.0,0.0,0.0,0.0,0.0,0.0,999.0000000000476,999.0000000000476,1.0000000000000029,-13.337285986903838,gaze,0.4301634522251903,0.4307014724860988,81.8229097699331,50.31985525243361,-51.74000691227113,-38.7278815920262,-16.32050090161654,-32.61284087790587,-0.0467134647684584,-0.0191337022739564,1.004638631781203,5.196673978406978,28.6521978394682,-16.154006099378144,-22.2666191203282,0.4706637532085884,0.4319573061890893,0.7493947711149777,4.7072176753305,10.081286861555736,-17.572583349472225,-26.19209485055123,0.2513181352722791,0.2018004505604455,0.8885438057627814,4.953953835934862,0.4024451663035279,True,-0.1785880607906453,imu,-0.5108224912,-9.5704448,2.581029332,-0.3513073,0.4929660499999997,-6.24040797,99.9718672010099,-38.90471322086016,133.4088661425816,387.66922187809337,-23.1193862156652,False,0.9540442227055314,-0.2996658491089678,400.6333827556299,-30.315370892050616,2.9803713298307875,3.849725884795448,False,inf
58.70109,-2157.6027001681314,-28.16593352762329,399.14678564811686,-30.02533851502472,6.590802294687819,3.36205711200842,3.945787334240862,-90419.25269667432,1.3392223562265415,3.365387907255524,62914278.45118903,4.665187949541973,6.590802294687819,-60140304552.58431,7.843439559049965,-0.111677851194833,49.14806623095509,14.8815090165596,-2283.489954807565,-6.4351793065738985,48.60366225801103,3.945787334240862,-4050884518.621696,155.57026372689427,52.00534060549047,4.602277429356924,-48332.64886194983,23275045725.28926,3.000000000000081,-0.8579830000000079,-447668.923538026,-1.331225194749822,387.6717929852033,-23.11728205200488,0.0,-1.011000315574548e-20,0.0,9.989638642510577e-20,-42.35036359495509,0.1198072252721827,-42.35036359495509,0.0,-52.42280705273944,0.0,0.0,2810.819999999975,-14.6177000000001,0.0,0.0,0.0,0.0,0.0,0.0,0.0,0.0,0.0,0.0,0.0,3785.529999999984,-83.48819999999853,0.0,0.0,0.0,0.0,0.0,0.0,0.0,0.0,0.0,0.0,0.0,7388.629999999983,-42.01050000000152,0.0,0.0,0.0,0.0,0.0,0.0,0.0,0.0,0.0,999.0000000000488,999.0000000000488,1.000000000000003,-13.371641359088468,gaze,0.4300378338332822,0.430474199361845,70.15767590987679,44.20816664952491,-50.85442660833221,-38.721898969117134,-16.321355408076155,-32.62504513341655,-0.0469778529874525,-0.0187492556829157,1.0045423213783191,5.195865592967738,28.537047109067256,-16.173169118115805,-22.27833934969264,0.4703748653266287,0.4314610653620362,0.749646203977135,4.709720798870521,9.292678088578716,-17.564356031663216,-26.274409893718648,0.251653903413046,0.2020650198437651,0.888413401662846,4.954870155906103,0.0,True,0.0,imu,-0.4815343484669105,-9.64859556297507,2.381275994145934,1.2983438783764352,-0.1178666185646864,-5.830879208191627,99.97357145212445,-38.90814626643147,133.40562858859545,387.6717929852033,-23.11728205200488,False,0.9536362837441216,-0.3009615230003685,400.6677621923242,-30.32137795829408,2.958800562368883,3.945787334240862,False,inf
58.707422,-2196.3557213553863,-28.476844390084675,399.2491730394315,-30.051171977607687,6.649543808621858,3.4168555385384134,4.236744918224453,-92303.27197355776,1.3566318727124016,3.4202343013102428,64255390.52627732,4.719757540144557,6.649543808621858,-61452315706.84086,7.893205000365116,-0.1132817323041901,49.38438758444096,15.01887248918158,-2324.4175222106087,-6.521076811352361,48.83590635176509,4.236744918224453,-4139117884.543414,157.00031346872652,52.57347124287482,4.643419539826514,-49269.45851988709,23781978751.54583,3.0000000000000817,-0.8579830000000079,-456445.1055557649,-1.3451530789942605,387.67958703219176,-23.11089814351548,0.0,-1.0221303553584588e-20,0.0,1.0099613948991592e-19,-42.788245101140674,0.1210607033114698,-42.788245101140674,0.0,-52.96605848088519,0.0,0.0,2810.8199999999742,-14.617700000000092,0.0,0.0,0.0,0.0,0.0,0.0,0.0,0.0,0.0,0.0,0.0,3785.529999999984,-83.48819999999856,0.0,0.0,0.0,0.0,0.0,0.0,0.0,0.0,0.0,0.0,0.0,7388.629999999983,-42.01050000000152,0.0,0.0,0.0,0.0,0.0,0.0,0.0,0.0,0.0,999.0000000000488,999.0000000000488,1.0000000000000029,-13.475454191700894,gaze,0.4296539466848883,0.429783694272398,39.70674706600055,28.011369218958524,-47.0381277285213,-38.702897022152335,-16.324152384799525,-32.66247001953576,-0.0477677793358338,-0.0175845157982698,1.0042474215800643,5.193356015102551,28.188553696319023,-16.232353513897447,-22.31111911665552,0.4694991096367629,0.4299479561224237,0.7504104737064751,4.71704294774338,6.951623881719464,-17.538310541226977,-26.516752194599675,0.2526497986522261,0.2028541704346064,0.888023742275361,4.957526906121488,0.954487195486618,True,-0.1646589854165032,imu,-0.5491042704000001,-9.580613397600002,2.6061517496,0.27675314,0.1265974599999997,-6.816130039999999,99.97677656256502,-38.918387051255,133.39615166508526,387.67958703219176,-23.11089814351548,False,0.9523882618281124,-0.3048878461533461,400.77163330388447,-30.33948386283235,2.8928143991793798,4.236744918224453,False,inf
58.715858,-2248.8404997586285,-28.89485706086023,399.3864576928762,-30.08575259956808,6.728402385389882,3.4906452826774146,4.628418603249841,-94858.3901455216,1.3800839076034956,3.49408869368,66077556.01823807,4.793087648687655,6.728402385389882,-63235753176.78846,7.959857268650897,-0.1154433263353002,49.70074290312155,15.20327255480602,-2379.8455550398835,-6.636664849893581,49.146801760549,4.628418603249841,-4259051124.899481,158.92000487981036,53.33763002953575,4.698772283697435,-50539.79822035285,24471038506.342865,3.0000000000000835,-0.8579830000000075,-468350.3345848616,-1.3638750884290516,387.6900941053145,-23.1022795785282,0.0,-1.0371027015947906e-20,0.0,1.0247554872568276e-19,-43.3766283082612,0.122745641716081,-43.3766283082612,0.0,-53.69601267256822,0.0,0.0,2810.8199999999724,-14.617700000000092,0.0,0.0,0.0,0.0,0.0,0.0,0.0,0.0,0.0,0.0,0.0,3785.5299999999806,-83.48819999999847,0.0,0.0,0.0,0.0,0.0,0.0,0.0,0.0,0.0,0.0,0.0,7388.629999999983,-42.01050000000152,0.0,0.0,0.0,0.0,0.0,0.0,0.0,0.0,0.0,999.0000000000492,999.0000000000492,1.0000000000000029,-13.614630895877706,gaze,0.4291297364931177,0.4288497850271542,10.599019939216918,11.86143889034815,-39.3053484346012,-38.675315126995656,-16.32839273546359,-32.71382603704899,-0.0488060053610085,-0.0160165038185663,1.0038433154901252,5.189839132285543,27.72360013331476,-16.31417159507669,-22.34815871333405,0.4683188822192262,0.4278888995674981,0.7514451332203332,4.7263040937321925,3.97068972511319,-17.50070636902041,-26.82446942416664,0.2539415893494609,0.2038882042231302,0.8875115596684264,4.960830886749535,0.3545186699674068,True,-0.1525695545962266,imu,-0.5772174520000001,-9.625474857600002,2.6330686256,0.7702292,-0.0378945600000002,-7.257267730000001,99.97659499464876,-38.931808251146514,133.38418017128723,387.6900941053145,-23.1022795785282,False,0.95067864187106,-0.3101775618741574,400.9108532679196,-30.36365029799018,2.802447210518129,4.628418603249841,False,inf
58.721181,-2282.4658261392706,-29.16085897016904,399.4735999286983,-30.1076687516845,6.778514586553403,3.537668804584294,4.877945253055351,-96497.45047622174,1.3950343516910746,3.5411534467285226,67248423.87649673,4.83972902536777,6.778514586553403,-64382216062.754745,8.002120778610927,-0.1168219193300853,49.901248395954376,15.320449588954078,-2415.3554542098964,-6.710278347210414,49.34384571822703,4.877945253055351,-4336146640.668916,160.13984810114223,53.82409156387742,4.73401847034468,-51354.59986434982,24913979675.96602,3.0000000000000844,-0.8579830000000079,-475989.0638957503,-1.3757866635047822,387.6967967174569,-23.09677436080002,0.0,-1.0466352373167056e-20,0.0,1.0341745329806637e-19,-43.750846951856616,0.1238176564420179,-43.750846951856616,0.0,-54.160263234089,0.0,0.0,2810.819999999975,-14.6177000000001,0.0,0.0,0.0,0.0,0.0,0.0,0.0,0.0,0.0,0.0,0.0,3785.529999999984,-83.48819999999847,0.0,0.0,0.0,0.0,0.0,0.0,0.0,0.0,0.0,0.0,0.0,7388.629999999986,-42.01050000000156,0.0,0.0,0.0,0.0,0.0,0.0,0.0,0.0,0.0,999.00000000005,999.00000000005,1.000000000000003,-13.702962784497526,gaze,0.4287917633511546,0.42825263917417,-0.8769874132036701,4.9470313839531865,-32.91031088779146,-38.65660720802234,-16.33136441255763,-32.74704665461708,-0.0494528611758414,-0.0150179253667539,1.0035819085077915,5.187520076520265,27.432226263222816,-16.367184446557793,-22.367101582505867,0.4675665053471966,0.4265650161131039,0.7521073703099402,4.731861892011506,2.210269928632937,-17.475320514793662,-27.008177888265674,0.254736213726188,0.2045305043751851,0.8871924695423211,4.962779197560749,0.0,True,0.0,imu,-0.4844958751438029,-9.650873329225044,2.373166148973573,2.0748822930912003,-0.5553788276890624,-5.878423236431913,99.97389632973568,-38.94014700147432,133.377025908872,387.6967967174569,-23.09677436080002,False,0.9495717166114004,-0.3135499242731183,400.9991913052655,-30.37892499906661,2.743959466543064,4.877945253055352,False,inf
58.724293,-2302.3081122664244,-29.31717954758439,399.5247323875028,-30.12051624429993,6.807939050134072,3.565327212619831,5.024685750687574,-97465.40589737149,1.4038298574952186,3.568836118017607,67940601.0251134,4.867130656383542,6.807939050134072,-65060138784.866165,8.026903741919611,-0.1176331710427455,50.018790088739365,15.389251339502678,-2436.309438574726,-6.753559750720666,49.45935779447862,5.024685750687574,-4381733708.831067,160.85608321104652,54.110037586640296,4.75473960223133,-51835.75051222622,25175893460.775414,3.0000000000000835,-0.8579830000000079,-480500.7898317198,-1.3827859418983108,387.7007414816969,-23.09353170290087,0.0,-1.0522389632681224e-20,0.0,1.0397115435392164e-19,-43.970692119140246,0.1244475756045807,-43.970692119140246,0.0,-54.43299695490934,0.0,0.0,2810.8199999999724,-14.617700000000092,0.0,0.0,0.0,0.0,0.0,0.0,0.0,0.0,0.0,0.0,0.0,3785.529999999984,-83.48819999999847,0.0,0.0,0.0,0.0,0.0,0.0,0.0,0.0,0.0,0.0,0.0,7388.629999999979,-42.01050000000154,0.0,0.0,0.0,0.0,0.0,0.0,0.0,0.0,0.0,999.00000000005,999.00000000005,1.0000000000000029,-13.75478922540088,gaze,0.428591680851589,0.4279008136402727,-5.153474523706365,2.064720095935206,-28.64644631527755,-38.645210928763625,-16.33320604925598,-32.76674103275091,-0.049828102289412,-0.0144309421956916,1.003426831366648,5.18612905448298,27.2632994092275,-16.398564144989916,-22.376435390332453,0.4671239676418027,0.4257824152397481,0.7524978138090627,4.735010071568169,1.2349482498976894,-17.45990046256778,-27.11139004490563,0.2551934709272201,0.2049023815380412,0.8870073856228363,4.963869941581337,-1.1617974575283678,True,-0.142349329045424,imu,-0.601143564,-9.6535880392,2.6097406664,0.94219813,-0.23229422,-7.803082159999999,99.9714035360854,-38.94497584067119,133.37299082343318,387.7007414816969,-23.09353170290087,False,0.948914287891979,-0.3155339510012488,401.0510134756248,-30.3878644068914,2.7092324542689594,5.024685750687574,False,inf
58.732729,-2356.7850434021407,-29.743942282811467,399.66403622699,-30.15547191935389,6.888176929691322,3.640926363235592,5.425672121503936,-100125.7207816206,1.4278779403583373,3.644501631544103,69845658.65050913,4.941908633247545,6.888176929691322,-66926613625.3853,8.094361918201708,-0.1198520132801184,50.338610771078415,15.576862740662104,-2493.8370838684546,-6.871798764226587,49.77365470563672,5.425672121503936,-4507242222.831857,162.80910897402936,54.89094123668549,4.811339598589483,-53158.00996392677,25896983606.26439,3.000000000000087,-0.8579830000000079,-492903.1592155609,-1.4018915069297284,387.7115325639541,-23.0846515783335,0.0,-1.0675440342025426e-20,0.0,1.0548343993066154e-19,-44.57061734578592,0.1261670330403357,-44.57061734578592,0.0,-55.177235295979614,0.0,0.0,2810.8199999999724,-14.617700000000092,0.0,0.0,0.0,0.0,0.0,0.0,0.0,0.0,0.0,0.0,0.0,3785.529999999984,-83.48819999999847,0.0,0.0,0.0,0.0,0.0,0.0,0.0,0.0,0.0,0.0,0.0,7388.629999999983,-42.01050000000156,0.0,0.0,0.0,0.0,0.0,0.0,0.0,0.0,0.0,999.0000000000504,999.0000000000504,1.000000000000003,-13.89596856210104,gaze,0.4280403770351257,0.4269373912167911,-8.224647221791386,-1.67215783645588,-15.23101502411088,-38.61264544219858,-16.338578726571622,-32.82106355901299,-0.0508345160411945,-0.0128283480890846,1.002998287694125,5.18222974388163,26.81314556943959,-16.48464447111023,-22.394734741737874,0.4659146927014028,0.4236297736615251,0.7535680822203766,4.74317399768451,-1.1756595048679332,-17.416013592245413,-27.37409988676141,0.2564060109399571,0.2058970185674719,0.8865111058702774,4.966649696563172,-1.8002785100312084,True,-0.1340146812083755,imu,-0.6262659816,-9.646410205600002,2.604955444,1.18145925,-0.4416477000000003,-7.975051089999999,99.96129593376794,-38.957895131506646,133.36261542211756,387.7115325639541,-23.0846515783335,False,0.9470932708076368,-0.3209584652114541,401.1921509665671,-30.412131894198623,2.613088706527347,5.425672121503936,False,inf
58.741163,-2412.265670445374,-30.17502313496019,399.8043258351077,-30.190607927081388,6.969091650469641,3.7174230494246654,5.831266207731808,-102839.17018688844,1.4522221515911953,3.721065532257404,71792742.7983257,5.017399385873384,6.969091650469641,-68835222833.20589,8.16220933997241,-0.1220992874678766,50.66009712986868,15.766049589069748,-2552.422495835134,-6.991349176953751,50.08958656836616,5.831266207731808,-4635579554.417513,164.77848647631313,55.68012624632637,4.868556887215089,-54506.49269446646,26634325507.47613,3.0000000000000844,-0.8579830000000075,-505556.8321079415,-1.421186344512707,387.72246436962814,-23.07564151940759,0.0,-1.0830137528817195e-20,0.0,1.0701199425876277e-19,-45.17622973359069,0.127903524523953,-45.17622973359069,0.0,-55.92851118168988,0.0,0.0,2810.8199999999706,-14.617700000000092,0.0,0.0,0.0,0.0,0.0,0.0,0.0,0.0,0.0,0.0,0.0,3785.5299999999806,-83.48819999999841,0.0,0.0,0.0,0.0,0.0,0.0,0.0,0.0,0.0,0.0,0.0,7388.629999999983,-42.01050000000159,0.0,0.0,0.0,0.0,0.0,0.0,0.0,0.0,0.0,999.0000000000504,999.0000000000504,1.0000000000000029,-14.038124694818524,gaze,0.0,0.0,0.0,0.0,0.0,-37.09119998857696,-16.88337221642875,-33.66275001208935,-0.0495360899922869,-0.128777626301251,0.9904355096383062,4.935559749603271,26.01250156933925,-16.95120240472655,-22.14914412748648,0.4153209149744429,0.2845321164601478,0.8640312565454449,4.230420112609863,-5.539349209618855,-16.91728731057765,-27.90594706978792,0.182892412491078,0.0778772450794484,0.9272333830918756,4.582989931106567,0.0,True,0.0,imu,-0.4874000563356013,-9.65302086984562,2.365463712857818,2.851252038196358,-1.172352017032208,-5.887605079960113,99.94638496766528,-38.97056374968267,133.35309010338014,387.72246436962814,-23.07564151940759,False,0.9563590564769768,-0.2921940367195514,401.3342191552615,-30.43644411023745,3.062296643028446,5.831266207731808,False,inf
58.74126,-2412.909724142266,-30.18000684627784,399.80594526541154,-30.191013128670065,6.970026319989073,3.7183081960475928,5.8359584486836695,-102870.69355507196,1.4525039016161048,3.721951456990367,71815386.14383677,5.018271876388416,6.970026319989073,-68857424319.31853,8.162992020846126,-0.1221253028327729,50.66380471886741,15.768234899635647,-2553.1025793875115,-6.992731961824069,50.09323008812778,5.8359584486836695,-4637072384.944533,164.8012346116629,55.68925220936352,4.869218634288973,-54522.15755818237,26642902325.292145,3.0000000000000853,-0.8579830000000079,-505703.856632932,-1.4214093883212564,387.722590933824,-23.075537122786848,0.0,-1.083192654977381e-20,0.0,1.0702967147566673e-19,-45.183228982912574,0.1279235979589614,-45.183228982912574,0.0,-55.9371938058745,0.0,0.0,2810.8199999999706,-14.617700000000085,0.0,0.0,0.0,0.0,0.0,0.0,0.0,0.0,0.0,0.0,0.0,3785.529999999984,-83.48819999999844,0.0,0.0,0.0,0.0,0.0,0.0,0.0,0.0,0.0,0.0,0.0,7388.629999999983,-42.01050000000159,0.0,0.0,0.0,0.0,0.0,0.0,0.0,0.0,0.0,999.0000000000514,999.0000000000514,1.0000000000000029,-14.039765541884949,gaze,0.4274701856925153,0.4259493787474716,-0.2887383619686909,-0.1440991034732344,0.8863068513905938,-38.57728290533096,-16.34456532372777,-32.87724765918753,-0.0518363957411902,-0.0111914759720676,1.0025531244999646,5.1780994088803975,26.37368644177459,-16.57245140733129,-22.401933659049465,0.4646779549989999,0.4214079875673102,0.7546674742556057,4.750888712084427,-3.222081338967039,-17.368646500570875,-27.61191630073922,0.2575923209893019,0.2068829396676103,0.8860173311790767,4.969201640905489,1.016375069644697,True,-0.1275163863403262,imu,-0.6382290376000002,-9.6159044128,2.6169185,1.18145925,-0.5238937100000003,-8.19935839,99.94618598565684,-38.97070802066469,133.35298560353334,387.722590933824,-23.075537122786848,False,0.945192758841583,-0.3265128613599117,401.33585871320247,-30.436724020305952,2.5128335369110317,5.8359584486836695,False,inf
58.749791,-2470.088956846884,-30.62062400936229,399.9489031361306,-30.22674809414057,7.05259203828291,3.796634209580549,6.251088947925233,-105671.49532275274,1.4774413440195122,3.800346357586505,73829300.5264483,5.095387136904624,7.05259203828291,-70832541398.09775,8.232038350650893,-0.1244284544223321,50.99078668868941,15.96127448129185,-2613.479435723023,-7.1150453613956905,50.414560643205945,6.251088947925233,-4769877160.492763,166.81066773471295,56.496291546313,4.927747941642808,-55913.86120582381,27405910403.335327,3.000000000000089,-0.8579830000000084,-518768.6675652953,-1.4411269762489471,387.7337967965527,-23.06628668912933,0.0,-1.0990147878866476e-20,0.0,1.085930476574216e-19,-45.80184586435618,0.1296981359583212,-45.80184586435618,0.0,-56.70458369219395,0.0,0.0,2810.8199999999706,-14.6177000000001,0.0,0.0,0.0,0.0,0.0,0.0,0.0,0.0,0.0,0.0,0.0,3785.5299999999806,-83.48819999999844,0.0,0.0,0.0,0.0,0.0,0.0,0.0,0.0,0.0,0.0,0.0,7388.629999999986,-42.01050000000161,0.0,0.0,0.0,0.0,0.0,0.0,0.0,0.0,0.0,999.0000000000514,999.0000000000514,1.000000000000003,-14.18460245330846,gaze,0.4268879701924371,0.4249483865780112,15.561997130158172,5.227919359038708,19.23376600667626,-38.53954594060689,-16.35109357687817,-32.93450432031267,-0.0528225246214022,-0.0095391795596418,1.002096521591278,5.17378580006698,25.955107881101096,-16.660045121101973,-22.39670376654006,0.4634279095579637,0.4191428279695944,0.7557833453570553,4.758070424280584,-4.842638718483425,-17.318429269629007,-27.818916792387263,0.2587388037275563,0.2078489124131852,0.8855316990335526,4.97149798742741,7.96576331502667,True,-0.1229627922155231,imu,-0.6591643856000001,-9.566257730400002,2.5738514984,1.48053565,-0.6360473600000001,-8.24421985,99.92628507170656,-38.98326984004442,133.3442547365868,387.7337967965527,-23.06628668912933,False,0.9432313087016524,-0.3321365657150207,401.480556683785,-30.46136780762979,2.409470422703746,6.251088947925233,False,inf
58.758322,-2528.337419402488,-31.065825508665803,400.0929164594979,-30.26267761339487,7.135878552089562,3.8759120960386233,6.671096918271964,-108528.96065983176,1.502692987389401,3.8796940326910168,75888141.04243098,5.173259133304933,7.135878552089562,-72852723027.98795,8.301502574021947,-0.1267617067653395,51.31956313214996,16.155991742328986,-2674.983091205248,-7.238748951307867,50.73765274496803,6.671096918271964,-4905707372.61319,168.83751451593386,57.31212659585678,4.98693259013925,-57333.53353288735,28186299810.030228,3.000000000000089,-0.8579830000000084,-532101.651456681,-1.4610457217791648,387.7451510685996,-23.056899374582606,0.0,-1.11501180299589e-20,0.0,1.1017370385132522e-19,-46.426509876166975,0.1314907776302424,-46.426509876166975,0.0,-57.47945655378732,0.0,0.0,2810.8199999999715,-14.617700000000106,0.0,0.0,0.0,0.0,0.0,0.0,0.0,0.0,0.0,0.0,0.0,3785.529999999984,-83.48819999999841,0.0,0.0,0.0,0.0,0.0,0.0,0.0,0.0,0.0,0.0,0.0,7388.629999999983,-42.010500000001656,0.0,0.0,0.0,0.0,0.0,0.0,0.0,0.0,0.0,999.0000000000528,999.0000000000528,1.0000000000000036,-14.33048573920865,gaze,0.4262944487590197,0.4239352439421558,35.048205212956255,12.42520983026766,39.393032989139606,-38.49950393391835,-16.358148736544727,-32.992641781011336,-0.0537931069089468,-0.0078723480859924,1.0016288954084973,5.169293771613724,25.561965858177484,-16.746437619615314,-22.378107065580046,0.4621651661836795,0.416836061011081,0.756915013437352,4.764730244782272,-6.037032429184039,-17.265523224333563,-27.99275429270904,0.2598457417550961,0.2087950180225872,0.8850542118768248,4.973543677972335,16.23625850206154,True,-0.1203500272068159,imu,-0.6717255944000001,-9.489096019200002,2.5259992744,1.84690424,-0.7482010100000003,-8.11711238,99.90173128645236,-38.99558281447399,133.33645276402595,387.7451510685996,-23.056899374582606,False,0.9412072622230798,-0.3378296753373429,401.6262487240064,-30.486063303665013,2.3029363280461013,6.671096918271964,False,inf
58.761255,-2548.6131939781835,-31.219952731682767,400.1426739647857,-30.27507544671672,7.164680182711905,3.903389505479836,6.816630478771756,-109524.6127161458,1.5114477018534205,3.90719564537908,76606493.33710693,5.200207573540354,7.164680182711905,-73557819656.80338,8.325481553754026,-0.127570887088495,51.43301379462197,16.223325906700236,-2696.391454165883,-7.2816018052762015,50.849141482459565,6.816630478771756,-4953114616.678887,169.53839630426432,57.59465876501172,5.007432869610117,-57828.15984621708,28458669886.19564,3.0000000000000906,-0.8579830000000088,-536748.2849967435,-1.4679406160118638,387.749089172371,-23.053640186067213,0.0,-1.1205523026060402e-20,0.0,1.107211575457977e-19,-46.64267694900675,0.1321113023746232,-46.64267694900675,0.0,-57.74759961661408,0.0,0.0,2810.8199999999706,-14.617700000000106,0.0,0.0,0.0,0.0,0.0,0.0,0.0,0.0,0.0,0.0,0.0,3785.5299999999806,-83.48819999999841,0.0,0.0,0.0,0.0,0.0,0.0,0.0,0.0,0.0,0.0,0.0,7388.629999999983,-42.010500000001656,0.0,0.0,0.0,0.0,0.0,0.0,0.0,0.0,0.0,999.0000000000528,999.0000000000528,1.0000000000000036,-14.38088401757417,gaze,0.0306612766762497,0.0679590938321348,40.434179681549054,14.374360138131465,48.91502080552651,-37.13261516721588,-16.817297615818326,-33.59997579999597,-0.0553248029553632,-0.110193346584473,0.9917956610423552,4.955662849135539,25.37169842384665,-16.688703181403287,-22.219336913370725,0.4402556331097379,0.2817789828512875,0.8511145485406905,4.294019459226357,-5.709903790651735,-16.83514385459423,-27.907801713235628,0.1876789137841326,0.0818350316064278,0.9243442439416992,4.603915542643758,20.12972327132888,True,0.0,imu,-0.4902799856475783,-9.655062910339751,2.358083474317492,3.565698489610439,-1.9220670658544023,-5.846440040799027,99.89224150675264,-38.99975899149294,133.33399010882178,387.749089172371,-23.053640186067213,False,0.947687934383126,-0.3191983380668581,401.67656869085306,-30.49456569557222,2.6060470102418205,6.816630478771757,False,inf
58.766853,-2587.6699242502136,-31.51564321593993,400.2379918848558,-30.298802486275576,7.219890346809201,3.956149585975559,7.096015795413294,-111443.93237365782,1.528261566206437,3.9600022200451934,77992655.13470975,5.251892600889753,7.219890346809201,-74918735975.20851,8.371386360964935,-0.1291252996861224,51.65014050751043,16.35239697995719,-2737.62912541843,-7.363852762972722,51.06251277443661,7.096015795413294,-5044614420.055228,170.88188154629563,58.13682503296325,5.046777673160873,-58781.59124989569,28984365821.67093,3.0000000000000906,-0.8579830000000084,-545706.9090723795,-1.4811670827212922,387.7566546692178,-23.047374273326533,0.0,-1.1311850772564543e-20,0.0,1.1177177611315843e-19,-47.057263093523474,0.1333016541734029,-47.057263093523474,0.0,-58.26186422125461,0.0,0.0,2810.8199999999706,-14.617700000000111,0.0,0.0,0.0,0.0,0.0,0.0,0.0,0.0,0.0,0.0,0.0,3785.5299999999806,-83.48819999999836,0.0,0.0,0.0,0.0,0.0,0.0,0.0,0.0,0.0,0.0,0.0,7388.629999999986,-42.01050000000168,0.0,0.0,0.0,0.0,0.0,0.0,0.0,0.0,0.0,999.0000000000535,999.0000000000535,1.0000000000000036,-14.477421870313378,gaze,0.4256903291760983,0.4229107682824856,53.9731974084579,19.447009661063348,60.87410070957524,-38.457225889155445,-16.365716218217894,-33.05146206068887,-0.0547483447326147,-0.0061918593366918,1.001150657378762,5.164628126633861,25.198246512639283,-16.83063840109956,-22.345347292888125,0.4608903276255105,0.4144894314086049,0.7580618044391804,4.77087917752971,-6.8331954557912296,-17.210097233453205,-28.1316071148743,0.260913418513424,0.2097213386701555,0.8845848711563002,4.97534361058508,21.87204358888166,True,-0.1196668586557697,imu,-0.6627533024,-9.411934308,2.488315648,2.47496468,-0.9126930300000002,-7.713359239999999,99.87267483457364,-39.00764915554878,133.3296077753816,387.7566546692178,-23.047374273326533,False,0.939118928814064,-0.3435922547775564,401.7729386477668,-30.510810587604023,2.193167700944069,7.096015795413294,False,inf
58.775383,-2648.094270250333,-31.970055592410123,400.3841188967469,-30.335119245779936,7.304621949446028,4.0373448725905625,7.525828472480157,-114416.9095582664,1.5541467761948533,4.041269111620608,80143343.6069829,5.331282939489817,7.304621949446028,-77031105252.257,8.441683119212355,-0.1315191916734608,51.98248621149121,16.550477210434906,-2801.4257122606623,-7.490351957964066,51.38910872736907,7.525828472480157,-5186633445.636854,172.9436330925312,58.970356616205365,5.107281175802978,-60258.28034990525,29800310318.677338,3.0000000000000906,-0.8579830000000079,-559586.9391424556,-1.5014901290866267,387.7683071455597,-23.03771161744514,0.0,-1.1475340674101987e-20,0.0,1.1338721076386745e-19,-47.69407276483225,0.1351306818901086,-47.69407276483225,0.0,-59.05176570799497,0.0,0.0,2810.8199999999697,-14.6177000000001,0.0,0.0,0.0,0.0,0.0,0.0,0.0,0.0,0.0,0.0,0.0,3785.5299999999806,-83.4881999999983,0.0,0.0,0.0,0.0,0.0,0.0,0.0,0.0,0.0,0.0,0.0,7388.629999999983,-42.01050000000168,0.0,0.0,0.0,0.0,0.0,0.0,0.0,0.0,0.0,999.000000000054,999.000000000054,1.000000000000003,-14.625399935002523,gaze,0.4250763813697004,0.4218758872186201,69.74205270031604,25.015389102513424,83.12757719071769,-38.412785756137644,-16.373780627575865,-33.11075459369026,-0.0556883288158363,-0.0044987789048804,1.0006622717765223,5.159794193811191,24.867325339257427,-16.911652377693535,-22.297792863544693,0.4596041410405961,0.4121049442602968,0.7592229153579789,4.776527487024408,-7.280364968491428,-17.152333954354106,-28.23422176317318,0.2619419999593602,0.2106278523551875,0.8841237309142969,4.976902470853301,23.07870328298673,True,-0.1208946654539564,imu,-0.6543791632000001,-9.3838211264,2.483530425600001,3.17031731,-1.20429252,-7.518959579999999,99.83928156462528,-39.01946969015757,133.3237466629288,387.7683071455597,-23.03771161744514,False,0.936964841773518,-0.3494236472826734,401.92061286541696,-30.53560686195712,2.08011394931661,7.525828472480159,False,inf
58.781235,-2690.191607973141,-32.284509184968805,400.4849906839252,-30.360148168507607,7.363176317002724,4.093612231987218,7.823577577214678,-116490.70631098749,1.5720915832225018,4.097586128944975,81646063.2942388,5.3861941350122375,7.363176317002724,-78507649107.33313,8.490154592806297,-0.1331793275642134,52.21154015258804,16.68735737309498,-2845.8711558718423,-7.577957332658646,51.61419888821328,7.823577577214678,-5285901818.394614,174.3683442117413,59.54739999715338,5.149177054048179,-61288.23793042428,30370638222.943665,3.000000000000089,-0.8579830000000075,-569271.3168501721,-1.515551504213699,387.7763886747491,-23.031001891144683,0.0,-1.1588537161808046e-20,0.0,1.1450569898090796e-19,-48.13452286721248,0.1363961734774577,-48.13452286721248,0.0,-59.59809096779185,0.0,0.0,2810.819999999966,-14.617700000000085,0.0,0.0,0.0,0.0,0.0,0.0,0.0,0.0,0.0,0.0,0.0,3785.529999999977,-83.48819999999819,0.0,0.0,0.0,0.0,0.0,0.0,0.0,0.0,0.0,0.0,0.0,7388.629999999976,-42.01050000000164,0.0,0.0,0.0,0.0,0.0,0.0,0.0,0.0,0.0,999.0000000000535,999.0000000000535,1.0000000000000022,-14.727536085599851,gaze,0.061151636421006,0.1355393593490787,80.64296477201185,28.66859244750573,97.55737177579806,-37.17379948282438,-16.75159133868332,-33.537551513831026,-0.0610812475602955,-0.0917126622951374,0.9931482304756076,4.975653886795048,24.734467344464527,-16.427667222713243,-22.28913841954072,0.4650513562006862,0.2790411961946558,0.8382698428899307,4.3572642803192245,-5.879824550161132,-16.75330566329558,-27.909649464385712,0.1924476272961535,0.0857781100542049,0.921465841522056,4.624763389614884,20.17507110687959,True,0.0,imu,-0.4931050372577143,-9.65697812264312,2.351105929524038,4.160890768555304,-2.706291449620331,-5.744943774576077,99.81395098372982,-39.02743895327886,133.32030692228872,387.7763886747491,-23.031001891144683,False,0.9381153938167496,-0.346322837658802,402.0225057753348,-30.552648411852168,2.1224166880294524,7.823577577214678,False,inf
58.783914,-2709.639706789925,-32.42920132230797,400.5313384639321,-30.371637211173777,7.390097747557832,4.119524800220619,7.960669432652679,-117449.44858551024,1.58035745021109,4.123521575796683,82341474.62495412,5.4114535319758925,7.390097747557832,-79191110173.66284,8.512411008051942,-0.1339441860382383,52.31668463890348,16.750289254408255,-2866.403672349425,-7.618286312885829,51.71752357376569,7.960669432652679,-5331850302.604192,175.02335998576885,59.81298510469524,5.168462424938686,-61764.37196510952,30634626528.54329,3.0000000000000924,-0.8579830000000088,-573749.1796936376,-1.5220210971471004,387.7801121545051,-23.02790822954327,0.0,-1.164063997385531e-20,0.0,1.1502052397690292e-19,-48.33713065121248,0.1369784220297325,-48.33713065121248,0.0,-59.8493985100197,0.0,0.0,2810.819999999969,-14.6177000000001,0.0,0.0,0.0,0.0,0.0,0.0,0.0,0.0,0.0,0.0,0.0,3785.529999999984,-83.48819999999833,0.0,0.0,0.0,0.0,0.0,0.0,0.0,0.0,0.0,0.0,0.0,7388.629999999979,-42.0105000000017,0.0,0.0,0.0,0.0,0.0,0.0,0.0,0.0,0.0,999.000000000054,999.000000000054,1.000000000000003,-14.774461155238326,gaze,0.4244531483883924,0.4208311520683631,82.90192486756746,29.288998545549944,105.57030795058112,-38.36624132950011,-16.382329600043043,-33.1703246993449,-0.0566134774980191,-0.0027935647891418,1.000164025522737,5.154795540945396,24.57173828265291,-16.98852470680662,-22.23496931134876,0.4583068935283638,0.4096837424754271,0.760397960397314,4.781687288616341,-7.442248523011712,-17.092401809712857,-28.30000945073221,0.2629320123113937,0.2115148556762776,0.8836706825062578,4.978225434740468,20.989165722268336,True,-0.1240084664739014,imu,-0.5981528,-9.405952780000002,2.4775488976,4.14979252,-1.80244532,-7.384375199999999,99.80171616793452,-39.03104937487502,133.31889251557894,387.7801121545051,-23.02790822954327,True,0.93474274033856,-0.3553252163643323,402.06930974989285,-30.560458088092204,1.9636840692630075,7.960669432652679,False,inf
58.792445,-2772.3144345732635,-32.89305968523263,400.67964025492233,-30.408352942935903,7.4763123898960835,4.2026877530567255,8.40052242521331,-120542.07210496068,1.6068933511158132,4.206757995711349,84587571.10209455,5.492399901975738,7.4763123898960835,-81399298702.28902,8.583563491900183,-0.1364002470952736,52.652703411865886,16.95182040922567,-2932.571601944941,-7.747651241732427,52.04772553144827,8.40052242521331,-5480301670.964125,177.12092940566475,60.6646819649246,5.230319532025218,-63300.12375884774,31487525162.37346,3.0000000000000924,-0.8579830000000079,-588196.2457839723,-1.5427590944830236,387.7920692664752,-23.017964319292275,0.0,-1.1807743586826907e-20,0.0,1.16671665507667e-19,-48.98640510260404,0.1388447942756882,-48.98640510260404,0.0,-60.65472299913488,0.0,0.0,2810.819999999967,-14.617700000000092,0.0,0.0,0.0,0.0,0.0,0.0,0.0,0.0,0.0,0.0,0.0,3785.529999999975,-83.48819999999822,0.0,0.0,0.0,0.0,0.0,0.0,0.0,0.0,0.0,0.0,0.0,7388.629999999983,-42.01050000000171,0.0,0.0,0.0,0.0,0.0,0.0,0.0,0.0,0.0,999.000000000055,999.000000000055,1.0000000000000029,-14.924594800036948,gaze,0.4238213784288446,0.4197774659822265,98.24432246903376,34.384530039639785,127.58470025025568,-38.31766551357341,-16.3913481250395,-33.2299524440787,-0.0575238755953112,-0.0010772585108433,0.9996563718089132,5.149637376184784,24.31334200249021,-17.060290829972374,-22.156609136263963,0.4569993169663744,0.4072277844186313,0.7615861540931034,4.78636857780051,-7.389720754666397,-17.03049499287459,-28.329026492854567,0.2638836185807418,0.2123823261957361,0.8832257789737081,4.979317073090632,18.480962999222648,True,-0.1289762800824951,imu,-0.5933675776,-9.456197615200002,2.4488375632,4.87505279,-2.41555194,-7.257267730000001,99.76016506895608,-39.04238898183048,133.31506877332868,387.7920692664752,-23.017964319292275,True,0.932451084453717,-0.3612962428549279,402.2190157628284,-30.585361546282964,1.843826185798038,8.40052242521331,False,inf
58.797515,-2810.103508495662,-33.1709780446579,400.7682919473027,-30.43026724021413,7.527901915168704,4.252580692750984,8.66431680133104,-122408.85153921694,1.622818940033907,4.256695040957741,85945476.37461388,5.540876074237021,7.527901915168704,-82734787079.82043,8.626051477417082,-0.1378747097340076,52.85326546475284,17.072409717075104,-2972.4657680435366,-7.82521513653894,52.24481485688186,8.66431680133104,-5570081121.690455,178.37601870753412,61.17517246260896,5.267403716885252,-64227.05467732204,32003335230.64452,3.000000000000094,-0.8579830000000088,-596918.8652085657,-1.55518243932443,387.7992478553781,-23.011987673919748,0.0,-1.190791433156641e-20,0.0,1.1766144707957625e-19,-49.37523357795718,0.139962866821433,-49.37523357795718,0.0,-61.13699540396934,0.0,0.0,2810.8199999999697,-14.6177000000001,0.0,0.0,0.0,0.0,0.0,0.0,0.0,0.0,0.0,0.0,0.0,3785.529999999979,-83.4881999999983,0.0,0.0,0.0,0.0,0.0,0.0,0.0,0.0,0.0,0.0,0.0,7388.629999999983,-42.01050000000173,0.0,0.0,0.0,0.0,0.0,0.0,0.0,0.0,0.0,999.000000000056,999.000000000056,1.0000000000000036,-15.014330451535614,gaze,0.4234421446774528,0.4191473328344697,110.91643658026764,38.95580590716595,140.20834739407152,-38.28786201922046,-16.396924598584224,-33.26532802420541,-0.0580580194477639,-5.233895197617965e-05,0.999350375475113,5.14649818107765,24.1778360828132,-17.100140867089088,-22.10264340699859,0.4562175625193702,0.4057524160274792,0.7622982670356853,4.788928327078616,-7.286324982076985,-16.992846744726666,-28.32914962189261,0.2644310837016303,0.2128886481398297,0.8829652290743748,4.979858184104895,18.14919647041481,True,-0.1327915345531563,imu,-0.4953790841641222,-9.658454408675592,2.3456862919388857,4.540142326913083,-3.294146292287605,-5.611913919669211,100.5384884,-39.67953400000002,131.8927072,387.7992478553781,-23.011987673919748,True,0.931055449889598,-0.3648777181890917,402.3084660987022,-30.600186583906957,1.7709435046582538,8.66431680133104,False,inf
58.800976,-2836.133810336893,-33.361663096215246,400.82903103565377,-30.44526724979165,7.563270433738714,4.286841615937494,8.8454214350472,-123695.65625429152,1.6337572723944294,4.290986263524294,86882413.72780399,5.574126852195095,7.563270433738714,-83656472488.1135,8.65514225518047,-0.1388876191232821,52.99054901495564,17.155081134916614,-2999.945652014938,-7.8784569489499106,52.379721008852094,8.8454214350472,-5632041284.259195,179.23644962399823,61.52551618587791,5.2928576865389925,-64865.968979753816,32359314908.877472,3.000000000000094,-0.8579830000000084,-602932.4055481851,-1.5637056060261607,387.8041794119322,-23.007878968668905,0.0,-1.197666555961452e-20,0.0,1.1834077414979435e-19,-49.64193895485168,0.1407299322675831,-49.64193895485168,0.0,-61.46779193800555,0.0,0.0,2810.819999999968,-14.6177000000001,0.0,0.0,0.0,0.0,0.0,0.0,0.0,0.0,0.0,0.0,0.0,3785.529999999977,-83.48819999999819,0.0,0.0,0.0,0.0,0.0,0.0,0.0,0.0,0.0,0.0,0.0,7388.629999999979,-42.01050000000173,0.0,0.0,0.0,0.0,0.0,0.0,0.0,0.0,0.0,999.000000000055,999.000000000055,1.000000000000003,-15.075807452287174,gaze,0.4231817380551603,0.4187155998376991,121.3045248803367,42.858659495383854,148.5442274107544,-38.267125721340186,-16.40082227050839,-33.28942102282394,-0.0584197169488595,0.0006493073912966,0.9991397022410264,5.144324300601017,24.093132106599807,-17.126022165716446,-22.06264779763528,0.4556819861706604,0.4047387300782658,0.7627868541581159,4.790581936439953,-7.194065626606856,-16.966805973728118,-28.322079492596075,0.2647971054221479,0.2132303498231059,0.8827890178524253,4.980182110367944,18.804602260239548,True,-0.135759706405288,imu,-0.5927694248,-9.496872005600002,2.4637913832,5.44329795,-3.07352002,-7.04791425,99.71482062328904,-39.05349067014727,133.31229638749397,387.8041794119322,-23.007878968668905,True,0.930088052540478,-0.3673366501201056,402.3697345854595,-30.61031745917041,1.7204749656062015,8.8454214350472,False,inf
58.801327,-2838.784340639303,-33.38104544985255,400.8352010027154,-30.44679031933265,7.566864230076769,4.290325386848,8.863834962501159,-123826.72606183589,1.6348696298198562,4.294473115950433,86977888.41385666,5.577506219962724,7.566864230076769,-83750402756.4587,8.658096451144775,-0.1389906339189008,53.00448857811273,17.163481304593752,-3002.743764355673,-7.883869835611273,52.39341915950668,8.863834962501159,-5638355687.14037,179.32387678151866,61.56113112025538,5.295445423168983,-64931.04512835143,32395593035.36319,3.0000000000000924,-0.8579830000000079,-603544.965636572,-1.564571918378939,387.80468096384766,-23.00746097352388,0.0,-1.1983654847790875e-20,0.0,1.1840983491850853e-19,-49.66904497386192,0.1408078983910128,-49.66904497386192,0.0,-61.50141154309871,0.0,0.0,2810.819999999964,-14.617700000000076,0.0,0.0,0.0,0.0,0.0,0.0,0.0,0.0,0.0,0.0,0.0,3785.529999999972,-83.48819999999816,0.0,0.0,0.0,0.0,0.0,0.0,0.0,0.0,0.0,0.0,0.0,7388.629999999972,-42.01050000000168,0.0,0.0,0.0,0.0,0.0,0.0,0.0,0.0,0.0,999.000000000055,999.000000000055,1.0000000000000029,-15.0820521620602,gaze,0.0918129130972557,0.2034984531812135,121.07714445356088,43.0429525856372,146.47239258132456,-37.2152146614633,-16.685516738072895,-33.474777301737646,-0.0668699605233719,-0.0731283825783594,0.9945083818796564,4.995756986327315,24.093664198971933,-16.16516799938998,-22.359331205424965,0.4899860743359813,0.2762880625857954,0.8253531348851764,4.420863626935718,-6.05006222043227,-16.671314839654542,-27.91150066168461,0.1972252346986913,0.0897285425415832,0.918582070737146,4.645650118869042,20.241047035230817,True,0.0,imu,-0.4959080130969375,-9.65878923317278,2.3444516709791383,4.614172039451419,-3.417150187186001,-5.573855653038443,99.71287662478382,-39.05394237418093,133.31220512494704,387.80468096384766,-23.00746097352388,True,0.9274939836022408,-0.373838080432754,402.3759575162445,-30.61134537400329,1.6052589776487498,8.863834962501157,False,inf
58.809507,-2901.1133284185435,-33.83504410678519,400.97951760136766,-30.482380942694903,7.650976454420367,4.371994312496848,9.295400585000252,-126911.08560470492,1.6609520223758156,4.376214310224086,89226791.61637439,5.656639202251887,7.650976454420367,-85963442023.55498,8.727148985925762,-0.1414065475204603,53.330227939253184,17.360081932411223,-3068.542117973422,-8.010713682458459,52.71351642119421,9.295400585000252,-5787123467.850296,181.37002933476728,62.39555708692341,5.35608210211058,-66462.34506127695,33250307856.51323,3.000000000000096,-0.8579830000000084,-617961.9694869444,-1.5848621235268965,387.8164435241458,-22.997651256589705,0.0,-1.2147420008504501e-20,0.0,1.2002798938550885e-19,-50.30377523501777,0.1426339702586791,-50.30377523501777,0.0,-62.28865832359428,0.0,0.0,2810.819999999967,-14.617700000000092,0.0,0.0,0.0,0.0,0.0,0.0,0.0,0.0,0.0,0.0,0.0,3785.529999999975,-83.48819999999819,0.0,0.0,0.0,0.0,0.0,0.0,0.0,0.0,0.0,0.0,0.0,7388.629999999979,-42.01050000000174,0.0,0.0,0.0,0.0,0.0,0.0,0.0,0.0,0.0,999.0000000000564,999.0000000000564,1.0000000000000036,-15.22810572306945,gaze,0.4225348836612651,0.4176463130202048,148.56726800058496,53.40466525786778,167.8267940558834,-38.214688952307824,-16.41073826566016,-33.34851043721837,-0.059301193354196,0.0023853115540406,0.9986144035274632,5.138860865301104,23.91133284219549,-17.184823602585475,-21.95324489149432,0.4543554690461987,0.4022182185030686,0.7639994261605716,4.794337841922009,-6.919960070579792,-16.90153147921311,-28.28076272721613,0.2656727602559005,0.2140590133796406,0.8823603957180254,4.980825228042276,24.22503164739312,True,-0.1443141225930202,imu,-0.5837971328000001,-9.5327611736,2.461398772,6.07135839,-3.70905737,-6.681545659999999,99.66588415246572,-39.064356585944935,133.31059459339588,387.8164435241458,-22.997651256589705,True,0.9276517900672764,-0.3734463232982454,402.5214698645764,-30.63532608967689,1.5935647100274557,9.295400585000252,False,inf
58.818038,-2967.268621366323,-34.31323540523856,401.1311067766744,-30.519694834831043,7.739435045366834,4.458153805252976,9.750494136141114,-130189.25320111217,1.6884804242689937,4.46245010571718,91621502.35219625,5.739941788700151,7.739435045366834,-88321026691.96661,8.799585375780364,-0.1439572788068198,53.67174668231081,17.566833343617574,-3138.3774403190146,-8.144431733737749,53.04911819044386,9.750494136141114,-5945603142.157476,183.52177765498377,63.27487431855885,5.419998016576553,-68089.69364174301,34160819512.103928,3.000000000000096,-0.8579830000000084,-633289.2906757691,-1.6062301455693064,387.8288625391972,-22.987280258907475,0.0,-1.2320021119637564e-20,0.0,1.2173345138726125e-19,-50.971957161798585,0.1445570431172491,-50.971957161798585,0.0,-63.117375387668574,0.0,0.0,2810.819999999964,-14.6177000000001,0.0,0.0,0.0,0.0,0.0,0.0,0.0,0.0,0.0,0.0,0.0,3785.529999999973,-83.48819999999816,0.0,0.0,0.0,0.0,0.0,0.0,0.0,0.0,0.0,0.0,0.0,7388.629999999968,-42.01050000000177,0.0,0.0,0.0,0.0,0.0,0.0,0.0,0.0,0.0,999.0000000000568,999.0000000000568,1.000000000000003,-15.38149625171568,gaze,0.4218814615249318,0.4165703534829271,162.78729764542507,58.8254239425005,184.8560473969086,-38.160421786213725,-16.421082500232373,-33.40699810080393,-0.0601684945717785,0.0041299437350016,0.9980808575021668,5.133251571646327,23.76746102124431,-17.235840695112827,-21.82880063121371,0.4530203266159064,0.3996678678994169,0.7652232434892158,4.797646667577001,-6.620185453089851,-16.83487183594402,-28.20747636328534,0.2665108712527136,0.2148684045894545,0.8819399081930769,4.981251064750097,35.102764749516155,True,-0.1545889104382211,imu,-0.5921712720000001,-9.5632669664,2.4572117024,6.51997299,-4.56142511,-6.315177069999999,99.61356531509458,-39.074988862384885,133.30998093780565,387.8288625391972,-22.987280258907475,True,0.9251404095177006,-0.3796251080703451,402.6742252120596,-30.66038774287716,1.4630293909641994,9.750494136141114,False,inf
58.821307,-2992.9336267377003,-34.497755565933325,401.1894879891124,-30.53404639886085,7.773531967290332,4.491437820241634,9.926244379822164,-131462.23255990446,1.699118071386878,4.495763613218071,92552641.55609652,5.772073010554782,7.773531967290332,-89238019005.55264,8.827456549881521,-0.1449431756307028,53.80310243885367,17.646524726856846,-3165.46948753186,-8.196060692056303,53.17819773387019,9.926244379822164,-6007243129.606824,184.351145598524,63.614293588069295,5.444674364775866,-68721.58035018746,34514958869.131744,3.000000000000096,-0.8579830000000088,-639242.4114249297,-1.6144745413853443,387.8336626392927,-22.98326802123904,0.0,-1.2386652651393963e-20,0.0,1.2239183385497141e-19,-51.22968908404742,0.1452990197720008,-51.22968908404742,0.0,-63.43702385275346,0.0,0.0,2810.819999999964,-14.6177000000001,0.0,0.0,0.0,0.0,0.0,0.0,0.0,0.0,0.0,0.0,0.0,3785.529999999975,-83.48819999999813,0.0,0.0,0.0,0.0,0.0,0.0,0.0,0.0,0.0,0.0,0.0,7388.629999999972,-42.01050000000174,0.0,0.0,0.0,0.0,0.0,0.0,0.0,0.0,0.0,999.0000000000572,999.0000000000572,1.0000000000000029,-15.44056494348258,gaze,0.1223032728420011,0.2710787186981335,161.2859295440094,57.3371848950064,195.1147435515788,-37.25639897707178,-16.61981046093791,-33.41235301557273,-0.0726264051283021,-0.0546476982890305,0.9958609513129084,5.015748023986816,23.45643311959003,-15.90413204070003,-22.42913271159494,0.5147817974269209,0.2735502759291647,0.8125084292344211,4.484108448028564,-6.220046362093991,-16.589446121887427,-27.91334910206445,0.2019957269888149,0.0936730917972799,0.9157025946444496,4.666505742296772,39.491885390931344,False,-1.0,imu,-0.4986587183179519,-9.660477322997542,2.338193538972129,4.908441240521555,-3.9210387052298383,-5.330241924217859,99.59266637631914,-39.079001581344905,133.3100375591039,387.8336626392927,-22.98326802123904,True,0.915902440102802,-0.4014009469517143,402.73303072847153,-30.670005259446693,1.0596809329249168,9.926244379822164,False,inf
58.826569,-3034.615460548392,-34.796269816910325,401.2838054156184,-30.55720974162044,7.828650818130217,4.545328095697956,10.21073648802654,-133531.06060254574,1.7163453162000055,4.549701658917627,94067352.03498356,5.8240394650545895,7.828650818130217,-90730054816.1467,8.87245312000233,-0.1465400606265402,54.01511174812414,17.775345951500615,-3209.468205273789,-8.279621437913395,53.3865327452956,10.21073648802654,-6107535825.901966,185.69180412548653,64.16353786316402,5.484610692031791,-69748.46058443078,35091168819.46112,3.0000000000000977,-0.8579830000000093,-648918.7649740514,-1.6278111775863997,387.8414373959806,-22.97676504840756,0.0,-1.2494483149175842e-20,0.0,1.2345730101937998e-19,-51.646528145945965,0.1464992863279484,-51.646528145945965,0.0,-63.95399659731486,0.0,0.0,2810.819999999966,-14.617700000000106,0.0,0.0,0.0,0.0,0.0,0.0,0.0,0.0,0.0,0.0,0.0,3785.529999999975,-83.48819999999816,0.0,0.0,0.0,0.0,0.0,0.0,0.0,0.0,0.0,0.0,0.0,7388.629999999972,-42.0105000000018,0.0,0.0,0.0,0.0,0.0,0.0,0.0,0.0,0.0,999.0000000000582,999.0000000000582,1.000000000000003,-15.535985705870283,gaze,0.421222107861802,0.4154884578066258,146.0830505250146,51.907054318635765,199.212215391832,-38.10439037673024,-16.43184152374942,-33.46465944422585,-0.0610218083375377,0.005882404758024,0.9975394411477736,5.127500871471105,23.6603901251685,-17.27826685978485,-21.689972328160664,0.4516771130496293,0.397089275728565,0.7664576873184049,4.800518683096957,-6.334890431543038,-16.767030312833484,-28.10535303586284,0.267311727318616,0.2156586120706796,0.8815275499542077,4.981464216455343,50.18220461068948,False,-0.1665276839918797,imu,-0.6119103144000001,-9.5776226336,2.4458467992,6.81904939,-5.226870099999999,-5.98619303,99.55808147800325,-39.08538961971638,133.31047130638976,387.8414373959806,-22.97676504840756,True,0.9225519903861286,-0.3858728094004456,402.8280042044413,-30.68550276792324,1.328802688855619,10.21073648802654,False,inf
58.8351,-3103.1697567620904,-35.28418030444251,401.4376204017378,-30.59492648072124,7.918628402423307,4.633525224386643,10.676162178963082,-136937.41792228818,1.7445495512485685,4.637977017836024,96565155.3249788,5.908937101814449,7.918628402423307,-93191363706.83035,8.9457539174652,-0.1491551417503014,54.360329647100485,17.985630380159304,-3281.831145421554,-8.416293173842236,53.72576652113944,10.676162178963082,-6272977639.34695,187.8802187117352,65.06161803574591,5.549925414881276,-71439.09599763341,36041678178.00085,3.0000000000000995,-0.8579830000000084,-664854.831233954,-1.649606731875174,387.85416903620535,-22.96610469480406,0.0,-1.267082042346854e-20,0.0,1.2519967983970782e-19,-52.32753179068315,0.1484608359931698,-52.32753179068315,0.0,-64.79857565544548,0.0,0.0,2810.819999999965,-14.6177000000001,0.0,0.0,0.0,0.0,0.0,0.0,0.0,0.0,0.0,0.0,0.0,3785.529999999973,-83.4881999999981,0.0,0.0,0.0,0.0,0.0,0.0,0.0,0.0,0.0,0.0,0.0,7388.629999999972,-42.01050000000181,0.0,0.0,0.0,0.0,0.0,0.0,0.0,0.0,0.0,999.0000000000588,999.0000000000588,1.000000000000003,-15.691580781549892,gaze,0.4205574488794119,0.4144013512594602,97.50739115131702,33.150025431954255,210.7489595544297,-38.046660445170005,-16.44300204478227,-33.52126852043132,-0.0618613203734174,0.007641906458552,0.9969905266187564,5.1216131673018985,23.588414409548754,-17.311350571006507,-21.537690872351284,0.4503263756931376,0.3944840188039035,0.7677021465731778,4.80296405495425,-6.092793865842407,-16.698212463716306,-27.978145367346126,0.2680756180798315,0.2164297253266154,0.8811233147392186,4.981469236610287,67.3945433055126,False,-0.1800685171800449,imu,-0.6693329832000001,-9.580613397600002,2.4476412576,7.11812579,-5.690438520000001,-5.33570186,99.49965708738158,-39.09556096532221,133.31207995115506,387.85416903620535,-22.96610469480406,True,0.919884579202182,-0.3921891902462695,402.9828103824901,-30.71067156002291,1.1908180327893367,10.676162178963082,False,inf
58.8414,-3154.5804423423688,-35.64764343459546,401.5519308372527,-30.62290969871441,7.985567079992731,4.699318633887209,11.02321882759142,-139494.9294050485,1.7655974156481946,4.703828824473986,98443573.18593656,5.972148952560112,7.985567079992731,-95043054586.07944,9.000164306518972,-0.1511072151390692,54.616460448139385,18.14206550913128,-3336.096479730906,-8.518180403742408,53.9774565277683,11.02321882759142,-6397439432.737701,189.50819444559468,65.7309212456899,5.59861300849121,-72708.32491185851,36756745312.85678,3.0000000000000995,-0.8579830000000093,-676822.7803629707,-1.6658409782101384,387.8636723341758,-22.95813848588569,0.0,-1.2802254725254327e-20,0.0,1.2649837488013408e-19,-52.83459643800673,0.1499218807205603,-52.83459643800673,0.0,-65.42742298494753,0.0,0.0,2810.819999999964,-14.6177000000001,0.0,0.0,0.0,0.0,0.0,0.0,0.0,0.0,0.0,0.0,0.0,3785.529999999973,-83.48819999999813,0.0,0.0,0.0,0.0,0.0,0.0,0.0,0.0,0.0,0.0,0.0,7388.629999999976,-42.01050000000183,0.0,0.0,0.0,0.0,0.0,0.0,0.0,0.0,0.0,999.0000000000592,999.0000000000592,1.0000000000000036,-15.80719878775131,gaze,0.3730330608128288,0.4360992182265459,50.37764890923866,17.464167254531013,214.01203574602303,-37.343963056254346,-16.4757749983036,-33.672532598102634,-0.0783019134852465,-0.0382060990779634,0.9960463011438816,5.09821907736754,23.24999344090295,-16.039465349590483,-21.661164950923663,0.4600054083224145,0.3925080609297756,0.7851979550047177,4.404576538892597,-6.52157348170536,-16.45751269456131,-27.8655294430095,0.2035875939743161,0.1135278389665715,0.9083803436409346,4.700187317701472,81.3574522064819,False,-1.0,imu,-0.501389123368967,-9.662062702869266,2.3322595571426827,5.048629227550212,-4.103362971753218,-5.010566188705212,99.45475912441547,-39.102926296742886,133.31399322313774,387.8636723341758,-22.95813848588569,True,0.9196966121299932,-0.3926297768083984,403.09779356728166,-30.729293061640803,1.165734916034033,11.023218827591418,False,inf
58.843631,-3172.9475608434204,-35.776999968054675,401.592558648131,-30.63284587203266,8.009372446154437,4.722753271026004,11.146805886270869,-140409.24386818707,1.7730959974848606,4.727284269668921,99115735.48816982,5.994639586487793,8.009372446154437,-95705799711.1932,9.019489470660142,-0.1518027720776284,54.70740689602913,18.197697294904817,-3355.4831403464777,-8.554457364198303,54.06682596003279,11.146805886270869,-6441985307.539035,190.0871318046155,65.96918548468805,5.615947495892198,-73162.05425472648,37012673461.36421,3.0000000000000995,-0.8579830000000088,-681101.9715093852,-1.6716183276117822,387.8670584044007,-22.9552982647363,0.0,-1.2849047339218408e-20,0.0,1.2696073010124692e-19,-53.01501189212417,0.1504418288344088,-53.01501189212417,0.0,-65.6511665013097,0.0,0.0,2810.819999999964,-14.617700000000106,0.0,0.0,0.0,0.0,0.0,0.0,0.0,0.0,0.0,0.0,0.0,3785.529999999973,-83.48819999999805,0.0,0.0,0.0,0.0,0.0,0.0,0.0,0.0,0.0,0.0,0.0,7388.629999999976,-42.01050000000183,0.0,0.0,0.0,0.0,0.0,0.0,0.0,0.0,0.0,999.0000000000596,999.0000000000596,1.0000000000000036,-15.848288203203872,gaze,0.4198881008312154,0.4133097478568104,33.824441098275706,10.303310559485848,219.5812796069997,-37.98729727419093,-16.45455093020819,-33.57659860986837,-0.0626872143979185,0.009407671629005,0.996434481264562,5.11559281257611,23.5493130088268,-17.33440255706738,-21.37317721310447,0.4489686550971189,0.3918536533882071,0.7689560178943389,4.804992846820332,-5.912472223289156,-16.628625469973098,-27.830111785164977,0.2688028338676637,0.2171818347368825,0.8807271953541909,4.981270636316397,84.6830554990835,False,-0.1951441714204725,imu,-0.7369242496000001,-9.588389384,2.460202466400001,7.33495618,-5.974561100000001,-4.53567249,99.43852303992458,-39.10550499376456,133.31481951789385,387.8670584044007,-22.9552982647363,True,0.9171361895853613,-0.3985739702399597,403.1386472508309,-30.7358945624736,1.049008642814807,11.146805886270869,False,inf
58.852162,-3243.9650642761544,-36.27476204581208,401.7486270975171,-30.67096873769796,8.10088761546187,4.813020354564014,11.622702426545288,-143947.46578296274,1.8019875380061687,4.817631540887779,101719924.44149438,6.0811518236153645,8.10088761546187,-98274218261.342,9.093661485697696,-0.1544832026392228,55.05635001804972,18.411557402337685,-3430.441217271343,-8.694124475558116,54.40971751067076,11.622702426545288,-6614616163.548965,192.3126542212334,66.88631119249582,5.682682270245728,-74917.79401423113,38004484036.03285,3.000000000000105,-0.8579830000000102,-697664.7112648899,-1.6938474908665906,387.8801064479164,-22.94434482176507,0.0,-1.3029178363647355e-20,0.0,1.2874059475379513e-19,-53.70901243968967,0.1524424021936181,-53.70901243968967,0.0,-66.51182331100085,0.0,0.0,2810.819999999967,-14.617700000000127,0.0,0.0,0.0,0.0,0.0,0.0,0.0,0.0,0.0,0.0,0.0,3785.529999999979,-83.48819999999816,0.0,0.0,0.0,0.0,0.0,0.0,0.0,0.0,0.0,0.0,0.0,7388.629999999983,-42.0105000000019,0.0,0.0,0.0,0.0,0.0,0.0,0.0,0.0,0.0,999.0000000000614,999.0000000000614,1.0000000000000049,-16.006114723774015,gaze,0.4192146700706101,0.4122143504211005,-23.28608104835844,-8.586123248983778,225.9714384326317,-37.92636570150166,-16.466475204470505,-33.630422825684654,-0.0634996721366393,0.0111789339641456,0.9958716676527568,5.109444111861,23.540414041008287,-17.34680299610751,-21.19795883969649,0.4476044850461744,0.3891997152908932,0.770218705603529,4.806615019984383,-5.803646983492716,-16.558477483154263,-27.66590233947584,0.2694936657033784,0.2179150315485734,0.8803391836805995,4.980872884485223,100.78457667504804,False,-0.2116823232392011,imu,-0.7799912512000001,-9.6266711632,2.4518283272,7.47701747,-5.91474582,-3.61601256,99.3749160539756,-39.11522378683086,133.3187010736289,387.8801064479164,-22.94434482176507,True,0.9143048023313244,-0.4050268243386824,403.2955182775894,-30.76117226875174,0.9033075745297996,11.622702426545288,False,inf
58.860693,-3316.238599801534,-36.77749991389788,401.9058327222983,-30.70929590210764,8.193178594748934,4.904334633279261,12.103886755922389,-147553.0196844116,1.831227070973776,4.90902699732867,104378562.79806527,6.168478734795153,8.193178594748934,-100897483922.82668,9.168271672310144,-0.1571966855993174,55.40716554262359,18.627221450426703,-3506.722551696413,-8.835305018487094,54.75444762835899,12.103886755922389,-6790928151.713686,194.55689720572744,67.81306647654884,5.750135097589344,-76706.77823988828,39017442779.95306,3.000000000000103,-0.8579830000000093,-714547.6195846811,-1.7162957546194166,387.89331411692274,-22.93324342636879,0.0,-1.3211228034663546e-20,0.0,1.3053941744559712e-19,-54.40957761652846,0.1544626940345799,-54.40957761652846,0.0,-67.38060049797001,0.0,0.0,2810.819999999961,-14.6177000000001,0.0,0.0,0.0,0.0,0.0,0.0,0.0,0.0,0.0,0.0,0.0,3785.529999999973,-83.48819999999802,0.0,0.0,0.0,0.0,0.0,0.0,0.0,0.0,0.0,0.0,0.0,7388.629999999972,-42.01050000000184,0.0,0.0,0.0,0.0,0.0,0.0,0.0,0.0,0.0,999.0000000000604,999.0000000000604,1.0000000000000029,-16.165067124755563,gaze,0.4185377531049587,0.4111158506416159,-58.35397196319589,-19.6961590079536,230.24324385010567,-37.8639301135664,-16.478762048838355,-33.68251471892643,-0.064298873332823,0.0129549380064608,0.9953024435921626,5.103171321072539,23.558658712365293,-17.348008712083363,-21.013886262014218,0.4462343925878067,0.3865237199652606,0.7714896216683115,4.807840433772025,-5.768472043279384,-16.487976967603366,-27.490444520855,0.270148405283091,0.2186294078674084,0.8799592706824236,4.980280407999258,115.4610986968341,False,-0.2296057918872547,imu,-0.8278434752000001,-9.6523917336,2.4243132984,7.39477146,-5.6754847,-3.04029049,99.30907804066926,-39.12471941357952,133.3237341340586,387.89331411692274,-22.93324342636879,True,0.9113883655312538,-0.4115473814450409,403.45342689407306,-30.786505224658708,0.753647766006739,12.10388675592239,False,inf
58.86138,-3322.113918346687,-36.818202804327576,401.9185421515731,-30.71239129567552,8.20064466711616,4.911733964696445,12.14286756546629,-147846.3322229758,1.8335969537204864,4.916432909277631,104595057.02020362,6.1755467495947975,8.20064466711616,-101111147623.95746,9.17429913352814,-0.1574166475874935,55.43549831861876,18.644667650173886,-3512.923568012865,-8.846740427639297,54.78228887323076,12.14286756546629,-6805288445.825343,194.73844356761217,67.88811904211192,5.755598465403567,-76852.30529077846,39099946406.39961,3.0000000000001084,-0.8579830000000106,-715921.2659571203,-1.7181130884542246,387.8943847019266,-22.93234296740698,0.0,-1.3225972379857596e-20,0.0,1.306851055017939e-19,-54.46628096066338,0.1546262498758416,-54.46628096066338,0.0,-67.45091792339507,0.0,0.0,2810.819999999965,-14.617700000000111,0.0,0.0,0.0,0.0,0.0,0.0,0.0,0.0,0.0,0.0,0.0,3785.529999999977,-83.4881999999981,0.0,0.0,0.0,0.0,0.0,0.0,0.0,0.0,0.0,0.0,0.0,7388.629999999979,-42.01050000000191,0.0,0.0,0.0,0.0,0.0,0.0,0.0,0.0,0.0,999.0000000000618,999.0000000000618,1.000000000000004,-16.17791672442197,gaze,0.622352782290738,0.6001916673668779,-59.90690029108251,-22.184610551493897,232.8030524207298,-37.43103468826883,-16.33254956937648,-33.93124896992097,-0.0839455036396145,-0.0218569649398546,0.9962306085953742,5.18022632598877,23.04471474781747,-16.17403756437326,-20.89751612505358,0.4055370733645831,0.5107968452980377,0.7580410707609855,4.325491905212402,-6.7841138014135725,-16.357571328214117,-27.76647468117029,0.1972536679313755,0.1452632633757083,0.899516490618266,4.725790909985399,115.3173255171448,False,-1.0,imu,-0.5040694425053541,-9.663528866474396,2.326714783332392,5.0450436810972,-3.865239665933013,-4.622539652215899,99.30368645808464,-39.12547444754847,133.32418979618427,387.8943847019266,-22.93234296740698,True,0.923672757466632,-0.3831822505205428,403.46618849403706,-30.788547704847478,1.289723471328854,12.142867565466291,False,inf
58.869224,-3389.7846420274577,-37.285247086881576,402.0641825246273,-30.747828191902755,8.286250086718503,4.99670430486994,12.590393970340813,-151226.85030573606,1.860817509649628,5.0014788442813085,107092499.91237766,6.25662525870633,8.286250086718503,-103576470443.13362,9.243321743853349,-0.1599434742580087,55.75986000550268,18.84470022858627,-3584.344468037768,-8.978009547624993,55.10102277498444,12.590393970340813,-6970979830.877204,196.81997243006512,68.74952298984681,5.818311362088691,-78529.47422072085,40051886101.15202,3.0000000000001066,-0.8579830000000102,-731755.3093815425,-1.7389646587746062,387.9066823644209,-22.9219931359402,0.0,-1.3395210961027155e-20,0.0,1.3235734252498237e-19,-55.11675179993407,0.1565028429442617,-55.11675179993407,0.0,-68.25755271353381,0.0,0.0,2810.819999999964,-14.617700000000106,0.0,0.0,0.0,0.0,0.0,0.0,0.0,0.0,0.0,0.0,0.0,3785.529999999973,-83.48819999999802,0.0,0.0,0.0,0.0,0.0,0.0,0.0,0.0,0.0,0.0,0.0,7388.629999999976,-42.01050000000191,0.0,0.0,0.0,0.0,0.0,0.0,0.0,0.0,0.0,999.0000000000624,999.0000000000624,1.000000000000003,-16.325152216257074,gaze,0.4178579366496136,0.4100149291343259,-68.24202686576513,-23.066605828664883,232.7578065270816,-37.800054439310166,-16.491398800666428,-33.73264888373734,-0.0650849957578975,0.0147349390915317,0.9947271621559995,5.096778647694342,23.60066542213925,-17.337560370733673,-20.82314949120956,0.4448588980614153,0.3838271626057465,0.772768185667247,4.808678845963995,-5.802821121602594,-16.417332043081117,-27.308829077992737,0.270767344962647,0.2193250566488859,0.879587446413253,4.979497591872797,128.87880758902372,False,-0.2488327669572387,imu,-0.8667234072000001,-9.6745233872,2.398592728,7.17046416,-5.211916280000001,-2.74121409,99.24125547507428,-39.13399393038576,133.32992669100216,387.9066823644209,-22.9219931359402,True,0.908384794725876,-0.4181352229970922,403.6123764944908,-30.811894030524183,0.5999620871332444,12.590393970340816,False,inf
58.877755,-3464.619808037646,-37.79803721798758,402.2236835364647,-30.78656643597762,8.380106812407442,5.090137606542777,13.082259305803774,-154969.91113581508,1.8907617824330016,5.09499532657807,109862593.92551456,6.34559635113316,8.380106812407442,-106312060800.17824,9.318813417308531,-0.162723823053592,56.11443994869801,19.06400456775365,-3663.324440265604,-9.122248661771248,55.44944941898559,13.082259305803774,-7154830377.631364,199.10199199483804,69.6957527217552,5.887216472479371,-80386.353591097,41108153956.35431,3.0000000000001066,-0.8579830000000102,-749292.4376057386,-1.761855750176104,387.9202121462377,-22.910593004782285,0.0,-1.3581141822516113e-20,0.0,1.3419451504200245e-19,-55.83057956176102,0.1585629881341738,-55.83057956176102,0.0,-69.14273484738192,0.0,0.0,2810.819999999964,-14.617700000000106,0.0,0.0,0.0,0.0,0.0,0.0,0.0,0.0,0.0,0.0,0.0,3785.529999999975,-83.48819999999802,0.0,0.0,0.0,0.0,0.0,0.0,0.0,0.0,0.0,0.0,0.0,7388.629999999972,-42.01050000000191,0.0,0.0,0.0,0.0,0.0,0.0,0.0,0.0,0.0,999.0000000000628,999.0000000000628,1.0000000000000036,-16.486376837060217,gaze,0.4171757976819439,0.4089122555017093,-63.445765511776834,-21.088905013882023,233.9037357503032,-37.73480214382417,-16.504372952654656,-33.78060156255713,-0.0658582152220171,0.0165182032934015,0.9941461717050268,5.090270250996555,23.662793867243515,-17.315089675545416,-20.62829452035401,0.4434785151272949,0.3811115182451852,0.7740538247549679,4.809139913214846,-5.8975751644521,-16.346749827389242,-27.126195835387804,0.271350777742506,0.2200020716894341,0.8792237000234053,4.978528779412828,140.7869562102376,False,-0.2692770359999129,imu,-0.9163700896000002,-9.669738164800002,2.3818444496,6.78166484,-4.75582477,-2.51690679,99.17169876733692,-39.1430493809875,133.33728523984436,387.9202121462377,-22.910593004782285,True,0.9052919730956818,-0.4247898815279472,403.7723704357007,-30.83733934346669,0.4421833914333286,13.082259305803774,False,inf
58.881472,-3497.633322457342,-38.02304835309967,402.293540795192,-30.803509513253587,8.421247466152717,5.131181744406302,13.298252377621084,-156622.67905483395,1.9039200704164,5.13607602302333,111087322.09387146,6.384620671832948,8.421247466152717,-107521901744.62376,9.351844080111338,-0.1639457966675327,56.2695236177341,19.160130325270096,-3698.1656469701934,-9.185577052228252,55.60184141680004,13.298252377621084,-7236138336.07581,200.1022333214663,70.11110496221308,5.917468120258954,-81206.21768303518,41575288431.369965,3.0000000000001084,-0.8579830000000097,-757037.6847306846,-1.7718994031563615,387.9261579075983,-22.90557880296545,0.0,-1.3662765845439587e-20,0.0,1.3500103747929007e-19,-56.14369035479031,0.159466893614226,-56.14369035479031,0.0,-69.53100127467705,0.0,0.0,2810.819999999964,-14.617700000000111,0.0,0.0,0.0,0.0,0.0,0.0,0.0,0.0,0.0,0.0,0.0,3785.529999999975,-83.48819999999802,0.0,0.0,0.0,0.0,0.0,0.0,0.0,0.0,0.0,0.0,0.0,7388.629999999983,-42.01050000000194,0.0,0.0,0.0,0.0,0.0,0.0,0.0,0.0,0.0,999.000000000064,999.000000000064,1.0000000000000036,-16.55698137841605,gaze,0.6237866718705285,0.5828866056580225,-60.68394675078872,-17.429527550954244,233.03779975217464,-37.42107065682617,-16.30475819830027,-33.648028886522475,-0.0868849228912086,-0.0042009207322863,0.9960495668661054,5.218088536187316,24.26986112545024,-17.32700680207462,-19.60754588518024,0.4488129088922911,0.5867724522425035,0.6613338261770593,4.043518221337808,-6.85530154071518,-16.40282197211195,-27.509363165003386,0.1930494556674447,0.1847875631367782,0.8821130225860285,4.718659769026485,146.1108359757636,False,-1.0,imu,-0.5067307303753046,-9.664893694093797,2.3214948846235384,4.916546546260333,-3.145484168988212,-4.171722486718315,99.1409144914366,-39.14692688524241,133.3408574148888,387.9261579075983,-22.90557880296545,True,0.9017063170352057,-0.4323490694089736,403.8424080927585,-30.84844384900042,0.2807556313334461,13.298252377621084,False,inf
58.886286,-3540.760858001352,-38.315904099367394,402.3843428196458,-30.82551146548319,8.474753511221776,5.184642815102698,13.579518138644689,-158783.16445934027,1.921062832897401,5.189584728683713,112689711.81037344,6.435396984989593,8.474753511221776,-109105147250.8176,9.394748413284692,-0.1655379875649146,56.47091192045127,19.28514534046794,-3743.680092543116,-9.268033003971476,55.79973403532567,13.579518138644689,-7342539589.557989,201.4030684300756,70.65182799875807,5.956855862119307,-82277.89235080575,42186589869.60603,3.0000000000001084,-0.8579830000000102,-767163.7054540432,-1.7849705826226996,387.93390442103055,-22.89904208410475,0.0,-1.3769035370093223e-20,0.0,1.3605108075008266e-19,-56.55110566884667,0.1606432694417404,-56.55110566884667,0.0,-70.03620202809118,0.0,0.0,2810.819999999961,-14.617700000000106,0.0,0.0,0.0,0.0,0.0,0.0,0.0,0.0,0.0,0.0,0.0,3785.529999999972,-83.48819999999802,0.0,0.0,0.0,0.0,0.0,0.0,0.0,0.0,0.0,0.0,0.0,7388.629999999972,-42.01050000000191,0.0,0.0,0.0,0.0,0.0,0.0,0.0,0.0,0.0,999.0000000000632,999.0000000000632,1.0000000000000036,-16.648747854680877,gaze,0.4164919034953548,0.4078084883925683,-58.48524849030311,-16.97936230719091,234.0875332770728,-37.66823622207064,-16.51767215210803,-33.82615125132072,-0.0666187055846092,0.0183040073699582,0.9935598159106832,5.0836502422547465,23.74120914696626,-17.280326563719594,-20.432239805091783,0.4420937507956207,0.3783782418520442,0.775345973627263,4.809233191471622,-6.039909749763721,-16.276435778993932,-26.94761951104036,0.2718989972526279,0.2206605476175666,0.8788680197670304,4.977378272379878,149.69567453003788,False,-0.2908482121409159,imu,-0.9205571592,-9.655980650400002,2.3973964224,6.3779117,-3.98570304,-2.21783039,99.10066163382366,-39.15188779653103,133.34581480698094,387.93390442103055,-22.89904208410475,True,0.9021077516889312,-0.4315108391949636,403.9334120370061,-30.86284187971333,0.2802445704414,13.579518138644689,False,inf
58.894817,-3618.224695782551,-38.83888166236822,402.5461674659423,-30.8646641138302,8.570194940971147,5.280228247041767,14.082205985788832,-162667.58139730245,1.95172361982722,5.285255374784411,115574729.41687228,6.526032150343193,8.570194940971147,-111956631379.34328,9.471128456020397,-0.1683862245137103,56.829282475203485,19.50813346094739,-3825.429199864841,-9.41537326160282,56.1518831054632,14.082205985788832,-7534167888.469704,203.7233146960401,71.61782148520373,6.027234989040568,-84204.57088511874,43287540950.89104,3.0000000000001084,-0.8579830000000093,-785373.8585786477,-1.8083107168831007,387.9477601502911,-22.887339422020432,0.0,-1.395890642607192e-20,0.0,1.3792718610765992e-19,-57.27837508342753,0.1627438273316565,-57.27837508342753,0.0,-70.93800962363316,0.0,0.0,2810.819999999961,-14.6177000000001,0.0,0.0,0.0,0.0,0.0,0.0,0.0,0.0,0.0,0.0,0.0,3785.529999999973,-83.48819999999785,0.0,0.0,0.0,0.0,0.0,0.0,0.0,0.0,0.0,0.0,0.0,7388.629999999968,-42.01050000000194,0.0,0.0,0.0,0.0,0.0,0.0,0.0,0.0,0.0,999.0000000000646,999.0000000000646,1.000000000000003,-16.81227216542894,gaze,0.4158068117533148,0.406704275561855,-59.22927136750509,-13.383496473098823,233.72088382903644,-37.60041919258815,-16.531284200196314,-33.86907930465691,-0.067366638764915,0.020091638708303,0.9929684337782262,5.076922684968794,23.83194586767324,-17.233106402137214,-20.238292744294284,0.4407051054554455,0.3756287684276838,0.7766440744861515,4.8089681363925525,-6.214582492328967,-16.206593039649718,-26.777995534146307,0.272412297737355,0.2213005798850332,0.8785203930092245,4.9760503311488975,152.3623460672577,False,-0.3134519616973485,imu,-0.951062952,-9.669738164800002,2.3902185888,6.08631221,-3.16324294,-2.02343073,99.02840046826422,-39.16051119561696,133.35551897726373,387.9477601502911,-22.887339422020432,True,0.8988299496891488,-0.4382975262784429,404.0955045799893,-30.888402416978323,0.1140786107044818,14.082205985788832,False,inf
58.896026,-3629.310747987073,-38.91341265276912,402.5691956924648,-30.87022961088887,8.583785321751835,5.293862338793824,14.153887394498383,-163223.88861839473,1.956098093396461,5.298901625969468,115988324.75883812,6.538944628111525,8.583785321751835,-112365516201.3332,9.481989021020752,-0.1687926435897986,56.88022416730309,19.53988507426391,-3837.128321484457,-9.436380587681588,56.201940333179536,14.153887394498383,-7561645729.088669,204.05369378156192,71.75552718179708,6.037269171066129,-84480.4875561868,43445407736.02077,3.00000000000011,-0.8579830000000097,-787982.2654124559,-1.8116367619328924,387.94973704194376,-22.885668607830624,0.0,-1.3985975497941894e-20,0.0,1.3819465410313637e-19,-57.381990717232966,0.1630431636586614,-57.381990717232966,0.0,-71.06649034694208,0.0,0.0,2810.81999999996,-14.61770000000012,0.0,0.0,0.0,0.0,0.0,0.0,0.0,0.0,0.0,0.0,0.0,3785.529999999973,-83.48819999999796,0.0,0.0,0.0,0.0,0.0,0.0,0.0,0.0,0.0,0.0,0.0,7388.629999999976,-42.01050000000197,0.0,0.0,0.0,0.0,0.0,0.0,0.0,0.0,0.0,999.000000000065,999.000000000065,1.0000000000000036,-16.835540277925208,gaze,0.415709656511097,0.4065477891038715,-59.62945257729932,-13.0150479960853,233.6473307929363,-37.5907106418108,-16.5332378906495,-33.8749384320511,-0.0674716286370826,0.0203450861807502,0.992884236757362,5.075960797771955,23.8455692186596,-17.225402187819174,-20.211186666455284,0.4405080234286373,0.3752378889641068,0.7768284889594407,4.808902125162587,-6.241011390317989,-16.196744768027553,-26.75495126167429,0.2724822339085013,0.2213897976928654,0.8784717786563974,4.975848026928332,152.00833862096704,False,-0.3167332474844767,imu,-0.5086376136631019,-9.66581450634576,2.3179355402285347,4.757943903083594,-2.318894091868541,-3.816332097988151,98.6585796,-39.15462440000002,134.7858136,387.94973704194376,-22.885668607830624,True,0.8983577265289071,-0.4392646072537748,404.1185612924342,-30.892029556564832,0.0901839855276876,14.153887394498383,False,inf
58.901452,-3679.397713041022,-39.24918331094163,402.6728370663898,-30.895259220660225,8.644977151798019,5.355322114655209,14.476948359817072,-165738.5175430104,1.975820697755424,5.3604162283822365,117859150.39103472,6.5971039437482935,8.644977151798019,-114215332629.51616,9.53084194405055,-0.1706251658664883,57.109322530468965,19.6828469859446,-3889.984508869976,-9.531049912498007,56.4270607494144,14.476948359817072,-7685955546.887112,205.54121538681463,72.37602801087061,6.082487384056953,-85727.65160392306,44159597217.59622,3.000000000000105,-0.8579830000000088,-799774.1811650842,-1.8266203066620883,387.9586500849716,-22.878132142575467,0.0,-1.4107955599760486e-20,0.0,1.3939993271298856e-19,-57.848700842484185,0.1643916478581893,-57.848700842484185,0.0,-71.64519356198198,0.0,0.0,2810.819999999958,-14.617700000000092,0.0,0.0,0.0,0.0,0.0,0.0,0.0,0.0,0.0,0.0,0.0,3785.529999999966,-83.48819999999779,0.0,0.0,0.0,0.0,0.0,0.0,0.0,0.0,0.0,0.0,0.0,7388.629999999965,-42.01050000000194,0.0,0.0,0.0,0.0,0.0,0.0,0.0,0.0,0.0,999.0000000000636,999.0000000000636,1.0000000000000022,-16.940255212752017,gaze,0.625212568436535,0.5656780085575456,-61.45666167538177,-12.70095108515981,233.2712385179653,-37.41116216846142,-16.27712174627447,-33.36638757324855,-0.089807956767718,0.0133567023648202,0.99586953432824,5.255739688873291,25.48817809862822,-18.47354897653527,-18.32476640117374,0.4918475094220163,0.6623245439581007,0.5651656623911733,3.763116359710693,-6.735444901449364,-16.592820570646637,-27.09506771172936,0.1909417995516136,0.2320397197683267,0.8562303905814865,4.67888331255858,147.49167834301056,False,-1.0,imu,-0.5093441167762437,-9.66614334554655,2.3166560425090594,4.686791870766887,-1.9489408339434853,-3.679563957880916,98.9715183935468,-39.16707069753649,133.36387988377015,387.9586500849716,-22.878132142575467,True,0.8753006221887847,-0.4835791773804228,404.2223009552292,-30.908322802970154,0.835932027703514,14.476948359817074,False,inf
58.903347,-3697.019053029149,-39.36694176870704,402.7091454216836,-30.90402059055253,8.666424549543096,5.376890862422189,14.590298617961622,-166623.67389440536,1.9827434593213915,5.3820042225009175,118518182.9662204,6.617496082419603,8.666424549543096,-114867079432.62498,9.547946241530518,-0.1712684518517244,57.18951583030403,19.73295341943816,-3908.579857243779,-9.56426261942794,56.50586150935853,14.590298617961622,-7729753158.866404,206.0625688109271,72.59369119118443,6.098350954950068,-86166.64185778948,44411224827.6111,3.0000000000001066,-0.8579830000000088,-803925.4920957137,-1.8318749448406848,387.9617786452384,-22.87548546220709,0.0,-1.41507472767887e-20,0.0,1.3982275489643461e-19,-58.012346518025446,0.1648645530753712,-58.012346518025446,0.0,-71.8481060540097,0.0,0.0,2810.819999999956,-14.617700000000092,0.0,0.0,0.0,0.0,0.0,0.0,0.0,0.0,0.0,0.0,0.0,3785.5299999999697,-83.48819999999779,0.0,0.0,0.0,0.0,0.0,0.0,0.0,0.0,0.0,0.0,0.0,7388.629999999961,-42.01050000000194,0.0,0.0,0.0,0.0,0.0,0.0,0.0,0.0,0.0,999.0000000000632,999.0000000000632,1.0000000000000029,-16.97693732195773,gaze,0.415121150942586,0.4056003833076432,-61.923864552578685,-11.787364275068365,233.1889054272146,-37.53142124733508,-16.545195403193773,-33.90916601614671,-0.0681020992515002,0.0218801855540511,0.992372429803454,5.070092401730939,23.93096031167316,-17.173384916328487,-20.050187713771354,0.4393132362565318,0.3728648379399442,0.7779474239137052,4.808354195830886,-6.4051978091799455,-16.137429838180136,-26.621943194379995,0.2728909199476149,0.2219221929557747,0.8781808455687379,4.974549360822284,145.17847800103485,False,-0.3369874218181525,imu,-0.9815687448,-9.7086180968,2.3932093528,5.44329795,-2.33330593,-1.95613854,98.95518234294708,-39.168920610888975,133.36639857697952,387.9617786452384,-22.87548546220709,True,0.8954567558761656,-0.4451485126963059,404.2586321224982,-30.91401879032586,0.0563611110321641,14.590298617961622,False,inf
58.911878,-3777.1795957789263,-39.90024243803425,402.87332205089024,-30.943590961286688,8.763469693817353,5.474661720709231,15.103950961303738,-170653.35833919793,2.014132613519424,5.479862359279184,121521656.25170478,6.709815250410516,8.763469693817353,-117838094107.69476,9.62522151235368,-0.1741856043541332,57.55170301454615,19.95966892544269,-3993.1696375288648,-9.714746762269138,56.86175873684929,15.103950961303738,-7929402932.895462,208.42149306366247,73.57973926067972,6.170225941162777,-88165.05447730015,45558259268.98489,3.0000000000001137,-0.8579830000000102,-822827.7904584194,-1.8556703661193348,387.97596415981457,-22.863476467308782,0.0,-1.4344617866560947e-20,0.0,1.4173837942285777e-19,-58.75323741426767,0.1670060856216597,-58.75323741426767,0.0,-72.76676054924847,0.0,0.0,2810.819999999958,-14.61770000000012,0.0,0.0,0.0,0.0,0.0,0.0,0.0,0.0,0.0,0.0,0.0,3785.529999999972,-83.4881999999979,0.0,0.0,0.0,0.0,0.0,0.0,0.0,0.0,0.0,0.0,0.0,7388.629999999972,-42.010500000002025,0.0,0.0,0.0,0.0,0.0,0.0,0.0,0.0,0.0,999.000000000066,999.000000000066,1.0000000000000036,-17.1427888861427,gaze,0.4144352988122297,0.4044971788902588,-62.4621791123329,-12.64567117369636,232.80109729923328,-37.461287749422176,-16.55939713064411,-33.94620969275616,-0.0688254275394698,0.0236693758102645,0.991771993953726,5.063161759288277,24.03424121272017,-17.101215604144127,-19.87201163484946,0.4379183040386321,0.3700871975632194,0.7792557846641318,4.807400481276378,-6.595585818468294,-16.069126475369696,-26.48361982622201,0.2733352715031931,0.2225256296394397,0.877849283442815,4.972879187153314,127.11410099340812,False,-0.3613585801177336,imu,-0.9426888128,-9.745703570400002,2.341768212,5.00963717,-1.286538530000001,-2.01595382,98.88124992711276,-39.1771200075265,133.37845694113344,387.97596415981457,-22.863476467308782,True,0.8919851359926078,-0.4520647267463464,404.4228361180036,-30.939697913910557,0.2311811922573873,15.103950961303738,False,inf
58.920409,-3858.714504158579,-40.438756416858006,403.0386854979311,-30.983371464585048,8.861323952658474,5.573537989874694,15.623139711685257,-174757.17306346446,2.045890471815589,5.578826950839425,124585710.4164728,6.802984022671946,8.861323952658474,-120870267553.55911,9.702947024245615,-0.1771376063093614,57.915808481230016,20.18826477142293,-4079.207107068307,-9.866819148247972,57.21953990043363,15.623139711685257,-8133156829.802132,210.79992860389748,74.57592555866749,6.2428571866676,-90200.07448266016,46728871867.97908,3.00000000000011,-0.8579830000000097,-842083.4793011742,-1.8796958133027848,387.99031603024537,-22.85131285683616,0.0,-1.4540510859673092e-20,0.0,1.4367398720311193e-19,-59.50100767593705,0.1691683199048905,-59.50100767593705,0.0,-73.69392299810733,0.0,0.0,2810.8199999999542,-14.617700000000111,0.0,0.0,0.0,0.0,0.0,0.0,0.0,0.0,0.0,0.0,0.0,3785.529999999964,-83.48819999999785,0.0,0.0,0.0,0.0,0.0,0.0,0.0,0.0,0.0,0.0,0.0,7388.629999999965,-42.010500000002,0.0,0.0,0.0,0.0,0.0,0.0,0.0,0.0,0.0,999.0000000000656,999.0000000000656,1.0000000000000029,-17.309814604930246,gaze,0.4137498648159766,0.4033954071797481,-61.64071665761828,-15.598784945122103,232.7409219370166,-37.390087770778685,-16.573876027392117,-33.979999025877326,-0.0695367028478208,0.0254583187977956,0.991167520978144,5.0561354738791335,24.13779147269332,-17.016794491122223,-19.70830478924648,0.4365209524866291,0.3672975461691192,0.7805684687577096,4.8061162017470656,-6.770952696230275,-16.00188335058384,-26.36671714177596,0.2737455902668068,0.2231109138571116,0.8775257316493671,4.9710441132238135,101.152757603602,False,-0.3864579842214987,imu,-0.9193608536,-9.7427128064,2.323823628,4.38905364,-0.37435551,-2.06829219,98.80687240545667,-39.18511036846034,133.39169228832117,387.99031603024537,-22.85131285683616,True,0.8884132054494172,-0.4590446344127026,404.5881006722548,-30.9654377651445,0.4104282638448074,15.623139711685257,False,inf
58.921545,-3869.67643525657,-40.51086087390621,403.06079545594935,-30.98868459152294,8.874415667875185,5.586788347260772,15.692695256020071,-175309.28961808234,2.0501473723831247,5.592089148539061,124998343.62989756,6.815454878898015,8.874415667875185,-121278700559.02304,9.713331125538955,-0.1775333423370334,57.964438359965456,20.218847376324693,-4090.774185785125,-9.887189731850905,57.267325030870175,15.692695256020071,-8160601998.431536,211.1181226468115,74.70934799492584,6.2525862209208505,-90473.84919540749,46886550545.69629,3.0000000000001137,-0.8579830000000102,-844674.5198558468,-1.882912515601616,387.9922397487224,-22.84968141637023,0.0,-1.456674964046355e-20,0.0,1.4393325113806764e-19,-59.60110329658535,0.1694578156145384,-59.60110329658535,0.0,-73.81803017437103,0.0,0.0,2810.819999999956,-14.617700000000106,0.0,0.0,0.0,0.0,0.0,0.0,0.0,0.0,0.0,0.0,0.0,3785.5299999999697,-83.48819999999779,0.0,0.0,0.0,0.0,0.0,0.0,0.0,0.0,0.0,0.0,0.0,7388.629999999972,-42.010500000002025,0.0,0.0,0.0,0.0,0.0,0.0,0.0,0.0,0.0,999.0000000000664,999.0000000000664,1.000000000000003,-17.33214494728233,gaze,0.6254208891050143,0.5828459695141528,-61.54477421987232,-17.42909512916262,233.23650479701024,-37.40138583244004,-16.293403268789273,-33.33074632625493,-0.09017356366004,-0.004241715397449,0.9956066896292872,5.227318259774717,24.99181108012014,-17.846927851744223,-19.16879479585821,0.5033528256158162,0.5995917496869462,0.6120671354378839,3.9482918260778033,-6.596405790933178,-16.754459432536198,-26.760873251223902,0.1880441865173293,0.269684465433263,0.8361608350334707,4.646458673942293,97.26665756730264,False,-1.0,imu,-0.5119397736471262,-9.667293296158942,2.312141602224519,4.375767480881186,-0.3291041285531781,-3.1643816508341294,98.7969486024728,-39.186158710915166,133.3935434382956,387.9922397487224,-22.84968141637023,True,0.8650986556949855,-0.5016017503106712,404.6101877175362,-30.96886995716628,1.311692695751906,15.69269525602007,False,inf
58.92894,-3941.6412628872695,-40.982518195988895,403.2052429749515,-31.02336294292828,8.959992157835293,5.673528146046347,16.14790095101415,-178936.1249345541,2.0780200542034635,5.678906481141264,127711257.26958904,6.897007458125273,8.959992157835293,-123964539148.122,9.781124515982778,-0.1801247190339569,58.2818388092894,20.41875203908723,-4166.71065054893,-10.020490642919992,57.5792115072636,16.14790095101415,-8341077800.659744,213.19799012079088,75.58232410839352,6.316250248710244,-92272.20000121684,47923424264.08841,3.0000000000001137,-0.8579830000000102,-861697.4841819843,-1.903952875189883,388.0048352293832,-22.83899366647768,0.0,-1.4738441365494602e-20,0.0,1.4562972753201808e-19,-60.25570305102521,0.1713513989123835,-60.25570305102521,0.0,-74.6296497312055,0.0,0.0,2810.819999999956,-14.617700000000111,0.0,0.0,0.0,0.0,0.0,0.0,0.0,0.0,0.0,0.0,0.0,3785.529999999968,-83.48819999999779,0.0,0.0,0.0,0.0,0.0,0.0,0.0,0.0,0.0,0.0,0.0,7388.629999999972,-42.010500000002025,0.0,0.0,0.0,0.0,0.0,0.0,0.0,0.0,0.0,999.0000000000672,999.0000000000672,1.0000000000000036,-17.478021490405258,gaze,0.4130653686388856,0.4022956729551144,-61.62407904006401,-19.68841618341929,233.0154307773968,-37.317881861359226,-16.58862050264642,-34.010332856248695,-0.0702360894407007,0.0272463438731141,0.990559331449187,5.049017420095129,24.237707538841903,-16.920429387584786,-19.56386338363876,0.4351216557957804,0.3644972398653705,0.7818849480713019,4.804510415944328,-6.919250775482523,-15.935887767624436,-26.274272327078272,0.2741221727891028,0.2236781442649196,0.8772101740684781,4.969048235479867,72.84433000653033,False,-0.4121780496830788,imu,-0.9139774784,-9.742114653600002,2.3262162392,3.80585466,0.9341037399999998,-1.64210832,98.73231059261018,-39.1928936625677,133.40610271182348,388.0048352293832,-22.83899366647768,True,0.8847386594993026,-0.4660874428552832,404.7544289152178,-30.99123939266948,0.5941683341957694,16.14790095101415,False,inf
58.937471,-4025.977503425562,-41.53156240678175,403.37300172434766,-31.06356624107209,9.059479159693725,5.774640705485023,16.678270903106124,-183191.2298572436,2.1105243960712188,5.78010947431199,130899217.72319752,6.991890632966195,9.059479159693725,-127121857839.21307,9.859755729981208,-0.1831472049990559,58.649800583705456,20.6511418522123,-4255.698806681332,-10.175772156600974,57.94078007084311,16.678270903106124,-8553229436.978291,215.6157927377421,76.59900927470798,6.390410709470546,-94381.93364613206,49142281775.83778,3.000000000000117,-0.857983000000011,-881674.7761589857,-1.928443147625044,388.0195227329241,-22.826517928806325,0.0,-1.493842456557655e-20,0.0,1.4760575041761942e-19,-61.01736948501368,0.1735554662655375,-61.01736948501368,0.0,-75.57399732110561,0.0,0.0,2810.819999999958,-14.617700000000127,0.0,0.0,0.0,0.0,0.0,0.0,0.0,0.0,0.0,0.0,0.0,3785.529999999972,-83.48819999999779,0.0,0.0,0.0,0.0,0.0,0.0,0.0,0.0,0.0,0.0,0.0,7388.629999999968,-42.01050000000208,0.0,0.0,0.0,0.0,0.0,0.0,0.0,0.0,0.0,999.0000000000682,999.0000000000682,1.0000000000000044,-17.64741658374786,gaze,0.4123823206061921,0.4011985704006089,-61.89981687014803,-23.604658088201152,233.43595631834583,-37.24473006322134,-16.603619115779214,-34.03701590922593,-0.0709237496947849,0.0290327907487751,0.9899477413888564,5.041811425846669,24.33019680700732,-16.812540187396284,-19.44363472753059,0.4337208816851841,0.3616876152788352,0.7832047018133965,4.802592084374112,-7.032151506280575,-15.87132151304344,-26.208600058308907,0.2744653161595319,0.2242274202979936,0.876902593726729,4.966895609786309,48.128180737318765,False,-0.4384087425806489,imu,-0.8786864632000002,-9.7128051664,2.2843455432,3.55911663,2.07059406,-1.39537029,98.6578248363565,-39.20047184640905,133.42168500059955,388.0195227329241,-22.826517928806325,True,0.8809591635206644,-0.4731922993973711,404.9218239390211,-31.017103919412158,0.7824669897918326,16.678270903106124,False,inf
58.941525,-4066.553946151416,-41.79433426793987,403.4531452015456,-31.082745663551933,9.107044593536989,5.823086101788275,16.932283433352907,-185240.2789278254,2.126102962136958,5.8285982191444745,132436307.79261376,7.037282707116526,9.107044593536989,-128644616972.01476,9.897281458464466,-0.1845959897672769,58.82533789395944,20.76224546459672,-4298.512475942436,-10.25013068715749,58.113267166016016,16.932283433352907,-8655547071.104935,216.7717050023776,77.08577347465302,6.425922964202968,-95397.82480253484,49730118590.61096,3.000000000000117,-0.857983000000011,-891296.9332404525,-1.940163329769068,388.0265616292265,-22.82053420484713,0.0,-1.5034182104649774e-20,0.0,1.4855192533888313e-19,-61.38177631757694,0.1746102552798213,-61.38177631757694,0.0,-76.02579707631008,0.0,0.0,2810.819999999956,-14.617700000000106,0.0,0.0,0.0,0.0,0.0,0.0,0.0,0.0,0.0,0.0,0.0,3785.5299999999697,-83.48819999999773,0.0,0.0,0.0,0.0,0.0,0.0,0.0,0.0,0.0,0.0,0.0,7388.629999999965,-42.01050000000211,0.0,0.0,0.0,0.0,0.0,0.0,0.0,0.0,0.0,999.0000000000678,999.0000000000678,1.0000000000000036,-17.728333026993088,gaze,0.6256280382094892,0.5999173804489515,-61.63239123270868,-22.130648804529542,233.2019664132606,-37.39166447705721,-16.309593226478302,-33.295305520256214,-0.090537114434369,-0.0217411623137898,0.9953453231292588,5.199056668504656,24.498235554823346,-17.223830749603113,-20.0080765022132,0.5147934376474717,0.537211755184518,0.6587048416775195,4.132425893564677,-6.476351721621427,-16.856277795354927,-26.55784169856821,0.1922994693549228,0.2858013285351546,0.8234414258992887,4.629327368523213,38.75819877001275,False,-1.0,imu,-0.5144891848380202,-9.668332035484942,2.308000010736768,4.007575695572437,1.560021345798283,-2.662029664900376,98.62253029701476,-39.20400172893447,133.4294993365202,388.0265616292265,-22.82053420484713,True,0.8542932406349384,-0.5197913610338819,405.0017462121842,-31.029417342283832,1.8107609207026536,16.932283433352907,False,inf
58.94619,-4113.647207346638,-42.09820058101417,403.5457062630576,-31.104875265199382,9.162009713778897,5.879150194740841,17.22616209369204,-187619.8614980728,2.144135459235635,5.884712493322626,134222892.1774526,7.089758443984343,9.162009713778897,-130414899534.73708,9.940590409841816,-0.1862731238598869,59.02787385484236,20.89063042429228,-4348.20152634688,-10.336150685798463,58.31228353004619,17.22616209369204,-8774494724.100775,218.10739587755728,77.64880632423215,6.467004253464454,-96577.54838326528,50413498158.18843,3.000000000000121,-0.857983000000011,-902472.9194874576,-1.953715763599839,388.0347088363326,-22.813604489473875,0.0,-1.5144951775011425e-20,0.0,1.4964643429467182e-19,-61.80307218991493,0.1758299426489001,-61.80307218991493,0.0,-76.54812281925639,0.0,0.0,2810.819999999958,-14.617700000000111,0.0,0.0,0.0,0.0,0.0,0.0,0.0,0.0,0.0,0.0,0.0,3785.529999999973,-83.48819999999779,0.0,0.0,0.0,0.0,0.0,0.0,0.0,0.0,0.0,0.0,0.0,7388.629999999976,-42.01050000000211,0.0,0.0,0.0,0.0,0.0,0.0,0.0,0.0,0.0,999.0000000000696,999.0000000000696,1.0000000000000044,-17.82177981677271,gaze,0.4116862378739327,0.4000806174500015,-60.888593417798646,-26.05962861915727,233.70157317539528,-37.16905077204427,-16.619199105796465,-34.060318176188446,-0.0716146143482377,0.0308562987907518,0.9893194839904564,5.034359698147444,24.41324860781189,-16.690913632550252,-19.350949137528247,0.4322881918092898,0.3588078166439663,0.7845563883460757,4.800317749415405,-7.106243147831827,-15.806992444866175,-26.17079750169048,0.2747817786269567,0.2247703529527776,0.8765964594699922,4.964537758029937,30.869233897308906,False,-0.4656284316312543,imu,-0.8212637944000001,-9.6715326232,2.2813547792,3.33480933,3.18465365,-1.21592445,98.58204604960687,-39.208007116319344,133.4388168888552,388.0347088363326,-22.813604489473875,True,0.8769854722352264,-0.4805168899095609,405.0940133755305,-31.04360467302195,0.979693363730516,17.22616209369204,False,inf
58.954909,-4202.826911471871,-42.67043016958705,403.71968099695687,-31.14640733938428,9.265405854400903,5.984850217924192,17.77998888669613,-192130.21436891705,2.178144441747305,5.990507169804676,137613735.77094874,7.1885350814784665,9.265405854400903,-133775832815.36874,10.021902721779473,-0.1894365502747053,59.40797856555082,21.13212994935314,-4442.2946645372085,-10.49823416426617,58.68578225236079,17.77998888669613,-9000315570.436117,220.6198643323461,78.70950652767166,6.544411261850923,-98813.52308120742,51710886136.27896,3.000000000000119,-0.857983000000011,-923661.1839100524,-1.9792353752539964,388.050072813734,-22.80052547373849,0.0,-1.5353655444074315e-20,0.0,1.51708623647043e-19,-62.59615426156466,0.1781266480030579,-62.59615426156466,0.0,-77.53137358568652,0.0,0.0,2810.819999999956,-14.61770000000012,0.0,0.0,0.0,0.0,0.0,0.0,0.0,0.0,0.0,0.0,0.0,3785.5299999999697,-83.48819999999773,0.0,0.0,0.0,0.0,0.0,0.0,0.0,0.0,0.0,0.0,0.0,7388.629999999972,-42.01050000000214,0.0,0.0,0.0,0.0,0.0,0.0,0.0,0.0,0.0,999.00000000007,999.00000000007,1.000000000000004,-17.99739916962059,gaze,0.4109927160176004,0.3989666348399704,-59.98481898921281,-25.978855539787983,233.5051503288616,-37.09250861045248,-16.63502087057229,-34.07941592181412,-0.0722935671112608,0.0326767965459538,0.9886883275738044,5.026824048196835,24.481009045478885,-16.558468740327235,-19.293939847745303,0.4308549259983217,0.3559210458132818,0.7859104185093791,4.797735555455848,-7.137365718887625,-15.744521576815876,-26.163587284643544,0.2750639410386711,0.2252947436545277,0.8762986193727391,4.962024611176402,22.21415064676098,False,-0.49314293807978,imu,-0.8260490168000001,-9.659569567200002,2.2831492376,3.35724006,4.26132869,-1.05143243,98.50689240957917,-39.21533222957984,133.45716202873365,388.050072813734,-22.80052547373849,True,0.8728971302030715,-0.4879042939790981,405.2673235395985,-31.0701737496376,1.1818183118429326,17.77998888669613,False,inf
58.961617,-4272.477572196556,-43.11450665086814,403.85439865541184,-31.17851260434701,9.34554655303122,6.066987089639063,18.21014243401233,-195656.59522346407,2.204582300913588,6.072717633504063,140268849.20840672,7.265151324845657,9.34554655303122,-136408446093.5428,10.084786964097436,-0.1918960530786476,59.7018008409259,21.319304904349963,-4515.780855133594,-10.624101630486964,58.97449751214744,18.21014243401233,-9177196402.106926,222.5671223531416,79.53303235380692,6.604522137999114,-100561.5961617974,52727102766.97937,3.000000000000121,-0.8579830000000102,-940231.4200818026,-1.9990381950532503,388.0620148821149,-22.79034972552037,0.0,-1.551571419780929e-20,0.0,1.5330991718312266e-19,-63.21136918437022,0.1799088554196366,-63.21136918437022,0.0,-78.2940911389639,0.0,0.0,2810.8199999999542,-14.61770000000012,0.0,0.0,0.0,0.0,0.0,0.0,0.0,0.0,0.0,0.0,0.0,3785.529999999968,-83.48819999999768,0.0,0.0,0.0,0.0,0.0,0.0,0.0,0.0,0.0,0.0,0.0,7388.629999999965,-42.01050000000217,0.0,0.0,0.0,0.0,0.0,0.0,0.0,0.0,0.0,999.0000000000704,999.0000000000704,1.0000000000000036,-18.133372405304552,gaze,0.6258363485101454,0.6170844869805832,-61.72049939196334,-26.85855753553451,233.1672344209534,-37.38188862759016,-16.32587393868491,-33.25966604707672,-0.0909027031309566,-0.0393387042278611,0.9950824915117128,5.170636653900146,24.00189323979512,-16.59724081085336,-20.85206289080607,0.5262981812380642,0.4744820830352248,0.705603980504688,4.317592144012451,-6.375719266355794,-16.897930556933783,-26.48613808285904,0.2036798601931367,0.2804216783800727,0.8180829051652928,4.627578425194356,21.081763717452247,True,1.0,imu,-0.5170216872603349,-9.66927272656498,2.3041820999701965,3.596736815859716,3.554278803388536,-2.200503903726407,98.44966934055604,-39.22082608589129,133.4720970690242,388.0620148821149,-22.79034972552037,False,0.8427334120755188,-0.538331121310624,405.4014252570082,-31.090662197671776,2.33939357903228,18.21014243401233,False,inf
58.963627,-4293.525425887593,-43.24822200111318,403.894913582566,-31.18815857089693,9.369660811343444,6.09173766765273,18.339725866265724,-196722.87096104023,2.212550664505521,6.097490393835347,141072360.75080717,7.288214534389465,9.369660811343444,-137205304691.25185,10.10368512932249,-0.1926373988741,59.79007781926112,21.37562439308729,-4537.987446095974,-10.662015499655654,59.06124002980067,18.339725866265724,-9230735261.617989,223.15303064099865,79.7810668399203,6.622628755946703,-101090.14546803,53034694364.07187,3.0000000000001243,-0.8579830000000124,-945242.5267353893,-2.005000739439915,388.0656139230491,-22.78728136744612,0.0,-1.5564527700558392e-20,0.0,1.537922406898744e-19,-63.39657315247727,0.1804454704467036,-63.39657315247727,0.0,-78.52369644909831,0.0,0.0,2810.819999999958,-14.61770000000014,0.0,0.0,0.0,0.0,0.0,0.0,0.0,0.0,0.0,0.0,0.0,3785.529999999972,-83.48819999999779,0.0,0.0,0.0,0.0,0.0,0.0,0.0,0.0,0.0,0.0,0.0,7388.629999999976,-42.010500000002224,0.0,0.0,0.0,0.0,0.0,0.0,0.0,0.0,0.0,999.0000000000724,999.0000000000724,1.0000000000000049,-18.174261894077915,gaze,0.4103023488885623,0.3978573499502813,-62.862966845980594,-23.249477755853256,232.7408961427183,-37.01517490649987,-16.651070823962016,-34.094122093498456,-0.0729606994346847,0.0344934041435124,0.9880546677537692,5.019209290758955,24.52997044834856,-16.41599437794845,-19.277542998136425,0.4294217271819385,0.3530289993009664,0.7872661042408184,4.79485510050083,-7.127429070844823,-15.684090407148323,-26.187241968621944,0.2753120956789947,0.2258006440462411,0.8760090853347444,4.959360682903676,19.76024400558773,True,-0.520826224213134,imu,-0.7853746264000001,-9.683495679200002,2.3022901272,3.15536349,5.07631188,-0.99909406,98.432644691457,-39.22244843098277,133.47671063697987,388.0656139230491,-22.78728136744612,True,0.8686920412388576,-0.4953525385907163,405.44173754020414,-31.09680954749422,1.3888859481660476,18.339725866265724,False,inf
58.972346,-4385.783020827276,-43.831746206566,404.0714520827946,-31.23013944954528,9.474803760207614,6.199846330635206,18.905540727148235,-201400.0088942796,2.247365327904571,6.205695982642867,144600583.51358443,7.388825163985052,9.474803760207614,-140705156855.17114,10.185958269973035,-0.1958766891715234,60.17426632868441,21.621181672988097,-4635.322287304442,-10.827544106317047,59.43874997649001,18.905540727148235,-9465877348.536167,225.7076007183277,80.86381395774849,6.701680747010948,-103408.49399004108,54385632635.316895,3.000000000000119,-0.8579830000000106,-967227.4046823462,-2.031019501191795,388.0813367834505,-22.77386808602841,0.0,-1.5777633440987127e-20,0.0,1.5589792666208565e-19,-64.20456239228979,0.1827870980140692,-64.20456239228979,0.0,-79.5253805014933,0.0,0.0,2810.8199999999524,-14.61770000000012,0.0,0.0,0.0,0.0,0.0,0.0,0.0,0.0,0.0,0.0,0.0,3785.5299999999625,-83.48819999999762,0.0,0.0,0.0,0.0,0.0,0.0,0.0,0.0,0.0,0.0,0.0,7388.629999999961,-42.01050000000214,0.0,0.0,0.0,0.0,0.0,0.0,0.0,0.0,0.0,999.0000000000708,999.0000000000708,1.0000000000000036,-18.35241620719884,gaze,0.4096154829459864,0.396753097371488,-70.08907914679571,-19.01412201190596,231.66324869661145,-36.93709374514951,-16.667341077283552,-34.10426316939052,-0.0736163296442316,0.0363058777201593,0.9874186770643844,5.011517565466231,24.55688798446949,-16.26432556904853,-19.30629287036756,0.4279887381332877,0.3501323571990085,0.7886232319694558,4.791684868410609,-7.080992403666676,-15.625852863818428,-26.241405836448266,0.2755266187802903,0.226288279606668,0.8757277691984581,4.956549517721616,21.69302265591984,True,-0.5485608407191606,imu,-0.7524762224000001,-9.7104125552,2.30288828,3.08059439,6.063264,-0.91684805,98.3595548726936,-39.22935938882974,133.49745842500454,388.0813367834505,-22.77386808602841,True,0.8643666257041749,-0.5028621444976535,405.61729852892057,-31.123519728106235,1.601011113487756,18.905540727148235,False,inf
58.981065,-4479.609009148183,-44.4209745716548,404.24928436783193,-31.27234611333398,9.58082807183658,6.309173326082515,19.47740905326549,-206162.24034556744,2.282587833006214,6.31512105310424,148199044.49791145,7.490361102317982,9.58082807183658,-144276065648.43628,10.268714670324025,-0.1991543426909575,60.56050744434792,21.86878608002716,-4734.308941352075,-10.99481318799973,59.8182761280592,19.47740905326549,-9705787081.082108,228.28341047323028,81.95770685326404,6.781564405623799,-105768.8710871904,55763960887.99695,3.000000000000126,-0.857983000000011,-989618.9221058714,-2.0572904615122214,388.0972406796759,-22.760286089326826,0.0,-1.599296520476646e-20,0.0,1.580256078459405e-19,-65.02008072352491,0.1851514227972412,-65.02008072352491,0.0,-80.53637416171276,0.0,0.0,2810.8199999999524,-14.61770000000012,0.0,0.0,0.0,0.0,0.0,0.0,0.0,0.0,0.0,0.0,0.0,3785.529999999966,-83.48819999999762,0.0,0.0,0.0,0.0,0.0,0.0,0.0,0.0,0.0,0.0,0.0,7388.629999999965,-42.0105000000022,0.0,0.0,0.0,0.0,0.0,0.0,0.0,0.0,0.0,999.000000000072,999.000000000072,1.000000000000004,-18.531849570234385,gaze,0.4089326925361643,0.395654582517505,-77.1171377711403,-15.31688998300532,230.8405038811721,-36.85833519536284,-16.683818390421855,-34.10966943483687,-0.0742605438393992,0.0381133589995509,0.9867807411438344,5.003753578446154,24.558777205574486,-16.104435006983344,-19.38419163496012,0.4265565879546699,0.3472327739135657,0.7899811294614336,4.788234213359591,-7.0047710780749215,-15.569976748141649,-26.325129994541097,0.2757077997732687,0.226757701482816,0.8754546820195679,4.953595525265017,28.13337513070793,True,-0.5762192869713906,imu,-0.6986424704000002,-9.7325442088,2.296906752,2.92357928,7.07264685,-0.8495558599999999,98.28789657768628,-39.23606629774093,133.51939317401386,388.0972406796759,-22.760286089326826,True,0.8599187149859389,-0.5104309978997469,405.7939896637445,-31.15030288828834,1.8182367790460576,19.47740905326549,False,inf
58.981598,-4485.395982182137,-44.45718046234186,404.26019754805407,-31.274933586655123,9.587338133617305,6.315896303267288,19.5125650771991,-206456.1450303272,2.2847543174421827,6.321850063164025,148421322.8250734,7.496598216489335,9.587338133617305,-144496686964.13098,10.273789356515746,-0.1993559591571619,60.5841854288724,21.8839890181615,-4740.414118571016,-11.005095207684668,59.84154243873329,19.5125650771991,-9720609207.296667,228.44156363379355,82.02494078905134,6.786474873203206,-105914.53872091422,55849116861.40292,3.0000000000001226,-0.8579830000000119,-991001.0485178186,-2.0589046467474823,388.0982187938987,-22.75945031458956,0.0,-1.60062011914243e-20,0.0,1.5815639189404465e-19,-65.07017938213546,0.1852966956785934,-65.07017938213546,0.0,-80.59848040418663,0.0,0.0,2810.8199999999524,-14.617700000000111,0.0,0.0,0.0,0.0,0.0,0.0,0.0,0.0,0.0,0.0,0.0,3785.529999999964,-83.48819999999756,0.0,0.0,0.0,0.0,0.0,0.0,0.0,0.0,0.0,0.0,0.0,7388.629999999968,-42.010500000002224,0.0,0.0,0.0,0.0,0.0,0.0,0.0,0.0,0.0,999.0000000000728,999.0000000000728,1.000000000000004,-18.542860142877288,gaze,0.6590491289993504,0.5702240156697717,-77.41778248007287,-13.70496858753722,230.7207069763672,-37.68884976974758,-16.0758215353885,-34.0482293675528,-0.1483842858098914,0.0088549401513562,0.9888901322996424,5.320407390594482,23.62215004334533,-16.41734573283072,-20.6582791284961,0.4996299547828603,0.5471725065918254,0.6715446048578573,4.451891899108887,-6.467268285858426,-16.784070783718214,-26.63123145529365,0.2026116284903253,0.2777672699033691,0.8183880395767265,4.67864767841218,26.37156355866305,True,1.0,imu,-0.5195097332632453,-9.670106390306657,2.3007276356420987,3.164334107221834,5.424422223551607,-1.8182217560311764,98.2835683027529,-39.23646972361803,133.52077231685905,388.0982187938987,-22.75945031458956,False,0.8530344448041566,-0.5218546119156794,405.80482766888434,-31.15194257143907,2.0811905299535565,19.5125650771991,False,inf
58.989784,-4575.023183387786,-45.01594498945269,404.4284183679404,-31.31477947899387,9.687739046121292,6.419728009156563,20.05537044649324,-211010.7096502781,2.318221521415487,6.425774969006422,151868787.16804993,7.592827881665399,9.687739046121292,-147919107581.34402,10.351956214287377,-0.2024706472130797,60.94880823491548,22.11844976543589,-4834.968217428842,-11.163834685758657,60.19982547888734,20.05537044649324,-9950536593.199768,230.88058565504443,83.06282715840722,6.862285854759409,-108171.84301099018,57170093514.06918,3.000000000000126,-0.8579830000000119,-1012422.6870972544,-2.0838153703168776,388.1133266719503,-22.746534324165864,0.0,-1.6210539673240844e-20,0.0,1.6017544906885505e-19,-65.84317849220159,0.187538602283577,-65.84317849220159,0.0,-81.55673941259134,0.0,0.0,2810.8199999999542,-14.61770000000014,0.0,0.0,0.0,0.0,0.0,0.0,0.0,0.0,0.0,0.0,0.0,3785.529999999966,-83.48819999999762,0.0,0.0,0.0,0.0,0.0,0.0,0.0,0.0,0.0,0.0,0.0,7388.629999999968,-42.01050000000225,0.0,0.0,0.0,0.0,0.0,0.0,0.0,0.0,0.0,999.0000000000732,999.0000000000732,1.0000000000000044,-18.71256969104144,gaze,0.4082544627768638,0.3945623721253881,-78.8334389814551,-13.545429355305654,230.7555297792139,-36.7789599042542,-16.70049151023284,-34.110182685860295,-0.0748935033241636,0.0399152092402941,0.9861411682764966,4.995921117405871,24.532970926344483,-15.9373620360258,-19.5145541976284,0.4251257344759416,0.3443315518040221,0.7913392876609502,4.784512071706797,-6.907135489875542,-15.516615575734148,-26.436931135383723,0.2758559589833408,0.2272090206972982,0.8751898002846344,4.950502774977252,38.34609190430129,True,-0.6036771436040202,imu,-0.6364345792000001,-9.7283571392,2.3052808912,2.64693361,7.87267622,-0.85703277,98.21793017090934,-39.24257116736253,133.5425035977056,388.1133266719503,-22.746534324165864,False,0.8553456368317606,-0.5180577588965056,405.97181400506753,-31.177160776423715,2.040628373379173,20.05537044649324,False,inf
58.997588,-4661.787543589168,-45.553378215114,404.58986395869647,-31.35295276655846,9.784186762883408,6.519729610608357,20.57787872158912,-215424.4472045824,2.3504671651723728,6.525866378495095,155214730.79570183,7.6853354479423475,9.784186762883408,-151241902116.1265,10.426875113258172,-0.2054719441752257,61.29811207073435,22.34366937674349,-4926.499689682257,-11.316614543867695,60.54305539763012,20.57787872158912,-10173765491.550957,233.22342803116595,84.06156155617533,6.935251690882234,-110359.23108309798,58452585164.89011,3.000000000000126,-0.8579830000000119,-1033187.6057857156,-2.1077734795794454,388.1278798526291,-22.734080869726256,0.0,-1.6407196910234533e-20,0.0,1.6211860828966356e-19,-66.58636716124349,0.1896947757854764,-66.58636716124349,0.0,-82.47802315092768,0.0,0.0,2810.8199999999524,-14.61770000000012,0.0,0.0,0.0,0.0,0.0,0.0,0.0,0.0,0.0,0.0,0.0,3785.529999999966,-83.4881999999975,0.0,0.0,0.0,0.0,0.0,0.0,0.0,0.0,0.0,0.0,0.0,7388.629999999968,-42.01050000000225,0.0,0.0,0.0,0.0,0.0,0.0,0.0,0.0,0.0,999.0000000000736,999.0000000000736,1.000000000000004,-18.875422081664293,gaze,0.4076516657136604,0.3935905835661161,-74.90696920833066,-13.27917389649747,231.34323325263296,-36.70744061381574,-16.715571877217215,-34.106370831463,-0.0754506234101387,0.0415226777711699,0.9855675744622778,4.988855608567394,24.484473898812507,-15.78264199939134,-19.67778786380668,0.4238465083461663,0.3417344529755985,0.7925547269958095,4.780957529008084,-6.809362660346974,-15.47110693802452,-26.559210871230977,0.275960826925277,0.227597715786198,0.874959655120446,4.947620204757607,47.45093425220288,True,-0.6279818075466957,imu,-0.5214792744349421,-9.670701388318058,2.2982072315483744,2.8110420792103508,6.701616984662348,-1.587525235192032,98.4266428,-39.04475960000002,133.2721208,388.1278798526291,-22.734080869726256,False,0.8511441101664938,-0.5249320943978255,406.1319404229923,-31.20126500085233,2.2441153199628623,20.57787872158912,False,inf
58.998502,-4672.034280254951,-45.616626274278,404.60884127602185,-31.357435559799622,9.795529587999274,6.531506886578585,20.63939732144331,-215946.00015735623,2.3542655934756183,6.537654234151805,155610431.89657697,7.69621913991301,9.795529587999274,-151634939516.1912,10.43567515876124,-0.2058255047327315,61.33913088458261,22.370155935683748,-4937.309260755224,-11.334600900736564,60.58336091985797,20.63939732144331,-10200169824.004633,233.49895091569792,84.179128186411,6.943841841472159,-110617.69801343104,58604282920.559845,3.0000000000001315,-0.8579830000000115,-1035641.6714926824,-2.110592899073138,388.1295939471368,-22.73261334058826,0.0,-1.6430348264397425e-20,0.0,1.6234736553241673e-19,-66.67381054575378,0.1899485169073224,-66.67381054575378,0.0,-82.58641985181495,0.0,0.0,2810.8199999999542,-14.61770000000014,0.0,0.0,0.0,0.0,0.0,0.0,0.0,0.0,0.0,0.0,0.0,3785.529999999966,-83.48819999999762,0.0,0.0,0.0,0.0,0.0,0.0,0.0,0.0,0.0,0.0,0.0,7388.629999999976,-42.01050000000228,0.0,0.0,0.0,0.0,0.0,0.0,0.0,0.0,0.0,999.000000000076,999.000000000076,1.0000000000000049,-18.894563359537525,gaze,0.4075813458957292,0.3934771459030536,-74.19032863676051,-13.281803672257736,231.4418391123473,-36.699037113140704,-16.717347398043035,-34.105655528933056,-0.0755152967321583,0.0417105950193143,0.9855003355330691,4.988024830132617,24.47715247211967,-15.764241902675822,-19.699845695431016,0.4236967924755292,0.3414303054886436,0.7926970495312508,4.780527747667948,-6.797621920412948,-15.46592110924236,-26.57482481580387,0.2759714058271817,0.2276423003820349,0.8749331285775084,4.947275671010503,48.31328960860704,True,-0.6308072500998595,imu,-0.580208216,-9.716992236,2.3178421,2.28056502,8.56055194,-0.9766633299999998,98.14991830897849,-39.24887528253812,133.5667743493654,388.1295939471368,-22.73261334058826,False,0.8506452385155808,-0.525740124197089,406.1507539839928,-31.204092151080328,2.268223802621578,20.63939732144331,False,inf
59.00169,-4707.914736534419,-45.83773400952227,404.67514688783126,-31.373091049601182,9.835170183851597,6.572692897821174,20.854503261127263,-217772.78409125656,2.367550348822617,6.57887724811286,156996944.51732948,7.734262136528045,9.835170183851597,-153012240551.86548,10.466411475958402,-0.2070620879632384,61.48238149495651,22.46271943874226,-4975.160310808185,-11.397489566329812,60.72412044351096,20.854503261127263,-10292696625.384466,234.46182543841545,84.5901769041294,6.97387715108994,-111522.98821484124,59135866348.94043,3.000000000000128,-0.8579830000000115,-1044237.8447726414,-2.120449093950062,388.1355885020485,-22.727479858533528,0.0,-1.6511295288696837e-20,0.0,1.6314719857694917e-19,-66.97947101505046,0.1908355512543005,-66.97947101505046,0.0,-82.9653210007127,0.0,0.0,2810.8199999999506,-14.617700000000111,0.0,0.0,0.0,0.0,0.0,0.0,0.0,0.0,0.0,0.0,0.0,3785.5299999999625,-83.4881999999975,0.0,0.0,0.0,0.0,0.0,0.0,0.0,0.0,0.0,0.0,0.0,7388.629999999961,-42.01050000000225,0.0,0.0,0.0,0.0,0.0,0.0,0.0,0.0,0.0,999.0000000000746,999.0000000000746,1.000000000000004,-18.96143953324917,gaze,0.6462135566812635,0.569192902326533,-71.44760821380177,-13.52601156076082,231.8517357631901,-37.54575293771759,-16.22473344160531,-33.72307441228939,-0.1266206323600698,0.0100795035650318,0.9919000045713372,5.250748634338379,23.5801284787237,-16.37099030538426,-20.65465379953287,0.5158064220178812,0.5520600067538433,0.6551133367197298,4.498613357543945,-6.671532324774494,-16.568576086136197,-26.899888879033647,0.2013262521906766,0.2664130963029645,0.8269858540338918,4.751698272742014,53.60453127770959,False,-1.0,imu,-0.5219814765150282,-9.670843791361152,2.297595433118058,2.7202852005601885,6.984773173939662,-1.5408649309549127,98.12558293548466,-39.251131024052576,133.57593740720202,388.1355885020485,-22.727479858533528,False,0.8275756068719222,-0.5613542686312892,406.2164730324606,-31.21395992165285,3.126577823333837,20.854503261127267,False,inf
59.007221,-4770.684676065232,-46.2231944292696,404.7906024795302,-31.40032506316008,9.904229766238798,6.644545044905944,21.22966357206346,-220970.4086887762,2.39073169355886,6.650793966828669,159425901.03450638,7.800564165933638,9.904229766238798,-155425511998.42484,10.519892601449907,-0.209219975200504,61.731572018108224,22.62397457794289,-5041.376703321785,-11.50716304748537,60.96897744508935,21.22966357206346,-10454817620.302034,236.1392336335851,85.30694841029515,7.026257253213193,-113107.57351798408,60067280814.84238,3.0000000000001297,-0.8579830000000119,-1059286.9122773998,-2.1376309561980094,388.1460473034922,-22.71851888504161,0.0,-1.6652458244626108e-20,0.0,1.6454202189206183e-19,-67.51221821889732,0.1923818784064608,-67.51221821889732,0.0,-83.62571421209277,0.0,0.0,2810.8199999999524,-14.61770000000012,0.0,0.0,0.0,0.0,0.0,0.0,0.0,0.0,0.0,0.0,0.0,3785.529999999968,-83.4881999999975,0.0,0.0,0.0,0.0,0.0,0.0,0.0,0.0,0.0,0.0,0.0,7388.629999999965,-42.01050000000228,0.0,0.0,0.0,0.0,0.0,0.0,0.0,0.0,0.0,999.0000000000746,999.0000000000746,1.0000000000000044,-19.07788009857145,gaze,0.4069136530199082,0.3923991994488209,-66.40193215469981,-13.18459398310614,232.47377747210905,-36.61860791534332,-16.734378984038585,-34.09594915556884,-0.076126224054787,0.043499311224457,0.9848583946106826,4.980066594265294,24.38935843597992,-15.586218909203192,-19.941630536091083,0.42226987827688,0.338529630737284,0.794054232966366,4.7762890554081565,-6.686379850820778,-15.41802022596633,-26.736443245210587,0.2760544880085713,0.2280577525005125,0.874684582759782,4.943917456217103,52.322271379970864,False,-0.6574925518128103,imu,-0.517402172,-9.6954587352,2.3064771968,1.86185806,8.85215143,-1.05143243,98.08409426169608,-39.254982072838935,133.59219732215558,388.1460473034922,-22.71851888504161,False,0.8458137166562797,-0.5334783563708001,406.33085363469394,-31.231105149979616,2.501138365386405,21.22966357206345,False,inf
59.01594,-4870.98362481422,-46.83561924563221,404.9736893892357,-31.443444033532728,10.013832629577674,6.758839222540427,21.82614263325492,-226084.5491634608,2.427619104031652,6.765190902731088,163315844.02795178,7.905856743478157,10.013832629577674,-159291512148.01227,10.604600863198224,-0.2126539676575316,62.12609406975645,22.87988923023084,-5147.180233937051,-11.681513729488548,61.35663819203461,21.82614263325492,-10714525947.471355,238.8012618954785,86.44624320462883,7.109528989573083,-115641.77292729914,61559351244.16269,3.0000000000001297,-0.8579830000000128,-1083361.53277063,-2.164928258246803,388.1626859552075,-22.704251481048104,0.0,-1.6876861452662086e-20,0.0,1.6675933750676534e-19,-68.35835767590113,0.1948385712730266,-68.35835767590113,0.0,-84.67456771423167,0.0,0.0,2810.8199999999524,-14.617700000000127,0.0,0.0,0.0,0.0,0.0,0.0,0.0,0.0,0.0,0.0,0.0,3785.529999999964,-83.4881999999975,0.0,0.0,0.0,0.0,0.0,0.0,0.0,0.0,0.0,0.0,0.0,7388.629999999968,-42.01050000000234,0.0,0.0,0.0,0.0,0.0,0.0,0.0,0.0,0.0,999.0000000000756,999.0000000000756,1.0000000000000044,-19.262506911598685,gaze,0.4062519175764547,0.3913291912983986,-60.89899387596444,-12.53181132203305,233.15812624070648,-36.537740264754135,-16.751573563809565,-34.08093686243121,-0.0767263687423997,0.0452805452468353,0.98421571295121,4.972050952644869,24.26804856009429,-15.40455907275274,-20.24030281799688,0.4208455932997361,0.3356311015251977,0.7954101962131108,4.771805063146765,-6.583748271889126,-15.373049655379502,-26.91899141429278,0.2761055121026792,0.2284554396606683,0.8744441666238624,4.940432434007999,46.324016167351445,False,-0.6836078410578664,imu,-0.4510072112,-9.693664276800002,2.3082716552,1.5179202,8.941874349999999,-1.36546265,98.02070823320312,-39.260892774267134,133.61875497347566,388.1626859552075,-22.704251481048104,False,0.8408488528574516,-0.541269994224978,406.5120954436451,-31.25819875894632,2.739408011814532,21.826142633254925,False,inf
59.021669,-4937.794470966309,-47.241232657322186,405.0947160551543,-31.471901618451923,10.086343488708536,6.834626965245958,22.22147327192519,-229494.32309310132,2.4520877507041288,6.841046813654397,165912878.5667851,7.97555997457396,10.086343488708536,-161873350758.85928,10.660528306479314,-0.214932000911045,62.3864592613895,23.04919029484281,-5217.656140296085,-11.797054006862256,61.612475008018194,22.22147327192519,-10887963839.352673,240.562302796438,87.2011274136334,7.164713606282932,-117331.3341133466,62555782091.215454,3.000000000000133,-0.8579830000000133,-1099416.8206043392,-2.183006510518952,388.17372011991415,-22.6947821184582,0.0,-1.7025566882993067e-20,0.0,1.6822868759041702e-19,-68.91856509834633,0.1964655713458043,-68.91856509834633,0.0,-85.36897313888667,0.0,0.0,2810.8199999999506,-14.61770000000014,0.0,0.0,0.0,0.0,0.0,0.0,0.0,0.0,0.0,0.0,0.0,3785.5299999999625,-83.48819999999745,0.0,0.0,0.0,0.0,0.0,0.0,0.0,0.0,0.0,0.0,0.0,7388.629999999972,-42.01050000000234,0.0,0.0,0.0,0.0,0.0,0.0,0.0,0.0,0.0,999.0000000000778,999.0000000000778,1.000000000000005,-19.38453678302988,gaze,0.6236852043109067,0.5614381946497496,-60.66314898511567,-11.52704547666699,233.1246573547044,-37.37988540671669,-16.27086887960492,-33.56239607562849,-0.0869610684634951,0.0177177890175301,0.9960541413618128,5.196305751800537,23.22782840089233,-15.85413496971362,-21.77868490556315,0.5320809710367377,0.4084295478435228,0.7416705095316505,4.594235897064209,-6.84578055012494,-16.3670433590147,-27.1840428649415,0.2045203162524233,0.2494928265601201,0.8399909366165209,4.813191429043237,34.71312749372856,False,-1.0,imu,-0.5244098156817606,-9.671478235704488,2.29481743395414,2.2823254033439766,8.04049174485194,-1.394166180180085,97.98050022894236,-39.26467071579287,133.63681531371836,388.17372011991415,-22.6947821184582,False,0.8029326667899452,-0.596069738035397,406.6318073407042,-31.27604611077697,4.112130032549779,22.22147327192519,False,inf
59.024659,-4972.9515824480495,-47.45393923999104,405.1581100698047,-31.486793397696147,10.124343560291347,6.874398953160673,22.42887473614601,-231289.60687808687,2.4649312350715933,6.880854584316468,167281345.77520564,8.012102481124664,10.124343560291347,-163234060070.70612,10.689801843877891,-0.2161277750117473,62.522704133437614,23.13791223031449,-5254.7413580817065,-11.857665086382507,61.74635018171384,22.42887473614601,-10979369856.776264,241.48516337610383,87.59709572043312,7.193663284307407,-118220.88282726333,63080925359.189606,3.000000000000135,-0.8579830000000128,-1107871.347521508,-2.1924865864548635,388.179510975024,-22.689810061696733,0.0,-1.7103574891141218e-20,0.0,1.6899948037860522e-19,-69.2122801404627,0.1973187558130484,-69.2122801404627,0.0,-85.73304341620657,0.0,0.0,2810.819999999949,-14.617700000000127,0.0,0.0,0.0,0.0,0.0,0.0,0.0,0.0,0.0,0.0,0.0,3785.529999999966,-83.4881999999975,0.0,0.0,0.0,0.0,0.0,0.0,0.0,0.0,0.0,0.0,0.0,7388.629999999968,-42.0105000000024,0.0,0.0,0.0,0.0,0.0,0.0,0.0,0.0,0.0,999.0000000000782,999.0000000000782,1.0000000000000049,-19.448451635728453,gaze,0.4055965858719061,0.3902676442066916,-61.742352634816406,-11.52632175327125,232.97362201653587,-36.45649235442542,-16.768920511647373,-34.06050299972938,-0.077315884259165,0.0470537014815365,0.9835725798522648,4.963981497504674,24.112115662352164,-15.220564544887038,-20.59502243069036,0.4194243682037152,0.3327359388598531,0.7967644608957974,4.767084294481895,-6.499704620398392,-15.331132219290918,-27.119359107083653,0.27612480021622,0.2288354759511736,0.8742118531995867,4.936824502785989,31.386752592783964,False,-0.7090326928972915,imu,-0.4318663216,-9.711608860800002,2.3184402528,1.32352054,8.964305079999999,-1.69444669,97.9599957090864,-39.26660934444323,133.6464313598273,388.179510975024,-22.689810061696733,False,0.8357478733224059,-0.5491133692026409,406.6944823211911,-31.285375163244,2.9830930429617584,22.42887473614601,False,inf
59.033377,-5076.597186091136,-48.07812114693515,405.3438512369396,-31.53036907329151,10.235755129270546,6.991220341811624,23.0378300571181,-236586.16461120543,2.502667160911049,6.997781113317755,171323033.61878154,8.119294655895375,10.235755129270546,-167253821320.95898,10.77548759031738,-0.2196412861300581,62.9213634605705,23.39802600431828,-5364.069113762989,-12.035608792191878,62.13807539050392,23.0378300571181,-11249393862.937605,244.1907546217731,88.75945549109336,7.27865659977345,-120845.1912894604,64632258872.61044,3.000000000000137,-0.8579830000000124,-1132819.3360945417,-2.2203045239275405,388.19652147683496,-22.67519524310952,0.0,-1.7332589240231898e-20,0.0,1.7126235841882286e-19,-70.0739377690067,0.1998223045084038,-70.0739377690067,0.0,-86.80108157881216,0.0,0.0,2810.8199999999506,-14.617700000000134,0.0,0.0,0.0,0.0,0.0,0.0,0.0,0.0,0.0,0.0,0.0,3785.5299999999625,-83.48819999999739,0.0,0.0,0.0,0.0,0.0,0.0,0.0,0.0,0.0,0.0,0.0,7388.629999999968,-42.01050000000237,0.0,0.0,0.0,0.0,0.0,0.0,0.0,0.0,0.0,999.0000000000788,999.0000000000788,1.0000000000000049,-19.63570058579224,gaze,0.404948168628458,0.3892151902876412,-67.39637927088621,-10.632615952548328,232.1333798756511,-36.37493111814913,-16.786407343071062,-34.03454692458837,-0.0778948563226375,0.0488179931011858,0.9829293537093532,4.955862706834654,23.92094604070024,-15.03560767055542,-21.003504847655247,0.41800678932439,0.3298456749023371,0.7981164012792167,4.762135751385594,-6.443380551110466,-15.292386884723902,-27.334132661189425,0.2761126780386802,0.2291979356277707,0.8739876399288631,4.933097952776681,16.4486149629785,False,-0.7336459938792568,imu,-0.3947808480000001,-9.7235719168,2.3106642664,1.16650543,8.67270559,-2.12063056,97.90219174800517,-39.27213310545161,133.67520608678367,388.19652147683496,-22.67519524310952,False,0.8305085909867466,-0.5570058171125405,406.8779960265028,-31.3126335349518,3.232223290911965,23.0378300571181,False,inf
59.041762,-5177.89690494229,-48.68409434902255,405.5237709262926,-31.57249935170134,10.3437777803948,7.104791210178975,23.62949904149952,-241768.41598823667,2.539368737899125,7.111454247542512,175283672.96030572,8.223302032394422,10.3437777803948,-171194371986.40134,10.858368725946448,-0.2230586989770821,63.30677802736936,23.65021614293577,-5470.919489460668,-12.208476933635993,62.5167858832395,23.62949904149952,-11514090517.90057,246.81387271417856,89.88847516782513,7.3612287820824065,-123412.73369590926,66152984755.06876,3.000000000000137,-0.8579830000000137,-1157235.9179860796,-2.2473094694240285,388.2130600364824,-22.660972520564144,0.0,-1.7555067111275222e-20,0.0,1.7346064988187882e-19,-70.91012050257916,0.2022526857826204,-70.91012050257916,0.0,-87.83751884248443,0.0,0.0,2810.8199999999506,-14.61770000000014,0.0,0.0,0.0,0.0,0.0,0.0,0.0,0.0,0.0,0.0,0.0,3785.5299999999625,-83.4881999999975,0.0,0.0,0.0,0.0,0.0,0.0,0.0,0.0,0.0,0.0,0.0,7388.629999999976,-42.01050000000245,0.0,0.0,0.0,0.0,0.0,0.0,0.0,0.0,0.0,999.00000000008,999.00000000008,1.0000000000000049,-19.817055076189888,gaze,0.6462543822605701,0.5608812385781892,-71.37578788328256,-11.22512169845205,231.5232657576729,-37.5773552489622,-16.14093841623642,-34.0329418296345,-0.1262343573260388,0.0183601698580537,0.991830525439334,5.240688800811768,23.50246211563441,-16.16260242450118,-21.13806375904154,0.5490205710936197,0.4846565788552519,0.6809437664656008,4.594783306121826,-6.963926971234332,-16.24405504548032,-27.370805221562165,0.2043733053078711,0.2482474421443778,0.8418633493263366,4.863590383529663,15.182294751235968,True,1.0,imu,-0.5268227389297745,-9.672018468603152,2.292359006953059,1.85660414668194,8.477755020465798,-1.388702359556253,97.84953946930572,-39.27726640145174,133.70390402386732,388.2130600364824,-22.660972520564144,False,0.7900084359176553,-0.6130959722416547,407.0555854957292,-31.338933247863604,4.696614284796377,23.62949904149952,False,inf
59.042096,-5181.965002864565,-48.70834698678946,405.5309636331112,-31.574181988766767,10.348098318670935,7.109339811150416,23.653188840503702,-241976.64337986708,2.540838982944894,7.1160069453676265,175442940.57607087,8.227463505141957,10.348098318670935,-171352860192.66443,10.861679667401944,-0.2231956025074855,63.32217061340778,23.660302655418302,-5475.210437715554,-12.21539790738704,62.53191071772402,23.653188840503702,-11524736436.569246,246.91878495378305,89.93367308159274,7.364534723216038,-123515.8971878662,66214147289.06509,3.000000000000135,-0.8579830000000119,-1158217.1404284362,-2.248390249214062,388.2137224419396,-22.660402598794,0.0,-1.7563974200963986e-20,0.0,1.7354866033939462e-19,-70.94357989516364,0.2023499534082552,-70.94357989516364,0.0,-87.87899081400326,0.0,0.0,2810.819999999945,-14.617700000000127,0.0,0.0,0.0,0.0,0.0,0.0,0.0,0.0,0.0,0.0,0.0,3785.529999999959,-83.48819999999739,0.0,0.0,0.0,0.0,0.0,0.0,0.0,0.0,0.0,0.0,0.0,7388.629999999968,-42.0105000000024,0.0,0.0,0.0,0.0,0.0,0.0,0.0,0.0,0.0,999.0000000000792,999.0000000000792,1.0000000000000036,-19.824304620032464,gaze,0.4043069443139771,0.3881720892135232,-71.395466220316,-10.127177415756783,231.5058547109219,-36.29309476339325,-16.804027753784364,-34.002970887053,-0.0784635673555408,0.0505732505053998,0.982286166891996,4.947696213726509,23.69435948285295,-14.851039291805828,-21.462072584169228,0.4165929486830002,0.3269608274652939,0.7994658642875725,4.7569666178342604,-6.422538396995564,-15.256911172842628,-27.559746698173694,0.2760694656544771,0.2295430173939459,0.8737714467266181,4.929255742664974,13.936939229760494,True,-0.7573375784976434,imu,-0.3876030144000001,-9.7301515976,2.304084585600001,0.9197674,8.26895245,-2.66644499,97.847504710558,-39.27746725623008,133.7050676688207,388.2137224419396,-22.660402598794,False,0.8251269871457421,-0.5649473029263796,407.0626815002089,-31.3399825532132,3.486912925458499,23.653188840503702,False,inf
59.050815,-5289.064201999632,-49.34458449110538,405.7194341961517,-31.618228093399026,10.461365845962154,7.228753703071757,24.274922303777075,-247461.65743550652,2.5794458593209013,7.235528419264581,179641723.96415862,8.33660245454012,10.461365845962154,-175531873444.44962,10.948370186796208,-0.2267906202124817,63.72508709642016,23.92472494764156,-5588.174927096374,-12.39702441466735,62.927818389286,24.274922303777075,-11805444182.000397,249.66907441901137,91.1197001314718,7.451294272852278,-126233.30419283448,67826858325.34775,3.0000000000001403,-0.8579830000000137,-1184067.8961021558,-2.2767423914598344,388.2311130120743,-22.645432717829408,0.0,-1.7797720883536608e-20,0.0,1.7585829830067116e-19,-71.82116001942259,0.2049015791379564,-71.82116001942259,0.0,-88.96671303917087,0.0,0.0,2810.819999999947,-14.61770000000014,0.0,0.0,0.0,0.0,0.0,0.0,0.0,0.0,0.0,0.0,0.0,3785.529999999966,-83.48819999999745,0.0,0.0,0.0,0.0,0.0,0.0,0.0,0.0,0.0,0.0,0.0,7388.629999999972,-42.01050000000248,0.0,0.0,0.0,0.0,0.0,0.0,0.0,0.0,0.0,999.000000000082,999.000000000082,1.0000000000000049,-20.01425027095127,gaze,0.4036734055367486,0.3871389526995378,-69.51075780435231,-10.07296486759656,231.67788052449487,-36.21104890706645,-16.82176958209162,-33.96569830615712,-0.0790220980565991,0.0523187069204432,0.981643368506022,4.93948639482459,23.43277261268157,-14.66830950351325,-21.96523567838939,0.415183419712643,0.3240828894944933,0.8008122389382377,4.751585667448812,-6.443110459620235,-15.22480766718382,-27.792387132047875,0.2759954859245125,0.2298707949548721,0.8735632702943765,4.925302065158729,26.31111133134048,True,-0.7799917037108315,imu,-0.3648732080000001,-9.738525736800002,2.3100661136,1.01696723,7.89510695,-3.07767504,97.79615600129291,-39.282613071328335,133.73599375314188,388.2311130120743,-22.645432717829408,False,0.8196008182917358,-0.5729349864125223,407.24852056624144,-31.367421648494062,3.7471888739439634,24.27492230377707,False,inf
59.059534,-5397.915913722811,-49.98687280487286,405.9092711262533,-31.66250832406996,10.575563176423104,7.349471731362191,24.90307131201375,-253042.4337545932,2.6184912694447724,7.356355257728892,183920510.92202857,8.446717189399667,10.575563176423104,-179792025642.81964,11.03556106436736,-0.2304266373219935,64.1301200282224,24.1913054066794,-5702.984795068625,-12.58050065378051,63.32580545233967,24.90307131201375,-12091595125.642776,252.44175263187176,92.31762132417887,7.538941594146908,-128998.01958264678,69470840223.02707,3.0000000000001403,-0.8579830000000128,-1210377.6278505968,-2.3053627634898053,388.2486942725395,-22.63028451950325,0.0,-1.8033846614842336e-20,0.0,1.7819144350869226e-19,-72.70673025062028,0.2074773448465015,-72.70673025062028,0.0,-90.06431239652458,0.0,0.0,2810.819999999947,-14.617700000000134,0.0,0.0,0.0,0.0,0.0,0.0,0.0,0.0,0.0,0.0,0.0,3785.5299999999625,-83.48819999999733,0.0,0.0,0.0,0.0,0.0,0.0,0.0,0.0,0.0,0.0,0.0,7388.629999999968,-42.01050000000245,0.0,0.0,0.0,0.0,0.0,0.0,0.0,0.0,0.0,999.000000000082,999.000000000082,1.0000000000000044,-20.20554550598493,gaze,0.4030479607559436,0.3861162605857335,-64.3600495955778,-10.376665412623876,232.33944565425773,-36.1288491758501,-16.839622816512477,-33.92266293580861,-0.0795705942382732,0.0540538089032656,0.981001229275142,4.931236650793835,23.13714708289553,-14.488873956485858,-22.505841592763897,0.4137786064199792,0.3212130023805818,0.8021550769125817,4.746001018536443,-6.508667975335673,-15.196165682445368,-28.02813997320569,0.2758910624671111,0.2301813853074285,0.8733630803321126,4.921240650490296,40.18730650625999,True,-0.8014988846231239,imu,-0.3594898328000001,-9.7415165008,2.308869808,0.95715195,7.25209269,-3.60105874,97.7483531053886,-39.28757245715855,133.7679642287112,388.2486942725395,-22.63028451950325,False,0.8139272301054036,-0.5809668356222628,407.4355160010432,-31.394953503186983,4.013104356576783,24.90307131201375,False,inf
59.061743,-5425.774796912623,-50.15056497602836,405.9575851344259,-31.673764215070463,10.604643891883793,7.380264439084897,25.06323933799329,-254471.70158346,2.628453652643989,7.387175729097468,185017399.64577767,8.47477088667415,10.604643891883793,-180884377945.7,11.057730958282187,-0.2313543847185569,64.23307392403943,24.25918898436303,-5732.3680798569685,-12.627280390604216,63.42696835175684,25.06323933799329,-12164966428.148895,253.147794010314,92.62301892898562,7.561289171125838,-129706.0574989462,69892369635.55768,3.0000000000001386,-0.8579830000000128,-1217116.919205416,-2.312656674731425,388.2531789742175,-22.626418210651607,0.0,-1.8094049988519176e-20,0.0,1.7878630969278938e-19,-72.93236850713804,0.2081337795753002,-72.93236850713804,0.0,-90.34397028378883,0.0,0.0,2810.819999999947,-14.61770000000014,0.0,0.0,0.0,0.0,0.0,0.0,0.0,0.0,0.0,0.0,0.0,3785.5299999999606,-83.48819999999728,0.0,0.0,0.0,0.0,0.0,0.0,0.0,0.0,0.0,0.0,0.0,7388.629999999961,-42.01050000000248,0.0,0.0,0.0,0.0,0.0,0.0,0.0,0.0,0.0,999.000000000081,999.000000000081,1.0000000000000044,-20.25422629008691,gaze,0.6290280870388443,0.5564866021112318,-63.14577874029895,-10.11476823857018,232.4976369593951,-37.45780634043489,-16.15787946976739,-33.9422391314856,-0.0959424575094965,0.0225705218574342,0.9951309543924968,5.223606109619141,23.76944181061451,-16.3001272403898,-21.04281104752848,0.5941039961471537,0.4841678836173844,0.6423565226845961,4.639933586120605,-6.994763885436866,-16.19754424154221,-27.458137345675294,0.2106499113609261,0.2554069448111233,0.8355434498324058,4.901121473312378,41.3810890821193,False,-1.0,imu,-0.5291934458052135,-9.67245995180614,2.2902446442115614,1.4572982457786896,8.24459654691446,-1.5227181524572575,97.73682903675552,-39.28879956751129,133.7762274276232,388.2531789742175,-22.626418210651607,False,0.7433291728812454,-0.6689258110909485,407.48307610806063,-31.40194388956292,6.340270292948227,25.06323933799329,False,inf
59.068252,-5508.528648137309,-50.63517651636716,406.1004606480917,-31.70701850113086,10.690682537545207,7.471489583281103,25.537603733509712,-258719.5530409366,2.6579741557566208,7.478483144299767,188279934.52965528,8.557800615930518,10.690682537545207,-184133989793.3972,11.123244133405391,-0.23410352907335,64.53722971386892,24.46002565684532,-5819.648943545522,-12.765817650657578,63.7258329553308,25.537603733509712,-12383234274.526682,255.23662781085704,93.5273822722619,7.627472854121062,-131810.33050642867,71146351521.91644,3.000000000000144,-0.8579830000000133,-1237149.315784221,-2.33424985701252,388.266465262323,-22.61495868792485,0.0,-1.8272341308625145e-20,0.0,1.8054799630170232e-19,-73.60023996662429,0.2100771147902782,-73.60023996662429,0.0,-91.17172570211017,0.0,0.0,2810.819999999949,-14.617700000000148,0.0,0.0,0.0,0.0,0.0,0.0,0.0,0.0,0.0,0.0,0.0,3785.5299999999625,-83.48819999999733,0.0,0.0,0.0,0.0,0.0,0.0,0.0,0.0,0.0,0.0,0.0,7388.629999999965,-42.01050000000248,0.0,0.0,0.0,0.0,0.0,0.0,0.0,0.0,0.0,999.0000000000828,999.0000000000828,1.000000000000005,-20.39817615142337,gaze,0.4024310793766948,0.3851045975494319,-60.88115431749948,-10.84736271557513,232.8377072372,-36.04655997985464,-16.857575532343695,-33.8738178893756,-0.0801091386173265,0.0557778162920614,0.9803600888230132,4.922951287360688,22.80908069354,-14.31422129691725,-23.07518314539901,0.4123790664553691,0.3183526154134931,0.8034937839971682,4.740221363120352,-6.6199137997391135,-15.17106838956227,-28.26299216673932,0.275756536382068,0.2304748734606327,0.8731708673199731,4.917075670868478,42.737745180108085,False,-0.8217512094222106,imu,-0.3738455000000001,-9.738525736800002,2.307673502400001,0.94219813,6.69132444,-3.9449966,97.70430114189506,-39.29234677032986,133.8009541771208,388.266465262323,-22.61495868792485,False,0.8081040287592377,-0.5890397938196444,407.6236489045429,-31.422577759658672,4.284679005897413,25.53760373350972,False,inf
59.076971,-5620.94925034779,-51.289683810417024,406.2930548901216,-31.751769777544027,10.806755845395234,7.594845054494625,26.17870631648431,-264495.5656513721,2.697907089971461,7.60194990889725,192722143.33626968,8.669883941117726,10.806755845395234,-188559948995.8861,11.211441433013992,-0.2378224396321882,64.94651667864372,24.730959964331586,-5938.216705616849,-12.953030358135658,64.12799972808288,26.17870631648431,-12680508061.779947,258.0544717065795,94.74934595398103,7.716914763823178,-134671.49983728892,72854233469.67719,3.000000000000142,-0.8579830000000133,-1264395.232246814,-2.3634121275742763,388.2844311497697,-22.599450619655045,0.0,-1.8513277166512888e-20,0.0,1.8292867009994545e-19,-74.50194669705022,0.212701649947444,-74.50194669705022,0.0,-92.28927168962797,0.0,0.0,2810.819999999944,-14.61770000000014,0.0,0.0,0.0,0.0,0.0,0.0,0.0,0.0,0.0,0.0,0.0,3785.529999999959,-83.48819999999728,0.0,0.0,0.0,0.0,0.0,0.0,0.0,0.0,0.0,0.0,0.0,7388.629999999957,-42.01050000000251,0.0,0.0,0.0,0.0,0.0,0.0,0.0,0.0,0.0,999.0000000000828,999.0000000000828,1.000000000000004,-20.59219443097794,gaze,0.4018230097396618,0.3841041902436042,-60.12093284233937,-11.255382913970246,232.96635997465705,-35.96421673727187,-16.875622139734293,-33.819112989340205,-0.0806379967850156,0.0574905919153954,0.9797200616319196,4.91463170980577,22.450684855367463,-14.145778386737732,-23.66357314664193,0.4109848695865742,0.3155021745182171,0.8048282338230323,4.734253292993564,-6.774280002030644,-15.149581530275317,-28.492990771712083,0.2755922010497002,0.2307514451241983,0.872986555247958,4.912809817678411,39.93321460638528,False,-0.8406519236201411,imu,-0.3864067088000001,-9.745703570400002,2.311860572000001,0.94219813,6.010925629999999,-4.18425772,97.66418299967458,-39.29693898705412,133.83494915752885,388.2844311497697,-22.599450619655045,False,0.8021269936978924,-0.5971534861165771,407.81296515392586,-31.450303709830862,4.562023978443522,26.17870631648431,False,inf
59.081835,-5684.4525746486015,-51.65748684172607,406.4010999072825,-31.7768377239098,10.871919606274862,7.664239244099591,26.53919199308534,-267760.94250001013,2.7203790750552894,7.671406729730177,195236470.44141227,8.732842091621052,10.871919606274862,-191065752161.0493,11.260863175306994,-0.2399152673176656,65.17577089232338,24.88305739643583,-6005.191013691943,-13.058288429949204,64.35326566574481,26.53919199308534,-12848809626.84475,259.63633067022926,95.43630754596394,7.767204719910135,-136288.96026494657,73821150367.69998,3.000000000000142,-0.8579830000000137,-1279801.7334391165,-2.379799475680772,388.2945378527618,-22.59072042237719,0.0,-1.8648741613313342e-20,0.0,1.8426718675650304e-19,-75.00851185237825,0.2141764723651574,-75.00851185237825,0.0,-92.91708041002737,0.0,0.0,2810.819999999947,-14.617700000000127,0.0,0.0,0.0,0.0,0.0,0.0,0.0,0.0,0.0,0.0,0.0,3785.5299999999625,-83.48819999999722,0.0,0.0,0.0,0.0,0.0,0.0,0.0,0.0,0.0,0.0,0.0,7388.629999999961,-42.010500000002565,0.0,0.0,0.0,0.0,0.0,0.0,0.0,0.0,0.0,999.0000000000846,999.0000000000846,1.0000000000000049,-20.701026280347776,gaze,0.6226599099880655,0.5575809024745981,-60.11469812206551,-10.45757584090923,232.9611109482965,-37.39148214406901,-16.21615715039706,-33.7542671003117,-0.0848693368831079,0.0215078260751884,0.9961599314741288,5.211789608001709,23.89151514756615,-16.40828009057802,-20.98666517773988,0.6169249506744511,0.4700516239717228,0.6312329807898761,4.601519584655762,-6.938090612446928,-16.2106712388178,-27.46157972387556,0.2287309058427635,0.2489601451414963,0.8322392673430563,4.905222463607788,42.76003682672245,False,-1.0,imu,-0.5315486909457695,-9.672809203392566,2.2884473525494737,1.0878219261816569,7.394051621558879,-1.7784009841068378,97.64358337458631,-39.29942213366094,133.85434031991178,388.2945378527618,-22.59072042237719,False,0.7114903418406219,-0.7026958755162257,407.9190833782766,-31.46581492444195,7.475543178517769,26.53919199308534,False,inf
59.08569,-5735.18677769381,-51.95036029262441,406.48704030347017,-31.796758005754185,10.923775476860236,7.719534074363746,26.826347991420803,-270371.08468458056,2.738289100368785,7.726751477382663,197247801.31683064,8.782960222648263,10.923775476860236,-193070608426.98508,11.300144862216072,-0.2415832515950063,65.3579414836478,25.004090297795,-6058.69755823187,-13.142130117246388,64.53226707155402,26.826347991420803,-12983463648.750536,260.8950961047093,95.98346013356168,7.807263649509096,-137581.83078072633,74594756981.9573,3.000000000000142,-0.8579830000000133,-1292118.5179911372,-2.39284811389029,388.3025910022277,-22.583760971231428,0.0,-1.875664454171175e-20,0.0,1.8533336958396712e-19,-75.41180119146567,0.2153508188048556,-75.41180119146567,0.0,-93.41688886569284,0.0,0.0,2810.819999999941,-14.617700000000127,0.0,0.0,0.0,0.0,0.0,0.0,0.0,0.0,0.0,0.0,0.0,3785.529999999957,-83.48819999999716,0.0,0.0,0.0,0.0,0.0,0.0,0.0,0.0,0.0,0.0,0.0,7388.629999999954,-42.01050000000248,0.0,0.0,0.0,0.0,0.0,0.0,0.0,0.0,0.0,999.0000000000836,999.0000000000836,1.000000000000004,-20.78758639280168,gaze,0.4012242038053834,0.3831156037006095,-59.91840451077088,-11.390532311997372,232.95589490920028,-35.88188251069334,-16.89375102556985,-33.75852880536119,-0.0811572466002161,0.0591914149238954,0.9790814783664678,4.906282126022711,22.06484255253176,-13.985015535749078,-24.260263809995987,0.4095965610054607,0.3126630911605395,0.8061578464121196,4.728105279287458,-6.965564454436201,-15.131770526347722,-28.714132083430183,0.2753983947548327,0.2310111847313206,0.8728101339053611,4.908447168757492,48.510431276076766,False,-0.8581019084116398,imu,-0.4091365152000001,-9.787574266400002,2.3304033088,0.90481358,5.285665359999999,-4.37118047,97.62818960993155,-39.30135041768908,133.8699225287623,388.3025910022277,-22.583760971231428,False,0.7959938867184727,-0.6053046607344265,408.0034459268834,-31.478131287978208,4.845154908006168,26.826347991420807,False,inf
59.094409,-5851.263045553884,-52.617245741156495,406.6824252249824,-31.84198413280193,11.0417469808415,7.845566538374082,27.48057026203648,-276347.3795155138,2.779123736237916,7.852897754331567,201858078.65767384,8.89703522299435,11.0417469808415,-197667177979.24728,11.389356352910042,-0.245386268249523,65.77151127165827,25.27942937224025,-6181.114433628075,-13.333129469378518,64.9386420585125,27.48057026203648,-13292182094.8266,263.7586325736472,97.2298110402256,7.898525969280441,-140541.95166543702,76368387723.4133,3.000000000000144,-0.8579830000000133,-1320325.4116657628,-2.4225596606450504,388.3209459176071,-22.567888648074643,0.0,-1.900246108833628e-20,0.0,1.8776226919306848e-19,-76.32985645130717,0.2180247873787656,-76.32985645130717,0.0,-94.55464246584334,0.0,0.0,2810.81999999994,-14.617700000000134,0.0,0.0,0.0,0.0,0.0,0.0,0.0,0.0,0.0,0.0,0.0,3785.529999999957,-83.48819999999711,0.0,0.0,0.0,0.0,0.0,0.0,0.0,0.0,0.0,0.0,0.0,7388.629999999957,-42.01050000000254,0.0,0.0,0.0,0.0,0.0,0.0,0.0,0.0,0.0,999.0000000000856,999.0000000000856,1.0000000000000044,-20.984360135732643,gaze,0.4006350331495296,0.3821392759129357,-59.50692129741428,-11.120929853307851,232.9909989309469,-35.7996102481208,-16.911952779391022,-33.692055344557275,-0.0816670264117809,0.0608797730617554,0.9784445915893284,4.897905749013491,21.655093104173982,-13.833350401205028,-24.854018872710803,0.4082145185830148,0.30983642884938,0.8074822028798024,4.721785042488288,-7.183799939360265,-15.117688372062188,-28.922521473458453,0.2751754423577061,0.2312542120292378,0.872641569789157,4.903991289037752,73.46671762412947,False,-0.8740095645570197,imu,-0.4456238360000001,-9.80970592,2.329805156,0.8375213899999999,4.88191222,-4.40108811,97.59649919960448,-39.30558291825585,133.9058505019059,388.3209459176071,-22.567888648074643,False,0.7897017997575164,-0.6134908862075614,408.1950938894579,-31.506063738193475,5.1341156966563055,27.48057026203648,False,inf
59.099151,-5915.173194555872,-52.98256547035514,406.78927970258087,-31.86668146888691,11.106309717036607,7.914679336014693,27.83915950894585,-279640.46942815185,2.801523753535736,7.92207298543337,204401414.78954503,8.959498511975664,11.106309717036607,-200203615080.676,11.438089769952398,-0.2474724410764877,65.99734242943529,25.430109796401982,-6248.514289518824,-13.437810222208274,65.16054448079791,27.83915950894585,-13462533238.084171,265.3256895352887,97.91283173567096,7.948546577504003,-142173.00052343227,77347078399.80133,3.0000000000001474,-0.857983000000015,-1335871.558820635,-2.43883521927469,388.3310108856135,-22.55917908882303,0.0,-1.9137187813518307e-20,0.0,1.890934964618492e-19,-76.83262078192857,0.2194895489342833,-76.83262078192857,0.0,-95.1777110917143,0.0,0.0,2810.819999999944,-14.617700000000148,0.0,0.0,0.0,0.0,0.0,0.0,0.0,0.0,0.0,0.0,0.0,3785.529999999959,-83.48819999999722,0.0,0.0,0.0,0.0,0.0,0.0,0.0,0.0,0.0,0.0,0.0,7388.629999999968,-42.010500000002594,0.0,0.0,0.0,0.0,0.0,0.0,0.0,0.0,0.0,999.0000000000864,999.0000000000864,1.000000000000005,-21.09196242370145,gaze,0.400318775692024,0.3816135800958231,-59.68481913092135,-10.798907067429464,233.02031349006504,-35.75490950391576,-16.92187945091966,-33.653431139472886,-0.0819403530720399,0.0617926075996536,0.9780990089023884,4.893339971840772,21.42369322051031,-13.755173969306243,-25.171627211461203,0.4074656307910667,0.308304680140635,0.8082001267284552,4.718278069844034,-7.309019249495546,-15.111610873602013,-29.0291586143261,0.2750420645713304,0.2313794136925906,0.8725531794135513,4.901529985971262,90.15391959749748,False,-0.8819828688812587,imu,-0.5335556777599676,-9.67303525472088,2.2871602361040644,0.8001058947736478,6.2887616030701485,-2.0675798163639376,98.7806516,-39.04475960000002,134.4806336,388.3310108856135,-22.55917908882303,False,0.7862119413533467,-0.6179569428960253,408.2998163765967,-31.52130058283021,5.29373505604534,27.83915950894585,False,inf
59.101815,-5951.319954010594,-53.188611106694914,406.849492493141,-31.88058719399324,11.14270488330926,7.953682316941951,28.041472591611,-281503.80944499373,2.814167233585183,7.961111206546949,205841436.5886404,8.994720352601803,11.14270488330926,-201639936255.6896,11.465533928415088,-0.2486499630931968,66.12449142648603,25.515049334212748,-6286.634363300039,-13.49686753541025,65.28548150176404,28.041472591611,-13558997901.959862,266.20904203950084,98.29814911560337,7.9767673332815,-143095.88619533286,77901280960.6218,3.0000000000001474,-0.8579830000000133,-1344669.1546823713,-2.4480147474857143,388.3366907881402,-22.554262247145218,0.0,-1.921319689594724e-20,0.0,1.8984453797230588e-19,-77.11614217536695,0.2203156846253469,-77.11614217536695,0.0,-95.52907154288393,0.0,0.0,2810.819999999945,-14.61770000000014,0.0,0.0,0.0,0.0,0.0,0.0,0.0,0.0,0.0,0.0,0.0,3785.529999999957,-83.48819999999722,0.0,0.0,0.0,0.0,0.0,0.0,0.0,0.0,0.0,0.0,0.0,7388.629999999961,-42.01050000000262,0.0,0.0,0.0,0.0,0.0,0.0,0.0,0.0,0.0,999.000000000086,999.000000000086,1.0000000000000044,-21.15259297949805,gaze,0.6222335889919043,0.5582150188984675,-59.921389456551,-10.637279819850813,233.03210716489943,-37.38016522207516,-16.23370992240926,-33.702052194256936,-0.0841896127364133,0.020902204695705,0.9962300781194614,5.212582036106142,21.490901606877387,-14.195880482602206,-24.206124474229405,0.390371856131223,0.3704171844758092,0.789660792133094,5.27471139122098,-7.130454528067316,-15.994057904619988,-27.81462456954197,0.2204305512164633,0.2318781330267602,0.8461270202392053,4.979015607152268,99.26243586248954,False,-1.0,imu,-0.53386257669107,-9.673063944598072,2.286983576397001,0.7586010826558057,6.097984958498209,-2.1155843875165514,97.57308842722112,-39.30903887831751,133.9370994994268,388.3366907881402,-22.554262247145218,False,0.7904761286232634,-0.6124928490005234,408.3588002028207,-31.529874722727158,5.168391436677152,28.041472591611004,False,inf
59.103127,-5969.186408323471,-53.29030253023172,406.8791953742239,-31.887443880073207,11.160662231925665,7.972937699557888,28.141338617518286,-282425.0271913856,2.820409802417557,7.980383988632539,206553612.86532453,9.01210146746355,11.160662231925665,-202350336785.9035,11.4790675213492,-0.2492313506923134,66.18718538773295,25.55695798835769,-6305.476067432193,-13.526018771025171,65.347084796001,28.141338617518286,-13606708810.526318,266.6448807782888,98.4883402218665,7.9906975839770915,-143552.14793765842,78175386550.70697,3.0000000000001457,-0.8579830000000133,-1349018.8863547863,-2.4525451650572423,388.3394948580242,-22.551834404214134,0.0,-1.925071592450196e-20,0.0,1.9021526140393336e-19,-77.25605898670472,0.2207234114217059,-77.25605898670472,0.0,-95.7024657515185,0.0,0.0,2810.819999999941,-14.61770000000014,0.0,0.0,0.0,0.0,0.0,0.0,0.0,0.0,0.0,0.0,0.0,3785.529999999957,-83.48819999999716,0.0,0.0,0.0,0.0,0.0,0.0,0.0,0.0,0.0,0.0,0.0,7388.629999999957,-42.010500000002565,0.0,0.0,0.0,0.0,0.0,0.0,0.0,0.0,0.0,999.0000000000864,999.0000000000864,1.000000000000004,-21.182500983823367,gaze,0.4000559261168983,0.3811757443561633,-60.19365675528521,-10.451659141464182,233.03697700289965,-35.71746162466466,-16.9302160407455,-33.61970638361987,-0.0821674158647955,0.0625549728263605,0.9778097220892612,4.889506710121884,21.225749962125604,-13.692168642940397,-25.43329754878566,0.4068392710903394,0.3070235537336504,0.8088007407002056,4.715300957700358,-7.415049152488168,-15.107379506511156,-29.114376851959587,0.274923699503456,0.2314806224045404,0.8724808466038753,4.899446228926264,103.66989286192026,False,-0.8882873084173685,imu,-0.4659610312,-9.8031262392,2.311262419200001,0.620691,4.25385178,-4.37865738,97.56928534303232,-39.30963787726537,133.9427041653881,388.3394948580242,-22.551834404214134,False,0.783248565861936,-0.6217086810357568,408.3878895028941,-31.534101233176017,5.428913379572735,28.14133861751829,False,inf
59.111846,-6089.006078763404,-53.96972515881544,407.07740429710384,-31.933148628557475,11.280554100920025,8.101686764163404,28.8088464658098,-288606.71270798147,2.862160354495649,8.109249422100426,211336673.04281524,9.128191154111228,11.280554100920025,-207122391974.58844,11.569300887951908,-0.2531196869048619,66.60506634581432,25.836752623060104,-6431.834283318249,-13.72085491457564,65.75769606974602,28.8088464658098,-13927198541.22163,269.5546353921196,99.75942339698344,8.083806152872715,-146613.7490948544,80016642463.60864,3.000000000000151,-0.8579830000000133,-1378211.8710368942,-2.4828133666515138,388.3582431829243,-22.53559345520692,0.0,-1.9501483819588184e-20,0.0,1.926930850086137e-19,-78.1906747235916,0.223447477469124,-78.1906747235916,0.0,-96.86068782466008,0.0,0.0,2810.819999999944,-14.61770000000014,0.0,0.0,0.0,0.0,0.0,0.0,0.0,0.0,0.0,0.0,0.0,3785.529999999959,-83.48819999999705,0.0,0.0,0.0,0.0,0.0,0.0,0.0,0.0,0.0,0.0,0.0,7388.629999999961,-42.01050000000262,0.0,0.0,0.0,0.0,0.0,0.0,0.0,0.0,0.0,999.0000000000872,999.0000000000872,1.0000000000000044,-21.382062556809565,gaze,0.399487103315887,0.3802252054151608,-61.50372930593723,-9.583000153732328,233.0467357422715,-35.63546935619301,-16.948535885385244,-33.54148600991583,-0.0826586644285254,0.0642169065453437,0.977176967834278,4.881086202857659,20.78173311475981,-13.562745104375756,-25.986831824248764,0.405470867993581,0.304224845631234,0.8101133579970142,4.708659061064962,-7.641344754497194,-15.100875340593198,-29.28616630147044,0.2746434337886163,0.2316905888497796,0.8723278924243415,4.894814428764158,128.51886397741683,False,-0.900858371295316,imu,-0.4797185456,-9.755872168000002,2.3124587248,0.36647606,3.88000628,-3.87770441,97.54670490761436,-39.31351805592456,133.98046653202175,388.3582431829243,-22.53559345520692,False,0.7766297819861646,-0.6299572856409569,408.5818796185513,-31.562253755101978,5.729653894006471,28.808846465809797,False,inf
59.120565,-6210.730973949279,-54.65547703910752,407.2770379440276,-31.97909413219638,11.401414614661904,8.231809232659684,29.48306037967264,-294893.0464491248,2.904374285106291,8.239489551285915,216207928.53181607,9.245296962580928,11.401414614661904,-211984055837.30304,11.660048135608516,-0.2570511455029267,67.02511375001251,26.118794427908654,-6560.198408165243,-13.917628578141958,66.17043624229154,29.48306037967264,-14253698917.84915,272.4876997147201,101.04300431137897,8.177847699468447,-149727.0571068959,81892429074.33588,3.0000000000001545,-0.857983000000015,-1407907.50416446,-2.513362710634452,388.3771898833113,-22.51916652697584,0.0,-1.9754754340754227e-20,0.0,1.951956369207693e-19,-79.1336515718429,0.2261968455923288,-79.1336515718429,0.0,-98.02924367175063,0.0,0.0,2810.819999999944,-14.61770000000017,0.0,0.0,0.0,0.0,0.0,0.0,0.0,0.0,0.0,0.0,0.0,3785.5299999999625,-83.48819999999722,0.0,0.0,0.0,0.0,0.0,0.0,0.0,0.0,0.0,0.0,0.0,7388.629999999968,-42.010500000002736,0.0,0.0,0.0,0.0,0.0,0.0,0.0,0.0,0.0,999.00000000009,999.00000000009,1.0000000000000062,-21.58303040485963,gaze,0.398928976299097,0.3792881776551279,-60.17472029104953,-8.96952551423937,233.0889297119413,-35.55369373843289,-16.96690125352603,-33.45743857264849,-0.0831408470476867,0.0658648993062122,0.9765466409763848,4.872648264158487,20.3288972387184,-13.446325981456658,-26.50353875666385,0.4041098260373418,0.3014416342223359,0.8114195059760413,4.701867514071405,-7.840358919404531,-15.09820118188162,-29.43452686505848,0.2743349980575356,0.2318842061517332,0.8721826903122936,4.890099847657598,148.2627588727809,False,-0.9116473933609452,imu,-0.4976631296000001,-9.7241700696,2.3315996144,0.26179932,3.50616078,-3.496382,97.52891673268746,-39.317224797753056,134.01910720138713,388.3771898833113,-22.51916652697584,False,0.7698432521064252,-0.6382330038365321,408.77704479269096,-31.590521804356342,6.036339028891407,29.48306037967264,False,inf
59.121907,-6229.637095852755,-54.76159036327797,407.3078919632833,-31.98618735494901,11.420103448119768,8.25195986309863,29.58743139048748,-295869.99507398903,2.910913095630208,8.25965840698169,216965605.5776412,9.263412113416232,11.420103448119768,-212740384755.59268,11.67406141415385,-0.2576601118435802,67.08995891935146,26.16240576012428,-6580.135433015184,-13.948088208227013,66.23415336769429,29.58743139048748,-14304491910.772638,272.9412258868649,101.24168432854697,8.192405537484525,-150210.88041226252,82184241232.44894,3.0000000000001528,-0.8579830000000137,-1412523.2068844773,-2.5180898518684107,388.38012378475855,-22.5166215615951,0.0,-1.979396029968824e-20,0.0,1.9558302881704764e-19,-79.27953741813577,0.2266222770268295,-79.27953741813577,0.0,-98.2100258723868,0.0,0.0,2810.81999999994,-14.61770000000014,0.0,0.0,0.0,0.0,0.0,0.0,0.0,0.0,0.0,0.0,0.0,3785.529999999955,-83.488199999997,0.0,0.0,0.0,0.0,0.0,0.0,0.0,0.0,0.0,0.0,0.0,7388.629999999961,-42.01050000000268,0.0,0.0,0.0,0.0,0.0,0.0,0.0,0.0,0.0,999.0000000000872,999.0000000000872,1.0000000000000044,-21.61408812616577,gaze,0.6218048782083774,0.5588526899289169,-59.72699717889752,-10.81799114842405,233.1035013582922,-37.36878486187996,-16.25136108833864,-33.64954459203211,-0.083506078324232,0.0202931884416222,0.9963006179792222,5.21337890625,19.07683117346873,-11.97107903498271,-27.44363078979744,0.1625487942913206,0.2702242336073742,0.9489766873036162,5.951676845550537,-7.544444196326003,-15.603801532020269,-28.38983400960576,0.1838228325558479,0.2183151415455546,0.8668822856781426,5.116467017445848,151.09699030484362,False,-1.0,imu,-0.5361612371717925,-9.673228651916691,2.285833268471455,0.4709081841732697,4.579002653564483,-2.4864302230571185,97.52661392760686,-39.31778004088371,134.02513093324586,388.38012378475855,-22.5166215615951,False,0.8488401549404699,-0.528649592225927,408.8071884933468,-31.594883234168886,3.092766383830145,29.58743139048748,False,inf
59.129284,-6334.38360528335,-55.347598587264926,407.478104789614,-32.025281348244945,11.523249406293946,8.363315183822586,30.1640225061604,-301285.3409063369,2.947055214077964,8.371114464212265,221168593.37267584,9.363424732938036,11.523249406293946,-216936584457.9453,11.75131121228438,-0.2610260350267566,67.44733476672482,26.40309630861035,-6690.592104676763,-14.116352506283716,66.58531241151323,30.1640225061604,-14586294090.601774,275.4442072827779,102.33917075339448,8.272828795430527,-152892.72171091312,83803229802.82031,3.0000000000001545,-0.8579830000000142,-1438112.242027643,-2.5441950738200227,388.3963360697471,-22.50255251100856,0.0,-2.0010545472301863e-20,0.0,1.977230948422624e-19,-80.08504343295556,0.2289716846991248,-80.08504343295556,0.0,-99.2081996307519,0.0,0.0,2810.81999999994,-14.617700000000148,0.0,0.0,0.0,0.0,0.0,0.0,0.0,0.0,0.0,0.0,0.0,3785.529999999959,-83.48819999999694,0.0,0.0,0.0,0.0,0.0,0.0,0.0,0.0,0.0,0.0,0.0,7388.629999999961,-42.01050000000271,0.0,0.0,0.0,0.0,0.0,0.0,0.0,0.0,0.0,999.00000000009,999.00000000009,1.000000000000005,-21.785412759288143,gaze,0.3983818807225609,0.3783650582882861,-55.94780394438551,-9.370090000318282,233.20947213416432,-35.472184928397766,-16.985303322522302,-33.36761582375046,-0.0836140947956245,0.0674984790657864,0.9759189763300736,4.8641959232687935,19.873868151185647,-13.344047441816176,-26.973102418863647,0.4027564974742134,0.2986749068692426,0.8127187945636034,4.694933646854966,-7.985341820183319,-15.09937089093988,-29.556406410270363,0.2739987181426774,0.2320615966501476,0.8720452036885686,4.88530588810843,165.84876763794017,False,-0.9205876066445482,imu,-0.5138132552000001,-9.7086180968,2.3202347112,0.20946095,3.25194584,-2.95056757,97.51606852911742,-39.32075990919829,134.05859919634847,388.3963360697471,-22.50255251100856,False,0.7628860477176261,-0.646532967603184,408.9733876130528,-31.61890925529456,6.349000832584828,30.1640225061604,False,inf
59.138002,-6459.972141497095,-56.04604989453891,407.6805900339891,-32.07170589743018,11.646049987838303,8.496199419680412,30.85169588315007,-307784.16781046987,2.990201802709811,8.504118958324996,226219308.1076436,9.482566599355575,11.646049987838303,-221980661689.62772,11.843081513668436,-0.2650442019113871,67.87168776733648,26.68963822007104,-6823.023910668087,-14.317016364339969,67.00228372953235,30.85169588315007,-14925029779.03223,278.4239489782108,103.64786005960092,8.368744984364728,-156111.02583078732,85749307279.94388,3.000000000000158,-0.857983000000015,-1468829.042715047,-2.5753087557852288,388.4156806254955,-22.485752233213788,0.0,-2.0268845506910246e-20,0.0,2.0027534309368624e-19,-81.04479385849501,0.2317718417545329,-81.04479385849501,0.0,-100.3974852966218,0.0,0.0,2810.81999999994,-14.617700000000156,0.0,0.0,0.0,0.0,0.0,0.0,0.0,0.0,0.0,0.0,0.0,3785.529999999955,-83.488199999997,0.0,0.0,0.0,0.0,0.0,0.0,0.0,0.0,0.0,0.0,0.0,7388.629999999961,-42.010500000002736,0.0,0.0,0.0,0.0,0.0,0.0,0.0,0.0,0.0,999.00000000009,999.00000000009,1.000000000000005,-21.98919442797196,gaze,0.3978462041940456,0.3774563378989188,-55.5081077893596,-11.535175047136295,233.29874372025,-35.39100165992373,-17.003731299558144,-33.27209567888555,-0.0840784841883386,0.0691169988998041,0.9752942758190092,4.855733135370394,19.42417379197353,-13.256946307237016,-27.38617554805634,0.4014113820493633,0.2959259464508951,0.8140106930338799,4.687865511352437,-8.044926730930314,-15.104387309136872,-29.64908319037522,0.2736349633675811,0.2322228657286196,0.8719154096739556,4.880436475237105,177.43901227881054,False,-0.9276188414292376,imu,-0.5144114080000001,-9.7062254856,2.3160476416,0.13469185,2.90800798,-2.61410662,97.50830077656082,-39.32412480814149,134.09891014917466,388.4156806254955,-22.485752233213788,False,0.7557560691612119,-0.654853238463393,409.1708879318601,-31.647416873766545,6.667631063834497,30.85169588315007,False,inf
59.141887,-6516.572224734723,-56.35937556657561,407.7712899994028,-32.092472458036966,11.701090638445944,8.555868043078942,31.16034150608345,-310715.1372709424,3.00958172501192,8.56384159680487,228499568.24443093,9.535992293166291,11.701090638445944,-224258457705.24728,11.88414434478279,-0.2668489841936535,68.06149625171908,26.81806521883596,-6882.707032891305,-14.407073687830144,67.18879056335989,31.16034150608345,-15077993026.662544,279.7594384471685,104.23515552322792,8.411794521127174,-157562.44260881463,86628099214.62866,3.000000000000151,-0.8579830000000133,-1482685.1298664582,-2.589266182910561,388.4243660276791,-22.478204630543345,0.0,-2.038477398370141e-20,0.0,2.0142082591372602e-19,-81.47522879297372,0.2330279768329517,-81.47522879297372,0.0,-100.93085453856642,0.0,0.0,2810.819999999936,-14.617700000000127,0.0,0.0,0.0,0.0,0.0,0.0,0.0,0.0,0.0,0.0,0.0,3785.5299999999497,-83.48819999999688,0.0,0.0,0.0,0.0,0.0,0.0,0.0,0.0,0.0,0.0,0.0,7388.629999999946,-42.01050000000265,0.0,0.0,0.0,0.0,0.0,0.0,0.0,0.0,0.0,999.0000000000892,999.0000000000892,1.0000000000000036,-22.08046595575369,gaze,0.6181915680692314,0.5585902507847063,-57.98364262550643,-10.76588250520522,233.2920614671466,-37.33703309303001,-16.26681750998093,-33.59753353344416,-0.0771133831409468,0.0205455383843759,0.996810617415893,5.208009719848633,18.50551043665598,-11.62405461295476,-28.22748578479779,0.1075590673865113,0.2140093896043113,0.9708918725502518,6.078117370605469,-8.020107148630627,-15.16253466024008,-29.05523538256235,0.1445887796036463,0.1914689594730927,0.8963751054842637,5.261532515797898,178.94333105813936,False,-1.0,imu,-0.5384191879396585,-9.673303114985904,2.2850055160124283,0.231561736653849,3.115799676342529,-2.8275135751514373,97.50651005507362,-39.32557008233864,134.11713171709746,388.4243660276791,-22.478204630543345,False,0.8476150457225217,-0.5306116605058802,409.2592806902248,-31.660161569870795,3.272483814641433,31.160341506083448,False,inf
59.146479,-6583.980490767819,-56.73137741119636,407.8788680596761,-32.11708065142027,11.766400723089472,8.626755915598107,31.52690963065183,-314207.46149760485,3.0326103174246173,8.634793653179837,231218466.12409532,9.59940586537114,11.766400723089472,-226974842915.78845,11.932813173361,-0.2689935204345478,68.2864075000407,26.970450472522856,-6953.786206015331,-14.514027258953536,67.40978964668994,31.52690963065183,-15260407360.3103,281.3440500373034,104.93260637300726,8.462923036027327,-159291.8127960923,87676090788.85925,3.000000000000158,-0.8579830000000142,-1499197.26487022,-2.6058372668094143,388.4346837962271,-22.46923489573296,0.0,-2.052245616562628e-20,0.0,2.027812558817777e-19,-81.98618394110368,0.2345193347554216,-81.98618394110368,0.0,-101.56399234409608,0.0,0.0,2810.819999999938,-14.61770000000014,0.0,0.0,0.0,0.0,0.0,0.0,0.0,0.0,0.0,0.0,0.0,3785.529999999954,-83.48819999999688,0.0,0.0,0.0,0.0,0.0,0.0,0.0,0.0,0.0,0.0,0.0,7388.629999999954,-42.01050000000277,0.0,0.0,0.0,0.0,0.0,0.0,0.0,0.0,0.0,999.00000000009,999.00000000009,1.0000000000000044,-22.18871465131295,gaze,0.3973365271443953,0.3765868015838437,-62.9461838032563,-14.585207664555291,233.24997849343228,-35.312412081398215,-17.021668614224364,-33.173820069178845,-0.0845217152492377,0.0706760860606684,0.9746898324398005,4.847496137200505,18.9999101275396,-13.187654359103371,-27.726126899685056,0.4001114999890129,0.2932706122925953,0.8152595780379374,4.680870039883921,-7.986692780841014,-15.11294729000885,-29.70900156851965,0.2732551924914732,0.2323643553646816,0.8717965285501547,4.8756319515352,177.23271079304124,False,-0.9325770402364696,imu,-0.5467116592000001,-9.690673512800002,2.3154494888,-0.01484635,2.81080815,-2.38979932,97.50574319649468,-39.327235559155056,134.1388693999202,388.4346837962271,-22.46923489573296,False,0.7486539826562953,-0.6629609447417452,409.36406246861947,-31.67525877821413,6.983234213458477,31.52690963065183,False,inf
59.154955,-6709.860313778617,-57.42275842483325,408.0785011976652,-32.16268119635345,11.887673984424133,8.758633096334355,32.20854069713707,-320733.88763041794,3.0754654526165366,8.766790274740652,236305006.6065581,9.717213709230387,11.887673984424133,-232057904105.85605,12.023027247776708,-0.272984293323418,68.70315273596583,27.25340209670416,-7086.518704774622,-14.712894175704932,67.81928617725784,32.20854069713707,-15601746262.838177,284.28634050041643,106.22934438933125,8.557996557035619,-162523.56161586486,89637121558.034,3.000000000000158,-0.8579830000000146,-1530061.4979751348,-2.636634972584346,388.4538763950648,-22.45253955839873,0.0,-2.0778470095469638e-20,0.0,2.0531091525658842e-19,-82.93556860057552,0.2372910545732725,-82.93556860057552,0.0,-102.740378730372,0.0,0.0,2810.819999999936,-14.61770000000014,0.0,0.0,0.0,0.0,0.0,0.0,0.0,0.0,0.0,0.0,0.0,3785.529999999952,-83.488199999997,0.0,0.0,0.0,0.0,0.0,0.0,0.0,0.0,0.0,0.0,0.0,7388.629999999961,-42.01050000000277,0.0,0.0,0.0,0.0,0.0,0.0,0.0,0.0,0.0,999.0000000000928,999.0000000000928,1.000000000000005,-22.38957148362888,gaze,0.3968382297731703,0.3757315726291987,-68.19447401315007,-14.941408113098948,233.1934968993436,-35.23422080471082,-17.039614521313748,-33.070324404680804,-0.0849568079866601,0.072220096734315,0.9740886116901836,4.839254756374366,18.5970957842134,-13.13426606517156,-27.999294591398588,0.3988200154473189,0.2906338395171721,0.8165007767467304,4.673760941754115,-7.775916313931306,-15.125120373121788,-29.73739182274776,0.2728500673851632,0.2324908395645585,0.871684846403122,4.870762308741412,167.33060695798318,False,-0.935642056172235,imu,-0.5598710208000001,-9.669738164800002,2.325019933600001,-0.05970781,2.60145467,-2.18044584,97.5082256410131,-39.33018874261917,134.1795488370781,388.4538763950648,-22.45253955839873,False,0.7413832199661482,-0.6710819034608414,409.5583344057427,-31.70322208362292,7.304519055879822,32.20854069713707,False,inf
59.16198,-6815.635434115433,-58.00045815037568,408.2450096063872,-32.20065121999916,11.988900193057194,8.868953577278546,32.77843551036764,-326222.68022604287,3.111328923218299,8.877210707398,240588279.34224856,9.815602459260504,11.988900193057194,-236339456705.5268,12.098172540035725,-0.2763238629951363,69.05013244210878,27.48957041592847,-7198.049598397583,-14.87914986612273,68.16023094914864,32.77843551036764,-15889256506.695438,286.7421081628082,107.31335591551073,8.637485930185807,-165241.41487327986,91288899631.07788,3.0000000000001634,-0.8579830000000159,-1556025.0916330689,-2.6623684270620704,388.4699294168549,-22.438565177156576,0.0,-2.099251314642619e-20,0.0,2.0742586271482584e-19,-83.72860743674555,0.2396070038426619,-83.72860743674555,0.0,-103.72301577986092,0.0,0.0,2810.81999999994,-14.617700000000148,0.0,0.0,0.0,0.0,0.0,0.0,0.0,0.0,0.0,0.0,0.0,3785.529999999954,-83.48819999999694,0.0,0.0,0.0,0.0,0.0,0.0,0.0,0.0,0.0,0.0,0.0,7388.629999999965,-42.01050000000288,0.0,0.0,0.0,0.0,0.0,0.0,0.0,0.0,0.0,999.0000000000936,999.0000000000936,1.0000000000000062,-22.557080028975182,gaze,0.6178846039907615,0.5597084013980526,-57.8417210554567,-11.07791447803411,233.3351646727548,-37.3297139637112,-16.27808823787177,-33.57083834821199,-0.0766106541302846,0.0194222199490475,0.9968719000182424,5.211624145507812,18.35604846821256,-11.56880736035616,-28.53508235463532,0.1041012336437295,0.1726661458251113,0.97946379986182,6.09209156036377,-8.548637245198453,-14.701423549047153,-29.76732243494568,0.0975216836912251,0.1600039555030268,0.9302599277645608,5.4055501168110816,156.57642639849513,False,-1.0,imu,-0.5406619502075918,-9.673289820780717,2.284487130041849,0.0402689537828196,1.9348744427552813,-3.080772413438352,97.5141789046122,-39.332518397096514,134.2137942890181,388.4699294168549,-22.438565177156576,False,0.833159138051279,-0.5530333178766449,409.7201996589057,-31.72649585627281,4.013783138844198,32.77843551036764,False,inf
59.163431,-6837.647452690858,-58.12031113521683,408.2795206689568,-32.20851376008511,12.009889166423026,8.89185571213298,32.89670766288731,-327365.4434926808,3.1187755748034545,8.900133595760867,241480670.07742244,9.836009292479808,12.009889166423026,-237231625911.6746,12.113736097445589,-0.2770172722711852,69.12197888068351,27.538538122385745,-7221.259129497818,-14.913652139340526,68.23082781635583,32.89670766288731,-15949165869.833092,287.25128799887983,107.53830703269703,8.653982745446985,-165807.2612103537,91633085426.3514,3.00000000000016,-0.8579830000000142,-1561431.4278400848,-2.6677072121008245,388.4732616842885,-22.43566325218231,0.0,-2.1036933896080343e-20,0.0,2.0786478166654472e-19,-83.89310875724091,0.2400874817035881,-83.89310875724091,0.0,-103.92684343050554,0.0,0.0,2810.819999999934,-14.617700000000134,0.0,0.0,0.0,0.0,0.0,0.0,0.0,0.0,0.0,0.0,0.0,3785.529999999948,-83.48819999999682,0.0,0.0,0.0,0.0,0.0,0.0,0.0,0.0,0.0,0.0,0.0,7388.629999999946,-42.01050000000279,0.0,0.0,0.0,0.0,0.0,0.0,0.0,0.0,0.0,999.0000000000928,999.0000000000928,1.0000000000000044,-22.59179606514732,gaze,0.396351527881602,0.3748908764430043,-52.9653945403531,-8.055596681929437,233.395079107266,-35.156461977998774,-17.05756355299865,-32.96169646205207,-0.0853839291409564,0.0737488177149772,0.9734907420499008,4.831010641057506,18.225032902478,-13.097340055738252,-28.20160836619302,0.3975370753988902,0.2880161532716105,0.8177341041874787,4.666543784795317,-7.370332595343649,-15.140881967493248,-29.73296886624645,0.2724198447402259,0.2326024505153838,0.8715803124965605,4.86582996487445,154.39613880500684,False,-0.936782098097095,imu,-0.56824516,-9.669140012000002,2.3262162392,-0.06718472,2.40705501,-2.09072292,97.51585433731722,-39.33298635008427,134.22092589099773,388.4732616842885,-22.43566325218231,False,0.7339402808809058,-0.6792140046409948,409.75372880947486,-31.731314264663904,7.631538581657234,32.89670766288731,False,inf
59.171907,-6967.363390604262,-58.82407340113552,408.4819344166058,-32.254579233680886,12.133051540420702,9.026433231915046,33.591449982767486,-334103.3846013546,3.1625440902219424,9.034833093837005,246746622.5530064,9.955798068787214,12.133051540420702,-242497215695.78915,12.204941530199012,-0.2810927467339311,69.54289254401138,27.82587062372266,-7358.030060642867,-15.116313090267044,68.6444211125739,33.591449982767486,-16302747063.02919,290.2390174595538,108.85957673650177,8.750887768411758,-169143.5331872123,93664447036.68285,3.0000000000001634,-0.8579830000000146,-1593313.2370153326,-2.699055746308848,388.4928406985548,-22.41860494283503,0.0,-2.129786446725392e-20,0.0,2.1044302209756405e-19,-84.8588549589598,0.2429087746267436,-84.8588549589598,0.0,-105.12344864893356,0.0,0.0,2810.819999999934,-14.61770000000014,0.0,0.0,0.0,0.0,0.0,0.0,0.0,0.0,0.0,0.0,0.0,3785.529999999952,-83.48819999999682,0.0,0.0,0.0,0.0,0.0,0.0,0.0,0.0,0.0,0.0,0.0,7388.629999999954,-42.01050000000285,0.0,0.0,0.0,0.0,0.0,0.0,0.0,0.0,0.0,999.0000000000936,999.0000000000936,1.000000000000005,-22.79539610933588,gaze,0.3958766903788111,0.3740650331124539,-11.538405210147284,6.751045347293885,233.8957047230276,-35.07917837796612,-17.075508252883075,-32.84804688201439,-0.0858031911278593,0.0752618596427237,0.9728964196662354,4.82276637105883,17.89393914101583,-13.077293972095363,-28.3309513270018,0.3962629751008754,0.2854183766077884,0.8189592338384525,4.659224870594307,-6.722960954304442,-15.160196936462144,-29.694922963576506,0.2719648246584531,0.2326993033467331,0.8714828899021545,4.860837865496938,138.05031803975794,False,-0.9359727226759376,imu,-0.5730303824,-9.659569567200002,2.3202347112,-0.10456927,2.29490136,-1.89632326,97.5287288410803,-39.33562998602567,134.26297278627666,388.4928406985548,-22.41860494283503,False,0.7263225039612424,-0.6873540719596203,409.9502480227421,-31.75953968573039,7.964305186177971,33.591449982767486,False,inf
59.180384,-7099.045420477169,-59.53416736299483,408.6857745441846,-32.30088398673601,12.257181096312948,9.162391285511186,34.29289039531338,-340949.79044289887,3.206779666813232,9.170914422129057,252104677.6871352,10.076599818981844,12.257181096312948,-247856529250.136,12.296656206179922,-0.2852114957666686,69.96595037116128,28.11544600891418,-7496.870747020526,-15.320913264243805,69.060121780223,34.29289039531338,-16662614261.920536,293.25001080658245,110.1933943674148,8.848729415646375,-172533.40713614423,95731921160.33954,3.0000000000001634,-0.857983000000015,-1625717.011551741,-2.7306860912303605,388.51261681980577,-22.40136154799258,0.0,-2.1561310008610044e-20,0.0,2.1304611280738131e-19,-85.83297335982562,0.2457554297705699,-85.83297335982562,0.0,-106.3303998238654,0.0,0.0,2810.8199999999306,-14.617700000000156,0.0,0.0,0.0,0.0,0.0,0.0,0.0,0.0,0.0,0.0,0.0,3785.5299999999497,-83.48819999999677,0.0,0.0,0.0,0.0,0.0,0.0,0.0,0.0,0.0,0.0,0.0,7388.629999999954,-42.01050000000285,0.0,0.0,0.0,0.0,0.0,0.0,0.0,0.0,0.0,999.0000000000964,999.0000000000964,1.000000000000005,-23.0004036255581,gaze,0.3954139246874256,0.3732542593237606,39.82152940326927,24.372146495201783,234.37298863283849,-35.002403086910086,-17.093443405120638,-32.729483196719734,-0.0862147529141474,0.076759017384819,0.9723057674455992,4.8145235146352094,17.614765734046696,-13.074389420686668,-28.38731702312546,0.3949978556128661,0.2828410135053028,0.8201759883739683,4.651809536519767,-5.781828814034881,-15.183023138524694,-29.622962779047462,0.2714852493400708,0.2327815225415818,0.8713925308137304,4.855788322176711,108.60524321312852,False,-0.9331974626180076,imu,-0.5760211464000001,-9.635643455200002,2.311860572000001,-0.05970781,2.36967046,-1.80660034,97.54694384067488,-39.33812152917999,134.30566631147596,388.51261681980577,-22.40136154799258,False,0.7185263111166066,-0.6954997773063348,410.1479177752385,-31.787906236845085,8.302867667046657,34.292890395313385,False,inf
59.18196,-7123.743878448846,-59.66687631372425,408.7238267092707,-32.309518579336554,12.280364073746986,9.18781911854332,34.424031162438595,-342234.6112959385,3.215054914816558,9.196365315794004,253111000.20328152,10.099169214682508,12.280364073746986,-248863267852.31573,12.313762425973495,-0.2859819735580709,70.04483453719189,28.16952687518553,-7522.911531407844,-15.359163592268995,69.1376341753362,34.424031162438595,-16730213920.931988,293.81233511124,110.44274369204425,8.867022126663837,-173169.5516402598,96120288025.14565,3.000000000000165,-0.8579830000000159,-1631798.987694341,-2.7365974447004984,388.5163150531485,-22.398135478571064,0.0,-2.161056368163559e-20,0.0,2.1353278560501645e-19,-86.01499094687118,0.2462874373907021,-86.01499094687118,0.0,-106.55592001561472,0.0,0.0,2810.819999999936,-14.617700000000164,0.0,0.0,0.0,0.0,0.0,0.0,0.0,0.0,0.0,0.0,0.0,3785.5299999999497,-83.48819999999688,0.0,0.0,0.0,0.0,0.0,0.0,0.0,0.0,0.0,0.0,0.0,7388.629999999954,-42.01050000000291,0.0,0.0,0.0,0.0,0.0,0.0,0.0,0.0,0.0,999.0000000000956,999.0000000000956,1.0000000000000062,-23.038670706931136,gaze,0.4033428896744154,0.4172055252290235,48.78689180093492,27.76144355311555,234.4269869589004,-34.98818980620576,-17.096775948880662,-32.70691064541904,-0.0862904227925757,0.0770355603107406,0.9721963840047784,4.812991510078014,18.34550597467739,-11.58926727861747,-28.65368940617767,0.1136960644734015,0.146971658298808,0.9825846205697292,6.075873851776123,-3.5295393506126893,-13.756833280673138,-30.023967088376047,0.067055335206771,0.1402423421580972,0.964037560652106,5.639393967900559,101.35939852311697,False,-1.0,imu,-0.5428643469527669,-9.67319057776244,2.2842799572620875,-0.0995822731777071,1.2231023618855916,-3.1856784101083457,97.55092581727688,-39.33856806935037,134.31367210860614,388.5163150531485,-22.398135478571064,False,0.8168706132122053,-0.5768209438554701,410.1847919883737,-31.793195566818763,4.824282822234691,34.424031162438595,False,inf
59.18886,-7232.684279896677,-60.25046363822908,408.8910009655365,-32.347417990217465,12.382253857923065,9.299707349111369,35.00090315813024,-347904.3212584555,3.251475306620005,9.30835503649022,257554757.7690114,10.198391531240532,12.382253857923065,-253309531012.9377,12.38886030212985,-0.2893728394898031,70.39105916957105,28.407208119447745,-7637.771350565585,-15.527416423105672,69.47783830199198,35.00090315813024,-17028764883.248444,296.2836834795401,111.53952838408487,8.947490822419319,-175976.71482167637,97835492924.40591,3.0000000000001634,-0.8579830000000146,-1658641.3899949263,-2.762592559949175,388.5325864226579,-22.38393609530135,0.0,-2.182722541631827e-20,0.0,2.156736081275415e-19,-86.81528509502157,0.2486269353253463,-86.81528509502157,0.0,-107.54747490720348,0.0,0.0,2810.8199999999288,-14.617700000000134,0.0,0.0,0.0,0.0,0.0,0.0,0.0,0.0,0.0,0.0,0.0,3785.529999999944,-83.48819999999665,0.0,0.0,0.0,0.0,0.0,0.0,0.0,0.0,0.0,0.0,0.0,7388.629999999946,-42.01050000000288,0.0,0.0,0.0,0.0,0.0,0.0,0.0,0.0,0.0,999.0000000000964,999.0000000000964,1.0000000000000044,-23.206778020214045,gaze,0.3949635937326488,0.3724590492120858,78.15769002295102,37.99522886411748,234.48212982061543,-34.92619565392908,-17.11135757197043,-32.60616593620279,-0.0866186267424043,0.0782395654145126,0.9717191133462888,4.8062865179839065,17.398998831416314,-13.088736038023848,-28.37262484322858,0.3937422997186987,0.2802854627033527,0.8213837664859132,4.644305666550461,-4.4903802004758,-15.209300090045156,-29.517397724497044,0.2709815322600338,0.2328492048612192,0.8713092183560728,4.850685402105943,65.03926104153695,False,-0.9284497455874042,imu,-0.5646562432000001,-9.618297024,2.3160476416,-0.08213854,2.48930102,-1.82155416,97.57057986519423,-39.34046197492502,134.34896762381572,388.5325864226579,-22.38393609530135,False,0.7105509101147887,-0.7036457945124419,410.34669378026587,-31.816411936442854,8.647150609664894,35.00090315813025,False,inf
59.197336,-7368.31735203089,-60.97308391759259,409.09764568096807,-32.39418759070027,12.508289740694003,9.438406974440865,35.7156105189336,-354969.0637262464,3.296639655047141,9.44718051189494,263098685.9754544,10.32119290332507,12.508289740694003,-258858087207.32016,12.48156642649457,-0.2935775542803101,70.81827534700646,28.70120318877656,-7780.771214000002,-15.735858668222756,69.89762615968219,35.7156105189336,-17401324042.7018,299.34051558571826,112.89821889602985,9.04718972058119,-179474.48943538114,99975881099.24403,3.000000000000167,-0.8579830000000155,-1692096.497788548,-2.794780650192705,388.5527528717109,-22.36632551776636,0.0,-2.2095658746355852e-20,0.0,2.183259828964568e-19,-87.80595575084557,0.2515237860724368,-87.80595575084557,0.0,-108.77487863105004,0.0,0.0,2810.8199999999288,-14.617700000000148,0.0,0.0,0.0,0.0,0.0,0.0,0.0,0.0,0.0,0.0,0.0,3785.529999999948,-83.48819999999665,0.0,0.0,0.0,0.0,0.0,0.0,0.0,0.0,0.0,0.0,0.0,7388.629999999946,-42.010500000002935,0.0,0.0,0.0,0.0,0.0,0.0,0.0,0.0,0.0,999.0000000000972,999.0000000000972,1.000000000000005,-23.414551199245007,gaze,0.3945258884052338,0.3716796005021505,91.95666400725632,43.84392168941648,234.22264777642184,-34.85058774013064,-17.129245788812657,-32.47822426467749,-0.0870149694243105,0.0797033175086416,0.97113657230531,4.798056870738113,17.258072513647463,-13.120297343899663,-28.29051450278762,0.3924964364557159,0.2777521934036454,0.8225824041214449,4.636718442039634,-2.79053686690716,-15.238965081570148,-29.379115212272023,0.2704539186579978,0.2329024775106732,0.8712329026426266,4.845531353693524,29.317850046361546,False,-0.921731308103855,imu,-0.5514968816000001,-9.61530626,2.3196365584,-0.0522309,2.30237827,-1.82903107,97.59971609371,-39.34265319855224,134.3928524992145,388.5527528717109,-22.36632551776636,False,0.7023927799099753,-0.7117895635160274,410.5466016478822,-31.845065012450267,8.997193836715013,35.7156105189336,False,inf
59.200713,-7422.916620948428,-61.26275990100128,409.18037377740166,-32.412887323894054,12.558774334497349,9.494055124626133,36.002237440615986,-357814.782585755,3.314765337050292,9.50287916707332,265333905.1576016,10.370401810326925,12.558774334497349,-261095635288.983,12.51864257393972,-0.2952649405507673,70.9890749639291,28.81896120989548,-7838.335068110186,-15.81944891917383,70.06545613822365,36.002237440615986,-17551562624.927757,300.564895701227,113.4430637320295,9.087174222940847,-180883.38552979985,100839015835.20178,3.0000000000001723,-0.8579830000000159,-1705574.9204991448,-2.807683851163125,388.5608426394761,-22.35925732309716,0.0,-2.220331296999232e-20,0.0,2.1938970827807787e-19,-88.20299787591975,0.2526850431234914,-88.20299787591975,0.0,-109.2667910808444,0.0,0.0,2810.8199999999324,-14.617700000000148,0.0,0.0,0.0,0.0,0.0,0.0,0.0,0.0,0.0,0.0,0.0,3785.529999999952,-83.48819999999671,0.0,0.0,0.0,0.0,0.0,0.0,0.0,0.0,0.0,0.0,0.0,7388.629999999954,-42.010500000002935,0.0,0.0,0.0,0.0,0.0,0.0,0.0,0.0,0.0,999.0000000000982,999.0000000000982,1.000000000000005,-23.49772340994144,gaze,0.3943550689043633,0.3713735079923589,90.87214007783304,43.937095434860886,234.08066421748472,-34.82064006435459,-17.136364012655253,-32.42599530310842,-0.0871708056136334,0.0802817458367488,0.9709056631184928,4.794780610787456,17.22527334564733,-13.137633861043655,-28.24010700220096,0.3920028220081628,0.2767492672212186,0.8230573504005838,4.633673658242611,-1.9891239246741776,-15.25171163118765,-29.315214970334583,0.2702371171946915,0.2329197141979765,0.8712044373892192,4.843464265424895,23.644616074365413,False,-0.9185077867163416,imu,-0.5449063181241747,-9.673020876363736,2.2843615516935687,-0.1849811532337597,1.0293394678287155,-3.107969805755165,98.1092556,-38.98372360000002,134.6027056,388.5608426394761,-22.35925732309716,False,0.6990909433783244,-0.7150327635055644,410.62656459358607,-31.856523123766245,9.138261639488206,36.002237440615986,False,inf
59.202052,-7444.654471543507,-61.37789825839995,409.21323874464,-32.4203122823547,12.578834404974902,9.516181301251214,36.116183207158585,-358948.0452768356,3.3219730747578304,9.525025426833633,266224376.9157937,10.389958119107169,12.578834404974902,-261987107985.0124,12.533365649403224,-0.2959359220904983,71.05689099824228,28.865751789887543,-7861.2530759669135,-15.852678858716327,70.13209310627158,36.116183207158585,-17611419591.69837,301.05139464955045,113.65965455290583,9.103069873635828,-181444.45188932365,101182899662.97098,3.0000000000001705,-0.8579830000000159,-1710942.887786281,-2.812812525412886,388.5640589907919,-22.35644654649984,0.0,-2.224611014677828e-20,0.0,2.1981258479573264e-19,-88.36079770903152,0.2531466114668643,-88.36079770903152,0.0,-109.4622947977058,0.0,0.0,2810.8199999999324,-14.617700000000156,0.0,0.0,0.0,0.0,0.0,0.0,0.0,0.0,0.0,0.0,0.0,3785.529999999952,-83.48819999999671,0.0,0.0,0.0,0.0,0.0,0.0,0.0,0.0,0.0,0.0,0.0,7388.629999999954,-42.010500000002935,0.0,0.0,0.0,0.0,0.0,0.0,0.0,0.0,0.0,999.0000000000982,999.0000000000982,1.000000000000005,-23.53076360004236,gaze,0.3942879066491452,0.371252849739481,89.58990055098805,43.66092928265066,234.02716604919075,-34.80879430279736,-17.139184886682283,-32.405091890355976,-0.087232270730337,0.080510337315586,0.9708142975258696,4.793482017969489,17.216199367018763,-13.145253754127948,-28.2174592597637,0.3918075428125006,0.2763526242833731,0.8232452501714779,4.632463065853886,-2.4257662363661394,-13.39234280021499,-30.29143677690927,0.0455463885841126,0.1263880040511823,0.981810592033563,5.738330781459808,22.95408840294127,True,1.0,imu,-0.5450511857400003,-9.6730059617521,2.284377508015869,-0.1893924368655864,1.0319016235527732,-3.095055262348445,97.618334902675,-39.34380834917032,134.417511553691,388.5640589907919,-22.35644654649984,False,0.6977735656097374,-0.7163184006684972,410.6583202441767,-31.86107310302528,9.194448722840724,36.116183207158585,False,inf
59.205812,-7505.966763173974,-61.70206663922897,409.3057167588136,-32.44119368848325,12.635294092426768,9.578499797278852,36.43705251648505,-362145.3132962585,3.342276182632017,9.58740049294099,268737669.0893162,10.445009459058952,12.635294092426768,-264503448166.135,12.574776401526456,-0.2978259343682991,71.2476055333075,28.99744346413323,-7925.893592768893,-15.946252124494627,70.3194919232954,36.43705251648505,-17780375497.14876,302.4206338382834,114.26954975561648,9.147832380550565,-183027.37241523084,102153566844.04971,3.000000000000176,-0.8579830000000173,-1726088.7192559028,-2.827252152142203,388.57311721300925,-22.348528768564293,0.0,-2.2366627199299966e-20,0.0,2.210034070720506e-19,-88.80503669382774,0.2544461431229378,-88.80503669382774,0.0,-110.01267420248912,0.0,0.0,2810.819999999934,-14.61770000000017,0.0,0.0,0.0,0.0,0.0,0.0,0.0,0.0,0.0,0.0,0.0,3785.529999999952,-83.48819999999677,0.0,0.0,0.0,0.0,0.0,0.0,0.0,0.0,0.0,0.0,0.0,7388.629999999961,-42.01050000000299,0.0,0.0,0.0,0.0,0.0,0.0,0.0,0.0,0.0,999.0000000001,999.0000000001,1.000000000000007,-23.62373099656932,gaze,0.3941010474428516,0.3709161989734101,83.92406657061623,42.06548677081181,233.90263352697968,-34.775619406904895,-17.147101098082885,-32.345810944805095,-0.0874038872502545,0.0811499182916794,0.9705583254363738,4.7898369963235545,17.203119513816098,-13.168902157702323,-28.14606422351456,0.391260539225166,0.2752419640863293,0.8237715992565386,4.62905383073647,-0.6406540209028109,-15.271943132906063,-29.209579978569742,0.2699027089696575,0.2329414576222069,0.8711635442490312,4.840328983115787,26.6301366775518,True,-0.9130536484209072,imu,-0.5455153536,-9.606333968,2.3190384056,0.11973803,2.26499372,-1.79164652,97.6344223340348,-39.34469676188013,134.4372912850469,388.57311721300925,-22.348528768564293,False,0.6940493312006034,-0.7199274448581573,410.7476437483283,-31.873870538145457,9.352993144876656,36.43705251648505,False,inf
59.214289,-7645.671403463195,-62.43753752663879,409.5152471013273,-32.48844277401868,12.763287436676958,9.72001227216887,37.16535565258296,-369435.2421710789,3.388393844601003,9.729041458261989,274473606.5685829,10.56986152862546,12.763287436676958,-270247558527.95184,12.668503139582542,-0.302118784199362,71.6791073912649,29.29597658669784,-8073.179414878043,-16.158634133361893,70.74349230907953,37.16535565258296,-18166049617.908127,305.5245329404447,115.65376921689364,9.2494371409143,-186636.4392678796,104369299121.726,3.0000000000001705,-0.8579830000000159,-1760628.596526606,-2.8600127448632064,388.5936829332866,-22.330542664880483,0.0,-2.26401804726281e-20,0.0,2.2370637171230617e-19,-89.81269886751124,0.2573945175781573,-89.81269886751124,0.0,-111.26107296869051,0.0,0.0,2810.8199999999306,-14.61770000000017,0.0,0.0,0.0,0.0,0.0,0.0,0.0,0.0,0.0,0.0,0.0,3785.529999999944,-83.4881999999966,0.0,0.0,0.0,0.0,0.0,0.0,0.0,0.0,0.0,0.0,0.0,7388.629999999946,-42.01050000000299,0.0,0.0,0.0,0.0,0.0,0.0,0.0,0.0,0.0,999.0000000000992,999.0000000000992,1.000000000000005,-23.83435020607423,gaze,0.3936892543750074,0.3701690348069182,65.13774113200789,35.46095226724755,233.87661672193303,-34.701321298505604,-17.164918764402966,-32.20907183843636,-0.0877855295980393,0.0825791883117367,0.9699844827274918,4.781628312063215,17.244557263993034,-13.23425992015312,-27.945528248161512,0.3900347320448609,0.2727552254049007,0.8249511944733867,4.621316801249366,1.959597100299968,-15.308154463849716,-29.010738894698072,0.269328134534803,0.2329662649022062,0.8711010961838372,4.8350804403629,51.27187467769125,True,-0.902436826626696,imu,-0.5251781584,-9.6135118016,2.3160476416,0.16459949,2.25751681,-1.69444669,97.67476588023044,-39.3465944314769,134.48225926023937,388.5936829332866,-22.330542664880483,False,0.685516982785851,-0.7280566367475702,410.9498463878391,-31.902837201008985,9.714582706556133,37.16535565258296,False,inf
59.222033,-7775.097198417558,-63.11504170564778,409.70792047763166,-32.53181457869911,12.8810692303845,9.8505229701207,37.83664001943457,-376194.5586158484,3.430942566687164,9.859670695083835,279798768.69789284,10.684814810514789,12.8810692303845,-275581793116.506,12.754569031517724,-0.3060791185613947,72.07515718980996,29.570679836626105,-8209.625642537641,-16.35437846768646,71.1326576173817,37.83664001943457,-18524196812.009422,308.3806173748696,116.92949236098455,9.34309215957075,-189982.72897392127,106426885603.13985,3.0000000000001794,-0.8579830000000177,-1792662.5354599429,-2.890191427073419,388.6126451662519,-22.313947235446435,0.0,-2.2892325938482704e-20,0.0,2.261978069993682e-19,-90.7406708950178,0.2601105262440978,-90.7406708950178,0.0,-112.41071815628234,0.0,0.0,2810.8199999999324,-14.61770000000017,0.0,0.0,0.0,0.0,0.0,0.0,0.0,0.0,0.0,0.0,0.0,3785.529999999952,-83.48819999999671,0.0,0.0,0.0,0.0,0.0,0.0,0.0,0.0,0.0,0.0,0.0,7388.629999999961,-42.01050000000308,0.0,0.0,0.0,0.0,0.0,0.0,0.0,0.0,0.0,999.000000000102,999.000000000102,1.000000000000007,-24.028000627627105,gaze,0.4025925061055306,0.4143170337363906,49.1370104429804,28.54837282122855,234.2232122585677,-34.63407410413253,-17.181155303794956,-32.0805342974395,-0.0881278598399216,0.0838692848918619,0.9694643166092785,4.774142048706038,18.33728413844818,-11.55156812859779,-28.70257629417019,0.1150344365946276,0.1497699709741355,0.9820061273697652,6.154376983642578,4.445049009297309,-12.752429816949268,-29.83043392772312,0.0644246582368834,0.1275158190385916,0.9841524607156495,5.881293058395386,69.80347904290821,False,-1.0,imu,-0.5471981524889351,-9.67273970494372,2.284774503301592,-0.2289582233735008,1.260954132176927,-2.7774542672434843,97.71659129992064,-39.34820158500293,134.52377102841058,388.6126451662519,-22.313947235446435,False,0.7812310150476326,-0.6242420212767206,411.1355604337058,-31.929441641208847,6.547827696801109,37.836640019434576,False,inf
59.222765,-7787.420765669065,-63.179361791516,409.72619540562914,-32.53592460473318,12.89224496241726,9.862920732397638,37.90038843303464,-376838.4461994022,3.4349852635433824,9.872079719721018,280306372.6685122,10.695725214948942,12.89224496241726,-276090335295.15,12.762726357131418,-0.3064553876104917,72.11268575588416,29.596744458233875,-8222.617529779858,-16.372966805846666,71.16953386274204,37.90038843303464,-18558340633.554462,308.65160820497806,117.05063527198324,9.351986352781314,-190301.490030838,106623044742.6198,3.0000000000001776,-0.8579830000000164,-1795714.4675816833,-2.893056504128646,388.6144462322793,-22.312370396986523,0.0,-2.291627137986581e-20,0.0,2.264344105702801e-19,-90.8287563150023,0.2603683762710085,-90.8287563150023,0.0,-112.5198441094165,0.0,0.0,2810.819999999927,-14.617700000000156,0.0,0.0,0.0,0.0,0.0,0.0,0.0,0.0,0.0,0.0,0.0,3785.529999999948,-83.48819999999665,0.0,0.0,0.0,0.0,0.0,0.0,0.0,0.0,0.0,0.0,0.0,7388.629999999946,-42.01050000000305,0.0,0.0,0.0,0.0,0.0,0.0,0.0,0.0,0.0,999.0000000001,999.0000000001,1.0000000000000062,-24.046367031108023,gaze,0.393290830344894,0.36943855328256,48.641488684089325,28.076092979085697,234.2684560410281,-34.62774961523844,-17.182687870896853,-32.06821052038017,-0.0881599097249427,0.0839904516235567,0.969415353315262,4.773435101389184,17.391668359068493,-13.315935857232796,-27.6961915517472,0.3888195667901368,0.270293290892601,0.8261206214605546,4.613514982828499,4.942127302888018,-15.347497562788028,-28.78505256176405,0.2687306314586064,0.2329770115916455,0.871045532545504,4.829789701423682,70.38808017072371,False,-0.8899150813363182,imu,-0.4970649768000001,-9.633250844,2.3220291696,0.14216876,2.2500399,-1.51500085,97.72079174361672,-39.34834730052837,134.52771538059494,388.6144462322793,-22.312370396986523,False,0.6767952131633591,-0.7361713383711453,411.1531642661846,-31.93196362006189,10.081863574233845,37.90038843303464,False,inf
59.231241,-7931.253824416487,-63.92766469165957,409.938594467387,-32.58364564765813,13.022187116495449,10.00725155054677,38.642276851961256,-384357.1044758558,3.48205937079594,10.016541673905998,286237876.1507773,10.822620762725457,13.022187116495449,-282033733323.0854,12.857458913988554,-0.3108365462485176,72.54839804914602,29.89979453999869,-8374.248953362137,-16.58928734394251,71.59767306469897,38.642276851961256,-18957379597.18012,311.8023524646501,118.46039538400498,9.455498294316236,-194023.6036653501,108915556585.82983,3.000000000000176,-0.8579830000000168,-1831356.9125490503,-2.9263890899818974,388.6354105789035,-22.294008797902222,0.0,-2.3194949468018206e-20,0.0,2.291880132171462e-19,-91.85337939104664,0.2633682285908482,-91.85337939104664,0.0,-113.78919823984928,0.0,0.0,2810.819999999927,-14.617700000000156,0.0,0.0,0.0,0.0,0.0,0.0,0.0,0.0,0.0,0.0,0.0,3785.529999999944,-83.48819999999648,0.0,0.0,0.0,0.0,0.0,0.0,0.0,0.0,0.0,0.0,0.0,7388.629999999943,-42.01050000000308,0.0,0.0,0.0,0.0,0.0,0.0,0.0,0.0,0.0,999.000000000102,999.000000000102,1.0000000000000062,-24.25981415890536,gaze,0.3929059426559334,0.3687249259483931,43.155879332285366,23.793339794603384,234.70599677252085,-34.554933512502224,-17.200403930962604,-31.92339104332333,-0.0885271748851714,0.0853835474294079,0.9688510393120588,4.765258703552602,17.65223951940355,-13.413405311919558,-27.405979866180736,0.3876151555521057,0.2678565768203726,0.8272797359451123,4.605653188493527,8.147696225039303,-15.38987537237564,-28.535288373329195,0.2681104338614138,0.2329738199951546,0.8709968043358844,4.824458853051093,69.68298812474436,False,-0.8755296743054015,imu,-0.4749333232000001,-9.635045302400002,2.3142531832,0.06739966,2.08554788,-1.44023175,97.772551129922,-39.34995713177533,134.57363413897716,388.6354105789035,-22.294008797902222,False,0.6678805252938068,-0.7442685025803983,411.3576235989108,-31.96125885161665,10.45485941569232,38.642276851961256,False,inf
59.239717,-8077.1933586341565,-64.68248524874778,410.1524524811921,-32.63160681237389,13.153119323716531,10.153014530635328,39.39106153609788,-391992.5530076176,3.529619701766098,10.162437133798786,292269365.26519626,10.950553766308293,13.153119323716531,-288079046666.262,12.952702646858429,-0.3152625591538401,72.98625092044257,30.20513925350878,-8528.097625948849,-16.807608058370334,72.02791650592044,39.39106153609788,-19363253191.000168,314.97689423135296,119.88313483588536,9.559979340011544,-197803.44175058044,111247332615.31895,3.000000000000174,-0.8579830000000159,-1867562.5207620447,-2.960012322069886,388.6565770306315,-22.27545680817296,0.0,-2.347623224101911e-20,0.0,2.3196735260827776e-19,-92.88662028732364,0.2663942383005906,-92.88662028732364,0.0,-115.069199577618,0.0,0.0,2810.819999999925,-14.617700000000156,0.0,0.0,0.0,0.0,0.0,0.0,0.0,0.0,0.0,0.0,0.0,3785.529999999939,-83.48819999999637,0.0,0.0,0.0,0.0,0.0,0.0,0.0,0.0,0.0,0.0,0.0,7388.629999999943,-42.01050000000305,0.0,0.0,0.0,0.0,0.0,0.0,0.0,0.0,0.0,999.0000000001028,999.0000000001028,1.000000000000005,-24.47469954476868,gaze,0.392534800711275,0.3680284052028706,49.7035546425324,25.13857858050933,234.2930091125161,-34.482910238854934,-17.218060474399472,-31.774801553569645,-0.088887425407098,0.0867581534919048,0.9682917071565112,4.757101388987102,18.03216609877657,-13.526032827881112,-27.083301886722243,0.3864217503252725,0.2654457786032217,0.8284282598597392,4.59773705864224,11.324921568033362,-15.435179110370516,-28.264545421293,0.2674678422786461,0.2329568091106217,0.8709548697447266,4.819090564527311,76.5251727093119,False,-0.8593337951924492,imu,-0.4354552384000001,-9.6248767048,2.3136550304,-0.00736944,1.90610204,-1.32060119,97.83008300691723,-39.351425445089184,134.6199844307101,388.6565770306315,-22.27545680817296,False,0.6587704538233126,-0.7523439965663492,411.5632268437493,-31.990728744445768,10.833546365871497,39.39106153609789,False,inf
59.242125,-8119.041646878579,-64.89812123410022,410.2134760051927,-32.645276326096806,13.190498020367968,10.19468784753174,39.60505203494161,-394183.2451238632,3.543220596221361,10.204148334070537,294001301.1089124,10.987089070157356,13.190498020367968,-289815268329.024,12.979854532052167,-0.3165281961609914,73.1110346616612,30.292306827093405,-8572.213238611872,-16.869998713507798,72.15053180003324,39.60505203494161,-19479819148.462776,315.88312835882823,120.2897091714236,9.589839671785317,-198887.90125609632,111917013055.26288,3.0000000000001776,-0.8579830000000164,-1877952.043007674,-2.969617825386583,388.6626273525137,-22.270151381645903,0.0,-2.3556621171304143e-20,0.0,2.327616711443672e-19,-93.181739366055,0.2672587103952622,-93.181739366055,0.0,-115.43479422050538,0.0,0.0,2810.819999999925,-14.617700000000148,0.0,0.0,0.0,0.0,0.0,0.0,0.0,0.0,0.0,0.0,0.0,3785.5299999999424,-83.48819999999643,0.0,0.0,0.0,0.0,0.0,0.0,0.0,0.0,0.0,0.0,0.0,7388.629999999943,-42.01050000000305,0.0,0.0,0.0,0.0,0.0,0.0,0.0,0.0,0.0,999.0000000001036,999.0000000001036,1.0000000000000062,-24.53601113331511,gaze,0.392712843359359,0.4205458254775151,53.96371873373256,26.7167130978891,233.8807085371593,-34.462598401217576,-17.22306489166853,-31.73192719442192,-0.088988505508825,0.0871452575353461,0.968133734384766,4.7547877181901175,18.41545262278148,-11.58172541614563,-28.71432011834359,0.1327698409900288,0.1430415080106629,0.9807707664431674,6.211134433746338,11.402852497039431,-12.161502155618711,-29.280886542528776,0.0938114079536951,0.1339568300426714,0.9833823410806732,6.023310780525208,84.64524178501588,False,-1.0,imu,-0.5493290172188904,-9.672390565510522,2.28547098954096,-0.2204177646502862,1.6071653669806196,-2.2179291212314225,97.84748503534496,-39.35181698395324,134.6332267350425,388.6626273525137,-22.270151381645903,False,0.7559453192917118,-0.6546347640027619,411.6218469576089,-31.999133725434824,7.67532464361012,39.60505203494161,False,inf
59.248194,-8225.279907617469,-65.44395284680698,410.3678031643399,-32.679814711948865,13.285062652019828,10.30023697169019,40.14687283086059,-399747.0598304272,3.5776755061627523,10.309793423295003,298402828.3013752,11.079545116119904,13.285062652019828,-294228311973.1248,13.048470723800362,-0.3197342567600099,73.4263030622121,30.512827497457,-8684.206209341242,-17.02796742068897,72.46032191657545,40.14687283086059,-19776097949.934364,318.17574124110934,121.31910944062533,9.66544839009012,-201642.1272556485,113619157202.15802,3.0000000000001794,-0.8579830000000168,-1904342.3059599283,-2.9939320461503964,388.67794918101913,-22.25671114248556,0.0,-2.376017092960763e-20,0.0,2.347729349517293e-19,-93.9286548412474,0.269446931503389,-93.9286548412474,0.0,-116.36006550726408,0.0,0.0,2810.819999999925,-14.617700000000156,0.0,0.0,0.0,0.0,0.0,0.0,0.0,0.0,0.0,0.0,0.0,3785.5299999999406,-83.48819999999643,0.0,0.0,0.0,0.0,0.0,0.0,0.0,0.0,0.0,0.0,0.0,7388.629999999939,-42.01050000000311,0.0,0.0,0.0,0.0,0.0,0.0,0.0,0.0,0.0,999.0000000001036,999.0000000001036,1.0000000000000062,-24.69105678297422,gaze,0.3921775654002379,0.3673491561486574,64.43590766762696,32.53277760405491,232.0897903107677,-34.41170797530527,-17.23565322227115,-31.62261983503418,-0.0892408014364852,0.08811411456203,0.96773745460128,4.748964431867007,18.535129057703795,-13.653102685124828,-26.736740106304275,0.3852394590256588,0.2630612964324584,0.8295660546116507,4.589771210488097,14.184373409936468,-15.483298729011285,-27.976132032106182,0.2668030775227775,0.2329260939541162,0.8709196826282124,4.8136868318927615,119.81968491239904,False,-0.8413887993052912,imu,-0.3882011672000001,-9.612315496,2.305879044,-0.15690764,1.36776452,-1.42527793,97.89342627765414,-39.352753898478326,134.6667403925336,388.67794918101913,-22.25671114248556,False,0.6494614635351762,-0.7603945077278946,411.7700009512428,-32.02038286072805,11.21794081463952,40.14687283086059,False,inf
59.25667,-8375.50164399095,-66.21192714974185,410.5846039674991,-32.728258886900704,13.417991435728412,10.448894028778415,40.90957334205584,-407620.1520568728,3.626219014465325,10.458585674918712,304638087.54664505,11.209570009217348,13.417991435728412,-300481394758.47266,13.14474239413358,-0.3242508855369007,73.8684573114878,30.822799188519525,-8842.562161307607,-17.250325846306882,72.89479388010031,40.90957334205584,-20195904642.862736,321.3982682105012,122.76806641611788,9.771886988436016,-205539.426342174,116030977280.09044,3.0000000000001883,-0.8579830000000177,-1941694.2843053737,-3.028142094105289,388.6995230509865,-22.23777515765553,0.0,-2.404671620172565e-20,0.0,2.376042728001653e-19,-94.97928981482973,0.2725257530825931,-94.97928981482973,0.0,-117.66155620375562,0.0,0.0,2810.8199999999288,-14.617700000000184,0.0,0.0,0.0,0.0,0.0,0.0,0.0,0.0,0.0,0.0,0.0,3785.529999999948,-83.48819999999654,0.0,0.0,0.0,0.0,0.0,0.0,0.0,0.0,0.0,0.0,0.0,7388.62999999995,-42.01050000000319,0.0,0.0,0.0,0.0,0.0,0.0,0.0,0.0,0.0,999.0000000001064,999.0000000001064,1.000000000000008,-24.90884284494499,gaze,0.3918345160751652,0.3666875751213853,82.933258439062,43.915163090613504,227.6726517502408,-34.34137932987592,-17.253171792444228,-31.46708512358221,-0.089587317018624,0.0894508047087154,0.967188571663748,4.740851947390243,19.16195422615945,-13.793765212236542,-26.37497057928332,0.3840688020775437,0.2607043573977177,0.8306925854400309,4.581763003126896,16.46853589632917,-15.534100413510863,-27.673638254482032,0.2661165969604478,0.232881801663432,0.870891208322015,4.808251532089194,182.8904381882824,False,-0.8217723015839028,imu,-0.3487230824000001,-9.6248767048,2.3184402528,-0.14943073,1.15841104,-1.36546265,97.9625891378515,-39.353943677828745,134.7138593188206,388.6995230509865,-22.23777515765553,False,0.639953369125152,-0.7684137461975592,411.97789966482185,-32.05022046629168,11.60791714461687,40.90957334205584,False,inf
59.262104,-8472.952575621532,-66.7077670078689,410.72437589928063,-32.75944435896588,13.503741753572497,10.544967088842776,41.40223375547012,-412731.1184031665,3.6576016537221214,10.554746129369963,308690059.6334711,11.29348381903013,13.503741753572497,-304545879808.06744,13.206734278182026,-0.3271705683335602,74.15306046084633,31.02274943425954,-8945.28803067318,-17.39395179086879,73.17445267924128,41.40223375547012,-20468773457.49968,323.47695905229665,123.7039571436473,9.840644773294702,-208069.38542605424,117598627813.87209,3.0000000000001847,-0.8579830000000177,-1965947.1920875795,-3.050229978990356,388.7134620817592,-22.22553344498016,0.0,-2.4231818572682208e-20,0.0,2.3943325900059415e-19,-95.6574695883034,0.2745136092655497,-95.6574695883034,0.0,-118.50164659629375,0.0,0.0,2810.819999999924,-14.61770000000017,0.0,0.0,0.0,0.0,0.0,0.0,0.0,0.0,0.0,0.0,0.0,3785.529999999944,-83.48819999999637,0.0,0.0,0.0,0.0,0.0,0.0,0.0,0.0,0.0,0.0,0.0,7388.62999999995,-42.010500000003134,0.0,0.0,0.0,0.0,0.0,0.0,0.0,0.0,0.0,999.0000000001056,999.0000000001056,1.0000000000000062,-25.049235177932164,gaze,0.3916221130869555,0.3662727903372189,95.22046963089716,51.54733032500891,223.7631340094133,-34.29676273830294,-17.264362259372913,-31.36569504502709,-0.0898059272892409,0.0902975712676612,0.966839542878276,4.73566436810748,19.62816049657612,-13.890688975101655,-26.13888776574692,0.3833244451428555,0.2592079554342921,0.8314088337814027,4.576608634444669,18.36608091196901,-11.574186941120296,-28.69019527289716,0.1205001140193526,0.1465943790945354,0.9817871714608872,6.147128423055013,211.77824572649163,False,-1.0,imu,-0.5514199025392639,-9.67196416521356,2.2864547157641364,-0.1663624783281862,1.5927756482026216,-1.4345949498419377,98.01000228344174,-39.35463427641644,134.74424652396033,388.7134620817592,-22.22553344498016,False,0.6337512940523131,-0.7735368751953706,412.1117900173463,-32.06945083363958,11.860874092483613,41.40223375547012,False,inf
59.265146,-8527.899185507662,-66.98653705955225,410.8028884979945,-32.77694592647157,13.55192666378258,10.599012915029178,41.67929289028889,-415614.1042961031,3.675259451109324,10.608841126580351,310977140.35542804,11.340649248082917,13.55192666378258,-306840341652.50604,13.241530772524708,-0.3288132729963105,74.31277211652528,31.13510304020793,-9003.208225178922,-17.47472166219053,73.33138988750045,41.67929289028889,-20622810470.67704,324.6449809506735,124.23026074998371,9.879313972244509,-209496.4652770852,118483581045.5998,3.0000000000001847,-0.8579830000000168,-1979629.5060447475,-3.062648291928686,388.72130221578846,-22.2186455846756,0.0,-2.433591913066703e-20,0.0,2.4046187080593266e-19,-96.03870043529707,0.2756312273626716,-96.03870043529707,0.0,-118.9738882932906,0.0,0.0,2810.819999999921,-14.61770000000017,0.0,0.0,0.0,0.0,0.0,0.0,0.0,0.0,0.0,0.0,0.0,3785.529999999937,-83.48819999999631,0.0,0.0,0.0,0.0,0.0,0.0,0.0,0.0,0.0,0.0,0.0,7388.629999999943,-42.01050000000316,0.0,0.0,0.0,0.0,0.0,0.0,0.0,0.0,0.0,999.0000000001064,999.0000000001064,1.0000000000000062,-25.12809121501726,gaze,0.3915057977189298,0.3660438089349729,101.95003486003732,55.40069651307282,221.28104800820407,-34.27195092838283,-17.270612152078247,-31.30838993604002,-0.0899271102099966,0.0907680870660479,0.9666451483216352,4.732765132283321,19.910579409886417,-13.947134868632835,-26.006269349285315,0.3829098755758999,0.2583753277328523,0.831807726757704,4.573716898764534,18.025664992579674,-15.587461201610315,-27.360665326864822,0.2654086239257663,0.2328240497281921,0.8708693987504273,4.802786597906161,219.1775370001056,False,-0.8005648751071323,imu,-0.2996745528,-9.6308582328,2.3226273224,-0.17933837,0.7696117199999999,-1.08881698,98.03759383774948,-39.35499643695904,134.76131478751248,388.72130221578846,-22.2186455846756,False,0.6302427507751375,-0.7763981421251522,412.1869498795254,-32.080251522765906,12.003479596406306,41.67929289028889,False,inf
59.273622,-8682.495973170266,-67.7678221856272,411.0226650776544,-32.82587674957175,13.686873838528324,10.750603604082537,42.456072694342026,-423730.2937361598,3.724800416941262,10.760569761028064,317421277.1449152,11.472788497973264,13.686873838528324,-313306491182.7013,13.33883771016102,-0.3334217230251742,74.75925414579643,31.449751649527524,-9166.169036049068,-17.701167366209788,73.77011655026892,42.456072694342026,-21056905091.15059,327.91600978464925,125.70577916729272,9.987735820887156,-213513.9260915966,120977483555.84814,3.0000000000001883,-0.8579830000000181,-2018154.7687582625,-3.0974524889674595,388.7432877443682,-22.199321351402645,0.0,-2.4627797526296108e-20,0.0,2.433459049472861e-19,-97.10693972595264,0.2787635207794408,-97.10693972595264,0.0,-120.29712701193532,0.0,0.0,2810.819999999924,-14.617700000000184,0.0,0.0,0.0,0.0,0.0,0.0,0.0,0.0,0.0,0.0,0.0,3785.529999999944,-83.48819999999631,0.0,0.0,0.0,0.0,0.0,0.0,0.0,0.0,0.0,0.0,0.0,7388.629999999946,-42.01050000000322,0.0,0.0,0.0,0.0,0.0,0.0,0.0,0.0,0.0,999.0000000001082,999.0000000001082,1.000000000000007,-25.34880997080998,gaze,0.3911915912370878,0.3654180775336098,119.37025233469858,62.61487328268231,213.6881315865376,-34.203457109033884,-17.28796830686817,-31.14675106405759,-0.0902602755402865,0.0920656716885141,0.9661073366969782,4.724706107378902,20.7754432310928,-14.112239877406443,-25.63842762548609,0.3817629105576505,0.2560748412943235,0.8329112239130467,4.565638216933635,18.87386731383386,-15.643247131673036,-27.040894396504413,0.2646794588197054,0.2327529588748487,0.8708542098274618,4.797294564223847,206.78667273060827,False,-0.7778577349248041,imu,-0.2458408008,-9.6619621784,2.3232254752,0.12721494,0.3060432999999998,-0.74487912,98.11844741289649,-39.355913654503134,134.80907466705548,388.7432877443682,-22.199321351402645,False,0.6203273272448491,-0.7843430417064092,412.3971542133233,-32.1104827211314,12.404581332001229,42.456072694342026,False,inf
59.282099,-8839.334248654819,-68.55591565105689,411.24396825540543,-32.875058093661835,13.82285458315871,10.903694259538575,43.24004702471972,-431971.0874404758,3.7748514634731176,10.913799767527538,323972578.14290464,11.60600922056887,13.82285458315871,-319881975254.05084,13.43667663431972,-0.33807709265151,75.20796313349231,31.76679519754679,-9331.48904541992,-17.929702584831173,74.21103262451926,43.24004702471972,-21498331420.16232,331.2118757384265,127.19488521428616,10.097172009185991,-217592.980801202,123513505838.71625,3.0000000000001883,-0.8579830000000164,-2057281.5737166111,-3.132560701376227,388.7654833391464,-22.17979906795261,0.0,-2.49224041885934e-20,0.0,2.46256896937866e-19,-98.18418852406914,0.2819231747713012,-98.18418852406914,0.0,-121.63149591193248,0.0,0.0,2810.819999999918,-14.617700000000156,0.0,0.0,0.0,0.0,0.0,0.0,0.0,0.0,0.0,0.0,0.0,3785.529999999937,-83.4881999999962,0.0,0.0,0.0,0.0,0.0,0.0,0.0,0.0,0.0,0.0,0.0,7388.629999999939,-42.01050000000319,0.0,0.0,0.0,0.0,0.0,0.0,0.0,0.0,0.0,999.0000000001082,999.0000000001082,1.000000000000005,-25.571033523084235,gaze,0.3908920360773205,0.364810522306419,134.0231101344804,62.08916122603205,206.0460888807417,-34.1359235589659,-17.305236411199687,-30.982371864826348,-0.0905869442690894,0.0933434261135546,0.9655752229628606,4.716676011203076,21.747268927496016,-14.288065706508634,-25.278423647240253,0.3806279997371332,0.253803250557892,0.8340029561000334,4.557531240207746,19.20511875690312,-15.701326275289793,-26.71794956440303,0.2639293122604564,0.2326686395187862,0.8708455962854647,4.791777280505364,170.03732445420275,False,-0.7537472131108712,imu,-0.19439966,-9.673925234400002,2.33279592,0.07487657,-0.53884753,-0.4831872699999999,98.20515931912642,-39.3566968834398,134.85711231721115,388.7654833391464,-22.17979906795261,False,0.6102036672086933,-0.7922445863021486,412.6085403419781,-32.140924576822684,12.81121751634841,43.24004702471973,False,inf
59.282197,-8841.160501471484,-68.56506598740201,411.2465354816877,-32.87562809890227,13.824432587319649,10.90547279961076,43.24915200866836,-432067.0852306485,3.775433051050922,10.915579926754804,324048943.05951214,11.607555599637616,13.824432587319649,-319958632612.3342,13.437810771101804,-0.3381311843374984,75.21316326096992,31.77047427795275,-9333.414040248204,-17.932356722065627,74.216142446085,43.24915200866836,-21503477544.321568,331.25012172804435,127.2121790916482,10.098443049592868,-217640.49761307728,123543070640.62428,3.0000000000001883,-0.8579830000000173,-2057737.424692516,-3.1329683376920743,388.7657411530281,-22.17957222781783,0.0,-2.492582586855672e-20,0.0,2.4629070636663893e-19,-98.19669442305864,0.281959861050935,-98.19669442305864,0.0,-121.64698657062146,0.0,0.0,2810.81999999992,-14.617700000000156,0.0,0.0,0.0,0.0,0.0,0.0,0.0,0.0,0.0,0.0,0.0,3785.529999999937,-83.48819999999631,0.0,0.0,0.0,0.0,0.0,0.0,0.0,0.0,0.0,0.0,0.0,7388.629999999939,-42.01050000000325,0.0,0.0,0.0,0.0,0.0,0.0,0.0,0.0,0.0,999.0000000001082,999.0000000001082,1.0000000000000062,-25.573611260432493,gaze,0.2029134933076208,0.2658384707398929,133.7256384426029,62.02098556426284,205.9627343586223,-34.135148616273604,-17.30543549290864,-30.980456505877047,-0.0905906829283135,0.0933580799057651,0.965569105620965,4.716583360506875,21.43261177001152,-13.83302906397887,-24.95509370188029,0.4194051898080081,0.2833084862483471,0.8624590357702673,5.500639915466309,19.3951161770804,-12.322107536240765,-27.45733003813136,0.2224031557975548,0.1920399884110485,0.9417453098610666,5.955383777618408,169.646790265822,False,-1.0,imu,-0.553494395708465,-9.67145739674054,2.2877322972937404,-0.0694060341008675,0.685164994098604,-0.4516212219138641,98.2061959411946,-39.35670515970513,134.8576691298281,388.7657411530281,-22.17957222781783,False,0.5955783734461826,-0.8032972059475866,412.6109908884437,-32.14127774452477,13.221846119191625,43.24915200866836,False,inf
59.290609,-8999.043410598326,-69.35387310847763,411.4676509219339,-32.92467801930644,13.960393927408344,11.058881848938729,44.03425993788369,-440369.7470869422,3.825608227977453,11.069128657278911,330657736.5601192,11.740826478033425,13.960393927408344,-326593641076.2032,13.535421887110042,-0.3427975435158357,75.66061274635271,32.08745748237731,-9499.831592626191,-18.161215133068907,74.65582208201809,44.03425993788369,-21948891512.20405,334.54529995650125,128.70336905771023,10.20804826449725,-221750.09326197987,126102000769.98944,3.0000000000001954,-0.857983000000019,-2097168.172454848,-3.168109144792381,388.7879751193032,-22.16000277333201,0.0,-2.5220885560485718e-20,0.0,2.4920617471622804e-19,-99.2746207148804,0.2851224484139795,-99.2746207148804,0.0,-122.9821644792329,0.0,0.0,2810.819999999924,-14.617700000000184,0.0,0.0,0.0,0.0,0.0,0.0,0.0,0.0,0.0,0.0,0.0,3785.5299999999406,-83.48819999999625,0.0,0.0,0.0,0.0,0.0,0.0,0.0,0.0,0.0,0.0,0.0,7388.629999999946,-42.01050000000336,0.0,0.0,0.0,0.0,0.0,0.0,0.0,0.0,0.0,999.000000000111,999.000000000111,1.000000000000008,-25.79561785633468,gaze,0.39060625813939,0.364219165303337,145.52870223610998,52.58135185914565,199.71336867607,-34.06913426897936,-17.322475304454688,-30.814845726745563,-0.0909084025462112,0.0946057772225662,0.9650469793182148,4.708646773341048,22.81665210200445,-14.47424039151763,-24.930994185309256,0.3795011547185346,0.2515527642937463,0.835086727904899,4.549370400687764,19.309045427841216,-15.761787259441649,-26.39419699031566,0.2631555291145513,0.2325708161679852,0.870843519710674,4.786216258254712,153.75157976612226,False,-0.7282413682223864,imu,-0.155519728,-9.678112304,2.3405719064,0.0898303899999999,-1.32392308,-0.0270957599999999,98.29808270304692,-39.3573497417323,134.90557798735253,388.7879751193032,-22.16000277333201,False,0.59983012729899,-0.8001273763498394,412.8219159513791,-32.17170044326459,13.224896133481462,44.03425993788369,False,inf
59.299086,-9160.408851888556,-70.15554613113792,411.6919867363226,-32.97435262439859,14.098430754583438,11.214972940493396,44.83259366658996,-448862.5497621447,3.876680725702496,11.225361911877217,337426232.3921591,11.876200423429642,14.098430754583438,-333390813118.1513,13.634309510443485,-0.347546774431789,76.11369912988884,32.40926435683299,-9669.916336947905,-18.39392218117032,75.10104197227407,44.83259366658996,-22405183266.71192,337.8905619598789,130.21961965923228,10.319511259203589,-225953.72274612484,128723423043.05351,3.0000000000001954,-0.8579830000000177,-2137512.202250344,-3.203823998892441,388.8105897294504,-22.140084913720727,0.0,-2.5520944851455622e-20,0.0,2.521710438234249e-19,-100.36983320741582,0.2883366985419031,-100.36983320741582,0.0,-124.33872373679084,0.0,0.0,2810.819999999918,-14.617700000000156,0.0,0.0,0.0,0.0,0.0,0.0,0.0,0.0,0.0,0.0,0.0,3785.5299999999406,-83.4881999999962,0.0,0.0,0.0,0.0,0.0,0.0,0.0,0.0,0.0,0.0,0.0,7388.629999999946,-42.01050000000333,0.0,0.0,0.0,0.0,0.0,0.0,0.0,0.0,0.0,999.000000000111,999.000000000111,1.000000000000008,-26.020829387881346,gaze,0.3903366344416034,0.3636487897443053,153.95209182410974,36.043495767183565,196.13487163483464,-34.0036394343502,-17.339545623983597,-30.645706618538263,-0.0912222478859214,0.0958426675233091,0.9645268447226256,4.700682683228565,23.9573324644448,-14.66817579986735,-24.60366512972473,0.3783913312200991,0.2493414270979737,0.836153895758403,4.541224091719966,19.48056454072843,-15.824013449208037,-26.07558662159277,0.2623644117476524,0.2324603698723217,0.8708479503218736,4.7806570708541,191.3678295272952,False,-0.7016520089194197,imu,-0.080750628,-9.6709344704,2.3435626704,0.0449689299999999,-2.16881391,0.3916112000000003,98.39647917887216,-39.357868619451686,134.9540630575841,388.8105897294504,-22.140084913720727,False,0.5892850546213487,-0.8079251972799919,413.0356289939607,-32.20257902839451,13.642342232902491,44.83259366658996,False,inf
59.302178,-9219.837193768397,-70.44965728256297,411.77419298626273,-32.99253308447095,14.14903708902496,11.272283356236835,45.12558418493768,-451992.06932765245,3.895437551973764,11.28272453406742,339922456.39964294,11.925847583190896,14.14903708902496,-335898071020.7529,13.670509791951575,-0.3492908216306497,76.27950900104638,32.52723969080961,-9732.554959989033,-18.47932470706099,75.26397336975654,45.12558418493768,-22573492498.354183,339.1169296194001,130.77607443163473,10.360421428931364,-227502.7016955713,129690368872.28264,3.000000000000192,-0.8579830000000177,-2152381.186261127,-3.216927003709255,388.81889083784,-22.13277035955953,0.0,-2.5631075045829126e-20,0.0,2.5325923412707887e-19,-100.77156229352464,0.2895159371339613,-100.77156229352464,0.0,-124.83630845275307,0.0,0.0,2810.819999999918,-14.61770000000017,0.0,0.0,0.0,0.0,0.0,0.0,0.0,0.0,0.0,0.0,0.0,3785.529999999933,-83.48819999999614,0.0,0.0,0.0,0.0,0.0,0.0,0.0,0.0,0.0,0.0,0.0,7388.629999999939,-42.01050000000333,0.0,0.0,0.0,0.0,0.0,0.0,0.0,0.0,0.0,999.000000000112,999.000000000112,1.0000000000000062,-26.10334943051657,gaze,0.3902420567320565,0.3634454240135495,156.3672135793063,29.02870950529838,195.7336171066304,-33.98001348895765,-17.345745691210656,-30.5834975674488,-0.0913351595174077,0.0962886654792006,0.964338657567794,4.697786606336172,24.38800914245928,-14.740790343547625,-24.48967977296896,0.3779897056750742,0.2485425086891822,0.8365400206280245,4.5382494464261045,19.3951161770804,-12.322107536240765,-27.45733003813136,0.2224031557975548,0.1920399884110485,0.9417453098610666,5.955383777618408,219.3555198364561,False,-1.0,imu,-0.5555289537412653,-9.670877691415464,2.2892847530182183,0.0655272043432856,-1.557370456447703,0.66906322490405,98.43381371383552,-39.3580255102103,134.9717931425362,388.81889083784,-22.13277035955953,False,0.5853857167104453,-0.8107549337940526,413.1138711139652,-32.21389869391555,13.795926590040729,45.125584184937686,False,inf
59.302245,-9221.128325026148,-70.45604040818013,411.7759765493829,-32.99292739853048,14.15013519411376,11.273527436629749,45.13194360502428,-452060.0711840838,3.895844750426181,11.28396974780296,339976709.68065965,11.926924975886138,14.15013519411376,-335952566824.9217,13.671294984939305,-0.3493286828543844,76.2831051399752,32.529799610902344,-9733.915832007524,-18.48117837782305,75.26750708133157,45.13194360502428,-22577150724.218327,339.1435402045984,130.7881523271618,10.361309410612463,-227536.35960375064,129711385579.79706,3.0000000000002025,-0.8579830000000195,-2152704.292207872,-3.217211381060959,388.8190710238073,-22.132611568276616,0.0,-2.5633465491299838e-20,0.0,2.5328285398534923e-19,-100.78028063018554,0.2895415304044459,-100.78028063018554,0.0,-124.84710700619642,0.0,0.0,2810.819999999925,-14.617700000000198,0.0,0.0,0.0,0.0,0.0,0.0,0.0,0.0,0.0,0.0,0.0,3785.529999999944,-83.4881999999962,0.0,0.0,0.0,0.0,0.0,0.0,0.0,0.0,0.0,0.0,0.0,7388.629999999954,-42.01050000000342,0.0,0.0,0.0,0.0,0.0,0.0,0.0,0.0,0.0,999.0000000001128,999.0000000001128,1.0000000000000089,-26.105139759694605,gaze,0.390240029740258,0.3634410451313524,156.4161020936268,28.87414777198241,195.73082099031143,-33.97950312195362,-17.34587987970422,-30.582146684007533,-0.0913375969852228,0.0962982990278877,0.9643345889351984,4.697723905374718,24.39741249696928,-14.742374110688877,-24.48724396447305,0.3779810219045328,0.248525242835525,0.8365483688464554,4.538184973394416,19.608691111786715,-15.847682408083308,-25.9585058284718,0.2620644675895884,0.2324159171892664,0.8708512510686506,4.778580861273243,220.12854067252988,False,-0.6914656160669941,imu,-0.5555357281348859,-9.670875622429255,2.2892904264368696,0.0660394930451955,-1.5674931516874122,0.6729910114014236,98.316778,-39.14241720000003,133.9679312,388.8190710238073,-22.132611568276616,False,0.5853009076816557,-0.8108161613257533,413.1155682460076,-32.214144318119565,13.799262342060835,45.13194360502429,False,inf
59.307562,-9324.050180636314,-70.96396028832237,411.9178218689444,-33.024268870672714,14.237485533698322,11.372557874973287,45.63806044137623,-457482.2143750489,3.9282623418597336,11.383090409534292,344304294.51037586,12.012641337446702,14.237485533698322,-340299865385.5649,13.733711507529922,-0.352342739502855,76.5689261668809,32.73342905109996,-9842.396312368865,-18.62870230545822,75.54836664844912,45.63806044137623,-22868977003.77258,341.2602732984644,131.7493671871843,10.431982239309178,-230220.0648537951,131387943223.02776,3.0000000000002007,-0.8579830000000195,-2178469.297839357,-3.2398401371521914,388.8334123571081,-22.11997040672309,0.0,-2.5823716460618652e-20,0.0,2.551627131937924e-19,-101.47396011894624,0.2915780634398224,-101.47396011894624,0.0,-125.70629404111592,0.0,0.0,2810.819999999921,-14.617700000000198,0.0,0.0,0.0,0.0,0.0,0.0,0.0,0.0,0.0,0.0,0.0,3785.529999999944,-83.4881999999962,0.0,0.0,0.0,0.0,0.0,0.0,0.0,0.0,0.0,0.0,0.0,7388.629999999954,-42.01050000000339,0.0,0.0,0.0,0.0,0.0,0.0,0.0,0.0,0.0,999.0000000001136,999.0000000001136,1.0000000000000089,-26.24751747932528,gaze,0.3900822101608516,0.3630973188135788,159.87929000684213,16.60428406541305,196.33404791604497,-33.93921696491719,-17.356506883005164,-30.474568712087315,-0.0915297923227277,0.0970586309748695,0.9640129576237036,4.69275544992062,25.15167112352046,-14.869371078443558,-24.2987304596766,0.3772944744968446,0.2471612830289676,0.8372083306004294,4.533066676637215,19.928192300046906,-15.888076977567406,-25.764107086896704,0.2615533964731178,0.2323370843721769,0.8708588194509371,4.775081257750715,279.74235434712807,False,-0.6740059141591758,imu,-0.020935348,-9.672130776,2.3333940728,0.11973803,-3.38755024,0.8850872600000002,98.50065906206171,-39.35825770575008,135.00271652808934,388.8334123571081,-22.11997040672309,False,0.5785278847853167,-0.8156626058155586,413.25048208533326,-32.2336831715519,14.06502586774165,45.63806044137623,False,inf
59.316038,-9490.01058066577,-71.77925009928447,412.1451911765578,-33.07443353414331,14.377580087764002,11.531665164843524,46.45079597921527,-466231.16488811374,3.980362754552675,11.54234268869386,351294059.06729865,12.150170880475429,14.377580087764002,-347322988345.43445,13.833641382166398,-0.3571863062016095,77.02635386875605,33.060002204961364,-10017.31695987537,-18.86559556797847,75.99785514102217,46.45079597921527,-23340419559.353268,344.65495974633814,133.29287825031392,10.545480905425345,-234550.3198256553,134096404857.16638,3.000000000000199,-0.857983000000019,-2220051.2449492067,-3.276163641605583,388.8564467409924,-22.09965582630164,0.0,-2.6129253819699982e-20,0.0,2.5818171078320307e-19,-102.58718418907348,0.2948470904750879,-102.58718418907348,0.0,-127.08510128537728,0.0,0.0,2810.819999999918,-14.617700000000198,0.0,0.0,0.0,0.0,0.0,0.0,0.0,0.0,0.0,0.0,0.0,3785.5299999999406,-83.48819999999614,0.0,0.0,0.0,0.0,0.0,0.0,0.0,0.0,0.0,0.0,0.0,7388.629999999946,-42.01050000000342,0.0,0.0,0.0,0.0,0.0,0.0,0.0,0.0,0.0,999.0000000001146,999.0000000001146,1.000000000000008,-26.47571684164213,gaze,0.3898430990346938,0.3625648647702479,164.04035003420833,-0.735386395701678,200.61393786789668,-33.87588963290195,-17.373355686244345,-30.30165532306972,-0.0918311607581113,0.0982535639651302,0.963505391020008,4.684866070334829,26.37582914885106,-15.076636272882595,-24.01869762726461,0.3762106583290225,0.2450126283878973,0.8382499329356196,4.524902122612898,20.69971229817133,-15.953831749741504,-25.462648133759657,0.2607226910598442,0.2322010700974777,0.870876080460999,4.769490534510534,366.9659990871778,False,-0.6454255809602223,imu,0.050842988,-9.672130776,2.3369829896,0.25432241,-4.77077859,1.26640967,98.61059916684913,-39.3585184975904,135.05151128936978,388.8564467409924,-22.09965582630164,False,0.5675554338281896,-0.8233351866233433,413.46650331000745,-32.26502433849585,14.492915382099238,46.45079597921527,False,inf
59.32227,-9613.526983693588,-72.38310364950009,412.313348661984,-33.11147624119488,14.481251521332444,11.649626290364832,47.05302320746682,-472747.1642875373,4.019002816471071,11.660411333125165,356505346.1815304,12.251987637365785,14.481251521332444,-352560343102.3381,13.90745290525651,-0.3607780978267996,77.364086472112,33.301659820035105,-10147.499702404217,-19.04112738060716,76.32972688265737,47.05302320746682,-23691983004.32669,347.16692097449555,134.436580377093,10.629590526812937,-237775.33677431056,136116153946.63776,3.000000000000199,-0.8579830000000186,-2251027.219515012,-3.303067766152723,388.8735185449325,-22.084591214403275,0.0,-2.6355675884775102e-20,0.0,2.604189745679277e-19,-103.41151980846722,0.2972683961869749,-103.41151980846722,0.0,-128.1060798762631,0.0,0.0,2810.819999999914,-14.617700000000156,0.0,0.0,0.0,0.0,0.0,0.0,0.0,0.0,0.0,0.0,0.0,3785.529999999933,-83.48819999999608,0.0,0.0,0.0,0.0,0.0,0.0,0.0,0.0,0.0,0.0,0.0,7388.629999999932,-42.01050000000342,0.0,0.0,0.0,0.0,0.0,0.0,0.0,0.0,0.0,999.0000000001146,999.0000000001146,1.000000000000007,-26.644469869424952,gaze,0.1218780392496426,0.5496150682576165,166.6873229380196,-9.504387653715195,205.9231189436681,-33.830044024665874,-17.38566898443439,-30.173531303947204,-0.092048852974788,0.0991185838971769,0.9631363099164711,4.679090640262173,25.07237798055466,-16.28682179271988,-21.20196695072814,0.5289201353767873,0.0253318319197454,0.8482934567026854,4.47015905380249,21.64014745778256,-13.90052542428146,-24.95712692365068,0.360365055391608,0.1505606087262518,0.8971744196387067,5.393977801005046,390.0863132791527,False,-1.0,imu,-0.5575460399032339,-9.670220352870835,2.2911245970410694,0.2355202567253548,-5.416809060548285,1.8734555677839613,98.69508283762543,-39.35862922845028,135.08745877182548,388.8735185449325,-22.084591214403275,False,0.4907153950200557,-0.8713199189105634,413.62608038783554,-32.28822390081391,16.560320533435462,47.05302320746683,False,inf
59.324514,-9658.314504483573,-72.60145606342249,412.37410317379545,-33.12484754781529,14.51872003652588,11.69230504094184,47.27084239521536,-475110.841473341,4.032985663921532,11.703128989521872,358396881.0888203,12.288794824901938,14.51872003652588,-354461588690.24994,13.93410100733752,-0.3620777857577872,77.4859889317425,33.38899668109862,-10194.703975990147,-19.10461475000845,76.44951409145908,47.27084239521536,-23819605151.843822,348.07475436837376,134.8502417601282,10.66001389586121,-238945.2009753264,136849349201.23944,3.000000000000192,-0.8579830000000168,-2262265.15981826,-3.3127964066196425,388.8796939673282,-22.079140081160148,0.0,-2.643757520260433e-20,0.0,2.612282171550683e-19,-103.70955970154397,0.298143950135188,-103.70955970154397,0.0,-128.47521224915792,0.0,0.0,2810.8199999999124,-14.61770000000014,0.0,0.0,0.0,0.0,0.0,0.0,0.0,0.0,0.0,0.0,0.0,3785.5299999999297,-83.48819999999586,0.0,0.0,0.0,0.0,0.0,0.0,0.0,0.0,0.0,0.0,0.0,7388.629999999932,-42.0105000000033,0.0,0.0,0.0,0.0,0.0,0.0,0.0,0.0,0.0,999.0000000001128,999.0000000001128,1.000000000000005,-26.705435737802112,gaze,0.3896194407642396,0.3620516005835999,167.1701291826192,-11.548753773181708,208.11967436032043,-33.81368722498067,-17.390086732198366,-30.127213592279443,-0.0921264393243945,0.0994272234307773,0.963004276217019,4.677016447115361,27.604391800851875,-15.288734959558129,-23.765115007865425,0.3751400831389408,0.2428960074586854,0.8392784822442432,4.5167352797302325,21.70713902595929,-16.0211221944117,-25.17378938017565,0.2598725952674376,0.2320524501120113,0.8708996860569163,4.763887238951837,385.893178632764,False,-0.616041677796401,imu,0.1112564208,-9.6715326232,2.3262162392,0.35899915,-6.258683680000001,1.77483955,98.72625654789344,-39.35865241304059,135.10041446657385,388.8796939673282,-22.079140081160148,False,0.5563658295196696,-0.830937460789252,413.68369569384265,-32.29661060621198,14.925922747778891,47.27084239521536,False,inf
59.332991,-9829.006851736074,-73.43071706608566,412.6045936895685,-33.17551783923773,14.660927857347785,11.854507003022333,48.09834000688849,-484123.7660047263,4.086141088503149,11.865478838668809,365614984.81124383,12.428535510851562,14.660927857347785,-361717947587.0827,14.035104206069493,-0.3670180762767417,77.94789267651802,33.720464632844816,-10374.604606426155,-19.34580125885932,76.90340381848428,48.09834000688849,-24306686695.50285,351.520198629271,136.42173320373652,10.775601572690256,-243405.9569963436,139647654720.9579,3.0000000000002025,-0.8579830000000186,-2305123.30626722,-3.3497447111946648,388.9031579058496,-22.058419620510264,0.0,-2.674873583357844e-20,0.0,2.6430277797706536e-19,-104.84127520090313,0.3014692075139112,-104.84127520090313,0.0,-129.8768599913914,0.0,0.0,2810.819999999914,-14.61770000000017,0.0,0.0,0.0,0.0,0.0,0.0,0.0,0.0,0.0,0.0,0.0,3785.5299999999297,-83.48819999999591,0.0,0.0,0.0,0.0,0.0,0.0,0.0,0.0,0.0,0.0,0.0,7388.629999999932,-42.01050000000342,0.0,0.0,0.0,0.0,0.0,0.0,0.0,0.0,0.0,999.0000000001164,999.0000000001164,1.000000000000007,-26.93670983484435,gaze,0.389411344747366,0.3615576344788546,169.8294305784103,-13.355577892969464,216.4669197175133,-33.75263161511992,-17.406696784212226,-29.95147344349401,-0.0924157465686236,0.1005795085843687,0.962509683179485,4.669207528648385,28.811699314548704,-15.504440251423176,-23.53859676016456,0.3740828204272107,0.2408117060008746,0.8402938825647966,4.508569958405442,22.82435236735129,-16.089799205090344,-24.89966794098398,0.2590033050361231,0.231891328100418,0.8709295923306587,4.7582730138128735,319.8290977857648,False,-0.5859858086416717,imu,0.1638938672,-9.6577751088,2.3052808912,0.30666078,-7.92603461,2.1860696,98.847594342263,-39.35866085388605,135.1493989357867,388.9031579058496,-22.058419620510264,False,0.5449559261486955,-0.838464691299173,413.9020881855698,-32.32845406782123,15.364004225981816,48.0983400068885,False,inf
59.341467,-10002.072147153554,-74.2668782596032,412.8366169238593,-33.22643339145719,14.804175658457238,12.018243100584812,48.93313600052719,-493269.27364873886,4.139820221071662,12.029364260146108,372948044.2824517,12.569365777781796,14.804175658457238,-369091782940.0744,14.136629028868809,-0.3720063259079293,78.41196283086522,34.05434080918712,-10557.0024643765,-19.58911106840288,77.3594238866319,48.93313600052719,-24801645044.05265,354.99061363426705,138.00707146963657,10.892223357333732,-247932.25941199868,142491211386.14575,3.0000000000002096,-0.8579830000000204,-2348622.797380847,-3.387001747692548,388.92683411276016,-22.03749823516977,0.0,-2.7062680731290087e-20,0.0,2.6740484998169894e-19,-105.98211839088832,0.3048222499394782,-105.98211839088832,0.0,-131.2897811220983,0.0,0.0,2810.81999999992,-14.617700000000198,0.0,0.0,0.0,0.0,0.0,0.0,0.0,0.0,0.0,0.0,0.0,3785.529999999937,-83.48819999999597,0.0,0.0,0.0,0.0,0.0,0.0,0.0,0.0,0.0,0.0,0.0,7388.629999999946,-42.0105000000035,0.0,0.0,0.0,0.0,0.0,0.0,0.0,0.0,0.0,999.0000000001182,999.0000000001182,1.0000000000000089,-27.16949289368544,gaze,0.3892189864874006,0.3610832407993999,172.31121898567284,-6.218205528314845,221.85006921032385,-33.69276543284196,-17.42317684647325,-29.774730243940883,-0.0926990976588173,0.1017099196721023,0.9620218531609024,4.661442989152202,29.9723394646286,-15.722440563466163,-23.339016236765485,0.373039310104262,0.238760731019947,0.8412956848899488,4.500412782516097,23.95353387637576,-16.159688106922474,-24.642076089586507,0.2581153249179907,0.2317178658625944,0.8709657439125836,4.752651457317671,220.67453325636612,False,-0.5554041901243612,imu,0.2231109944,-9.6344471496,2.3154494888,0.35899915,-9.81769284,2.50009982,98.9745237758007,-39.358545216520746,135.1984202269887,388.92683411276016,-22.03749823516977,False,0.5333267196274311,-0.8459093391915257,414.1216324736612,-32.36055578072494,15.8069528152374,48.93313600052719,False,inf
59.34225,-10018.18127205446,-74.34447607189477,412.8581298827924,-33.2311496016255,14.817462189021104,12.03344752410432,49.01062783419316,-494120.91635130346,4.144805888706397,12.04458255168758,373631352.7704042,12.58243147324012,14.817462189021104,-369778987524.8225,14.14603472272284,-0.3724695929942826,78.45494521397397,34.08530771538439,-10573.980086917849,-19.61169667604069,77.40166074565512,49.01062783419316,-24847772244.1282,355.31249038603625,138.15423374354214,10.903049798763924,-248353.7515433937,142756214029.8147,3.0000000000002025,-0.8579830000000195,-2352674.08292126,-3.3904593599232813,388.9290321725473,-22.03555525005669,0.0,-2.709182546160147e-20,0.0,2.676928274344813e-19,-106.08797693875248,0.3051334266043871,-106.08797693875248,0.0,-131.42088412488943,0.0,0.0,2810.8199999999088,-14.61770000000017,0.0,0.0,0.0,0.0,0.0,0.0,0.0,0.0,0.0,0.0,0.0,3785.5299999999297,-83.48819999999591,0.0,0.0,0.0,0.0,0.0,0.0,0.0,0.0,0.0,0.0,0.0,7388.629999999939,-42.01050000000348,0.0,0.0,0.0,0.0,0.0,0.0,0.0,0.0,0.0,999.0000000001172,999.0000000001172,1.000000000000007,-27.191074841139724,gaze,0.3892020137736683,0.3610404069312872,172.53540732312229,-5.167015167247035,222.04370093274176,-33.68729570458364,-17.424692614427354,-29.75836033406831,-0.0927249773161959,0.1018132407584635,0.9619771307292648,4.6607279688784,30.076368058666464,-15.742651770941317,-23.32191040631978,0.3729436063329821,0.2385729518277065,0.8413875426276823,4.49965976059934,23.25249487528309,-15.059925428349374,-23.07853032630421,0.4741626625923976,0.1543201590840462,0.8553762462364765,4.985399484634399,212.0854267794288,False,-1.0,imu,-0.5595229875524298,-9.66949444820379,2.2932265343885936,0.433834886090746,-10.8583329272201,3.070020055609933,98.98652980909692,-39.35852832297023,135.20294973099018,388.9290321725473,-22.03555525005669,False,0.532241241666196,-0.8465927360127924,414.1419731688946,-32.36353481571508,15.848116033097652,49.010627834193166,False,inf
59.349933,-10177.346882484268,-75.10907903340511,413.06993206751554,-33.277540590455544,14.948314946734804,12.183346791156657,49.77437205608104,-502538.8624910712,4.19396877496478,12.194618559515,380389432.706444,12.71113975067213,14.948314946734804,-376576473115.59454,14.238568516189911,-0.3770374578244008,78.8777090089441,34.39027889985948,-10741.725154774083,-19.83429453655904,77.81709247632298,49.77437205608104,-25304035535.402267,358.48239920088844,139.6046357291778,11.009760083626336,-252519.9011853532,145377464563.06628,3.0000000000002114,-0.8579830000000213,-2392723.449377756,-3.424529259542238,388.95069812228985,-22.016397437070225,0.0,-2.737908952165497e-20,0.0,2.7053126757051213e-19,-107.13091468086016,0.3081996344129949,-107.13091468086016,0.0,-132.7125205268297,0.0,0.0,2810.819999999918,-14.617700000000198,0.0,0.0,0.0,0.0,0.0,0.0,0.0,0.0,0.0,0.0,0.0,3785.529999999937,-83.48819999999591,0.0,0.0,0.0,0.0,0.0,0.0,0.0,0.0,0.0,0.0,0.0,7388.629999999946,-42.01050000000362,0.0,0.0,0.0,0.0,0.0,0.0,0.0,0.0,0.0,999.000000000121,999.000000000121,1.0000000000000098,-27.40354308953842,gaze,0.3890426592256112,0.3606290352580069,174.68241226681937,7.837124416632757,219.91584935087096,-33.63417731705153,-17.439504714713223,-29.597429727251225,-0.0929762851507135,0.1028170788116144,0.9615414120539196,4.653732781303489,31.06182952383832,-15.941241930324216,-23.16562550146616,0.3720108187865249,0.236745695656079,0.8422826482203223,4.492277010760108,25.03261132062839,-16.230553563940944,-24.40256010224002,0.2572099329635761,0.231532395486396,0.8710080415548208,4.747030790821103,148.59775149324798,False,-0.5244724740945143,imu,0.2954874832,-9.6290637744,2.3100661136,0.43376825,-12.07571966,2.72440712,99.10683047152922,-39.35830725062965,135.24739338785605,388.95069812228985,-22.016397437070225,False,0.5214893913027976,-0.8532577657183307,414.3420964618954,-32.39288995112272,16.25417705070472,49.77437205608104,False,inf
59.358399,-10355.058874867096,-75.95834271309184,413.3048205549508,-33.32890029740811,15.09351978094248,12.350020700814756,50.623071267750575,-511944.7210534513,4.248653521611879,12.361444547609004,387949127.13085735,12.854028752073146,15.09351978094248,-384182095678.411,14.341044013355631,-0.3821176435592797,79.34568410214214,34.72868436318769,-10929.012704540368,-20.08165037625501,78.2769529501928,50.623071267750575,-25814534403.78301,361.9997691829726,141.2163781451642,11.128355444882654,-257174.91532847,148310299212.51764,3.0000000000002096,-0.8579830000000195,-2437483.507396322,-3.4623729356670405,388.97477883467104,-21.995091562936352,0.0,-2.769834945228383e-20,0.0,2.7368585711550345e-19,-108.28905950900796,0.3116054728252379,-108.28905950900796,0.0,-134.14680599771648,0.0,0.0,2810.8199999999106,-14.61770000000017,0.0,0.0,0.0,0.0,0.0,0.0,0.0,0.0,0.0,0.0,0.0,3785.529999999933,-83.48819999999586,0.0,0.0,0.0,0.0,0.0,0.0,0.0,0.0,0.0,0.0,0.0,7388.629999999939,-42.01050000000353,0.0,0.0,0.0,0.0,0.0,0.0,0.0,0.0,0.0,999.00000000012,999.00000000012,1.000000000000008,-27.63914251147472,gaze,0.3888822396353756,0.360194588968919,176.86560693327135,25.753978930385536,206.797110772208,-33.57682247426735,-17.455695071366097,-29.419621941487147,-0.0932477272727003,0.1039021203757547,0.9610678978121114,4.646069473841244,32.06104716812544,-16.15985212341582,-23.016629778527545,0.3709962872251955,0.2347646453571749,0.843255764707013,4.484157543554143,26.03270345146497,-16.302318720854405,-24.181723693543752,0.2562863905278492,0.231334843587488,0.8710564751161681,4.741406588122584,116.13325140384572,False,-0.4932995566988158,imu,0.4133235848,-9.635643455200002,2.2891307656,0.51601426,-14.52066923,3.05339116,99.24458356127516,-39.35794826634962,135.29634351284943,388.97477883467104,-21.995091562936352,False,0.50942885910355,-0.8605127759147191,414.5637418942084,-32.425503340604486,16.706076863263938,50.623071267750575,False,inf
59.362342,-10438.666389319746,-76.35630563074646,413.4147582290934,-33.35290729438293,15.16151355780294,12.428187181613035,51.0209083583437,-516372.3861737251,4.27430676412071,12.43968236252216,391510794.925004,12.9209608708681,15.16151355780294,-387766066031.31714,14.388954983916552,-0.3845005486872576,79.56440399649809,34.88714097868348,-11017.123904211248,-20.197600342343733,78.49188084381665,51.0209083583437,-26055091913.96573,363.6467384470269,141.9719044704985,11.183953919210412,-259366.1694329842,149692310392.64685,3.0000000000002114,-0.8579830000000195,-2458557.435019526,-3.4801069081302467,388.9860685893266,-21.985098143006567,0.0,-2.7848021675720194e-20,0.0,2.7516475999607403e-19,-108.83166647834314,0.3132014870035377,-108.83166647834314,0.0,-134.81877782772406,0.0,0.0,2810.8199999999124,-14.617700000000198,0.0,0.0,0.0,0.0,0.0,0.0,0.0,0.0,0.0,0.0,0.0,3785.5299999999297,-83.48819999999591,0.0,0.0,0.0,0.0,0.0,0.0,0.0,0.0,0.0,0.0,0.0,7388.629999999946,-42.01050000000356,0.0,0.0,0.0,0.0,0.0,0.0,0.0,0.0,0.0,999.000000000121,999.000000000121,1.0000000000000089,-27.749402995838864,gaze,0.083678511184876,0.3661983343553369,177.6765992445302,34.49072515384253,196.1200765757533,-33.550537930456606,-17.46318738690739,-29.33670850284159,-0.0933722113477117,0.1043998662644366,0.9608497572814274,4.642516816784268,33.57605863445329,-18.89010731681168,-23.13347439051093,0.5382036300634978,0.1993730050552528,0.8188939231925659,5.481639862060547,26.69368279500649,-16.336652724503477,-23.09684501437312,0.495509651749431,0.1693377744077817,0.8432154718885062,5.150812943776448,108.9929239449798,False,-1.0,imu,-0.5614816408267282,-9.668693628744348,2.2956091438552426,0.6574300002431942,-17.712037692964383,4.184148066791791,99.31057661831632,-39.35774014667973,135.31912477976658,388.9860685893266,-21.985098143006567,False,0.4217641296681713,-0.9067055855818084,414.6673764732092,-32.4407907807136,18.87554919794212,51.02090835834371,False,inf
59.366865,-10535.233345597197,-76.81471040032952,413.5412910323121,-33.38051345379628,15.239795859264929,12.518275239946696,51.479276352264336,-521488.3377319276,4.303878231413776,12.529852644295406,395628532.5852553,12.998038623471556,15.239795859264929,-391910110179.2677,14.444057404863871,-0.3872471993951711,79.81589480523424,35.06957023883148,-11118.891616775998,-20.33119156095222,78.739011950332,51.479276352264336,-26333239403.634384,365.5428584706813,142.84238914833296,11.24801618916628,-261898.03911514208,151290276903.15344,3.000000000000213,-0.8579830000000204,-2482910.3323955582,-3.50053470148376,388.9990773467002,-21.973579509344265,0.0,-2.802047912182191e-20,0.0,2.768688023888264e-19,-109.45660802383748,0.315039938458076,-109.45660802383748,0.0,-135.59270537217148,0.0,0.0,2810.8199999999124,-14.617700000000198,0.0,0.0,0.0,0.0,0.0,0.0,0.0,0.0,0.0,0.0,0.0,3785.5299999999297,-83.48819999999586,0.0,0.0,0.0,0.0,0.0,0.0,0.0,0.0,0.0,0.0,0.0,7388.629999999946,-42.01050000000362,0.0,0.0,0.0,0.0,0.0,0.0,0.0,0.0,0.0,999.0000000001228,999.0000000001228,1.0000000000000089,-27.876299548605022,gaze,0.388737834176925,0.3597800369099801,178.70528735016157,44.28943952200754,180.11774603309726,-33.52072664326052,-17.471743188730954,-29.241566790529937,-0.0935135031664565,0.1049648396013519,0.960601424622766,4.63845478749723,32.95330391555191,-16.37703866833336,-22.88993803959013,0.369995890507562,0.2328180507601258,0.8442148419967574,4.476058835521776,26.94800937615852,-16.374825395908026,-23.980132556377125,0.2553449953776636,0.2311253344987742,0.8711109949952339,4.735781019575252,102.74154494931167,False,-0.4620322875633438,imu,0.5245800056000001,-9.627269316,2.2891307656,0.67302937,-17.42171031,3.26274464,99.38769692084028,-39.35746962770953,135.3452379548151,388.9990773467002,-21.973579509344265,False,0.4971437381535315,-0.8676681990339007,414.7865723102922,-32.45840525043172,17.16252384984304,51.47927635226433,False,inf
59.375331,-10717.895688631985,-77.67822334652605,413.7793521782203,-33.43238100346301,15.387148899631724,12.688120862304876,52.343030177085794,-531171.2116928101,4.359646691531621,12.699853312843349,403429065.1793393,13.143175224310175,15.387148899631724,-399761987865.47406,14.547610578842251,-0.3924264428510274,80.28834781734767,35.41294961112812,-11311.388575758432,-20.58293111179345,79.20327612356533,52.343030177085794,-26860249071.931057,369.11180241524505,144.48275953798264,11.368749091312957,-266690.01516903075,154317963698.92297,3.0000000000002185,-0.8579830000000204,-2529011.33986804,-3.539016489995885,389.0235947580534,-21.951860169664897,0.0,-2.834549720719736e-20,0.0,2.8008028793614304e-19,-110.6336155862169,0.3185032052761564,-110.6336155862169,0.0,-137.05028674764367,0.0,0.0,2810.8199999999124,-14.617700000000198,0.0,0.0,0.0,0.0,0.0,0.0,0.0,0.0,0.0,0.0,0.0,3785.5299999999297,-83.48819999999586,0.0,0.0,0.0,0.0,0.0,0.0,0.0,0.0,0.0,0.0,0.0,7388.629999999939,-42.01050000000368,0.0,0.0,0.0,0.0,0.0,0.0,0.0,0.0,0.0,999.0000000001246,999.0000000001246,1.0000000000000089,-28.115022621258284,gaze,0.38860954292276,0.3593855067622516,180.03966579016446,60.82398389803275,139.91946539693933,-33.46591475676242,-17.487644447885508,-29.06352564646479,-0.0937736906680321,0.1060050390491978,0.9601421034120674,4.630890408628268,33.726688194507744,-16.591592872737603,-22.783001049196496,0.3690097988835789,0.2309063684504489,0.8451596931081055,4.467985266898007,27.79105998946636,-16.4479163841097,-23.79803349208403,0.2543860450497455,0.230903992868139,0.8711715511169035,4.730156224184064,96.26308844296976,False,-0.4308190901065585,imu,0.6119103144000001,-9.6374379136,2.2945141408,0.93472122,-20.78631981,3.31508301,99.53607556353973,-39.35687268907383,135.39404416817982,389.0235947580534,-21.951860169664897,False,0.4846327568880804,-0.8747177207254114,415.0105913780762,-32.4916052423286,17.623380740502817,52.343030177085794,False,inf
59.382323,-10870.649015865856,-78.3968084964706,413.977170468482,-33.4754104706482,15.509662665753714,12.82960209170273,53.06211963789502,-539274.2892549336,4.406118091533968,12.841463722825589,409963803.632532,13.263896074825588,15.509662665753714,-406341234354.3516,14.633542632869672,-0.3967416281129754,80.68023833676611,35.69843322607013,-11472.363304736084,-20.79250757978427,79.58837551090755,53.06211963789502,-27301834229.55852,372.0789546776356,145.84841963455042,11.4692746366082,-270700.1142277401,156854882912.97742,3.0000000000002167,-0.8579830000000195,-2567599.41785262,-3.571040957088724,389.0440093189968,-21.93376526434369,0.0,-2.8616118147637126e-20,0.0,2.8275427833157767e-19,-111.61286801742531,0.3213853289079672,-111.61286801742531,0.0,-138.26294796426745,0.0,0.0,2810.819999999905,-14.617700000000184,0.0,0.0,0.0,0.0,0.0,0.0,0.0,0.0,0.0,0.0,0.0,3785.5299999999215,-83.48819999999569,0.0,0.0,0.0,0.0,0.0,0.0,0.0,0.0,0.0,0.0,0.0,7388.629999999925,-42.01050000000359,0.0,0.0,0.0,0.0,0.0,0.0,0.0,0.0,0.0,999.0000000001236,999.0000000001236,1.000000000000008,-28.31336883392107,gaze,0.3885158050194261,0.3590748497235902,180.6642792751213,71.76986637854483,98.3385730030408,-33.42163131275075,-17.500663230087735,-28.916679844862404,-0.0939844181771785,0.1068470161692479,0.959768222925256,4.624682156187943,34.270726976360145,-16.765969572570874,-22.707514331941766,0.3682062975070465,0.2293541641751089,0.8459291822610286,4.461339388460986,29.324218307503976,-17.58846455476578,-22.167720670619538,0.5335618827201425,0.1123524184874991,0.8335936899476255,4.975899457931519,99.38938432894795,False,-1.0,imu,-0.5633999059672058,-9.6678285638708,2.2982409583787504,0.8983086962252143,-25.45235184026086,5.109862078685903,99.66251673502846,-39.35629144017923,135.4342632671247,389.0440093189968,-21.93376526434369,False,0.4741289204408088,-0.8804554314680747,415.1965058243937,-32.519256565764856,18.007220031548115,53.06211963789503,False,inf
59.383797,-10903.071471177069,-78.5489229530879,414.01901270383496,-33.48450389261632,15.53558463975024,12.859568065091738,53.21437576066339,-540994.8529113233,4.415962705922075,12.87145706000917,411352152.1464389,13.289444432010692,15.53558463975024,-407739211727.5584,14.65170542704969,-0.397655692684386,80.7630498419316,35.75883560916618,-11506.53044755586,-20.836882097684537,79.66975212142255,53.21437576066339,-27395662731.30084,372.7067368297226,146.13758048268795,11.490560952980257,-271551.59148296446,157393930176.97858,3.000000000000215,-0.8579830000000204,-2575794.000040862,-3.5778202418080327,389.0483321712993,-21.92993243406059,0.0,-2.867342246378009e-20,0.0,2.8332049907819463e-19,-111.82013776977546,0.3219954479282033,-111.82013776977546,0.0,-138.51961848210397,0.0,0.0,2810.8199999999088,-14.617700000000198,0.0,0.0,0.0,0.0,0.0,0.0,0.0,0.0,0.0,0.0,0.0,3785.529999999926,-83.48819999999569,0.0,0.0,0.0,0.0,0.0,0.0,0.0,0.0,0.0,0.0,0.0,7388.629999999939,-42.01050000000368,0.0,0.0,0.0,0.0,0.0,0.0,0.0,0.0,0.0,999.0000000001256,999.0000000001256,1.0000000000000089,-28.3553201810388,gaze,0.3884974596096486,0.3590111189675904,180.7341914948932,73.7061093537848,88.8510503243593,-33.41241093540637,-17.503394337973575,-28.885760930940883,-0.0940283663179955,0.1070225285514659,0.9596900418673708,4.623377989426944,34.37427204982493,-16.80233777602032,-22.69290062021092,0.3680381777937751,0.2290300410558969,0.8460901363978056,4.459941143932243,28.586628960250923,-16.521435992942646,-23.635387464779583,0.2534098368361476,0.2306709436499324,0.871238092939182,4.724534309760628,101.4670996121683,False,-0.3998093779650696,imu,0.6938572480000001,-9.672728928800002,2.2873363072,1.18893616,-24.46495953,3.37489829,99.68961557234556,-39.35615879518654,135.4427297353661,389.0483321712993,-21.92993243406059,False,0.4718947631600031,-0.8816548828777416,415.2358029021765,-32.52511314155607,18.0885011494948,53.21437576066339,False,inf
59.392264,-11090.808758078034,-79.42695490069897,414.2603099467888,-33.53688927201193,15.68512656338767,13.032647926372809,54.0934605501341,-550961.9678463638,4.47283684524154,13.044694992207967,419400189.7852227,13.436869621208333,15.68512656338767,-415844241345.6647,14.756356236901926,-0.402935895499996,81.24006405826032,36.10728270975012,-11704.367805215632,-21.093088026628955,80.13850209338874,54.0934605501341,-27939645246.73637,376.3282272564593,147.8071415679865,11.61347318371534,-276484.10818093934,160519123456.5304,3.0000000000002203,-0.8579830000000204,-2623271.486433951,-3.616952546091506,389.07329365308897,-21.90779256222156,0.0,-2.900431297911474e-20,0.0,2.8659000977474283e-19,-113.01637221071064,0.3255172594225419,-113.01637221071064,0.0,-140.00094484819766,0.0,0.0,2810.8199999999088,-14.617700000000198,0.0,0.0,0.0,0.0,0.0,0.0,0.0,0.0,0.0,0.0,0.0,3785.5299999999297,-83.48819999999563,0.0,0.0,0.0,0.0,0.0,0.0,0.0,0.0,0.0,0.0,0.0,7388.629999999932,-42.0105000000037,0.0,0.0,0.0,0.0,0.0,0.0,0.0,0.0,0.0,999.0000000001246,999.0000000001246,1.0000000000000089,-28.59722937553746,gaze,0.3884016613419724,0.3586569461569759,180.68182288851253,82.16390001836349,31.66644703308637,-33.3602323986153,-17.51899028809135,-28.708514805000817,-0.0942776344933865,0.1080172412812292,0.9592452923710147,4.615918270324779,34.89368151060201,-17.008160072166437,-22.61643051111874,0.367081075728355,0.2271892820659822,0.8470061028398268,4.4519297552550245,29.36573601297079,-16.59523930492526,-23.49188682090984,0.2524165494668924,0.2304262825214978,0.8713105783694544,4.718916689979409,117.15339809429108,False,-0.3691493770653796,imu,0.7441020832,-9.7086180968,2.2825510848,1.24127453,-28.34547582,3.50948267,99.84822305790924,-39.35532917645667,135.49126811556516,389.07329365308897,-21.90779256222156,False,0.4589271854522483,-0.8884738816942667,415.4622376466535,-32.558943054524455,18.55778498651396,54.0934605501341,False,inf
59.40073,-11281.089121714376,-80.31215349470659,414.5031956872597,-33.58952571867874,15.835745125005072,13.207330148157013,54.98012022130759,-561071.7340153456,4.530259513215854,13.21953678373986,427572726.8138384,13.585421882459718,15.835745125005072,-424076668987.316,14.861540187923724,-0.4082661253281578,81.719284502916,36.45822182590435,-11904.881151529706,-21.351501545904,80.60942197700015,54.98012022130759,-28492169036.766243,379.9755550115,149.4911403432655,11.73746360640478,-281487.1590115529,163693385046.6855,3.0000000000002203,-0.8579830000000204,-2671440.1653838307,-3.656406115402655,389.0984744157033,-21.88544466745725,0.0,-2.9338109507767004e-20,0.0,2.8988823462493884e-19,-114.22209235097554,0.3290679839061548,-114.22209235097554,0.0,-141.4939848273808,0.0,0.0,2810.8199999999088,-14.617700000000184,0.0,0.0,0.0,0.0,0.0,0.0,0.0,0.0,0.0,0.0,0.0,3785.529999999926,-83.48819999999557,0.0,0.0,0.0,0.0,0.0,0.0,0.0,0.0,0.0,0.0,0.0,7388.629999999932,-42.01050000000376,0.0,0.0,0.0,0.0,0.0,0.0,0.0,0.0,0.0,999.0000000001264,999.0000000001264,1.0000000000000089,-28.84070157827065,gaze,0.3883222519772736,0.3583231781361869,179.79914028827062,86.15588579770693,-25.331524664865384,-33.30941395196689,-17.53442431702317,-28.532092426924365,-0.0945215103015324,0.10898876647656,0.9588080612640903,4.608514598040859,35.28629325977216,-17.20792139137761,-22.55022011969058,0.3661388746859744,0.2253849413215985,0.847907204988451,4.443957153138117,30.15919209356444,-16.669157811768493,-23.36705384753877,0.2514067143558007,0.2301701928286352,0.8713889388255397,4.713306737873926,126.6127410130662,False,-0.3389959876874974,imu,0.7213722768,-9.7510869456,2.2795603208,1.17398234,-32.56992997,3.74126688,100.011738561546,-39.35438535461496,135.53961575798297,389.0984744157033,-21.88544466745725,False,0.4457321923951001,-0.8951663603278763,415.6898462299659,-32.59309735221425,19.030956016516672,54.98012022130759,False,inf
59.402415,-11319.26924551188,-80.4892069503442,414.5517312835482,-33.600032803137736,15.865854024729956,13.242291952955668,55.15751334249012,-563101.1908173561,4.541755014595029,13.254530529837776,429214414.1533408,13.615125522998362,15.865854024729956,-425730628125.6126,14.882540352077084,-0.4093330801260476,81.81493497485062,36.52837314196903,-11945.11407688322,-21.40320212036963,80.70341592244009,55.15751334249012,-28603174284.129944,380.70463365094326,149.82806324180413,11.76227257478038,-282491.47538943565,164331112504.87518,3.0000000000002203,-0.8579830000000204,-2681111.0518294764,-3.6642976702460497,389.1035127911232,-21.88097150403574,0.0,-2.940489855962848e-20,0.0,2.9054817351464625e-19,-114.46322210292846,0.3297782044800467,-114.46322210292846,0.0,-141.79257122670504,0.0,0.0,2810.819999999905,-14.617700000000184,0.0,0.0,0.0,0.0,0.0,0.0,0.0,0.0,0.0,0.0,0.0,3785.5299999999215,-83.48819999999552,0.0,0.0,0.0,0.0,0.0,0.0,0.0,0.0,0.0,0.0,0.0,7388.629999999939,-42.01050000000376,0.0,0.0,0.0,0.0,0.0,0.0,0.0,0.0,0.0,999.0000000001272,999.0000000001272,1.0000000000000089,-28.88935084332196,gaze,0.3883084077889214,0.3582591862168069,179.51850419245838,86.45695947810934,-36.03184629594709,-33.29946293694788,-17.537476705371688,-28.497097636480188,-0.0945694157523466,0.1091793630252179,0.9587219379649526,4.607047753009382,35.34968586510578,-17.24686839148703,-22.537960782879992,0.3659531248152387,0.225030175481169,0.8480847774003718,4.442375228490246,29.324218307503976,-17.58846455476578,-22.167720670619538,0.5335618827201425,0.1123524184874991,0.8335936899476255,4.975899457931519,126.52605217116124,False,-1.0,imu,-0.5652987065443784,-9.66689145130096,2.3011460482107045,1.153381915518633,-33.522159393540605,5.761920430556625,100.04485981379491,-39.35418398181925,135.5492135919162,389.1035127911232,-21.88097150403574,False,0.4430785886946509,-0.8964827740901419,415.7352911077696,-32.599935236652826,19.12558718134372,55.15751334249012,False,inf
59.403838,-11351.592855008055,-80.63895626743799,414.592770308278,-33.60891411668831,15.891315276485107,13.271868015648256,55.30756216851431,-564819.5820497572,4.551480356354303,13.28413361446072,430604760.0477803,13.640246082329051,15.891315276485107,-427131429430.40375,14.900292108020436,-0.410235709001888,81.89578284129405,36.58769529508721,-11979.175484515858,-21.446933317716912,80.78286368266308,55.30756216851431,-28697188590.85562,381.3211634779543,150.1130530189311,11.783257970186414,-283341.85307919234,164871226607.97803,3.000000000000222,-0.8579830000000213,-2689299.993173897,-3.670972296330147,389.107774648307,-21.877187331553785,0.0,-2.946139416422589e-20,0.0,2.9110640342701853e-19,-114.6671577498136,0.3303789044490015,-114.6671577498136,0.0,-142.0450998561085,0.0,0.0,2810.819999999905,-14.617700000000198,0.0,0.0,0.0,0.0,0.0,0.0,0.0,0.0,0.0,0.0,0.0,3785.529999999926,-83.48819999999563,0.0,0.0,0.0,0.0,0.0,0.0,0.0,0.0,0.0,0.0,0.0,7388.629999999939,-42.01050000000379,0.0,0.0,0.0,0.0,0.0,0.0,0.0,0.0,0.0,999.0000000001272,999.0000000001272,1.0000000000000089,-28.9304850686938,gaze,0.3882972242444983,0.3582057762270776,179.2535656856969,86.59420075525068,-44.79641323619094,-33.291101765035364,-17.540049386772363,-28.46757858850388,-0.0946097096154248,0.1093396058692174,0.9586494398711106,4.605810745934684,35.39949308417773,-17.27953542315373,-22.527795771471943,0.3657967188892086,0.2247317035936879,0.8482342778239398,4.441040593937067,30.459366900972725,-16.69629613252737,-23.32577263813036,0.2510318651683669,0.2300733282150695,0.8714191722692436,4.711249394938855,125.73388952045136,False,-0.3280819428829267,imu,-0.5654320313501223,-9.666822571778765,2.3013614969121408,1.1717821705325675,-34.08524755335789,5.795168704276409,98.5365076,-38.51985000000002,134.5538768,389.107774648307,-21.877187331553785,False,0.4408305019119508,-0.8975903679207221,415.7737069752945,-32.60572042228232,19.20561938116495,55.30756216851431,False,inf
59.409196,-11473.96067492747,-81.20466386085648,414.7477071377916,-33.642420357788694,15.987463719185978,13.38364570479746,55.87450162018733,-571326.862792939,4.588241248916878,13.396013437203456,435872167.2657722,13.735124491648182,15.987463719185978,-432438962882.76587,14.967271510485444,-0.4136473252987339,82.20077409683086,36.81170722589929,-12108.121109006108,-21.61216599591848,81.08257366857639,55.87450162018733,-29053399542.937737,383.6492834706204,151.1898654131356,11.862553555835916,-286562.08657950326,166917665378.35883,3.000000000000224,-0.8579830000000204,-2720313.2390396395,-3.696187515813184,389.12387850540085,-21.862885027835404,0.0,-2.967486994824106e-20,0.0,2.932157457206469e-19,-115.4374951205746,0.3326482123084581,-115.4374951205746,0.0,-142.99898181571442,0.0,0.0,2810.819999999901,-14.617700000000184,0.0,0.0,0.0,0.0,0.0,0.0,0.0,0.0,0.0,0.0,0.0,3785.529999999919,-83.48819999999546,0.0,0.0,0.0,0.0,0.0,0.0,0.0,0.0,0.0,0.0,0.0,7388.629999999925,-42.01050000000373,0.0,0.0,0.0,0.0,0.0,0.0,0.0,0.0,0.0,999.0000000001264,999.0000000001264,1.000000000000007,-29.085773812192265,gaze,0.3882592942780019,0.3580098709458527,178.02230866667614,86.23112521665313,-74.91739846769518,-33.25997100169142,-17.54969408510323,-28.356735884357352,-0.0947600962168709,0.1099370543058711,0.9583783936863718,4.60116763930484,35.557028684795824,-17.400612296118265,-22.49077015774422,0.3652116119394235,0.22361720061159,0.8487933860594864,4.436026476021999,30.992056402682863,-16.743052276404207,-23.26017223098848,0.2503805116566397,0.2299027721797648,0.8714731306172563,4.7077058047954425,120.04501597721736,False,-0.3094944476176793,imu,0.6454068712000001,-9.8013317808,2.2771677096,0.93472122,-36.77195339,4.032866370000001,100.18004940356612,-39.35332855462752,135.58774652986523,389.12387850540085,-21.862885027835404,False,0.4323075102330754,-0.9017262426014224,415.91865959280113,-32.627590643941474,19.507894187978305,55.87450162018734,False,inf
59.417662,-11669.449683803532,-82.10452800317434,414.9938531403068,-33.69557414504004,16.14028816308709,13.561605268162564,56.77664837172364,-581728.9077799916,4.646785923839654,13.574135634170265,444299983.3054668,13.885983398347172,16.14028816308709,-440932653463.7252,15.073552110892203,-0.4190798191463367,82.68453956045511,37.167752218587744,-12314.115277045606,-21.875094637464493,81.55796383819813,56.77664837172364,-29623439261.788506,387.3495503020063,152.90340943054028,11.98874994145877,-291709.6605481203,170192553261.30664,3.0000000000002256,-0.8579830000000204,-2769898.39858478,-3.736298718479212,389.149507036328,-21.840112520648177,0.0,-3.001461337128704e-20,0.0,2.965727314988611e-19,-116.66263694824607,0.3362581220277151,-116.66263694824607,0.0,-144.5160052182125,0.0,0.0,2810.819999999901,-14.617700000000184,0.0,0.0,0.0,0.0,0.0,0.0,0.0,0.0,0.0,0.0,0.0,3785.5299999999215,-83.4881999999954,0.0,0.0,0.0,0.0,0.0,0.0,0.0,0.0,0.0,0.0,0.0,7388.629999999917,-42.01050000000379,0.0,0.0,0.0,0.0,0.0,0.0,0.0,0.0,0.0,999.0000000001291,999.0000000001291,1.000000000000008,-29.33245465459468,gaze,0.3882128571572406,0.357717116645949,175.30298638728928,83.37872351955231,-109.50054240585386,-33.211924359343136,-17.56479550662749,-28.182707610700525,-0.0949934636993707,0.110861943161937,0.9579563845922434,4.593878911755177,35.7135195613136,-17.58526225731357,-22.43457918948606,0.36429943397002,0.2218864476670482,0.8496644854269838,4.428141738234906,31.87718178138152,-16.816778413808848,-23.170390113324995,0.2493382375372306,0.2296241466699738,0.8715631014034801,4.702115875326876,115.89512764288722,False,-0.2807922954281123,imu,0.5562821040000001,-9.8001354752,2.2436711528,0.5459219,-40.64499277,4.578680800000001,100.35301526592554,-39.35216008319678,135.63562878979974,389.149507036328,-21.840112520648177,False,0.4186525286487436,-0.908146497133592,416.1486821767159,-32.66243383672441,19.988414144415067,56.776648371723645,False,inf
59.422395,-11779.890243620624,-82.61082631082608,415.1321791092855,-33.725403582845985,16.22621026394028,13.661815746600952,57.28440276384657,-587608.880472362,4.679762672136754,13.674437707865811,449068133.7841946,13.970828680380048,16.22621026394028,-445738970225.0088,15.133209405992371,-0.4221393827269015,82.9559877009154,37.36792309246568,-12430.488945547184,-22.023079151824504,81.82471337470793,57.28440276384657,-29946002991.32493,389.4298374755552,153.86787567278327,12.059786030218495,-294619.4095656584,172045686697.52307,3.0000000000002256,-0.8579830000000204,-2797932.6737579927,-3.758867742544304,389.1639331443773,-21.82728814112604,0.0,-3.0205857361594476e-20,0.0,2.9846240267964746e-19,-117.35182982164454,0.3382892787263222,-117.35182982164454,0.0,-145.3693790155909,0.0,0.0,2810.819999999901,-14.617700000000184,0.0,0.0,0.0,0.0,0.0,0.0,0.0,0.0,0.0,0.0,0.0,3785.529999999919,-83.4881999999954,0.0,0.0,0.0,0.0,0.0,0.0,0.0,0.0,0.0,0.0,0.0,7388.629999999917,-42.010500000003816,0.0,0.0,0.0,0.0,0.0,0.0,0.0,0.0,0.0,999.0000000001291,999.0000000001291,1.000000000000008,-29.4710682259632,gaze,0.3881941193693011,0.3575624384447736,173.35793784302294,80.97785129920658,-119.53218938978442,-33.18567938911151,-17.573163253510188,-28.08609149538413,-0.0951216820104411,0.11136875619266,0.9577238281461138,4.589830008013681,35.754802497911186,-17.68465096646063,-22.40330668202949,0.3637960988776365,0.2209351124092274,0.8501448513725606,4.423755187593424,33.57605863445329,-18.89010731681168,-23.13347439051093,0.5382036300634978,0.1993730050552528,0.8188939231925659,5.481639862060547,126.52605217116124,False,-1.0,imu,-0.567156550764884,-9.665894501292067,2.3042869315302115,1.4139747885657028,-41.09435028232657,6.0501055216225375,100.45168696916056,-39.35145865364551,135.66227785508394,389.1639331443773,-21.82728814112604,False,0.4109180357145367,-0.9116722919583036,416.27780724382,-32.682069898273696,20.258542146350653,57.28440276384658,False,inf
59.426128,-11867.582590609743,-83.01178807698392,415.241642569566,-33.74898803851073,16.294224293810135,13.74121955400032,57.68660425311968,-592279.4335798919,4.705897426451652,13.753914100128853,452857658.4385935,14.03800457022544,16.294224293810135,-449559283138.54095,15.180383899090248,-0.4245639318554353,83.17058761841534,37.52637015794912,-12522.891439912804,-22.140300779510284,82.03559916051398,57.68660425311968,-30202391491.10861,391.07649363953504,154.6318654213019,12.116059699795654,-296930.6560464777,173518642108.1001,3.000000000000231,-0.8579830000000213,-2820203.3909428027,-3.77674170223086,389.1753611255331,-21.81712601996118,0.0,-3.035735892689723e-20,0.0,2.999593811795634e-19,-117.89757447750372,0.3398978911528253,-117.89757447750372,0.0,-146.04512470286664,0.0,0.0,2810.819999999905,-14.617700000000198,0.0,0.0,0.0,0.0,0.0,0.0,0.0,0.0,0.0,0.0,0.0,3785.5299999999215,-83.48819999999552,0.0,0.0,0.0,0.0,0.0,0.0,0.0,0.0,0.0,0.0,0.0,7388.629999999932,-42.0105000000039,0.0,0.0,0.0,0.0,0.0,0.0,0.0,0.0,0.0,999.000000000132,999.000000000132,1.0000000000000089,-29.580752714336,gaze,0.3881830034523317,0.3574450003451368,171.60435044903556,78.88319622146763,-121.7161987628334,-33.16529399408405,-17.579724600395554,-28.010268995667104,-0.0952216829642564,0.1117632784460238,0.957542125808624,4.586649899919537,35.76560327677601,-17.760972226875605,-22.378223115083657,0.3634024825891857,0.220193056729318,0.8505203476351311,4.420306882134413,32.809218058708566,-16.890196130061433,-23.096735074820327,0.2482801878479719,0.2293344426582364,0.8716587984104249,4.696538903631981,144.64130377800913,False,-0.2530351419684496,imu,0.4324644744,-9.740918348,2.2149598184,0.0225382,-44.032033,5.318894889999999,100.53048656095154,-39.350881237625245,135.6832311564497,389.1753611255331,-21.81712601996118,False,0.4047667895769937,-0.9144199506001244,416.379918606495,-32.697638114007354,20.47232015857869,57.68660425311968,False,inf
59.434594,-12068.386014380923,-83.92648638916754,415.4910843332325,-33.8026629986617,16.449277968435336,13.922499322024231,58.60441319408548,-602980.0158377886,4.7655796622281725,13.93535960457081,461546687.55557495,14.191193993070376,16.449277968435336,-458320406338.8818,15.287768788668917,-0.4300999896626123,83.65892499948544,37.887574443164496,-12734.47756735087,-22.407797779282888,82.51548631471312,58.60441319408548,-30790360333.06076,394.8302520835495,156.37532678484283,12.244489794491257,-302225.8536887126,176896529952.04584,3.000000000000228,-0.8579830000000221,-2871236.018978566,-3.81751845358684,389.2014418929655,-21.79392439661005,0.0,-3.0703125844466294e-20,0.0,3.03375884767306e-19,-119.14236456704003,0.3435676984646368,-119.14236456704003,0.0,-147.5864102011376,0.0,0.0,2810.819999999896,-14.617700000000184,0.0,0.0,0.0,0.0,0.0,0.0,0.0,0.0,0.0,0.0,0.0,3785.5299999999215,-83.4881999999954,0.0,0.0,0.0,0.0,0.0,0.0,0.0,0.0,0.0,0.0,0.0,7388.629999999925,-42.01050000000387,0.0,0.0,0.0,0.0,0.0,0.0,0.0,0.0,0.0,999.0000000001328,999.0000000001328,1.000000000000008,-29.83067663189811,gaze,0.3881697899768718,0.3571936002583387,166.89708194843098,74.17856498351235,-105.01001989624277,-33.12009902662516,-17.594477488998177,-27.83967996664211,-0.0954448229921565,0.1126409125153133,0.9571357060572392,4.579482055425441,35.724749128911085,-17.92692258736683,-22.318444426084948,0.3625208949663504,0.2185373886435988,0.851360822364643,4.41252577851041,33.75852303832927,-16.96317005805635,-23.038147188258467,0.2472066581072917,0.2290337867588987,0.8717601684384906,4.690976813610176,213.89267396301108,False,-0.2263660867914483,imu,0.3086468448,-9.6236803992,2.204193068,-0.03727708,-47.06018155,5.99181679,100.7123043634874,-39.349493305859646,135.73052253496925,389.2014418929655,-21.79392439661005,False,0.3906499942245259,-0.9205392886848326,416.6123737003462,-32.73321493765183,20.95940588147635,58.60441319408549,False,inf
59.442487,-12258.027664380916,-84.786013135539,415.725139495132,-33.85294111148235,16.594849044060915,14.093019345495245,59.46721512087564,-613092.9187155664,4.821740006144685,14.106035557507992,469767266.8619727,14.33507278106402,16.594849044060915,-466611081194.05774,15.38838550430938,-0.4353084320011447,84.11627856229958,38.22667305195841,-12934.2989272841,-22.65926524532656,82.96492776892771,59.46721512087564,-31346748196.64164,398.3542233814346,158.01438523131222,12.365242736312606,-307230.1900179137,180092983282.61633,3.000000000000231,-0.8579830000000221,-2919476.980022263,-3.855837735122562,389.2259626217674,-21.77209834470673,0.0,-3.102822893605189e-20,0.0,3.0658821024392547e-19,-120.31182926386889,0.3470163394681045,-120.31182926386889,0.0,-149.03439819126814,0.0,0.0,2810.819999999898,-14.617700000000184,0.0,0.0,0.0,0.0,0.0,0.0,0.0,0.0,0.0,0.0,0.0,3785.529999999919,-83.48819999999529,0.0,0.0,0.0,0.0,0.0,0.0,0.0,0.0,0.0,0.0,0.0,7388.629999999932,-42.0105000000039,0.0,0.0,0.0,0.0,0.0,0.0,0.0,0.0,0.0,999.000000000132,999.000000000132,1.0000000000000089,-30.065157228739388,gaze,0.3881725046390532,0.3569779389789043,161.57712422212742,70.8714049864412,-58.81253237282443,-33.07927202105754,-17.608069820931274,-27.6825301027053,-0.0956483448123647,0.1134376728403546,0.956763930393752,4.572855695814719,35.61396549080034,-18.07220379325484,-22.2569810762804,0.3617129313310393,0.2170280659830498,0.8521304232085068,4.405323084248127,33.57605863445329,-18.89010731681168,-23.13347439051093,0.5382036300634978,0.1993730050552528,0.8188939231925659,5.481639862060547,291.1685779011698,False,-1.0,imu,-0.5689938128748173,-9.664828362703584,2.307693478719078,1.677087077293108,-47.536543681839845,5.923969880200247,100.88558340809816,-39.34810217747098,135.7743058804901,389.2259626217674,-21.77209834470673,False,0.3772804118942834,-0.9260990718065102,416.83019780411655,-32.76672974450807,21.41619751715932,59.46721512087564,False,inf
59.44306,-12271.886751506168,-84.84866539842636,415.74218737193314,-33.856599988340065,16.605455064054993,14.105455375999352,59.530119277091984,-613832.2412791848,4.825836553687775,14.118482961076898,470368576.97510993,14.34555767081139,16.605455064054993,-467217589566.4258,15.395708696862712,-0.4356883200588213,84.1495584365582,38.25137851869208,-12948.901815196265,-22.67759904235098,82.99763198449858,59.530119277091984,-31387450697.300407,398.6109647016336,158.1338872949073,12.374047216362866,-307596.0395933421,180326819465.11108,3.0000000000002345,-0.8579830000000221,-2923004.1416993886,-3.8586309667690606,389.2277504614817,-21.770506518197266,0.0,-3.10519334329516e-20,0.0,3.068224330527951e-19,-120.3970642911301,0.3472677234372614,-120.3970642911301,0.0,-149.1399319084474,0.0,0.0,2810.819999999901,-14.617700000000198,0.0,0.0,0.0,0.0,0.0,0.0,0.0,0.0,0.0,0.0,0.0,3785.529999999919,-83.48819999999529,0.0,0.0,0.0,0.0,0.0,0.0,0.0,0.0,0.0,0.0,0.0,7388.629999999925,-42.01050000000393,0.0,0.0,0.0,0.0,0.0,0.0,0.0,0.0,0.0,999.0000000001336,999.0000000001336,1.0000000000000098,-30.08223507944507,gaze,0.3881732675727098,0.3569629877643156,161.15535154180264,70.70245348817984,-54.22260405877994,-33.07635772316791,-17.609050398104795,-27.671198570041906,-0.0956629515392507,0.1134947046303262,0.9567372109768928,4.5723767972109775,35.60348462419128,-18.08238110166349,-22.2522414608376,0.3616548036568579,0.2169197909525448,0.8521857643991505,4.404802226988077,34.6650734859127,-17.035570093216233,-22.99351207324111,0.2461179434870957,0.2287223058331619,0.8718671578691035,4.685431499051375,296.3050861975757,False,-0.2009251345786078,imu,0.1848292152,-9.535153784800002,2.2143616656,0.12721494,-49.52756185,6.48529285,100.8983003430369,-39.347997566535,135.7774721434187,389.2277504614817,-21.770506518197266,False,0.376302010235906,-0.9264970572497336,416.8460524803913,-32.76917604969943,21.449454092129404,59.53011927709199,False,inf
59.451526,-12478.111776314658,-85.77836771553694,415.994960659315,-33.91079997278155,16.762761477806283,14.290098563827463,60.463766737621086,-624837.7077488005,4.886672040427418,14.303295027402276,479324844.48765945,14.501101625542624,16.762761477806283,-476252411439.5104,15.504205544552836,-0.4413292517916204,84.64249466661401,38.617795874340686,-13166.19252599254,-22.949718022706424,83.48204285805757,60.463766737621086,-31993768304.09333,402.4187710293695,159.90764110027504,12.504738983449936,-313042.00540256104,183810117975.83124,3.000000000000238,-0.8579830000000221,-2975515.6744559715,-3.900081243717042,389.2542879568473,-21.746871249088045,0.0,-3.140380108103195e-20,0.0,3.1029921761446053e-19,-121.6617309400296,0.3509981462393715,-121.6617309400296,0.0,-150.70576028466456,0.0,0.0,2810.819999999898,-14.617700000000198,0.0,0.0,0.0,0.0,0.0,0.0,0.0,0.0,0.0,0.0,0.0,3785.5299999999215,-83.48819999999529,0.0,0.0,0.0,0.0,0.0,0.0,0.0,0.0,0.0,0.0,0.0,7388.629999999939,-42.010500000004015,0.0,0.0,0.0,0.0,0.0,0.0,0.0,0.0,0.0,999.0000000001356,999.0000000001356,1.0000000000000109,-30.335436760880025,gaze,0.3881934811619437,0.3567532274632439,154.35280490753453,69.75018331468631,33.8259687805401,-33.03408748934548,-17.623439655751014,-27.5050805526744,-0.0958761351474164,0.1143245209023424,0.9563467231457417,4.565335511735481,35.414821776301274,-18.22671086261844,-22.17695765990859,0.3608043366298731,0.2153405979898733,0.8529950335915853,4.397139956430881,35.43312113160231,-17.107271921690284,-22.961693593526707,0.2450143387982235,0.228400126980569,0.8719797126715627,4.679904823790843,344.7628512787616,False,-0.1768486115659155,imu,0.0980970592,-9.520199964800002,2.228717332800001,0.41881443,-51.45660463,6.941384360000001,101.08829669590828,-39.34639528901869,135.82404953917975,389.2542879568473,-21.746871249088045,False,0.3617228790036328,-0.9322856637347392,417.0809601834537,-32.8055334738907,21.9422364484265,60.463766737621086,False,inf
59.459992,-12687.088241663192,-86.71563610361545,416.24941320210905,-33.96526391961396,16.921203126905475,14.47643977763385,61.4053999644236,-635998.0242492259,4.948090079158146,14.489806705563344,488417019.399008,14.657831897546956,16.921203126905475,-485426462739.85547,15.61326125626966,-0.4470231148674539,85.13774043069425,38.98684004534661,-13386.378229606022,-23.2241682228482,83.96872562803655,61.4053999644236,-32609419687.43829,406.2538110711293,161.6966827254904,12.636572141064809,-318564.548301582,187347037487.24896,3.00000000000024,-0.8579830000000213,-3028778.5891437763,-3.941871294102692,389.2810555077349,-21.723017450407184,0.0,-3.175874825726933e-20,0.0,3.1380643082005283e-19,-122.93642202038365,0.3547591477355297,-122.93642202038365,0.0,-152.2839660546026,0.0,0.0,2810.819999999896,-14.617700000000198,0.0,0.0,0.0,0.0,0.0,0.0,0.0,0.0,0.0,0.0,0.0,3785.529999999915,-83.48819999999523,0.0,0.0,0.0,0.0,0.0,0.0,0.0,0.0,0.0,0.0,0.0,7388.629999999917,-42.010500000004015,0.0,0.0,0.0,0.0,0.0,0.0,0.0,0.0,0.0,999.0000000001364,999.0000000001364,1.0000000000000098,-30.5902904119046,gaze,0.3882304697989178,0.3565643772342918,146.45854820826415,72.32886981428382,159.75160111560763,-32.99330486416411,-17.637641691626182,-27.341578943097748,-0.0960844391543772,0.1151302342408275,0.9559643221035644,4.558359553190196,35.17168340460448,-18.35937824272525,-22.09037082150317,0.3599696172962845,0.2138001309739574,0.8537884948305734,4.38954262534352,35.94167297356008,-17.17815738895035,-22.941558972304684,0.2438961384758932,0.2280673775304875,0.8720977784098818,4.67439862186399,316.25440632156216,False,-0.1542685819693788,imu,0.0317020984,-9.5632669664,2.2263247216,0.95715195,-53.14638629,7.12830711,101.2821060773594,-39.34468773345458,135.87022464537117,389.2810555077349,-21.723017450407184,False,0.3469128231190124,-0.9378973787977002,417.3171022721551,-32.84229951692608,22.43751323944681,61.4053999644236,False,inf
59.462467,-12748.705349128544,-86.99107809778901,416.3241198734409,-33.981236232693846,16.967738195377844,14.531238203672151,61.68219751881638,-639290.1821863055,4.966156008866758,14.54465526715916,491100974.8797072,14.703876319240496,16.967738195377844,-488134990945.56805,15.645249092431902,-0.4486977389628521,85.28296073483682,39.09522675896497,-13451.29962910126,-23.30484493714196,84.11143545944924,61.68219751881638,-32791181497.789467,407.3801340034464,162.22260327674604,12.675329653813188,-320193.6224225523,188391259467.19507,3.0000000000002345,-0.8579830000000213,-3044492.8794114217,-3.954152918312608,389.2889245123879,-21.716002444941097,0.0,-3.186310015362038e-20,0.0,3.1483752607394307e-19,-123.310974674471,0.3558644636177597,-123.310974674471,0.0,-152.74769637221968,0.0,0.0,2810.819999999894,-14.617700000000184,0.0,0.0,0.0,0.0,0.0,0.0,0.0,0.0,0.0,0.0,0.0,3785.529999999915,-83.48819999999512,0.0,0.0,0.0,0.0,0.0,0.0,0.0,0.0,0.0,0.0,0.0,7388.62999999991,-42.01050000000399,0.0,0.0,0.0,0.0,0.0,0.0,0.0,0.0,0.0,999.0000000001356,999.0000000001356,1.0000000000000089,-30.665109151834187,gaze,0.1777690438852915,0.2160366693505509,143.9501946232723,73.84577953335676,203.4453007962679,-32.98166553469672,-17.641757727266143,-27.29431033847709,-0.0961444234705613,0.1153612104639828,0.9558540675096112,4.556332692939058,35.85766207271377,-19.72443424095201,-22.93318358714095,0.403716690826899,0.3494770283715983,0.8455049616580232,5.594564437866211,35.85766207271377,-19.72443424095201,-22.93318358714095,0.403716690826899,0.3494770283715983,0.8455049616580232,5.594564437866211,291.16857790111817,False,-1.0,imu,-0.5707895281079537,-9.663706741374922,2.3113223269629746,1.9339578437152407,-52.21647002699956,5.379293440399551,101.33945756744076,-39.34416882981786,135.8836434559918,389.2889245123879,-21.716002444941097,False,0.3194273997079229,-0.9476107514775436,417.3863714320602,-32.85312691786172,23.06794007954254,61.68219751881638,False,inf
59.468458,-12898.843479521984,-87.66051347837434,416.5055540401927,-34.0199927988601,17.08078594868079,14.664489953852543,62.355063499769415,-647314.8109796941,5.010094643740239,14.678028941923042,497646642.5737505,14.815754545318748,17.08078594868079,-494741346459.2151,15.722877760194308,-0.4527702405538848,85.63530247387045,39.35852461244733,-13609.48764383958,-23.500963193863992,84.4576869915121,62.355063499769415,-33234512198.184715,410.11622530083343,163.5011070715764,12.7695537618423,-324164.4710379294,190938194694.8209,3.0000000000002416,-0.8579830000000239,-3082800.9144039555,-3.984003135344724,389.3080542457342,-21.698943980035352,0.0,-3.2116794510267703e-20,0.0,3.1734426582821255e-19,-124.221195255625,0.3585509094874872,-124.221195255625,0.0,-153.8746202085054,0.0,0.0,2810.819999999894,-14.617700000000184,0.0,0.0,0.0,0.0,0.0,0.0,0.0,0.0,0.0,0.0,0.0,3785.529999999919,-83.48819999999523,0.0,0.0,0.0,0.0,0.0,0.0,0.0,0.0,0.0,0.0,0.0,7388.629999999932,-42.01050000000407,0.0,0.0,0.0,0.0,0.0,0.0,0.0,0.0,0.0,999.0000000001382,999.0000000001382,1.0000000000000098,-30.846804800075947,gaze,0.3882842667222196,0.3563964882931958,137.43316533511137,79.01189671355782,321.0237993650932,-32.954025513944444,-17.651653036360855,-27.18094363298064,-0.0962879277038495,0.1159117243008533,0.9555900843740364,4.551450243708979,34.886330386624984,-18.479960822528625,-21.990782151918587,0.3591507645366114,0.2122986981014349,0.8545660180068194,4.3820138222749305,36.090264920003946,-17.248114512419892,-22.93198699700062,0.242763636565156,0.2277241850335942,0.8722213002496337,4.668914697661233,205.291672141432,False,-0.1333122644107724,imu,-0.0370854736,-9.5949690648,2.1940244704,1.57773548,-54.50718391,7.16569166,101.47953153374172,-39.34287615080712,135.91596777726377,389.3080542457342,-21.698943980035352,False,0.3318722539606237,-0.9433243382056328,417.5544844463128,-32.879486769451766,22.93503313960556,62.35506349976942,False,inf
59.476924,-13113.405001561305,-88.61304290838268,416.7633922466448,-34.07498758294065,17.24151590060595,14.854260073312304,63.31280203970168,-658789.6993749738,5.072689725218637,14.86797272727694,507015266.4788157,14.9748756455872,17.24151590060595,-504198677846.0632,15.83305698816066,-0.4585709613818545,86.13518754521536,39.73286320195679,-13835.54967504739,-23.780116535513017,84.9489336499636,63.31280203970168,-33869154007.15281,414.0061546627254,165.3210094167563,12.903690945789918,-329842.58194076247,194584211004.3432,3.000000000000244,-0.8579830000000221,-3137590.735824509,-4.026478792623263,389.3352853053466,-21.67464969260556,0.0,-3.2477959468833304e-20,0.0,3.209129165900547e-19,-125.516108586378,0.3623736137554978,-125.516108586378,0.0,-155.47779400253938,0.0,0.0,2810.819999999894,-14.617700000000212,0.0,0.0,0.0,0.0,0.0,0.0,0.0,0.0,0.0,0.0,0.0,3785.529999999915,-83.48819999999512,0.0,0.0,0.0,0.0,0.0,0.0,0.0,0.0,0.0,0.0,0.0,7388.629999999939,-42.01050000000413,0.0,0.0,0.0,0.0,0.0,0.0,0.0,0.0,0.0,999.0000000001392,999.0000000001392,1.0000000000000098,-31.10498872486501,gaze,0.388354899406677,0.3562496052498384,127.22714507052456,89.82210835642239,511.5468746917904,-32.91626422626291,-17.665470320814325,-27.023420958461664,-0.0964866637556902,0.1166688774305214,0.9552240834870018,4.544608873578975,34.5698612501677,-18.588153707548003,-21.877089774134287,0.3583478927289094,0.2108365946408084,0.8553274779794969,4.374557066221249,35.85693198172857,-17.317037371089768,-22.93187038021922,0.2416171267063468,0.2273706772533607,0.8723502229647944,4.663454826082818,67.18733463009177,False,-0.1141014483432775,imu,-0.185427368,-9.5746318696,2.207183832,2.19831901,-55.4717053,7.03858419,101.68036643464475,-39.34096178290537,135.961249668696,389.3352853053466,-21.67464969260556,False,0.3166017794162749,-0.9485585449883672,417.79311265463247,-32.91710810675425,23.43453296503585,63.31280203970169,False,inf
59.482559,-13257.787120574863,-89.25131285461201,416.93595564469615,-34.11174018399902,17.349137149537924,14.981530566532232,63.95477443771803,-666515.873172462,5.114682542579475,14.995359708160102,513328876.3910774,15.081454543740564,17.349137149537924,-510573273687.1019,15.906705557927951,-0.4624618149838879,86.4692038609833,39.98350221000525,-13987.66837977795,-23.96723600464248,85.27717926772405,63.95477443771803,-34296920850.25793,416.6106273201104,166.54096975096166,12.993617193422564,-333665.6945408258,197041730016.59973,3.0000000000002487,-0.857983000000023,-3174488.481174331,-4.054942326283546,389.3535397360556,-21.65835635966337,0.0,-3.2720090614132954e-20,0.0,3.233054008976034e-19,-126.38365700059131,0.3649352614547954,-126.38365700059131,0.0,-156.55184728768003,0.0,0.0,2810.819999999894,-14.617700000000198,0.0,0.0,0.0,0.0,0.0,0.0,0.0,0.0,0.0,0.0,0.0,3785.529999999915,-83.48819999999512,0.0,0.0,0.0,0.0,0.0,0.0,0.0,0.0,0.0,0.0,0.0,7388.629999999932,-42.0105000000041,0.0,0.0,0.0,0.0,0.0,0.0,0.0,0.0,0.0,999.000000000141,999.000000000141,1.0000000000000098,-31.27776667135715,gaze,0.3884112560571462,0.3561635022854553,119.75431867594638,99.0710448200618,650.0839364522525,-32.89197854786802,-17.674557969809186,-26.92041823047921,-0.0966163392800617,0.1171592979477748,0.9549850726684872,4.540093514132646,34.34683277207922,-18.653202078261568,-21.79332718534401,0.3578224111799797,0.2098853538767343,0.8558253449759212,4.369635461403073,35.85766207271377,-19.72443424095201,-22.93318358714095,0.403716690826899,0.3494770283715983,0.8455049616580232,5.594564437866211,0.0,True,1.0,imu,-0.5725633136655247,-9.662518902822132,2.3152086567660306,2.1817324227117667,-54.865776194478045,4.461528933872278,101.81582660739348,-39.33963120479049,135.9911195709484,389.3535397360556,-21.65835635966337,False,0.3063106479239485,-0.9519316083461096,417.95263819076473,-32.94239609412659,23.76796426697697,63.95477443771803,False,inf
59.48539,-13330.80049973818,-89.57326761532644,417.0229369278127,-34.130249246677295,17.40339896033362,15.045761161322588,64.27866043429052,-670424.3321439624,5.13587933185834,15.059649096939228,516524455.2269913,15.135201293339684,17.40339896033362,-513800084452.2821,15.943800875657374,-0.4644256111479381,86.63740239777417,40.1098694858405,-14064.593418749668,-24.061641896308668,85.44247230924611,64.27866043429052,-34513454108.253654,417.9237405721459,167.1564854171748,13.038990820337949,-335599.69494018867,198285712549.8732,3.0000000000002487,-0.8579830000000239,-3193156.1961414246,-4.069300298894435,389.3627498239944,-21.65013343949964,0.0,-3.284226284213482e-20,0.0,3.2451257785075093e-19,-126.82122017086148,0.3662274434996302,-126.82122017086148,0.0,-157.093558959285,0.0,0.0,2810.8199999998924,-14.617700000000228,0.0,0.0,0.0,0.0,0.0,0.0,0.0,0.0,0.0,0.0,0.0,3785.529999999915,-83.48819999999512,0.0,0.0,0.0,0.0,0.0,0.0,0.0,0.0,0.0,0.0,0.0,7388.629999999925,-42.01050000000416,0.0,0.0,0.0,0.0,0.0,0.0,0.0,0.0,0.0,999.000000000142,999.000000000142,1.0000000000000109,-31.36485101771466,gaze,0.3884423896153553,0.3561237661658241,115.79024535478968,104.24533323054035,721.9835275519229,-32.880034903893005,-17.679090275362178,-26.869253281508893,-0.0966807090960437,0.1174015866183864,0.9548663900007466,4.537836701451299,34.23204006952005,-18.68376853167283,-21.74879170166947,0.357561111776675,0.2094141030260466,0.856072754542637,4.367175807028802,35.356545368534654,-17.38482599131884,-22.940117939453508,0.2404569021205337,0.2270069821575369,0.8724844909445861,4.658020752693659,-19.79188922528485,True,-0.0967519104771287,imu,-0.34393786,-9.554892827200002,2.2478582224,2.6394567,-55.98761209,6.567538860000001,101.8843944050406,-39.33894586248721,136.00604149848925,389.3627498239944,-21.65013343949964,False,0.3011022117341222,-0.9535918718659572,418.0329931067151,-32.95517668914688,23.93573743260328,64.27866043429053,False,inf
59.493857,-13551.08403372102,-90.5413457684582,417.2842281850071,-34.18578534227672,17.566460452894795,15.239027216881148,65.25279922310739,-682221.7662489414,5.199675059320644,15.253092080943064,526176933.0891515,15.296756754189506,17.566460452894795,-523548366177.1752,16.05512454331611,-0.4703352260931657,87.14201352418794,40.489602189247925,-14296.675749453696,-24.34558665050247,85.93836838368338,65.25279922310739,-35167600161.16086,421.8695925908271,169.00785069343405,13.175476729510734,-341437.32378982473,202043777399.2771,3.000000000000245,-0.8579830000000213,-3249512.1980161774,-4.112474814683154,389.3904522277248,-21.625391133417395,0.0,-3.3209768011580134e-20,0.0,3.2814387587842543e-19,-128.1367443641025,0.370113043148454,-128.1367443641025,0.0,-158.72217996816673,0.0,0.0,2810.819999999884,-14.617700000000184,0.0,0.0,0.0,0.0,0.0,0.0,0.0,0.0,0.0,0.0,0.0,3785.529999999915,-83.48819999999489,0.0,0.0,0.0,0.0,0.0,0.0,0.0,0.0,0.0,0.0,0.0,7388.62999999991,-42.01050000000407,0.0,0.0,0.0,0.0,0.0,0.0,0.0,0.0,0.0,999.00000000014,999.00000000014,1.0000000000000089,-31.626431536214746,gaze,0.3885467667761002,0.3560189914833502,103.08675054795438,121.33503374898636,940.6111670389192,-32.84534655359071,-17.692511302318504,-26.71866100692142,-0.0968701464499998,0.1181098336354594,0.954517030760193,4.531134167151698,33.88130666165412,-18.76673651801471,-21.605922931250387,0.3567904370763387,0.2080313320028488,0.8568018175309298,4.359872568033393,34.88770220649304,-17.451394018605335,-22.95565900124704,0.239283116183116,0.2266331831728497,0.8726240649949651,4.652613556949885,-28.418888954621245,True,-0.0813711351151078,imu,-0.5060372688000001,-9.5572854384,2.2622138896,3.26751714,-55.72592024,6.03667825,102.09141387360926,-39.33682935739474,136.05032011469584,389.3904522277248,-21.625391133417395,False,0.2853727043325377,-0.9584166211110564,418.2741608432113,-32.99371054083981,24.438418363398696,65.25279922310739,False,inf
59.502323,-13774.231627139943,-91.51709222989368,417.5472134722807,-34.24158373122191,17.730667880047346,15.434023704011253,66.23503346702397,-694180.8805423975,5.264065881552089,15.448267111601044,535972007.734188,15.459509999109754,17.730667880047346,-533442872829.789,16.16700363823812,-0.4762987466682389,87.64890849123833,40.87198537992258,-14531.771325328358,-24.6318974747962,86.43651145226653,66.23503346702397,-35831548309.66032,425.84292103832286,170.8747643560298,13.313123616946148,-347354.91484802123,205858153562.83945,3.0000000000002487,-0.857983000000023,-3306653.6879829727,-4.155994190440295,389.4183871162991,-21.60042746352292,0.0,-3.358040804067609e-20,0.0,3.3180614927731043e-19,-129.46242902498383,0.3740296792617367,-129.46242902498383,0.0,-160.3633443946938,0.0,0.0,2810.8199999998888,-14.617700000000212,0.0,0.0,0.0,0.0,0.0,0.0,0.0,0.0,0.0,0.0,0.0,3785.529999999915,-83.48819999999489,0.0,0.0,0.0,0.0,0.0,0.0,0.0,0.0,0.0,0.0,0.0,7388.629999999925,-42.010500000004185,0.0,0.0,0.0,0.0,0.0,0.0,0.0,0.0,0.0,999.0000000001436,999.0000000001436,1.0000000000000109,-31.88967738856213,gaze,0.3886680167300959,0.3559353310912431,89.1191019278419,139.81406087540626,1154.0915214713275,-32.812219485262965,-17.705727158460725,-26.57191288663241,-0.0970549905452867,0.1187933572887522,0.9541761529760762,4.524504050020661,33.5250152450815,-18.83706436535838,-21.44907536401801,0.3560361517176568,0.2066888652674474,0.8575143842838764,4.3526523874193686,34.86050279919793,-17.516637298963598,-22.977437358727023,0.2380963385230854,0.2262494969582015,0.8727688557816587,4.647236203614671,-0.8481900426378473,True,-0.0680647654617748,imu,-0.6334438152,-9.5686503416,2.263410195200001,3.69370101,-54.84364486,5.498340730000001,102.3011398483859,-39.33461398237679,136.09404720353405,389.4183871162991,-21.60042746352292,False,0.2694182178466676,-0.9630232727677592,418.5165656668814,-33.032714291281096,24.942156796315825,66.23503346702397,False,inf
59.50254,-13779.989569255007,-91.54220518423828,417.5539770483247,-34.24301749457803,17.734892203379477,15.43904498540162,66.26031835398591,-694489.5740828812,5.265724299987909,15.453292991000854,536224977.8968874,15.463697729080524,17.734892203379477,-533698440042.9353,16.169878806878877,-0.4764523239534758,87.66193205383996,40.8818221518737,-14537.8375092505,-24.63926783854312,86.44931018849935,66.26031835398591,-35848697427.318855,425.94513368655737,170.92282506957963,13.31666730898867,-347507.6616069621,205956675068.28027,3.0000000000002487,-0.8579830000000221,-3308128.8205758817,-4.157114294437597,389.4191062505529,-21.59978463802501,0.0,-3.358995021451786e-20,0.0,3.3190043496335807e-19,-129.49654500378077,0.3741304858483309,-129.49654500378077,0.0,-160.40557865837638,0.0,0.0,2810.819999999887,-14.617700000000198,0.0,0.0,0.0,0.0,0.0,0.0,0.0,0.0,0.0,0.0,0.0,3785.529999999912,-83.48819999999489,0.0,0.0,0.0,0.0,0.0,0.0,0.0,0.0,0.0,0.0,0.0,7388.629999999925,-42.010500000004185,0.0,0.0,0.0,0.0,0.0,0.0,0.0,0.0,0.0,999.000000000142,999.000000000142,1.0000000000000098,-31.89644726419772,gaze,0.3886713465901891,0.355933464250442,88.74476359207169,140.29312112762904,1159.3726116572484,-32.811390942886746,-17.70606320400008,-26.56820377518761,-0.0970596688998013,0.1188105526791319,0.9541675271072227,4.52433505909073,33.515865996248905,-18.83870189290077,-21.44487918168165,0.3560170330083364,0.2066549850389414,0.8575324321144041,4.352468429489789,35.85766207271377,-19.72443424095201,-22.93318358714095,0.403716690826899,0.3494770283715983,0.8455049616580232,5.594564437866211,0.0,True,1.0,imu,-0.5742949405038488,-9.66127985928178,2.3193038134097343,2.412188546024988,-55.37334066302109,3.2743148266117634,102.30654926473646,-39.33455590593805,136.09516058953747,389.4191062505529,-21.59978463802501,False,0.2690063045154741,-0.9631384158732992,418.5227956689941,-33.0337203928514,24.95508051907273,66.26031835398591,False,inf
59.505509,-13858.962706488684,-91.88631812485896,417.6466309882108,-34.262652098119446,17.792766848887148,15.507862819597523,66.60681203590958,-698724.0134851336,5.288454895079297,15.522173843996011,539695726.7769063,15.521075121091323,17.792766848887148,-537204966884.1493,16.209254606689207,-0.4785572008861657,87.84027593492792,41.01658802222437,-14621.03806238629,-24.740268728896343,86.62457548632723,66.60681203590958,-36083992358.62413,427.3454644312408,171.58144070943234,13.365230411591275,-349602.9309422637,207308441930.6912,3.000000000000256,-0.857983000000023,-3328364.5172027126,-4.172462834157987,389.42896110742777,-21.590974595639864,0.0,-3.372071771091029e-20,0.0,3.3319254128142256e-19,-129.96400585845512,0.3755118164178437,-129.96400585845512,0.0,-160.9842748008611,0.0,0.0,2810.8199999998888,-14.617700000000198,0.0,0.0,0.0,0.0,0.0,0.0,0.0,0.0,0.0,0.0,0.0,3785.529999999912,-83.48819999999495,0.0,0.0,0.0,0.0,0.0,0.0,0.0,0.0,0.0,0.0,0.0,7388.629999999917,-42.01050000000421,0.0,0.0,0.0,0.0,0.0,0.0,0.0,0.0,0.0,999.0000000001428,999.0000000001428,1.0000000000000109,-31.98918548314034,gaze,0.3887180203599346,0.3559093158937356,83.54326696305968,146.8279488871365,1230.2450009478616,-32.800158392962715,-17.710647332126268,-26.517725150660247,-0.0971233810317031,0.1190441880972167,0.9540500692791264,4.522027733899786,33.39077515358143,-18.86028245010818,-21.38661929489622,0.3557565329733181,0.2061941018080728,0.8577782723082418,4.349957178518823,35.03319791177305,-17.54083203932671,-22.987036843529,0.2376463795028928,0.226102559292483,0.8728246883050441,4.645220454237788,7.280179532357834,True,-0.0636135074359689,imu,-0.574549456987244,-9.661090944500485,2.319931574232507,2.4447552707311053,-55.27235626534416,3.0813073009607828,100.8436684,-38.87385880000001,135.1642368,389.42896110742777,-21.590974595639864,False,0.2633556373537526,-0.964698817390173,418.6081187673146,-33.047518257493614,25.131953528995616,66.60681203590958,False,inf
59.510789,-14000.29736349725,-92.50066455978266,417.8119327545937,-34.29765193883995,17.896046470081636,15.630784504682342,67.2255230478578,-706304.735567689,5.329063357894043,15.645208101801623,545912410.0605502,15.623486186984122,17.896046470081636,-543486411841.9683,16.27945322133372,-0.4823172052273966,88.15815352297582,41.25707755715839,-14769.937044913604,-24.920621558757823,86.93696666601446,67.2255230478578,-36505486714.98045,429.8443331305395,172.7575409284701,13.451954743162467,-353353.9836904127,209729921989.25977,3.000000000000256,-0.8579830000000248,-3364595.590938381,-4.199865561103136,389.44655889383694,-21.57523836241819,0.0,-3.395424609814754e-20,0.0,3.355000222140211e-19,-130.79848773079644,0.3779779939652223,-130.79848773079644,0.0,-162.01731616361243,0.0,0.0,2810.819999999887,-14.617700000000212,0.0,0.0,0.0,0.0,0.0,0.0,0.0,0.0,0.0,0.0,0.0,3785.529999999915,-83.48819999999489,0.0,0.0,0.0,0.0,0.0,0.0,0.0,0.0,0.0,0.0,0.0,7388.629999999917,-42.0105000000043,0.0,0.0,0.0,0.0,0.0,0.0,0.0,0.0,0.0,999.0000000001456,999.0000000001456,1.0000000000000109,-32.154628296764685,gaze,0.3888061557471603,0.3558727901312359,73.93637376398435,158.19719239990255,1348.5022217991109,-32.78066072243425,-17.718736465451023,-26.42921884498505,-0.0972353223535409,0.1194521552729025,0.9538437766680912,4.517946719271781,33.16925602100231,-18.894886615646257,-21.27924711766724,0.3552982603677962,0.2053867816367859,0.8582104362702083,4.345517642715734,35.56191493606772,-17.580480952716304,-23.004424650909023,0.236896723172623,0.2258560084869239,0.8729188227538464,4.641889710893984,12.460899041988966,True,-0.0569251025892382,imu,-0.6675385248000001,-9.585996772800002,2.2711861816,4.20213089,-53.53518561,4.885234110000001,102.5133505916609,-39.33230069909123,136.13720069805208,389.44655889383694,-21.57523836241819,False,0.2532383816595422,-0.9674039084345568,418.7602430538252,-33.07220647845763,25.44669902729154,67.2255230478578,False,inf
59.519255,-14229.309661782145,-93.49210659488784,418.0783952719635,-34.35399094958629,18.0626022817017,15.829320822989324,68.22431343433286,-718595.0195193291,5.394671565847105,15.84392626579688,555999751.200967,15.788691486066398,18.0626022817017,-553680660447.4454,16.392475242729752,-0.4883909406523953,88.6697553880404,41.644892576280014,-15011.202766560564,-25.211772746747123,87.43974074800687,68.22431343433286,-37189527694.687614,433.873972174955,174.65627758582016,13.59197734578417,-359435.3668446888,213659727905.3928,3.000000000000256,-0.8579830000000239,-3423346.280227985,-4.244090990878113,389.4749687094527,-21.549822668444364,0.0,-3.433130221622033e-20,0.0,3.3922569262583825e-19,-132.14497951418153,0.3819581730314094,-132.14497951418153,0.0,-163.68416786808842,0.0,0.0,2810.819999999884,-14.617700000000212,0.0,0.0,0.0,0.0,0.0,0.0,0.0,0.0,0.0,0.0,0.0,3785.529999999904,-83.48819999999489,0.0,0.0,0.0,0.0,0.0,0.0,0.0,0.0,0.0,0.0,0.0,7388.62999999991,-42.01050000000424,0.0,0.0,0.0,0.0,0.0,0.0,0.0,0.0,0.0,999.0000000001464,999.0000000001464,1.0000000000000098,-32.42129322073511,gaze,0.3889611832626315,0.3558313810468471,57.65759862007484,174.89341356147142,1510.1069708518637,-32.75068056797228,-17.731536344616508,-26.290801160170304,-0.0974111990673968,0.1200861466132574,0.9535199607306722,4.511463309115297,32.81909184717783,-18.94041853757114,-21.09785899742881,0.3545768553105627,0.2041253131412602,0.8588898726878291,4.338471511191403,36.889193111248616,-17.642847654342457,-23.03561591499245,0.2356845615301906,0.2254528464587481,0.873073908830134,4.636575708556365,4.566345505883961,True,-0.0480380354722227,imu,-0.6430142600000001,-9.5919783008,2.2741769456,4.45634583,-51.89774232,3.95062036,102.72779007019292,-39.3298907043508,136.17975382122253,389.4749687094527,-21.549822668444364,False,0.236834906400931,-0.971549909737046,419.0052003832448,-33.1122013999029,25.95171903254964,68.22431343433286,False,inf
59.522633,-14321.516139385898,-93.88990600325288,418.18520451237873,-34.376546457455646,18.12938927649524,15.909036431263743,68.62516557995718,-723545.7691612244,5.421021125444196,15.923714896439204,560066052.5257794,15.854954122689184,18.12938927649524,-557790686018.0208,16.437732118152766,-0.4908299125038423,88.87454784191496,41.80039685903628,-15108.34160487218,-25.32862486279243,87.64100024118483,68.62516557995718,-37465310310.23262,435.4897399979879,175.4183646551843,13.648181626481453,-361885.04846339766,215244094725.33,3.000000000000256,-0.857983000000023,-3447015.881509837,-4.261836564897698,389.4863711426101,-21.53961810474493,0.0,-3.448265321815213e-20,0.0,3.407211834095401e-19,-132.685165400496,0.38355523068793,-132.685165400496,0.0,-164.35286583280893,0.0,0.0,2810.81999999988,-14.617700000000184,0.0,0.0,0.0,0.0,0.0,0.0,0.0,0.0,0.0,0.0,0.0,3785.529999999908,-83.48819999999455,0.0,0.0,0.0,0.0,0.0,0.0,0.0,0.0,0.0,0.0,0.0,7388.62999999991,-42.01050000000424,0.0,0.0,0.0,0.0,0.0,0.0,0.0,0.0,0.0,999.0000000001464,999.0000000001464,1.0000000000000089,-32.52817500487366,gaze,0.3890277529954019,0.3558207581531717,50.89880690698247,180.72808175460625,1562.552301567583,-32.739160980184785,-17.73658451902471,-26.23681345803318,-0.0974801443488647,0.1203321735177706,0.9533931575128064,4.508897257054783,32.681874558370424,-18.955220092515365,-21.02264328528942,0.3542936302911415,0.2036333628066167,0.8591563139917257,4.335685478790481,35.85766207271377,-19.72443424095201,-22.93318358714095,0.403716690826899,0.3494770283715983,0.8455049616580232,5.594564437866211,0.0,True,1.0,imu,-0.5760031611979115,-9.659977630299997,2.323647865738544,2.6226931541017406,-53.85580284824367,1.9165944519520115,102.81391609465403,-39.32890237020572,136.19655941333556,389.4863711426101,-21.53961810474493,False,0.2302278006929849,-0.9731367631469234,419.1032992172879,-33.12830324685211,26.153284027756392,68.62516557995718,False,inf
59.527721,-14461.29712420348,-94.49146232638894,418.3466102979783,-34.410601750332745,18.230341393957826,16.02964390793734,69.23145025046843,-731053.4320598543,5.460894600308876,16.04443286278743,566235654.15163,15.955132082985056,18.230341393957826,-564027308416.7812,16.506071656217653,-0.4945202931019014,89.18372085889914,42.03544433863906,-15255.598540859628,-25.50536493229127,87.9448404255621,69.23145025046843,-37883784405.03868,437.9319819540091,176.57107188467012,13.733198690109036,-365599.9065360692,217648221355.9663,3.0000000000002665,-0.8579830000000266,-3482914.187351031,-4.288672551820556,389.503617715196,-21.524179216673872,0.0,-3.47115965082833e-20,0.0,3.4298335925200933e-19,-133.5019636273898,0.3859704029391722,-133.5019636273898,0.0,-165.3639723701578,0.0,0.0,2810.8199999998888,-14.617700000000228,0.0,0.0,0.0,0.0,0.0,0.0,0.0,0.0,0.0,0.0,0.0,3785.529999999912,-83.48819999999489,0.0,0.0,0.0,0.0,0.0,0.0,0.0,0.0,0.0,0.0,0.0,7388.629999999932,-42.01050000000444,0.0,0.0,0.0,0.0,0.0,0.0,0.0,0.0,0.0,999.00000000015,999.00000000015,1.0000000000000115,-32.68968115264839,gaze,0.3891330932600768,0.3558111100212078,40.48781860228216,188.31799257881715,1626.2553538334605,-32.72228840964775,-17.744124013238114,-26.15687604295692,-0.097582676756515,0.1206952567127257,0.9532047611980604,4.505054923178847,32.47858882391413,-18.97396025233713,-20.90668913294689,0.3538720244947325,0.2029046794447516,0.8595525975014381,4.331517102980394,38.08358117362199,-17.70366545467896,-23.070033191868667,0.2344601445022338,0.2250401397351049,0.8732340565785922,4.631295797809188,-3.8579000123624345,True,-0.0414805227183456,imu,-0.6597625384000001,-9.5877912312,2.2855418488,4.80028369,-50.45469869,2.82908386,102.94419216683772,-39.32738518609743,136.22168037308128,389.503617715196,-21.524179216673872,False,0.220209748064439,-0.9754525446465327,419.2514453597156,-33.1527136348587,26.456877538965998,69.23145025046843,False,inf
59.536187,-14696.288536775488,-95.49877590013872,418.6165871398498,-34.467485330369755,18.399269906279343,16.231765053527,70.24697927582893,-743681.6843586564,5.527736573609106,16.246739197007685,576621753.8156784,16.122814182765925,18.399269906279343,-574528058104.0121,16.62024441925502,-0.5007056040137216,89.70005671181511,42.42874679168774,-15503.15461125419,-25.80141205816636,88.45227243020781,70.24697927582893,-38588370844.09855,442.0185067258613,178.50202176384866,13.875626069157716,-371848.45070660417,221696057221.48657,3.0000000000002665,-0.8579830000000248,-3543307.8021613327,-4.333612323849101,389.53250706604194,-21.498306838906387,0.0,-3.509514916904702e-20,0.0,3.46773221635317e-19,-134.86949954267956,0.3900148708750574,-134.86949954267956,0.0,-167.05680280121177,0.0,0.0,2810.819999999885,-14.61770000000024,0.0,0.0,0.0,0.0,0.0,0.0,0.0,0.0,0.0,0.0,0.0,3785.529999999915,-83.48819999999478,0.0,0.0,0.0,0.0,0.0,0.0,0.0,0.0,0.0,0.0,0.0,7388.629999999925,-42.01050000000447,0.0,0.0,0.0,0.0,0.0,0.0,0.0,0.0,0.0,999.000000000151,999.000000000151,1.0000000000000124,-32.959801116998925,gaze,0.3893218743232888,0.3558119770346388,22.73556183920001,197.0026728397495,1686.2570599869764,-32.695492714075854,-17.75649678383801,-26.027653218051665,-0.0977498103777282,0.1212794172991992,0.9528982312665736,4.498722634718172,32.15088769831312,-18.99589031250148,-20.707823635470927,0.3531838515619611,0.2017250879382339,0.860198519408916,4.324657461484839,37.58966694629861,-17.762867666721082,-23.10672770583012,0.2332237624886385,0.2246180173306103,0.8733992082236016,4.62605155145352,-2.793772720639512,True,-0.0373200498687927,imu,-0.7010350816000002,-9.6087265792,2.304084585600001,4.90496043,-49.38550056,1.69259354,103.1622806126918,-39.32478532344639,136.26295475714184,389.53250706604194,-21.498306838906387,False,0.2033651165114408,-0.9791029717993344,419.4989860269481,-33.193758042427866,26.96182180832735,70.24697927582893,False,inf
59.542612,-14876.65047911878,-96.26858287500042,418.8226590653189,-34.51083797628618,18.528270404800832,16.38636548516783,71.02331202099654,-753379.9070190489,5.578879789070276,16.40148129695941,584605209.3470521,16.250903595360178,18.528270404800832,-582601171743.6368,16.70727806788461,-0.5054373070341416,90.0934995404161,42.7290756137588,-15693.15734981877,-26.027734663544027,88.8389325413407,71.02331202099654,-39130059098.57616,445.1389648254248,179.97829760535666,13.984526219419212,-376647.1750066807,224808044929.11755,3.00000000000027,-0.8579830000000275,-3589697.958000703,-4.367958291522855,389.5545928410379,-21.47851831238671,0.0,-3.538842139619164e-20,0.0,3.4967102810358364e-19,-135.91442649623377,0.3931059226599639,-135.91442649623377,0.0,-168.35026136330922,0.0,0.0,2810.819999999884,-14.61770000000024,0.0,0.0,0.0,0.0,0.0,0.0,0.0,0.0,0.0,0.0,0.0,3785.529999999915,-83.48819999999472,0.0,0.0,0.0,0.0,0.0,0.0,0.0,0.0,0.0,0.0,0.0,7388.629999999932,-42.01050000000447,0.0,0.0,0.0,0.0,0.0,0.0,0.0,0.0,0.0,999.000000000152,999.000000000152,1.0000000000000124,-33.16596160783924,gaze,0.3894763939601079,0.3558267397841211,9.132948576584775,199.65650857294747,1689.3678670599893,-32.67622717866334,-17.765741676477823,-25.932846930570395,-0.0978737847987932,0.1217060567761846,0.9526714176187716,4.493968378522154,31.91216711682221,-19.005057449855887,-20.55319568790058,0.3526727516816964,0.2008573880392897,0.8606774529713188,4.319516636523801,35.85766207271377,-19.72443424095201,-22.93318358714095,0.403716690826899,0.3494770283715983,0.8455049616580232,5.594564437866211,0.0,True,1.0,imu,-0.5776681743848607,-9.658628714596546,2.3281862399858246,2.8061090627779426,-50.58611474185937,0.5086379471910006,103.32874193050482,-39.32274999052383,136.2938280014939,389.5545928410379,-21.47851831238671,False,0.1904364449520417,-0.9816995265528184,419.6877190341546,-33.22527185573156,27.34466573281661,71.02331202099656,False,inf
59.544653,-14934.31286990445,-96.51409161692352,418.8883351384843,-34.52464268140989,18.5693939385082,16.43569559884032,71.2709464457778,-756481.4991305172,5.595201615545109,16.4508566178119,587159697.0467211,16.291744008855545,18.5693939385082,-585184624493.3374,16.73499549296763,-0.506947216107062,90.21876972681882,42.8248139290541,-15753.901414655364,-26.099928116480203,88.96204349765394,71.2709464457778,-39303401854.86031,446.13369122516485,180.4492255451445,14.019266803723896,-378181.8530344872,225803895236.1648,3.0000000000002665,-0.8579830000000248,-3604535.67306844,-4.378912394760294,389.561637919905,-21.47220436366576,0.0,-3.548198047470399e-20,0.0,3.505954801236629e-19,-136.24764695272015,0.3940917647345989,-136.24764695272015,0.0,-168.76273256248876,0.0,0.0,2810.819999999884,-14.617700000000228,0.0,0.0,0.0,0.0,0.0,0.0,0.0,0.0,0.0,0.0,0.0,3785.529999999904,-83.48819999999478,0.0,0.0,0.0,0.0,0.0,0.0,0.0,0.0,0.0,0.0,0.0,7388.62999999991,-42.01050000000441,0.0,0.0,0.0,0.0,0.0,0.0,0.0,0.0,0.0,999.000000000151,999.000000000151,1.0000000000000115,-33.23166217065869,gaze,0.3895275096882836,0.3558339759222276,4.830318961734065,199.7058650906591,1682.2561042604548,-32.670301020657554,-17.76865206346719,-25.90333550545872,-0.0979126537851899,0.1218385663729754,0.952600421316881,4.492467486827807,31.83827526852207,-19.00665928081682,-20.50360725504674,0.3525124158746863,0.2005867338333738,0.8608275518077158,4.317895563777952,33.62849465589272,-17.820392751423114,-23.14478204427958,0.2319757053681797,0.2241866084045502,0.8735693056526979,4.62084451403894,0.2572226096108176,True,-0.0356143172119021,imu,-0.7129981376000001,-9.6619621784,2.3184402528,4.93486807,-48.01722603,0.8402258000000002,103.38176891923716,-39.32209228673029,136.3035520068112,389.561637919905,-21.47220436366576,False,0.1863034840578818,-0.9824922451744312,419.7478307818504,-33.23534975928759,27.46618542751733,71.2709464457778,False,inf
59.553119,-15175.399278975405,-97.53745393272376,419.1618636685389,-34.58207479759065,18.740719630932468,16.64144692812677,72.30339785173186,-769454.6106743515,5.663293873417186,16.656796519760253,597851142.6923646,16.46192780314459,18.740719630932468,-595998735245.808,16.85032684215147,-0.5132454733847855,90.73986668767918,43.2236597906173,-16007.869582056808,-26.40092714875508,89.47416036776556,72.30339785173186,-40028993128.36556,450.2776806638427,182.41278193402795,14.164128242424471,-384600.9729533754,229972400005.83875,3.0000000000002736,-0.8579830000000248,-3666606.407238767,-4.424574860243181,389.59101143763655,-21.44587061619609,0.0,-3.587211078308906e-20,0.0,3.5445033587165095e-19,-137.6364657709956,0.3982012731236308,-137.6364657709956,0.0,-170.48183532556646,0.0,0.0,2810.81999999988,-14.617700000000212,0.0,0.0,0.0,0.0,0.0,0.0,0.0,0.0,0.0,0.0,0.0,3785.529999999904,-83.48819999999455,0.0,0.0,0.0,0.0,0.0,0.0,0.0,0.0,0.0,0.0,0.0,7388.629999999917,-42.01050000000447,0.0,0.0,0.0,0.0,0.0,0.0,0.0,0.0,0.0,999.000000000152,999.000000000152,1.0000000000000115,-33.50527340293541,gaze,0.3897499772952968,0.3558770944314044,-12.659980417013038,195.5228396259712,1610.10504897242,-32.646719935520935,-17.78058735299294,-25.78411840183924,-0.0980712597405205,0.1223726481541813,0.9523113789362748,4.486290492651737,31.542255787983247,-19.00678330907328,-20.29659403770768,0.3518577925440349,0.1994898002561326,0.8614396127612485,4.311234321007001,25.31968074044262,-17.87618420349911,-23.18331233743941,0.2307162624839723,0.2237460422523644,0.8737442904234128,4.61567620201838,-0.5196597043520712,True,-0.0364111191629273,imu,-0.6944554008000001,-9.7271608336,2.3082716552,5.06197554,-46.6489515,0.0327195200000001,103.60236031048584,-39.319307237543285,136.34344781180525,389.59101143763655,-21.44587061619609,False,0.1690275941348941,-0.9856113191420692,419.9979883888523,-33.27750419694046,27.969588105171415,72.30339785173186,False,inf
59.561585,-15419.577104937813,-98.56890745897007,419.437182138478,-34.63978267547739,18.91325314431917,16.84903047088842,73.34437974141098,-782602.7649122775,5.732017512063759,16.864570342704067,608697761.6376919,16.633371825990494,18.91325314431917,-606972130745.9708,16.96624043527426,-0.5196007211356437,91.26335438187266,43.6252984625812,-16265.08993914836,-26.70442324600927,89.98862978453346,73.34437974141098,-40765261206.82155,454.4506207318442,184.3927900203645,14.3102177617491,-391106.6756716876,234202241025.8789,3.00000000000027,-0.8579830000000257,-3729528.670796548,-4.470601823893728,389.6206287830264,-21.41930441845855,0.0,-3.626556053383799e-20,0.0,3.5833799084215587e-19,-139.03601613220263,0.4023435853595848,-139.03601613220263,0.0,-172.2141850328467,0.0,0.0,2810.819999999876,-14.617700000000198,0.0,0.0,0.0,0.0,0.0,0.0,0.0,0.0,0.0,0.0,0.0,3785.529999999897,-83.48819999999432,0.0,0.0,0.0,0.0,0.0,0.0,0.0,0.0,0.0,0.0,0.0,7388.629999999903,-42.01050000000447,0.0,0.0,0.0,0.0,0.0,0.0,0.0,0.0,0.0,999.000000000152,999.000000000152,1.0000000000000109,-33.780643935629705,gaze,0.3899892498407808,0.35594131427952,-29.01149122178378,183.995918477626,1470.239225477773,-32.6247551254626,-17.79230024638637,-25.670189661871373,-0.098225679922955,0.1228816130301937,0.9520311489409432,4.480192635594125,31.26362236968472,-18.996837716940554,-20.08949798266656,0.3512200524577297,0.1984344583403719,0.8620346249652718,4.304676578796311,13.285585449247598,-17.930190437223334,-23.22147043806062,0.2294457226289255,0.2232964482971322,0.87392410377012,4.610548103902966,-0.2889603146690598,True,-0.039748245031405,imu,-0.7195778184000001,-9.764246307200002,2.3010938216,4.59093021,-45.51993809,-0.7897405799999999,103.82374765512334,-39.31643132878513,136.38261854456366,389.6206287830264,-21.41930441845855,False,0.1515404700135103,-0.9884510538959854,420.2494679944975,-33.32023703848308,28.47163547535165,73.34437974141098,False,inf
59.562704,-15452.084372561943,-98.705848402918,419.4737069975854,-34.64743094464515,18.93614859427955,16.876605685384238,73.4826130588931,-784353.822783351,5.741148575437374,16.892170835941855,610143121.6655488,16.656127198219053,18.93614859427955,-608434558917.3877,16.981605072884577,-0.5204450134683054,91.33272600985693,43.67859507778525,-16299.33322211764,-26.74472566342913,90.05680655528778,73.4826130588931,-40863383105.75443,455.00435620784697,184.6557353501381,14.329619537497011,-391973.0965299411,234765948660.5956,3.0000000000002736,-0.8579830000000275,-3737909.646301752,-4.476712857958751,389.6245617841705,-21.41577555560036,0.0,-3.631781451572322e-20,0.0,3.5885430951300696e-19,-139.22180894185712,0.4028935632180221,-139.22180894185712,0.0,-172.44415479607588,0.0,0.0,2810.819999999884,-14.617700000000212,0.0,0.0,0.0,0.0,0.0,0.0,0.0,0.0,0.0,0.0,0.0,3785.529999999908,-83.4881999999946,0.0,0.0,0.0,0.0,0.0,0.0,0.0,0.0,0.0,0.0,0.0,7388.62999999991,-42.01050000000453,0.0,0.0,0.0,0.0,0.0,0.0,0.0,0.0,0.0,999.0000000001536,999.0000000001536,1.0000000000000124,-33.81717336833123,gaze,0.390022131600781,0.3559513802330356,-31.041969874333333,181.92091508510416,1446.9297927853677,-32.621973106694924,-17.793831642530026,-25.655536383363703,-0.0982457800392354,0.1229470041424834,0.9519947709664084,4.4793926190410085,31.22810968557453,-18.99480254811934,-20.062267995066343,0.3511370255273821,0.1982980883400668,0.862111991597227,4.303817697067829,11.501975253086986,-17.9371926344123,-23.22644262468741,0.2292769730800819,0.223236354272953,0.8739482288869266,4.609873380555368,0.0,True,1.0,imu,-0.5793082780007852,-9.657219651369635,2.332964695275976,2.9601953730588777,-45.88601530359192,-0.8824708363588761,103.85305248539004,-39.31604446590857,136.3877404867153,389.6245617841705,-21.41577555560036,False,0.1492134635911899,-0.9888050072097736,420.2828069218251,-33.32592940753092,28.53787099622705,73.4826130588931,False,inf
59.570051,-15666.87587489326,-99.60849696280825,419.7142999906405,-34.697767314066425,19.087000659948547,17.058457701966812,74.39393851909671,-795927.7194280326,5.80137671389708,17.07418957187276,619701236.8488333,16.80608235624156,19.087000659948547,-618106564148.6014,17.08273824447796,-0.526013305936561,91.78923960055646,44.02974407755128,-16525.59350693188,-27.01043054884111,90.50545849604916,74.39393851909671,-41512323486.72441,458.6526575979376,186.3893492791448,14.457542766111,-397699.8321919413,238494092699.1327,3.00000000000027,-0.8579830000000239,-3793311.1890251976,-4.516995397229604,389.6504911228071,-21.39250458912764,0.0,-3.666235024854939e-20,0.0,3.6225864780792264e-19,-140.44635839265982,0.4065188914728212,-140.44635839265982,0.0,-173.95985589805454,0.0,0.0,2810.819999999876,-14.617700000000198,0.0,0.0,0.0,0.0,0.0,0.0,0.0,0.0,0.0,0.0,0.0,3785.5299999999006,-83.48819999999432,0.0,0.0,0.0,0.0,0.0,0.0,0.0,0.0,0.0,0.0,0.0,7388.62999999991,-42.0105000000045,0.0,0.0,0.0,0.0,0.0,0.0,0.0,0.0,0.0,999.0000000001556,999.0000000001556,1.0000000000000098,-34.05778292309432,gaze,0.3902452948294028,0.3560266112114212,-43.32697643535552,165.22466760451812,1268.550955833029,-32.60441131188892,-17.803788430009956,-25.5617288796093,-0.0983759649394909,0.1233654175030656,0.9517597733982416,4.474174869529942,31.00252839040869,-18.97745057081008,-19.88514369950591,0.350599262307991,0.1974208673214504,0.8626125157142805,4.298225117650209,-0.6851161600375593,-17.982364672231167,-23.258446101132325,0.2281643740311884,0.2228379560810557,0.8741086866108785,4.605461680416831,4.219188385213696,True,-0.0456533798293583,imu,-0.7955432240000001,-9.7570684736,2.3004956688,4.1348387,-44.2563403,-1.73930815,104.04561339865454,-39.31346570470519,136.42104128666583,389.6504911228071,-21.39250458912764,False,0.1338454235827032,-0.9910022212820548,420.5022791423085,-33.36356423487025,28.97191890883072,74.3939385190967,False,inf
59.578517,-15917.325302681147,-100.65626736735504,419.9932267012964,-34.75602971478801,19.261968379646813,17.26974014162807,75.45212074588164,-809431.2435061038,5.871375678938355,17.28566573795903,630863263.416448,16.980065691259625,19.261968379646813,-629403801425.3484,17.199822245580346,-0.5324835756548664,92.31752913853784,44.43701081460824,-16789.411502334973,-27.318963247510467,91.02465325447584,75.45212074588164,-42270298221.97643,462.8839379104677,188.40255957119737,14.60611068789647,-404381.319330052,242848634353.82727,3.0000000000002736,-0.8579830000000248,-3857962.746568253,-4.563757699704596,389.6805996266562,-21.3654699435875,0.0,-3.7062500530943415e-20,0.0,3.662125103531336e-19,-141.8675531307056,0.4107273822079256,-141.8675531307056,0.0,-175.7189224067233,0.0,0.0,2810.819999999876,-14.617700000000228,0.0,0.0,0.0,0.0,0.0,0.0,0.0,0.0,0.0,0.0,0.0,3785.529999999904,-83.48819999999426,0.0,0.0,0.0,0.0,0.0,0.0,0.0,0.0,0.0,0.0,0.0,7388.62999999991,-42.01050000000453,0.0,0.0,0.0,0.0,0.0,0.0,0.0,0.0,0.0,999.0000000001564,999.0000000001564,1.0000000000000115,-34.33669955229134,gaze,0.3905180746260404,0.3561329550570289,-54.51833061858144,139.97608908196474,1017.2637744620996,-32.585692264757434,-17.815049681905023,-25.45890706984317,-0.0985221643350348,0.1238240241369467,0.9514972916489666,4.468238119015692,30.758558894982432,-18.94929626263709,-19.68641706536996,0.3499954846194457,0.1964491746298293,0.8631732168678922,4.291882653356024,-14.204139966996884,-18.032664819319603,-23.29346916359077,0.2268725043396042,0.2223706952569446,0.8742979795542756,4.600418364651962,4.387986831506131,True,-0.0541440050794952,imu,-0.8900513664000002,-9.7301515976,2.28793446,3.731085559999999,-42.42449735,-2.62158353,104.26762949554708,-39.31041150094668,136.45869385524566,389.6805996266562,-21.3654699435875,False,0.1159460641697638,-0.9932555110360782,420.7564317878945,-33.40750200065277,29.47001533255927,75.45212074588164,False,inf
59.582684,-16041.763685585043,-101.17500232286486,420.131182750089,-34.78480901791147,19.34853820902603,17.37441905017011,75.97614346205867,-816143.8533570468,5.90606568640515,17.39044063733911,636416004.6716597,17.066170347845556,19.34853820902603,-635024677427.7096,17.25766734584275,-0.5356895593680238,92.57844044357702,44.6385095281086,-16920.490552094678,-27.47175606484428,91.28107400379592,75.97614346205867,-42647420237.79222,464.9773755421952,189.3996153541472,14.679695146747044,-407702.681861358,245015188141.59265,3.000000000000277,-0.8579830000000239,-3890106.345990537,-4.586910355970967,389.695509913573,-21.35207678503906,0.0,-3.726069656874674e-20,0.0,3.6817087430962495e-19,-142.5710749669767,0.4128110635668122,-142.5710749669767,0.0,-176.5896843115928,0.0,0.0,2810.819999999874,-14.617700000000198,0.0,0.0,0.0,0.0,0.0,0.0,0.0,0.0,0.0,0.0,0.0,3785.5299999999006,-83.48819999999426,0.0,0.0,0.0,0.0,0.0,0.0,0.0,0.0,0.0,0.0,0.0,7388.629999999895,-42.01050000000453,0.0,0.0,0.0,0.0,0.0,0.0,0.0,0.0,0.0,999.0000000001556,999.0000000001556,1.0000000000000109,-34.47463908646245,gaze,0.3906584707240214,0.3561930163220131,-58.4925002955008,125.6080666690156,880.9893351089146,-32.57707623835685,-17.82050852560327,-25.41041836467171,-0.0985926387319367,0.1240404888728179,0.9513713744417888,4.465346052014185,30.64450392954432,-18.932435533870382,-19.591554584217707,0.3497045682932569,0.1959863318595087,0.8634428640880196,4.288801705140248,-19.94059521514628,-18.0567229105436,-23.309766836766705,0.2262328646550088,0.2221375270044202,0.8743928618317054,4.597952284421131,0.0,True,1.0,imu,-0.5809044612315932,-9.655768067399809,2.33792392626574,3.0794953430883,-40.223273589538266,-2.182213411929588,104.37685905720303,-39.30887602396241,136.4769372047938,389.695509913573,-21.35207678503906,False,0.1070620775671257,-0.9942523379640658,420.88202255965433,-33.42935758743824,29.71424433724582,75.97614346205869,False,inf
59.586983,-16170.95528946538,-101.71226375195909,420.2739717807108,-34.81457088150941,19.43816252581978,17.482889355649,76.51897313992423,-823115.1181699336,5.942018624853189,17.499010417204982,642185548.5992476,17.155328146943454,19.43816252581978,-640865621411.4221,17.317494418077004,-0.5390118794505514,92.84822979424504,44.84711289938332,-17056.575338825696,-27.63003558202158,91.54622081602088,76.51897313992423,-43039304527.00634,467.14460879813066,190.4325211439113,14.755928987515112,-411152.0197346492,247266550261.49573,3.0000000000002807,-0.8579830000000266,-3923492.1876305095,-4.610890858723213,389.7109554671947,-21.338199293928483,0.0,-3.7466032067022047e-20,0.0,3.701997828749944e-19,-143.2996611471021,0.4149692490250234,-143.2996611471021,0.0,-177.4914593166867,0.0,0.0,2810.8199999998724,-14.617700000000212,0.0,0.0,0.0,0.0,0.0,0.0,0.0,0.0,0.0,0.0,0.0,3785.529999999897,-83.48819999999432,0.0,0.0,0.0,0.0,0.0,0.0,0.0,0.0,0.0,0.0,0.0,7388.629999999903,-42.01050000000458,0.0,0.0,0.0,0.0,0.0,0.0,0.0,0.0,0.0,999.0000000001584,999.0000000001584,1.0000000000000115,-34.6174030428503,gaze,0.39080754650778,0.3562603097889138,-61.28910343050624,109.79481329116476,735.8066498218537,-32.5686007965182,-17.82608187107927,-25.36188624945872,-0.0986643266025501,0.1242574015055067,0.9512437403296262,4.462383279500076,30.53080200052777,-18.91308908878278,-19.49621588215571,0.3494087777770317,0.1955195159846742,0.8637166648172385,4.285651837387062,-24.854081411243364,-18.08105336624793,-23.325811724028647,0.225570400609161,0.2218947955797017,0.8744919229062713,4.595419562223033,-7.316190805234502,True,-0.0652272996234067,imu,-1.00190594,-9.6852901376,2.2897289184,3.22265568,-40.56274676,-3.16739796,104.48945734137622,-39.30726984459061,136.49555482940715,389.7109554671947,-21.338199293928483,False,0.0978463073907001,-0.9952015374435494,421.0119363143085,-33.45206680916618,29.96548705795259,76.51897313992423,False,inf
59.59545,-16427.826453050882,-102.7766575535968,420.55657825893513,-34.87339878500475,19.615610372115825,17.697942465772194,77.59467013920363,-836982.7848984897,6.013318246321353,17.714260765255982,653671178.0189732,17.331896987687163,19.615610372115825,-652495199267.3617,17.435770749171347,-0.5455993492575252,93.3814114845043,45.2601135506787,-17327.14878398476,-27.943699039010607,92.07022997011995,77.59467013920363,-43819555195.20952,471.4353263788088,192.4795773999801,14.907023073090484,-418013.6376583548,251749062875.54016,3.000000000000277,-0.8579830000000248,-3989916.313965393,-4.658402643175556,389.74156344969606,-21.31068818567257,0.0,-3.787301389379943e-20,0.0,3.7422114752435384e-19,-144.7429145722792,0.4192451911038604,-144.7429145722792,0.0,-179.27775343283662,0.0,0.0,2810.8199999998687,-14.617700000000228,0.0,0.0,0.0,0.0,0.0,0.0,0.0,0.0,0.0,0.0,0.0,3785.5299999999006,-83.48819999999415,0.0,0.0,0.0,0.0,0.0,0.0,0.0,0.0,0.0,0.0,0.0,7388.629999999903,-42.01050000000467,0.0,0.0,0.0,0.0,0.0,0.0,0.0,0.0,0.0,999.00000000016,999.00000000016,1.0000000000000109,-34.89993612230467,gaze,0.3911136998553153,0.3564086523365684,-62.116702886788495,77.10940771797712,451.6558315275721,-32.553137025975225,-17.83688421888532,-25.27080861935824,-0.0988025152802674,0.1246655708540716,0.950999125034975,4.45661054066407,30.31789597030402,-18.869571288005623,-19.31738019501337,0.3488391297887142,0.1946319131509987,0.8642428615734703,4.279534541665529,-30.75927690329747,-18.127502633433537,-23.354793521093995,0.2242581937312366,0.2214103291821934,0.8746904803965294,4.590466069150843,-16.594073333814986,True,-0.0789018079612477,imu,-1.094619624,-9.652989886400002,2.3022901272,3.09554821,-38.03555118,-3.3468438,104.71077379786884,-39.30404146785562,136.53160778593713,389.74156344969606,-21.31068818567257,False,0.0795482115010964,-0.9968310198057524,421.2688339695985,-33.49728076585545,30.45793958000012,77.59467013920363,False,inf
59.602777,-16652.727669668075,-103.70445328631004,420.8026175458708,-34.92453271427877,19.77016653157386,17.885566143900174,78.53260838128156,-849131.7384898961,6.075544640942415,17.90205654545677,663742477.1291418,17.485735173732458,19.77016653157386,-662694670964.6913,17.53860027186751,-0.5513472844144872,93.84476261602164,45.61981916451726,-17564.043241793534,-28.21720355865512,92.52561256231282,78.53260838128156,-44503848372.63324,475.1723003560122,194.26469959389377,15.038795059146054,-424024.8329910941,255680301631.0475,3.000000000000284,-0.8579830000000257,-4048119.8808090175,-4.699820190293636,389.7682518933957,-21.286688775709223,0.0,-3.8227962047206935e-20,0.0,3.777283703583173e-19,-146.0007545390612,0.4229726669575799,-146.0007545390612,0.0,-180.83453346260373,0.0,0.0,2810.8199999998687,-14.617700000000212,0.0,0.0,0.0,0.0,0.0,0.0,0.0,0.0,0.0,0.0,0.0,3785.529999999897,-83.4881999999941,0.0,0.0,0.0,0.0,0.0,0.0,0.0,0.0,0.0,0.0,0.0,7388.629999999903,-42.0105000000047,0.0,0.0,0.0,0.0,0.0,0.0,0.0,0.0,0.0,999.000000000162,999.000000000162,1.0000000000000109,-35.145885995332584,gaze,0.6159463645938229,0.3421152086209181,-56.69391379735188,49.43808485122603,231.4831721805044,-32.59050684808675,-18.45070911819682,-26.38643850968147,-0.090024236287182,0.2535590442637187,0.963121720216598,4.203042030334473,30.14436765896564,-18.82661233657106,-19.173956853313285,0.3483600432327953,0.1938979386268568,0.864684192617927,4.274335050927495,-32.59050684808675,-18.45070911819682,-26.38643850968147,-0.090024236287182,0.2535590442637187,0.963121720216598,4.203042030334473,0.0,True,1.0,imu,-0.5824740271631135,-9.6542594807164,2.343113880525905,3.162251657505873,-33.97127049111392,-3.366224090300296,104.9015809390653,-39.3011789202614,136.56213554894038,389.7682518933957,-21.286688775709223,False,0.059701646827043,-0.9982162658292736,421.4922516254259,-33.536939893485794,30.93605238390001,78.53260838128158,False,inf
59.603916,-16687.908398162464,-103.84924274762716,420.8409889605396,-34.93250053831554,19.794276267653707,17.914860332255778,78.67900468975688,-851032.77279073,6.085261955055716,17.93137760632441,665319170.5381737,17.509736859626376,19.794276267653707,-664291592837.7157,17.554625287725138,-0.5522447808285883,93.9169550720954,45.67592953349493,-17601.099736876513,-28.25989386881914,92.59656370483503,78.67900468975688,-44610986779.44678,475.7552252433841,194.5433458344784,15.059364771859109,-424965.4467707302,256295807656.9287,3.000000000000288,-0.8579830000000266,-4057228.400268631,-4.7062839738083255,389.77241752285227,-21.28294192262541,0.0,-3.828337073072335e-20,0.0,3.7827586045826684e-19,-146.19703374650945,0.4235543913333044,-146.19703374650945,0.0,-181.0774581238776,0.0,0.0,2810.819999999876,-14.617700000000228,0.0,0.0,0.0,0.0,0.0,0.0,0.0,0.0,0.0,0.0,0.0,3785.5299999998897,-83.48819999999432,0.0,0.0,0.0,0.0,0.0,0.0,0.0,0.0,0.0,0.0,0.0,7388.62999999991,-42.0105000000047,0.0,0.0,0.0,0.0,0.0,0.0,0.0,0.0,0.0,999.000000000161,999.000000000161,1.0000000000000124,-35.184241339238376,gaze,0.3914364096038146,0.3565779000854078,-55.23517406071164,45.35845606660197,201.34508510913395,-32.53930548513199,-17.847452222304113,-25.185838471706177,-0.0989367441505044,0.1250484162018797,0.950763534843554,4.450922104039037,30.11819938508548,-18.819528059000543,-19.15272613576449,0.3482867254056895,0.1937866883782949,0.8647516281912366,4.273534735463944,-31.15416520443212,-18.17197294555326,-23.379770810152085,0.2229364795154859,0.2209175404471322,0.8748935448388383,4.585560406761747,5.717321181683509,True,-0.0951505739500167,imu,-1.172379488,-9.651195428,2.304084585600001,2.75908726,-35.36629431,-3.92256587,104.93116662576443,-39.30072824351815,136.5668243891131,389.77241752285227,-21.28294192262541,False,0.0610606539834387,-0.998134057396658,421.52707535772726,-33.54315016652516,30.94678913262066,78.67900468975688,False,inf
59.607072,-16785.698552619724,-104.25122394065887,420.9474851940313,-34.954604850740964,19.86119856566764,17.996210101128504,79.08548069849799,-856317.8365321755,6.11224932493753,18.012802002434395,669703612.644595,17.576364775458067,19.86119856566764,-668732515163.1361,17.599084425818923,-0.5547372004433743,94.11721963663092,45.83167532476142,-17704.103437353562,-28.37842671147832,92.7933851385743,79.08548069849799,-44908929762.6322,477.3732459538188,195.3170466664213,15.116480820145837,-427580.4445884596,258007478463.74,3.000000000000288,-0.8579830000000266,-4082552.380667253,-4.724229851741255,389.7839835956879,-21.27253728394456,0.0,-3.843722577962831e-20,0.0,3.797960935832492e-19,-146.74194411790353,0.425169475527006,-146.74194411790353,0.0,-181.7518620254652,0.0,0.0,2810.8199999998687,-14.617700000000212,0.0,0.0,0.0,0.0,0.0,0.0,0.0,0.0,0.0,0.0,0.0,3785.529999999893,-83.4881999999941,0.0,0.0,0.0,0.0,0.0,0.0,0.0,0.0,0.0,0.0,0.0,7388.62999999991,-42.01050000000467,0.0,0.0,0.0,0.0,0.0,0.0,0.0,0.0,0.0,999.000000000162,999.000000000162,1.0000000000000115,-35.2906899782332,gaze,0.3915609449279474,0.3566463358803142,-50.295190900715895,34.64005651730956,125.7136205126378,-32.53456646032798,-17.85133180508751,-25.155749926529573,-0.0989857829267796,0.1251846652303153,0.9506780179647258,4.448823098714357,30.04673667390586,-18.799362237997897,-19.09550784605448,0.3480852014281719,0.1934824379852573,0.864936834775301,4.271328472462653,-30.0113007283587,-18.188040803052644,-23.387937642071257,0.2224413494600146,0.2207317183722074,0.8749703911790131,4.583744005343389,25.43942895611163,True,-0.1018623574920858,imu,-0.5828048284337979,-9.653930843186709,2.344249058559037,3.1748590018734,-32.60312610163921,-3.600912530512267,104.8842516,-39.008138,137.7643704,389.7839835956879,-21.27253728394456,False,0.0541207145803673,-0.9985344001351733,421.6236978782774,-33.56042214906064,31.12802089205948,79.08548069849799,False,inf
59.612382,-16951.261739183916,-104.93019010513638,421.1272467673944,-34.99188408399897,19.9741873814384,18.13367994573651,79.77215051255112,-865268.5253781378,6.157862404385873,18.1503979648204,677132617.0989125,17.688874912135173,19.9741873814384,-676257983486.668,17.674073958481443,-0.5589493017772869,94.45493019493551,46.0946238226747,-17878.491960440875,-28.57867135547604,93.12529053608073,79.77215051255112,-45413812485.53101,480.1049589765812,196.6241686303657,15.212979399222656,-432009.1523916018,260908009427.8098,3.000000000000292,-0.8579830000000275,-4125445.263153621,-4.754542591302742,389.8035224684163,-21.25495607179101,0.0,-3.8697171377105984e-20,0.0,3.823646014788624e-19,-147.66224994721588,0.4278975463543712,-147.66224994721588,0.0,-182.89085913736469,0.0,0.0,2810.8199999998724,-14.61770000000027,0.0,0.0,0.0,0.0,0.0,0.0,0.0,0.0,0.0,0.0,0.0,3785.529999999897,-83.48819999999432,0.0,0.0,0.0,0.0,0.0,0.0,0.0,0.0,0.0,0.0,0.0,7388.62999999991,-42.01050000000481,0.0,0.0,0.0,0.0,0.0,0.0,0.0,0.0,0.0,999.0000000001636,999.0000000001636,1.000000000000013,-35.470361274109706,gaze,0.3917756532547916,0.3567680160632824,-38.577398685514495,19.004579250373105,30.714402999815054,-32.527104154830305,-17.8577853084839,-25.10709720529245,-0.0990670751667187,0.1254059735354483,0.9505369689918262,4.445318092312726,29.92971198138664,-18.76375016318284,-19.004869355118053,0.3477515424697392,0.1929838354890744,0.8652429776254152,4.267654150440105,-26.922655212057457,-18.214445437926603,-23.40015919350789,0.2216053887508645,0.2204165026664073,0.8751010788531292,4.580703311391864,69.86547283629925,True,-0.1139507342494075,imu,-1.2298021568,-9.669140012000002,2.3016919744,2.61702597,-32.38300722,-4.53567249,105.1502913142056,-39.29733089702403,136.60118996893672,389.8035224684163,-21.25495607179101,False,0.0423863729568534,-0.999101293857416,421.78670249887534,-33.58969752785996,31.43161159842297,79.77215051255112,False,inf
59.620848,-17217.917132464707,-106.01954533301534,421.4153613263434,-35.05155043570031,20.155350018530378,18.35441305489764,80.87415495655844,-879691.8710304797,6.23112388291075,18.371333600048185,689113274.0687505,17.869317535494673,20.155350018530378,-688396201972.025,17.794118755666908,-0.5657132664569486,94.99534366564556,46.51621083080634,-18159.35766047709,-28.9000459387943,93.65641723596684,80.87415495655844,-46228154901.29666,484.48467663627656,198.7221475885185,15.367874528187752,-439145.6606943039,265586372412.74,3.000000000000292,-0.8579830000000275,-4194575.987088504,-4.803180655012786,389.8348794708226,-21.22672943204884,0.0,-3.911443684968634e-20,0.0,3.864875782513392e-19,-149.1386248689068,0.4322748505025381,-149.1386248689068,0.0,-184.7180323252725,0.0,0.0,2810.8199999998687,-14.617700000000228,0.0,0.0,0.0,0.0,0.0,0.0,0.0,0.0,0.0,0.0,0.0,3785.529999999893,-83.48819999999392,0.0,0.0,0.0,0.0,0.0,0.0,0.0,0.0,0.0,0.0,0.0,7388.62999999991,-42.010500000004754,0.0,0.0,0.0,0.0,0.0,0.0,0.0,0.0,0.0,999.0000000001646,999.0000000001646,1.0000000000000124,-35.75830527780196,gaze,0.3921313682535625,0.3569789413884708,-8.990573089056772,2.315053740211816,-11.838047988970724,-32.5165319567873,-17.867881703183443,-25.034706657695697,-0.0991935527154547,0.125738234941438,0.9503194535215672,4.439799286606148,29.75024818726378,-18.70304730425896,-18.87626190107551,0.3472336230856248,0.1922234442920056,0.865716864057586,4.261895184833613,-20.50573027519141,-18.254899764648464,-23.41542161962248,0.2202652059713694,0.2199073459181438,0.8753130216032582,4.575896080291773,150.63549162112585,True,-0.1352672637888758,imu,-1.2435596712,-9.693664276800002,2.3022901272,2.54225687,-29.22027429,-4.84970271,105.36776648289272,-39.29385052164569,136.63468641326617,389.8348794708226,-21.22672943204884,False,0.0235305978709627,-0.9997231171498612,422.0477276439387,-33.63694029846429,31.91190930651136,80.87415495655844,False,inf
59.622757,-17278.504705284948,-106.2663506535292,421.48058587008927,-35.06504379188851,20.196373985543183,18.404451798860805,81.12387499902044,-882970.3018191755,6.247735402199991,18.421418258830013,691838078.9337412,17.910186484505388,20.196373985543183,-691157181078.3387,17.821270250833543,-0.5672467238289408,95.11753920535956,46.6116757302887,-18223.173363083824,-28.97287307646929,93.77651337919158,81.12387499902044,-46413385010.46769,485.47641816767526,199.19760217453967,15.402979564098684,-440767.7890829067,266650511359.7516,3.000000000000288,-0.8579830000000266,-4210291.4900841145,-4.814200710855669,389.8419851152835,-21.22033120880885,0.0,-3.9209007012085053e-20,0.0,3.8742202073090488e-19,-149.4730810598396,0.433266627968718,-149.4730810598396,0.0,-185.13195263696292,0.0,0.0,2810.819999999865,-14.617700000000228,0.0,0.0,0.0,0.0,0.0,0.0,0.0,0.0,0.0,0.0,0.0,3785.529999999893,-83.4881999999941,0.0,0.0,0.0,0.0,0.0,0.0,0.0,0.0,0.0,0.0,0.0,7388.62999999991,-42.01050000000481,0.0,0.0,0.0,0.0,0.0,0.0,0.0,0.0,0.0,999.0000000001656,999.0000000001656,1.0000000000000124,-35.82348681677966,gaze,0.0,0.0,0.0,0.0,0.0,-30.82837132995894,-19.32029223600711,-23.61773326007026,-0.1324013038043251,0.3561819773656116,0.9249888073651692,3.822784662246704,29.76080138174446,-18.5194753770368,-19.42378357788607,0.1365297963754957,0.1609055273995552,0.977480959381786,4.104291915893555,-16.56214591109699,-18.68529646235939,-23.95359846432981,-0.0439799950007983,0.256051398323151,0.9571783017950378,4.083290159702301,167.30664240432057,False,-1.0,imu,-0.5839986358589914,-9.652712716424164,2.3484702541355067,3.20520071409315,-27.612766782059776,-4.399341061575138,105.41653716520072,-39.29305437055064,136.64211766187768,389.8419851152835,-21.22033120880885,False,0.1521542525866568,-0.9883567591815194,422.1067807119165,-33.64769097058081,29.99825317536448,81.12387499902044,False,inf
59.629314,-17487.905424610668,-107.11735429568223,421.7053423185298,-35.111500609516725,20.33777050473621,18.577071454361725,81.98506552908015,-894304.6500504613,6.305050697050301,18.594196317290425,701262910.2008598,18.05107113863868,20.33777050473621,-700708092148.5281,17.914761677195333,-0.5725370305248115,95.53820230031994,46.94070501740225,-18443.729242397007,-29.224032108743163,94.18995058050844,81.98506552908015,-47054137490.70116,488.8945277645443,200.837384899968,15.524057760034166,-446375.88378144125,270331605869.17004,3.000000000000302,-0.8579830000000275,-4264629.717108079,-4.852200332315848,389.866489717469,-21.198260798967027,0.0,-3.953518824828418e-20,0.0,3.906449992618117e-19,-150.62622043052266,0.4366864988353638,-150.62622043052266,0.0,-186.5590538143244,0.0,0.0,2810.819999999865,-14.61770000000024,0.0,0.0,0.0,0.0,0.0,0.0,0.0,0.0,0.0,0.0,0.0,3785.529999999893,-83.48819999999392,0.0,0.0,0.0,0.0,0.0,0.0,0.0,0.0,0.0,0.0,0.0,7388.629999999903,-42.01050000000487,0.0,0.0,0.0,0.0,0.0,0.0,0.0,0.0,0.0,999.0000000001656,999.0000000001656,1.0000000000000124,-36.048082734155045,gaze,0.3925034872176424,0.3572106116097918,39.91219297576484,-4.342890389690475,103.34084511897208,-32.507586824918626,-17.877739719565366,-24.968777575338954,-0.0993162201820511,0.1260451982531363,0.9501110118816312,4.434366439985981,29.57748253275165,-18.63823698379348,-18.769121026519475,0.3467330053579502,0.1915055933524851,0.8661732460327782,4.256260174585002,-14.592732669506018,-18.2933195857657,-23.42507419741687,0.2189162150443985,0.2193902003399818,0.8755293119846733,4.5711399840089335,212.0892536975976,False,-0.1590543388459822,imu,-1.2339892264,-9.7104125552,2.2837473904,2.20579592,-26.3117563,-5.38056332,105.58320085885585,-39.290288202313874,136.66729647962592,389.866489717469,-21.198260798967027,False,0.0044989086883462,-0.9999898798590984,422.3101635512741,-33.68489615262559,32.38716926697379,81.98506552908015,False,inf
59.63778,-17761.257653071763,-108.2236630153473,421.9971994594525,-35.17173562400046,20.5214551866428,18.801666984777505,83.10492989600506,-909108.7147128582,6.379647171081225,18.818997967895108,713583306.6776,18.23414214917773,20.5214551866428,-713195511014.595,18.0360047246702,-0.5794209509443091,96.08351291850003,47.36812088897597,-18731.63931184101,-29.55064440553211,94.7258973496008,83.10492989600506,-47891884596.94857,493.33466238844926,202.96998314663057,15.681536724365625,-453700.7397042366,275144424105.39343,3.000000000000292,-0.8579830000000275,-4335615.659015248,-4.90160379862753,389.8983543987115,-21.169548964798626,0.0,-3.995944675596183e-20,0.0,3.948370738189095e-19,-152.12509877584617,0.4411326871338205,-152.12509877584617,0.0,-188.41400000649207,0.0,0.0,2810.819999999861,-14.617700000000228,0.0,0.0,0.0,0.0,0.0,0.0,0.0,0.0,0.0,0.0,0.0,3785.5299999998897,-83.48819999999392,0.0,0.0,0.0,0.0,0.0,0.0,0.0,0.0,0.0,0.0,0.0,7388.62999999991,-42.01050000000487,0.0,0.0,0.0,0.0,0.0,0.0,0.0,0.0,0.0,999.0000000001684,999.0000000001684,1.0000000000000124,-36.33970306002495,gaze,0.3928919379887435,0.3574629567641825,117.00552452106756,-6.9455158566395605,364.26146830363257,-32.50026569927975,-17.887357757483702,-24.909409194848884,-0.0994351199607887,0.1263268669978824,0.9499116649502224,4.429020277675211,29.409021054112507,-18.57013808005104,-18.685379846404285,0.3462497234190655,0.1908303500862351,0.8666120864258615,4.250751393738683,-10.734998187544091,-18.329692453077968,-23.42868837598133,0.2175586991561949,0.2188651961205592,0.8757498886312581,4.566436266542496,237.67050596965788,False,-0.1852552378546983,imu,-1.2214280176,-9.718786694400002,2.2705880288,2.07121154,-23.2462232,-5.829177919999999,105.79619465400624,-39.28664501566181,136.69900378657107,389.8983543987115,-21.169548964798626,False,-0.01470275538508,-0.9998919086501732,422.57402350324656,-33.73358298171904,32.856863066155675,83.10492989600506,False,inf
59.64285,-17926.582462512823,-108.89028218394937,422.17288504794806,-35.2079451211028,20.63206558479496,18.93710195928876,83.77988513546791,-918066.7178002298,6.424642869013324,18.95455724815236,721044069.3366495,18.34441054847003,20.63206558479496,-720758612285.023,18.10890121369504,-0.5835724457778513,96.41125766056491,47.62549054503849,-18905.76653891142,-29.747504738443386,95.0480159238193,83.77988513546791,-48399267099.763504,496.0082690097264,204.25547813587565,15.776469041158832,-458133.03601544886,278059312142.10425,3.000000000000295,-0.8579830000000275,-4378576.870088261,-4.931374502962471,389.9175593807745,-21.1522374865512,0.0,-4.02152086302678e-20,0.0,3.973642425761186e-19,-153.02815366100492,0.4438119759593994,-153.02815366100492,0.0,-189.53156259738967,0.0,0.0,2810.819999999861,-14.61770000000024,0.0,0.0,0.0,0.0,0.0,0.0,0.0,0.0,0.0,0.0,0.0,3785.529999999893,-83.48819999999381,0.0,0.0,0.0,0.0,0.0,0.0,0.0,0.0,0.0,0.0,0.0,7388.62999999991,-42.010500000004924,0.0,0.0,0.0,0.0,0.0,0.0,0.0,0.0,0.0,999.00000000017,999.00000000017,1.0000000000000124,-36.51523077112806,gaze,0.1768862985192882,0.2655402528440048,176.98052839339894,-9.543698350143275,565.4214021595782,-32.07149244217767,-18.487569011553344,-27.53427818472703,0.0902649577182132,0.1724961992436181,0.9375964452521418,4.281172933986227,28.966338726714067,-18.379633658742723,-18.9266426082494,0.2071030830354764,0.0845367252084339,0.9690923114655956,3.8134790979187936,-11.558956226641929,-18.601398086622268,-23.712552441715943,0.020241343458416,0.2135397529574426,0.9559003273163148,4.071302111785704,237.26575890784827,False,-1.0,imu,-0.5854948209043285,-9.651112151437388,2.3540476056777013,3.207314798789439,-21.43489229789012,-5.284822124069403,105.92241247985568,-39.28442496279689,136.717553541071,389.9175593807745,-21.1522374865512,False,-0.046136215096755,-0.9989351578839069,422.7327277471226,-33.76309732559598,33.36204273511418,83.77988513546791,False,inf
59.646246,-18038.00504672779,-109.33851767226886,422.29094249902846,-35.2322565001615,20.706410431650145,19.02821153290501,84.23379588205948,-924105.9293026328,6.454917647172093,19.045750449360767,726076257.153994,18.41853701342184,20.706410431650145,-725860328758.9559,18.1578499033862,-0.5863653859873008,96.63128234314316,47.79847299911563,-19023.12067529164,-29.879897419692423,95.26426432699,84.23379588205948,-48741521445.60634,497.805231020804,205.12004530202063,15.84031907915933,-461121.1524818223,280025546498.44885,3.000000000000305,-0.8579830000000301,-4407543.079581903,-4.951393237416048,389.9304747078704,-21.140592718477905,0.0,-4.038723363918291e-20,0.0,3.9906401205534535e-19,-153.63532227389933,0.4456136119035902,-153.63532227389933,0.0,-190.2829475794804,0.0,0.0,2810.8199999998687,-14.61770000000027,0.0,0.0,0.0,0.0,0.0,0.0,0.0,0.0,0.0,0.0,0.0,3785.529999999893,-83.48819999999404,0.0,0.0,0.0,0.0,0.0,0.0,0.0,0.0,0.0,0.0,0.0,7388.629999999917,-42.01050000000501,0.0,0.0,0.0,0.0,0.0,0.0,0.0,0.0,0.0,999.000000000171,999.000000000171,1.0000000000000142,-36.63317570534075,gaze,0.3932966436847715,0.3577359014342738,219.7555414456545,-12.29963763038243,705.160354576811,-32.49456452000738,-17.896734302771428,-24.85668882441561,-0.0995502934650376,0.126583250344489,0.949721431057168,4.423761497263844,29.242472698086505,-18.499564426838607,-18.626637994947817,0.3457838074569741,0.1901977708529089,0.86703335240793,4.245371054845945,-9.117719536271018,-18.364009695938204,-23.425893124284503,0.2161929407973028,0.2183324634909974,0.8759746899221762,4.561786145498152,232.1447185017724,False,-0.2138022422135364,imu,-1.1879314608,-9.7265626808,2.2741769456,1.82447351,-20.60687397,-6.554438189999999,106.00634100333636,-39.28292203006917,136.72979280358055,389.9304747078704,-21.140592718477905,False,-0.0340680872480119,-0.9994195142337684,422.8393213229287,-33.7830188848969,33.32044677567924,84.23379588205948,False,inf
59.654712,-18318.179026475227,-110.46196460501496,422.5865812216493,-35.293064261470874,20.89264262800514,19.25671703170187,85.37171147106223,-939298.1701546608,6.53086648541884,19.274465705422777,738743567.8012667,18.604262196403933,20.89264262800514,-738704428807.3578,18.28029922233135,-0.5933706952363362,97.18151740059416,48.23177594855973,-19318.2063406886,-30.211805792160217,95.80505830024616,85.37171147106223,-49603174147.72671,502.3063846609479,207.2876747319748,16.00041251081628,-468638.0521205636,284975697512.0498,3.000000000000305,-0.8579830000000284,-4480421.306750142,-5.0015708402168775,389.962851841231,-21.111390845616967,0.0,-4.081857024797298e-20,0.0,4.033260249295032e-19,-155.15695351934903,0.4501294703763831,-155.15695351934903,0.0,-192.16597348722087,0.0,0.0,2810.819999999858,-14.61770000000024,0.0,0.0,0.0,0.0,0.0,0.0,0.0,0.0,0.0,0.0,0.0,3785.5299999998897,-83.4881999999937,0.0,0.0,0.0,0.0,0.0,0.0,0.0,0.0,0.0,0.0,0.0,7388.629999999903,-42.01050000000498,0.0,0.0,0.0,0.0,0.0,0.0,0.0,0.0,0.0,999.00000000017,999.00000000017,1.0000000000000124,-36.928510153163046,gaze,0.3937175227518234,0.3580293648059688,315.7427288028033,-18.946673996034296,1005.344786987754,-32.49047822126069,-17.90586792652791,-24.81069142515229,-0.0996617811374043,0.1268143630506653,0.949540326006188,4.418590768919576,29.075520726141264,-18.427318392347487,-18.59411228282256,0.3453352837432364,0.1896079010496914,0.8674370154126938,4.240121309367924,-9.03602126048787,-18.396266307053416,-23.41637711088268,0.2148192217480158,0.2177921327163854,0.8762036539887154,4.557190812242963,207.24922330724792,False,-0.2446165370937911,imu,-1.1687905712,-9.7122070136,2.2664009592,1.57773548,-18.19930895,-7.30212919,106.2132274032116,-39.27912030570631,136.7596488409486,389.962851841231,-21.111390845616967,False,-0.053590403349507,-0.9985630018525806,423.10607139091866,-33.83322215903908,33.77736087602594,85.37171147106221,False,inf
59.66283,-18590.08377248977,-111.54734439732424,422.8718570324581,-35.351642872294576,21.07242487047608,19.477682469540923,86.47139621701663,-954050.8400326668,6.604334565024606,19.49563400135619,751055622.3689424,18.78360845769141,21.07242487047608,-751190700768.6206,18.39828445334849,-0.6001455535735082,97.711456731825,48.650052677246784,-19604.578205691403,-30.532578357161544,96.3259083058955,86.47139621701663,-50440810859.67134,506.6513810297242,209.382797512038,16.15516369785221,-475937.4512374713,289787876111.3175,3.000000000000295,-0.8579830000000275,-4551205.512313072,-5.050052458448051,389.9941404098081,-21.08315751615507,0.0,-4.123553021491756e-20,0.0,4.07445983009027e-19,-156.626809392618,0.4544926944083721,-156.626809392618,0.0,-193.98489020587857,0.0,0.0,2810.819999999854,-14.617700000000212,0.0,0.0,0.0,0.0,0.0,0.0,0.0,0.0,0.0,0.0,0.0,3785.5299999998815,-83.48819999999353,0.0,0.0,0.0,0.0,0.0,0.0,0.0,0.0,0.0,0.0,0.0,7388.629999999888,-42.010500000004924,0.0,0.0,0.0,0.0,0.0,0.0,0.0,0.0,0.0,999.000000000171,999.000000000171,1.0000000000000115,-37.213462096058734,gaze,0.3527778151874969,0.5295871473755144,352.9657450011254,-19.03372438089057,1127.662959674383,-33.3076224288458,-17.65952889685762,-31.42879705172642,0.3116789777858477,-0.0101565577800381,0.9501331796861058,4.736983299255371,28.17634400977272,-18.24057838917049,-18.43229748440838,0.2772794761806509,0.0085974096369342,0.9607508400394552,3.524301767349243,-9.31062697236558,-18.438561975720216,-24.01705114830381,0.0888008143396243,0.159959921200194,0.9557857479529313,4.086137217164855,175.46555601805215,False,-1.0,imu,-0.5869450279040943,-9.64947764846136,2.359777166851989,3.16798674541962,-15.78905363267958,-6.014444900788113,106.40816194223488,-39.27540187768344,136.78738854052625,389.9941404098081,-21.08315751615507,False,-0.235165038215427,-0.9719554541238692,423.36323431707154,-33.88209962210903,35.44313653179996,86.47139621701665,False,inf
59.663178,-18601.811205812843,-111.59405031071913,422.88412544625135,-35.35415993386371,21.080158184834254,19.48719546040828,86.51872480617382,-954687.325691402,6.6074980638798655,19.505155726138447,751587057.3503175,18.791324181902567,21.080158184834254,-751729707869.1986,18.403354694188536,-0.6004372395868856,97.73422492055433,48.668044385270456,-19616.92951804237,-30.546384214357875,96.34828606073448,86.51872480617382,-50476969702.9628,506.8382747955027,209.4729751953637,16.1618247342108,-476252.37463335134,289995606714.48865,3.000000000000316,-0.8579830000000301,-4554259.729833161,-5.052138806647148,389.9954869980529,-21.081942128502646,0.0,-4.1253478016078085e-20,0.0,4.076233242270031e-19,-156.6900553329039,0.4546804605112324,-156.6900553329039,0.0,-194.0631549603561,0.0,0.0,2810.819999999865,-14.617700000000257,0.0,0.0,0.0,0.0,0.0,0.0,0.0,0.0,0.0,0.0,0.0,3785.529999999893,-83.48819999999387,0.0,0.0,0.0,0.0,0.0,0.0,0.0,0.0,0.0,0.0,0.0,7388.62999999991,-42.010500000005095,0.0,0.0,0.0,0.0,0.0,0.0,0.0,0.0,0.0,999.0000000001764,999.0000000001764,1.000000000000016,-37.225715919740935,gaze,0.3941544890161828,0.3583432607260171,353.5693823308276,-18.67245132720352,1127.9141665037591,-32.48800072516271,-17.914757284406473,-24.771479192454823,-0.0997696224598786,0.1270202254104391,0.949368363097172,4.413508735598499,28.905994118722266,-18.354184457995665,-18.588587354347,0.3449041746608784,0.1890607752049032,0.8678230511028653,4.235004248078599,-9.422171423908818,-18.426460828285133,-23.39989088362897,0.2134378230638326,0.217244334087266,0.8764367187211295,4.552651432060199,174.0137738757081,False,-0.2776081122476329,imu,-1.1849406968,-9.696056888,2.2532415976,1.35342818,-15.85903612,-8.09468165,106.41643714966068,-39.27524089457822,136.788558039676,389.9954869980529,-21.081942128502646,False,-0.0732626352526087,-0.9973126822997106,423.3742886622774,-33.88421128793932,34.22703019553132,86.51872480617382,False,inf
59.671644,-18888.93339142956,-112.73482144534552,423.1835850263642,-35.415544545741625,21.268963532177867,19.71965884463399,87.67488419015598,-970275.2964623272,6.684816778611784,19.737832547974136,764608557.1353005,18.979729472466023,21.268963532177867,-764938075984.2717,18.527018335338028,-0.6075653812496249,98.28941173605494,49.107293004510886,-19919.323620050152,-30.883647428278216,96.8939544035897,87.67488419015598,-51363036002.69343,511.4010533991676,211.6760508448237,16.324563492741348,-483965.062058951,295086008796.579,3.000000000000309,-0.8579830000000275,-4629067.799716676,-5.10309934442045,390.0283813805577,-21.05224534609195,0.0,-4.169197846112678e-20,0.0,4.1195612256230497e-19,-158.23469076172483,0.4592667809958275,-158.23469076172483,0.0,-195.97456950673973,0.0,0.0,2810.819999999854,-14.617700000000212,0.0,0.0,0.0,0.0,0.0,0.0,0.0,0.0,0.0,0.0,0.0,3785.529999999886,-83.48819999999353,0.0,0.0,0.0,0.0,0.0,0.0,0.0,0.0,0.0,0.0,0.0,7388.629999999895,-42.01050000000504,0.0,0.0,0.0,0.0,0.0,0.0,0.0,0.0,0.0,999.0000000001746,999.0000000001746,1.0000000000000124,-37.52480255457159,gaze,0.3946074517363189,0.3586774977595942,308.5939997459185,-10.69063741497489,1004.0409858494916,-32.48712493574175,-17.923401115901914,-24.73910113736129,-0.0998738559639818,0.1272008632015813,0.9492055531484478,4.4085160132557455,28.73193897950188,-18.2809227972696,-18.61036634467677,0.3444904987322935,0.1885564170716002,0.8681914393365484,4.23002190146774,-9.36553422162787,-18.45459523645028,-23.376249049382587,0.2120490250609012,0.2166891979111174,0.8766738217754839,4.548169144304161,144.40234690766923,False,-0.3126756628164618,imu,-1.1759684048,-9.6703363176,2.246063764000001,1.26370526,-13.70568604,-8.62554226,106.61555077666809,-39.27128484056871,136.81650736136115,390.0283813805577,-21.05224534609195,False,-0.0930773213373931,-0.9956588834800078,423.6439886835258,-33.9360049307018,34.66886386566615,87.67488419015598,False,inf
59.68011,-19179.57758379003,-113.88432482394498,423.48496985018255,-35.47721912797667,21.45906512102306,19.95411925644348,88.84023808562038,-986063.9951826036,6.762827043704528,19.97250825389033,777809911.1370997,19.169484589434955,21.45906512102306,-778331456569.4032,18.65129216585902,-0.6147554837526681,98.84708468342632,49.54953654891847,-20225.42226270952,-31.2236102265659,97.4420701276874,88.84023808562038,-52261501833.13911,515.9948729354745,213.897006227469,16.48863655838007,-491777.0624812932,300247643589.56323,3.000000000000305,-0.8579830000000284,-4704855.029059834,-5.1544546693612405,390.06153619395127,-21.022299274009526,0.0,-4.2134093184788773e-20,0.0,4.1632463338027327e-19,-159.790923079822,0.4638886312478098,-159.790923079822,0.0,-197.90029491192084,0.0,0.0,2810.8199999998506,-14.617700000000212,0.0,0.0,0.0,0.0,0.0,0.0,0.0,0.0,0.0,0.0,0.0,3785.529999999879,-83.48819999999341,0.0,0.0,0.0,0.0,0.0,0.0,0.0,0.0,0.0,0.0,0.0,7388.629999999874,-42.010500000005095,0.0,0.0,0.0,0.0,0.0,0.0,0.0,0.0,0.0,999.0000000001756,999.0000000001756,1.0000000000000124,-37.82577964045706,gaze,0.3950763156548832,0.3590319792478766,210.03456716533563,-7.621726585786085,687.2401237154708,-32.487842732872615,-17.93179824363801,-24.71359266791172,-0.0999745192409138,0.1273563076330269,0.949051904519056,4.403613191056209,28.55168993962976,-18.20826285456656,-18.659221536996,0.3440942706471502,0.1880948397211777,0.8685421641336275,4.225176240143912,-8.465579715092112,-18.48067482912168,-23.345332453718,0.2106531073014744,0.2161268545038399,0.8769149005804987,4.543745062555019,130.73710780495884,False,-0.3497064901390054,imu,-1.1460607648,-9.635045302400002,2.2376896248,1.05435178,-11.44765922,-8.97695703,106.81014749446436,-39.26725317948449,136.84348457809145,390.06153619395127,-21.022299274009526,False,-0.1130265986654128,-0.9935919625249228,423.9151876097249,-33.98862190932604,35.10225529350133,88.8402380856204,False,inf
59.682923,-19276.935088698352,-114.26821145370006,423.5855388971168,-35.497776116173526,21.522518244007845,20.03246757766532,89.22949397115751,-991354.8695467114,6.788901362314143,20.050928523732257,782236455.9204382,19.23283446223205,21.522518244007845,-782822961560.5874,18.692720069075666,-0.6171583179248726,99.03293426676272,49.6971463563241,-20327.955502643388,-31.33716982338217,97.62473554666062,89.22949397115751,-52562802068.77863,517.528159344182,214.63893913522853,16.54344983098023,-494394.9035112497,301978595781.7992,3.000000000000305,-0.8579830000000275,-4730255.2411262905,-5.171606279814436,390.072610403106,-21.012293696767188,0.0,-4.2281798460175526e-20,0.0,4.1778410093175214e-19,-160.31059053258713,0.4654322330884994,-160.31059053258713,0.0,-198.5433371337878,0.0,0.0,2810.819999999847,-14.617700000000198,0.0,0.0,0.0,0.0,0.0,0.0,0.0,0.0,0.0,0.0,0.0,3785.529999999879,-83.48819999999341,0.0,0.0,0.0,0.0,0.0,0.0,0.0,0.0,0.0,0.0,0.0,7388.629999999881,-42.010500000005095,0.0,0.0,0.0,0.0,0.0,0.0,0.0,0.0,0.0,999.0000000001756,999.0000000001756,1.0000000000000109,-37.926205454562734,gaze,0.1758871024563382,0.2640402679530464,175.9808000443419,-9.489787866983914,562.2274473780328,-31.828069554339628,-18.59924328584041,-27.28675974177443,0.1177285362364986,0.1804040868881547,0.9380503769083672,4.195683210873942,27.966703135584908,-18.207066680390035,-18.35382979281413,0.3411716777142058,-0.0335476462556833,0.93597044671671,3.40531246975453,-7.834638219767936,-18.431480577199217,-23.777699872101905,0.1169306728667699,0.1426535810234023,0.9520306807248528,4.029009341794732,130.70617873135873,False,-1.0,imu,-0.5883649110024952,-9.647792593795147,2.3657176154799298,3.087198609838771,-10.809080402040006,-6.6049846536724885,106.87373401989936,-39.2658970208645,136.85223115299206,390.072610403106,-21.012293696767188,False,-0.2247643199526622,-0.9744131569699874,424.0056335789254,-34.00629046142651,35.985371084561685,89.22949397115752,False,inf
59.688576,-19473.775977721347,-115.04260742091552,423.7882898406192,-35.53918471391367,21.65046942333716,20.19058881444185,90.01483511528352,-1002055.3467719852,6.841533291316788,20.209194973427778,791192976.0268551,19.360596072965777,21.65046942333716,-791911786465.1423,18.776178209531643,-0.6220079119438245,99.40725060226885,49.99478980858026,-20535.25926593314,-31.566287452600324,97.99264003561645,90.01483511528352,-53172496878.48295,520.6198863575642,216.13594628561395,16.654051731722966,-499689.33004878974,305481256083.0349,3.000000000000316,-0.8579830000000301,-4781630.992496367,-5.206207005419443,390.09495264640873,-20.9921026845436,0.0,-4.2579843872935195e-20,0.0,4.2072907095776263e-19,-161.358815788459,0.4685462114160874,-161.358815788459,0.0,-199.840409239636,0.0,0.0,2810.819999999858,-14.617700000000257,0.0,0.0,0.0,0.0,0.0,0.0,0.0,0.0,0.0,0.0,0.0,3785.5299999998815,-83.48819999999364,0.0,0.0,0.0,0.0,0.0,0.0,0.0,0.0,0.0,0.0,0.0,7388.629999999903,-42.01050000000515,0.0,0.0,0.0,0.0,0.0,0.0,0.0,0.0,0.0,999.00000000018,999.00000000018,1.000000000000013,-38.12865679356267,gaze,0.3955609810507053,0.3594066033656194,109.73108369850095,-16.916460344367096,317.88880454164644,-32.49014496625165,-17.939947572655033,-24.69497517144424,-0.1000716489517,0.1274865952922993,0.9489074231310204,4.398800831585206,28.36394156198251,-18.136896924036616,-18.73434501970858,0.3437155012902974,0.1876760456369715,0.8688752136421543,4.220469175237442,-6.793215096206123,-18.50470811042875,-23.30709036063418,0.2092503485793594,0.2155574341812399,0.8771598923443921,4.539380274773653,136.07643584528032,False,-0.3885764025595412,imu,-1.1562293624,-9.6039413568,2.237091472,1.1440747,-9.22701695,-9.33584871,106.99980662781776,-39.26314693909922,136.8694782623347,390.09495264640873,-20.9921026845436,False,-0.1331021950292148,-0.991102318470906,424.1879022215704,-34.04208119545192,35.52658215234038,90.01483511528353,False,inf
59.697043,-19771.59635035385,-116.20985475183592,424.0935911284264,-35.60144971050579,21.84320577291852,20.429107974164705,91.19886445340369,-1018253.213611096,6.920949392739794,20.4479331990816,804761234.6128191,19.55309329780449,21.84320577291852,-805682653632.3516,18.901693354235576,-0.6293238997689102,99.96998294516528,50.44312075071197,-20848.90592172771,-31.911734961639898,98.54573640303612,91.19886445340369,-54096261578.61534,525.2767989737769,218.39324402951885,16.82083662030318,-507703.7775611368,310788227550.82263,3.00000000000032,-0.8579830000000284,-4859414.572855946,-5.258364768475562,390.1286359428405,-20.96165073518023,0.0,-4.3029305596623934e-20,0.0,4.2517017706766603e-19,-162.93861989518604,0.4732402789077363,-162.93861989518604,0.0,-201.79522256420128,0.0,0.0,2810.819999999854,-14.617700000000257,0.0,0.0,0.0,0.0,0.0,0.0,0.0,0.0,0.0,0.0,0.0,3785.529999999879,-83.48819999999341,0.0,0.0,0.0,0.0,0.0,0.0,0.0,0.0,0.0,0.0,0.0,7388.629999999895,-42.01050000000515,0.0,0.0,0.0,0.0,0.0,0.0,0.0,0.0,0.0,999.000000000181,999.000000000181,1.000000000000013,-38.43347977794074,gaze,0.396061403816368,0.3598013109748495,36.9075879705731,-19.84862495301145,55.60994011262244,-32.49402200288263,-17.947849008168674,-24.68325470529705,-0.1001652916918692,0.1275917790342482,0.9487720970505472,4.394078918769601,28.16779606500868,-18.0674656670483,-18.8343125404978,0.3433541561244833,0.1872999849186623,0.8691906163110121,4.215902027763816,-4.709336261721552,-18.52670915567997,-23.261536823586013,0.2078408600602173,0.2149809987651365,0.8774087636797112,4.535075338625189,145.34174546625823,False,-0.4291545036418687,imu,-1.1287143336,-9.5997542872,2.2352970136,1.30856672,-7.170866699999999,-9.3283718,107.18413049121422,-39.25896664117664,136.89448067064296,390.1286359428405,-20.96165073518023,False,-0.1532978130191459,-0.9881800344691988,424.4621824277783,-34.0964083642159,35.94125476800339,91.1988644534037,False,inf
59.702902,-19979.79951352935,-117.02276038806971,424.3059979177983,-35.644707430561795,21.977345618050386,20.595348601371164,92.02365639072312,-1029582.644760102,6.976316280518293,20.614326521352105,814258690.224714,19.687099161950417,21.977345618050386,-815323468050.1968,18.98890813733975,-0.6344233237416136,100.36085018342014,50.75513591740818,-21068.17022092709,-32.15238394510852,98.9299129804986,92.02365639072312,-54742970828.82688,528.5177285155504,219.96589844966692,16.937043112658262,-513309.4009659537,314503531336.9525,3.0000000000003126,-0.8579830000000284,-4913828.99144427,-5.29469188289347,390.1520986806581,-20.94043051693245,0.0,-4.334247766105077e-20,0.0,4.28264612689162e-19,-164.03871236230847,0.476509627786725,-164.03871236230847,0.0,-203.1564280916269,0.0,0.0,2810.819999999844,-14.617700000000212,0.0,0.0,0.0,0.0,0.0,0.0,0.0,0.0,0.0,0.0,0.0,3785.529999999879,-83.48819999999318,0.0,0.0,0.0,0.0,0.0,0.0,0.0,0.0,0.0,0.0,0.0,7388.629999999888,-42.01050000000521,0.0,0.0,0.0,0.0,0.0,0.0,0.0,0.0,0.0,999.0000000001792,999.0000000001792,1.0000000000000124,-38.64553469527052,gaze,0.0,0.0,0.0,0.0,0.0,-30.35691109717775,-19.53362609465362,-23.168222767927,-0.0751215046590256,0.3698835633140324,0.926036127334068,3.657454252243042,27.75825168356691,-18.17374510423294,-18.27580729690206,0.4047013793236556,-0.0754535872141495,0.9113306478715876,3.286998271942139,-1.5764027915116707,-18.51207587344851,-22.64481517664852,0.1678935075906693,0.1213847697806469,0.9431430142020986,3.8828461881463534,141.96083128898047,False,-1.0,imu,-0.5897376709751722,-9.64607788779648,2.3717956954333763,2.967373813569634,-6.651274038012764,-7.061632223716164,107.30832359326536,-39.256031415444646,136.9111945085461,390.1520986806581,-20.94043051693245,False,-0.2112055012729068,-0.9774416791973116,424.6528862009964,-34.13451621121905,36.50917117040855,92.02365639072312,False,inf
59.705509,-20073.00094171828,-117.38583839837996,424.4008115915517,-35.66400044846728,22.037235157958165,20.669632607870216,92.39209536753336,-1034655.719219923,7.0010610578462025,20.68867876238018,818513364.288935,19.7469373724619,22.037235157958165,-819642769260.4753,19.02780998327912,-0.6367020866400636,100.53515563517536,50.89443836121464,-21166.322376216576,-32.259886101693425,99.10123539300778,92.39209536753336,-55032709232.45553,529.9646647191705,220.6684720055393,16.988959686435447,-515819.4783470852,316168059861.6843,3.0000000000003304,-0.8579830000000319,-4938197.0969324,-5.310917878748701,390.162579341134,-20.93094938449332,0.0,-4.3482394044883807e-20,0.0,4.2964711863797736e-19,-164.53002619590706,0.4779699265668258,-164.53002619590706,0.0,-203.7643517662058,0.0,0.0,2810.819999999854,-14.617700000000283,0.0,0.0,0.0,0.0,0.0,0.0,0.0,0.0,0.0,0.0,0.0,3785.529999999886,-83.48819999999341,0.0,0.0,0.0,0.0,0.0,0.0,0.0,0.0,0.0,0.0,0.0,7388.629999999888,-42.01050000000538,0.0,0.0,0.0,0.0,0.0,0.0,0.0,0.0,0.0,999.000000000182,999.000000000182,1.000000000000013,-38.74018627501709,gaze,0.3965773572426662,0.3602158968445417,-11.830370611997674,17.546021233875965,13.476687869036464,-32.499461721399605,-17.955499751420383,-24.67842680673649,-0.1002554601764542,0.1276718812052197,0.9486459593579484,4.389449078084867,27.962928415638544,-18.00058426994033,-18.95698390587532,0.3430103238625099,0.1869667279815949,0.8694882939419941,4.211477670090171,-2.67985851118302,-18.546687344233018,-23.20877525631144,0.2064252519214951,0.2143978147189121,0.8776613925817776,4.530832308271043,136.35536396801237,False,-0.4712837179536493,imu,-1.0922270128,-9.614708107200002,2.2335025552,1.58521239,-5.12967027,-9.08911068,107.36265937328874,-39.25471428508885,136.91847603914536,390.162579341134,-20.93094938449332,False,-0.1735995675484545,-0.9848163230506436,424.737981525396,-34.151609812516554,36.34552138011184,92.39209536753336,False,inf
59.708634,-20185.17753376106,-117.82217338891915,424.5147099349592,-35.6871636639612,22.109189744178696,20.75893220707325,92.8349151196499,-1040762.8515298368,7.030811175148475,20.778060391538787,823636841.1748897,19.81883715892213,22.109189744178696,-824844399840.458,19.07451873191245,-0.6394415570937251,100.7444089561396,51.06180132909617,-21284.457017143104,-32.389093321814045,99.30690809677606,92.8349151196499,-55381632716.53478,531.7030571716078,221.51293125436376,17.05136254140931,-518841.1916582277,318172602629.55273,3.00000000000032,-0.8579830000000293,-4967534.255499782,-5.3304183680160415,390.1751756175927,-20.91955262022836,0.0,-4.365057382638278e-20,0.0,4.313088936352301e-19,-165.12044325083846,0.4797249214999187,-165.12044325083846,0.0,-204.49489504105503,0.0,0.0,2810.819999999847,-14.61770000000024,0.0,0.0,0.0,0.0,0.0,0.0,0.0,0.0,0.0,0.0,0.0,3785.529999999875,-83.4881999999933,0.0,0.0,0.0,0.0,0.0,0.0,0.0,0.0,0.0,0.0,0.0,7388.629999999874,-42.01050000000521,0.0,0.0,0.0,0.0,0.0,0.0,0.0,0.0,0.0,999.000000000181,999.000000000181,1.0000000000000115,-38.8538858142104,gaze,0.396771724540079,0.3603739415430376,-27.552919807191035,45.89843548090183,59.04732124682194,-32.50186220859712,-17.958260541062206,-24.67838214865368,-0.1002878752313547,0.1276951248028523,0.9486017164069264,4.387763315487405,27.885118128520325,-17.976649114806598,-19.00746072270972,0.3428878215743323,0.186854513723306,0.8695937044814813,4.209880826375775,-2.027728602389939,-18.55355469192804,-23.187508127004666,0.2059011844755448,0.2141808513498605,0.8777555880736627,4.529281822031271,126.5064522505856,False,-0.4871963285074999,imu,-0.5901242172488489,-9.645578979508793,2.373570177952465,2.926055888991953,-5.607143493269362,-7.17040390329027,109.5718164,-40.08237160000001,137.2150464,390.1751756175927,-20.91955262022836,False,-0.1811189526618306,-0.9834611964824448,424.8401811582173,-34.17221235027786,36.49199567534348,92.8349151196499,False,inf
59.713975,-20378.057495058107,-118.5707431507828,424.70999720015016,-35.726845305155564,22.232586799357183,20.91220302513331,93.59471625298052,-1051266.7263024747,7.081882111245343,20.93147200971492,832452851.6677254,19.94215754805767,22.232586799357183,-833795725964.3589,19.1545449192802,-0.6441437017270986,101.10284183559516,51.34881034444652,-21487.579884723586,-32.61079650663935,99.65920899738698,93.59471625298052,-55982080588.40576,534.6841861734032,222.9620018749609,17.15844843523675,-524038.3454187049,321622136061.2738,3.000000000000316,-0.8579830000000293,-5017997.45401873,-5.363874721153494,390.1967880210459,-20.899993813087463,0.0,-4.3939184024646274e-20,0.0,4.341606348317715e-19,-166.13328476609743,0.4827359090135811,-166.13328476609743,0.0,-205.74810576532207,0.0,0.0,2810.819999999847,-14.617700000000228,0.0,0.0,0.0,0.0,0.0,0.0,0.0,0.0,0.0,0.0,0.0,3785.529999999875,-83.4881999999933,0.0,0.0,0.0,0.0,0.0,0.0,0.0,0.0,0.0,0.0,0.0,7388.629999999881,-42.01050000000527,0.0,0.0,0.0,0.0,0.0,0.0,0.0,0.0,0.0,999.000000000182,999.000000000182,1.0000000000000109,-39.04882188971819,gaze,0.3971087867061802,0.3606502894310855,-56.17405611113223,111.577457010505,198.9215461772764,-32.50645228474476,-17.96289989835208,-24.68046858736229,-0.1003421996023527,0.1277269681188385,0.9485289922731251,4.384911230569701,27.749518810661023,-17.936786714867264,-19.09952484913508,0.3426839604332468,0.186676199164421,0.8697682851617463,4.207197289586769,-1.0950506777043127,-18.56466283338053,-23.148968315563625,0.2050036344779445,0.2138079446344512,0.8779177448053056,4.526651683717918,103.99776073789342,False,-0.5148094729988063,imu,-1.055739692,-9.597361676,2.222137652,1.74970441,-3.36511951,-8.70778827,107.53500366705092,-39.250390385381934,136.94145829272952,390.1967880210459,-20.899993813087463,False,-0.1940002915150665,-0.981001471401582,425.0153505777782,-34.20771123774375,36.73876216002587,93.59471625298052,False,inf
59.722441,-20686.798988538663,-119.76461662344728,425.02115801662967,-35.78998532383781,22.42926725334041,21.156831531586,94.80677637543226,-1068088.2089848816,7.1634170577267575,21.17632525781237,846581604.6180549,20.138760440246,22.42926725334041,-848143514747.862,19.281900200842543,-0.6516491151792957,101.67304839881396,51.8062516810485,-21812.713088992088,-32.964481223627324,100.21966403334127,94.80677637543226,-56944508953.803246,539.4355182558253,225.2739401681462,17.32931078230252,-532361.357376219,327151221952.4188,3.00000000000032,-0.8579830000000293,-5098825.468665576,-5.417237552288354,390.231263202681,-20.868782779869605,0.0,-4.439969756019829e-20,0.0,4.3871094326977e-19,-167.74846002008658,0.4875384293351711,-167.74846002008658,0.0,-207.74656374297768,0.0,0.0,2810.819999999844,-14.61770000000024,0.0,0.0,0.0,0.0,0.0,0.0,0.0,0.0,0.0,0.0,0.0,3785.529999999868,-83.48819999999307,0.0,0.0,0.0,0.0,0.0,0.0,0.0,0.0,0.0,0.0,0.0,7388.629999999881,-42.01050000000532,0.0,0.0,0.0,0.0,0.0,0.0,0.0,0.0,0.0,999.0000000001846,999.0000000001846,1.0000000000000109,-39.35939637224613,gaze,0.3976555751499269,0.3611043668187374,-113.19055278309992,245.4814063152422,510.6739715653921,-32.51498051740504,-17.970048676554573,-24.68934551306895,-0.1004255430112618,0.1277570973518142,0.9484211921924875,4.380465834594942,27.52841566282854,-17.876552475610467,-19.25831315671267,0.3423750617808835,0.1864283595330605,0.8700305942953451,4.203062563493965,-0.1687200010744322,-18.58065581180283,-23.082360745371872,0.2035762833040012,0.2132115187420249,0.8781777567449229,4.52253445199489,67.64305721167977,False,-0.5595606118155717,imu,-0.9708019944,-9.5800152448,2.22811918,1.80951969,-1.87721442,-8.62554226,107.70075753910984,-39.24599593813749,136.96341910438576,390.231263202681,-20.868782779869605,False,-0.2144900006575578,-0.9767261845665453,425.2943090389728,-34.26473205995245,37.12029214885672,94.80677637543224,False,inf
59.722994,-20707.095020169203,-119.8429137586035,425.0415520393922,-35.79411993114874,22.44216083238996,21.17288259461709,94.88627787489172,-1069194.360660076,7.16876787591954,21.192391067767684,847511127.3603085,20.15165082983819,22.44216083238996,-849087540616.394,19.290240693908665,-0.6521415982194892,101.7103822070034,51.83623894968559,-21834.086505939456,-32.987680835246465,100.25635951537078,94.88627787489172,-57007832382.44572,539.7469862814183,225.425599268664,17.34051951087412,-532908.664491737,327515010700.17737,3.000000000000334,-0.8579830000000301,-5104141.155179317,-5.420737397900326,390.23352442691385,-20.86673515375836,0.0,-4.442990843652294e-20,0.0,4.390094552456754e-19,-167.85437960476563,0.4878534066171537,-167.85437960476563,0.0,-207.877616729157,0.0,0.0,2810.8199999998506,-14.61770000000027,0.0,0.0,0.0,0.0,0.0,0.0,0.0,0.0,0.0,0.0,0.0,3785.5299999998815,-83.48819999999318,0.0,0.0,0.0,0.0,0.0,0.0,0.0,0.0,0.0,0.0,0.0,7388.629999999903,-42.01050000000538,0.0,0.0,0.0,0.0,0.0,0.0,0.0,0.0,0.0,999.0000000001857,999.0000000001857,1.0000000000000124,-39.379750823716414,gaze,0.3020432749995649,0.064453866524043,-115.8422129082618,254.759061723668,532.0829567659612,-30.11418197221059,-19.68299231424374,-22.57682673028568,-0.1200175227549286,0.4010968997613132,0.9062868110094884,3.582545904992687,27.73368269268825,-18.168863291502465,-18.34564909893696,0.4533777286406594,-0.1000703581375866,0.8835777590160678,3.2348924415444107,-1.7076957246424562,-18.513284672718736,-22.43291107577515,0.2008166789221253,0.0997786734665028,0.9318824945299587,3.7718823649860393,65.8060847508242,False,-1.0,imu,-0.5910781251369526,-9.644315924778702,2.378074232068451,2.8096458965566984,-3.271092388819276,-7.402476775527123,107.71134570419588,-39.24570646151307,136.96481786177847,390.23352442691385,-20.86673515375836,False,-0.2661730304562278,-0.9639252657015212,425.3125864145799,-34.26848912146161,37.38077961403345,94.88627787489172,False,inf
59.730907,-20999.2585976194,-120.96750659141831,425.3343041384178,-35.85342155026859,22.627283097279363,21.403530479829566,96.02832516194336,-1085122.1537911892,7.245670420325349,21.423250870408268,860901543.9165943,20.33675268361252,22.627283097279363,-862688140271.9348,19.40987787028012,-0.6592186984768751,102.24578218034344,52.2667773994846,-22141.75683775251,-33.32095535095337,100.78260732161236,96.02832516194336,-57920128549.54393,544.2188163792405,227.60439381425184,17.50155467210186,-540789.4989808844,332756088585.8871,3.000000000000334,-0.8579830000000301,-5180691.028403491,-5.47100863694984,390.266006109136,-20.837315040392667,0.0,-4.486395676082689e-20,0.0,4.432982624125748e-19,-169.37561660146548,0.4923776913565719,-169.37561660146548,0.0,-209.759805161236,0.0,0.0,2810.819999999844,-14.617700000000257,0.0,0.0,0.0,0.0,0.0,0.0,0.0,0.0,0.0,0.0,0.0,3785.529999999875,-83.48819999999307,0.0,0.0,0.0,0.0,0.0,0.0,0.0,0.0,0.0,0.0,0.0,7388.629999999888,-42.01050000000549,0.0,0.0,0.0,0.0,0.0,0.0,0.0,0.0,0.0,999.0000000001864,999.0000000001864,1.0000000000000124,-39.67191950645534,gaze,0.3982176013130923,0.3615780022132214,-178.88297696244652,382.0397054581517,813.887815631559,-32.525032294898296,-17.97694539247263,-24.705010040474008,-0.1005055225654422,0.1277623315965522,0.9483225531867964,4.376113323005322,27.30118328053321,-17.82029183227733,-19.42890216315616,0.3420836201843208,0.1862231600333962,0.8702752296279733,4.199075111588834,0.0538756491850093,-18.594689103726573,-23.00927660699367,0.2021434731329128,0.2126086672292338,0.8784413646089749,4.518481575285937,52.97616263688881,False,-0.6053539884768909,imu,-0.9534555632,-9.593174606400002,2.2239321104,2.02635008,-0.9949390400000002,-8.90218793,107.85952246223754,-39.24153193162456,136.9843508969398,390.266006109136,-20.837315040392667,False,-0.2350582653622361,-0.9719812816535596,425.5748770736765,-34.322691769144235,37.48941091547079,96.02832516194336,False,inf
59.739373,-21315.469695642023,-122.17946099064898,425.6494456980295,-35.91715503269364,22.826640929726665,21.65231226952165,97.25941220119611,-1102370.5596826077,7.328646740357168,21.67226125833469,875414603.2914124,20.536140931698583,22.826640929726665,-877431620901.3695,19.53847997361975,-0.6668528244332882,102.82105003879144,52.7304025761193,-22474.746187338573,-33.68023403814428,101.34804568649125,97.25941220119611,-58909074513.2065,549.0342364507026,229.95347014196017,17.675188078028448,-549323.7611743517,338437512278.33777,3.000000000000341,-0.8579830000000328,-5263604.083944511,-5.525190248147489,390.3010179664925,-20.80558934685192,0.0,-4.5331983820981584e-20,0.0,4.479228115622746e-19,-171.0148193834974,0.4972538996419014,-171.0148193834974,0.0,-211.7879097632965,0.0,0.0,2810.819999999847,-14.61770000000027,0.0,0.0,0.0,0.0,0.0,0.0,0.0,0.0,0.0,0.0,0.0,3785.529999999872,-83.4881999999933,0.0,0.0,0.0,0.0,0.0,0.0,0.0,0.0,0.0,0.0,0.0,7388.629999999888,-42.01050000000549,0.0,0.0,0.0,0.0,0.0,0.0,0.0,0.0,0.0,999.00000000019,999.00000000019,1.0000000000000124,-39.98640110991211,gaze,0.3987947397830315,0.3620710639993084,-223.61820048109365,482.43898277582576,1015.2080362739966,-32.536592568123865,-17.983589430692568,-24.727402044990203,-0.1005821695578657,0.1277427386085761,0.948233067023434,4.371854103330111,27.07013810650063,-17.7683415328431,-19.60605266825021,0.3418096242850754,0.1860605415848758,0.8705022033713068,4.19523649658812,-0.335571720237216,-18.60678805472542,-22.930121458623635,0.2007054778421818,0.2119995202324893,0.8787085044263697,4.514493991084747,72.4070913452607,False,-0.6519943688988492,imu,-0.9295294512,-9.588389384,2.2113709016,2.5646876,0.02939763,-8.93209557,108.01090865366145,-39.23699934634369,137.004246832944,390.3010179664925,-20.80558934685192,False,-0.2556942043756324,-0.9667577120709782,425.8570755739201,-34.381609906480264,37.84540267840202,97.25941220119611,False,inf
59.742975,-21451.15278860076,-122.69786759688206,425.78413549363086,-35.94436189766762,22.911869595766447,21.758795264278504,97.7861031951552,-1109774.706592977,7.3641707406894845,21.77884210318521,881648464.2745922,20.62139893169049,22.911869595766447,-883765278449.0596,19.59338572805658,-0.6701205537044992,103.06657740886926,52.92860318981526,-22617.62714344221,-33.83394930109061,101.58937910069852,97.7861031951552,-59333912430.70959,551.0928158436991,230.95859721258063,17.749486611667656,-552987.229157513,340878175063.1404,3.000000000000337,-0.8579830000000301,-5299200.917402277,-5.54836776132436,390.315996200452,-20.7920125950713,0.0,-4.553226173076464e-20,0.0,4.499017463632063e-19,-171.7159142658418,0.4993398173143807,-171.7159142658418,0.0,-212.6553272601645,0.0,0.0,2810.81999999984,-14.617700000000212,0.0,0.0,0.0,0.0,0.0,0.0,0.0,0.0,0.0,0.0,0.0,3785.529999999872,-83.48819999999284,0.0,0.0,0.0,0.0,0.0,0.0,0.0,0.0,0.0,0.0,0.0,7388.629999999881,-42.01050000000544,0.0,0.0,0.0,0.0,0.0,0.0,0.0,0.0,0.0,999.0000000001874,999.0000000001874,1.0000000000000115,-40.12079882821949,gaze,0.6024178856788031,0.1285516520614264,-231.04444544461165,508.1106848722548,1061.226374999205,-29.8727938253875,-19.8315333471738,-21.98869791144669,-0.1646655088973923,0.432137795418949,0.8866466014991617,3.50805139541626,27.70924943533476,-18.16400844877065,-18.41510505386725,0.5017851612358818,-0.1245511315708574,0.8559781934067593,3.183074474334717,-1.61353479210137,-18.62611858528357,-21.8271992930089,0.2047918400806053,0.1048340474061068,0.9154760983487772,3.631529748770634,89.60430628940269,False,-1.0,imu,-0.5923705312245306,-9.642528201498166,2.3844770371782804,2.6187093616331607,-0.6282781856840571,-7.63670338694492,108.07298740044952,-39.2350503254744,137.01239624825425,390.315996200452,-20.7920125950713,False,-0.3211917756309088,-0.947014172685427,425.9776413095539,-34.406973040155,38.145096660098496,97.7861031951552,False,inf
59.747839,-21635.4658544159,-123.4005279182557,425.9665928631253,-35.981186821852674,23.027347370448737,21.90318934746125,98.50008724374874,-1119835.4380957484,7.412350577454485,21.923368879605057,890122729.4654413,20.736931857023787,23.027347370448737,-892375988751.4319,19.66770856060257,-0.6745518671974446,103.39885883583072,53.19714233529073,-22811.716402300768,-34.042332486038895,101.91598595578876,98.50008724374874,-59911482902.169136,553.8819348722685,232.3212768801915,17.85021900245,-557965.1410979491,344196274630.219,3.000000000000341,-0.8579830000000328,-5347574.649382947,-5.579784667118193,390.3363000038312,-20.773604448081382,0.0,-4.5803801020432674e-20,0.0,4.525848108640065e-19,-172.6661334695148,0.5021672594957137,-172.6661334695148,0.0,-213.83095757397928,0.0,0.0,2810.819999999836,-14.61770000000027,0.0,0.0,0.0,0.0,0.0,0.0,0.0,0.0,0.0,0.0,0.0,3785.529999999868,-83.48819999999307,0.0,0.0,0.0,0.0,0.0,0.0,0.0,0.0,0.0,0.0,0.0,7388.629999999888,-42.01050000000555,0.0,0.0,0.0,0.0,0.0,0.0,0.0,0.0,0.0,999.000000000192,999.000000000192,1.0000000000000124,-40.302851033951534,gaze,0.3993868610472633,0.3625834157983909,-227.44738687921,525.906032016037,1089.2221047805008,-32.54964538771344,-17.98998025322975,-24.75644924889768,-0.1006555144223621,0.1276983911539513,0.9481527231886764,4.367688557993829,26.8382867344048,-17.720966271951777,-19.783991823956416,0.3415530591151855,0.1859404351741135,0.8707115316299037,4.1915482245512345,-1.14030799578045,-18.61698041752068,-22.845384535102937,0.1992625704390222,0.2113842078285003,0.8789791120534212,4.510572612349568,117.22774060758212,False,-0.6992743316487172,imu,-0.9217534648,-9.5752300224,2.2155579712,2.75908726,0.91167301,-8.71526518,108.15453651335476,-39.23239915507107,137.02310080456846,390.3363000038312,-20.773604448081382,False,-0.2763864788966628,-0.961046572379874,426.14092617555167,-34.441506044490545,38.18753645381229,98.50008724374872,False,inf
59.756397,-21962.820841450128,-124.64417500830248,426.2892352893496,-36.04621870554507,23.231612332595184,22.15893501671031,99.76404047085276,-1137712.185759008,7.497708112626348,22.17934958589622,905190945.8844703,20.941337226888624,23.231612332595184,-907689017604.8014,19.798980301554376,-0.6824009372718121,103.9855361890425,53.67213516648509,-23156.430647112466,-34.411247305571514,102.49264783316625,99.76404047085276,-60938606853.00406,558.8152796727352,234.73396169759232,18.02858056116054,-566810.320487927,350097024009.3977,3.000000000000337,-0.8579830000000319,-5433542.812835257,-5.635394260002604,390.37224130775166,-20.741007244108232,0.0,-4.628462041411712e-20,0.0,4.573357603404036e-19,-174.3477684645936,0.5071719823471804,-174.3477684645936,0.0,-215.9114767697394,0.0,0.0,2810.819999999836,-14.61770000000024,0.0,0.0,0.0,0.0,0.0,0.0,0.0,0.0,0.0,0.0,0.0,3785.529999999868,-83.48819999999307,0.0,0.0,0.0,0.0,0.0,0.0,0.0,0.0,0.0,0.0,0.0,7388.629999999888,-42.01050000000555,0.0,0.0,0.0,0.0,0.0,0.0,0.0,0.0,0.0,999.000000000192,999.000000000192,1.0000000000000142,-40.6247504232648,gaze,0.4000005085495569,0.3631207969871027,-221.2310784121278,525.0212303721548,1077.0732451558572,-32.564339851142016,-17.996182696342053,-24.792490466267147,-0.1007263303515018,0.1276284816325978,0.9480807851158431,4.363573317122637,26.60676071182808,-17.677926548352627,-19.95860105679674,0.3413114028092137,0.185862150622549,0.8709052208759062,4.187974153283347,-2.1004021627758336,-18.625376415501936,-22.7546405446662,0.1977992680660546,0.2107560751695329,0.87925611931557,4.50667681487749,158.34348670101355,False,-0.7474939857935801,imu,-0.906201492,-9.5925764536,2.2364933192,3.03573293,1.68927165,-8.19935839,108.29146460383822,-39.227681245953406,137.04109515747643,390.37224130775166,-20.741007244108232,False,-0.2973488337808062,-0.954768909762564,426.42956335684187,-34.503067049526166,38.518542495330216,99.76404047085276,False,inf
59.763068,-22220.72457702924,-125.6201281666091,426.54217197288335,-36.097124218868856,23.391802717723888,22.359792085658697,100.75616160572956,-1151803.39660877,7.564766602344725,22.380391261294445,917077635.361726,21.101675448224647,23.391802717723888,-919770783272.6128,19.901754045174243,-0.6885658473199012,104.44466410170156,54.04462246994645,-23428.007117128665,-34.70083748057104,102.9439409268418,100.75616160572956,-61748984356.84628,562.683936451881,236.62808381913013,18.1686157022075,-573782.4758450915,354752580011.042,3.000000000000348,-0.8579830000000328,-5501318.740144447,-5.679037904452795,390.4004508932976,-20.715412146701823,0.0,-4.666213822723328e-20,0.0,4.610659926884558e-19,-175.66728396787065,0.511099800010001,-175.66728396787065,0.0,-217.543951940953,0.0,0.0,2810.81999999984,-14.61770000000027,0.0,0.0,0.0,0.0,0.0,0.0,0.0,0.0,0.0,0.0,0.0,3785.529999999872,-83.48819999999296,0.0,0.0,0.0,0.0,0.0,0.0,0.0,0.0,0.0,0.0,0.0,7388.629999999888,-42.01050000000566,0.0,0.0,0.0,0.0,0.0,0.0,0.0,0.0,0.0,999.0000000001957,999.0000000001957,1.000000000000015,-40.87708104460064,gaze,0.6083238407053108,0.1207231162454673,-243.3634505121642,515.7916722764242,1055.0436256980524,-29.834956819144345,-19.85288525393466,-21.89108444052579,-0.1747799841331856,0.4384424094742899,0.8815059212711087,3.484491628541713,26.933777152845227,-17.374254184022462,-20.155036783549388,0.45964265459298,0.0235460642160519,0.8742247476393389,3.6006750571533868,-1.3905249168239742,-18.75882180047648,-21.04570196180294,0.1743822617299349,0.1511888095894514,0.8999607632672658,3.5139179106796825,166.2209663848515,False,-1.0,imu,-0.5936284984673955,-9.640696634054793,2.391069281827229,2.395248263117683,1.4445568893815086,-7.780001797893229,108.39220534202694,-39.22395702021366,137.05437642762914,390.4004508932976,-20.715412146701823,False,-0.3415599737386143,-0.9398599812417152,426.6557594633029,-34.55177413490076,38.80086106984493,100.75616160572956,False,inf
59.764954,-22294.0742582793,-125.897086113548,426.61391008537566,-36.11154992859022,23.437244928572,22.416817218598496,101.03774451929957,-1155812.179737389,7.583808382501841,22.43746880777823,920460735.8238244,21.147165556394,23.437244928572,-923209715721.6836,19.930880987362443,-0.6903161867300853,104.57475510353044,54.15028580007948,-23505.244849457675,-34.78303127871349,103.07181249381442,101.03774451929957,-61979647357.692,563.7813487803301,237.16572350866176,18.208365615269184,-575765.9734133556,356077720858.703,3.0000000000003446,-0.8579830000000337,-5520602.130241189,-5.691423821584929,390.40845698182966,-20.70814644530612,0.0,-4.676930194356774e-20,0.0,4.6212487136182485e-19,-176.0417152156793,0.5122145012282898,-176.0417152156793,0.0,-218.00718520719067,0.0,0.0,2810.819999999836,-14.61770000000024,0.0,0.0,0.0,0.0,0.0,0.0,0.0,0.0,0.0,0.0,0.0,3785.529999999868,-83.48819999999284,0.0,0.0,0.0,0.0,0.0,0.0,0.0,0.0,0.0,0.0,0.0,7388.629999999881,-42.01050000000561,0.0,0.0,0.0,0.0,0.0,0.0,0.0,0.0,0.0,999.0000000001946,999.0000000001946,1.0000000000000142,-40.948643522098926,gaze,0.4006291133200154,0.3636775287885717,-256.2770004092753,514.4607473157898,1051.1978677252496,-32.58052204018304,-18.00212484249779,-24.835142585217696,-0.1007938242177492,0.1275334540892901,0.9480181673528036,4.359554970497642,26.382310273063407,-17.639903863472426,-20.12198072661093,0.3410875414414717,0.1858271364870689,0.8710809045672717,4.18455702138836,-2.88736458594974,-18.6318875144592,-22.65947746605769,0.1963316762218417,0.2101219838883047,0.8795365048938589,4.502850913267653,163.3452134872738,False,-0.795897195689812,imu,-0.8888550608000001,-9.600352440000002,2.2269228744,3.45443989,2.36967046,-7.69840542,108.41970782935344,-39.2228967916648,137.05801252892124,390.40845698182966,-20.70814644530612,False,-0.3183415629543329,-0.9479760805504496,426.7199015359959,-34.56566027780805,38.83380349968343,101.03774451929957,False,inf
59.773512,-22629.33882450534,-127.15960425396209,426.94070374799367,-36.17719685369494,23.644300123785086,22.676909230250427,102.32154897887472,-1174141.7671172025,7.670676277745408,22.697799889481683,935937719.6824744,21.35447190415237,23.644300123785086,-938943852716.7684,20.06344357541944,-0.6982998561944339,105.16666039201576,54.63172176386587,-23858.277612269165,-35.15778716198203,103.65362236695952,102.32154897887472,-63034991147.96288,568.7814659861026,239.61724320108732,18.38962454122733,-584835.2423884799,362140586880.7897,3.000000000000348,-0.8579830000000337,-5608783.491527544,-5.747888829385198,390.4449567694387,-20.675013068459123,0.0,-4.725798217043367e-20,0.0,4.669534932862445e-19,-177.74843760511118,0.5172962090756646,-177.74843760511118,0.0,-220.11865624403325,0.0,0.0,2810.819999999844,-14.617700000000283,0.0,0.0,0.0,0.0,0.0,0.0,0.0,0.0,0.0,0.0,0.0,3785.529999999868,-83.48819999999284,0.0,0.0,0.0,0.0,0.0,0.0,0.0,0.0,0.0,0.0,0.0,7388.629999999895,-42.01050000000578,0.0,0.0,0.0,0.0,0.0,0.0,0.0,0.0,0.0,999.0000000001992,999.0000000001992,1.000000000000015,-41.27461631351763,gaze,0.4012726760657081,0.3642535859872725,-310.49356146520074,516.4207979924107,1049.9393615324364,-32.598176611410416,-18.00780776163364,-24.884305740256288,-0.100858040616979,0.1274133767508966,0.9479648374379178,4.355632897021786,26.169469610317115,-17.60696413950898,-20.26881328677072,0.3408813961597087,0.1858352829447002,0.8712386523169666,4.181297411748635,-3.172674076769695,-18.63655068511472,-22.56065220691314,0.1948597310656974,0.2094819198919205,0.8798202675758563,4.499094880791545,132.7626497902465,False,-0.8442424494061943,imu,-0.8727049352000001,-9.6236803992,2.2263247216,3.66379337,2.87062343,-7.09277571,108.53894481633644,-39.21804565489983,137.0738527741781,390.4449567694387,-20.675013068459123,False,-0.3393564037346134,-0.9406578715156272,427.0120333373123,-34.62932053767752,39.13259201124596,102.32154897887472,False,inf
59.78207,-22968.61156939308,-128.43163391627695,427.2695891053541,-36.243152959762426,23.85276089528559,22.93919409552487,103.61535764582752,-1192700.975908697,7.758306566928756,22.9603258590354,951622190.2937407,21.56323927266177,23.85276089528559,-954891783843.8424,20.19665482181989,-0.7063514166487497,105.76119044929754,55.11640319074839,-24215.52571390368,-35.53548759404696,104.23801698697184,103.61535764582752,-64104661787.45284,573.8152165112307,242.08835067610875,18.57234480045493,-594018.1433565877,368285757405.28735,3.0000000000003446,-0.8579830000000319,-5698087.397084622,-5.804785151361096,390.48173773665167,-20.641609631721224,0.0,-4.775062805323481e-20,0.0,4.718212996326252e-19,-179.46780661494378,0.5224167340148849,-179.46780661494378,0.0,-222.245729710875,0.0,0.0,2810.8199999998287,-14.61770000000024,0.0,0.0,0.0,0.0,0.0,0.0,0.0,0.0,0.0,0.0,0.0,3785.529999999857,-83.4881999999925,0.0,0.0,0.0,0.0,0.0,0.0,0.0,0.0,0.0,0.0,0.0,7388.629999999859,-42.01050000000555,0.0,0.0,0.0,0.0,0.0,0.0,0.0,0.0,0.0,999.0000000001965,999.0000000001965,1.0000000000000115,-41.60264138225644,gaze,0.4019309739098505,0.3648487445675382,-270.526886760991,523.0692856558429,1050.5330159935702,-32.61728179515376,-18.013230503075647,-24.939854594484416,-0.1009189994376777,0.1272683547131077,0.947920783116574,4.351807864734415,25.97312231311477,-17.57912919476516,-20.3946928736062,0.3406929639788479,0.1858864849862468,0.8713784750209473,4.178197057102763,-2.6873943677269367,-18.63940254331725,-22.459043686007664,0.1933838820823953,0.2088360909587435,0.8801073078887421,4.495410011235681,104.59596982003012,False,-0.892258105382256,imu,-0.8625363376,-9.6410268304,2.2233339576,3.82828539,3.16222292,-6.576868919999999,108.64882535417192,-39.213129364049465,137.08861047352326,390.48173773665167,-20.641609631721224,False,-0.36037723614801,-0.932806650740828,427.3059505425909,-34.69406069463356,39.41405408883322,103.61535764582752,False,inf
59.783047,-23007.6001974506,-128.57745877770054,427.3072688825123,-36.25070236547381,23.87664893544176,22.969277156487003,103.76370025637442,-1194834.4350773096,7.76835933404472,22.99043657488959,953426052.4750602,21.58716584267519,23.87664893544176,-956726128511.8484,20.21190385793344,-0.707274935726728,105.82923054844406,55.17194259722919,-24256.579703452862,-35.57879468301062,104.30489745566544,103.76370025637442,-64227695386.524414,574.3920268319572,242.37170852375652,18.59329785918319,-595073.7576971,368992575256.82654,3.000000000000356,-0.8579830000000319,-5708354.395270543,-5.811308097933528,390.4859546722414,-20.63777898848096,0.0,-4.780712284160186e-20,0.0,4.723795214688131e-19,-179.6649009022934,0.523003782687025,-179.6649009022934,0.0,-222.4895571155916,0.0,0.0,2810.819999999836,-14.61770000000027,0.0,0.0,0.0,0.0,0.0,0.0,0.0,0.0,0.0,0.0,0.0,3785.529999999868,-83.48819999999273,0.0,0.0,0.0,0.0,0.0,0.0,0.0,0.0,0.0,0.0,0.0,7388.629999999881,-42.01050000000572,0.0,0.0,0.0,0.0,0.0,0.0,0.0,0.0,0.0,999.0000000001992,999.0000000001992,1.0000000000000142,-41.640220425176175,gaze,0.6141962876009789,0.1129389965487009,-255.6125622547992,523.4290806946783,1048.895954952629,-29.79733448560867,-19.87411601813988,-21.79402479111905,-0.1848370737034849,0.4447112535598782,0.8763944072972707,3.461065530776978,26.16270460360586,-16.58898068303144,-21.88509680581276,0.4177392484207317,0.1708030131349912,0.8923677778992752,4.01590633392334,-1.3678512631487831,-18.724500473970565,-20.849555168037263,0.1517824578065891,0.1980545921956912,0.8894348994244126,3.501515529086867,103.06915910887882,False,-1.0,imu,-0.5948370656566438,-9.638843682526987,2.397770508682041,2.14381688028248,3.097882582803289,-7.843530545089151,108.66076013317242,-39.21256400923095,137.0902262707621,390.4859546722414,-20.63777898848096,False,-0.3626817120411167,-0.93191307306579,427.3396194987348,-34.701521150241064,39.44507412712605,103.7637002563744,False,inf
59.790627,-23311.887859104,-129.7130753112795,427.6005380449956,-36.30941158380867,24.062609585499047,23.20365388303433,104.9190698108984,-1211489.7400272489,7.846693681597783,23.225028768313287,967514357.3085763,21.77345000149375,24.062609585499047,-971053779031.7424,20.330501183372203,-0.7144703087515792,106.35828244644158,55.60428874722197,-24576.98418311544,-35.91610389133682,104.8249346836776,104.9190698108984,-65188677120.20247,578.8821703779515,244.5788671015103,18.756513201874803,-603314.6457243159,374513334903.77966,3.0000000000003446,-0.857983000000031,-5788513.889863001,-5.862108462545335,390.5187968212663,-20.607938775941733,0.0,-4.824720478690765e-20,0.0,4.767279464940607e-19,-181.19968755866748,0.5275756868088093,-181.19968755866748,0.0,-224.38823844253372,0.0,0.0,2810.819999999825,-14.617700000000198,0.0,0.0,0.0,0.0,0.0,0.0,0.0,0.0,0.0,0.0,0.0,3785.529999999853,-83.48819999999239,0.0,0.0,0.0,0.0,0.0,0.0,0.0,0.0,0.0,0.0,0.0,7388.629999999852,-42.01050000000561,0.0,0.0,0.0,0.0,0.0,0.0,0.0,0.0,0.0,999.0000000001957,999.0000000001957,1.0000000000000098,-41.932690389401785,gaze,0.4026037730820439,0.3654627669159939,-54.29894083488698,516.5931574848015,1018.9851073141696,-32.63781433188486,-18.018392314838056,-25.0016503886346,-0.1009767212473279,0.12709850968468,0.9478859855346516,4.348080571219286,25.79830013729098,-17.556365165960052,-20.49657575357265,0.340522230013646,0.1859806076018408,0.8715003958402658,4.17525755872848,-1.3422043007167823,-18.64048246437632,-22.355604726432905,0.1919045795963791,0.2081847074545262,0.8803975246835607,4.491797540327009,107.14834911711688,False,-0.939659432675885,imu,-0.8487788232000001,-9.66016772,2.222137652,3.84323921,3.42391477,-6.180592689999999,108.7490217909592,-39.20814947012501,137.1022814217396,390.5187968212663,-20.607938775941733,False,-0.3813874360203952,-0.9244152874362198,427.6016449576485,-34.75989302156284,39.677329263362815,104.9190698108984,False,inf
59.799185,-23659.283854177025,-131.0042786361117,427.93363864117646,-36.375989313157646,24.27390221221664,23.47036355626747,106.23304258858508,-1230514.6072292328,7.935863104840075,23.4919836494626,983620027.9795592,21.98516023335388,24.27390221221664,-987435801587.3916,20.46501608389012,-0.7226588249401761,106.95808304546011,56.09550838783282,-24942.77523998817,-36.29974103673692,105.41451970898724,106.23304258858508,-66287436852.406006,583.9836765193718,247.0894883624549,18.9421812379836,-612727.9913941319,380825615613.4839,3.0000000000003624,-0.8579830000000328,-5880094.848479531,-5.919874568840643,390.5561439731987,-20.573991317989083,0.0,-4.874785198308696e-20,0.0,4.816748133652615e-19,-182.9445539118116,0.5327744899475911,-182.9445539118116,0.0,-226.54676762499943,0.0,0.0,2810.819999999825,-14.61770000000027,0.0,0.0,0.0,0.0,0.0,0.0,0.0,0.0,0.0,0.0,0.0,3785.529999999864,-83.48819999999262,0.0,0.0,0.0,0.0,0.0,0.0,0.0,0.0,0.0,0.0,0.0,7388.629999999881,-42.01050000000578,0.0,0.0,0.0,0.0,0.0,0.0,0.0,0.0,0.0,999.000000000202,999.000000000202,1.0000000000000142,-42.26485086350079,gaze,0.4032910725971989,0.3660956271955322,277.46427894362193,491.58306440861577,961.4667745148058,-32.65975745904962,-18.023294315758985,-25.06956641397271,-0.1010312458268255,0.1269039072705002,0.9478604119392052,4.34445038809604,25.65001656345616,-17.538581632792898,-20.57308256770249,0.3403691169636924,0.1861175415158077,0.8716044834852329,4.172479440038297,0.6407382239009689,-18.63983188902521,-22.251305263330146,0.1904217540746931,0.2075277509234974,0.8806909186129884,4.488257416814109,120.67502351689528,False,-0.9861649494802684,imu,-0.8559566568000001,-9.6828975264,2.2173524296,3.90305449,3.76785263,-5.74693191,108.83926076223298,-39.203105766642885,137.11486684123804,390.5561439731987,-20.573991317989083,False,-0.402377240979688,-0.9154739515363473,427.89921303397233,-34.82685281898787,39.92163408239868,106.23304258858508,False,inf
59.803139,-23821.17703550739,-131.6041060962441,428.0882557282152,-36.40685528406104,24.372005807482463,23.59434293364553,106.84355811178838,-1239384.1559298038,7.977323593296304,23.616077017064043,991133301.8831096,22.083475536860263,24.372005807482463,-995078975448.1,20.527386294239705,-0.7264654204799991,107.23609849160268,56.32357487478576,-25113.23906896177,-36.47800030910514,105.68780176873516,106.84355811178838,-66800068189.69287,586.3522102613175,248.2561792699436,19.028465899457224,-617116.5779892798,383770638090.676,3.000000000000359,-0.8579830000000337,-5922796.79708194,-5.946711854338938,390.5734954416366,-20.558214320924748,0.0,-4.898052472827049e-20,0.0,4.839738397123989e-19,-183.75506050934425,0.5351897775826172,-183.75506050934425,0.0,-227.5494096065078,0.0,0.0,2810.819999999821,-14.617700000000257,0.0,0.0,0.0,0.0,0.0,0.0,0.0,0.0,0.0,0.0,0.0,3785.5299999998606,-83.48819999999239,0.0,0.0,0.0,0.0,0.0,0.0,0.0,0.0,0.0,0.0,0.0,7388.629999999874,-42.01050000000589,0.0,0.0,0.0,0.0,0.0,0.0,0.0,0.0,0.0,999.0000000002028,999.0000000002028,1.000000000000013,-42.4190199593167,gaze,0.4036134477047682,0.3663943142453218,424.5891649995189,475.5248701816967,937.1294291446884,-32.670365184166634,-18.02547119223292,-25.10296856954041,-0.1010553623822694,0.1268056712029552,0.9478517058817004,4.342806165920464,25.591863460101703,-17.532013984310453,-20.59984968472533,0.3403043223253673,0.1861952259633674,0.8716465582933834,4.171250829402173,-1.384981652234624,-18.69220419260239,-20.881440201942944,0.1485305879251577,0.2107644932321286,0.8821227773798088,3.508837845835436,119.80860006044068,False,-1.0,imu,-0.5960091317393074,-9.63695016103258,2.404650479716409,1.862226100129128,4.5403457877277305,-7.840427802179002,108.87750886969006,-39.20075436289987,137.12031403048786,390.5734954416366,-20.558214320924748,False,-0.4120631243986931,-0.9111553004349956,428.0373255544622,-34.85817354871271,40.02785326007348,106.8435581117884,False,inf
59.807743,-24010.79581786676,-132.30514556194314,428.26886310193686,-36.44287952639428,24.48662132808061,23.739305541986777,107.55717678928244,-1249775.5652198195,8.025809396862636,23.761172912831533,999939464.2989196,22.198352519709207,24.48662132808061,-1004038176155.262,20.60018606413536,-0.7309164166947321,107.56052973136931,56.59002126229816,-25312.89485563377,-36.68637080182817,106.00671070296792,107.55717678928244,-67400962491.13814,589.1193099608136,249.6200387810864,19.12933595112673,-622258.1764476022,387222723048.7487,3.000000000000366,-0.8579830000000337,-5972830.584035727,-5.978079213479558,390.59377616960455,-20.53976985985844,0.0,-4.92525354845697e-20,0.0,4.866615627407933e-19,-184.702272963576,0.5380127603318786,-184.702272963576,0.0,-228.721152525793,0.0,0.0,2810.819999999825,-14.61770000000027,0.0,0.0,0.0,0.0,0.0,0.0,0.0,0.0,0.0,0.0,0.0,3785.529999999857,-83.48819999999262,0.0,0.0,0.0,0.0,0.0,0.0,0.0,0.0,0.0,0.0,0.0,7388.629999999881,-42.01050000000584,0.0,0.0,0.0,0.0,0.0,0.0,0.0,0.0,0.0,999.0000000002055,999.0000000002055,1.0000000000000142,-42.599094778574944,gaze,0.4039926325291414,0.366747080836012,557.4492409858659,455.04377957570057,919.471366698924,-32.68308653597845,-18.02793587537232,-25.143445109362577,-0.1010825917124001,0.1266846760265439,0.9478440400970368,4.340917974789981,25.53327640975528,-17.525651994126996,-20.62437116246767,0.3402336048516042,0.1862971372655217,0.871690766698515,4.169864208335407,2.5945009476713885,-18.63749345289148,-22.14718591981255,0.1889358534178337,0.2068654308401192,0.880987388632475,4.484790835763132,109.31172183666231,False,-1.0314630302744012,imu,-0.8798827688,-9.7241700696,2.219146888,3.71613174,3.88748319,-5.45533242,108.91925440119113,-39.19799978164263,137.12636378524334,390.59377616960455,-20.53976985985844,False,-0.4233290135756213,-0.9059760185927062,428.1986485530669,-34.894952229287924,40.14607775380475,107.55717678928244,False,inf
59.810197,-24112.356057019744,-132.67995814803365,428.365381804786,-36.462118049011536,24.547882528024537,23.816838147654497,107.93875333151288,-1255342.4926959276,8.051745433621258,23.83877680869201,1004658785.1867377,22.259759657075893,24.547882528024537,-1008839857756.8506,20.63906710913197,-0.7332970743060198,107.73377003018972,56.73243226522043,-25419.830302215072,-36.79779096059395,106.17700278423104,107.93875333151288,-67723010076.555374,590.5982682891839,250.3493649768644,19.18327789171652,-625012.6571905755,389072857872.9719,3.0000000000003624,-0.8579830000000319,-5999637.055629814,-5.994850596701736,390.6046199423713,-20.529906147595824,0.0,-4.939800107685719e-20,0.0,4.880989001001096e-19,-185.2086784474484,0.5395221422647649,-185.2086784474484,0.0,-229.3475928710808,0.0,0.0,2810.8199999998287,-14.61770000000024,0.0,0.0,0.0,0.0,0.0,0.0,0.0,0.0,0.0,0.0,0.0,3785.529999999857,-83.48819999999228,0.0,0.0,0.0,0.0,0.0,0.0,0.0,0.0,0.0,0.0,0.0,7388.629999999866,-42.01050000000584,0.0,0.0,0.0,0.0,0.0,0.0,0.0,0.0,0.0,999.0000000002036,999.0000000002036,1.000000000000013,-42.69532480551608,gaze,0.4041964119236195,0.3669372899326541,603.0997082090266,443.7752240799697,917.0040337630468,-32.69002859632643,-18.0292187979528,-25.165707555571352,-0.1010967321655669,0.126617283975547,0.947841039060963,4.33992312308551,25.50630177984121,-17.5228169950063,-20.63461020912854,0.340197987834696,0.1863564858394562,0.8717122302849608,4.169144499076754,2.995451628095576,-18.63651772856404,-22.11750973932086,0.1885092437955196,0.2066745403357541,0.8810729592040879,4.483810469204817,100.7678770648489,False,-1.044184861145837,imu,-0.5964103877746144,-9.636278182440911,2.4070996347546867,1.756290865159523,5.029333777051111,-7.825609170998868,108.0581236,-39.65511960000001,138.655496,390.6046199423713,-20.529906147595824,False,-0.429327708335234,-0.9031487800222155,428.2848600540616,-34.914692688078006,40.20665032813397,107.93875333151288,False,inf
59.8163,-24366.41830180205,-133.61557341374242,428.6061826798573,-36.51007545868202,24.70074884143933,24.010461273538155,108.89136864520032,-1269272.5047082305,8.116526774193431,24.03257797442672,1016472842.2796372,22.41300873934331,24.70074884143933,-1020861139137.6136,20.73599736258862,-0.7392425046235824,108.16555875539662,57.08778503183665,-25687.3372005902,-37.07596361374443,106.60144509113783,108.89136864520032,-68529269628.54624,594.288630300229,252.17033378882272,19.317963719465983,-631905.1489917093,393704746743.7643,3.000000000000366,-0.8579830000000346,-6066720.93576505,-6.036717943439369,390.6316902575627,-20.50527712807041,0.0,-4.976121933805607e-20,0.0,4.916878393680932e-19,-186.4727062395555,0.5432900971998832,-186.4727062395555,0.0,-230.91122129981892,0.0,0.0,2810.8199999998287,-14.61770000000027,0.0,0.0,0.0,0.0,0.0,0.0,0.0,0.0,0.0,0.0,0.0,3785.529999999853,-83.48819999999239,0.0,0.0,0.0,0.0,0.0,0.0,0.0,0.0,0.0,0.0,0.0,7388.629999999874,-42.01050000000589,0.0,0.0,0.0,0.0,0.0,0.0,0.0,0.0,0.0,999.0000000002055,999.0000000002055,1.0000000000000142,-42.93539317061532,gaze,0.4047082024445442,0.3674168700892907,621.0340244440448,415.36332082644697,937.2048768853972,-32.70777553945106,-18.032316559767885,-25.22311704412198,-0.1011307781145307,0.1264409608077811,0.947836841280456,4.337483920597198,25.45288413645111,-17.51740736981241,-20.65196691144085,0.3401156619405918,0.1865192158680234,0.8717592863250985,4.16741323904026,3.3959285729784763,-18.633512131854644,-22.04430251921403,0.1874473259325901,0.2061979590516845,0.8812868321371985,4.481398933558633,77.98129759521261,False,-1.075229056442848,imu,-0.9247442288,-9.7504887928,2.2179505824,3.69370101,4.16412886,-5.17868675,108.98874236825164,-39.19283306458103,137.1367704922577,390.6316902575627,-20.50527712807041,False,-0.4442246256698601,-0.8959154435260464,428.49994532600886,-34.96420268751122,40.34976532943536,108.89136864520032,False,inf
59.82312,-24652.849618569195,-134.6669846290838,428.8765647200416,-36.56385642850441,24.872441258239256,24.228191226798465,109.96207875466472,-1284983.784618318,8.189392215182119,24.250508144139253,1029806069.5758384,22.58516236885793,24.872441258239256,-1034430014997.1488,20.844712071702816,-0.7459284713558942,108.649676208815,57.4868868716771,-25988.922845606507,-37.38863722921461,107.07732886906172,109.96207875466472,-69439317217.92258,598.4332844455735,254.21736717275732,19.46937779058596,-639679.0186701436,398932887283.2953,3.0000000000003766,-0.8579830000000364,-6142394.179659294,-6.0837708293539645,390.6621139701979,-20.477588135717667,0.0,-5.016956726108858e-20,0.0,4.957227022923472e-19,-187.8930539724116,0.5475247374417382,-187.8930539724116,0.0,-232.66819396819085,0.0,0.0,2810.8199999998287,-14.61770000000027,0.0,0.0,0.0,0.0,0.0,0.0,0.0,0.0,0.0,0.0,0.0,3785.529999999864,-83.48819999999239,0.0,0.0,0.0,0.0,0.0,0.0,0.0,0.0,0.0,0.0,0.0,7388.629999999888,-42.01050000000606,0.0,0.0,0.0,0.0,0.0,0.0,0.0,0.0,0.0,999.0000000002092,999.0000000002092,1.0000000000000178,-43.204931907032176,gaze,0.2834064687456831,0.2040683353455745,478.1542728888535,380.5409664017876,1004.617292409464,-32.72841279832529,-18.03562167303694,-25.29065867175344,-0.1011669409016284,0.1262292468104127,0.9478376501989342,4.334817201636516,25.5232142014754,-15.76338590948776,-23.45678939329791,0.3799909935102704,0.3327038250621159,0.8630845900837963,4.589396476745605,5.293384308074518,-17.90156871925605,-21.630328071614592,0.2018583105670089,0.2563121317946918,0.8741608536475634,3.8040071717047,66.7857044992264,False,-1.0,imu,-0.5971307830998178,-9.635039022823351,2.4116261650211643,1.5522807163505925,5.936944771230406,-7.782388705653402,109.03645528761848,-39.188671856333634,137.14428501212913,390.6621139701979,-20.477588135717667,False,-0.480454036319156,-0.8770199079750877,428.7414592283924,-35.02023876012722,40.38341906537019,109.96207875466472,False,inf
59.824858,-24726.27098859856,-134.93591967490917,428.94568704979474,-36.5775939243062,24.916341837447977,24.28390742925336,110.23598290817456,-1289012.1790245771,8.208041322827075,24.306275582816625,1033226160.8432196,22.629186134021943,24.916341837447977,-1037910852574.5604,20.87248387400497,-0.7476394338309432,108.77331864351343,57.58893211195159,-26066.228197305216,-37.46862671622452,107.19886896270792,110.23598290817456,-69672771282.73294,599.4930119664299,254.74108451447185,19.508117169786544,-641672.2527492223,400274059408.797,3.0000000000003766,-0.8579830000000364,-6161798.795482205,-6.095806898208526,390.6698963962631,-20.470503736781723,0.0,-5.027404625621672e-20,0.0,4.967550533830303e-19,-188.2563369567694,0.5486079530635456,-188.2563369567694,0.0,-233.11757114359185,0.0,0.0,2810.819999999825,-14.617700000000312,0.0,0.0,0.0,0.0,0.0,0.0,0.0,0.0,0.0,0.0,0.0,3785.529999999868,-83.4881999999925,0.0,0.0,0.0,0.0,0.0,0.0,0.0,0.0,0.0,0.0,0.0,7388.629999999881,-42.01050000000606,0.0,0.0,0.0,0.0,0.0,0.0,0.0,0.0,0.0,999.00000000021,999.00000000021,1.0000000000000178,-43.27383513605134,gaze,0.4054377798272864,0.368104968687434,419.3726351303316,370.66534597756754,1027.520691970645,-32.73380647375556,-18.03643752973268,-25.30843243588893,-0.1011758401508251,0.1261728243191419,0.9478387826050066,4.334147592366096,25.41331837417217,-17.513640685633302,-20.6585321066285,0.3400152126685209,0.1867836692080038,0.8718101099379266,4.1651270024696325,2.238326291384261,-18.62793283844659,-21.943670985993887,0.185956096836509,0.205525312940057,0.8815892515686548,4.4780816375652455,68.5825969177439,False,-1.1171400186697402,imu,-0.9779798280000002,-9.777405668800002,2.2119690544,3.42453225,4.51554363,-5.08896383,109.0475123469675,-39.18760534222908,137.14608945164983,390.6698963962631,-20.470503736781723,False,-0.4650527632714724,-0.8852829645788787,428.803203820551,-35.03463976770132,40.53185915161212,110.23598290817456,False,inf
59.833415,-25090.306552646834,-136.2659271455451,429.2873077396371,-36.64542025549616,25.133356991360813,24.559593454930308,111.59075842145036,-1308992.1844804287,8.300336557508528,24.5822151370371,1050197653.0669204,22.846841273017844,25.133356991360813,-1055185576518.0562,21.00961585714071,-0.756105642389089,109.38367447883311,58.093361507985215,-26449.517922238527,-37.86428458148991,107.79884978618178,111.59075842145036,-70831350490.21564,604.7314054174034,257.3318056390003,19.699760432195987,-651558.3006255003,406929989057.3657,3.000000000000366,-0.8579830000000346,-6258052.957242081,-6.155334711139627,390.7083869575436,-20.4354564852072,0.0,-5.0790920298347054e-20,0.0,5.018622568008584e-19,-190.05281793462063,0.5539653049524084,-190.05281793462063,0.0,-235.33977203898843,0.0,0.0,2810.819999999814,-14.617700000000257,0.0,0.0,0.0,0.0,0.0,0.0,0.0,0.0,0.0,0.0,0.0,3785.529999999846,-83.48819999999216,0.0,0.0,0.0,0.0,0.0,0.0,0.0,0.0,0.0,0.0,0.0,7388.629999999852,-42.01050000000595,0.0,0.0,0.0,0.0,0.0,0.0,0.0,0.0,0.0,999.0000000002084,999.0000000002084,1.000000000000013,-43.614352109894,gaze,0.4061810207058404,0.3688110286689771,121.08478714334476,298.9601566983378,1141.070374777837,-32.76114880962396,-18.040298032403776,-25.39919478994582,-0.1012177903517689,0.1258804535497405,0.9478498302733206,4.33090991525971,25.41867183209584,-17.514116554240474,-20.6476219707265,0.339932229048131,0.1870902661038481,0.8718432809193024,4.163007021028001,0.0246221916546818,-18.6208040227914,-21.846331685358383,0.1844627866511077,0.2048477829174025,0.8818945086075342,4.474840419082822,100.56296226690829,False,-1.1568391694664697,imu,-1.0204486768,-9.7726204464,2.201202304,2.93105619,5.07631188,-5.12634838,109.09534785383418,-39.18231876292935,137.15431919779883,390.7083869575436,-20.4354564852072,False,-0.4857918541121898,-0.8740745245562538,429.1083841356542,-35.10626615536915,40.69141910741352,111.59075842145036,False,inf
59.841973,-25458.647070303705,-137.60595822758845,429.6311355042544,-36.71357141915226,25.351852108285613,24.83759718808313,112.95606509142011,-1329219.414217949,8.39343897204701,24.8604745459054,1067393448.3674768,23.066032139165703,25.351852108285613,-1072691608340.7482,21.14742752322852,-0.7646435109904867,109.9967760380984,58.60120729520428,-26837.334814063564,-38.26304597981151,108.40153488374249,112.95606509142011,-72005429334.06158,610.0052022768452,259.9432185915172,19.892946899887,-661566.7055939301,413674960475.3066,3.00000000000038,-0.8579830000000364,-6355517.002137488,-6.215317747024709,390.7471722416385,-20.40012585080109,0.0,-5.131198627307502e-20,0.0,5.070108804674824e-19,-191.86263896746829,0.5593636256551076,-191.86263896746829,0.0,-237.57842929154413,0.0,0.0,2810.819999999821,-14.61770000000027,0.0,0.0,0.0,0.0,0.0,0.0,0.0,0.0,0.0,0.0,0.0,3785.529999999857,-83.48819999999228,0.0,0.0,0.0,0.0,0.0,0.0,0.0,0.0,0.0,0.0,0.0,7388.629999999866,-42.01050000000606,0.0,0.0,0.0,0.0,0.0,0.0,0.0,0.0,0.0,999.000000000212,999.000000000212,1.000000000000015,-43.957034246360976,gaze,0.4069379216209108,0.3695350235707092,47.6557545621681,173.62609042521848,1183.059548077039,-32.789783830259275,-18.043899252904883,-25.495241007326904,-0.1012566608079056,0.1255639091317787,0.9478699513951868,4.327770254264928,25.472502696529403,-17.518572054130082,-20.62346551901528,0.3398666367686552,0.1874388995244565,0.8718588659653564,4.161053733002676,-0.7627079818284057,-18.6121723622896,-21.753236782106605,0.1829673173371175,0.2041653437017132,0.8822026068450872,4.4716751928882585,143.29310694212933,False,-1.1939749075533088,imu,-1.0413840248,-9.76484446,2.204193068,2.39271867,5.86886434,-5.02914855,109.1320845836172,-39.176973010284186,137.16146301115865,390.7471722416385,-20.40012585080109,False,-0.506429529409698,-0.8622813530060081,429.4155895156115,-35.17911746846494,40.8275729356857,112.95606509142011,False,inf
59.843212,-25512.32968023481,-137.8007845341062,429.68109404095776,-36.72346445691713,25.383606104362745,24.878035886429064,113.15459264091128,-1332168.275325656,8.4069843356868,24.900950436371403,1069901554.0651754,23.09789148032019,25.383606104362745,-1075245212460.2368,21.16743458527867,-0.7658854770275239,110.0857609886436,58.67501079527845,-26893.855491368264,-38.32103172223943,108.4890084357738,113.15459264091128,-72176691029.29237,610.7716190027867,260.3229872454634,19.921042367446347,-663025.8006369483,414658842461.916,3.000000000000369,-0.8579830000000328,-6369727.531160012,-6.2240391950525975,390.75281158092776,-20.394987569506327,0.0,-5.138776836651623e-20,0.0,5.077596790815392e-19,-192.12575138651252,0.5601485337925225,-192.12575138651252,0.0,-237.90388234010703,0.0,0.0,2810.819999999807,-14.61770000000024,0.0,0.0,0.0,0.0,0.0,0.0,0.0,0.0,0.0,0.0,0.0,3785.5299999998415,-83.48819999999193,0.0,0.0,0.0,0.0,0.0,0.0,0.0,0.0,0.0,0.0,0.0,7388.629999999852,-42.010500000006,0.0,0.0,0.0,0.0,0.0,0.0,0.0,0.0,0.0,999.0000000002092,999.0000000002092,1.0000000000000124,-44.00682343958289,gaze,0.4743892711951656,0.4093707165421826,67.26670668793923,152.1760197341517,1179.125171053988,-32.08809030517412,-18.68295743739186,-26.47996646361481,0.0813251175132506,0.1398536036225076,0.9868268312197712,3.911529779434204,25.48449538161644,-17.519530250222076,-20.619143906252933,0.3398585791977643,0.1874928432866591,0.8718596682530042,4.160784829966696,-2.458195219462419,-17.82286535411096,-23.19984431685405,0.1800496334030103,0.2528271997193072,0.903039462089266,3.945498882844379,147.77939630269356,False,-1.0,imu,-0.5982136262296919,-9.633090890837169,2.418768646873847,1.2065714892614694,7.456042121914804,-7.679659793924239,109.1364738865581,-39.17619427064557,137.16240730506712,390.75281158092776,-20.394987569506327,False,-0.5866884148160745,-0.8098127585563232,429.460232536237,-35.18976657410823,40.02568878218388,113.15459264091128,False,inf
59.850531,-25831.287456483064,-138.95590978659334,429.9771414943816,-36.78204062415307,25.57180901792821,25.117899998044592,114.3317986349108,-1349693.7845414877,8.487342768841456,25.14103516133986,1084813753.3578131,23.286740516318773,25.57180901792821,-1090429217543.2216,21.2859050491824,-0.7732524577336906,110.61255927280916,59.11242694904522,-27229.673423186214,-38.66488120190955,109.00686138785068,114.3317986349108,-73195025617.2264,615.3139602084144,262.5751381448652,20.08766289805597,-671697.4285401355,420509075896.32935,3.0000000000003766,-0.8579830000000337,-6454190.904901683,-6.275751535899447,390.78624907454696,-20.36451457828832,0.0,-5.1837208111983077e-20,0.0,5.122005679928658e-19,-193.6856610376797,0.5648025128851416,-193.6856610376797,0.0,-239.8333703766369,0.0,0.0,2810.819999999814,-14.61770000000024,0.0,0.0,0.0,0.0,0.0,0.0,0.0,0.0,0.0,0.0,0.0,3785.529999999846,-83.48819999999193,0.0,0.0,0.0,0.0,0.0,0.0,0.0,0.0,0.0,0.0,0.0,7388.629999999845,-42.010500000006,0.0,0.0,0.0,0.0,0.0,0.0,0.0,0.0,0.0,999.00000000021,999.00000000021,1.0000000000000124,-44.30185247856025,gaze,0.4077082156996521,0.3702766761780482,326.0230163198548,21.986727762173548,1110.8792362785673,-32.81968267465742,-18.04724107958322,-25.59636918863943,-0.1012924679547693,0.1252233573637404,0.9478991076350366,4.324729091673893,25.57772925464128,-17.526722012789836,-20.590742143397065,0.3398183882101682,0.1878293482048367,0.8718569227581695,4.159268275672311,1.0494971963555222,-18.602088018279524,-21.665311651406224,0.1814701332023895,0.2034782071019142,0.8825134429187275,4.468586990939016,156.09362791394994,False,-1.228167583132159,imu,-1.0683009008,-9.767237071200002,2.2083801376,2.15345755,6.68384753,-5.12634838,109.15756961664866,-39.17156961044345,137.1675218574924,390.78624907454696,-20.36451457828832,False,-0.5269456353049092,-0.8498989924885813,429.7248172809968,-35.2532039777648,40.9393797820742,114.3317986349108,False,inf
59.859088,-26208.2208316166,-140.31567422322743,430.3252958802086,-36.85082093337468,25.79320888937709,25.40048222998,115.71785006783676,-1370415.1097989082,8.582041795341418,25.42387731013871,1102458683.8796444,23.508947499198285,25.79320888937709,-1108398580383.619,21.42503430460745,-0.781931868921338,111.23095888389092,59.62697641915639,-27626.52641240261,-39.06975915654039,109.6147651997114,115.71785006783676,-74400150892.94626,620.6572210627952,265.2273699150799,20.28389406795131,-681950.379916484,427432401650.7234,3.0000000000003944,-0.857983000000039,-6554074.143717233,-6.336631405912343,390.82561414917245,-20.32862554000326,0.0,-5.236654789552254e-20,0.0,5.174309446960508e-19,-195.5217392033382,0.5702815461867161,-195.5217392033382,0.0,-242.1044154595297,0.0,0.0,2810.819999999818,-14.617700000000312,0.0,0.0,0.0,0.0,0.0,0.0,0.0,0.0,0.0,0.0,0.0,3785.529999999857,-83.48819999999205,0.0,0.0,0.0,0.0,0.0,0.0,0.0,0.0,0.0,0.0,0.0,7388.629999999895,-42.01050000000623,0.0,0.0,0.0,0.0,0.0,0.0,0.0,0.0,0.0,999.0000000002184,999.0000000002184,1.0000000000000169,-44.648776777266285,gaze,0.4084916262417444,0.371035696839497,640.0466801960602,-44.73213087840911,1006.3016053271656,-32.8508152848169,-18.05032359309341,-25.702368235065087,-0.1013252289017516,0.1248589802752378,0.9479372543582012,4.3217868404205575,25.736491011463333,-17.538261662609536,-20.554355038259924,0.3397874242607862,0.1882613622491838,0.8718375207757284,4.157651654248308,3.155175802576706,-18.590602779921927,-21.583398919880064,0.1799716782485121,0.2027865869434751,0.8828269120997989,4.465576785700504,132.1488147849886,False,-1.2590257085186345,imu,-1.0605249144,-9.783985349600002,2.2023986096,1.68988913,7.551169089999999,-5.12634838,109.17168561920596,-39.16611010904074,137.1724978328678,390.82561414917245,-20.32862554000326,False,-0.5473195704094508,-0.8369237049139033,430.0360647683939,-35.32853503251425,41.02589962320423,115.71785006783678,False,inf
59.863193,-26390.59499996608,-140.97154005884383,430.4930940308459,-36.883930094539096,25.89994310465596,25.53686835118945,116.38650721796898,-1380444.790188491,8.627758798963384,25.560388883370585,1111004474.4457026,23.616088691232,25.89994310465596,-1117102581149.2686,21.49201565996373,-0.7861210771061298,111.52857634765328,59.87502602380359,-27818.53644742137,-39.26509029358545,109.90733326683208,116.38650721796898,-74983884588.37268,623.2330276795464,266.5070621806812,20.3785792814526,-686913.0979446992,430785893320.459,3.000000000000384,-0.8579830000000355,-6602427.156265138,-6.365998503941755,390.84460283346425,-20.31130824790625,0.0,-5.262197539493822e-20,0.0,5.199548094865841e-19,-196.4072803776344,0.5729245102069168,-196.4072803776344,0.0,-243.1997251734402,0.0,0.0,2810.8199999998105,-14.61770000000024,0.0,0.0,0.0,0.0,0.0,0.0,0.0,0.0,0.0,0.0,0.0,3785.529999999846,-83.48819999999182,0.0,0.0,0.0,0.0,0.0,0.0,0.0,0.0,0.0,0.0,0.0,7388.629999999866,-42.01050000000612,0.0,0.0,0.0,0.0,0.0,0.0,0.0,0.0,0.0,999.0000000002156,999.0000000002156,1.000000000000013,-44.81596965131845,gaze,0.1817143019502897,0.5255607140102156,669.3539765881059,-15.67636509265494,982.6248485293952,-32.86618158941201,-18.05171059827448,-25.75489161462819,-0.1013398713800286,0.1246757514519517,0.9479587341232036,4.320410365743558,26.97594964756273,-17.33560517713822,-20.47836153935179,0.5392865999389959,0.0013929585168178,0.8421211449624144,3.644115447998047,4.648439650715654,-17.503374218650876,-23.063669548682604,0.279263449580285,0.1954268801372189,0.8941034147160637,3.9708819091320033,114.03730382983484,False,-1.0,imu,-0.5992448391163177,-9.631129128390944,2.425992609543808,0.8219069291003444,9.182957644854977,-7.5431337518749455,109.17439745431638,-39.16347118238745,137.17450178266694,390.84460283346425,-20.31130824790625,False,-0.6445774261223441,-0.7645390387243113,430.1861175322985,-35.36512318471165,39.78147311509321,116.38650721796895,False,inf
59.867646,-26589.57293234869,-141.68562140988152,430.6756910562699,-36.9199295446214,26.01611062038244,25.68542348441134,117.1145971240347,-1391390.4970670342,8.677563166008449,25.70908066574836,1120334569.239853,23.73271219492401,26.01611062038244,-1126606201576.5117,21.56484997926551,-0.7906841793524488,111.852126536531,60.144992299475874,-28028.0260678962,-39.47779093306376,110.22539550321451,117.1145971240347,-75621241132.4595,626.0364025561214,267.90065099113605,20.48169496788936,-692329.0786632774,434447442307.7781,3.0000000000003872,-0.8579830000000355,-6655201.354673978,-6.39797406423489,390.8652779796057,-20.292449005977915,0.0,-5.290015361970767e-20,0.0,5.227034729173249e-19,-197.3713732508704,0.5758022291616648,-197.3713732508704,0.0,-244.3921821641825,0.0,0.0,2810.819999999814,-14.617700000000312,0.0,0.0,0.0,0.0,0.0,0.0,0.0,0.0,0.0,0.0,0.0,3785.5299999998497,-83.48819999999182,0.0,0.0,0.0,0.0,0.0,0.0,0.0,0.0,0.0,0.0,0.0,7388.629999999859,-42.01050000000629,0.0,0.0,0.0,0.0,0.0,0.0,0.0,0.0,0.0,999.0000000002184,999.0000000002184,1.000000000000015,-44.9978989024109,gaze,0.4092881484720314,0.3718120589165683,570.7177490739722,63.69514865277336,988.707530467344,-32.88316201066659,-18.053148009962868,-25.81305813349753,-0.1013549713176457,0.1244708352018548,0.9479843587787344,4.318942864566751,25.950117418573463,-17.55287705559169,-20.519186749433363,0.3397736726094701,0.1887348366750925,0.8718007252383011,4.156204263767791,2.504829055787422,-18.577765153371576,-21.50821332826409,0.1784718699100704,0.202090454114246,0.8831430196395768,4.462644475457875,95.10983166541295,False,-1.286158758431276,imu,-1.0665064424,-9.794153947200002,2.204193068,1.20388998,8.69513632,-5.25345585,109.1743513985119,-39.16059412688007,137.17639532712164,390.8652779796057,-20.292449005977915,False,-0.5675373683422575,-0.8233476395394261,430.3494395232372,-35.40514608247448,41.08621153349091,117.11459712403472,False,inf
59.876204,-26975.33782048993,-143.0656452600126,431.02829752444586,-36.989359563428,26.24049559741313,25.97270447858515,118.52193239297588,-1412619.8172040582,8.773900862133242,25.99662592738488,1138441580.365015,23.958015917133533,26.24049559741313,-1145052314982.6716,21.705338028762664,-0.799508786563731,112.47599725176354,60.66643103921358,-28434.16604131141,-39.888945911963056,110.83868851596426,118.52193239297588,-76858311745.22551,631.4510517110587,270.59479026354035,20.68105148139773,-702833.4632582408,441554286350.333,3.0000000000003872,-0.8579830000000355,-6757572.297799474,-6.459774909744854,390.905237299372,-20.25598780839209,0.0,-5.34379880379033e-20,0.0,5.2801778462475065e-19,-199.23442028598708,0.5813641477196239,-199.23442028598708,0.0,-246.6964931768815,0.0,0.0,2810.819999999804,-14.61770000000024,0.0,0.0,0.0,0.0,0.0,0.0,0.0,0.0,0.0,0.0,0.0,3785.529999999832,-83.48819999999148,0.0,0.0,0.0,0.0,0.0,0.0,0.0,0.0,0.0,0.0,0.0,7388.629999999845,-42.01050000000623,0.0,0.0,0.0,0.0,0.0,0.0,0.0,0.0,0.0,999.0000000002156,999.0000000002156,1.0000000000000115,-45.34918914852622,gaze,0.4100975002504159,0.3726054665984404,154.18431782017018,269.59728842522213,1067.7269878739812,-32.91669180147298,-18.055714520529047,-25.928216048002515,-0.1013817104735334,0.1240591102486761,0.9480403732278796,4.31619754258229,26.218902924945294,-17.57024134588474,-20.48989830523354,0.3397770694753839,0.1892495085565035,0.8717466106894782,4.154927023197514,-0.1982252878964781,-18.563628303443583,-21.44038016794836,0.1769711497733257,0.201390021529143,0.8834616609661495,4.459790995281577,72.65753258661546,False,-1.3091604409452895,imu,-1.0623193728,-9.8031262392,2.210174596,0.59078336,9.59236552,-5.26840967,109.16551350808056,-39.15502318823444,137.17921752469982,390.905237299372,-20.25598780839209,False,-0.5875774133284445,-0.809167957439155,430.6649410732365,-35.48304582141922,41.11935365098043,118.52193239297588,False,inf
59.883284,-27297.84216066621,-144.21498745464754,431.3216868055033,-37.04704248834992,26.42725466163814,26.212149159875832,119.6942571005759,-1430376.3198613524,8.85422126367028,26.236290882251687,1153597729.0635736,24.145577229016165,26.42725466163814,-1160494641773.039,21.82207301583664,-0.8068642870991011,112.9941712720224,61.10041417258864,-28773.699954642303,-40.23146531903891,111.34808112351078,119.6942571005759,-77893925655.50629,635.9574993527455,272.8394910800407,20.847160406026106,-711619.5094071473,447503780547.6985,3.0000000000003944,-0.8579830000000364,-6843211.604233686,-6.511250609852994,390.9385197765955,-20.22560747600687,0.0,-5.3886150064718203e-20,0.0,5.324460484630109e-19,-200.78590080691268,0.585996829438248,-200.78590080691268,0.0,-248.6154080959492,0.0,0.0,2810.819999999804,-14.617700000000283,0.0,0.0,0.0,0.0,0.0,0.0,0.0,0.0,0.0,0.0,0.0,3785.529999999839,-83.4881999999916,0.0,0.0,0.0,0.0,0.0,0.0,0.0,0.0,0.0,0.0,0.0,7388.629999999845,-42.01050000000623,0.0,0.0,0.0,0.0,0.0,0.0,0.0,0.0,0.0,999.00000000022,999.00000000022,1.0000000000000142,-45.641456643630384,gaze,0.5503943690541574,0.2512277255341799,-117.9134643980406,366.2575694469193,1132.41779403445,-30.64435841527498,-19.41378962815583,-23.51889078208356,-0.0714325882002121,0.3156844918162288,0.9461715948863336,3.559780836105347,26.482436540094326,-17.58644929817192,-20.47312025207316,0.3397927905453247,0.1897062749447226,0.8716888058267732,4.153999453448973,-2.55832121785274,-17.79893453804342,-23.48350204458702,0.2322925306905761,0.1974087197544174,0.9095510402880788,3.9262056350708,76.25299718947143,False,-1.0,imu,-0.600234960121906,-9.6291338850793,2.433371480344809,0.3844760029814148,11.18272994399025,-7.379997467166285,109.1494941431289,-39.15037346184328,137.18074267770558,390.9385197765955,-20.22560747600687,False,-0.6169239189787241,-0.7870227939468671,430.92758798751225,-35.54847813482417,40.9253536075292,119.69425710057592,False,inf
59.884761,-27365.50771244737,-144.45563515000893,431.3830847908093,-37.059103947762026,26.46634453639871,26.26230488684603,119.93974368860891,-1434102.8360601664,8.871048503184499,26.28649275039289,1156779794.45594,24.18483928034926,26.46634453639871,-1163737058136.2393,21.84648409835674,-0.808405055733505,113.10250478995742,61.191247539128206,-28844.93804319489,-40.30319206893883,111.45457921426328,119.93974368860891,-78111371684.48682,636.9006995029497,273.3095873039326,20.881948796022897,-713463.4202328497,448752985171.5596,3.000000000000391,-0.8579830000000364,-6861186.221374536,-6.522029136004091,390.9454887070469,-20.219244908904383,0.0,-5.398001201880824e-20,0.0,5.333734931641108e-19,-201.1107313923208,0.586966869292362,-201.1107313923208,0.0,-249.01716375360127,0.0,0.0,2810.819999999804,-14.617700000000257,0.0,0.0,0.0,0.0,0.0,0.0,0.0,0.0,0.0,0.0,0.0,3785.529999999839,-83.4881999999916,0.0,0.0,0.0,0.0,0.0,0.0,0.0,0.0,0.0,0.0,0.0,7388.629999999845,-42.01050000000629,0.0,0.0,0.0,0.0,0.0,0.0,0.0,0.0,0.0,999.0000000002192,999.0000000002192,1.0000000000000124,-45.702616833025246,gaze,0.4109193900373515,0.3734156121057268,-137.36965996238212,366.623195915732,1139.377260782993,-32.95137252433516,-18.058023504486066,-26.04761158527533,-0.1014054623184096,0.1236240088856842,0.94810524386675,4.3135511841730745,26.542019948438124,-17.590021819791485,-20.47068621366,0.3397975397653061,0.1898050869216027,0.8716752632645575,4.153820719628684,-1.1963825747429762,-18.54824658954105,-21.380383591183765,0.1754699586969037,0.2006855039068267,0.8837827302585695,4.457017220396148,79.59554238633692,False,-1.327626750327722,imu,-1.1227328056,-9.8043225448,2.240082236,-0.16438455,10.58679455,-5.5151477,109.14515875819394,-39.14939883574269,137.18096870383312,390.9454887070469,-20.219244908904383,False,-0.6074176824229435,-0.7943826276297463,430.9825689370165,-35.56224187968073,41.12436865711744,119.93974368860891,False,inf
59.893319,-27760.212089889428,-145.8559685346826,431.7401469133224,-37.1291801287214,26.693717443089948,26.55430610204776,121.3684166877349,-1455846.8797764182,8.969033835088588,26.578762602198115,1175355745.7614107,24.413242531281337,26.693717443089948,-1182667148384.9695,21.988323360924937,-0.8173754766431229,113.731802719463,61.71958094689016,-29260.47829622637,-40.72064284784285,112.07321865838315,121.3684166877349,-79380871163.83981,642.3867901028669,276.0457951144941,21.08444265396712,-724222.5770389414,456046125158.8596,3.0000000000003944,-0.8579830000000337,-6966078.842144959,-6.584753797913979,390.9860429333885,-20.18221036726979,0.0,-5.452637679840319e-20,0.0,5.387720928896186e-19,-203.00081650078667,0.5926119287764318,-203.00081650078667,0.0,-251.354824024006,0.0,0.0,2810.819999999804,-14.617700000000257,0.0,0.0,0.0,0.0,0.0,0.0,0.0,0.0,0.0,0.0,0.0,3785.529999999832,-83.4881999999916,0.0,0.0,0.0,0.0,0.0,0.0,0.0,0.0,0.0,0.0,0.0,7388.629999999845,-42.010500000006346,0.0,0.0,0.0,0.0,0.0,0.0,0.0,0.0,0.0,999.00000000022,999.00000000022,1.000000000000015,-46.05827534455761,gaze,0.4117538118406003,0.374242468742452,31.033587199553978,234.5819725733908,1120.817537086025,-32.98718377059369,-18.060076204040183,-26.17105145383499,-0.1014262502378041,0.1231655849521089,0.9481789381375304,4.311003154586116,26.917547154771853,-17.61189270438652,-20.46505152943452,0.3398350132961432,0.1904014692926675,0.8715867465353663,4.152885710301994,0.7322318351601574,-18.5316693693987,-21.328530296611124,0.1739682100140157,0.1999768685028816,0.8841062343500922,4.454323035331725,111.97608697232327,False,-1.341165330900812,imu,-1.1538367512,-9.825856045600002,2.2388859304,-0.81487572,11.55131594,-5.79179337,109.11330255397134,-39.14372062971561,137.1816542744992,390.9860429333885,-20.18221036726979,False,-0.627042614719258,-0.7789849544927272,431.30243510525054,-35.64276922554744,41.10029217282429,121.36841668773488,False,inf
59.901877,-28159.44412762509,-147.26653632319872,432.0994537340157,-37.19958110734635,26.922595253527348,26.848688175938264,122.80784079840863,-1477851.771759808,9.06785061313592,26.873415515889867,1194169567.6232858,24.643206506040727,26.922595253527348,-1201842781977.203,22.130841548501834,-0.8264194258624044,114.3638251230742,62.25138666904679,-29680.779517671013,-41.14126670242475,112.69454214334306,122.80784079840863,-80666823067.13249,647.9088597225012,278.8032165872094,21.288518488437468,-735110.8487527738,463433780285.2495,3.000000000000409,-0.8579830000000381,-7072249.695504936,-6.647944160731275,391.0268966180706,-20.14488710449774,0.0,-5.507704392787265e-20,0.0,5.442132038906599e-19,-204.90452877009267,0.5982989000559369,-204.90452877009267,0.0,-253.70929179879911,0.0,0.0,2810.819999999807,-14.617700000000283,0.0,0.0,0.0,0.0,0.0,0.0,0.0,0.0,0.0,0.0,0.0,3785.529999999839,-83.4881999999916,0.0,0.0,0.0,0.0,0.0,0.0,0.0,0.0,0.0,0.0,0.0,7388.629999999859,-42.01050000000646,0.0,0.0,0.0,0.0,0.0,0.0,0.0,0.0,0.0,999.0000000002256,999.0000000002256,1.000000000000016,-46.41613432842283,gaze,0.4126004689424432,0.3750857228608601,525.3912540741948,-45.75786224929248,1031.831514286847,-33.02409255909252,-18.061873104266848,-26.29829615925143,-0.1014440884132914,0.1226840477127142,0.9482613992926072,4.308553730403502,27.342128689149646,-17.635525669335394,-20.475586699407074,0.3398894104578788,0.1910383521835172,0.8714811515162623,4.152122698859177,2.1501532766809177,-18.51395167319012,-21.28497252620475,0.1724663421690582,0.1992643291178475,0.8844320675959728,4.451709279097216,149.04157666010198,False,-1.3493875217326443,imu,-1.2094649616,-9.828846809600002,2.2382877776,-1.27096723,12.69528317,-6.090869769999999,109.07000468927204,-39.13799009202116,137.18127954073825,391.0268966180706,-20.14488710449774,False,-0.6464292043521787,-0.7629739731869031,431.6245413370654,-35.72463459468124,41.04615006736893,122.80784079840863,False,inf
59.903265,-28224.62388650857,-147.4962808287357,432.1579410978047,-37.2110299489224,26.95985868115712,26.896658570917563,123.0423142511487,-1481445.4307606816,9.08395615744424,26.921430046163497,1197243505.826404,24.680651357281377,26.95985868115712,-1204976131663.8457,22.154020341462235,-0.8278931985321022,114.46658846668458,62.337967248909,-29749.39855375258,-41.20978678909287,112.79556644444074,123.0423142511487,-80876949686.88452,648.8078725110013,279.2524430870053,21.321766718774143,-736889.0365779665,464640934858.85205,3.000000000000401,-0.8579830000000364,-7089590.531165412,-6.658236904788252,391.0335508851053,-20.138806437392844,0.0,-5.516676237137614e-20,0.0,5.450997067954235e-19,-205.2145761510737,0.5992252207264904,-205.2145761510737,0.0,-254.0927469071394,0.0,0.0,2810.8199999998,-14.617700000000257,0.0,0.0,0.0,0.0,0.0,0.0,0.0,0.0,0.0,0.0,0.0,3785.529999999835,-83.4881999999916,0.0,0.0,0.0,0.0,0.0,0.0,0.0,0.0,0.0,0.0,0.0,7388.629999999852,-42.0105000000064,0.0,0.0,0.0,0.0,0.0,0.0,0.0,0.0,0.0,999.0000000002264,999.0000000002264,1.000000000000016,-46.47438267910709,gaze,0.2166018321728201,0.590155770109667,612.3126726450708,-93.72945844122056,1015.672915957219,-33.03018014556004,-18.062140486683653,-26.319276679897715,-0.1014467046655397,0.1226037811663761,0.948275596220816,4.308165753977598,27.19315081306201,-17.74072288198128,-19.08753451578651,0.4912171715922053,-0.0637937555687884,0.8686979032341356,3.321567535400391,3.3919731883302107,-17.78729220683099,-22.60430853882692,0.2840774588709019,0.1451682246897763,0.9013804128772902,3.805278015136719,153.744390323355,False,-1.0,imu,-0.6011722769448645,-9.627128835268804,2.44081802510727,-0.1112154806781202,13.429399964668589,-7.199592834200745,109.06191003830637,-39.13705579735728,137.1811192426419,391.0335508851053,-20.138806437392844,False,-0.7089519055156427,-0.705256829577523,431.67699672101566,-35.73803928145877,39.72317360272268,123.0423142511487,False,inf
59.910434,-28563.19510322724,-148.68722481475237,432.4609740836836,-37.27029973553479,27.152958223195657,27.1454300984174,124.25790057783011,-1500117.2272996306,9.167492223839837,27.17043046172278,1213221296.6430244,24.87471133155612,27.152958223195657,-1221264055686.86,22.27402407971864,-0.8355362470343296,114.99850481282064,62.78661854081792,-30105.832429252063,-41.565030658603206,113.31848371280408,124.25790057783011,-81969233611.2444,653.4664282896714,281.5816451313398,21.494161024497032,-746128.0969628249,470915986223.3799,3.000000000000405,-0.8579830000000381,-7179697.789613744,-6.711595280931234,391.0680462639812,-20.10727817296149,0.0,-5.563197303981676e-20,0.0,5.496964272991966e-19,-206.82171523804377,0.6040273382252197,-206.82171523804377,0.0,-256.08037733691543,0.0,0.0,2810.8199999998,-14.61770000000027,0.0,0.0,0.0,0.0,0.0,0.0,0.0,0.0,0.0,0.0,0.0,3785.529999999835,-83.48819999999148,0.0,0.0,0.0,0.0,0.0,0.0,0.0,0.0,0.0,0.0,0.0,7388.629999999845,-42.01050000000652,0.0,0.0,0.0,0.0,0.0,0.0,0.0,0.0,0.0,999.0000000002274,999.0000000002274,1.000000000000015,-46.77616243786483,gaze,0.4134590556680591,0.3759450493298215,990.7430625275794,-304.7998620281028,944.3643031341026,-33.06206494356486,-18.06341487635797,-26.42910031478971,-0.1014589917114689,0.1221796214126521,0.9483525645516444,4.306203120132999,27.81094946477728,-17.660600246950526,-20.50373477299185,0.3399606405215566,0.191715404684261,0.8713585805943995,4.151532257478371,0.3833819192478496,-18.49514928997133,-21.24966381847733,0.1709647924622669,0.1985481011440712,0.8847601232197387,4.449176730598516,166.83713550546878,False,-1.351922685905094,imu,-1.2304003096,-9.8204726704,2.2352970136,-1.88407385,14.27291118,-6.45723836,109.01536973879566,-39.13220876180588,137.17985086136736,391.0680462639812,-20.10727817296149,False,-0.6655540911008646,-0.7463496176852387,431.9488893420152,-35.807843508035845,40.96097709329605,124.25790057783011,False,inf
59.911759,-28626.1241987098,-148.9081328711883,432.5171557123217,-37.281279297903694,27.18876418344768,27.191593747947486,124.48340305412586,-1503588.575282216,9.182996231889602,27.216636586125524,1216192955.9250877,24.910699092168112,27.18876418344768,-1224293638596.7195,22.29625605925304,-0.8369545681973188,115.09702578304876,62.86980891667423,-30172.081156362125,-41.63093417188388,113.41533833145355,124.48340305412586,-82172399259.5206,654.3302268817689,282.0137827167147,21.52614630764668,-747845.7711267299,472083150416.0293,3.000000000000405,-0.8579830000000372,-7196451.532871581,-6.72149329078758,391.0744450119846,-20.10142863840213,0.0,-5.57182888648707e-20,0.0,5.505493091217028e-19,-207.11980921349152,0.6049181338109845,-207.11980921349152,0.0,-256.44904167312336,0.0,0.0,2810.819999999796,-14.617700000000283,0.0,0.0,0.0,0.0,0.0,0.0,0.0,0.0,0.0,0.0,0.0,3785.529999999828,-83.48819999999125,0.0,0.0,0.0,0.0,0.0,0.0,0.0,0.0,0.0,0.0,0.0,7388.629999999837,-42.01050000000646,0.0,0.0,0.0,0.0,0.0,0.0,0.0,0.0,0.0,999.0000000002274,999.0000000002274,1.000000000000015,-46.83210899422104,gaze,0.4135930647740324,0.3760795420686735,1041.9769199885525,-334.3606408530269,934.8543092473624,-33.06803830305133,-18.06363087655737,-26.44965916450612,-0.101461038211591,0.1220994733397059,0.9483674565854896,4.305847946160034,27.88712158532285,-17.66459225747678,-20.509695126686395,0.3399731701952638,0.191823823773469,0.87133808814931,4.151456282237882,-0.0440680649946452,-18.492144135495494,-21.244919881865403,0.1707323160212315,0.198436868755185,0.8848111183689615,4.4487918439483884,166.83091587952794,False,-1.35178407846338,imu,-0.6015562069333898,-9.626270663314427,2.4440146516927017,-0.3425961993824598,14.452609210097272,-7.11904983195525,110.9634372,-40.74156040000001,136.275092,391.0744450119846,-20.10142863840213,False,-0.6684908893116127,-0.7437203311106731,431.9993190739384,-35.82084983505797,40.9449507432351,124.48340305412584,False,inf
59.918992,-28971.598329491622,-150.11841915962435,432.82480370771646,-37.34135368008313,27.384867481346063,27.44461508431215,125.71898976236808,-1522650.7968173027,9.267987055527708,27.469890730769865,1232517677.1531684,25.10781840955924,27.384867481346063,-1240937904881.5415,22.417906615177777,-0.8447284858073338,115.63599727494636,63.32541829898716,-30535.777280565824,-41.99205055046895,113.94519631811012,125.71898976236808,-83288567612.69832,659.0609667961912,284.3818499183081,21.701427207190807,-757278.060219896,478495413250.0928,3.000000000000405,-0.8579830000000381,-7288459.9479702115,-6.775724566550832,391.1095028213399,-20.06937341926087,0.0,-5.61913186633379e-20,0.0,5.552232900085899e-19,-208.7528961340101,0.6097988099620505,-208.7528961340101,0.0,-258.46872346289314,0.0,0.0,2810.8199999998,-14.617700000000298,0.0,0.0,0.0,0.0,0.0,0.0,0.0,0.0,0.0,0.0,0.0,3785.529999999835,-83.48819999999148,0.0,0.0,0.0,0.0,0.0,0.0,0.0,0.0,0.0,0.0,0.0,7388.629999999859,-42.01050000000657,0.0,0.0,0.0,0.0,0.0,0.0,0.0,0.0,0.0,999.00000000023,999.00000000023,1.000000000000016,-47.13845471348105,gaze,0.4143295648854252,0.3768204214883994,1188.1778089322338,-428.27692369856135,910.341436003676,-33.10107992810876,-18.06470278290802,-26.56326095184467,-0.1014709793685091,0.1216523562224804,0.9484524016961664,4.303950692174081,28.317877038103383,-17.686817245077812,-20.549649228215184,0.3400486355394382,0.1924325272223674,0.8712190955426555,4.151114710727232,-1.504310320515397,-18.47531145558948,-21.22234314766641,0.1694634705429809,0.1978281484014545,0.8850904095581703,4.446725263202343,152.71183935764373,False,-1.3484213681956978,imu,-1.2088668088,-9.8031262392,2.2239321104,-2.5943803,16.02998503,-6.71893021,108.9495233976517,-39.1263761411464,137.17737458099484,391.1095028213399,-20.06937341926087,False,-0.6844001507170201,-0.7291065996810892,432.2755956725575,-35.89243010234798,40.84377235961602,125.71898976236808,False,inf
59.923357,-29181.69014229028,-150.85239776794955,433.01125138853786,-37.377721001261136,27.50374008092772,27.598146112367367,126.46841707030734,-1534247.0376489758,9.319570110130709,27.623563028771727,1242453883.91215,25.22732345871423,27.50374008092772,-1251069708235.2795,22.49155762087353,-0.8494457474401607,115.9622067155544,63.60158797707451,-30756.94836411168,-42.21109193810671,114.26589190437736,126.46841707030734,-83968003660.16183,661.9284993948341,285.8183919668075,21.8077620496956,-763016.0811950383,482398696840.8887,3.000000000000409,-0.8579830000000372,-7344439.018894047,-6.808615754899976,391.1307644767594,-20.049927459370963,0.0,-5.647829632894994e-20,0.0,5.58058900213335e-19,-209.7432197570521,0.6127589327777067,-209.7432197570521,0.0,-259.693466565875,0.0,0.0,2810.8199999997923,-14.61770000000024,0.0,0.0,0.0,0.0,0.0,0.0,0.0,0.0,0.0,0.0,0.0,3785.529999999828,-83.48819999999114,0.0,0.0,0.0,0.0,0.0,0.0,0.0,0.0,0.0,0.0,0.0,7388.62999999983,-42.01050000000652,0.0,0.0,0.0,0.0,0.0,0.0,0.0,0.0,0.0,999.0000000002274,999.0000000002274,1.000000000000013,-47.32410085102392,gaze,0.4147780524343796,0.377272970767746,1165.159364374919,-427.8263583427584,919.1647232577064,-33.121369565072506,-18.0652621489832,-26.632900056316,-0.101475974998953,0.121374707347907,0.9485066413890186,4.3028397287559645,28.588700250399587,-17.70053358905261,-20.579604538164084,0.3400999425146547,0.192813610871006,0.8711414729080481,4.150968488339242,-2.140837064956088,-18.293268781166795,-22.391188325209168,0.2600990752110599,0.0982843245966914,0.9109543685756636,3.6092483997344975,134.0307825519831,False,-1.0,imu,-0.6020662716765662,-9.625093633286,2.4484081180311144,-0.6799582107395953,15.902551529020451,-7.006521245028966,108.9116797084839,-39.12338199843576,137.17571047088737,391.1307644767594,-20.049927459370963,False,-0.6938972390152753,-0.7200740390313887,432.4431389911649,-35.93610478882762,40.7713429659824,126.46841707030735,False,inf
59.927549,-29384.59752227368,-151.55983815151683,433.1908688640083,-37.41272747617504,27.618276139915388,27.7461871214972,127.19082188088328,-1545449.5741339326,9.369316741134522,27.771740259046773,1252056505.2044132,25.342480575096047,27.618276139915388,-1260862142902.7493,22.562457728197515,-0.8539944101426717,116.2761606738531,63.86767671425051,-30970.554721662083,-42.42224342558532,114.57454061831162,127.19082188088328,-84624678156.35988,664.6913403476561,287.2032967351151,21.91027750937107,-768559.3030263255,486171217310.9988,3.000000000000419,-0.857983000000039,-7398522.531708259,-6.840319570192786,391.15125793719017,-20.03118033515551,0.0,-5.675497499571229e-20,0.0,5.6079274658803995e-19,-210.69769251144967,0.6156121950314238,-210.69769251144967,0.0,-260.8738609509164,0.0,0.0,2810.819999999804,-14.617700000000283,0.0,0.0,0.0,0.0,0.0,0.0,0.0,0.0,0.0,0.0,0.0,3785.529999999835,-83.48819999999125,0.0,0.0,0.0,0.0,0.0,0.0,0.0,0.0,0.0,0.0,0.0,7388.629999999866,-42.01050000000669,0.0,0.0,0.0,0.0,0.0,0.0,0.0,0.0,0.0,999.000000000231,999.000000000231,1.0000000000000169,-47.50293741498699,gaze,0.415211582254004,0.3777114035917172,1072.712203164695,-389.9452617393558,943.264931605397,-33.14109812780154,-18.065737490087884,-26.700510002035312,-0.1014800636611189,0.1211025474725493,0.9485608319882574,4.301796869188645,28.8552437392396,-17.71387909940116,-20.612242405837645,0.3401532872141337,0.1931892861325205,0.8710628226850995,4.15087056846184,1.3022723746312166,-18.454496413084737,-21.20259227666336,0.1679629865999215,0.1971047700928606,0.8854227810668996,4.444355892849777,111.46625821938063,False,-1.338560054411635,imu,-1.1795573216,-9.7893687248,2.222137652,-2.9682258,17.54032085,-6.85351459,108.87266135022335,-39.12049443923129,137.17385849366684,391.15125793719017,-20.03118033515551,False,-0.7029409450758689,-0.7112482180897498,432.60462571319033,-35.97838861519447,40.6935796241915,127.19082188088328,False,inf
59.936107,-29802.32859692205,-153.01187213427318,433.55926643632256,-37.48443894908053,27.85324608582353,28.05023065605188,128.6737961080127,-1568521.2621289492,9.471510103384404,28.07606357000978,1271844668.0839686,25.57876000853466,27.85324608582353,-1281043853502.0337,22.707713407097984,-0.8633366034288195,116.91915178255054,64.41353726925244,-31410.30773764546,-42.85572673153767,115.20667083361676,128.6737961080127,-85978039997.34805,670.3590380209314,290.04676567606606,22.120769688592045,-779975.6394562842,493946125777.1777,3.0000000000004228,-0.857983000000039,-7509923.116864824,-6.905397938344303,391.19332270962514,-19.992688623533752,0.0,-5.732309879123417e-20,0.0,5.664063459179015e-19,-212.65663155155275,0.621469081570965,-212.65663155155275,0.0,-263.29644119465826,0.0,0.0,2810.819999999796,-14.617700000000298,0.0,0.0,0.0,0.0,0.0,0.0,0.0,0.0,0.0,0.0,0.0,3785.529999999835,-83.48819999999125,0.0,0.0,0.0,0.0,0.0,0.0,0.0,0.0,0.0,0.0,0.0,7388.629999999845,-42.01050000000669,0.0,0.0,0.0,0.0,0.0,0.0,0.0,0.0,0.0,999.0000000002336,999.0000000002336,1.000000000000016,-47.86970669727747,gaze,0.4161050999147423,0.3786179690416562,731.2291854760037,-224.2681936591965,1028.9107954031836,-33.182098249014466,-18.06652027135275,-26.840640032934164,-0.101486261131507,0.1205302428050118,0.9486778234913946,4.299741022701964,29.414612820032566,-17.741514067714025,-20.689430009316528,0.3402745291377581,0.1939855839748971,0.870889822522312,4.150800136154992,7.733533317042393,-18.432752777044573,-21.189861406459983,0.1664632480547654,0.1963779278562678,0.8857572470413146,4.442068486834839,65.73529730169423,False,-1.3220427833567412,imu,-1.1472570704,-9.7624518488,2.2215394992,-3.38693276,19.05065667,-7.122683349999999,108.7849867162722,-39.11456312054765,137.16930952131267,391.19332270962514,-19.992688623533752,False,-0.7211583409240033,-0.6927702702308601,432.9360991055747,-36.065752416442464,40.50937850246807,128.6737961080127,False,inf
59.943337,-30158.916953504508,-154.24676547565832,433.8722901408787,-37.5452799957433,28.0529551529136,28.30900277356996,129.93523779395457,-1588225.1406863928,9.558513127930969,28.33507381423364,1288756431.837382,25.77961887270393,28.0529551529136,-1298294481689.3457,22.83096637506415,-0.8712880121877502,117.46451649408742,64.87746337099729,-31785.690151277395,-43.2244812901961,115.74282840300458,129.93523779395457,-87134835373.01309,675.1759455181746,292.4659900260852,22.29986559989273,-789725.5582372532,500591780618.8821,3.00000000000043,-0.8579830000000399,-7605078.472653409,-6.960750379872221,391.22909853093233,-19.959939655329748,0.0,-5.780651195974361e-20,0.0,5.71182924296096e-19,-214.3224878007652,0.6264506595343431,-214.3224878007652,0.0,-265.3565346813708,0.0,0.0,2810.8199999997923,-14.617700000000298,0.0,0.0,0.0,0.0,0.0,0.0,0.0,0.0,0.0,0.0,0.0,3785.529999999828,-83.48819999999125,0.0,0.0,0.0,0.0,0.0,0.0,0.0,0.0,0.0,0.0,0.0,7388.629999999859,-42.01050000000669,0.0,0.0,0.0,0.0,0.0,0.0,0.0,0.0,0.0,999.0000000002374,999.0000000002374,1.0000000000000169,-48.18131894145505,gaze,0.3422660076522763,0.5393324049627094,375.6401477700641,-32.1743997379798,1120.750527683057,-33.21747480730717,-18.06698596562205,-26.961079242350724,-0.1014892565058713,0.1200293978642397,0.9487832790845888,4.298080639013868,26.74901503089811,-17.70921948672784,-18.07960393455572,0.2928996709614798,-0.0121437495493979,0.9560660605300966,3.262211799621582,12.568439269061969,-18.0498342935008,-20.2910976929444,0.3129927135731172,0.060284986303715,0.903264175903245,3.4469189047813416,47.00864248152861,False,-1.0,imu,-0.6029061469305811,-9.62305268076966,2.45605104990315,-1.3217772744374987,18.497673428106967,-6.808538631596104,108.70268849634589,-39.10951468629893,137.16466790370973,391.22909853093233,-19.959939655329748,False,-0.7153683074058661,-0.6987475830078169,433.21804211391344,-36.14065601787162,40.91484451854561,129.93523779395457,False,inf
59.944665,-30224.783172734544,-154.47440689248538,433.929965142192,-37.5564809231054,28.08975748822864,28.356724600330843,130.16779642787978,-1591865.600550115,9.574560509864003,28.3828395562806,1291882232.1519804,25.81663673369602,28.08975748822864,-1301483165727.6504,22.85365900623452,-0.8727544063787461,117.56490310281497,64.96295359582184,-31855.027407395275,-43.29246734040312,115.84152070421597,130.16779642787978,-87348661507.93369,676.0635776273136,292.91204937382463,22.33288840804132,-791526.9433178022,501820186702.41455,3.0000000000004228,-0.8579830000000417,-7622660.841791302,-6.970954708013318,391.2356936188771,-19.95390135654065,0.0,-5.789564954343615e-20,0.0,5.720636877560188e-19,-214.62955967630847,0.6273690229229961,-214.62955967630847,0.0,-265.7362736841352,0.0,0.0,2810.8199999998,-14.617700000000298,0.0,0.0,0.0,0.0,0.0,0.0,0.0,0.0,0.0,0.0,0.0,3785.529999999832,-83.48819999999125,0.0,0.0,0.0,0.0,0.0,0.0,0.0,0.0,0.0,0.0,0.0,7388.629999999874,-42.01050000000674,0.0,0.0,0.0,0.0,0.0,0.0,0.0,0.0,0.0,999.0000000002364,999.0000000002364,1.0000000000000178,-48.23873109961576,gaze,0.4170097984157347,0.379539776184093,311.6625172854209,4.707220309341983,1137.829897252826,-33.22404467401137,-18.06705208629869,-26.98339333968712,-0.1014895843181796,0.1199356852756719,0.9488033049090144,4.297783263977786,29.98665165683057,-17.769454117134277,-20.778294515311696,0.3404122560839612,0.1948210521854957,0.8707002126214407,4.150903765662263,11.471649782196168,-18.41013615239576,-21.183540229450493,0.164964687191457,0.1956478364803052,0.8860937003524983,4.439863726096581,46.99416703754834,False,-1.2986124367800596,imu,-1.103591916,-9.752881404000002,2.2305117912,-3.70096298,20.30677755,-7.556344129999999,108.6867675428768,-39.10858370184389,137.16373627533997,391.2356936188771,-19.95390135654065,False,-0.7390272699090221,-0.6736755111556434,433.2700212724303,-36.15452404475143,40.29019912418582,130.16779642787978,False,inf
59.953222,-30651.95088333354,-155.94732347764568,434.3029326618525,-37.62884607076296,28.327789818824783,28.66564677278617,131.67270184656655,-1615482.2157162428,9.67846094760523,28.69204601556296,1312169161.8685224,26.056090048249963,28.327789818824783,-1322180103763.8325,23.000279561430112,-0.8822471258176641,118.21334584880032,65.51587771584823,-32304.702721356407,-43.73243065749632,116.47902270214976,131.67270184656655,-88736544032.58232,681.8044602949785,295.7989307011852,22.54661760219789,-803213.0322976359,509793407767.2564,3.000000000000419,-0.8579830000000399,-7736734.291132749,-7.036984701566958,391.2783670052781,-19.914821740860617,0.0,-5.847258476987058e-20,0.0,5.77764352335686e-19,-216.6163170197676,0.6333115531127578,-216.6163170197676,0.0,-268.19316015231607,0.0,0.0,2810.819999999785,-14.617700000000298,0.0,0.0,0.0,0.0,0.0,0.0,0.0,0.0,0.0,0.0,0.0,3785.5299999998206,-83.48819999999102,0.0,0.0,0.0,0.0,0.0,0.0,0.0,0.0,0.0,0.0,0.0,7388.629999999845,-42.01050000000669,0.0,0.0,0.0,0.0,0.0,0.0,0.0,0.0,0.0,999.0000000002374,999.0000000002374,1.0000000000000169,-48.60997814397345,gaze,0.4179253501151457,0.3804764727255001,-46.413915620791,233.83269460065296,1237.651655352727,-33.26690101910532,-18.06733407462032,-27.12850913587048,-0.1014900464629337,0.1193191322411686,0.94893719915879,4.295923637559037,30.561617320483982,-17.797444012599577,-20.8753109615166,0.3405663520596808,0.1956952958921381,0.8704941215261012,4.151181678537066,9.95520087294724,-18.38670217541668,-21.18300032754092,0.1634677344668955,0.1949147119944197,0.8864320329356727,4.437742231252006,77.59227347312023,False,-1.268055973114586,imu,-1.0754787344,-9.7337405144,2.207183832,-3.84302427,21.44326787,-7.78812834,108.57831316721264,-39.102557715401815,137.1571483517597,391.2783670052781,-19.914821740860617,False,-0.7565224285938301,-0.6539677477020507,433.60639747883033,-36.24470455386076,40.03508935779625,131.67270184656655,False,inf
59.961936,-31091.89156547813,-157.45816455988862,434.68513106093087,-37.702880885389646,28.571788462611945,28.982783624624425,133.21666196948505,-1639817.238573134,9.785158970300854,29.00947472399924,1333089413.09901,26.30159310305364,28.571788462611945,-1343526535264.4062,23.15030366396339,-0.8919925669920576,118.87653665966442,66.08263479398477,-32767.81792992907,-44.18384806100646,117.13103031251462,133.21666196948505,-90167964496.48584,687.6888869173781,298.7614437279566,22.76595798952852,-815254.6673435513,518016746691.3535,3.0000000000004228,-0.8579830000000372,-7854299.349106224,-7.104723017416823,391.322140660031,-19.874718598443167,0.0,-5.906470585781213e-20,0.0,5.836150675580193e-19,-218.6540505759236,0.6394078278279831,-218.6540505759236,0.0,-270.7130358289592,0.0,0.0,2810.819999999778,-14.61770000000027,0.0,0.0,0.0,0.0,0.0,0.0,0.0,0.0,0.0,0.0,0.0,3785.529999999817,-83.4881999999908,0.0,0.0,0.0,0.0,0.0,0.0,0.0,0.0,0.0,0.0,0.0,7388.629999999823,-42.0105000000068,0.0,0.0,0.0,0.0,0.0,0.0,0.0,0.0,0.0,999.0000000002384,999.0000000002384,1.000000000000016,-48.99037647691356,gaze,0.418868731208189,0.3814455131394605,-259.8181759389176,424.10518288657215,1302.6640223225525,-33.31145108429605,-18.06736583287693,-27.278479001765174,-0.1014875903119172,0.1186687865501368,0.9490821455239088,4.294130305988317,31.140103634618768,-17.82575477546187,-20.978457288508466,0.340740009710579,0.1966252185738073,0.8702674001146579,4.151644024346477,8.53796716529898,-18.36204970473488,-21.18778068135133,0.1619450518228962,0.1941650661472729,0.886778473970879,4.435667481824733,159.86843326025817,False,-1.2294364082647742,imu,-1.0700953592,-9.7056273328,2.2119690544,-3.98508556,22.46012763,-7.862897439999999,108.4576806101997,-39.09637344041923,137.1494057504029,391.322140660031,-19.874718598443167,False,-0.7739321693909088,-0.6332685032289871,433.95155455014833,-36.3380092786705,39.73733539918507,133.21666196948505,False,inf
59.963429,-31167.770946058936,-157.7181300488258,434.7508571014882,-37.71560024002344,28.61375607459988,29.037378734885262,133.48235700194962,-1644015.6957636476,9.80353055761156,29.06412007837108,1336700372.0645947,26.343824277926224,28.61375607459988,-1347211397320.774,23.17608022345092,-0.8936702736464296,118.9904526525168,66.18011399782816,-32847.69375207149,-44.26153471269759,117.24302602288776,133.48235700194962,-90415057489.32108,688.7009688599462,299.2713256409376,22.803710133781983,-817332.1850306541,519436266057.5115,3.000000000000433,-0.8579830000000399,-7874584.723603263,-7.116379363273764,391.329672785962,-19.86781644571562,0.0,-5.916662378890321e-20,0.0,5.846221129122069e-19,-219.0046588231557,0.6404568690526122,-219.0046588231557,0.0,-271.1465954303622,0.0,0.0,2810.819999999785,-14.617700000000283,0.0,0.0,0.0,0.0,0.0,0.0,0.0,0.0,0.0,0.0,0.0,3785.529999999817,-83.48819999999068,0.0,0.0,0.0,0.0,0.0,0.0,0.0,0.0,0.0,0.0,0.0,7388.629999999837,-42.0105000000068,0.0,0.0,0.0,0.0,0.0,0.0,0.0,0.0,0.0,999.00000000024,999.00000000024,1.000000000000016,-49.05578921535458,gaze,0.41903146384166,0.3816130581679379,-278.0259462301807,450.5494243495912,1308.5746462956763,-33.31917346235296,-18.067345509355377,-27.30437707150785,-0.1014868740485643,0.1185550987837219,0.9491078451597648,4.293833200329093,31.237772124377123,-17.830568418071238,-20.99626005381426,0.3407714497550795,0.1967885359866968,0.8702268573726155,4.151741411848837,7.765935809561715,-18.28791066562165,-20.2286764108086,0.2375614181178243,0.0799156622326808,0.9236451862168552,3.3811867237091064,177.78043812035253,False,-1.0,imu,-0.6037004310526413,-9.620984913132428,2.4638259909285587,-2.04548695262544,21.142766115029897,-6.608205271660387,108.43600765855366,-39.09530909622451,137.14797523795676,391.329672785962,-19.86781644571562,False,-0.7768720679069381,-0.6296584710031287,434.0109592457127,-36.35414507623037,39.68240178807453,133.48235700194962,False,inf
59.970649,-31536.803520863563,-158.97988635133785,435.069706773073,-37.77725340750368,28.817380157116773,29.30246836912118,134.77204894532952,-1664439.6617165804,9.89274943865015,29.329453679712586,1354273194.438481,26.548746892394146,28.817380157116773,-1365145289678.5127,23.301032658347506,-0.9018165881864086,119.54253502323976,66.65306565827042,-33236.160103415634,-44.63864361886624,117.78580464737824,134.77204894532952,-91617630396.22089,693.6113756906001,301.74661179438,22.98698757562529,-827438.5785835697,526344900963.9685,3.00000000000043,-0.857983000000039,-7973274.762389701,-7.172957535592375,391.36623085515066,-19.8343093606496,0.0,-5.966142716576827e-20,0.0,5.895112372937283e-19,-220.70628113352896,0.6455487593758519,-220.70628113352896,0.0,-273.25078833089094,0.0,0.0,2810.819999999781,-14.61770000000027,0.0,0.0,0.0,0.0,0.0,0.0,0.0,0.0,0.0,0.0,0.0,3785.529999999813,-83.4881999999908,0.0,0.0,0.0,0.0,0.0,0.0,0.0,0.0,0.0,0.0,0.0,7388.62999999983,-42.0105000000068,0.0,0.0,0.0,0.0,0.0,0.0,0.0,0.0,0.0,999.00000000024,999.00000000024,1.000000000000016,-49.37310349392463,gaze,0.4198228967516256,0.382429474206737,-289.0037509576028,550.3466397071977,1311.603661679318,-33.356878075245056,-18.06714125157205,-27.43038459745873,-0.1014821940263152,0.1179960357497241,0.9492356796771978,4.292438271344139,31.70139466627637,-17.853630132679594,-21.08169143955836,0.3409304228653441,0.1975947054246275,0.8700238206948594,4.15228742520741,13.300581693046489,-18.33665876267269,-21.197415131731223,0.1604245603143392,0.1934125445854579,0.887126721306682,4.433679754817875,270.73876626152924,False,-1.1831266558449292,imu,-1.0264302048,-9.6637566368,2.2263247216,-3.96265483,23.29754155,-7.907758899999999,108.32716309348216,-39.09014257447472,137.14063124673586,391.36623085515066,-19.8343093606496,False,-0.7909046704478553,-0.6119393779319723,434.2993534408254,-36.43279636337951,39.40028922058203,134.77204894532952,False,inf
59.979363,-31986.83163713407,-160.51289550255203,435.4567602330167,-37.85198192994042,29.06462913963317,29.62478939869282,136.33927897364737,-1689357.717996776,10.001262581103656,29.65207135610156,1375727896.3240125,26.79761599881948,29.06462913963317,-1387043974225.7473,23.45250348961104,-0.9117218930973956,120.21150137490883,67.22731919761871,-33709.8816554692,-45.096939862821216,118.44350354306074,136.33927897364737,-93086051542.76472,699.5734716740346,304.7552498061166,23.20976670534989,-839768.8427065378,534780799340.6716,3.0000000000004405,-0.8579830000000408,-8093700.731676649,-7.241706657267294,391.41064914148,-19.79358328605776,0.0,-6.026291256722431e-20,0.0,5.954544807674919e-19,-222.7735577719967,0.6517360038136327,-222.7735577719967,0.0,-275.8070960271446,0.0,0.0,2810.819999999778,-14.617700000000283,0.0,0.0,0.0,0.0,0.0,0.0,0.0,0.0,0.0,0.0,0.0,3785.529999999817,-83.48819999999057,0.0,0.0,0.0,0.0,0.0,0.0,0.0,0.0,0.0,0.0,0.0,7388.629999999837,-42.010500000006914,0.0,0.0,0.0,0.0,0.0,0.0,0.0,0.0,0.0,999.0000000002436,999.0000000002436,1.000000000000016,-49.7582588183901,gaze,0.4207878243997985,0.3834283155307533,-147.22310343249606,610.3188315158709,1254.2999174113393,-33.40315848603801,-18.06666169751934,-27.58400052561357,-0.1014738682493929,0.1173009317755734,0.949397766869905,4.29084690358678,32.236069312986565,-17.880850342391067,-21.180756174424328,0.3411375232097997,0.1986036474563917,0.8697634466494287,4.153112154005309,22.45544840321793,-18.3105773305479,-21.211533834204268,0.1589061765655541,0.1926571110409607,0.8874767826848499,4.431778924217344,370.9587399326759,False,-1.1290501410530114,imu,-1.0150653016,-9.600352440000002,2.2107727488,-3.94770101,24.21720148,-7.840466709999999,108.18714505907543,-39.08386453662768,137.130833629358,391.41064914148,-19.79358328605776,False,-0.8074181036571488,-0.5899796656552612,434.6499242900909,-36.52909691558619,39.022849773835496,136.33927897364737,False,inf
59.98341,-32197.570502968345,-161.2286586231509,435.637348582758,-37.88680623536658,29.18001398721884,29.775371633513032,137.07112330075967,-1701030.589667797,10.051969936002228,29.80279218171632,1385784014.7760212,26.913772941554114,29.18001398721884,-1397309369230.1223,23.523097395319603,-0.9163495499880692,120.5231715787709,67.49529970308355,-33931.71354945674,-45.31096195918566,118.7499265212189,137.07112330075967,-93774394514.6846,702.3557088220733,306.1604381306567,23.313819962631257,-845544.9815591951,538735243961.4094,3.0000000000004263,-0.8579830000000372,-8150121.847562962,-7.27380858155404,391.431388362822,-19.77456249405526,0.0,-6.054386187196119e-20,0.0,5.982305250693537e-19,-223.73871144372612,0.6546250945423192,-223.73871144372612,0.0,-277.0005473974263,0.0,0.0,2810.819999999774,-14.61770000000024,0.0,0.0,0.0,0.0,0.0,0.0,0.0,0.0,0.0,0.0,0.0,3785.529999999806,-83.48819999999034,0.0,0.0,0.0,0.0,0.0,0.0,0.0,0.0,0.0,0.0,0.0,7388.629999999808,-42.010500000006914,0.0,0.0,0.0,0.0,0.0,0.0,0.0,0.0,0.0,999.000000000242,999.000000000242,1.000000000000013,-49.9379487765483,gaze,0.4212395155459654,0.3838971492744447,-34.89758082675226,618.3268954033139,1204.5769600185863,-33.424931186802766,-18.066352690709888,-27.655846599228017,-0.101469008670657,0.1169705911254723,0.949475926925334,4.290142060376705,32.472849290913125,-17.893208150184314,-21.224204242257205,0.3412393412426547,0.1990855108007441,0.8696368545781361,4.153556841820981,26.971082921980063,-17.724971184354562,-18.58356922517111,0.3920584212768425,-0.0379687525590932,0.9123819818821162,3.2918896675109863,403.4285934777715,False,-1.0,imu,-0.6044394220477407,-9.618915074153543,2.471640180027592,-2.8380885616850144,23.693611028576377,-6.411690819306498,108.11901430761176,-39.08093329510959,137.12593891352245,391.431388362822,-19.77456249405526,False,-0.8149233059837981,-0.5795688098616392,434.81368158334175,-36.574334645551176,38.83354991235687,137.07112330075967,False,inf
59.988076,-32441.91562218791,-162.0568976955422,435.84621480384567,-37.92705052524886,29.31348654996368,29.949687800243467,137.91805170395207,-1714568.2841317058,10.11067904493125,29.977268785478536,1397451138.0096855,27.048151174146785,29.31348654996368,-1409220224127.569,23.60468374307117,-0.9217066584738256,120.8832897384742,67.80528161631513,-34188.91901526252,-45.55864980113684,119.10398358731427,137.91805170395207,-94573069066.18108,705.5739926235689,307.7867973696021,23.43425388929536,-852243.917066108,543323529086.6636,3.000000000000444,-0.8579830000000426,-8215562.583683475,-7.31095735119441,391.4553867578338,-19.752548252479784,0.0,-6.086905100937364e-20,0.0,6.014437006727356e-19,-224.85548428402475,0.657968388361391,-224.85548428402475,0.0,-278.3814683699278,0.0,0.0,2810.819999999781,-14.617700000000326,0.0,0.0,0.0,0.0,0.0,0.0,0.0,0.0,0.0,0.0,0.0,3785.529999999817,-83.4881999999908,0.0,0.0,0.0,0.0,0.0,0.0,0.0,0.0,0.0,0.0,0.0,7388.629999999852,-42.010500000007085,0.0,0.0,0.0,0.0,0.0,0.0,0.0,0.0,0.0,999.00000000025,999.00000000025,1.0000000000000178,-50.14576586047475,gaze,0.4217630484086656,0.3844415381300573,120.8258912826067,614.9317777146838,1129.9665793198387,-33.45024753004484,-18.06592876317376,-27.739031268067475,-0.1014626261305761,0.1165838444452251,0.9495682980680102,4.2893563048755095,32.735339527985474,-17.907195933552234,-21.271611956450617,0.3413611480428764,0.1996514734543465,0.8694864603146019,4.154118095861338,29.441280639375567,-18.28386426812241,-21.22997388065194,0.1573905132310889,0.1918990750065408,0.8878285055999927,4.42996573388511,426.3786979124936,False,-1.0672192050565474,imu,-1.025832052,-9.5782207864,2.2484563752,-3.73834753,25.03218467,-7.90028199,108.0381023955025,-39.07754160969541,137.12002644552183,391.4553867578338,-19.752548252479784,False,-0.8234426205457864,-0.5673995511706789,435.0032379471372,-36.62689706543965,38.60408922580558,137.91805170395205,False,inf
59.99679,-32902.203181995035,-163.61230507369112,436.2381721230004,-38.00247765183414,29.56401742479688,30.27725327430735,139.5087890835282,-1740079.758485496,10.221029521125738,30.3051357505598,1419450465.7446654,27.30041782119514,29.56401742479688,-1431681808456.164,23.757610705343147,-0.9317736280531616,121.55806188335389,68.3871036446085,-34673.42755855853,-46.023897673211046,119.76740393227522,139.5087890835282,-96079203617.60046,711.6145026712261,310.84208098147536,23.66051033425889,-864867.9603504343,551976081230.8408,3.0000000000004405,-0.8579830000000399,-8338901.336939512,-7.380728271211283,391.5004554105367,-19.711193367073264,0.0,-6.148000872918577e-20,0.0,6.074805395875913e-19,-226.952617107936,0.6642475918154359,-226.952617107936,0.0,-280.974592797917,0.0,0.0,2810.819999999767,-14.61770000000027,0.0,0.0,0.0,0.0,0.0,0.0,0.0,0.0,0.0,0.0,0.0,3785.5299999998097,-83.48819999999034,0.0,0.0,0.0,0.0,0.0,0.0,0.0,0.0,0.0,0.0,0.0,7388.629999999815,-42.01050000000703,0.0,0.0,0.0,0.0,0.0,0.0,0.0,0.0,0.0,999.0000000002464,999.0000000002464,1.000000000000015,-50.53572542032536,gaze,0.4227485454292846,0.3854691013595062,452.9762628593183,582.9674075788978,947.4398995282442,-33.49812163807546,-18.064943826341786,-27.89525256997422,-0.1014484756996058,0.1158448233608531,0.9497472387457154,4.287965848695357,33.191869027880784,-17.932472322398812,-21.350755478807976,0.3416012303782993,0.2007380761756254,0.8691929239672078,4.1553055057905945,31.325399939559425,-18.256565265617947,-21.25284984549392,0.1558774851486252,0.1911383982632962,0.8881818986471778,4.428240052820772,433.16670006421856,False,-0.9976909996880664,imu,-1.0042985512,-9.5877912312,2.261017584,-3.4168404,25.71258348,-7.623636319999999,107.88047169018807,-39.07117317712153,137.10821900067992,391.5004554105367,-19.711193367073264,False,-0.8389555260511953,-0.544199986501435,435.3594278265204,-36.72622632023686,38.14290811874494,139.5087890835282,False,inf
60.003501,-33260.22791042552,-164.81787671044142,436.54171743582174,-38.06080639936712,29.75808754558944,30.53132673838653,140.74194956318482,-1759931.9651252031,10.306646484655245,30.559443069165926,1436581148.0981872,27.495864126306127,29.75808754558944,-1449174837344.705,23.8758844622919,-0.9395821440958414,122.07971705696896,68.83778521842869,-35050.28775521991,-46.38459076960517,120.28028786284465,140.74194956318482,-97252166740.56483,716.2934487969084,313.2111025241078,23.83595406934729,-874691.6320188981,558714603999.8015,3.0000000000004547,-0.8579830000000426,-8434894.92368716,-7.434812592610011,391.5353876460404,-19.67912856359308,0.0,-6.195378655035945e-20,0.0,6.121619116271634e-19,-228.5779553522959,0.6691150416445532,-228.5779553522959,0.0,-282.9843038709844,0.0,0.0,2810.819999999778,-14.617700000000326,0.0,0.0,0.0,0.0,0.0,0.0,0.0,0.0,0.0,0.0,0.0,3785.5299999998097,-83.48819999999034,0.0,0.0,0.0,0.0,0.0,0.0,0.0,0.0,0.0,0.0,0.0,7388.62999999983,-42.01050000000714,0.0,0.0,0.0,0.0,0.0,0.0,0.0,0.0,0.0,999.000000000252,999.000000000252,1.0000000000000169,-50.83769784402433,gaze,0.0999522593091015,-0.0421976086292693,710.7377986463429,546.8665297998448,778.6882408469937,-33.53550112551303,-18.064014572967785,-28.016201279745392,-0.1014356025773267,0.1152609153484651,0.9498907198031126,4.2869631917891535,34.66293679956104,-18.36182790997004,-22.75297187133684,0.567575630327909,0.4745182220353903,0.672822681554545,4.59618091583252,30.705975915229576,-18.03552369834894,-20.41628790294628,0.4302376506446944,0.2311872362429961,0.8144443710423208,3.9291963577270512,421.82877776012725,False,-1.0,imu,-0.6051304081099225,-9.616822069995967,2.4795735156449905,-3.694859474963111,26.056968189256686,-6.220062046945456,107.75354241718496,-39.0662385886306,137.09845231599508,391.5353876460404,-19.67912856359308,False,-0.9189232357705076,-0.3944364166263813,435.6357103931611,-36.803762152473126,33.13099698531916,140.74194956318485,False,inf
60.005503,-33367.63215444818,-165.17881855734248,436.63255451098985,-38.07824722770275,29.816172200534705,30.607425815651908,141.11118574683346,-1765888.9121721387,10.33229427873467,30.63561219050357,1441723405.8617263,27.554365956140582,29.816172200534705,-1454426267225.2185,23.91125163600413,-0.9419209446275943,122.23567050574913,68.9726698623802,-35163.341747202794,-46.49259501248518,120.43361985858527,141.11118574683346,-97604289944.5116,717.6938027382087,313.9205304887267,23.888493821111787,-877639.3776936629,560737506371.5933,3.000000000000451,-0.8579830000000408,-8463701.805349045,-7.45100617099148,391.5458461960143,-19.66952664419153,0.0,-6.209567270200287e-20,0.0,6.135638807217361e-19,-229.06455372725205,0.6705724220392879,-229.06455372725205,0.0,-283.58597097818455,0.0,0.0,2810.8199999997705,-14.61770000000027,0.0,0.0,0.0,0.0,0.0,0.0,0.0,0.0,0.0,0.0,0.0,3785.5299999998097,-83.48819999999023,0.0,0.0,0.0,0.0,0.0,0.0,0.0,0.0,0.0,0.0,0.0,7388.629999999823,-42.01050000000703,0.0,0.0,0.0,0.0,0.0,0.0,0.0,0.0,0.0,999.00000000025,999.00000000025,1.000000000000016,-50.92805988512772,gaze,0.4237438392805259,0.386510492814257,783.2467048146116,535.7289878210008,725.5789780278318,-33.54673526924706,-18.063708721487647,-28.052369729019187,-0.101431430194731,0.1150842561406528,0.9499344723742844,4.286675548873113,33.59965129063079,-17.956485471052147,-21.415367818283205,0.3418575937149568,0.2018628505630212,0.8688830340385107,4.156674085530724,30.54528278666457,-18.22873721116408,-21.280594455226307,0.1543677008154212,0.1903753908027336,0.8885368086276526,4.426602540001429,418.5855310647127,False,-0.9206297598396682,imu,-0.9935318008,-9.6284656216,2.252045292,-3.05047181,26.59485886,-7.13763717,107.71478438408158,-39.06476152809047,137.095426263311,391.5458461960143,-19.66952664419153,False,-0.853926608842343,-0.5203934537549605,435.71846545787207,-36.827067703026025,37.63842275152486,141.11118574683346,False,inf
60.013322,-33789.76347980212,-166.59425387815594,436.98858407563466,-38.14654235501945,30.04386801895263,30.90598484225582,142.55929831813694,-1789307.990408361,10.43293641574214,30.934446024354106,1461948232.0809922,27.78372029914206,30.04386801895263,-1475082261045.9604,24.049752881669782,-0.9510968501493652,122.84623974880326,69.50141311811153,-35607.67508960556,-46.91619863452528,121.03392941558866,142.55929831813694,-98989324511.70424,723.1831011997064,316.7032426835159,24.09458535151364,-889228.1508432408,568694349950.1321,3.000000000000462,-0.8579830000000443,-8576964.353469945,-7.514513880278534,391.5868594701237,-19.631864420719182,0.0,-6.265225488501437e-20,0.0,6.19063438007392e-19,-230.9726669189831,0.6762879524415784,-230.9726669189831,0.0,-285.9452806726948,0.0,0.0,2810.8199999997705,-14.617700000000326,0.0,0.0,0.0,0.0,0.0,0.0,0.0,0.0,0.0,0.0,0.0,3785.529999999813,-83.48819999999046,0.0,0.0,0.0,0.0,0.0,0.0,0.0,0.0,0.0,0.0,0.0,7388.629999999837,-42.01050000000714,0.0,0.0,0.0,0.0,0.0,0.0,0.0,0.0,0.0,999.0000000002548,999.0000000002548,1.0000000000000195,-51.28220843084883,gaze,0.424645239332646,0.3874566743922118,1031.551294779767,495.7665769239449,516.5731577821439,-33.590966590936844,-18.06238865081768,-28.19393207612693,-0.1014136753977188,0.1143834948327186,0.9501095087054102,4.285602500993631,33.92077716731678,-17.976816741876693,-21.45943814677948,0.3421014341307492,0.2029045203875367,0.8685910985258553,4.158056528168246,30.20278287005973,-18.203351973533582,-21.310307086394783,0.1530156555645018,0.1896887245178632,0.8888565696293235,4.425208132818695,417.1127531432045,False,-0.8452435898427113,imu,-0.6054489102171177,-9.615795202275455,2.483477338875146,-4.128827519414696,27.10253121897276,-6.129369402136868,107.5576284,-40.30210120000002,139.4733784,391.5868594701237,-19.631864420719182,False,-0.8668797241477034,-0.4985173455975245,436.0431676028364,-36.91886296162645,37.14798925186904,142.55929831813694,False,inf
60.014216,-33838.29878507932,-166.75667409162324,437.0294191279927,-38.154369121114144,30.069987494430755,30.9402580944732,142.72548348479063,-1792001.2971953154,10.4444915458447,30.96875082359849,1464275058.6012962,27.81003236741072,30.069987494430755,-1477458873916.6562,24.065626405468315,-0.9521502136559444,122.91620044285185,69.56206499221098,-35658.76278580482,-46.96481338337893,121.1027148827439,142.72548348479063,-99148681350.90211,723.8127716399406,317.0226267092609,24.11823995796555,-890560.9193765325,569609834148.3999,3.0000000000004547,-0.8579830000000417,-8589991.257849567,-7.521801804527404,391.591565711215,-19.62754187514821,0.0,-6.271614006549637e-20,0.0,6.196946838870167e-19,-231.1916130174342,0.6769438468634696,-231.1916130174342,0.0,-286.21599658522763,0.0,0.0,2810.819999999774,-14.61770000000027,0.0,0.0,0.0,0.0,0.0,0.0,0.0,0.0,0.0,0.0,0.0,3785.529999999806,-83.48819999999034,0.0,0.0,0.0,0.0,0.0,0.0,0.0,0.0,0.0,0.0,0.0,7388.62999999983,-42.01050000000714,0.0,0.0,0.0,0.0,0.0,0.0,0.0,0.0,0.0,999.0000000002528,999.0000000002528,1.0000000000000178,-51.322825795245926,gaze,0.4247487897398063,0.387565549752343,1055.5650238373337,491.8384681052688,493.30280911302697,-33.596059171658304,-18.06222502002567,-28.210143236511826,-0.1014114975418436,0.1143022809751959,0.9501299417822606,4.285484914074415,33.95470484133878,-17.979062230491515,-21.46360116224308,0.3421301402104143,0.2030255556245864,0.8685568900192774,4.158223885842047,30.23170440736993,-18.20042629894168,-21.314033285929085,0.1528612461528621,0.1896101004993897,0.8888932039688245,4.425053233162238,418.5977291140516,False,-0.836258683549793,imu,-0.9761853696,-9.6667474008,2.2502508336,-2.85607215,27.28273458,-6.943237509999999,107.5415401788512,-39.05830675466496,137.08165965523386,391.591565711215,-19.62754187514821,False,-0.8683307807582772,-0.4959855392929524,436.0804457795004,-36.92943704795609,37.08960931721015,142.72548348479063,False,inf
60.02293,-34314.301968085885,-168.34611301907654,437.4288243154229,-38.23085336498392,30.3255007111002,31.275804058073,144.35192974295333,-1818422.620182932,10.557640000497086,31.30460564641367,1487110668.3269732,28.06745465443292,30.3255007111002,-1500785051430.3816,24.220755225291988,-0.9624630798018592,123.59973787539816,70.1553755710896,-36159.79466318663,-47.44062602739552,121.77477384598424,144.35192974295333,-100712741149.43095,729.9723069872881,320.1488617924869,24.34978519649654,-903635.4122618168,578595151697.6587,3.000000000000451,-0.8579830000000399,-8717797.72541566,-7.593126173264608,391.6376207074527,-19.58523270134151,0.0,-6.334151026413273e-20,0.0,6.258739316885924e-19,-233.33412106956027,0.6833628563885961,-233.33412106956027,0.0,-288.8650721884255,0.0,0.0,2810.81999999976,-14.61770000000024,0.0,0.0,0.0,0.0,0.0,0.0,0.0,0.0,0.0,0.0,0.0,3785.529999999795,-83.48819999998989,0.0,0.0,0.0,0.0,0.0,0.0,0.0,0.0,0.0,0.0,0.0,7388.629999999815,-42.0105000000072,0.0,0.0,0.0,0.0,0.0,0.0,0.0,0.0,0.0,999.0000000002536,999.0000000002536,1.000000000000016,-51.72008084732073,gaze,0.425763258309634,0.3886341124558153,1231.795822314248,464.0781243640868,288.1516800537768,-33.64606429554511,-18.06049424019809,-28.36833582814429,-0.1013886837465694,0.1134990299358428,0.9503335918300267,4.284393478216722,34.254994593265,-18.000040639244748,-21.49463256833293,0.342418776417023,0.2042259600425506,0.8682145870832598,4.159954991769372,31.12380313076416,-18.17167704603008,-21.35443755023314,0.1513582071047564,0.1888425738027998,0.8892510538354452,4.423592188635352,452.3745315144533,False,-0.7448856451908672,imu,-0.9528574104000002,-9.669140012000002,2.280756626400001,-2.84111833,28.17248687,-6.636684199999999,107.36125496536104,-39.051808922046014,137.0669306020013,391.6376207074527,-19.58523270134151,False,-0.8821424769314712,-0.4709826434097213,436.4454660048558,-37.03334953073594,36.49544242133645,144.35192974295333,False,inf
60.023482,-34344.63397377417,-168.4471835568507,437.4542094951462,-38.23571030075775,30.34174293088758,31.29715013601745,144.4553634953658,-1820106.6806557176,10.564839275633508,31.325971372962485,1488566758.228923,28.083819750934577,30.34174293088758,-1502272541791.6145,24.230606923829047,-0.9631191488550974,123.6431363111488,70.19308964738357,-36191.72133906401,-47.47088667977803,121.81744373943572,144.4553634953658,-100812479356.17278,730.3638380641911,320.3477014490366,24.364512675185946,-904468.765865128,579168134472.4583,3.0000000000004583,-0.8579830000000435,-8725944.713433784,-7.59766191057241,391.6405492792233,-19.582541771455425,0.0,-6.338128854980077e-20,0.0,6.262669786945914e-19,-233.4703550694908,0.6837710610631267,-233.4703550694908,0.0,-289.0335151603374,0.0,0.0,2810.819999999774,-14.617700000000298,0.0,0.0,0.0,0.0,0.0,0.0,0.0,0.0,0.0,0.0,0.0,3785.529999999806,-83.48819999999023,0.0,0.0,0.0,0.0,0.0,0.0,0.0,0.0,0.0,0.0,0.0,7388.62999999983,-42.0105000000072,0.0,0.0,0.0,0.0,0.0,0.0,0.0,0.0,0.0,999.0000000002574,999.0000000002574,1.0000000000000195,-51.74532809058246,gaze,0.4258278319129834,0.3887022461906142,1239.1558383353388,463.0550573903417,277.0351273906335,-33.649253882230084,-18.060376326579604,-28.37836437822341,-0.1013871418053184,0.1134474386318971,0.9503467652349012,4.284327677131148,34.272154826432015,-18.00131202269199,-21.49601627363449,0.3424375983284449,0.2043032578064495,0.8681923636418702,4.160070747909171,30.705975915229576,-18.03552369834894,-20.41628790294628,0.4302376506446944,0.2311872362429961,0.8144443710423208,3.9291963577270512,455.555428237173,False,-1.0,imu,-0.6057649409567363,-9.61473059490156,2.4875326500191544,-4.583369935386526,28.089465090353684,-6.037973989660511,107.34961083065944,-39.051395901510965,137.06596552003796,391.6405492792233,-19.582541771455425,False,-0.8829967545794652,-0.4693790913559438,436.4686909828988,-37.03998363382348,36.4562569277774,144.4553634953658,False,inf
60.031643,-34795.576666490255,-169.94682902012278,437.83069080930727,-38.307683643416055,30.58266121847439,31.614002037629305,145.990211532587,-1845149.4896515608,10.671719335076164,31.643114932968963,1510227617.92595,28.32658171650421,30.58266121847439,-1524402192725.514,24.376604862405003,-0.9728576341617522,124.28613349494222,70.752483711764,-36666.36881682163,-47.91994223493144,122.44965005508703,145.990211532587,-102296294229.65115,736.171184133778,323.2986507268008,24.58308620671106,-916861.181076368,587692452985.6482,3.000000000000462,-0.8579830000000426,-8847105.231854554,-7.664965703620494,391.6840020651107,-19.542607344447617,0.0,-6.397166727003471e-20,0.0,6.321004776614973e-19,-235.49166577122188,0.6898282290260302,-235.49166577122188,0.0,-291.53268761472685,0.0,0.0,2810.819999999767,-14.617700000000326,0.0,0.0,0.0,0.0,0.0,0.0,0.0,0.0,0.0,0.0,0.0,3785.5299999998015,-83.48819999999,0.0,0.0,0.0,0.0,0.0,0.0,0.0,0.0,0.0,0.0,0.0,7388.62999999983,-42.01050000000731,0.0,0.0,0.0,0.0,0.0,0.0,0.0,0.0,0.0,999.0000000002592,999.0000000002592,1.0000000000000178,-52.119745874109874,gaze,0.4267867540358408,0.3897156493618002,1291.1469784678595,459.5473260896495,152.12482770008492,-33.696704239133304,-18.05851857050112,-28.52665817754352,-0.1013630022514209,0.1126749165084446,0.9505452950708068,4.283401124992814,34.50011316842799,-18.01926318210149,-21.50853585976621,0.3427233055864379,0.2054634094244517,0.8678563422887513,4.161866833543033,32.50381884074864,-18.14254230869244,-21.4035638060326,0.1498591853576734,0.188073121145935,0.8896102041720866,4.422219938974026,497.3927370548268,False,-0.6469439548103231,imu,-0.9187627008000002,-9.676317845600002,2.3022901272,-3.03551799,28.56128619,-6.158161959999999,107.17452435187516,-39.04527032792994,137.051256094973,391.6840020651107,-19.542607344447617,False,-0.8953312294457577,-0.4454009312733279,436.8134984058656,-37.138783042688814,35.85512531951832,145.990211532587,False,inf
60.040357,-35282.27781851749,-171.55924820792768,438.2351233043924,-38.38487883373583,30.84153608426506,31.95494506663246,147.64076541522803,-1872190.7290776367,10.786761420112388,31.984371801992253,1533633854.3988512,28.58748103936404,30.84153608426506,-1548318483271.869,24.53321346689384,-0.983336722440456,124.97555243576058,71.35354482206142,-37178.64822352062,-48.40289058970818,123.12750598144896,147.64076541522803,-103899889130.62166,742.4110156605174,326.4728495270751,24.818206390239,-930242.5951270984,596904889248.7097,3.000000000000469,-0.8579830000000461,-8977956.897039283,-7.737339692495456,391.7307218850615,-19.49965452707196,0.0,-6.460678334131128e-20,0.0,6.383760238784015e-19,-237.6648222825214,0.6963417014459317,-237.6648222825214,0.0,-294.219553375547,0.0,0.0,2810.819999999767,-14.617700000000326,0.0,0.0,0.0,0.0,0.0,0.0,0.0,0.0,0.0,0.0,0.0,3785.5299999998097,-83.48819999999023,0.0,0.0,0.0,0.0,0.0,0.0,0.0,0.0,0.0,0.0,0.0,7388.629999999837,-42.01050000000737,0.0,0.0,0.0,0.0,0.0,0.0,0.0,0.0,0.0,999.000000000262,999.000000000262,1.0000000000000195,-52.52192466656621,gaze,0.4278192511083486,0.3908101192568782,1227.5337266278368,480.6252843242602,126.61383312723616,-33.74795562856477,-18.05629940827895,-28.68489650095968,-0.1013344547976922,0.1118299842742793,0.9507650176833606,4.282507239732627,34.691177297778,-18.03659287679908,-21.50612222719615,0.3430436641286331,0.2067378013544593,0.867482214986753,4.163959629546753,33.72969033358134,-18.11305997745765,-21.463712834676542,0.1483640920379434,0.1873016998044795,0.8899706655558268,4.420936344898706,487.54307928572223,False,-0.5429226483916115,imu,-0.9325202152000002,-9.708019944000002,2.3286088504,-3.07290254,29.06223916,-5.65720899,106.9818745702212,-39.03869027093744,137.0346465765846,391.7307218850615,-19.49965452707196,False,-0.9078726210431464,-0.4192461138284378,437.1846843810763,-37.24576204060949,35.16760227618657,147.64076541522803,False,inf
60.043574,-35463.32270281331,-172.1574380043041,438.3850694769949,-38.41346769864015,30.93753393132065,32.08150014256604,148.25317669182496,-1882252.9270492792,10.829473363671593,32.11104337408517,1542347851.9775035,28.684240837970925,30.93753393132065,-1557223283624.2612,24.59121739264653,-0.987226507017004,125.23081512943472,71.57642763732161,-37369.20616605135,-48.582091378908245,123.37848919694804,148.25317669182496,-104496954667.35686,744.7248212225843,327.6507924691192,24.905462124660016,-935221.9153750072,600334949507.5098,3.0000000000004654,-0.8579830000000435,-9026653.42407889,-7.764191996257257,391.7480542142207,-19.483715548934384,0.0,-6.48424936188963e-20,0.0,6.407050638874668e-19,-238.4709988584024,0.6987583395326036,-238.4709988584024,0.0,-295.21628758752263,0.0,0.0,2810.819999999767,-14.617700000000326,0.0,0.0,0.0,0.0,0.0,0.0,0.0,0.0,0.0,0.0,0.0,3785.529999999795,-83.48819999998989,0.0,0.0,0.0,0.0,0.0,0.0,0.0,0.0,0.0,0.0,0.0,7388.629999999815,-42.01050000000737,0.0,0.0,0.0,0.0,0.0,0.0,0.0,0.0,0.0,999.00000000026,999.00000000026,1.0000000000000178,-52.671025607783925,gaze,0.4282026171989548,0.3912173504381097,1173.8062431006565,494.7080382920384,152.5850939122335,-33.76702249342304,-18.05541904110245,-28.74323910900415,-0.101323193571358,0.1115128645845957,0.9508481380142058,4.282202074528612,34.74844258943427,-18.042485257975653,-21.5013636820254,0.3431658976949007,0.2072174991908525,0.8673401210415634,4.164777868041265,34.66293679956104,-18.36182790997004,-22.75297187133684,0.567575630327909,0.4745182220353903,0.672822681554545,4.59618091583252,457.8603921074996,False,-1.0,imu,-0.6063491484853031,-9.612619293336252,2.4955990990858696,-5.481592303633382,29.707157149202825,-5.865393653460992,106.90937796311547,-39.03625093999449,137.0282817454385,391.7480542142207,-19.483715548934384,False,-0.9123331045500146,-0.4094487835396903,437.3225152332205,-37.28564347517395,34.90169579662827,148.25317669182496,False,inf
60.04907,-35774.338423309935,-173.1830593706592,438.6420414664922,-38.4624224627064,31.102073955083544,32.29857035008676,149.3032732522412,-1899542.835739672,10.902745557255365,32.32831340028164,1557326662.2465403,28.850100768691657,31.102073955083544,-1572531215114.053,24.69054747454199,-0.9938984007577888,125.66784404409154,71.95843934941033,-37696.56225482719,-48.88937886600206,123.80819360709135,149.3032732522412,-105523343977.24272,748.6905596632921,329.670863128052,25.055101665535663,-943777.924128118,606231415591.4141,3.0000000000004725,-0.8579830000000452,-9110336.203896685,-7.810234345010384,391.77777090201016,-19.456382610795004,0.0,-6.524674041729749e-20,0.0,6.446994037884785e-19,-239.8531720046865,0.7029020321435846,-239.8531720046865,0.0,-296.9251512949528,0.0,0.0,2810.8199999997705,-14.617700000000312,0.0,0.0,0.0,0.0,0.0,0.0,0.0,0.0,0.0,0.0,0.0,3785.529999999795,-83.48819999998989,0.0,0.0,0.0,0.0,0.0,0.0,0.0,0.0,0.0,0.0,0.0,7388.629999999823,-42.01050000000748,0.0,0.0,0.0,0.0,0.0,0.0,0.0,0.0,0.0,999.000000000262,999.000000000262,1.0000000000000195,-52.926537007710486,gaze,0.4288602493195719,0.3919169784657446,1046.7429125692383,525.9675583029883,247.569994852639,-33.799771668773126,-18.053839171906976,-28.842767819029067,-0.1013030550130222,0.1109646633994745,0.9509926251626484,4.281711621000989,34.830271341139614,-18.05189544106196,-21.488746499131803,0.3433796421066051,0.2080484495216958,0.8670924356353356,4.166232631508695,34.5959945777876,-18.08327969132173,-21.537612635122635,0.1468735239123614,0.1865286203022939,0.8903322834821975,4.419741855337809,377.03124911717487,False,-0.4334616802710375,imu,-0.9073977976,-9.752881404000002,2.3292070032,-3.32711748,29.57814595,-5.545055339999999,106.78393118165278,-39.03207105376598,137.01712031298834,391.77777090201016,-19.456382610795004,False,-0.9197362306716904,-0.3925369613040677,437.5589964731024,-37.354260677454256,34.43215008050331,149.3032732522412,False,inf
60.057784,-36271.91638781279,-174.81869430552757,439.0515512337124,-38.54033357723745,31.364342724204064,32.64497228002942,150.97817754987824,-1927214.807769477,11.019704098239249,32.67503420635674,1581314153.3402753,29.11450923641708,31.364342724204064,-1597048745073.731,24.848645384654244,-1.004545556360224,126.36317481210344,72.56732460267978,-38220.277007583325,-49.37953741567192,124.49187674304574,150.97817754987824,-107167218784.53789,755.0114484130876,332.8935595707688,25.29383632834673,-957471.62392087,615675249175.9084,3.000000000000476,-0.8579830000000435,-9244287.135935988,-7.883669219904874,391.8251613769985,-19.41278016197876,0.0,-6.589171321007313e-20,0.0,6.510723437119447e-19,-242.0572977178153,0.709510981353941,-242.0572977178153,0.0,-299.65020127472246,0.0,0.0,2810.819999999756,-14.617700000000326,0.0,0.0,0.0,0.0,0.0,0.0,0.0,0.0,0.0,0.0,0.0,3785.5299999998015,-83.48819999998977,0.0,0.0,0.0,0.0,0.0,0.0,0.0,0.0,0.0,0.0,0.0,7388.62999999983,-42.01050000000748,0.0,0.0,0.0,0.0,0.0,0.0,0.0,0.0,0.0,999.0000000002638,999.0000000002638,1.0000000000000178,-53.33368790459644,gaze,0.4299097218807305,0.3930361855532526,763.592677955328,591.5184850183308,540.5639529709426,-33.85212920484584,-18.051139263660787,-29.00006559184857,-0.1012688022185474,0.1100789949998844,0.9512280840196992,4.281013659980303,34.92029292570039,-18.065054873360857,-21.45812508834053,0.3437311773048297,0.2093952535893571,0.8666870623658657,4.168686046141741,35.16874356608233,-18.05323582061297,-21.628362438824105,0.1453873909175338,0.1857538382597628,0.8906950692608683,4.418636329269139,213.09486493030133,False,-0.3192622953860957,imu,-0.8691160184000001,-9.798341016800002,2.3196365584,-3.7159168,30.10900656,-5.65720899,106.58124008368522,-39.02541194275894,136.99868814153658,391.8251613769985,-19.41278016197876,False,-0.9308971751869584,-0.3652813288808246,437.9365791317677,-37.46430095139154,33.64774966473394,150.97817754987827,False,inf
60.063555,-36604.47425631633,-175.9083572713409,439.32416331071727,-38.59212958469658,31.538975137256703,32.87589740086162,152.09416103538854,-1945716.7407512665,11.097693807690876,32.90617190524344,1597362320.972413,29.29059038948942,31.538975137256703,-1613453537109.1582,24.95376023860444,-1.0116434345049334,126.82530277911042,72.97273716814702,-38570.29987895809,-49.706152323453296,124.94626755791734,152.09416103538854,-108267133778.9306,759.2200239186932,335.0412977010866,25.45294497595903,-966627.5026235495,621994107350.1533,3.000000000000483,-0.8579830000000443,-9333861.938478315,-7.932596912434686,391.85673225737673,-19.38372372458809,0.0,-6.632159198042491e-20,0.0,6.553199516849668e-19,-243.52560409594017,0.7139143473431829,-243.52560409594017,0.0,-301.46549880395145,0.0,0.0,2810.81999999976,-14.617700000000298,0.0,0.0,0.0,0.0,0.0,0.0,0.0,0.0,0.0,0.0,0.0,3785.529999999795,-83.48819999998977,0.0,0.0,0.0,0.0,0.0,0.0,0.0,0.0,0.0,0.0,0.0,7388.629999999801,-42.01050000000765,0.0,0.0,0.0,0.0,0.0,0.0,0.0,0.0,0.0,999.0000000002656,999.0000000002656,1.0000000000000195,-53.60470852503864,gaze,0.220062047286261,-0.1000145182982424,529.8948392300048,643.263345355897,835.0611137717632,-33.8870815916081,-18.04922041273184,-29.103796487186564,-0.1012445521539638,0.1094814182155703,0.9513882857150212,4.280605013551954,36.20414102217524,-19.15038974462485,-23.04486492617696,0.4144612158140519,0.556106896521097,0.7203936564321011,4.833235263824463,35.43353891086814,-18.75610882729745,-22.89891839875689,0.4910184230709805,0.5153125592782436,0.696608168993323,4.714708089828491,128.77947100240524,False,-1.0,imu,-0.606875698924691,-9.610513247130251,2.503677267863264,-6.341916009545877,30.807218785845592,-5.705671924356681,106.44469566547106,-39.020980668010274,136.98599098343553,391.85673225737673,-19.38372372458809,False,-0.9547908403881646,-0.2972784067349365,438.1884455060415,-37.538016655195,31.106970499730085,152.09416103538854,False,inf
60.066497,-36774.94270894951,-176.46583685559725,439.4635711904698,-38.61859554562256,31.62829030966892,32.99408692149476,152.66515496504636,-1955203.0289028287,11.137615948903282,33.0244702259853,1605593511.5563166,29.380653827339223,31.62829030966892,-1621868261942.9192,25.00747329969116,-1.0152762099778745,127.06139273362392,73.180079347429,-38749.719747134,-49.87327248015914,125.1784060395034,152.66515496504636,-108831324756.21892,761.3724225768309,336.14033361709016,25.534365536733617,-971321.9080646792,625235305345.8171,3.00000000000048,-0.8579830000000435,-9379792.623722771,-7.957630298484761,391.8728838977249,-19.36885568346605,0.0,-6.654158160148195e-20,0.0,6.574936567680191e-19,-244.2767742650116,0.7161672874295449,-244.2767742650116,0.0,-302.39417704786024,0.0,0.0,2810.8199999997487,-14.617700000000298,0.0,0.0,0.0,0.0,0.0,0.0,0.0,0.0,0.0,0.0,0.0,3785.529999999788,-83.48819999998977,0.0,0.0,0.0,0.0,0.0,0.0,0.0,0.0,0.0,0.0,0.0,7388.629999999815,-42.01050000000748,0.0,0.0,0.0,0.0,0.0,0.0,0.0,0.0,0.0,999.0000000002674,999.0000000002674,1.0000000000000178,-53.74329607967467,gaze,0.4309671598127057,0.3941671852661763,399.30604941747714,671.4653170896331,1015.7259716926304,-33.90498119307286,-18.048202326750904,-29.156515390926984,-0.1012317102674095,0.109173425462134,0.9514712528712866,4.280413071453976,34.96449285976095,-18.075959207434483,-21.41617049974953,0.3440980468517963,0.21077749612212,0.8662663387481709,4.171318948779367,35.59382458673096,-18.022974816585588,-21.73924860024445,0.1439062846004079,0.1849776641297515,0.8910588680358463,4.4176201325698,100.75362960873396,False,-0.2011926832666563,imu,-0.8457880592000001,-9.819276364800002,2.3423663648,-4.2393005,30.75202082,-5.8889932,106.37444649926148,-39.01871524509092,136.97936954320764,391.8728838977249,-19.36885568346605,False,-0.9413252763553244,-0.3375007023615982,438.3174049578851,-37.57585302357667,32.8137652814324,152.66515496504636,False,inf
60.07521,-37283.51961616755,-178.12473348739832,439.8781607991773,-38.69721854110429,31.89395484845039,33.34596949432503,154.36445826523334,-1983513.406797111,11.256500247101988,33.37667672942494,1630170178.4353402,29.648572875580488,31.89395484845039,-1646995395049.7903,25.167051712230645,-1.026092044583145,127.7625850179821,73.79679180228447,-39284.99796535964,-50.37065890115999,125.86786735519756,154.36445826523334,-110516039023.26073,767.7743971724718,339.4116885878201,25.77672656835375,-985331.7031374072,634913750618.398,3.00000000000048,-0.8579830000000435,-9516881.702545222,-8.03212882276412,391.92094535118713,-19.32460268185605,0.0,-6.719644733635091e-20,0.0,6.639643482915915e-19,-246.51193468719308,0.7228719621214865,-246.51193468719308,0.0,-305.15748973767626,0.0,0.0,2810.8199999997523,-14.61770000000027,0.0,0.0,0.0,0.0,0.0,0.0,0.0,0.0,0.0,0.0,0.0,3785.529999999795,-83.48819999998943,0.0,0.0,0.0,0.0,0.0,0.0,0.0,0.0,0.0,0.0,0.0,7388.629999999801,-42.01050000000754,0.0,0.0,0.0,0.0,0.0,0.0,0.0,0.0,0.0,999.0000000002728,999.0000000002728,1.0000000000000195,-54.15542032270995,gaze,0.4320324126460395,0.3953098041475987,-21.407400515590204,759.2505570559149,1663.3493838449929,-33.95829863314915,-18.0450301443928,-29.3119019111699,-0.1011917808588593,0.1082481007385549,0.951722069362978,4.279909305318323,34.96624258394646,-18.084511432855308,-21.364796550666306,0.3444801451853002,0.212194914245144,0.8658303725793212,4.1741312029945865,35.91966925051502,-17.99253118191892,-21.873698141085374,0.1424302829718529,0.1842001412696301,0.8914236498951149,4.416693224567445,89.22839753444455,False,-0.0802031403753645,imu,-0.7955432240000001,-9.82465974,2.3633017128,-4.85240712,30.99128194,-6.19554651,106.16413109137928,-39.01198097077997,136.95917808408674,391.92094535118713,-19.32460268185605,False,-0.9509942748061244,-0.3092084883795613,438.7015770463731,-37.688923111858905,31.92933200154732,154.36445826523334,False,inf
60.083648,-37781.37846186539,-179.74253166309998,440.28212632956047,-38.773705334156034,32.152878694971776,33.68939899449611,156.0219345335677,-2011239.925521076,11.37256467199934,33.720422382390964,1654257104.140576,29.90973483958964,32.152878694971776,-1671625359077.809,25.3223111063525,-1.0366481411042687,128.44448843196236,74.39782943609833,-39808.98908213614,-50.85584489197148,126.538369678837,156.0219345335677,-112167403139.62724,774.0135738118282,342.6033500416927,26.01319365420468,-999052.6531003024,644400601428.4109,3.0000000000004903,-0.8579830000000452,-9651166.42466111,-8.104790983952366,391.9678143305137,-19.28143183525796,0.0,-6.783543393611511e-20,0.0,6.702781389712797e-19,-248.6915747094961,0.7294113687761427,-248.6915747094961,0.0,-307.8521118981503,0.0,0.0,2810.8199999997523,-14.617700000000298,0.0,0.0,0.0,0.0,0.0,0.0,0.0,0.0,0.0,0.0,0.0,3785.529999999788,-83.48819999998943,0.0,0.0,0.0,0.0,0.0,0.0,0.0,0.0,0.0,0.0,0.0,7388.629999999786,-42.01050000000754,0.0,0.0,0.0,0.0,0.0,0.0,0.0,0.0,0.0,999.000000000271,999.000000000271,1.0000000000000195,-54.55694684201725,gaze,0.4330712355552851,0.396427147848165,-457.85545229247697,845.4554899256683,2426.160413539952,-34.01034399285924,-18.041735869912948,-29.46115557847378,-0.1011504118428932,0.1073333868800239,0.9519721736244916,4.2795132702318925,34.93054113591679,-18.09046815936854,-21.3077845795003,0.3448645597162824,0.2136007252779775,0.8653937852649353,4.177025219433679,35.43353891086814,-18.75610882729745,-22.89891839875689,0.4910184230709805,0.5153125592782436,0.696608168993323,4.714708089828491,128.785898406608,False,-1.0,imu,-0.6073495857520897,-9.608390705959756,2.5118508109229123,-7.132504135528235,31.34599034358077,-5.558025995525649,105.95766858130352,-39.005424149290285,136.93880702300928,391.9678143305137,-19.28143183525796,False,-0.9596086219831984,-0.281338395203191,439.0768705327733,-37.79986373291335,31.024033186079443,156.02193453356767,False,inf
60.083924,-37797.752135986,-179.79563625613886,440.2953807441031,-38.7762129056041,32.16137529106151,33.70067654583371,156.07634606963543,-2012152.0127331608,11.376376599265862,33.73171031562431,1655049748.530417,29.91830555224353,32.16137529106151,-1672435932455.756,25.32740146365628,-1.0369947838536913,128.46684024216864,74.41755206001753,-39826.22209419443,-50.87177325795344,126.56034789766784,156.07634606963543,-112221749348.83482,774.218306630973,342.7081395699822,26.020957576591343,-999504.0167644764,644712812589.7319,3.000000000000494,-0.8579830000000435,-9655584.214788437,-8.107176291377616,391.9693527834529,-19.280014508993983,0.0,-6.785641455663864e-20,0.0,6.704854473034734e-19,-248.7631195017952,0.7296260402759912,-248.7631195017952,0.0,-307.9405596828726,0.0,0.0,2810.819999999745,-14.617700000000298,0.0,0.0,0.0,0.0,0.0,0.0,0.0,0.0,0.0,0.0,0.0,3785.529999999788,-83.48819999998955,0.0,0.0,0.0,0.0,0.0,0.0,0.0,0.0,0.0,0.0,0.0,7388.629999999801,-42.01050000000765,0.0,0.0,0.0,0.0,0.0,0.0,0.0,0.0,0.0,999.000000000271,999.000000000271,1.0000000000000195,-54.57012061906235,gaze,0.4331053312112422,0.3964638712906744,-472.33145180253786,848.2257591222295,2452.900631737208,-34.01205281138789,-18.04162444699884,-29.46601476337629,-0.1011490138767355,0.1073031609959562,0.9519804730822412,4.279501837119809,34.92878511757419,-18.090623492054576,-21.30581748376625,0.3448773709253906,0.2136472542496916,0.8653792675320168,4.177122709044961,36.05251330655071,-17.961937747821857,-22.03514507396024,0.1409594647624376,0.1834213119717683,0.8917893854887401,4.415855584935636,132.31016057601067,False,0.0426305647240468,imu,-0.7243630408,-9.822267128800002,2.3549275736,-5.49542138,31.3352198,-6.52453055,105.95087548626886,-39.00520910588581,136.93812729863694,391.9693527834529,-19.280014508993983,False,-0.9598776453511342,-0.2804191611769104,439.0892006720793,-37.8035163270902,30.99360352852388,156.07634606963543,False,inf
60.092637,-38317.56818918168,-181.47822148750927,440.715147966454,-38.855561767587744,32.430498449019524,34.05814240503928,157.80048712556183,-2041115.0557577007,11.49722330792508,34.089505252721324,1680229250.5212915,30.189798087122508,32.430498449019524,-1698186903623.342,25.488488152355977,-1.0479823946551403,129.1740043581235,75.0422363321737,-40373.31616320292,-51.37651946118865,127.25569630613164,157.80048712556183,-113948256256.9055,780.7028651532843,346.02906584095945,26.26701256222012,-1013836.9761021724,654631345250.325,3.0000000000005045,-0.8579830000000461,-9795882.240646444,-8.182758345153372,392.0180965592099,-19.23509988217444,0.0,-6.852136001128246e-20,0.0,6.770557359668127e-19,-251.02989357927729,0.736428229603545,-251.02989357927729,0.0,-310.742848313408,0.0,0.0,2810.819999999756,-14.617700000000369,0.0,0.0,0.0,0.0,0.0,0.0,0.0,0.0,0.0,0.0,0.0,3785.5299999998015,-83.48819999998955,0.0,0.0,0.0,0.0,0.0,0.0,0.0,0.0,0.0,0.0,0.0,7388.62999999983,-42.01050000000788,0.0,0.0,0.0,0.0,0.0,0.0,0.0,0.0,0.0,999.0000000002764,999.0000000002764,1.000000000000023,-54.98731407988487,gaze,0.4341853942853835,0.3976288150895866,-926.703362078094,931.8945248175734,3336.5511839708934,-34.06619658228948,-18.03798820533948,-29.61859645999855,-0.1011034235902972,0.1063390760754419,0.95224631267294,4.279190258574506,34.85523928133981,-18.094215130340643,-21.240957480469625,0.3452894822872639,0.2151337535323383,0.8649132862914284,4.180292281815987,35.89164113213277,-17.931236329444108,-22.226848047849742,0.1394944131332353,0.1826414862807162,0.8921559196159092,4.415107456136732,158.8082068161898,False,0.1660578738229223,imu,-0.6358364264000002,-9.8031262392,2.3543294208,-6.13843564,31.49223491,-6.67406875,105.7353350708341,-38.99840196334365,136.9162383760192,392.0180965592099,-19.23509988217444,False,-0.9679459829385112,-0.251158464148034,439.48024805815,-37.91959637481368,30.00610439891397,157.80048712556183,False,inf
60.101351,-38843.13329783711,-183.1729354319148,441.1375715644217,-38.935284603003055,32.7013943127461,34.41846492458688,159.53733905133834,-2070411.9824035764,11.61907395162076,34.45015948301285,1705717220.1341443,30.463120960489874,32.7013943127461,-1724257106004.3784,25.65035116030393,-1.0590578699980149,129.88424728257723,75.6710067560599,-40926.45427231249,-51.88503235996711,127.95407977050652,159.53733905133834,-115696149272.35245,787.2297550190254,349.37536606138883,26.5149580972366,-1028335.2591652508,664672735287.0835,3.00000000000048,-0.8579830000000417,-9937821.981690444,-8.258895209107289,392.0671893458534,-19.18984697103852,0.0,-6.919146466258184e-20,0.0,6.836770023598912e-19,-253.31285908192024,0.7432803503020935,-253.31285908192024,0.0,-313.56509941500826,0.0,0.0,2810.8199999997305,-14.617700000000283,0.0,0.0,0.0,0.0,0.0,0.0,0.0,0.0,0.0,0.0,0.0,3785.529999999766,-83.48819999998886,0.0,0.0,0.0,0.0,0.0,0.0,0.0,0.0,0.0,0.0,0.0,7388.629999999772,-42.01050000000771,0.0,0.0,0.0,0.0,0.0,0.0,0.0,0.0,0.0,999.0000000002728,999.0000000002728,1.000000000000016,-55.40710880250831,gaze,0.4352725726072393,0.3988045935203809,-1358.5391830541002,1004.1808271338622,4254.698959632886,-34.12070768991528,-18.034122827742312,-29.769466267875096,-0.1010550034995805,0.1053558808429545,0.9525195555762194,4.27897397796619,34.74856190585959,-18.095217822904697,-21.17180418260964,0.3457164204846289,0.2166543172059946,0.8644324838649926,4.18364010553871,35.50067705814606,-17.900453147336698,-22.451914199616613,0.1380350357585026,0.1818606160392579,0.8925232652685392,4.414448696372877,138.3947666837807,False,0.2887466676996433,imu,-0.5837971328000001,-9.777405668800002,2.3932093528,-6.90855737,31.46232727,-6.49462291,105.5180646041384,-38.99155873282448,136.89352299775064,392.0671893458534,-19.18984697103852,False,-0.9751739587924216,-0.22144017271741,439.87487069497206,-38.03717797554111,28.96596760349967,159.53733905133834,False,inf
60.103627,-38981.347948762486,-183.6175493172587,441.2483351081846,-38.95616757749977,32.77243722692913,34.513042904711526,159.9930542400803,-2078118.8108884688,11.65106379067787,34.54482453150204,1712425071.343078,30.53480722372872,32.77243722692913,-1731118808361.063,25.692753104208368,-1.0619649845291448,130.07024954100802,75.83589817510932,-41071.91904582169,-52.01846352842137,128.1369774846692,159.9930542400803,-116156193565.42542,788.9413802339456,350.2535161426917,26.58002672100472,-1032149.1828907124,667315622097.69,3.000000000000494,-0.8579830000000443,-9975164.571974589,-8.278871626240687,392.0800685857112,-19.17797235318661,0.0,-6.936732930118112e-20,0.0,6.854147109681826e-19,-253.9117785972657,0.7450781761230556,-253.9117785972657,0.0,-314.3054876854263,0.0,0.0,2810.8199999997414,-14.617700000000298,0.0,0.0,0.0,0.0,0.0,0.0,0.0,0.0,0.0,0.0,0.0,3785.529999999788,-83.48819999998909,0.0,0.0,0.0,0.0,0.0,0.0,0.0,0.0,0.0,0.0,0.0,7388.629999999794,-42.01050000000777,0.0,0.0,0.0,0.0,0.0,0.0,0.0,0.0,0.0,999.0000000002764,999.0000000002764,1.0000000000000178,-55.51717663280546,gaze,0.4355576484431612,0.3991134176977865,-1464.5116371504114,1020.483761658748,4491.940570700547,-34.135000577055315,-18.033075844775453,-29.80856083367387,-0.1010418919077616,0.1050959837821875,0.952592126219606,4.278933124227196,34.71559869880484,-18.09504554344161,-21.153224388943222,0.3458303470742892,0.2170569995006215,0.8643044915566025,4.1845437484243,36.20414102217524,-19.15038974462485,-23.04486492617696,0.4144612158140519,0.556106896521097,0.7203936564321011,4.833235263824463,128.78911234931172,False,-1.0,imu,-0.6077646201255911,-9.606277273324176,2.5200213416246395,-7.802530333297633,31.300275050296225,-5.424722576204257,105.46110965460788,-38.989765634250766,136.8874563864994,392.0800685857112,-19.17797235318661,False,-0.9769199038076416,-0.2136059492253633,439.9785309561531,-38.06813243434184,28.685569890466702,159.9930542400803,False,inf
60.110064,-39374.37328267637,-184.8794493362832,441.5625673695176,-39.01536437900185,32.974008946865894,34.7815772585823,161.28656525188913,-2100038.8822913766,11.741906424207144,34.81360609863234,1731510579.6965358,30.7382196229256,32.974008946865894,-1750643459823.8162,25.812955747090548,-1.0702191403127188,130.59741359730862,76.30373781952358,-41485.55824213309,-52.39721428982836,128.65534558048543,161.28656525188913,-117465221597.26315,793.797672567806,352.7464090338838,26.7647473996366,-1042996.9340376542,674835794627.7588,3.0000000000005045,-0.8579830000000461,-10081384.936411489,-8.335572293877393,392.1166213577285,-19.144264637569933,0.0,-6.986660313940404e-20,0.0,6.903480076975648e-19,-255.61157414046275,0.7501810893656485,-255.61157414046275,0.0,-316.4067661034266,0.0,0.0,2810.8199999997414,-14.617700000000298,0.0,0.0,0.0,0.0,0.0,0.0,0.0,0.0,0.0,0.0,0.0,3785.529999999788,-83.48819999998909,0.0,0.0,0.0,0.0,0.0,0.0,0.0,0.0,0.0,0.0,0.0,7388.629999999808,-42.01050000000788,0.0,0.0,0.0,0.0,0.0,0.0,0.0,0.0,0.0,999.0000000002784,999.0000000002784,1.0000000000000195,-55.82942081011093,gaze,0.4363663374061496,0.3999906247587509,-1743.191653269143,1059.5531504841667,5140.064731733623,-34.175539101492376,-18.03003149674972,-29.918380722473,-0.1010037682045478,0.1043540601835407,0.9528000440208648,4.278852506749769,34.61161668925596,-18.09357125507813,-21.099870131133866,0.3461579314565058,0.2182081535850973,0.863937135306039,4.18716482434497,35.276267781560726,-17.86962702705128,-22.71300689163199,0.1365819098421243,0.1810790108196991,0.8928912671372791,4.413879466656896,83.09826491142398,False,0.4091651282466246,imu,-0.5383375200000001,-9.770825988000002,2.4338837432,-7.62634073,30.97632812,-6.38994617,105.29971335669411,-38.98468173048525,136.87000341479785,392.1166213577285,-19.144264637569933,False,-0.981532983972269,-0.1912929726218234,440.27304019714063,-38.15622022829055,27.872846012721,161.28656525188916,False,inf
60.114915,-39672.64593770621,-185.8347782191109,441.80032598319167,-39.06010824588353,33.12654964450519,34.984974333285045,162.2659260330101,-2116679.2773364186,11.81072762534833,35.0171904218647,1746005777.3759546,30.89216812107041,33.12654964450519,-1765473550833.027,25.903816842331032,-1.0764711294420182,130.9957769386487,76.65776807792729,-41799.47262025631,-52.683996049276,129.04706488388743,162.2659260330101,-118459497112.7461,797.4725642290658,354.63419074509954,26.90463372077017,-1051231.9274268132,680547759491.7605,3.000000000000501,-0.8579830000000452,-10162029.912121708,-8.378501542944845,392.1442928312822,-19.118740912061043,0.0,-7.024471458720463e-20,0.0,6.940841056573026e-19,-256.89836243310543,0.7540446105627148,-256.89836243310543,0.0,-317.9974674416804,0.0,0.0,2810.819999999738,-14.617700000000326,0.0,0.0,0.0,0.0,0.0,0.0,0.0,0.0,0.0,0.0,0.0,3785.529999999773,-83.48819999998909,0.0,0.0,0.0,0.0,0.0,0.0,0.0,0.0,0.0,0.0,0.0,7388.629999999801,-42.01050000000782,0.0,0.0,0.0,0.0,0.0,0.0,0.0,0.0,0.0,999.000000000282,999.000000000282,1.0000000000000178,-56.06566112477455,gaze,0.4369781000775879,0.4006553381000119,-1928.6496254360643,1081.268688475337,5593.137207352782,-34.20619554623482,-18.027656388666333,-30.000374933805656,-0.1009740215210854,0.1037882689506885,0.9529593249435224,4.278825746449178,34.52325571222552,-18.091487312047,-21.059130974209264,0.3464100222530059,0.2190875869926481,0.8636550822688808,4.18920381743414,35.48804459891982,-17.85245555989363,-22.87484853742567,0.1357756011223648,0.1806435394263704,0.8930964302092651,4.413601306840352,48.85695798892259,False,0.4746268157437782,imu,-0.6079740273288593,-9.605082552285223,2.524654326608512,-8.11462969290768,31.02716299080929,-5.35548237581447,105.7265484,-39.74057000000002,135.7379752,392.1442928312822,-19.118740912061043,False,-0.9846873598883296,-0.1743295823322915,440.4963024925977,-38.223130506646015,27.24103660135401,162.2659260330101,False,inf
60.118778,-39911.456790439785,-186.59821533058795,441.9902457648809,-39.09582074519605,33.24841319409665,35.14757866991457,163.04862949154935,-2130005.386100709,11.86575480458492,35.179944453411466,1757618039.231413,31.015165427312315,33.24841319409665,-1777354943774.1392,25.976341651635465,-1.0814692416880272,131.31367460084658,76.94059362189876,-42050.80545635949,-52.91320192986623,129.35966228950278,163.04862949154935,-119256074894.34872,800.408320399564,356.1431058911903,27.016447968489416,-1057826.7699779482,685123979687.2141,3.0000000000005045,-0.8579830000000461,-10226618.217600169,-8.412810095715024,392.16640542715777,-19.098340890254576,0.0,-7.054695895080512e-20,0.0,6.970705652224716e-19,-257.9266488044402,0.7571322914025808,-257.9266488044402,0.0,-319.26860188302584,0.0,0.0,2810.819999999734,-14.617700000000298,0.0,0.0,0.0,0.0,0.0,0.0,0.0,0.0,0.0,0.0,0.0,3785.529999999766,-83.48819999998886,0.0,0.0,0.0,0.0,0.0,0.0,0.0,0.0,0.0,0.0,0.0,7388.629999999786,-42.01050000000782,0.0,0.0,0.0,0.0,0.0,0.0,0.0,0.0,0.0,999.000000000282,999.000000000282,1.0000000000000178,-56.25435945636699,gaze,0.4374666584105839,0.4011868665179941,-2058.6947831396656,1093.285632828598,5923.375696461149,-34.23066906167537,-18.025715620865626,-30.065172518460408,-0.1009497089659882,0.1033336464444108,0.9530877458522876,4.278825260947184,34.447080704475425,-18.08922395148717,-21.026532825642622,0.3466139577719789,0.2197951700296927,0.8634272943563166,4.190866615930917,35.91355282125932,-17.838781183606745,-23.012439164275204,0.1351349424303563,0.1802966210958605,0.8932599388277996,4.413399626213513,24.864892884003623,False,0.525688028758382,imu,-0.5185984776000001,-9.7935557944,2.455417244,-8.11233988,30.25854476,-6.10582359,105.08082352363289,-38.97777011690321,136.84569159088005,392.16640542715777,-19.098340890254576,False,-0.9869978902357632,-0.160733209605707,440.6749105582624,-38.27673448952468,26.725961743488003,163.04862949154935,False,inf
60.123719,-40218.58009415365,-187.5781670963128,442.2339224337106,-39.14160471539563,33.40478986066085,35.356379415464275,164.05339101652712,-2147147.4039999247,11.936426477106924,35.38893742315367,1772560756.4240346,31.1730086130052,33.40478986066085,-1792645075122.0388,26.06932425633508,-1.0878873367068806,131.72114936769265,77.30351020684746,-42374.03074174993,-53.20744852227429,129.76034556587567,164.05339101652712,-120281183621.62128,804.1754046671214,358.0803743967206,27.16000716450001,-1066310.063641197,691013075189.282,3.000000000000515,-0.8579830000000488,-10309708.38689121,-8.456851680465352,392.1947883809812,-19.072151326983743,0.0,-7.093502781020226e-20,0.0,7.009050518050222e-19,-259.2465217881468,0.7610959198660818,-259.2465217881468,0.0,-320.9001705913503,0.0,0.0,2810.8199999997487,-14.617700000000356,0.0,0.0,0.0,0.0,0.0,0.0,0.0,0.0,0.0,0.0,0.0,3785.529999999788,-83.48819999998932,0.0,0.0,0.0,0.0,0.0,0.0,0.0,0.0,0.0,0.0,0.0,7388.62999999983,-42.01050000000811,0.0,0.0,0.0,0.0,0.0,0.0,0.0,0.0,0.0,999.0000000002838,999.0000000002838,1.000000000000023,-56.49645775689546,gaze,0.4380933103288051,0.4018695133809431,-2199.6091300794988,1101.318673509384,6296.425574101251,-34.26204563635577,-18.023169794446424,-30.147381584185457,-0.1009178053302352,0.1027469439843376,0.9532540314815136,4.278851464281326,34.342520551111704,-18.085542668328948,-20.984825349152512,0.34687889841711,0.2207095271914062,0.863131856062449,4.193043837753691,36.20414102217524,-19.15038974462485,-23.04486492617696,0.4144612158140519,0.556106896521097,0.7203936564321011,4.833235263824463,0.0,True,2.0,imu,-0.6081246549145902,-9.60415066561232,2.528275210704028,-8.31916704378833,30.69965070243424,-5.304542125020781,104.956702752793,-38.97383635556121,136.83156225571585,392.1947883809812,-19.072151326983743,False,-0.9896890214647628,-0.1432328202337722,440.9044263858741,-38.345709459229845,26.051647712053807,164.05339101652712,False,inf
60.127491,-40454.30750186081,-188.3288995289064,442.4205214608533,-39.17663650627532,33.52455236475881,35.51640112361599,164.82318977706083,-2160307.461621344,11.990596572714516,35.54910644930577,1784036412.3697135,31.293903037609624,33.52455236475881,-1804388366392.131,26.140473792527665,-1.0928060676957336,132.03287349769982,77.58144691041744,-42622.11548470087,-53.43289602340205,130.0668758306388,164.82318977706083,-121068494879.759,807.0603768176594,359.564814838836,27.270012229946627,-1072822.7748054476,695536059387.9836,3.000000000000515,-0.8579830000000497,-10373502.730049,-8.490593792486065,392.2165316167821,-19.05208473714771,0.0,-7.123240458021752e-20,0.0,7.038434149505478e-19,-260.2576343913362,0.7641326224580505,-260.2576343913362,0.0,-322.1500514650009,0.0,0.0,2810.819999999738,-14.617700000000326,0.0,0.0,0.0,0.0,0.0,0.0,0.0,0.0,0.0,0.0,0.0,3785.529999999781,-83.48819999998909,0.0,0.0,0.0,0.0,0.0,0.0,0.0,0.0,0.0,0.0,0.0,7388.629999999801,-42.01050000000811,0.0,0.0,0.0,0.0,0.0,0.0,0.0,0.0,0.0,999.0000000002856,999.0000000002856,1.000000000000023,-56.681839665386846,gaze,0.4385729997987401,0.4023927273077176,-2286.38360157634,1101.607459994488,6537.465480942699,-34.28605079459781,-18.02117858900561,-30.209614383453086,-0.1008928407582392,0.1022951390736694,0.9533824970743584,4.278891673219545,34.25757161019755,-18.08213455609041,-20.95310276992465,0.3470842333660973,0.2214145466109242,0.8629032481308261,4.194743956075618,37.50827391166172,-17.807951537179953,-23.35181819591738,0.1336947044802572,0.1795137558087839,0.8936291250190141,4.41300925531223,-7.656887299770917,True,0.6364815152863712,imu,-0.4833074624000001,-9.803724392,2.4691747584,-8.76283105,29.54823831,-6.08339286,104.86202795119432,-38.97082621097628,136.82061077643093,392.2165316167821,-19.05208473714771,False,-0.991541167623638,-0.1297925764732029,441.08045245978656,-38.3986750211233,25.52511490250549,164.82318977706086,False,inf
60.136204,-41003.03391699595,-190.0717592665222,442.8534562960972,-39.25782214765704,33.802466162987635,35.88810248143613,166.6105102097389,-2190951.3896923065,12.116451810493132,35.92115000088501,1810771499.4941187,31.574472380275463,33.802466162987635,-1831749731282.0664,26.305373298037907,-1.1042313815566691,132.7550999103187,78.2263895079539,-43199.60240730677,-53.956374799301656,130.77707444584206,166.6105102097389,-122902883744.85892,813.7547941610359,363.01206249589126,27.525479189912105,-1087988.060095179,706074344210.4805,3.000000000000512,-0.857983000000047,-10522069.363459488,-8.568935130970672,392.2670071120069,-19.00548939148254,0.0,-7.192304654536938e-20,0.0,7.10667609377448e-19,-262.60487858351286,0.7711831397106627,-262.60487858351286,0.0,-325.0515440060401,0.0,0.0,2810.8199999997305,-14.617700000000326,0.0,0.0,0.0,0.0,0.0,0.0,0.0,0.0,0.0,0.0,0.0,3785.529999999788,-83.48819999998898,0.0,0.0,0.0,0.0,0.0,0.0,0.0,0.0,0.0,0.0,0.0,7388.629999999801,-42.01050000000811,0.0,0.0,0.0,0.0,0.0,0.0,0.0,0.0,0.0,999.0000000002856,999.0000000002856,1.000000000000021,-57.11192254794586,gaze,0.4396852022967119,0.4036080245455415,-2412.126942702988,1081.9334769463103,6922.804828925089,-34.34165673296343,-18.01642236707428,-30.35153809551253,-0.1008331596635318,0.1012386901667616,0.953684230923829,4.279051144169522,34.045526441068496,-18.07226885189126,-20.88076777766226,0.3475686457449972,0.2230660015935952,0.862365111668509,4.198796542074138,38.31498454627723,-17.77716196892265,-23.732160453211048,0.1322612666815758,0.1787304540637037,0.8939987974440142,4.412708244327711,-9.818012349564976,True,0.7395922605037096,imu,-0.4839056152000001,-9.7923594888,2.4631932304,-9.33855312,29.04728534,-5.6646859,104.6438720340614,-38.963849947572726,136.7947761942297,392.2670071120069,-19.00548939148254,False,-0.9951376744782924,-0.0984936994631459,441.489774973782,-38.52203532311569,24.269782636776053,166.6105102097389,False,inf
60.1437,-41479.85440412411,-191.5809726032186,443.2280582077474,-39.3279650422736,34.042988468935576,36.210202034980966,168.1584433578656,-2217590.844951988,12.225543606377888,36.24354608465458,1834027940.3634148,31.817324958836647,34.042988468935576,-1855554062448.684,26.447856170527224,-1.1141320261657497,133.37887691596055,78.78453582730124,-43701.40907781661,-54.40977934595844,131.39046968040952,168.1584433578656,-124498784146.76218,819.5482087499956,365.9983541588816,27.746793905134208,-1101171.667568233,715242546874.9907,3.000000000000515,-0.8579830000000452,-10651241.837945651,-8.636782516251687,392.3107130439939,-18.965129703063383,0.0,-7.252140248400038e-20,0.0,7.16579930763011e-19,-264.6373425574946,0.7772892283059988,-264.6373425574946,0.0,-327.5638838373669,0.0,0.0,2810.819999999727,-14.617700000000298,0.0,0.0,0.0,0.0,0.0,0.0,0.0,0.0,0.0,0.0,0.0,3785.529999999766,-83.48819999998841,0.0,0.0,0.0,0.0,0.0,0.0,0.0,0.0,0.0,0.0,0.0,7388.629999999786,-42.010500000008,0.0,0.0,0.0,0.0,0.0,0.0,0.0,0.0,0.0,999.0000000002892,999.0000000002892,1.0000000000000195,-57.484025351927095,gaze,0.4406465277461474,0.4046608796118766,-2431.8548196107104,1041.6324105478543,7034.676224791599,-34.389649605175215,-18.01215697660528,-30.471488510905328,-0.1007795649242735,0.1003156513361296,0.9539493306312188,4.2792623466791815,33.84684720471814,-18.061539649272188,-20.82025551583424,0.3479965829654702,0.2245121007437016,0.8618909982664108,4.202422737874699,36.20414102217524,-19.15038974462485,-23.04486492617696,0.4144612158140519,0.556106896521097,0.7203936564321011,4.833235263824463,0.0,True,2.0,imu,-0.6084248146751517,-9.60203629403182,2.53651398981136,-8.640892948841119,29.63641054318557,-5.198875474299405,104.45712387146932,-38.95782275872192,136.7719608176772,392.3107130439939,-18.965129703063383,False,-0.9974548560836396,-0.0713008420368624,441.844998537068,-38.62928417997647,23.14594263912633,168.1584433578656,False,inf
60.144918,-41557.74748697532,-191.82705766298483,443.289113372713,-39.33938832752648,34.08219513320692,36.26274198423679,168.41086094402132,-2221943.6241333485,12.243341087512889,36.29613440309705,1837829263.2604485,31.85691424523051,34.08219513320692,-1859445210490.4707,26.47106165300172,-1.115746988733293,133.48044485298072,78.87551517254914,-43783.38340609166,-54.48371828588999,131.4903477500016,168.41086094402132,-124759654963.0723,820.49254481248,366.4853876931812,27.78288876295957,-1103325.823111026,716741209447.1365,3.0000000000005294,-0.8579830000000488,-10672349.861490678,-8.64784612395922,392.3178392620998,-18.95854790681136,0.0,-7.261899385377006e-20,0.0,7.175442256002142e-19,-264.9687368069596,0.7782849242791942,-264.9687368069596,0.0,-327.9735182063294,0.0,0.0,2810.819999999734,-14.617700000000385,0.0,0.0,0.0,0.0,0.0,0.0,0.0,0.0,0.0,0.0,0.0,3785.529999999773,-83.48819999998875,0.0,0.0,0.0,0.0,0.0,0.0,0.0,0.0,0.0,0.0,0.0,7388.629999999801,-42.01050000000828,0.0,0.0,0.0,0.0,0.0,0.0,0.0,0.0,0.0,999.000000000291,999.000000000291,1.000000000000023,-57.54467045064364,gaze,0.4408031074539778,0.4048325776625864,-2427.1280292641222,1033.0360039017423,7031.991112468841,-34.39745968221528,-18.011448869783653,-30.490783141651622,-0.1007706600420066,0.1001644464411628,0.9539928824541176,4.279303100025427,33.8132495186098,-18.059599565717303,-20.81062151696344,0.3480670863213507,0.2247492617434799,0.86181299614121,4.203024109279255,35.21615320376752,-17.74643498921763,-24.15369504253165,0.1308347011045141,0.1779467542508282,0.8943689282252021,4.412496505265064,-0.1690130693922657,True,0.8328978170154537,imu,-0.4874945320000001,-9.746301723200002,2.5104473016,-9.95913665,28.48651709,-5.02914855,104.42688696221728,-38.95684124035516,136.76820300837898,392.3178392620998,-18.95854790681136,False,-0.9977623339106548,-0.0668604892979642,441.9029890824938,-38.64680731994387,22.95949104158991,168.41086094402132,False,inf
60.153631,-42118.36860671596,-193.59445303105807,443.7274056976698,-39.42131760472137,34.36368344030472,36.64024978669491,170.2238917841408,-2253279.945419908,12.371241253032926,36.67398974586144,1865206349.7949147,32.14117210255089,34.36368344030472,-1887471440359.0903,26.637503260366856,-1.1273507267102767,134.20874945099484,79.5286940086136,-44373.37459477129,-55.014824805883,132.20653962801956,170.2238917841408,-126638582709.48566,827.2722796911847,369.9841325096359,28.04219217035848,-1118833.979009849,727535357719.4304,3.000000000000512,-0.8579830000000435,-10824324.21558782,-8.727311595285084,392.3690178995989,-18.91126951290218,0.0,-7.332011572278938e-20,0.0,7.24471971363002e-19,-267.34875002048943,0.7854366103468576,-267.34875002048943,0.0,-330.91540599970244,0.0,0.0,2810.819999999716,-14.61770000000027,0.0,0.0,0.0,0.0,0.0,0.0,0.0,0.0,0.0,0.0,0.0,3785.529999999752,-83.48819999998818,0.0,0.0,0.0,0.0,0.0,0.0,0.0,0.0,0.0,0.0,0.0,7388.629999999786,-42.01050000000805,0.0,0.0,0.0,0.0,0.0,0.0,0.0,0.0,0.0,999.0000000002892,999.0000000002892,1.0000000000000178,-57.97999662805845,gaze,0.4419261698113423,0.4060657817152471,-2328.9322733039485,955.273625332846,6834.702709145408,-34.45341352133877,-18.0062617852749,-30.627150573109088,-0.1007053575132711,0.0990729282754809,0.9543082786942572,4.27964685808201,33.563006997639334,-18.044111903512064,-20.74368985229263,0.348579271545634,0.226463466366366,0.8612472061706418,4.207424885621735,26.11726161192715,-17.715802324012405,-24.61558294249537,0.1294155687998555,0.1771629640681447,0.8947393622047917,4.412373998684719,3.7910828219817554,True,0.914075272170287,imu,-0.490485296,-9.6942624296,2.518223288000001,-10.37784361,28.03790249,-4.55810322,104.21166165546047,-38.9498024114571,136.74091585034344,392.3690178995989,-18.91126951290218,False,-0.9993897883018572,-0.0349292289919111,442.3200633827952,-38.77293761677943,21.594299787723564,170.22389178414076,False,inf
60.16212,-42670.365195165214,-195.32829698878723,444.1570249561378,-39.50150000573117,34.63966589567219,37.01086761956663,172.0027655111029,-2284147.757541299,12.496845173739636,37.0449487758499,1892192429.0129752,32.41990762054754,34.63966589567219,-1915101166190.96,26.80041088856516,-1.138742634592863,134.92126391652525,80.16906833896286,-44954.28273709003,-55.53597293126101,132.90721192517043,172.0027655111029,-128490910921.6445,833.919025397118,373.4178920395638,28.29668880867758,-1134110.378083,738176693075.8528,3.000000000000526,-0.857983000000047,-10974050.979668437,-8.80527887736951,392.4192210643714,-18.86487591922858,0.0,-7.400829359821637e-20,0.0,7.312718182505505e-19,-269.6834533797431,0.7924534631649734,-269.6834533797431,0.0,-333.8012334013016,0.0,0.0,2810.8199999997123,-14.61770000000027,0.0,0.0,0.0,0.0,0.0,0.0,0.0,0.0,0.0,0.0,0.0,3785.529999999766,-83.4881999999883,0.0,0.0,0.0,0.0,0.0,0.0,0.0,0.0,0.0,0.0,0.0,7388.629999999757,-42.01050000000822,0.0,0.0,0.0,0.0,0.0,0.0,0.0,0.0,0.0,999.0000000002948,999.0000000002948,1.0000000000000195,-58.40667047936441,gaze,0.4430251657054725,0.4072754256483686,-2128.97613134878,853.7480698677525,6339.670778665072,-34.50804867602853,-18.001004569116542,-30.757110215395013,-0.1006390321703948,0.0979930037124822,0.9546219883917828,4.280069482129064,33.303894017434786,-18.026300960860947,-20.68244100545052,0.3490913988880971,0.2281630884655565,0.8606829221340673,4.211878763841093,11.99880582963523,-17.686066760724895,-25.10276317558684,0.128040132864621,0.1763992720916871,0.8951005384748966,4.412340332216985,1.3101021225343217,True,0.979192585131293,imu,-0.4833074624000001,-9.655382497600002,2.5200177464,-10.64701237,27.58181098,-4.386134289999999,104.00413364492675,-38.94291547428711,136.71365856182322,392.4192210643714,-18.86487591922858,False,-0.9999936709506692,-0.0035578165502012,442.7302337241546,-38.89711951271696,20.211114161928823,172.00276551110292,False,inf
60.163791,-42779.69868938966,-195.67097884132653,444.2418952256712,-39.51732523825154,34.6941930125181,37.08414975350243,172.35437728650987,-2290263.2978639603,12.521685228183491,37.1182983745155,1897541051.195103,32.47498301326979,34.6941930125181,-1920577798044.83,26.8325649242298,-1.140995145720056,135.0618590648823,80.29558671110287,-45069.34193972348,-55.63898851213907,133.0454712757276,172.35437728650987,-128858068540.90894,835.232209242036,374.09671700719866,28.347001718072026,-1137136.955321549,740285955755.823,3.00000000000054,-0.8579830000000497,-11003717.754583882,-8.820689762467333,392.42914288563,-18.855705097438943,0.0,-7.414434964601576e-20,0.0,7.326161804074913e-19,-270.144876015723,0.7938404027716348,-270.144876015723,0.0,-334.37157201182373,0.0,0.0,2810.819999999727,-14.617700000000356,0.0,0.0,0.0,0.0,0.0,0.0,0.0,0.0,0.0,0.0,0.0,3785.529999999766,-83.48819999998841,0.0,0.0,0.0,0.0,0.0,0.0,0.0,0.0,0.0,0.0,0.0,7388.629999999786,-42.01050000000828,0.0,0.0,0.0,0.0,0.0,0.0,0.0,0.0,0.0,999.0000000002948,999.0000000002948,1.000000000000021,-58.49095447774709,gaze,0.4432420305096385,0.4075144559260464,-2078.396803237035,831.0611545665319,6207.999306719393,-34.5188145115368,-17.99994627808801,-30.7823424379878,-0.1006256624396464,0.0977785360666484,0.954684478121606,4.280162816397571,33.251272201366035,-18.02247827004052,-20.670914050013465,0.3491937176944729,0.2285010362268574,0.8605703454875808,4.212774735073372,8.803584333036897,-17.68022806473251,-25.202767123549457,0.1277702450804045,0.1762489488848808,0.8951716587320324,4.412343657861255,0.0,True,2.0,imu,-0.6086675732553843,-9.599912473030423,2.544822361458411,-8.742387337686617,28.249818653115565,-5.106424697273908,103.96357541963668,-38.9415565063801,136.7082166029994,392.42914288563,-18.855705097438943,False,-0.9999965013946158,0.0026452218296158,442.8114219314018,-38.92171197917988,19.93266437434355,172.35437728650987,False,inf
60.170609,-43228.11970467532,-197.0739296519931,444.5892174931282,-39.58203834556088,34.91736451513207,37.38427922578603,173.79398978929504,-2315351.016512394,12.623433694835503,37.41870415058817,1919489953.039808,32.70041323114662,34.91736451513207,-1943053512316.6736,26.964056111110487,-1.1502203545651222,135.63668091742335,80.81339653539779,-45541.24374329768,-56.06078677414419,133.61074642965212,173.79398978929504,-130364850884.18793,840.6067274595025,376.8764202605651,28.55303049391822,-1149552.8951176433,748942181852.81,3.000000000000544,-0.8579830000000506,-11125429.272403209,-8.883786587966076,392.46976146754014,-18.81815451732632,0.0,-7.47015134555184e-20,0.0,7.3812148467508235e-19,-272.0339056233369,0.799518953037894,-272.0339056233369,0.0,-336.70647401908167,0.0,0.0,2810.819999999727,-14.617700000000356,0.0,0.0,0.0,0.0,0.0,0.0,0.0,0.0,0.0,0.0,0.0,3785.529999999773,-83.48819999998864,0.0,0.0,0.0,0.0,0.0,0.0,0.0,0.0,0.0,0.0,0.0,7388.629999999772,-42.01050000000839,0.0,0.0,0.0,0.0,0.0,0.0,0.0,0.0,0.0,999.0000000003,999.0000000003,1.000000000000023,-58.8358624216265,gaze,0.4441286323711821,0.4084928013702212,-1838.1668133060216,730.5602671007807,5562.516558927962,-34.5627716373712,-17.995548981059667,-30.88406855669673,-0.1005700407973625,0.0968970861159819,0.9549419386292288,4.280578054282064,33.03152813840957,-18.005801486406046,-20.62588240362291,0.3496163028368146,0.2298913605254356,0.8601059386922701,4.216495893333551,-4.783684714215496,-17.65645992761158,-25.62391756557692,0.1266720299762853,0.1756356470150345,0.8954619118043513,4.412391123396411,-0.8932455989382013,True,1.028232080476008,imu,-0.4803166984,-9.6200914824,2.5259992744,-10.80402748,27.23787312,-4.30388828,103.79920651899914,-38.93600050227411,136.68575613713952,392.46976146754014,-18.81815451732632,False,-0.9996067609298832,0.0280414604339271,443.144231923442,-39.022551345355645,18.77546551150901,173.79398978929507,False,inf
60.179098,-43791.67695530031,-198.8314081332435,445.0239954450317,-39.6629338156072,35.19678710646381,37.76049968916763,175.59762342635574,-2346892.4425473213,12.7510124009583,37.79527096734287,1947101609.854745,32.98269666697098,35.19678710646381,-1971331295826.205,27.12844118781053,-1.1617843354168929,136.35500748985675,81.4616964093613,-46134.30467807708,-56.58928440465934,134.31715016907887,175.59762342635574,-132260591160.36632,847.3355700071073,380.35984729532447,28.811226848478256,-1165162.8795276978,759832907270.5879,3.000000000000533,-0.857983000000047,-11278472.712737316,-8.962837468870136,392.5206405051654,-18.77110386846925,0.0,-7.539980235130588e-20,0.0,7.450212379814158e-19,-274.4001847380204,0.8066333267189788,-274.4001847380204,0.0,-339.6312236480279,0.0,0.0,2810.819999999705,-14.617700000000298,0.0,0.0,0.0,0.0,0.0,0.0,0.0,0.0,0.0,0.0,0.0,3785.529999999752,-83.48819999998796,0.0,0.0,0.0,0.0,0.0,0.0,0.0,0.0,0.0,0.0,0.0,7388.629999999743,-42.010500000008165,0.0,0.0,0.0,0.0,0.0,0.0,0.0,0.0,0.0,999.0000000002964,999.0000000002964,1.0000000000000195,-59.26758419812253,gaze,0.4452362980405708,0.4097176035569014,-1476.8117066930308,591.3961880011335,4548.485138479282,-34.61755256695549,-17.98989750477335,-31.00789947933817,-0.1004983834894482,0.0957854360369458,0.9552680313675862,4.281171951853933,32.74764446764124,-17.982617499978506,-20.57471105048384,0.3501538201589629,0.2316478277149011,0.8595164271680945,4.2212754203608105,-20.743319306713808,-17.62700106907078,-26.17521746723648,0.1253114712803981,0.1748722055565418,0.8958234177884227,4.412526239163771,-0.6132199072984547,True,1.0590344644981635,imu,-0.472540712,-9.5477149936,2.531980802400001,-10.95356568,26.91636599,-4.22911918,103.59731923089149,-38.92905813827797,136.65722640590803,392.5206405051654,-18.77110386846925,False,-0.998208118341026,0.0598377178547785,443.5621163939709,-39.14920369183632,17.28737924692301,175.59762342635574,False,inf
60.183772,-44104.462081312406,-199.8041442658568,445.264490028158,-39.70762733098411,35.35137451800227,37.96884927438639,176.5960135284848,-2364404.33742702,12.82168130273226,38.00381236126361,1962439522.816694,33.13888220532502,35.35137451800227,-1987040847545.144,27.219267417113848,-1.16818839010093,136.7517590051149,81.82034889578225,-46463.46206187374,-56.88185159048118,134.70731981183678,176.5960135284848,-133313750856.32434,851.0580651491341,382.28848045570186,28.95418365540207,-1173829.6368272542,765883140528.4602,3.0000000000005365,-0.8579830000000488,-11363453.424850766,-9.006595343469643,392.5487993053725,-18.745056951215645,0.0,-7.578645034225381e-20,0.0,7.488416850332124e-19,-275.70983039884845,0.8105714215788377,-275.70983039884845,0.0,-341.2499386130576,0.0,0.0,2810.819999999705,-14.61770000000027,0.0,0.0,0.0,0.0,0.0,0.0,0.0,0.0,0.0,0.0,0.0,3785.529999999744,-83.48819999998807,0.0,0.0,0.0,0.0,0.0,0.0,0.0,0.0,0.0,0.0,0.0,7388.629999999757,-42.010500000008335,0.0,0.0,0.0,0.0,0.0,0.0,0.0,0.0,0.0,999.0000000003,999.0000000003,1.0000000000000195,-59.5063721975319,gaze,0.4458478664546288,0.4103950321600783,-1258.024914277529,510.69347289528514,3915.896781598844,-34.647728700670555,-17.98670312565227,-31.07470263446097,-0.1004577912477355,0.0951667466915749,0.9554501624931406,4.281535141483423,32.58702124621676,-17.968710043344203,-20.549065412940934,0.3504550988337443,0.2326267986346514,0.8591865600921419,4.223976005430385,-27.890747337207856,-17.610850959972527,-26.4898435717526,0.124565651145605,0.1744519791717171,0.8960224944470193,4.412636575589858,0.0,True,2.0,imu,-0.6088494380776863,-9.597804131922954,2.5531029778152794,-8.604184581772357,26.76383507857858,-5.027955549861914,103.4876104118002,-38.92522424674786,136.6412568381856,392.5487993053725,-18.745056951215645,False,-0.996998798799746,0.0774170213316372,443.7938815177455,-39.21944743678287,16.445701097490684,176.5960135284848,False,inf
60.187587,-44361.0819985189,-200.6007897216546,445.4613709869641,-39.74418760994581,35.477941500644484,38.13954414568743,177.4137254068573,-2378774.770506263,12.87958689711826,38.174664375586126,1975030102.8584924,33.26676568104804,35.477941500644484,-1999937350160.8325,27.293568382328512,-1.1734350274062892,137.07625067155394,82.11398582472573,-46733.51284886432,-57.12148394913668,135.02643017317314,177.4137254068573,-134178321407.05363,854.105737709591,383.8683037089238,29.071287526672748,-1180941.6880084383,770849958831.7786,3.00000000000054,-0.8579830000000506,-11433194.994248329,-9.042434270958523,392.5718595764752,-18.7237225303482,0.0,-7.610318743683791e-20,0.0,7.519713464495885e-19,-276.7823689642477,0.8137968317788927,-276.7823689642477,0.0,-342.5755783935691,0.0,0.0,2810.819999999716,-14.617700000000356,0.0,0.0,0.0,0.0,0.0,0.0,0.0,0.0,0.0,0.0,0.0,3785.529999999766,-83.48819999998818,0.0,0.0,0.0,0.0,0.0,0.0,0.0,0.0,0.0,0.0,0.0,7388.629999999786,-42.010500000008506,0.0,0.0,0.0,0.0,0.0,0.0,0.0,0.0,0.0,999.000000000302,999.000000000302,1.000000000000021,-59.70184758931028,gaze,0.4463478895312242,0.4109495250921667,-1074.3505244741073,444.05760188329486,3375.577070825538,-34.67236199479163,-17.984052664792227,-31.12848705544972,-0.1004240600061856,0.0946583163310391,0.9556001674312422,4.281850537840657,32.45388091119529,-17.9567592693863,-20.529550924003065,0.3507037854380072,0.2334320300761294,0.8589145610549929,4.226216455067036,-32.4107590862601,-17.597708304486446,-26.751597084466137,0.1239586662788447,0.1741090639271155,0.8961849922072246,4.4127455297860685,-0.3296147988966287,True,1.0696702332467365,imu,-0.4551942808000001,-9.4412437952,2.5313826496,-10.8937504,26.60233577,-4.244073,103.3988867976268,-38.92208901966488,136.6280874045729,392.5718595764752,-18.7237225303482,False,-0.9957775817028048,0.091798735166198,443.98394529115774,-39.2770448979497,15.746973202304382,177.41372540685734,False,inf
60.196076,-44936.38011783229,-202.3821318831644,445.90135633280215,-39.82580092533368,35.7608355518843,38.52142778357226,179.2423548925744,-2411000.749936223,13.00916280873467,38.55689957708495,2003278150.9173949,33.55262804683501,35.7608355518843,-2028874525160.617,27.4594399621862,-1.185172882262049,137.80041750177872,82.77028269787276,-47338.91580647508,-57.65740359019669,135.73859347374196,179.2423548925744,-136118232377.92126,860.9174157783236,387.4019205095931,29.333222214786154,-1196890.6845561294,781994432339.5095,3.000000000000544,-0.8579830000000488,-11589609.885350976,-9.122579754204788,392.6234200838412,-18.676009057065187,0.0,-7.681169595818859e-20,0.0,7.589720792964992e-19,-279.1805367965994,0.821009716606976,-279.1805367965994,0.0,-345.53963467209246,0.0,0.0,2810.8199999997123,-14.617700000000326,0.0,0.0,0.0,0.0,0.0,0.0,0.0,0.0,0.0,0.0,0.0,3785.529999999744,-83.48819999998784,0.0,0.0,0.0,0.0,0.0,0.0,0.0,0.0,0.0,0.0,0.0,7388.629999999772,-42.01050000000856,0.0,0.0,0.0,0.0,0.0,0.0,0.0,0.0,0.0,999.000000000302,999.000000000302,1.0000000000000195,-60.13866441288913,gaze,0.4474631322989252,0.4121882571258042,-670.1988952102015,298.6356003825523,2158.827904666109,-34.72717084399486,-17.97801702579436,-31.24572598088753,-0.1003470697816543,0.0935159921053243,0.9559382465305594,4.28261316113485,32.151780739400394,-17.928243082949436,-20.49095538536621,0.3512660311019913,0.2352435026194648,0.858300515982953,4.231318071887364,-37.32788212124911,-17.568598653109255,-27.34665287758609,0.1226138228150899,0.1733463378215785,0.8965465710326557,4.413048829013484,-1.430200358749075,True,1.0585621518823072,imu,-0.4665591840000001,-9.376045140000002,2.5726551928,-10.46756653,26.35559774,-4.33379592,103.20429815883725,-38.91509377835213,136.59835736615966,392.6234200838412,-18.676009057065187,False,-0.9922958382948244,0.1238909573083208,444.4097764188993,-39.40604104106468,14.154463203581123,179.2423548925744,False,inf
60.203865,-45469.46248960608,-204.0271563387295,446.30736699270574,-39.901001735487256,36.02193939090376,38.874332123909774,180.9312675631541,-2440874.0646648407,13.128939720909145,38.91012880055072,2029480329.6621933,33.81650259850633,36.02193939090376,-2055719292900.3257,27.612290615645662,-1.1960199034459809,138.46744777331963,83.37600233217336,-47899.88794934248,-58.15241969361568,136.3945745184897,180.9312675631541,-137917855690.98633,867.2040812384716,390.66640279814766,29.575214758829333,-1211675.4216438564,792332973609.1089,3.000000000000547,-0.8579830000000506,-11734627.706991192,-9.196601518009135,392.671030496871,-18.631936597518035,0.0,-7.74663116410075e-20,0.0,7.654403000351349e-19,-281.3950808510001,0.8276714825332768,-281.3950808510001,0.0,-348.27669028632795,0.0,0.0,2810.8199999996978,-14.617700000000298,0.0,0.0,0.0,0.0,0.0,0.0,0.0,0.0,0.0,0.0,0.0,3785.529999999744,-83.48819999998784,0.0,0.0,0.0,0.0,0.0,0.0,0.0,0.0,0.0,0.0,0.0,7388.629999999786,-42.01050000000862,0.0,0.0,0.0,0.0,0.0,0.0,0.0,0.0,0.0,999.0000000003056,999.0000000003056,1.000000000000021,-60.54171789494563,gaze,0.6415917828281168,0.3898655175169585,-340.6809793491072,177.5989490722911,1136.821548583834,-35.68141619493296,-17.2868123663421,-30.03007859021849,-0.2496520154605377,0.1595203043065422,0.9551058285291948,4.167419910430908,31.86850097017493,-17.899758892439944,-20.46173359007945,0.3517925722190123,0.2369291896741765,0.857726542917921,4.236139455461627,-35.68141619493296,-17.2868123663421,-30.03007859021849,-0.2496520154605377,0.1595203043065422,0.9551058285291948,4.167419910430908,0.0,True,2.0,imu,-0.6089715912814861,-9.59568951643046,2.561441452738896,-8.221751427424932,25.386981357269736,-4.962252215825761,103.02944579245091,-38.90865291790247,136.57057467017498,392.671030496871,-18.631936597518035,False,-0.9973703265914868,0.0724736616626395,444.8040635409718,-39.52538526619326,17.060233924013712,180.9312675631541,False,inf
60.204565,-45517.6168293573,-204.1754922607913,446.3439637352635,-39.90777496121274,36.04547713765973,38.90616584338569,181.08357122273569,-2443573.145108938,13.139745781671405,38.94199182598729,2031848488.4074843,33.840291558241766,36.04547713765973,-2058145687111.6487,27.626058198765463,-1.1969983531857922,138.52751502129934,83.43060499776763,-47950.5613457262,-58.19706156683248,136.45364710464753,181.08357122273569,-138080515926.59473,867.7707899671514,390.96082914943145,29.597040631122475,-1213011.240487591,793267429915.5776,3.0000000000005507,-0.8579830000000523,-11747731.229500648,-9.203276687693766,392.67532343279936,-18.62796199913149,0.0,-7.752535525640747e-20,0.0,7.6602370667749345e-19,-281.5947669841849,0.8282722304125547,-281.5947669841849,0.0,-348.52348921143346,0.0,0.0,2810.8199999997087,-14.617700000000298,0.0,0.0,0.0,0.0,0.0,0.0,0.0,0.0,0.0,0.0,0.0,3785.529999999752,-83.48819999998784,0.0,0.0,0.0,0.0,0.0,0.0,0.0,0.0,0.0,0.0,0.0,7388.629999999757,-42.01050000000868,0.0,0.0,0.0,0.0,0.0,0.0,0.0,0.0,0.0,999.0000000003074,999.0000000003074,1.000000000000021,-60.578046523857445,gaze,0.4485817504903606,0.4134334891319919,-314.59195132834043,167.6841209538884,1054.58770796577,-34.78195045546869,-17.971793191878973,-31.359522009152005,-0.1002674119347655,0.0923587306649687,0.956282167284452,4.283459156739318,31.842795152126115,-17.897091022035223,-20.459409587895266,0.3518403874518231,0.2370817754182957,0.8576744696844267,4.236579309956372,-35.04144832111824,-17.539688058938047,-27.95254297063988,0.1212771470594339,0.1725841424100397,0.8969080904353387,4.413435954236326,0.6267445362195789,True,1.0246077340330442,imu,-0.4330626272,-9.3413522776,2.5911979296,-9.86941373,26.08642898,-4.430995749999999,103.01391403556588,-38.908073040852784,136.56805471002852,392.67532343279936,-18.62796199913149,False,-0.9877444962059424,0.1560794996624135,444.83966713207536,-39.53615589599058,12.510168782428073,181.08357122273569,False,inf
60.213054,-46104.83788241939,-205.98092867489328,446.7892054859626,-39.990110919712606,36.33187415874667,39.29377361811416,182.93743391427563,-2476494.735060811,13.27134148227241,39.329956428908176,2060743865.2585127,34.1297640296536,36.33187415874667,-2087753718793.3,27.793425367309723,-1.20891189485427,139.25755027235647,84.09497074603334,-48568.497506057,-58.74047617449196,137.1715981017769,182.93743391427563,-140065365009.81174,874.6660465731603,394.5451615251271,29.862752526055257,-1229304.7344597178,804670060018.5938,3.000000000000565,-0.8579830000000506,-11907572.945396814,-9.284527849636104,392.7275710320446,-18.57957990346341,0.0,-7.824419276767978e-20,0.0,7.731264996879464e-19,-284.02513853104347,0.8355846232262508,-284.02513853104347,0.0,-351.5272390513654,0.0,0.0,2810.8199999997087,-14.617700000000356,0.0,0.0,0.0,0.0,0.0,0.0,0.0,0.0,0.0,0.0,0.0,3785.529999999752,-83.48819999998796,0.0,0.0,0.0,0.0,0.0,0.0,0.0,0.0,0.0,0.0,0.0,7388.629999999772,-42.01050000000879,0.0,0.0,0.0,0.0,0.0,0.0,0.0,0.0,0.0,999.000000000311,999.000000000311,1.000000000000023,-61.020005814570425,gaze,0.4497034669958235,0.4146849089676578,-68.69385335348959,66.20723384099679,262.3967011922684,-34.836672612353034,-17.96538380584426,-31.469792374986653,-0.1001850852795479,0.0911868014599527,0.9566318272429604,4.284387845980612,31.528285844060576,-17.863330733593738,-20.435332885969068,0.35242668268956,0.2389463737039316,0.8570366019602645,4.241999173516555,-28.031481377336213,-17.510991415601236,-28.5598937244741,0.1199488434942678,0.1718225923292643,0.8972694867915539,4.413906706641966,19.25866937728704,True,0.9673017211510144,imu,-0.3899956256000001,-9.2935000536,2.5756459568,-9.36846076,25.81726022,-4.43847266,102.82806478906812,-38.90102742832034,136.53719803162772,392.7275710320446,-18.57957990346341,False,-0.9821061580009796,0.1883281561969819,445.273674235122,-39.66735090402668,10.81451902659576,182.93743391427563,False,inf
60.216447,-46341.23069756315,-206.70594120693332,446.9679054673079,-40.02312159343688,36.44683806019573,39.44950417307124,183.68196203882167,-2489751.590784669,13.324224013935996,39.4858303471328,2072384705.663721,34.24597212158151,36.44683806019573,-2099682742007.2068,27.8605309780908,-1.213698400208613,139.55016410968588,84.36164865778959,-48817.25314517531,-58.958730506948,137.45937064620605,183.68196203882167,-140865052241.1639,877.433794666694,395.9849379065407,29.969487742050884,-1235865.826562155,809264130284.0413,3.0000000000005578,-0.8579830000000506,-11971945.034253918,-9.31715908349644,392.7485506804173,-18.56014783956104,0.0,-7.853296223707253e-20,0.0,7.75979814569517e-19,-285.0010756364722,0.838521349197898,-285.0010756364722,0.0,-352.7334059757952,0.0,0.0,2810.819999999705,-14.617700000000326,0.0,0.0,0.0,0.0,0.0,0.0,0.0,0.0,0.0,0.0,0.0,3785.529999999744,-83.48819999998773,0.0,0.0,0.0,0.0,0.0,0.0,0.0,0.0,0.0,0.0,0.0,7388.629999999772,-42.01050000000873,0.0,0.0,0.0,0.0,0.0,0.0,0.0,0.0,0.0,999.0000000003128,999.0000000003128,1.000000000000023,-61.1973777362208,gaze,0.4501526144804699,0.4151867543654329,-15.006890731709776,37.23798787971988,80.09002292515721,-34.85852241746731,-17.96277070960157,-31.51286424320382,-0.1001514329799442,0.0907143464719573,0.9567731664057394,4.284782014248077,31.40132141733481,-17.849114579786278,-20.42788058860811,0.3526643219787514,0.2396988986774252,0.8567783841130182,4.244209601002704,-25.009818687586943,-17.49958453158248,-28.80067058692908,0.1194203162349069,0.1715184116055053,0.8974138860313338,4.414118208446404,35.485511542747254,True,0.9378858758013022,imu,-0.6090167088045508,-9.594368939117755,2.566665906096601,-7.865173869893558,24.668077606880136,-4.927660661283583,101.3197492,-38.50764280000001,136.0065336,392.7485506804173,-18.56014783956104,False,-0.9795447992755612,0.2012262065740953,445.4483081916849,-39.72008179420384,10.122530966917637,183.6819620388217,False,inf
60.221543,-46698.08926015007,-207.79849912343911,447.2370939154698,-40.07281000565365,36.62003453925567,39.68426645325592,184.80400266210088,-2509768.31363225,13.403955597398255,39.72080874501871,2089967046.998211,34.4210532959563,36.62003453925567,-2117701519525.67,27.96154374692682,-1.22091396342171,139.99053029863748,84.76339801703013,-49192.772572155256,-59.28766576516426,137.89245350301815,184.80400266210088,-142072973690.5938,881.6033724374946,398.1550499787059,30.1303676820797,-1245772.5524891568,816203437462.1924,3.0000000000005542,-0.8579830000000488,-12069149.027187688,-9.366336027383468,392.7801642934346,-18.530861313378523,0.0,-7.896823602349219e-20,0.0,7.8028073036490305e-19,-286.4717306965652,0.8429471459013468,-286.4717306965652,0.0,-354.55098154411206,0.0,0.0,2810.8199999996978,-14.617700000000298,0.0,0.0,0.0,0.0,0.0,0.0,0.0,0.0,0.0,0.0,0.0,3785.529999999744,-83.4881999999875,0.0,0.0,0.0,0.0,0.0,0.0,0.0,0.0,0.0,0.0,0.0,7388.629999999772,-42.01050000000868,0.0,0.0,0.0,0.0,0.0,0.0,0.0,0.0,0.0,999.0000000003128,999.0000000003128,1.000000000000021,-61.46455421480107,gaze,0.4508280035019277,0.4159422029308499,10.233096791719138,7.85595553855717,-22.065517879295747,-34.89130955969094,-17.95879154846517,-31.576466007947065,-0.100100088335434,0.0900004760317678,0.9569871229098303,4.285398536722596,31.209527569985912,-17.826995202692913,-20.419081243943555,0.3530247429466975,0.2408368179604913,0.8563870946456367,4.247576632326823,-21.310945917189137,-17.48252259123799,-29.15785215491932,0.1186291148993196,0.1710618016740383,0.8976306966901797,4.414460871371809,71.49241241894278,True,0.8868585618681549,imu,-0.3236006648,-9.281536997600002,2.6127314304,-8.44132392,25.36864562,-4.51324176,102.6470482818427,-38.89395755659348,136.5058060922465,392.7801642934346,-18.530861313378523,False,-0.9753644959090676,0.220599410969409,445.71185387673023,-39.79958514546411,9.068058555420713,184.80400266210088,False,inf
60.223845,-46860.00926455049,-208.2934767587938,447.3590076004416,-40.095298630049456,36.69848123545084,39.79065739996938,185.3123661971534,-2518852.291507721,13.44009343168788,39.827297632798285,2097948488.899008,34.5003576639962,36.69848123545084,-2125881539233.224,28.007262930714816,-1.2241839356311697,140.18980422827508,84.9453608098829,-49363.15889556907,-59.436702645466255,138.08843258513355,185.3123661971534,-142621334063.85852,883.4918733257373,399.13838156899465,30.20326739427985,-1250268.4314338733,819353675979.6262,3.000000000000565,-0.8579830000000506,-12113265.094830148,-9.388616685045966,392.7944860039174,-18.5175918890086,0.0,-7.916547890197419e-20,0.0,7.822296761501353e-19,-287.1379900829021,0.8449523469732981,-287.1379900829021,0.0,-355.37440185533245,0.0,0.0,2810.8199999997014,-14.617700000000356,0.0,0.0,0.0,0.0,0.0,0.0,0.0,0.0,0.0,0.0,0.0,3785.529999999744,-83.48819999998761,0.0,0.0,0.0,0.0,0.0,0.0,0.0,0.0,0.0,0.0,0.0,7388.629999999757,-42.01050000000885,0.0,0.0,0.0,0.0,0.0,0.0,0.0,0.0,0.0,999.0000000003148,999.0000000003148,1.0000000000000249,-61.58555219431471,gaze,0.0,0.0,0.0,0.0,0.0,-37.48498673210551,-16.70116167865894,-32.36509824928019,-0.2733777272018564,0.0598100240955283,0.9600455089669656,4.449315547943115,30.51313168886097,-20.01407188744002,-18.945656064957,0.1258447915127714,0.7888648528473343,0.6015441233951679,3.268972396850586,-19.58367185827761,-17.822214574695792,-27.842727873668544,-0.16170924165254,0.2919288713889867,0.8679503223551308,4.013281941413879,92.07722479039256,False,-1.0,imu,-0.6090318583367658,-9.593593946717856,2.569738097810669,-7.6177417895656285,24.311176504769385,-4.909616628847842,102.59882938845358,-38.89203628653736,136.49720360987106,392.7944860039174,-18.5175918890086,False,-0.999998907390336,-0.0014782483330142,445.8314034094395,-39.8356172182528,21.39640377170664,185.31236619715344,False,inf
60.230032,-47297.41718007989,-209.628261782268,447.6876413933778,-40.15587342655056,36.90996622666508,40.07765974690701,186.6833373393421,-2543396.689507127,13.537593834461614,40.11456418613219,2119520814.7963264,34.71416721255894,36.90996622666508,-2147992005216.852,28.130415620590497,-1.2330050165220716,140.72646214524474,85.43590493792951,-49823.43507457874,-59.83864874746209,138.61622034823014,186.6833373393421,-144103537141.40402,888.582954946119,401.79062729825216,30.399895913862693,-1262416.0879718277,827868683433.1831,3.0000000000005755,-0.8579830000000541,-12232473.544673683,-9.448704017443072,392.8331046319959,-18.481804768592667,0.0,-7.969751265079329e-20,0.0,7.874866716886599e-19,-288.9346229958923,0.850360050115097,-288.9346229958923,0.0,-357.59481435483707,0.0,0.0,2810.8199999996978,-14.617700000000326,0.0,0.0,0.0,0.0,0.0,0.0,0.0,0.0,0.0,0.0,0.0,3785.529999999744,-83.4881999999875,0.0,0.0,0.0,0.0,0.0,0.0,0.0,0.0,0.0,0.0,0.0,7388.629999999772,-42.0105000000089,0.0,0.0,0.0,0.0,0.0,0.0,0.0,0.0,0.0,999.0000000003164,999.0000000003164,1.0000000000000249,-61.91170369179769,gaze,0.451955080544311,0.4172050558190955,-84.21370097081765,-7.017950089557833,240.73820983309432,-34.94583401372482,-17.952019137771156,-31.679483290495824,-0.1000124193375452,0.0888000279601252,0.9573479497650894,4.286490523580006,30.8877107100559,-17.78812252505392,-20.410949645072243,0.3536343923124552,0.2427526240197806,0.855726131575968,4.253310622070982,-19.15762575886712,-17.454294453379628,-29.73445463065258,0.1173181623369091,0.1703018839885386,0.8979916569396288,4.415098217678221,155.5418411285055,False,0.7843343570690047,imu,-0.2895059552,-9.2767517752,2.64682614,-7.514187079999999,24.72563136,-4.715118329999999,102.47112802560244,-38.8868640362407,136.47389780876833,392.8331046319959,-18.481804768592667,False,-0.9675043284262744,0.2528544531473076,446.1542614407135,-39.93281531580985,7.271453607500147,186.6833373393421,False,inf
60.238521,-47902.86809473164,-211.47027500534764,448.140860328358,-40.23930239261429,37.20167719185419,40.47396894984738,188.57549799760625,-2577382.686251402,13.672261921462791,40.51123821679023,2149407965.508657,35.00911365541672,37.20167719185419,-2178628108410.1543,28.30004327514198,-1.2451855132712957,141.4653528586646,86.11250968878882,-50460.53379037651,-60.39344358670388,139.3429056792133,188.57549799760625,-146157251647.3035,895.6049820305858,405.4520267186289,30.671347068292903,-1279236.7417024611,839666925509.6733,3.000000000000586,-0.8579830000000541,-12397560.643510869,-9.531634625492243,392.886393465918,-18.43240880521592,0.0,-8.043205037215381e-20,0.0,7.947445975843519e-19,-291.4138952003216,0.8578235883700362,-291.4138952003216,0.0,-360.6588354621342,0.0,0.0,2810.819999999705,-14.617700000000385,0.0,0.0,0.0,0.0,0.0,0.0,0.0,0.0,0.0,0.0,0.0,3785.529999999752,-83.48819999998761,0.0,0.0,0.0,0.0,0.0,0.0,0.0,0.0,0.0,0.0,0.0,7388.629999999786,-42.01050000000896,0.0,0.0,0.0,0.0,0.0,0.0,0.0,0.0,0.0,999.00000000032,999.00000000032,1.0000000000000266,-62.3614662503418,gaze,0.4530844175603405,0.4184731509877622,-268.5926440879843,-0.746808327322704,806.4665685072446,-35.00021916771089,-17.94506932832403,-31.778795663170097,-0.0999220762469788,0.0875857328096624,0.9577142022876202,4.287663088132008,30.563943835073776,-17.746755679586553,-20.41117450042664,0.3542554528620615,0.2446933031561665,0.8550538985528676,4.259200044766191,-21.82040229776256,-17.426318893831052,-30.27710176361521,0.1160161851372041,0.1695429522577031,0.8983523045747832,4.415818499081484,232.4209154197839,False,0.6617118861650577,imu,-0.3241988176,-9.3180243184,2.6934820584,-6.60200406,23.91064817,-4.85717962,102.30053296246167,-38.87974747260506,136.4414922434241,392.886393465918,-18.43240880521592,False,-0.9585116982138758,0.2850531957146801,446.6009514330818,-40.06699570600819,5.425498225492611,188.57549799760625,False,inf
60.243938,-48292.44006757926,-212.65213009169776,448.4314703380596,-40.29273169039186,37.38875739751358,40.728392894808,189.78965468813064,-2599258.0453310013,13.758737211429304,40.76589637278659,2168655089.1756973,35.19828626976826,37.38875739751358,-2198359610847.0537,28.408682128440965,-1.2530050909980006,141.93840345756095,86.54641480168044,-50870.46563513797,-60.749470035039934,139.80814667303326,189.78965468813064,-147479958559.75394,900.1081480125341,407.8019961867264,30.845575028271384,-1290063.555189726,847265651267.4268,3.000000000000579,-0.8579830000000541,-12503833.771181185,-9.584849648880605,392.9205809295504,-18.40071018268916,0.0,-8.090353606113409e-20,0.0,7.994033211475342e-19,-293.00456604813434,0.8626128015129246,-293.00456604813434,0.0,-362.6246451133561,0.0,0.0,2810.819999999705,-14.617700000000356,0.0,0.0,0.0,0.0,0.0,0.0,0.0,0.0,0.0,0.0,0.0,3785.529999999744,-83.48819999998761,0.0,0.0,0.0,0.0,0.0,0.0,0.0,0.0,0.0,0.0,0.0,7388.629999999772,-42.01050000000896,0.0,0.0,0.0,0.0,0.0,0.0,0.0,0.0,0.0,999.000000000322,999.000000000322,1.0000000000000266,-62.64983998064613,gaze,0.6545492028447438,0.5205839995777187,-372.3457537059267,-0.5260182349579647,1141.231367727891,-38.23287314049372,-16.35350821222787,-33.78607340895201,-0.2734822081772044,0.0129553128917418,0.9617898115900364,4.540141582489014,30.35679885911763,-17.719076780251346,-20.41577066322586,0.3546576455149029,0.2459444628033163,0.8546191291386737,4.263038922492743,-25.800072285682983,-17.332645787206484,-29.823843052096365,-0.1989668971607615,0.1989376852232384,0.8992301521000993,4.188901821772258,252.8450018815581,False,-1.0,imu,-0.6090301169860689,-9.591495355794372,2.5780804299736104,-6.831198410978138,23.592312602396085,-4.868934027216579,102.19454732264576,-38.87519448387666,136.42056251609498,392.9205809295504,-18.40071018268916,False,-0.976864881369678,0.2138574374357953,446.8882561022437,-40.1530935065921,9.707750638412636,189.78965468813064,False,inf
60.24701,-48514.488692218016,-213.3245973250481,448.5967631682229,-40.323098116756,37.49517542913876,40.87320956563013,190.480544867244,-2611729.142352581,13.807965607026349,40.910846354352095,2179631311.721342,35.3059005210562,37.49517542913876,-2209612778331.6104,28.47042900129285,-1.2574559142696604,142.2072094867413,86.79323050263085,-51104.11774371545,-60.9520688050008,140.07251653968515,190.480544867244,-148234314609.1263,902.669642168855,409.1393819222294,30.94473102453304,-1296235.9218942798,851599297679.31,3.000000000000579,-0.8579830000000523,-12564424.54541576,-9.615130666393666,392.9400322165648,-18.38267195574861,0.0,-8.117187700593301e-20,0.0,8.020547829235937e-19,-293.90962733772574,0.865338013995352,-293.90962733772574,0.0,-363.7431431585417,0.0,0.0,2810.8199999996978,-14.617700000000326,0.0,0.0,0.0,0.0,0.0,0.0,0.0,0.0,0.0,0.0,0.0,3785.5299999997296,-83.48819999998705,0.0,0.0,0.0,0.0,0.0,0.0,0.0,0.0,0.0,0.0,0.0,7388.629999999786,-42.0105000000089,0.0,0.0,0.0,0.0,0.0,0.0,0.0,0.0,0.0,999.000000000322,999.000000000322,1.000000000000023,-62.81385393280923,gaze,0.4542157329418255,0.4197461704084272,-412.2058671839854,-4.697663282691596,1279.4959675694597,-35.05443869763122,-17.937944910495695,-31.87436522523432,-0.0998290567610928,0.0863578680766421,0.9580857739777424,4.288915499135764,30.239256271767264,-17.702942300924345,-20.419936057816585,0.3548877446850443,0.2466583621814699,0.8543705833100526,4.265243769171484,-26.288632497282745,-17.398606853551893,-30.77303643515481,0.1147233808834648,0.1687851188985948,0.898712576863936,4.416621453526751,250.1435397585408,False,0.5218252393294958,imu,-0.3523119992,-9.3604931672,2.7048469616,-5.622528849999999,23.30501846,-4.954379449999999,102.13545860510482,-38.87260846584886,136.40860859354564,392.9400322165648,-18.38267195574861,False,-0.9483739511619984,0.3171542980275992,447.0519773654045,-40.20207818694747,3.5311205209025736,190.480544867244,False,inf
60.255499,-49132.325896832364,-215.19128745239303,449.0553623999963,-40.407261814590186,37.79046895630293,41.27539715066588,192.3985383575939,-2646438.9112598896,13.944710660436046,41.31340416907915,2210193681.794765,35.604535726596936,37.79046895630293,-2240948980937.0786,28.64157509362596,-1.2698166816039858,142.95203907864334,87.47808566551547,-51754.2362064991,-61.51454298133662,140.80505997524853,192.3985383575939,-150334924546.62726,909.777124386032,412.8528270396823,31.22005769406882,-1313415.0441984688,863666940357.3628,3.0000000000006004,-0.8579830000000559,-12733079.548368078,-9.699194964209587,392.9940223084732,-18.332592749079023,0.0,-8.191702046643601e-20,0.0,8.094175035260364e-19,-296.4218996929461,0.8729035811481639,-296.4218996929461,0.0,-366.84783605102,0.0,0.0,2810.8199999996978,-14.61770000000044,0.0,0.0,0.0,0.0,0.0,0.0,0.0,0.0,0.0,0.0,0.0,3785.529999999752,-83.4881999999875,0.0,0.0,0.0,0.0,0.0,0.0,0.0,0.0,0.0,0.0,0.0,7388.629999999801,-42.010500000009245,0.0,0.0,0.0,0.0,0.0,0.0,0.0,0.0,0.0,999.0000000003274,999.0000000003274,1.0000000000000284,-63.26887881922612,gaze,0.4553487440877179,0.4210237947272333,-427.5750308007138,-32.4137385872969,1398.4536902978882,-35.10846676790517,-17.93064870974596,-31.96616433533144,-0.0997333583237929,0.0851167131356644,0.9584625573797848,4.290247012739991,29.91460066806769,-17.656734451960098,-20.43736081071072,0.3555310859135125,0.2486473035398328,0.8536763754792845,4.271440631196212,-29.576008479153582,-17.37116834753802,-31.2098218221604,0.1134399453973045,0.1680284957517745,0.8990724113157239,4.417506803540984,192.4380888207539,False,0.3681791307232359,imu,-0.370854736,-9.406550932800002,2.70664142,-4.92717622,22.69938875,-5.477763149999999,101.97606832892832,-38.86544761099833,136.37526618131824,392.9940223084732,-18.332592749079023,True,-0.9370798164766524,0.3491151923822321,447.50739163455,-40.33801219853749,1.5893889995133277,192.3985383575939,False,inf
60.263918,-49751.254813674605,-217.0548581722624,449.5128555081183,-40.49109613622119,38.08510856855884,41.67719430367252,194.31356274123007,-2681224.121224284,14.08136234429704,41.71557118707221,2240841678.9840555,35.90254175553157,38.08510856855884,-2272376920656.838,28.812063172170348,-1.2821652307466906,143.69367006834767,88.16139495156871,-52405.49649604743,-62.07619885179035,141.534466226334,194.31356274123007,-152441666087.2595,916.8684791406416,416.56155186669145,31.49504257359017,-1330631.6322667706,875769805213.3706,3.000000000000597,-0.8579830000000577,-12902126.993873518,-9.783130108849294,393.0479156136544,-18.28258690704237,0.0,-8.26612983323754e-20,0.0,8.167716712348401e-19,-298.9298714619597,0.8804575247428269,-298.9298714619597,0.0,-369.94715893163857,0.0,0.0,2810.819999999694,-14.617700000000356,0.0,0.0,0.0,0.0,0.0,0.0,0.0,0.0,0.0,0.0,0.0,3785.529999999744,-83.48819999998705,0.0,0.0,0.0,0.0,0.0,0.0,0.0,0.0,0.0,0.0,0.0,7388.629999999772,-42.010500000009245,0.0,0.0,0.0,0.0,0.0,0.0,0.0,0.0,0.0,999.0000000003274,999.0000000003274,1.0000000000000266,-63.72276819565168,gaze,0.6270781637562681,0.571259960201458,-309.0864212161097,-70.5438893156928,1155.852795723712,-38.14078114908548,-16.43671284904751,-34.19291220433426,-0.2217777770677842,-0.0442884754197134,0.9740909344326484,4.51037073135376,29.59351918767593,-17.608598105462306,-20.463272332558493,0.3561798542570549,0.2506429376345593,0.8529773224438687,4.277736464326684,-28.885249501533607,-17.10866255266674,-30.91611034015584,-0.2046696171375172,0.1381311450625004,0.9179453476832364,4.269269049167633,95.69936090102412,False,-1.0,imu,-0.6089656032536815,-9.589418954899116,2.586368370744512,-5.946588890802322,23.1510504465541,-4.840070548329896,101.82373694430174,-38.85832480677651,136.34176474998756,393.0479156136544,-18.28258690704237,False,-0.948208654489035,0.3176481505567033,447.9634351714604,-40.47361413545605,3.5979108455861417,194.31356274123007,False,inf
60.263988,-49756.42686964666,-217.07040427733324,449.516670549956,-40.491794704436586,38.08756581463474,41.6805473143122,194.32953905725057,-2681514.8614218235,14.08250287167151,41.718927284224286,2241097919.907845,35.90502720977675,38.08756581463474,-2272639698959.7505,28.8134838505983,-1.282268278849985,143.6998486848372,88.16709351661947,-52410.93869899427,-62.0808847516547,141.54054303336682,194.32953905725057,-152459281101.65695,916.9276182551891,416.5924966506032,31.49733702076125,-1330775.531723837,875871000404.9585,3.000000000000582,-0.8579830000000523,-12903540.026815563,-9.783830352217066,393.04836516935165,-18.28216971047792,0.0,-8.266750876408022e-20,0.0,8.168330361610108e-19,-298.9507928082143,0.8805205448148953,-298.9507928082143,0.0,-369.9730130614664,0.0,0.0,2810.819999999687,-14.617700000000356,0.0,0.0,0.0,0.0,0.0,0.0,0.0,0.0,0.0,0.0,0.0,3785.5299999997214,-83.48819999998705,0.0,0.0,0.0,0.0,0.0,0.0,0.0,0.0,0.0,0.0,0.0,7388.629999999772,-42.010500000009074,0.0,0.0,0.0,0.0,0.0,0.0,0.0,0.0,0.0,999.0000000003274,999.0000000003274,1.000000000000023,-63.72655302733029,gaze,0.456483167456826,0.4223057033232583,-307.65679689418823,-70.80522313487555,1152.647454904719,-35.162278037101395,-17.923183585900293,-32.05417521213574,-0.0996349781358175,0.0838625491863645,0.9588444441046636,4.291656872698521,29.59085555838501,-17.60818839638091,-20.46352390715683,0.3561852927504477,0.2506596254026106,0.8529714665562926,4.277789434308561,-30.53693079583889,-17.34401248970278,-31.57581942320392,0.1121660727239351,0.1672731940726656,0.8994317456860681,4.418474256389905,94.8686894768051,False,0.2047596111572956,imu,-0.4151180432000001,-9.4502160872,2.7341564488,-4.30659269,22.41526617,-5.85908556,101.82249466447274,-38.858265497988334,136.34148444353443,393.04836516935165,-18.28216971047792,True,-0.9246194876354554,0.3808921147579036,447.9672453988637,-40.47474474365374,0.3984810742684539,194.32953905725057,False,inf
60.272477,-50386.83900910447,-218.96200686900528,449.9807001837189,-40.57669800732498,38.38647406895929,42.08867571895945,196.27360773431565,-2716959.8763273954,14.221348051443677,42.127431376117976,2272346886.102075,36.20738292897445,38.38647406895929,-2304687931957.383,28.98615757454252,-1.2948111710745176,144.45064535705654,88.86027244831071,-53074.27499045246,-62.65111280894006,142.27897276333488,196.27360773431565,-154607585041.31827,924.1213138981288,420.3585257843144,31.77657898089672,-1348318.81505636,888212631147.2197,3.000000000000597,-0.8579830000000559,-13075820.431877485,-9.869039672922522,393.10306223009457,-18.231401361597,0.0,-8.342337000555559e-20,0.0,8.24301658549111e-19,-301.4963874835538,0.8881891608125814,-301.4963874835538,0.0,-373.1187734272045,0.0,0.0,2810.819999999687,-14.617700000000356,0.0,0.0,0.0,0.0,0.0,0.0,0.0,0.0,0.0,0.0,0.0,3785.5299999997296,-83.48819999998682,0.0,0.0,0.0,0.0,0.0,0.0,0.0,0.0,0.0,0.0,0.0,7388.629999999772,-42.01050000000919,0.0,0.0,0.0,0.0,0.0,0.0,0.0,0.0,0.0,999.0000000003274,999.0000000003274,1.0000000000000266,-64.18688871262864,gaze,0.4576187186205183,0.4235915743668755,-89.24002713488572,-95.99691032549656,664.0524795444843,-35.21584766364954,-17.915552432427642,-32.1383895350045,-0.0995339131650239,0.0825956592001201,0.9592313248524604,4.293144310583863,29.26882792888559,-17.557364371203633,-20.49845155870231,0.3568501794979877,0.2526948217632471,0.8522560498667066,4.284288949944017,-29.51251282980864,-17.31714751775832,-31.86066708467757,0.1109019551174216,0.1665193245229231,0.8997905179851099,4.419523504234949,16.144249541468238,False,0.0358447769464866,imu,-0.4551942808000001,-9.4884978664,2.7443250464,-3.85050118,22.17600505,-6.135731229999999,101.67484058985552,-38.85106271170702,136.30728292134697,393.10306223009457,-18.231401361597,False,-0.9109847040450918,0.412440139894114,448.4315884509752,-40.61222038725088,2.431121298303081,196.27360773431565,False,inf
60.280966,-51023.60995161382,-220.86615447599044,450.447463906281,-40.661972946996514,38.68720180767183,42.49979808011695,198.23080533665103,-2752776.8545441628,14.361252031230377,42.53893217425436,2303943456.325547,36.51161086323283,38.68720180767183,-2337096696359.541,29.159598571668564,-1.307445824837846,145.20443614827042,89.55764090622262,-53744.29509973095,-63.22524590330194,143.020356216249,198.23080533665103,-156780038261.12357,931.3584019861518,424.1510499205672,32.057793583237,-1366046.3322787238,900692992391.3921,3.000000000000604,-0.8579830000000594,-13249935.291547911,-9.95482577807629,393.1581149247713,-18.180286220463728,0.0,-8.418463239398506e-20,0.0,8.3182364936377945e-19,-304.0587647771827,0.8959096857901825,-304.0587647771827,0.0,-376.2852167014748,0.0,0.0,2810.819999999687,-14.617700000000356,0.0,0.0,0.0,0.0,0.0,0.0,0.0,0.0,0.0,0.0,0.0,3785.5299999997296,-83.48819999998705,0.0,0.0,0.0,0.0,0.0,0.0,0.0,0.0,0.0,0.0,0.0,7388.629999999772,-42.01050000000936,0.0,0.0,0.0,0.0,0.0,0.0,0.0,0.0,0.0,999.0000000003328,999.0000000003328,1.0000000000000266,-64.64989806845522,gaze,0.4587551123154283,0.4248810848781139,186.40565959475668,-89.05454387714649,61.2618136481308,-35.26915131155181,-17.907758175718204,-32.2188080446299,-0.0994301601566745,0.0813163278667603,0.9596230894349956,4.294708546000763,28.94925578276989,-17.504326359310266,-20.542123449314413,0.3575255585857126,0.2547523825321506,0.8515303205319842,4.290937917913831,-27.63040135395637,-17.29058081809702,-32.055757026931865,0.1096477830259383,0.1657669971618047,0.9001486664841465,4.420654224290206,4.130885852882208,False,-0.1341845212367343,imu,-0.472540712,-9.502853533600002,2.745521352,-3.70096298,21.93674393,-6.659114929999999,101.53318082320465,-38.843839832040615,136.27268125002195,393.1581149247713,-18.180286220463728,False,-0.8961688332202769,0.4437132208584815,448.900469087277,-40.75038126094356,4.507003765582031,198.23080533665103,False,inf
60.284008,-51253.35108372078,-221.55156289309213,450.6153947013195,-40.692621571783775,38.79541079408459,42.64785385425143,198.9353664490133,-2765702.8138763905,14.411644884795589,42.68712423171241,2315351116.202282,36.62108694319982,38.79541079408459,-2348798576133.3022,29.221937655735708,-1.311995826011731,145.47528419002046,89.80856335025493,-53986.03050037598,-63.431938256235,143.28674830495328,198.9353664490133,-157564444625.93036,933.9623816199518,425.5165604552394,32.15904775767331,-1372444.0338567318,905199268141.6212,3.0000000000005933,-0.8579830000000523,-13312777.931259315,-9.985707818181703,393.17792967164,-18.161884623171574,0.0,-8.445874773535088e-20,0.0,8.345321676234307e-19,-304.9810827610626,0.8986889885598788,-304.9810827610626,0.0,-377.4249521672096,0.0,0.0,2810.819999999676,-14.617700000000326,0.0,0.0,0.0,0.0,0.0,0.0,0.0,0.0,0.0,0.0,0.0,3785.5299999997296,-83.48819999998648,0.0,0.0,0.0,0.0,0.0,0.0,0.0,0.0,0.0,0.0,0.0,7388.629999999743,-42.0105000000093,0.0,0.0,0.0,0.0,0.0,0.0,0.0,0.0,0.0,999.0000000003292,999.0000000003292,1.000000000000023,-64.81646871728596,gaze,0.459162484908307,0.4253439997338092,292.2595388808005,-76.52226228414446,-162.39665284080291,-35.28818315795618,-17.904926003434905,-32.24670342359447,-0.0993923258023509,0.0808549112531393,0.9597646441449827,4.295287623360299,28.83546644122148,-17.484794368290697,-20.55989024149956,0.3577700954762149,0.2554950461913778,0.851267785992654,4.293356677055302,-28.885249501533607,-17.10866255266674,-30.91611034015584,-0.2046696171375172,0.1381311450625004,0.9179453476832364,4.269269049167633,19.703501500503176,True,2.0,imu,-0.6088368375932889,-9.58734316703038,2.594688171292835,-5.049463213586235,22.76746977622676,-4.82203595365946,101.48388642459524,-38.84124676115864,136.26018825870358,393.17792967164,-18.161884623171574,False,-0.8905711760502985,0.4548439077182285,449.06960396628494,-40.80004598000376,5.261093561920315,198.93536644901332,False,inf
60.289455,-51666.78757214495,-222.7829065265864,450.91697436209233,-40.747620749907696,38.98975714277305,42.913930166501856,200.20119299214417,-2788968.709757924,14.502220663312794,42.95344546138032,2335890522.4772253,36.81771901228351,38.98975714277305,-2369869025515.07,29.33380915206633,-1.3201727081959749,145.96122811265735,90.25921738933326,-54421.04929591922,-63.80330284205992,143.7647004449827,200.20119299214417,-158976843788.16745,938.6390737408695,427.9702049902881,32.34099086907137,-1383959.5289899723,913313250445.0776,3.0000000000006146,-0.8579830000000577,-13425899.210900636,-10.041191528687795,393.2135246906328,-18.128822801478407,0.0,-8.495132422909021e-20,0.0,8.393992882329455e-19,-306.6380060059329,0.9036823772299464,-306.6380060059329,0.0,-379.472442753946,0.0,0.0,2810.819999999683,-14.617700000000385,0.0,0.0,0.0,0.0,0.0,0.0,0.0,0.0,0.0,0.0,0.0,3785.529999999737,-83.48819999998693,0.0,0.0,0.0,0.0,0.0,0.0,0.0,0.0,0.0,0.0,0.0,7388.629999999786,-42.01050000000947,0.0,0.0,0.0,0.0,0.0,0.0,0.0,0.0,0.0,999.0000000003364,999.0000000003364,1.0000000000000284,-65.11559332603177,gaze,0.4598920624961672,0.4261739107850266,484.5368170539776,-39.62697420195089,-554.798793779674,-35.32216515609501,-17.899803774361217,-32.29544014369156,-0.0993237156437225,0.080024841541263,0.9600196267984088,4.2963487867997685,28.63281070554789,-17.449141861982994,-20.59447514430088,0.3582112405989344,0.256831793631585,0.8507944754353423,4.2977350468135445,-26.26994685845637,-17.26431895067272,-32.15471387041579,0.1084037450770144,0.1650163214375346,0.9005061297225714,4.4218660789793685,70.01644504798912,True,-0.3010339695097409,imu,-0.4773259344000001,-9.5231907288,2.7748308392,-3.55142478,22.07880522,-6.793699309999999,101.39756311509008,-38.83659743391801,136.2376991486922,393.2135246906328,-18.128822801478407,False,-0.880166953290666,0.4746642332586548,449.37393397431407,-40.88916707336816,6.624434738494935,200.20119299214417,False,inf
60.297944,-52316.41998482318,-224.71232262906648,451.3892442351112,-40.83364264523334,39.29414820990228,43.33108780012536,202.18483200896048,-2825538.37081182,14.644259820811024,43.37098707358156,2368190992.4509745,37.12571539656992,39.29414820990228,-2403007969739.338,29.50879162970733,-1.3329922907029084,146.72102830557392,90.96502045003987,-55104.58809896028,-64.3853024898265,144.51201250415684,202.18483200896048,-161198205784.2839,945.9635209349726,431.8161273763012,32.62618091226667,-1402059.8583250483,926074578134.3676,3.0000000000006146,-0.8579830000000594,-13603726.872292396,-10.12813979504013,393.269292968117,-18.077009615410304,0.0,-8.572347390735169e-20,0.0,8.470288557406082e-19,-309.2341927456528,0.9115074934487204,-309.2341927456528,0.0,-382.68055177120607,0.0,0.0,2810.8199999996723,-14.617700000000356,0.0,0.0,0.0,0.0,0.0,0.0,0.0,0.0,0.0,0.0,0.0,3785.5299999997296,-83.4881999999867,0.0,0.0,0.0,0.0,0.0,0.0,0.0,0.0,0.0,0.0,0.0,7388.629999999743,-42.01050000000947,0.0,0.0,0.0,0.0,0.0,0.0,0.0,0.0,0.0,999.0000000003384,999.0000000003384,1.0000000000000266,-65.58398675452585,gaze,0.4610292823880288,0.4274697269820525,776.9008800856225,55.11457272614904,-1109.4103347984203,-35.37486588956213,-17.891692218422733,-32.368303497508215,-0.0992145759570976,0.0787214881904633,0.960420825045732,4.298064229290787,28.320100430316767,-17.39188167143962,-20.655400499230208,0.3589070343069819,0.2589325370905437,0.8500487131876825,4.304679014431438,-26.59300764507988,-17.238367673882085,-32.1538726618144,0.1071700280627896,0.1642674061786743,0.9008628465148096,4.423158716092692,173.76458913881316,True,-0.4606850819259152,imu,-0.5197947832,-9.553098368800002,2.78141052,-3.28973293,22.22834342,-6.67406875,101.26800954095744,-38.82933608735549,136.2023564101102,393.269292968117,-18.077009615410304,False,-0.8629759356288594,0.5052450242461516,449.852028012196,-41.028515126630886,8.781548396622739,202.18483200896048,False,inf
60.30399,-52783.06080772763,-226.09423792737755,451.7272918261774,-40.89513757465244,39.51206414422774,43.63004758834761,203.60572476354932,-2851815.8447196484,14.746078337727043,43.67022203893895,2391412991.133482,37.34623104273586,39.51206414422774,-2426835277386.4834,29.63388884574677,-1.3421793814151788,147.26400812218174,91.47029188824588,-55595.58002038773,-64.80222627004748,145.04607344230718,203.60572476354932,-162795380943.45395,951.2069053677204,434.57165044191805,32.83051839043787,-1415066.1049605005,935250062204.7152,3.000000000000611,-0.8579830000000594,-13731523.063252091,-10.190422491259548,393.3092314092055,-18.039893357670024,0.0,-8.62767546480917e-20,0.0,8.524957915949017e-19,-311.0936153319464,0.917112772895916,-311.0936153319464,0.0,-384.9782061637863,0.0,0.0,2810.819999999676,-14.617700000000356,0.0,0.0,0.0,0.0,0.0,0.0,0.0,0.0,0.0,0.0,0.0,3785.5299999997214,-83.4881999999867,0.0,0.0,0.0,0.0,0.0,0.0,0.0,0.0,0.0,0.0,0.0,7388.629999999772,-42.01050000000959,0.0,0.0,0.0,0.0,0.0,0.0,0.0,0.0,0.0,999.000000000342,999.000000000342,1.0000000000000266,-65.91923590714252,gaze,0.4618392343946507,0.4283942713302267,969.1407628209888,148.5279095031707,-1437.8140991721866,-35.41219668975285,-17.885820881631975,-32.417913771798304,-0.0991351994880842,0.0777861431444615,0.960709344574488,4.299331398719357,28.09996404257876,-17.349875036297394,-20.70394146061182,0.3594086486954006,0.2604414393741476,0.8495116330556488,4.309713406018258,-26.619860603733827,-17.049279281441617,-31.21145425680162,-0.189675484363177,0.1310014253144865,0.905558520734584,4.303218762079875,235.12763363681148,False,-1.0,imu,-0.6086444562403988,-9.585292088921252,2.602943382167504,-4.242618211792326,22.18803215043462,-4.814304361750123,101.17943660063324,-38.82415319976699,136.1769758036645,393.3092314092055,-18.039893357670024,False,-0.8500063964277043,0.5267723664278419,450.1953804728281,-41.12806804814082,10.340955190471025,203.6057247635493,False,inf
60.306433,-52972.5555435218,-226.6544625719377,451.8642862488746,-40.920039864869466,39.60038316837041,43.75128685637846,204.1817838757949,-2862488.7817457914,14.78737539771952,43.79157290036871,2400847790.1795964,37.43560805726993,39.60038316837041,-2436516596361.4653,29.68454832244609,-1.3459050434129007,147.48384378352307,91.67506869423282,-55794.962280271706,-64.97126376858898,145.26229945010982,204.1817838757949,-163444329549.20285,953.3319358929916,435.6889539140472,32.9133738193173,-1420348.7809743313,938978154821.9752,3.000000000000629,-0.8579830000000577,-13783433.03556643,-10.21567345670455,393.32542120085327,-18.02484516939464,0.0,-8.650110992216944e-20,0.0,8.547126334284204e-19,-311.84740683160834,0.9193852935992596,-311.84740683160834,0.0,-385.9096442572503,0.0,0.0,2810.81999999968,-14.617700000000411,0.0,0.0,0.0,0.0,0.0,0.0,0.0,0.0,0.0,0.0,0.0,3785.529999999737,-83.4881999999867,0.0,0.0,0.0,0.0,0.0,0.0,0.0,0.0,0.0,0.0,0.0,7388.629999999772,-42.01050000000959,0.0,0.0,0.0,0.0,0.0,0.0,0.0,0.0,0.0,999.000000000342,999.000000000342,1.0000000000000284,-66.05509066110797,gaze,0.4621664845396931,0.4287682073883748,1041.2868526188793,191.7135580108389,-1551.259723256976,-35.4272307269441,-17.883426528723426,-32.43742363468979,-0.0991027372359923,0.0774065573397616,0.9608265714594686,4.299854058456643,28.01167140303864,-17.332619643369025,-20.724754068851944,0.3596127466914853,0.2610540911396263,0.8492932340935255,4.311768468157011,-29.07724143860356,-17.212731969446004,-32.05275690018777,0.1059468169252694,0.163520359585492,0.901218755957255,4.424531768943921,252.0369307533045,False,-0.6095844874932111,imu,-0.5168040192000001,-9.564463272,2.7670548528,-3.31964057,22.2881587,-6.509576729999999,101.14451779356088,-38.82205635750151,136.16667289040157,393.32542120085327,-18.02484516939464,False,-0.8445945273785852,0.5354064664552943,450.3347941952664,-41.168360339154994,10.97630069308776,204.1817838757949,False,inf
60.314922,-53635.24284246031,-228.6093863242152,452.3421131665464,-41.00681364343615,39.90847020119576,44.174543264121496,206.1921102621405,-2899822.901836276,14.931573308943822,44.2152188847667,2433863855.6791224,37.74740505632133,39.90847020119576,-2470397989771.8403,29.86108155202324,-1.3589114388828123,148.24968160412902,92.38938078137576,-56492.22286337275,-65.56120565779678,146.01556834087404,206.1921102621405,-165715421523.72516,960.744511492124,439.58882189233634,33.20257972939767,-1438827.7652033195,952025166425.4722,3.000000000000611,-0.8579830000000559,-13965032.538257264,-10.303795402555789,393.3819108356529,-17.972327966928106,0.0,-8.728426086402935e-20,0.0,8.624509037973367e-19,-314.4777303589064,0.9273160376716008,-314.4777303589064,0.0,-389.1598210339984,0.0,0.0,2810.8199999996614,-14.617700000000356,0.0,0.0,0.0,0.0,0.0,0.0,0.0,0.0,0.0,0.0,0.0,3785.529999999701,-83.48819999998625,0.0,0.0,0.0,0.0,0.0,0.0,0.0,0.0,0.0,0.0,0.0,7388.629999999728,-42.01050000000953,0.0,0.0,0.0,0.0,0.0,0.0,0.0,0.0,0.0,999.000000000342,999.000000000342,1.000000000000023,-66.52891739101352,gaze,0.4633033808759407,0.430069025006292,1261.0759956744998,361.6651924738945,-1849.638975523312,-35.479237411651674,-17.87500975611635,-32.502833547789784,-0.0989881954381476,0.0760803400198198,0.9612367525241684,4.301717448166648,27.708011347815663,-17.27143246946609,-20.802353516017384,0.3603281829746678,0.2631959303059312,0.8485282401169355,4.319002025389494,-33.09700797970727,-17.18741606729081,-31.854556563109547,0.1047342947415701,0.1627752892213271,0.9015737974352082,4.425984856527257,275.25612769717003,False,-0.7448258359408415,imu,-0.4892889904,-9.5656595776,2.754493644000001,-3.29720984,22.5872351,-6.352561619999999,101.02706247539504,-38.81475880468124,136.130668498818,393.3819108356529,-17.972327966928106,False,-0.8250234336480099,0.5650985170141996,450.82227347020495,-41.30863527523978,13.206463357374776,206.1921102621405,False,inf
60.31804,-53880.30196496844,-229.33064955863028,452.5183202825546,-41.03878035356439,40.022096904343485,44.33077573634779,206.9338714871984,-2913632.621171952,14.984809990576307,44.37159515549461,2446081417.502106,37.86240752501987,40.022096904343485,-2482936803971.0654,29.92611745745929,-1.3637122810023845,148.5317332804541,92.65282116755644,-56750.06523170685,-65.77889395572505,146.29299331976028,206.9338714871984,-166555901715.7271,963.4782692481105,441.028056428013,33.309312216616775,-1445663.092349691,956853571991.2816,3.0000000000006324,-0.8579830000000594,-14032212.205519613,-10.336310786855124,393.4027504505639,-17.952949582904466,0.0,-8.757330180973636e-20,0.0,8.653069011096207e-19,-315.44815773836785,0.9302423369752654,-315.44815773836785,0.0,-390.35892162324296,0.0,0.0,2810.81999999968,-14.617700000000411,0.0,0.0,0.0,0.0,0.0,0.0,0.0,0.0,0.0,0.0,0.0,3785.5299999997296,-83.48819999998659,0.0,0.0,0.0,0.0,0.0,0.0,0.0,0.0,0.0,0.0,0.0,7388.629999999772,-42.01050000000959,0.0,0.0,0.0,0.0,0.0,0.0,0.0,0.0,0.0,999.0000000003492,999.0000000003492,1.0000000000000302,-66.7036395708867,gaze,0.4637208276325101,0.4305473357756799,1328.1802844284166,430.1161848014615,-1920.1517448459929,-35.4982451529989,-17.871880957103063,-32.52593460747444,-0.0989454447845099,0.075590445749771,0.9613885024951762,4.302420174882356,27.59776208201072,-17.24849071530798,-20.832884342187693,0.3605933647267191,0.2639876143272018,0.8482449097718983,4.321694808713137,-34.65585961519241,-17.178198585242747,-31.75869282496389,0.1042916567270968,0.1625021431719798,0.901703973853968,4.426538593089527,273.65451325225774,False,-0.7906185744559764,imu,-0.608470389451108,-9.583858835864069,2.608732732370503,-3.765489565118313,21.54204062266106,-4.814545394829321,100.1356508,-38.05597640000003,135.908876,393.4027504505639,-17.952949582904466,False,-0.817536737125482,0.5758764480773813,451.0025152763415,-41.36025225457452,14.034018126855573,206.9338714871984,False,inf
60.323411,-54304.53071679469,-230.5771540356723,452.82273779099614,-41.093965218281255,40.21841751513561,44.60087300576837,208.21587301853123,-2937543.7056337595,15.076859490335394,44.64194102339916,2467242145.0927086,38.06111447644326,40.21841751513561,-2504655251469.2075,30.03839364406619,-1.372011951174311,149.01854882610266,93.1079754245769,-57196.421124502565,-66.15514719444108,146.77182623614306,208.21587301853123,-168011689292.87003,968.2014411629644,443.5158690540521,33.49380881441092,-1457498.2868720768,965216805435.374,3.0000000000006395,-0.8579830000000594,-14148540.295793474,-10.39250853078621,393.43876332253694,-17.919456507866386,0.0,-8.807295542066021e-20,0.0,8.702439503091613e-19,-317.1252456828849,0.9352999864943384,-317.1252456828849,0.0,-392.4311832417693,0.0,0.0,2810.8199999996723,-14.61770000000044,0.0,0.0,0.0,0.0,0.0,0.0,0.0,0.0,0.0,0.0,0.0,3785.529999999737,-83.4881999999867,0.0,0.0,0.0,0.0,0.0,0.0,0.0,0.0,0.0,0.0,0.0,7388.629999999772,-42.01050000000987,0.0,0.0,0.0,0.0,0.0,0.0,0.0,0.0,0.0,999.0000000003528,999.0000000003528,1.000000000000032,-67.00547932759804,gaze,0.4644396827503523,0.4313718519795728,1424.792515366654,552.653499294135,-1991.6443912083405,-35.53086422122693,-17.866444980764772,-32.56457329395683,-0.0988709463501388,0.0747431287132766,0.9616512539490056,4.303653561390154,27.40955183216909,-17.208399449967413,-20.88798202059957,0.3610531466476264,0.2653575255079212,0.8477539348474533,4.326378273946293,-37.063367675104125,-17.16242347042974,-31.5666061328062,0.1035326427091795,0.1620323020039629,0.9019279106298124,4.427517583674298,266.6262369339492,False,-0.8642450253811569,imu,-0.43366078,-9.5501076048,2.78141052,-3.28225602,22.7367733,-5.99366994,100.91559639112872,-38.80744398444138,136.0943631874906,393.43876332253694,-17.919456507866386,False,-0.8042653991195045,0.5942702817566636,451.31450459184873,-41.44927018164312,15.469618085442065,208.21587301853123,False,inf
60.324082,-54357.7164862067,-230.7332427408566,452.860847717483,-41.10087012900578,40.24299640174832,44.63470312501247,208.37641308028728,-2940541.8674263954,15.088389999882557,44.67580227975771,2469896015.859314,38.08599295278563,40.24299640174832,-2507379185445.0547,30.052442290673724,-1.373051488818173,149.07945215725778,93.16495882401222,-57252.38078033655,-66.20226552486847,146.83173115967696,208.37641308028728,-168194274060.51257,968.7927599832312,443.82743963644543,33.51691515229284,-1458982.2816875167,966265721456.853,3.000000000000618,-0.8579830000000594,-14163127.206748974,-10.39954602133384,393.4432726572586,-17.91526221245519,0.0,-8.813553383483714e-20,0.0,8.708622840964693e-19,-317.33525007125337,0.9359333421775778,-317.33525007125337,0.0,-392.69066951905006,0.0,0.0,2810.8199999996577,-14.617700000000356,0.0,0.0,0.0,0.0,0.0,0.0,0.0,0.0,0.0,0.0,0.0,3785.529999999701,-83.48819999998625,0.0,0.0,0.0,0.0,0.0,0.0,0.0,0.0,0.0,0.0,0.0,7388.629999999743,-42.0105000000097,0.0,0.0,0.0,0.0,0.0,0.0,0.0,0.0,0.0,999.0000000003456,999.0000000003456,1.0000000000000284,-67.04326544735603,gaze,0.4645294660973059,0.4314749079241381,1435.1114867928734,568.219269333081,-1996.1720265141928,-35.5349281535396,-17.865761771226893,-32.56929823804093,-0.0988615629931739,0.0746369707243168,0.9616841984287918,4.303809674855029,27.38619386212585,-17.20334078295254,-20.89508565140596,0.3611108507459392,0.2655292122816481,0.8476923400405808,4.326967360979024,-38.1868271447896,-16.395110530637687,-33.989492806643135,-0.2476299926224943,-0.0156665812639859,0.9679403730113424,4.525256156921387,265.61177119145407,False,-1.0,imu,-0.6083856114896273,-9.583244908113354,2.6112178937590147,-3.587690128218306,21.188707629808977,-4.816008173515723,100.90703927342966,-38.80686507561181,136.09148124730396,393.4432726572586,-17.91526221245519,False,-0.8025741232146681,0.5965524090523873,451.3536159852391,-41.46039969012288,15.649836754249668,208.3764130802873,False,inf
60.3319,-54980.46824321554,-232.55782603711543,453.30617296483433,-41.18149582948223,40.53023334072207,45.03029211737599,210.25313417681105,-2975654.1830050945,15.223239898728352,45.07175536657792,2500985630.734941,38.37674442116155,40.53023334072207,-2539291500108.184,30.216486928092195,-1.3852070558562244,149.790452509216,93.83087139066905,-57907.60859324729,-66.75310747314184,147.53108019724763,210.25313417681105,-170333341589.05096,975.7029188903329,447.47023359690377,33.7870712790414,-1476361.8294549314,978554270933.3744,3.0000000000006253,-0.8579830000000594,-14333971.30170252,-10.481815748921091,393.4959801146952,-17.866229288419163,0.0,-8.886722237720036e-20,0.0,8.780920573881984e-19,-319.7900354195366,0.9433374017359992,-319.7900354195366,0.0,-395.7238323397981,0.0,0.0,2810.8199999996577,-14.617700000000356,0.0,0.0,0.0,0.0,0.0,0.0,0.0,0.0,0.0,0.0,0.0,3785.529999999701,-83.48819999998614,0.0,0.0,0.0,0.0,0.0,0.0,0.0,0.0,0.0,0.0,0.0,7388.629999999728,-42.0105000000097,0.0,0.0,0.0,0.0,0.0,0.0,0.0,0.0,0.0,999.0000000003492,999.0000000003492,1.0000000000000266,-67.48478889239904,gaze,0.4655751009980222,0.4326763596518261,1525.6542509078645,749.7883766481847,-1979.375733894634,-35.58208997305537,-17.857735311419894,-32.62268959558721,-0.0987509855976619,0.0733952173014428,0.9620699606903546,4.305661550410117,27.116670832314327,-17.143602266186264,-20.98139068841408,0.3617874394986235,0.2675383441503178,0.8469705234660223,4.333895772471508,-39.38022290710537,-17.137756979844166,-31.20085847712967,0.1023420401312017,0.1612915041969912,0.902281035524993,4.429129541210988,260.5767151589408,False,-0.9663874210166472,imu,-0.3367600264,-9.513620284000002,2.793373576,-3.37197894,22.45265072,-5.74693191,100.81005184003696,-38.8001124475948,136.05777694118308,393.4959801146952,-17.866229288419163,False,-0.7823252888120067,0.6228700847570146,451.81152397692256,-41.59019303149661,17.763150961048314,210.25313417681107,False,inf
60.340389,-55663.10474054115,-234.55146284064224,453.7924315705068,-41.26940671985079,40.843925932295,45.46281668873022,212.30395595038505,-3014157.339169264,15.370720511974922,45.504678018389,2535097301.135865,38.69430301483155,40.843925932295,-2574309871546.4976,30.395363737509808,-1.3984972300067997,150.565399714271,94.5580875002838,-58625.83705316122,-67.35510564623009,148.2933372871264,212.30395595038505,-172680588295.2313,983.249139214035,451.45205417414655,34.0823773608047,-1495419.8840599908,992038768610.4854,3.0000000000006253,-0.8579830000000559,-14521340.627814136,-10.571719973833163,393.5535626685423,-17.812644801147485,0.0,-8.966709061635795e-20,0.0,8.85995510422833e-19,-322.4721824459101,0.9514285459063504,-322.4721824459101,0.0,-399.0378701067247,0.0,0.0,2810.8199999996395,-14.61770000000027,0.0,0.0,0.0,0.0,0.0,0.0,0.0,0.0,0.0,0.0,0.0,3785.529999999693,-83.48819999998568,0.0,0.0,0.0,0.0,0.0,0.0,0.0,0.0,0.0,0.0,0.0,7388.629999999684,-42.01050000000953,0.0,0.0,0.0,0.0,0.0,0.0,0.0,0.0,0.0,999.0000000003474,999.0000000003474,1.000000000000023,-67.96685854519333,gaze,0.4667093459882634,0.4339822186248621,1561.123362611782,936.8426603498966,-1827.13541186178,-35.63289403007739,-17.848883884698683,-32.67723544097673,-0.0986283086558186,0.0720369010110099,0.9624927569743672,4.307740557036666,26.82969529843877,-17.07712475304797,-21.082300960139307,0.3625308616413712,0.2697378502189749,0.8461782127109192,4.341553050844398,-39.26443785540605,-17.113418719364947,-30.774219944798453,0.1011626644016128,0.1605530014011815,0.9026331124143928,4.430820306114561,263.9985772403014,False,-1.0504466006185935,imu,-0.260196468,-9.5160128952,2.825075674400001,-3.28973293,21.74982118,-5.68711663,100.7103419084342,-38.79276474026527,136.0209297670448,393.5535626685423,-17.812644801147485,False,-0.7592101677186358,0.6508455432993614,452.3133655560599,-41.73132957586484,20.084247155067374,212.30395595038505,False,inf
60.344063,-55960.63615717953,-235.41833468069825,454.0037607125323,-41.30757236725572,40.980274616002106,45.65097824204136,213.19576234327133,-3030943.837768197,15.434892070417556,45.69301274599625,2549975586.5015016,38.832340939567935,40.980274616002106,-2589584931730.7305,30.47302431703145,-1.404278752919816,150.90173871661617,94.8741674942734,-58938.87917374659,-67.6169044673968,148.6241715428377,213.19576234327133,-173704454490.2021,986.529030160768,453.1839155359567,34.21082068135583,-1503728.8078068094,997920689374.8374,3.0000000000006395,-0.8579830000000577,-14603037.996593537,-10.610815946744546,393.5785979045541,-17.789342530509288,0.0,-9.001501387772229e-20,0.0,8.894333205777955e-19,-323.6384058782233,0.9549470807741248,-323.6384058782233,0.0,-400.4788276423972,0.0,0.0,2810.8199999996505,-14.617700000000385,0.0,0.0,0.0,0.0,0.0,0.0,0.0,0.0,0.0,0.0,0.0,3785.529999999693,-83.48819999998557,0.0,0.0,0.0,0.0,0.0,0.0,0.0,0.0,0.0,0.0,0.0,7388.629999999714,-42.0105000000097,0.0,0.0,0.0,0.0,0.0,0.0,0.0,0.0,0.0,999.0000000003512,999.0000000003512,1.0000000000000266,-68.17635498115618,gaze,0.467199805296743,0.4345477243637069,1556.390797525318,1010.5414734970144,-1723.5411458653275,-35.65474597334632,-17.845009870222302,-32.69975019675099,-0.0985743713093208,0.0714458764323114,0.9626769799686636,4.308662142774152,26.70739630986266,-17.047854100150968,-21.128224380053727,0.3628553912679118,0.2706954449019056,0.845832597302049,4.344910049046998,-38.14078114908548,-16.43671284904751,-34.19291220433426,-0.2217777770677842,-0.0442884754197134,0.9740909344326484,4.51037073135376,265.61177119145407,False,-1.0,imu,-0.6080624404649091,-9.581225672189843,2.6194146159652734,-3.122468854372193,19.672737718778013,-4.826299870659718,100.6689712039023,-38.7895798090561,136.00490661192632,393.5785979045541,-17.789342530509288,False,-0.7488439997794148,0.6627463043988762,452.53206337906187,-41.79245994046837,21.09660092628808,213.1957623432713,False,inf
60.348878,-56352.48977031015,-236.55812513989952,454.2815265303343,-41.357699134934535,41.15950356803516,45.89846286343187,214.36840073447163,-3053056.1947397,15.519307328980934,45.94072513677868,2569580161.085001,39.01379840266089,41.15950356803516,-2609713518892.207,30.575026409620413,-1.4118829522159495,151.3433975030677,95.28964262792564,-59351.15854238786,-67.96116092383004,149.0586045702956,214.36840073447163,-175053640448.08173,990.8402972296276,455.4614698953016,34.37973733009759,-1514673.949448688,1005671510785.1595,3.0000000000006324,-0.8579830000000559,-14710663.424463794,-10.662224131757146,393.6115124436756,-17.758701534960665,0.0,-9.047258911857112e-20,0.0,8.939545957671146e-19,-325.1717699005113,0.95957368235771,-325.1717699005113,0.0,-402.3733986410835,0.0,0.0,2810.819999999647,-14.617700000000356,0.0,0.0,0.0,0.0,0.0,0.0,0.0,0.0,0.0,0.0,0.0,3785.529999999693,-83.48819999998557,0.0,0.0,0.0,0.0,0.0,0.0,0.0,0.0,0.0,0.0,0.0,7388.629999999699,-42.0105000000097,0.0,0.0,0.0,0.0,0.0,0.0,0.0,0.0,0.0,999.0000000003528,999.0000000003528,1.0000000000000249,-68.45170078405478,gaze,0.4678421276773112,0.4352890988170503,1532.4570198968927,1097.4891864896988,-1558.6276588140306,-35.68325630650015,-17.839893864361663,-32.72826968497259,-0.0985029108594034,0.0706684763607586,0.9629195263195476,4.309889712820642,26.54890371997935,-17.009052671625483,-21.19040702023656,0.3632832115433168,0.2719555043757559,0.845377210843685,4.349348610587845,-36.622994945316,-17.089410160553868,-30.308473684349764,0.099994690990516,0.1598168985458519,0.9029840819083096,4.432589441670494,265.718629537477,False,-1.116202716804265,imu,-0.167482784,-9.532163020800002,2.8394313416,-2.9682258,20.93483799,-5.58243989,100.61636176210712,-38.78540140393211,135.98384168436425,393.6115124436756,-17.758701534960665,False,-0.7349293790272129,0.6781436483833458,452.8200606243094,-41.872603403247375,22.429885952713,214.3684007344717,False,inf
60.357367,-57048.67313738001,-238.5778738103584,454.7734708065736,-41.44637432302102,41.47697454999985,46.337246838986125,216.44653110637057,-3092353.7857619524,15.669006369742528,46.37991293364303,2604437231.675672,39.33523875073482,41.47697454999985,-2645505612551.233,30.755477285621225,-1.4253647025876095,152.12445293837936,96.02555570205222,-60083.62535428725,-68.57129257394622,149.8268891128258,216.44653110637057,-177452710241.15564,998.4765885892432,459.49862032690856,34.67916149025048,-1534125.5320554636,1019453716421.54,3.0000000000006537,-0.8579830000000612,-14901954.9206976,-10.753331158305024,393.6698309029043,-17.70439797511105,0.0,-9.128374696217476e-20,0.0,9.019696007424046e-19,-327.8888811837271,0.9677730752863192,-327.8888811837271,0.0,-405.7305203618194,0.0,0.0,2810.819999999665,-14.61770000000044,0.0,0.0,0.0,0.0,0.0,0.0,0.0,0.0,0.0,0.0,0.0,3785.529999999708,-83.48819999998602,0.0,0.0,0.0,0.0,0.0,0.0,0.0,0.0,0.0,0.0,0.0,7388.629999999757,-42.0105000000101,0.0,0.0,0.0,0.0,0.0,0.0,0.0,0.0,0.0,999.0000000003602,999.0000000003602,1.0000000000000302,-68.93932814541579,gaze,0.4689731556610376,0.4365966695216925,1444.2580892901574,1216.537854075461,-1204.1577146058626,-35.73315727350939,-17.830768440590646,-32.77585664962583,-0.0983747874131883,0.0692902411082554,0.963350151559331,4.312108139267186,26.27452869089784,-16.939473481674174,-21.30537820587101,0.3640442860539326,0.2741907640534243,0.8445677276150503,4.35728092527688,-31.552306068797336,-17.06573214758479,-29.82983319741108,0.0988382934293868,0.1590832998802328,0.9033338849406352,4.434436497629464,263.7818515879834,False,-1.163960859314726,imu,-0.116639796,-9.5710429528,2.8406276472,-2.72896468,19.63385565,-5.739455,100.527989938747,-38.77802297547491,135.94653271432182,393.6698309029043,-17.70439797511105,False,-0.7094946206169503,0.7047108508570091,453.3316376905347,-42.01393600732818,24.796836161436257,216.44653110637057,False,inf
60.364154,-57610.19940847005,-240.202128212622,455.1688412365884,-41.517546790853146,41.73216184428768,46.69032503389487,218.11789417816843,-3124061.2968029976,15.789495678018834,46.73331606553277,2632576871.783068,39.59363660974414,41.73216184428768,-2674403149899.038,30.90031728094378,-1.43621283445846,152.75111513420137,96.617069722328,-60674.41171414183,-69.06204136462298,150.44331186272885,218.11789417816843,-179389638267.93967,1004.6144422383356,462.7463883966264,34.92004450337312,-1549820.2758428538,1030581002169.4956,3.0000000000006466,-0.8579830000000577,-15056319.945688728,-10.826607357955888,393.7167230162204,-17.660721795447216,0.0,-9.193636257903364e-20,0.0,9.0841805890107e-19,-330.0738879379761,0.9743677405767438,-330.0738879379761,0.0,-408.4301589407586,0.0,0.0,2810.819999999647,-14.617700000000326,0.0,0.0,0.0,0.0,0.0,0.0,0.0,0.0,0.0,0.0,0.0,3785.529999999693,-83.48819999998557,0.0,0.0,0.0,0.0,0.0,0.0,0.0,0.0,0.0,0.0,0.0,7388.629999999714,-42.01050000000993,0.0,0.0,0.0,0.0,0.0,0.0,0.0,0.0,0.0,999.000000000362,999.000000000362,1.0000000000000266,-69.3312007141588,gaze,0.4698759617825267,0.4376423535193356,1335.8655415588544,1273.0795445428637,-881.7577157504334,-35.772708761410286,-17.8233773709641,-32.81146927284137,-0.0982703880356581,0.0681814781106016,0.9636971333857262,4.313931017180179,26.05990864770633,-16.88282005959538,-21.402000410351583,0.3646589078370623,0.275990164320617,0.8439145821346472,4.3637201858405055,-25.81715460822306,-17.04703941440174,-29.457369033902296,0.0979221899285711,0.1584986548493475,0.9036126757570476,4.435968970355434,265.61177119145407,False,-1.0,imu,-0.6076706736981882,-9.579213567525668,2.627618139374297,-2.833976046303517,17.628963210363146,-4.844415881927597,100.46127924180304,-38.772113384112544,135.9165585351167,393.7167230162204,-17.660721795447216,False,-0.6883386814293436,0.7253894537750827,453.7441754040799,-42.12692045756582,26.70224997246811,218.11789417816843,False,inf
60.365855,-57751.62166843172,-240.61052965871824,455.2682189444304,-41.53542302134287,41.796309469891725,46.7791326204152,218.53816259128087,-3132048.463403344,15.819805843081491,46.822205380359065,2639667377.426638,39.65859403509572,41.796309469891725,-2681685054659.123,30.93669731380609,-1.4389413575269292,152.90848053418551,96.765758240833,-60823.20247994675,-69.18544732489791,150.59810694411703,218.53816259128087,-179877723775.57553,1006.1573019338772,463.5631649881448,34.98062453859858,-1553773.8193934364,1033384960936.6182,3.0000000000006537,-0.8579830000000577,-15095207.539269095,-10.845033158959096,393.7285125768867,-17.64973906411325,0.0,-9.210049676329914e-20,0.0,9.10039859532453e-19,-330.6232767694504,0.9760260142052276,-330.6232767694504,0.0,-409.10893870394005,0.0,0.0,2810.819999999647,-14.617700000000385,0.0,0.0,0.0,0.0,0.0,0.0,0.0,0.0,0.0,0.0,0.0,3785.529999999701,-83.48819999998545,0.0,0.0,0.0,0.0,0.0,0.0,0.0,0.0,0.0,0.0,0.0,7388.629999999728,-42.01050000001004,0.0,0.0,0.0,0.0,0.0,0.0,0.0,0.0,0.0,999.0000000003602,999.0000000003602,1.0000000000000266,-69.42969526703475,gaze,0.470102006365768,0.4379044453837396,1304.0450369980033,1281.1686824127978,-797.8805401620646,-35.782572172260664,-17.821511927466524,-32.82006071310523,-0.0982439489777545,0.0679026582208633,0.9637844634813768,4.31439467467227,26.00679062279081,-16.868484557613556,-21.42684673612458,0.3648137892814869,0.2764428172452038,0.8437500710405317,4.365347482697207,-24.15664499809904,-17.04238765294345,-29.36742825670194,0.0976937774370351,0.1583523949175848,0.9036824217879432,4.436360779114563,266.9745039160028,False,-1.19448679338548,imu,-0.1010878232,-9.5991561344,2.8555814672,-2.73644159,18.30296567,-5.76936264,100.4450990895553,-38.77063085894528,135.90902729942945,393.7285125768867,-17.64973906411325,False,-0.6829232164864755,0.7304901644675076,453.8480611944794,-42.15523022140932,27.18137011465605,218.5381625912809,False,inf
60.374344,-58461.55128527687,-242.656632866976,455.7659005608648,-41.624867465809416,42.11759192065391,47.224240631805024,220.64385096959452,-3172152.647518516,15.971747343076988,47.26772301131437,2675281953.0354624,39.98394865400563,42.11759192065391,-2718263574888.5063,31.118731543226843,-1.452616599148439,153.69567209230468,97.51044369051318,-61570.11698399062,-69.80378927008864,151.37244685212875,220.64385096959452,-182329466945.1012,1013.8844437934064,467.656202063446,35.28420787623309,-1573624.9628142072,1047469759093.044,3.000000000000661,-0.8579830000000648,-15290482.201230371,-10.937354695284844,393.7875727616765,-17.594710400944507,0.0,-9.292306024178842e-20,0.0,9.18167562938526e-19,-333.3756848715701,0.9843347095896132,-333.3756848715701,0.0,-412.5095527643332,0.0,0.0,2810.8199999996577,-14.61770000000044,0.0,0.0,0.0,0.0,0.0,0.0,0.0,0.0,0.0,0.0,0.0,3785.529999999701,-83.48819999998557,0.0,0.0,0.0,0.0,0.0,0.0,0.0,0.0,0.0,0.0,0.0,7388.629999999757,-42.010500000010325,0.0,0.0,0.0,0.0,0.0,0.0,0.0,0.0,0.0,999.0000000003674,999.0000000003674,1.0000000000000302,-69.92293030461275,gaze,0.4712286548407771,0.4392124028010291,1121.7300478608472,1282.192752920496,-374.8018106205745,-35.831494250277096,-17.812125384445327,-32.86096634195742,-0.0981103597001498,0.0665057007926548,0.9642224459638908,4.3167489599479385,25.745774915965203,-16.796159338363932,-21.554468139276047,0.3655916962602578,0.2787116459083397,0.8429242610643023,4.3735486026071735,-14.66170909057614,-17.019370840150266,-28.950539828341405,0.0965610429283113,0.1576241142902436,0.904029716182445,4.438362262737494,273.9150535267379,False,-1.2089576265924824,imu,-0.1034804344,-9.5961653704,2.8573759256,-2.91588743,16.64309165,-5.82170101,100.36751885760968,-38.7632238403254,135.87133659467068,393.7875727616765,-17.594710400944507,False,-0.6552255321589352,0.755433320688888,454.3694752993425,-42.29643688811991,29.580385924875657,220.64385096959455,False,inf
60.382939,-59187.42574220563,-244.74180517921977,456.27273942556985,-41.71582258996057,42.4448406561856,47.67815331584547,222.7899681736301,-3213173.2242871523,16.126737794854883,47.72205340580375,2711731834.241404,40.315372555969454,42.4448406561856,-2755704403768.2163,31.30384900583863,-1.4665619130088516,154.4958298892388,98.2689260132987,-62333.79934994418,-70.43406466245239,152.15955139055717,222.7899681736301,-184838987944.6716,1021.7546569590623,471.829034164337,35.59371673283884,-1593929.8723219652,1061886476757.7568,3.000000000000661,-0.8579830000000577,-15490248.029266996,-11.03145227694194,393.8477505310484,-17.538622880261016,0.0,-9.376175024265e-20,0.0,9.264546116012677e-19,-336.18057187664374,0.9928032442628938,-336.18057187664374,0.0,-415.97494417315386,0.0,0.0,2810.8199999996395,-14.617700000000326,0.0,0.0,0.0,0.0,0.0,0.0,0.0,0.0,0.0,0.0,0.0,3785.529999999686,-83.48819999998523,0.0,0.0,0.0,0.0,0.0,0.0,0.0,0.0,0.0,0.0,0.0,7388.629999999728,-42.01050000001021,0.0,0.0,0.0,0.0,0.0,0.0,0.0,0.0,0.0,999.0000000003638,999.0000000003638,1.0000000000000302,-70.42520035287441,gaze,0.4723666943373487,0.4405363804754921,906.4830230733858,1213.976330096758,36.57260565525671,-35.88050092311961,-17.802493602147095,-32.89909691521269,-0.0979723100452608,0.0650822231360123,0.964669463278659,4.31920046804748,25.48849403452649,-16.721671316854753,-21.68953771342761,0.3663875740913286,0.2810250621389225,0.8420801492572578,4.3819866160852445,-3.4283541654529746,-16.996402378190098,-28.602525538682844,0.095426476888731,0.1568896058986582,0.904379980033428,4.44046666496798,268.0851897776345,False,-1.2087931792698554,imu,-0.077759864,-9.5776226336,2.8543851616,-3.07290254,15.15518656,-5.69459354,100.2942232769156,-38.75571057156821,135.8330113963113,393.8477505310484,-17.538622880261016,False,-0.6260573010999039,0.7797770551507042,454.9024426181927,-42.439214364652535,32.019850898337,222.7899681736301,False,inf
60.384135,-59288.99924714242,-245.0330400867722,456.3435018433902,-41.728510535476346,42.490533895618405,47.74157544739735,223.0897328038729,-3218914.590718031,16.148397021806698,47.78553390023043,2716835188.827365,40.36165092290479,42.490533895618405,-2760946851873.487,31.329672975690283,-1.4685103611607355,154.60742294745518,98.3748291746384,-62440.66280373433,-70.52210497167657,152.26932479913765,223.0897328038729,-185190368355.33893,1022.8535289611632,472.41198247482606,35.63695594873942,-1596771.8230434377,1063905089690.8932,3.000000000000689,-0.8579830000000648,-15518210.1930094,-11.044595894916572,393.8561547075542,-17.530788530278926,0.0,-9.387892319295641e-20,0.0,9.276123909237457e-19,-336.5723229702004,0.9939861352756224,-336.5723229702004,0.0,-416.45894131819136,0.0,0.0,2810.819999999647,-14.617700000000385,0.0,0.0,0.0,0.0,0.0,0.0,0.0,0.0,0.0,0.0,0.0,3785.529999999708,-83.48819999998568,0.0,0.0,0.0,0.0,0.0,0.0,0.0,0.0,0.0,0.0,0.0,7388.629999999743,-42.01050000001044,0.0,0.0,0.0,0.0,0.0,0.0,0.0,0.0,0.0,999.0000000003712,999.0000000003712,1.0000000000000338,-70.49532167127586,gaze,0.4725248228074011,0.4407205685887926,874.8580212922247,1198.9783576069838,90.7095043935691,-35.88727725139262,-17.801143314351066,-32.90414551920635,-0.0979528773600312,0.0648834390191634,0.964731943436192,4.31954695267934,25.45325576235369,-16.711211156311855,-21.708776121462623,0.3664989673431009,0.2813482397430491,0.8419620658756067,4.38317140156409,-1.7842388817577084,-16.993233001011546,-28.56137276960502,0.0952695928642394,0.1567876330561114,0.9044286070872054,4.440765679310068,265.61177119145407,False,-1.0,imu,-0.6072139273651529,-9.577232116094708,2.635732659181466,-2.6886796799706074,15.173040589383811,-4.869251883172161,100.2844330175642,-38.75466402812622,135.82766651442498,393.8561547075542,-17.530788530278926,False,-0.6219100704841761,0.7830886694559991,454.9770084717722,-42.45906160509711,32.35990398522719,223.0897328038729,False,inf
60.391428,-59911.392295828206,-246.8146770202548,456.7762473626945,-41.80604621231981,42.769992407402896,48.12969127332276,224.92364311232643,-3254101.5311250687,16.280960449458057,48.17400687630043,2748121085.4339705,40.64469933968831,42.769992407402896,-2793087318391.285,31.487486067681736,-1.480433822188302,155.28922477036315,99.02251620609783,-63095.4668462261,-71.0607471464159,152.9400133756686,224.92364311232643,-187344607298.08728,1029.574018616705,475.9788791670324,35.90152746135575,-1614189.2705130326,1076280777100.0225,3.000000000000682,-0.857983000000063,-15689593.407294745,-11.125007944070694,393.9075630610996,-17.482858383599876,0.0,-9.459590983456136e-20,0.0,9.34696895545668e-19,-338.968839169824,1.0012230079376945,-338.968839169824,0.0,-419.4197420968423,0.0,0.0,2810.819999999636,-14.617700000000385,0.0,0.0,0.0,0.0,0.0,0.0,0.0,0.0,0.0,0.0,0.0,3785.529999999693,-83.48819999998545,0.0,0.0,0.0,0.0,0.0,0.0,0.0,0.0,0.0,0.0,0.0,7388.629999999728,-42.01050000001027,0.0,0.0,0.0,0.0,0.0,0.0,0.0,0.0,0.0,999.0000000003728,999.0000000003728,1.000000000000032,-70.92412949140513,gaze,0.473487760180495,0.4418433857362343,677.254039064736,1079.991899735799,397.1362329443881,-35.92836599649311,-17.79285747642231,-32.93359500013473,-0.0978331998099565,0.0636676413817442,0.9651143685855476,4.321687805130956,25.241369175264563,-16.646950720842216,-21.828313618301102,0.367181580515002,0.2833254440247432,0.8412387736835144,4.390451743943602,8.31649531261957,-16.974047361235613,-28.35417740353375,0.0943182313054335,0.1561670892582329,0.9047245156046656,4.442621571522568,246.5226291819004,False,-1.1958060782611062,imu,-0.1010878232,-9.5507057576,2.864553759200001,-3.18505619,13.54765091,-5.545055339999999,100.22684327817365,-38.74827689554199,135.7950171485113,393.9075630610996,-17.482858383599876,False,-0.5961600524015801,0.802865612615552,455.4338332362292,-42.57995403180889,34.43544073934164,224.92364311232643,False,inf
60.399917,-60642.41051432592,-248.90094311171023,457.28267019187024,-41.89665890594341,43.09707947876703,48.58444903480171,227.0713200518974,-3295444.0251169205,16.43632582130337,48.62918310123952,2784899937.321295,40.97601233048192,43.09707947876703,-2830874832882.291,31.671923127120326,-1.494404188881491,156.0857127128001,99.7805600373987,-63864.545646320985,-71.69160345630154,153.7235280602838,227.0713200518974,-189877325427.37424,1037.4395027126932,480.1571653510493,36.21145452284342,-1634653.8530334951,1090830751578.9722,3.000000000000661,-0.8579830000000594,-15890985.01169362,-11.219181336006129,393.9677516557076,-17.426725945587236,0.0,-9.543587599998909e-20,0.0,9.429965539132798e-19,-341.7750522853888,1.0096983651014484,-341.7750522853888,0.0,-422.8866514137518,0.0,0.0,2810.8199999996214,-14.617700000000298,0.0,0.0,0.0,0.0,0.0,0.0,0.0,0.0,0.0,0.0,0.0,3785.529999999672,-83.48819999998489,0.0,0.0,0.0,0.0,0.0,0.0,0.0,0.0,0.0,0.0,0.0,7388.629999999684,-42.01050000001021,0.0,0.0,0.0,0.0,0.0,0.0,0.0,0.0,0.0,999.0000000003693,999.0000000003693,1.0000000000000266,-71.42590716969268,gaze,0.4746056131320273,0.4431494165223728,446.1518148315453,888.9752358304368,690.9441141793538,-35.97568046861566,-17.783102310314103,-32.965036526517835,-0.0976913382924983,0.0622447582851231,0.965562532977456,4.324239865688611,25.00122550599634,-16.57117898125093,-21.97200768757534,0.367983269898383,0.2856406665695532,0.8403899893357175,4.399045569007994,19.172832523896545,-16.952018544234676,-28.21491883986925,0.0932224016450777,0.1554475887915126,0.9050675937734416,4.4448519432483415,243.3234960937093,False,-1.1720890893646507,imu,-0.1489400472,-9.517807353600002,2.895059552,-3.22244074,12.06722273,-5.305794219999999,100.16425775542432,-38.74083075069528,135.75690203450088,393.9677516557076,-17.426725945587236,False,-0.5652054795104818,0.8249501596650104,455.9702014304981,-42.72033041232343,36.85284700016508,227.0713200518974,False,inf
60.404227,-61016.27545414059,-249.96531992197453,457.5409089829582,-41.94281372818716,43.26389021167977,48.816574416486,228.16710928295,-3316593.794329524,16.51564662190212,48.861522077421,2803723259.552957,41.14498805727367,43.26389021167977,-2850216059655.696,31.765871700749525,-1.5015350063827968,156.49128839653068,100.16714168767687,-64257.8730163468,-72.01350300283886,154.12250156901882,228.16710928295,-191173668637.2361,1041.4506506069629,482.2894788026368,36.36962278578269,-1645123.0762608442,1098277990725.11,3.000000000000689,-0.857983000000063,-15994022.931053285,-11.267232049850987,393.9984547713675,-17.398085296636793,0.0,-9.586457207988493e-20,0.0,9.472324757304437e-19,-343.2067070762997,1.0140228027076237,-343.2067070762997,0.0,-424.6553526994359,0.0,0.0,2810.819999999643,-14.61770000000044,0.0,0.0,0.0,0.0,0.0,0.0,0.0,0.0,0.0,0.0,0.0,3785.529999999701,-83.488199999985,0.0,0.0,0.0,0.0,0.0,0.0,0.0,0.0,0.0,0.0,0.0,7388.629999999743,-42.010500000010495,0.0,0.0,0.0,0.0,0.0,0.0,0.0,0.0,0.0,999.0000000003764,999.0000000003764,1.0000000000000338,-71.68176200866893,gaze,0.3227009179277142,-0.2385781482749571,332.9699844324066,775.5179242974958,810.5982578037607,-35.99948687510336,-17.778104961270227,-32.979858296643584,-0.0976182581953328,0.0615192579097692,0.9657912819203966,4.325560061346749,23.50306264556435,-15.31942941035988,-24.67106219071896,0.2598024170267274,0.663920572777215,0.7012219171918727,4.572754383087158,23.50306264556435,-15.31942941035988,-24.67106219071896,0.2598024170267274,0.663920572777215,0.7012219171918727,4.572754383087158,265.61177119145407,False,-1.0,imu,-0.6066864882313295,-9.575260881672827,2.6438419594533737,-2.628849831921229,12.43269114469431,-4.900141306971183,100.13425534082646,-38.73704561580908,135.7375104680315,393.9984547713675,-17.398085296636793,False,-0.5916763501800358,0.8061755991331117,456.24443210983696,-42.79143420723649,35.15654407219488,228.16710928295,False,inf
60.408406,-61380.53167799526,-251.00066542775184,457.7920211168002,-41.987661935653534,43.42611031659604,49.04244312370491,229.23306266974805,-3337203.835921049,16.59284005794186,49.08759861870878,2822071509.95018,41.30931982044884,43.42611031659604,-2869070222644.894,31.85716254881173,-1.508473502343067,156.88530078453024,100.54307676162892,-64641.08959115903,-72.32665320986105,154.51010251921096,229.23306266974805,-192437361548.2982,1045.3513082618076,484.3640350459848,36.52350841970405,-1655325.1728630103,1105537659497.6924,3.000000000000668,-0.857983000000063,-16094438.549040008,-11.313975445048932,394.0283177969859,-17.370224029418978,0.0,-9.6281678409259e-20,0.0,9.51353879874892e-19,-344.59929620678673,1.0182295850521994,-344.59929620678673,0.0,-426.3757764796603,0.0,0.0,2810.8199999996177,-14.617700000000326,0.0,0.0,0.0,0.0,0.0,0.0,0.0,0.0,0.0,0.0,0.0,3785.529999999679,-83.48819999998454,0.0,0.0,0.0,0.0,0.0,0.0,0.0,0.0,0.0,0.0,0.0,7388.629999999714,-42.010500000010325,0.0,0.0,0.0,0.0,0.0,0.0,0.0,0.0,0.0,999.0000000003728,999.0000000003728,1.0000000000000266,-71.93054615602283,gaze,0.4757199617322456,0.4444541395993557,228.4224032119924,658.6481532250042,907.04394841033,-36.022428279839694,-17.77323143763449,-32.9935102688141,-0.0975467201327511,0.0608138779282947,0.9660138356448524,4.3268557153290175,24.76807375741604,-16.494448975879724,-22.120190648487,0.3687924299593638,0.2879701697916613,0.839534014199943,4.407766405431478,26.870690376299645,-16.930313523784505,-28.188585971682063,0.0921391494725333,0.1547312044768447,0.9054091575654436,4.447157251828229,309.12618279710495,False,-1.1398040655324289,imu,-0.1626975616,-9.5040498392,2.895657704800001,-3.28973293,10.84100949,-4.93942563,100.10627251721256,-38.73337264719455,135.71868587082915,394.0283177969859,-17.370224029418978,False,-0.5332209106508944,0.845976040112621,456.5115557687255,-42.86025433327112,39.26750506160786,229.23306266974805,False,inf
60.416894,-62125.71909814164,-253.11365638892423,458.3042528600354,-42.07904577967804,43.7570542863733,49.50363559107643,231.4086776758604,-3379379.115204453,16.750490686638138,49.54921544429219,2859634491.1190705,41.64459050506442,43.7570542863733,-2907672208534.3057,32.043184737927675,-1.522640578410383,157.68790131392416,101.30999506911152,-65425.05997403794,-72.96584052956608,155.2996506283672,231.4086776758604,-195024629610.1837,1053.3086946063463,488.5991303950656,36.83766254976279,-1676202.3188540796,1120401006463.3174,3.000000000000682,-0.8579830000000612,-16299945.471585192,-11.409381995956922,394.0892557685793,-17.31335781612364,0.0,-9.71332461589739e-20,0.0,9.597681728380037e-19,-347.4413202833479,1.0268159230388494,-347.4413202833479,0.0,-429.8868070090689,0.0,0.0,2810.8199999996177,-14.617700000000326,0.0,0.0,0.0,0.0,0.0,0.0,0.0,0.0,0.0,0.0,0.0,3785.529999999686,-83.48819999998454,0.0,0.0,0.0,0.0,0.0,0.0,0.0,0.0,0.0,0.0,0.0,7388.629999999684,-42.010500000010325,0.0,0.0,0.0,0.0,0.0,0.0,0.0,0.0,0.0,999.0000000003783,999.0000000003783,1.0000000000000284,-72.43799930289111,gaze,0.4768303839431046,0.4457570681241704,39.358287310488095,415.9692323566254,1047.0123977982912,-36.06858856412627,-17.763249396055542,-33.01910481868007,-0.0973993574368826,0.0593754751626394,0.9664681015599303,4.32953409189965,24.541922987623742,-16.41686287414117,-22.27240711878091,0.369608750403742,0.290313114329557,0.8386711695691638,4.416611492901758,28.45671254466941,-16.90893194382944,-28.26640712491352,0.091068759660463,0.1540181193696697,0.9057491104223458,4.449536671823101,469.8048300481109,False,-1.101210399298135,imu,-0.2171294664,-9.5052461448,2.9153967472,-3.11028709,9.74938063,-4.37865738,100.05269186856296,-38.72590397148476,135.68039291952087,394.0892557685793,-17.31335781612364,False,-0.5002404310718801,0.8658865463333054,457.05783632498935,-42.99961887355156,41.67434044150786,231.4086776758604,False,inf
60.419572,-62362.32154523871,-253.78312869817373,458.46647652709817,-42.10795922123293,43.86187491168466,49.64982132778384,232.0980352093162,-3392773.3356740475,16.800470759476212,49.695535688413486,2871568405.829683,41.750786694783805,43.86187491168466,-2919937135439.3247,32.10204286861462,-1.5271310605585378,157.94177098189263,101.55289616497336,-65673.97470493584,-73.16838411393996,155.5493938325609,232.0980352093162,-195846672621.21152,1055.8289677144198,489.941303845634,36.93722465199082,-1682832.6144927423,1125123481488.4453,3.0000000000006963,-0.8579830000000648,-16365217.389898218,-11.439613055197256,394.1085608348794,-17.295339060516824,0.0,-9.740314122479416e-20,0.0,9.624349907786752e-19,-348.3417632409883,1.0295366386242044,-348.3417632409883,0.0,-430.9991997605509,0.0,0.0,2810.8199999996286,-14.617700000000411,0.0,0.0,0.0,0.0,0.0,0.0,0.0,0.0,0.0,0.0,0.0,3785.529999999693,-83.48819999998511,0.0,0.0,0.0,0.0,0.0,0.0,0.0,0.0,0.0,0.0,0.0,7388.629999999728,-42.010500000010666,0.0,0.0,0.0,0.0,0.0,0.0,0.0,0.0,0.0,999.0000000003802,999.0000000003802,1.000000000000032,-72.59870128491457,gaze,0.4771798926684283,0.4461677536876378,-12.08852874311946,342.020489143037,1077.2154136814406,-36.083029157751206,-17.760077249499957,-33.02659818887295,-0.0973522899496842,0.0589201059651389,0.9666120308259876,4.3303920179608895,24.47201238376769,-16.392219481001824,-22.3212018909272,0.3698677742025389,0.291055079030932,0.8383975272735961,4.419427874949747,27.278885405964928,-16.90225203704591,-28.309568868367663,0.0907337150120026,0.1537938208963791,0.9058560320394002,4.450302736016185,537.4133548751755,False,-1.0880902868650997,imu,-0.606237238108671,-9.57377061834884,2.649997684891665,-2.60083644896712,10.273669530465328,-4.92712873220877,98.9759668,-37.76300360000002,134.9323,394.1085608348794,-17.295339060516824,False,-0.489632710980809,0.8719287862764846,457.2312258675781,-43.04346165744313,42.4313456386988,232.0980352093162,False,inf
60.424207,-62773.52534109936,-254.94503045937228,458.747944357352,-42.15809423004487,44.04375713620824,49.903605572844455,233.294497995089,-3416055.5608205795,16.88724840152043,49.94955344039765,2892317389.614094,41.93506154557974,44.04375713620824,-2941262677361.203,32.20410274457391,-1.5349265959832536,158.3818938605125,101.97436473095156,-66106.57485719155,-73.51993762779135,155.9823652683207,233.294497995089,-197275988482.0128,1060.201985282221,492.2710991635238,37.1100498062596,-1694357.6279047066,1133334618564.61,3.000000000000689,-0.8579830000000648,-16478681.856997035,-11.492083715585585,394.1420630782868,-17.264064990430256,0.0,-9.787165665944136e-20,0.0,9.670643653936977e-19,-349.9045107693852,1.0342588596194593,-349.9045107693852,0.0,-432.9297786441412,0.0,0.0,2810.8199999996286,-14.617700000000385,0.0,0.0,0.0,0.0,0.0,0.0,0.0,0.0,0.0,0.0,0.0,3785.529999999664,-83.48819999998454,0.0,0.0,0.0,0.0,0.0,0.0,0.0,0.0,0.0,0.0,0.0,7388.629999999714,-42.010500000010495,0.0,0.0,0.0,0.0,0.0,0.0,0.0,0.0,0.0,999.0000000003802,999.0000000003802,1.0000000000000302,-72.87751947585869,gaze,0.477783823514428,0.4468780604199008,-90.1550497332168,221.79091261868103,1116.2139278737084,-36.10788075238984,-17.754561679203405,-33.03892180207334,-0.0972701756153933,0.0581302580320667,0.9668618087814778,4.331891358348882,24.352638518176093,-16.349394346544837,-22.40646208577841,0.3703177208347792,0.292342289838308,0.8379223482694662,4.424331281173458,23.50306264556435,-15.31942941035988,-24.67106219071896,0.2598024170267274,0.663920572777215,0.7012219171918727,4.572754383087158,663.8258986355198,False,-1.0,imu,-0.6060935872965191,-9.573323186019906,2.6518501786493296,-2.590290960260327,9.625387349993376,-4.935783943832146,100.00989600060204,-38.719460391447136,135.64735074524447,394.1420630782868,-17.264064990430256,False,-0.4710489952707082,0.8821070479564578,457.5324969572491,-43.11918559801315,43.73811991284554,233.294497995089,False,inf
60.425383,-62878.2001316333,-255.2404762080833,458.81949940028335,-42.17083324071859,44.08999786109921,49.96815173710685,233.5987417424819,-3421982.961394072,16.909321043760684,50.014158992926056,2897600884.678216,41.98191171646292,44.08999786109921,-2946693196595.743,32.23003589851942,-1.5369092474942896,158.49371048393286,102.08151502789502,-66216.69587473162,-73.60933575788381,156.09236550321845,233.5987417424819,-197639960797.8494,1061.3137368394885,492.8635925406055,37.15400150413236,-1697291.7786863877,1135425567420.211,3.000000000000689,-0.8579830000000612,-16507570.067758156,-11.505426480047616,394.1505814175116,-17.256112362480337,0.0,-9.799080976690304e-20,0.0,9.682417105356778e-19,-350.3018796769331,1.0354596732116153,-350.3018796769331,0.0,-433.4206752884772,0.0,0.0,2810.8199999996104,-14.617700000000326,0.0,0.0,0.0,0.0,0.0,0.0,0.0,0.0,0.0,0.0,0.0,3785.529999999664,-83.4881999999842,0.0,0.0,0.0,0.0,0.0,0.0,0.0,0.0,0.0,0.0,0.0,7388.629999999684,-42.01050000001044,0.0,0.0,0.0,0.0,0.0,0.0,0.0,0.0,0.0,999.0000000003802,999.0000000003802,1.0000000000000249,-72.94839902446192,gaze,0.4779368500498767,0.4470581755266018,-107.61201103751154,193.333045334428,1123.74838017917,-36.11415733962403,-17.753157209012073,-33.041919906322114,-0.0972492100171999,0.057929516790881,0.9669253159314234,4.332274675317434,24.32267739736428,-16.338495243140958,-22.42825023446524,0.3704322085065986,0.2926694872849482,0.8378014725649329,4.425581180124669,21.85993968474976,-16.88786548230058,-28.428157057142087,0.0900111374470808,0.1533082639269121,0.9060874762287398,4.451990210914418,696.6947097167437,False,-1.058584409876447,imu,-0.2500278704,-9.5160128952,2.9393228592,-3.028041079999999,8.77738233,-3.82536604,100.0032951759958,-38.71842346533556,135.64203382218426,394.1505814175116,-17.256112362480337,False,-0.4662892721710663,0.8846323047787579,457.60917256009066,-43.13836512128338,44.06890293942274,233.5987417424819,False,inf
60.433872,-63637.93943233845,-257.38093926999403,459.33771388829246,-42.26301484873892,44.424910685053845,50.43595410629024,235.80306361631352,-3465013.607403636,17.06931883578803,50.48239177408814,2935969458.59961,42.321252428692105,44.424910685053845,-2986131991713.424,32.41769653851848,-1.551278340241459,159.302640990806,102.85756596780894,-67015.95999650018,-74.25708363192435,156.88816138399957,235.80306361631352,-200283274685.1007,1069.365700921811,497.15706794458447,37.47249899976605,-1718592.6815203512,1150610880285.9072,3.0000000000006963,-0.8579830000000648,-16717304.196378464,-11.602100714733908,394.2122890786095,-17.198492798348354,0.0,-9.885429922095686e-20,0.0,9.76773801182373e-19,-353.18072640662405,1.0441600991580855,-353.18072640662405,0.0,-436.9770743171268,0.0,0.0,2810.8199999996214,-14.617700000000411,0.0,0.0,0.0,0.0,0.0,0.0,0.0,0.0,0.0,0.0,0.0,3785.529999999672,-83.48819999998454,0.0,0.0,0.0,0.0,0.0,0.0,0.0,0.0,0.0,0.0,0.0,7388.629999999714,-42.01050000001072,0.0,0.0,0.0,0.0,0.0,0.0,0.0,0.0,0.0,999.0000000003856,999.0000000003856,1.0000000000000302,-73.46169859026575,gaze,0.4790389377267862,0.4483569744941434,-203.83700298695183,20.68180763888016,1156.4957031779668,-36.15911488195932,-17.74295944168449,-33.06204792545981,-0.0970962895692553,0.0564764783463971,0.9673853030940296,4.3350761943225695,24.11029874907866,-16.25944768072813,-22.5872563814511,0.3712624920617369,0.2950384460364654,0.8369252460701382,4.43467267250789,8.831275485500496,-16.867112989632183,-28.646560672614235,0.0889665650866986,0.1526018200815647,0.9064241590031632,4.454517027998339,892.1594329899434,False,-1.0141853960847502,imu,-0.2745521352,-9.5172092008,2.9297524144,-2.80373378,7.910060769999999,-3.36179762,99.95787599818864,-38.710932505434286,135.60363266177276,394.2122890786095,-17.198492798348354,False,-0.4314071754270658,0.9021573305083992,458.1654970252942,-43.27638379739607,46.44566606163551,235.80306361631352,False,inf
60.442361,-64404.98927403281,-259.5351082850313,459.8589096896167,-42.35559187962207,44.761801301206894,50.9070594406173,238.0217077117794,-3508474.2459596395,17.230490295848487,50.953930544618274,2974743399.6447425,42.662621018156514,44.761801301206894,-3025991940090.995,32.60616903822918,-1.5657483520400353,160.11469990539655,103.63816736166332,-67822.90722230983,-74.90910400379427,157.68704535077336,238.0217077117794,-202954795222.7349,1077.464788120856,501.4797007894167,37.793165672520175,-1740106.611693075,1165958231563.7754,3.0000000000006963,-0.8579830000000648,-16929163.8857942,-11.69940773032586,394.2743802468804,-17.14049757217697,0.0,-9.972374458854704e-20,0.0,9.853647418724613e-19,-356.07794651721684,1.0529174735970288,-356.07794651721684,0.0,-440.55610974928936,0.0,0.0,2810.8199999996214,-14.617700000000385,0.0,0.0,0.0,0.0,0.0,0.0,0.0,0.0,0.0,0.0,0.0,3785.529999999679,-83.48819999998443,0.0,0.0,0.0,0.0,0.0,0.0,0.0,0.0,0.0,0.0,0.0,7388.629999999714,-42.01050000001084,0.0,0.0,0.0,0.0,0.0,0.0,0.0,0.0,0.0,999.0000000003912,999.0000000003912,1.000000000000032,-73.97791092401273,gaze,0.4801363558672943,0.4496531312791865,-248.7617401984313,-83.30640297602417,1165.5170631723347,-36.20344755380819,-17.73265950897687,-33.079585921622204,-0.0969405905630582,0.0550166670517387,0.9678479402667128,4.337937681613337,23.904701540129093,-16.17981211445999,-22.74897892021021,0.3720993832784419,0.2974194209168895,0.8360427128673986,4.443884186324375,-4.603956888578309,-16.846670400109673,-28.892263651864944,0.0879351958877863,0.1518988847978179,0.9067591033018364,4.457116545963952,922.3597605098608,False,-0.9701762417153053,imu,-0.2637853848,-9.5082369088,2.9213782752,-2.81121069,7.1100314,-3.18982869,99.91621763832254,-38.703431585070895,135.56520891351823,394.2743802468804,-17.14049757217697,False,-0.3956330030298352,0.9184086927471856,458.7268020728418,-43.41358117259258,48.79916550988501,238.0217077117794,False,inf
60.4443,-64581.22469977003,-260.0290784095375,459.9783773650233,-42.37679330748017,44.83902994114734,51.01513126866463,238.5304914340547,-3518461.890213132,17.267469300026562,51.06210180106194,2983657084.8161497,42.74087949544949,44.83902994114734,-3035155915101.8364,32.649332799219,-1.5690677043101973,160.30062454406644,103.81710748606513,-68008.30827973792,-75.0586355648648,157.86995500107437,238.5304914340547,-203568986517.86227,1079.3213589359332,502.47115301274255,37.86671561780028,-1745050.7301989663,1169486637289.835,3.0000000000007105,-0.8579830000000666,-16977855.32228402,-11.7217230323719,394.28861665124987,-17.12719782989967,0.0,-9.99231761367807e-20,0.0,9.873353137636272e-19,-356.7422965960816,1.0549257918351724,-356.7422965960816,0.0,-441.37679559571006,0.0,0.0,2810.8199999996214,-14.617700000000411,0.0,0.0,0.0,0.0,0.0,0.0,0.0,0.0,0.0,0.0,0.0,3785.529999999672,-83.48819999998432,0.0,0.0,0.0,0.0,0.0,0.0,0.0,0.0,0.0,0.0,0.0,7388.629999999714,-42.01050000001084,0.0,0.0,0.0,0.0,0.0,0.0,0.0,0.0,0.0,999.0000000003892,999.0000000003892,1.000000000000032,-74.09623064683066,gaze,0.6032233798135311,0.5902275277935585,-252.739775731689,-97.65150051466485,1165.857143104279,-37.86200897226719,-16.60451751222261,-34.06237306052297,-0.1758844078148143,-0.0663395791269635,0.9821729660955292,4.713327884674072,23.85868137559879,-16.161549318848273,-22.78625314559114,0.3722914445152316,0.2979648933330525,0.8358402691224255,4.446004868344348,-7.179473163351421,-15.961973461291246,-29.366717625620964,0.0419590046059565,0.2987904968251256,0.8416974416437009,4.643041133880615,897.8631930081654,False,-1.0,imu,-0.6054279344346267,-9.571398642323512,2.659841652072911,-2.507996962935384,6.9140268309586,-4.975601846996808,99.90720713321622,-38.70171692922013,135.5564312720655,394.28861665124987,-17.12719782989967,False,-0.4274136724758261,0.9040561667179352,458.8557091530498,-43.44479381582473,47.12377779222032,238.5304914340547,False,inf
60.450849,-65179.31051919943,-261.7027899529225,460.3830382841452,-42.44855463635116,45.1006382399177,51.38142845372843,240.254474728452,-3552362.8893392086,17.39282248390766,51.42873598145589,3013921271.4960084,43.00598530922222,45.1006382399177,-3066271635127.2896,32.79543343594152,-1.580318057318124,160.92979808477264,104.42324597435062,-68637.49626975722,-75.56533921750524,158.48892982954249,240.254474728452,-205654427816.90363,1085.6102378309909,505.8311213354134,38.11597403178583,-1761832.589115562,1181467077782.082,3.0000000000007034,-0.857983000000063,-17143139.90929088,-11.797338991490763,394.33684903816174,-17.082132027241016,0.0,-1.0059907255765128e-19,0.0,9.940138082139528e-19,-358.99328176370227,1.06173102836992,-358.99328176370227,0.0,-444.15746193394426,0.0,0.0,2810.819999999607,-14.617700000000385,0.0,0.0,0.0,0.0,0.0,0.0,0.0,0.0,0.0,0.0,0.0,3785.529999999657,-83.48819999998398,0.0,0.0,0.0,0.0,0.0,0.0,0.0,0.0,0.0,0.0,0.0,7388.629999999699,-42.010500000010666,0.0,0.0,0.0,0.0,0.0,0.0,0.0,0.0,0.0,999.0000000003874,999.0000000003874,1.0000000000000284,-74.49698766139687,gaze,0.4812286851974903,0.4509461600040557,-253.07941853249164,-119.80469206075536,1166.6955609979868,-36.247137228560405,-17.722262074898232,-33.09463038028184,-0.0967821262852809,0.0535505638765971,0.9683130492919416,4.340857814727153,23.7058056656324,-16.099689130955234,-22.91295345673768,0.3729425633539813,0.2998115575974855,0.8351542018812658,4.453212808469845,-12.953295176941891,-16.82653564896366,-29.138732810986685,0.0869173001870743,0.151199636429464,0.9070922149437448,4.4597878569538,737.1873301659471,False,-0.9285706850960636,imu,-0.2207183832,-9.506442450400002,2.9273598032,-2.57942648,6.2875713,-3.07767504,99.87810529425774,-38.69592207868676,135.52678646781544,394.33684903816174,-17.082132027241016,False,-0.3590129611834309,0.933332574006878,459.2930086585584,-43.54984679347521,51.12344700212224,240.254474728452,False,inf
60.459338,-65961.1383875532,-263.8845581113616,460.9102366161405,-42.54192630474694,45.44150993089454,51.8591897698041,242.50195554412332,-3596693.103059411,17.556359925290458,51.90693682655456,3053515525.576132,43.35143462558013,45.44150993089454,-3106983949352.2563,32.98553671531911,-1.5949913875079709,161.74813465930214,105.21300637194248,-69459.97448011037,-76.22596386746598,159.29401084758325,242.50195554412332,-208383034888.38043,1093.8041717169615,510.2124999926954,38.44101084169081,-1783777.3329858882,1197142373325.016,3.0000000000007034,-0.8579830000000648,-17359298.874215204,-11.895920622559256,394.3997116730998,-17.023380852263926,0.0,-1.0148051964292716e-19,0.0,1.0027233371948237e-18,-361.9275056465238,1.070603114596354,-361.9275056465238,0.0,-447.7820857421376,0.0,0.0,2810.8199999995923,-14.617700000000356,0.0,0.0,0.0,0.0,0.0,0.0,0.0,0.0,0.0,0.0,0.0,3785.5299999996496,-83.48819999998398,0.0,0.0,0.0,0.0,0.0,0.0,0.0,0.0,0.0,0.0,0.0,7388.629999999699,-42.01050000001078,0.0,0.0,0.0,0.0,0.0,0.0,0.0,0.0,0.0,999.0000000003964,999.0000000003964,1.0000000000000284,-75.01906411129127,gaze,0.4823158925141988,0.4522360317197046,-238.9553896791339,-113.78837505399235,1167.581868634275,-36.29018180999563,-17.711768140313108,-33.10728362174444,-0.0966208538448364,0.052078131810539,0.9687806161426522,4.343836299346418,23.51344604342309,-16.01914992998215,-23.078777800833308,0.3737920106104759,0.3022148458452968,0.8342597287091594,4.462658906980694,-16.068415108498034,-16.806699244782276,-29.36646740541373,0.085912787218241,0.1505040056108285,0.9074235177873796,4.462530989893013,464.8332719678395,False,-0.8911523421626685,imu,-0.1842310624,-9.4962738528,2.913004136000001,-2.60933412,5.18098862,-3.2720747,99.84330981194496,-38.6884027019133,135.4883755125147,394.3997116730998,-17.023380852263926,False,-0.3215832684412379,0.946881302729466,459.8642336261536,-43.68511777818369,53.41316332651162,242.50195554412332,False,inf
60.46428,-66419.72763102257,-265.1611027424749,461.21854384184553,-42.596467832766905,45.64087572160105,52.13886910550288,243.8170418566677,-3622702.884230256,17.6521145131679,52.18687345319289,3076756849.549582,43.55348818914988,45.64087572160105,-3130883651802.956,33.09658526063632,-1.6035808229155049,162.2259917739945,105.67489881808534,-69942.40398501855,-76.61255048083468,159.76413248303624,243.8170418566677,-209984823214.87497,1098.596363206119,512.7768052927465,38.63124903757742,-1796653.013189298,1206344321681.9346,3.0000000000007105,-0.8579830000000666,-17486139.320001762,-11.953606850804947,394.4364867071026,-16.989002904316123,0.0,-1.0199645022643492e-19,0.0,1.0078212182169877e-18,-363.6442842695624,1.0757947226078086,-363.6442842695624,0.0,-449.9027804248047,0.0,0.0,2810.819999999614,-14.617700000000356,0.0,0.0,0.0,0.0,0.0,0.0,0.0,0.0,0.0,0.0,0.0,3785.529999999664,-83.48819999998375,0.0,0.0,0.0,0.0,0.0,0.0,0.0,0.0,0.0,0.0,0.0,7388.629999999699,-42.01050000001095,0.0,0.0,0.0,0.0,0.0,0.0,0.0,0.0,0.0,999.0000000003948,999.0000000003948,1.0000000000000284,-75.32435740159218,gaze,0.5942775995747908,0.5933907337807659,-231.3379363246081,-102.430557444451,1169.199609840274,-37.75289989436357,-16.65368333670337,-34.0107104749614,-0.1584556187819273,-0.0702111481060687,0.9848665958179637,4.807052612304688,23.40443077201704,-15.972110732756136,-23.175985503484107,0.3742892821175624,0.3036187345646982,0.8337363893650693,4.468210962532587,-17.37061540702214,-16.192543419761954,-30.91471524206777,-0.0248458698566713,0.1757899485147275,0.8894204930351218,4.69771162668864,347.3108547386364,False,-1.0,imu,-0.6046964386933837,-9.569510295257247,2.6677207587712446,-2.3294568583771738,4.500970002584102,-5.018166081153918,99.82449555041462,-38.68402123512282,135.46602895093642,394.4364867071026,-16.989002904316123,False,-0.3324030404001095,0.9431374336398504,460.1990532649335,-43.763364556383664,53.12325903500312,243.81704185666771,False,inf
60.467827,-66750.43511352429,-266.0802214559447,461.4404566004778,-42.63569724015366,45.78438518758873,52.34030460451815,244.7639529274847,-3641462.982465267,17.721089862399737,52.38849425933854,3093524807.595376,43.69893707430323,45.78438518758873,-3148127562148.8267,33.176459018548464,-1.6097671320986475,162.56962085702463,106.00737596861872,-70290.3020117695,-76.89092092234822,160.10220119832633,244.7639529274847,-211140527598.6092,1102.0458358924825,514.6234714140918,38.768248936170885,-1805939.9044260464,1212983607782.6973,3.0000000000007105,-0.8579830000000683,-17577631.969603546,-11.995144182399375,394.46296231944143,-16.964249338591458,0.0,-1.023680134391224e-19,0.0,1.0114926133828265e-18,-364.8803626342232,1.079532972595601,-364.8803626342232,0.0,-451.4296648613418,0.0,0.0,2810.8199999995995,-14.617700000000411,0.0,0.0,0.0,0.0,0.0,0.0,0.0,0.0,0.0,0.0,0.0,3785.529999999664,-83.48819999998386,0.0,0.0,0.0,0.0,0.0,0.0,0.0,0.0,0.0,0.0,0.0,7388.629999999684,-42.01050000001101,0.0,0.0,0.0,0.0,0.0,0.0,0.0,0.0,0.0,999.0000000003948,999.0000000003948,1.000000000000032,-75.54409233298325,gaze,0.4833975585402458,0.4535222603885844,-228.52813716508217,-99.35913668458043,1169.112749495334,-36.33256435243466,-17.70118239257051,-33.117642784660895,-0.0964567861974589,0.0505998522236761,0.9692504621465684,4.346871805153884,23.32751575377941,-15.938292750291549,-23.2459983865313,0.3746474044568583,0.3046284285623085,0.833359623697969,4.472219536899821,-17.662867611561683,-16.787158526410348,-29.563585950533376,0.0849219246539299,0.1498121695498954,0.9077529182579608,4.465345022243008,301.4653468319675,False,-0.8594428107528036,imu,-0.1124527264,-9.499862769600002,2.9046299968,-2.5196112,4.08188285,-3.39918217,99.81161587969714,-38.68087482002434,135.449999686146,394.46296231944143,-16.964249338591458,False,-0.283396069673382,0.959002954997366,460.4403893410868,-43.81928267293586,55.66193657898011,244.7639529274847,False,inf
60.476316,-67547.2539738811,-268.2898434374709,461.97371176554407,-42.72986872956443,46.129272650163855,52.82478991982261,247.0405320340907,-3686675.783976078,17.88701861451496,52.87342525679394,3133952371.735747,44.04850111647961,46.129272650163855,-3189705891277.769,33.36820274161262,-1.6246457926483668,163.39426375119348,106.80637445678887,-71128.53479970536,-77.56023046995325,160.91350796664423,247.0405320340907,-213927134684.0192,1110.335433890389,519.0641816465203,39.09769908534885,-1828321.9194438744,1228992095149.4346,3.0000000000007248,-0.8579830000000648,-17798155.548837647,-12.095012739566972,394.5266024851298,-16.904735919869097,0.0,-1.032615844133307e-19,0.0,1.0203219378215693e-18,-367.85193983947806,1.0885208785284273,-367.85193983947806,0.0,-455.1003062522866,0.0,0.0,2810.8199999995995,-14.617700000000411,0.0,0.0,0.0,0.0,0.0,0.0,0.0,0.0,0.0,0.0,0.0,3785.529999999664,-83.48819999998375,0.0,0.0,0.0,0.0,0.0,0.0,0.0,0.0,0.0,0.0,0.0,7388.62999999967,-42.01050000001095,0.0,0.0,0.0,0.0,0.0,0.0,0.0,0.0,0.0,999.0000000004002,999.0000000004002,1.0000000000000338,-76.07208540654881,gaze,0.4844733933655229,0.4548045126837882,-227.27515891217607,-95.93345811689684,1170.4699444893558,-36.37427373226001,-17.690508316111824,-33.12580679644642,-0.0962899178078673,0.049116034626287,0.9697224629123548,4.349963335354325,23.147874102744595,-15.8572049299781,-23.41418974799509,0.3755085220463675,0.3070517279137796,0.832454113881754,4.481892823155424,-20.38841781488388,-16.76790816389933,-29.72468978777991,0.0839448573102584,0.1491242220585968,0.9080803625532308,4.468229330610062,298.12465888721675,False,-0.8346240011266219,imu,-0.0699838776,-9.4980683112,2.88608726,-2.19810407,2.64631613,-3.73564312,99.78280497303804,-38.67333891014823,135.4116779586845,394.5266024851298,-16.904735919869097,False,-0.244502285692891,0.969648715922912,461.0214498174736,-43.952245996310296,57.863465295305886,247.0405320340907,False,inf
60.484372,-68310.43440041902,-270.3997254769016,462.4825863252836,-42.81960839715492,46.45843711828525,53.28769545877739,249.21453367799927,-3729994.992373705,18.045598224236286,53.33675661074357,3172707636.2550154,44.38214913255368,46.45843711828525,-3229568571336.999,33.550927979525355,-1.6388611675934703,164.17976964417852,107.56891698476517,-71931.3734807952,-78.1994438774703,161.686320733633,249.21453367799927,-216598738487.18976,1118.246717081964,523.3060190911697,39.41240041682069,-1849766.706317611,1244339909176.6382,3.000000000000732,-0.8579830000000701,-18009471.518342704,-12.190386567957171,394.587358142423,-16.847903503896816,0.0,-1.0411522474750086e-19,0.0,1.0287567098538472e-18,-370.6893369575615,1.097104270650997,-370.6893369575615,0.0,-458.6051438448748,0.0,0.0,2810.8199999995995,-14.617700000000411,0.0,0.0,0.0,0.0,0.0,0.0,0.0,0.0,0.0,0.0,0.0,3785.529999999664,-83.48819999998386,0.0,0.0,0.0,0.0,0.0,0.0,0.0,0.0,0.0,0.0,0.0,7388.629999999699,-42.01050000001118,0.0,0.0,0.0,0.0,0.0,0.0,0.0,0.0,0.0,999.0000000004056,999.0000000004056,1.0000000000000338,-76.57590083082418,gaze,0.5915574640064529,0.5956408923739183,-224.7772315606523,-105.6496469636431,1170.019911386012,-37.71458297857264,-16.67759846304405,-33.98982838586822,-0.1531168331945965,-0.0728265017763297,0.985520946520915,4.851812362670898,22.983076585764824,-15.780117735122088,-23.5743232620596,0.3763308060581712,0.3093598805215362,0.8315900005296699,4.49117516161768,-22.456607299909763,-16.31380718058248,-31.683493528017888,-0.0569136106911526,0.1136358359419632,0.91344560640657,4.736236810684204,330.37101290361693,False,-1.0,imu,-0.6038903123496088,-9.567638261654446,2.675570522062516,-2.019152039145589,2.4843476767167694,-5.062965373251966,99.75793364769712,-38.66618039183911,135.37537805353196,394.587358142423,-16.847903503896816,False,-0.2382340352133058,0.9712077761560528,461.5773799116652,-44.07722930535583,58.5742779053319,249.21453367799924,False,inf
60.484804,-68351.55329209493,-270.513224919999,462.5099523241816,-42.82443089834908,46.47613999818133,53.31260506153363,249.3314874349372,-3732329.3750191927,18.05413276302724,53.361689126768056,3174796652.183902,44.40009368985615,46.47613999818133,-3231717397047.7725,33.56074755144639,-1.6396261012715956,164.2219727137703,107.6099266401708,-71974.62889110402,-78.23383303947826,161.72784211482778,249.3314874349372,-216742752630.4701,1118.6721847876302,523.5342488051176,39.4293328907899,-1850922.3262988208,1245167240708.2368,3.000000000000739,-0.8579830000000666,-18020859.67890764,-12.1955174931187,394.59062611541503,-16.844846104502608,0.0,-1.0416115679036052e-19,0.0,1.0292105617806251e-18,-370.8419712660407,1.0975660403320893,-370.8419712660407,0.0,-458.7936807057213,0.0,0.0,2810.8199999995995,-14.617700000000385,0.0,0.0,0.0,0.0,0.0,0.0,0.0,0.0,0.0,0.0,0.0,3785.529999999664,-83.48819999998364,0.0,0.0,0.0,0.0,0.0,0.0,0.0,0.0,0.0,0.0,0.0,7388.629999999699,-42.01050000001112,0.0,0.0,0.0,0.0,0.0,0.0,0.0,0.0,0.0,999.0000000004002,999.0000000004002,1.000000000000032,-76.60299372727918,gaze,0.4855429818708183,0.4560823052553174,-223.8125725254076,-101.6160975200528,1171.6246631550653,-36.41529467642098,-17.67975068320947,-33.131873461580525,-0.0961202633182448,0.0476271646719235,0.9701964377472896,4.353109512449937,22.97439309384575,-15.77598166551199,-23.58291783978468,0.3763750369367575,0.3094838772051277,0.8315435348466196,4.49167570985643,-23.914479584829287,-16.748944791027085,-29.849417279978088,0.0829818404731239,0.1484403364719328,0.9084057590830468,4.471182928371794,329.8935019478748,False,-0.8175224860665635,imu,-0.0741709472,-9.4962738528,2.865151912,-1.94388913,1.21074941,-4.28145755,99.75666427255103,-38.66579633452735,135.3734336488333,394.59062611541503,-16.844846104502608,False,-0.2049605780483585,0.9787702291376064,461.60731488577807,-44.08389691805437,60.0110082235777,249.3314874349372,False,inf
60.493293,-69163.57635916468,-272.75095360804164,463.0493182378586,-42.91940732032498,46.82507765098308,53.80388204273409,251.63742446166296,-3778437.800983191,18.222478046448416,53.85341800320158,3216070560.779663,44.753806141790186,46.82507765098308,-3274175431978.229,33.75414122035862,-1.6547120923374077,165.0529498487219,108.41824165788744,-72828.84010754715,-78.91190755388497,162.54540260821227,251.63742446166296,-219588275998.43823,1127.0582575959363,528.0348731264701,39.76323933079155,-1873748.082052119,1261514183474.7563,3.0000000000007248,-0.857983000000063,-18245813.35036764,-12.296685212128748,394.65504981024696,-16.78456420722489,0.0,-1.050669731984386e-19,0.0,1.0381608826557994e-18,-373.8512490858069,1.1066708671512635,-373.8512490858069,0.0,-462.5107660859008,0.0,0.0,2810.819999999585,-14.617700000000356,0.0,0.0,0.0,0.0,0.0,0.0,0.0,0.0,0.0,0.0,0.0,3785.5299999996414,-83.48819999998307,0.0,0.0,0.0,0.0,0.0,0.0,0.0,0.0,0.0,0.0,0.0,7388.62999999967,-42.01050000001112,0.0,0.0,0.0,0.0,0.0,0.0,0.0,0.0,0.0,999.0000000004038,999.0000000004038,1.0000000000000302,-77.13695554870456,gaze,0.4866062871125109,0.4573556064515692,-208.9787353158014,-107.31886337208908,1172.9133878245952,-36.45562701901936,-17.668910473609184,-33.135941672380135,-0.0959477772777755,0.0461332018469007,0.9706723732837736,4.356310067602733,22.8068789664318,-15.69468748896212,-23.75182203171399,0.377246928119162,0.3119248682236382,0.8306279009686653,4.501568584007663,-26.80304437160625,-16.730258127299425,-29.94109430056505,0.0820327876976544,0.1477604438231213,0.908729131584861,4.4742058659447626,283.3182818892777,False,-0.8086210704040928,imu,-0.1393696024,-9.499862769600002,2.8615629952,-1.63733582,-0.20986349,-4.77493361,99.73297595538666,-38.658245785198645,135.33527639924773,394.65504981024696,-16.78456420722489,False,-0.1648186332633057,0.9863238910871094,462.1980867573314,-44.21417137858403,62.09840065255593,251.637424461663,False,inf
60.501782,-69983.28290036821,-275.0028323935295,463.5917601612664,-43.01478817385436,47.17605357556456,54.29858071996209,253.9581397871375,-3824999.0142098665,18.39204123187124,54.34857170512281,3257772615.6237707,45.10960569691083,47.17605357556456,-3317078544350.867,33.948363520325344,-1.6699025132758407,165.8871049020777,109.23124497283077,-73691.12596836391,-79.59439517716527,163.36610077963184,253.9581397871375,-222463607162.15204,1135.4928782137663,532.5656771928875,40.09939033694436,-1896798.1770922672,1278032362558.3008,3.000000000000746,-0.8579830000000719,-18473007.05529496,-12.398507191418524,394.71986756752176,-16.723895683746036,0.0,-1.0597895878479657e-19,0.0,1.0471721608310777e-18,-376.879510060391,1.1158345755417574,-376.879510060391,0.0,-466.25123657644576,0.0,0.0,2810.8199999995923,-14.617700000000468,0.0,0.0,0.0,0.0,0.0,0.0,0.0,0.0,0.0,0.0,0.0,3785.529999999657,-83.48819999998375,0.0,0.0,0.0,0.0,0.0,0.0,0.0,0.0,0.0,0.0,0.0,7388.629999999699,-42.01050000001146,0.0,0.0,0.0,0.0,0.0,0.0,0.0,0.0,0.0,999.0000000004148,999.0000000004148,1.0000000000000373,-77.67392169634307,gaze,0.4876628942531613,0.4586239330724946,-188.64831323189065,-109.02164907298696,1174.400446512076,-36.495256708385845,-17.65799247878778,-33.13810673850506,-0.0957724740773791,0.0446346319246867,0.9711500884363324,4.359563616698967,22.64519736400569,-15.61341347046364,-23.92049817623216,0.378123867484279,0.3143738319921873,0.8297075490907575,4.511568360249414,-28.283715553184205,-16.7118444066369,-30.005243049450467,0.0810979515559188,0.147084716276506,0.9090503891049098,4.477297142987252,188.4677851138594,False,-0.808096589210113,imu,-0.2105497856,-9.493283088800002,2.8765168152,-1.53265908,-1.39121527,-5.02914855,99.71153692851992,-38.65068861581927,135.2972292037345,394.71986756752176,-16.723895683746036,False,-0.1241411120699204,0.9922645737372888,462.7936557884657,-44.34295925098127,64.11854718617096,253.9581397871375,False,inf
60.504352,-70232.96812312692,-275.6873769299622,463.7565902532724,-43.04374417460065,47.28271295480958,54.44902549310597,254.6636483623226,-3839184.9677331448,18.44361673120884,54.49915485402461,3270482625.5766435,45.21773500546467,47.28271295480958,-3330155532329.3745,34.00732706840898,-1.6745220034796908,166.14026870222284,109.4783049835001,-73953.77940379565,-79.80188804537818,163.6151826464378,254.6636483623226,-223340011921.51968,1138.0560198864591,533.9433280500857,40.201602559252336,-1903820.9607018104,1283067124840.3262,3.000000000000746,-0.8579830000000683,-18542233.00826824,-12.429462748771009,394.739568740908,-16.70545212632038,0.0,-1.062562788426196e-19,0.0,1.0499123446908992e-18,-377.8000569179436,1.1186204936724276,-377.8000569179436,0.0,-467.3882722132496,0.0,0.0,2810.8199999995923,-14.617700000000411,0.0,0.0,0.0,0.0,0.0,0.0,0.0,0.0,0.0,0.0,0.0,3785.529999999635,-83.48819999998284,0.0,0.0,0.0,0.0,0.0,0.0,0.0,0.0,0.0,0.0,0.0,7388.62999999967,-42.010500000011234,0.0,0.0,0.0,0.0,0.0,0.0,0.0,0.0,0.0,999.0000000004076,999.0000000004076,1.0000000000000284,-77.83707982134273,gaze,0.5739114750132596,0.594508620599265,-182.1676237659594,-104.9361162005107,1176.427334186791,-37.5371664250799,-16.83911302983378,-33.47715056239726,-0.1183847111081862,-0.0721102488480461,0.990345986101274,4.758975028991699,24.60923435018597,-16.86645117534842,-21.12696176256101,0.2978134457194416,0.3020417811228978,0.905581533604137,3.748262882232666,-29.94836447066259,-16.69714535364028,-32.341242020957935,-0.0994356231214275,-0.023602865717984,0.9751310670717784,4.65645295381546,164.7660983959463,False,-1.0,imu,-0.6030180192823512,-9.565804760955768,2.6832978292437524,-1.5719485527303991,0.9501112388496916,-5.108522011973,99.7054595130984,-38.64839948713912,135.285735093601,394.739568740908,-16.70545212632038,False,-0.1724455167157626,0.9850190575641844,462.9749003360003,-44.381641731678585,62.44046720315799,254.6636483623226,False,inf
60.510271,-70810.72720497688,-277.2689254718936,464.1372917866111,-43.110574757088216,47.52907650982429,54.79671827652244,256.2936993121507,-3872016.335442066,18.56282872529963,54.84716743105666,3299906139.0244207,45.46750090136615,47.52907650982429,-3360430224240.5464,34.143416863039256,-1.6851978718516856,166.7244449490156,110.04895649822384,-74561.5434704948,-80.28131623415267,164.18994371831997,256.2936993121507,-225368979694.26016,1143.976252451747,537.1268089274624,40.43779681444884,-1920074.259411036,1294723119734.7378,3.000000000000746,-0.8579830000000666,-18702457.475366168,-12.500986538025671,394.785080908141,-16.662838952849654,0.0,-1.0689714441880328e-19,0.0,1.0562447013249253e-18,-379.9268423768757,1.1250574451275752,-379.9268423768757,0.0,-470.015200452496,0.0,0.0,2810.8199999995777,-14.617700000000326,0.0,0.0,0.0,0.0,0.0,0.0,0.0,0.0,0.0,0.0,0.0,3785.529999999628,-83.48819999998273,0.0,0.0,0.0,0.0,0.0,0.0,0.0,0.0,0.0,0.0,0.0,7388.629999999641,-42.010500000011234,0.0,0.0,0.0,0.0,0.0,0.0,0.0,0.0,0.0,999.0000000004148,999.0000000004148,1.0000000000000266,-78.21390540757606,gaze,0.4887125154223538,0.4598869531456406,-174.49741437861874,-107.66228344078614,1175.909972907525,-36.53417522599203,-17.647000241169227,-33.138463080066,-0.0955943483410491,0.0431317658506164,0.9716294575645358,4.3628691368666805,22.48919343969952,-15.53223871978758,-24.088580517476128,0.37900562758186,0.316830184026508,0.8287827099532972,4.521673078700438,-28.33142808602737,-16.693697432935,-30.048243210306254,0.0801774681357345,0.146413244353662,0.9093694795934456,4.480456092333736,137.84130874847557,False,-0.8158365213818398,imu,-0.2823281216,-9.4908904776,2.8878817184,-1.36816706,-2.09404481,-5.08896383,99.6921475175234,-38.64312528807109,135.25931036307267,394.785080908141,-16.662838952849654,False,-0.0829910632206694,0.9965502914682746,463.39397591818255,-44.47016679874713,66.06445461631635,256.2936993121507,False,inf
60.51876,-71645.96381687844,-279.5492972253786,464.6859268472217,-43.20676837097557,47.884155216178605,55.29831195127564,258.64416912443966,-3919493.101600289,18.73484695450833,55.34922243513039,3342474470.4319754,45.827500322627486,47.884155216178605,-3404233979919.314,34.33930366412474,-1.7005986773870816,167.56497706511774,110.87139620268164,-75440.14987793477,-80.97269110914723,165.01693851452785,258.64416912443966,-228304628384.3983,1152.5085866918942,541.7184167241533,40.77846970240161,-1943577.985045276,1311587803770.8726,3.0000000000007674,-0.8579830000000737,-18934181.3748428,-12.60412636864512,394.8506913562797,-16.60139242959633,0.0,-1.0782156107080168e-19,0.0,1.0653788101535245e-18,-382.9933344919614,1.1343397564018476,-382.9933344919614,0.0,-473.80276631903337,0.0,0.0,2810.819999999585,-14.61770000000044,0.0,0.0,0.0,0.0,0.0,0.0,0.0,0.0,0.0,0.0,0.0,3785.529999999657,-83.48819999998318,0.0,0.0,0.0,0.0,0.0,0.0,0.0,0.0,0.0,0.0,0.0,7388.629999999699,-42.01050000001146,0.0,0.0,0.0,0.0,0.0,0.0,0.0,0.0,0.0,999.0000000004202,999.0000000004202,1.000000000000032,-78.75691995925722,gaze,0.4897548633913731,0.4611443351830774,-169.87100668920067,-105.12810100638758,1177.263798240682,-36.57237471887987,-17.63593731586813,-33.13710299196798,-0.0954133947583134,0.0416249147955696,0.972110354772109,4.366225599248417,22.33871492848288,-15.451239750128144,-24.255723910673844,0.3798919798814631,0.3192933384170899,0.8278536151381273,4.53188075929766,-27.19099645228065,-16.675810855745745,-30.07607449580624,0.0792714713059149,0.1457461177319745,0.9096863514562056,4.483682036267775,156.41822737928473,False,-0.8314671461236549,imu,-0.3475267768,-9.4633754488,2.8962558576,-1.2485365,-2.51275177,-5.08896383,99.6746159916268,-38.63555625988594,135.22153798512096,394.8506913562797,-16.60139242959633,False,-0.0414345137087651,0.9991412217868494,463.9989958583826,-44.595701348686376,67.9289908680448,258.64416912443966,False,inf
60.521134,-71880.94450396484,-280.189580609705,464.8399131226997,-43.233742502618384,47.98382415297655,55.43920640418205,259.3041691006627,-3932852.93013525,18.783173982910807,55.4902464690569,3354457217.737151,45.92855400843277,47.98382415297655,-3416565333892.762,34.39423404941131,-1.7049245426868822,167.8006090606092,111.10224516426364,-75687.33052488233,-81.16683796651382,165.24877752386527,259.3041691006627,-229131049655.16144,1154.903493997624,543.00796087572,40.87414795217836,-1950191.9022243123,1316335419487.476,3.0000000000007603,-0.8579830000000683,-18999393.44586326,-12.633088650155042,394.8691109761803,-16.584138576977693,0.0,-1.0808119890680124e-19,0.0,1.0679442769746294e-18,-383.85433784273687,1.1369462849206375,-383.85433784273687,0.0,-474.8662198846373,0.0,0.0,2810.8199999995923,-14.617700000000411,0.0,0.0,0.0,0.0,0.0,0.0,0.0,0.0,0.0,0.0,0.0,3785.5299999996414,-83.48819999998318,0.0,0.0,0.0,0.0,0.0,0.0,0.0,0.0,0.0,0.0,0.0,7388.62999999967,-42.010500000011575,0.0,0.0,0.0,0.0,0.0,0.0,0.0,0.0,0.0,999.0000000004202,999.0000000004202,1.000000000000032,-78.90932137378063,gaze,0.4900450218977822,0.4614949158104467,-169.6125901427143,-104.3863113561155,1177.6004015911142,-36.58292778787327,-17.632831338603573,-33.13642778544907,-0.095362283293279,0.0412028441081435,0.9722450968515722,4.367173228819419,22.29760106717858,-15.428629459152011,-24.30225399675652,0.3801406441430371,0.3199833117270338,0.8275930582771424,4.534753550445036,-26.69862514716913,-16.670854481578633,-30.081856862782427,0.0790207138975552,0.1455603413631488,0.9097745626355984,4.484596085077324,168.05018658551683,False,-0.8371727569629395,imu,-0.6022305358793445,-9.56428734733042,2.689723628212236,-1.0982003281467585,0.0327049813988185,-5.146857073205245,99.5619124,-37.55548120000001,134.4195976,394.8691109761803,-16.584138576977693,False,-0.0297495441131029,0.9995573843582282,464.16902671319286,-44.63049603332414,68.43487616197446,259.3041691006627,False,inf
60.524445,-72209.69741577609,-281.08445495932153,465.055084307327,-43.27141650459413,48.12310166893589,55.63616518823263,260.2266248156086,-3951546.363589287,18.85073717168449,55.68738639411063,3371226829.336948,46.06976911625482,48.12310166893589,-3433823429015.0166,34.4709543124889,-1.7109716539297526,168.129661342056,111.42482942884138,-76033.15089537475,-81.43819832193743,165.57253450691903,260.2266248156086,-230287647900.86,1158.250083078245,544.8104842426812,41.00788757247201,-1959446.2996238507,1322979831777.6548,3.0000000000007816,-0.8579830000000737,-19090644.04906461,-12.67356892459489,394.89485280725967,-16.56002357761207,0.0,-1.0844413297115428e-19,0.0,1.0715304080046729e-18,-385.0576903091862,1.1405894022377914,-385.0576903091862,0.0,-476.3525117780873,0.0,0.0,2810.8199999995995,-14.617700000000468,0.0,0.0,0.0,0.0,0.0,0.0,0.0,0.0,0.0,0.0,0.0,3785.529999999635,-83.48819999998318,0.0,0.0,0.0,0.0,0.0,0.0,0.0,0.0,0.0,0.0,0.0,7388.629999999684,-42.01050000001169,0.0,0.0,0.0,0.0,0.0,0.0,0.0,0.0,0.0,999.000000000422,999.000000000422,1.0000000000000338,-79.12227260497181,gaze,0.5695103464876607,0.592852135966631,-171.42219633058866,-102.83204449990046,1177.8511655189366,-37.49234208290082,-16.880193317335074,-33.339222351005375,-0.1096259210914667,-0.0703543725059199,0.991398539431066,4.741688620046537,23.509344787022496,-16.037308189834395,-22.58949628345728,0.3209679762937792,0.339693920526212,0.8811952354365198,4.10580558776065,-25.356991306117905,-16.649466433629172,-31.465865480212614,-0.0584142929769108,0.0080516622276419,0.9673642311441814,4.609911783833087,184.9120591445604,False,-1.0,imu,-0.6020692329072991,-9.563990480868345,2.6909841267785057,-0.9955243959894668,-0.1095111169087037,-5.15437499841466,99.66382280605616,-38.630484395081794,135.1963329965167,394.89485280725967,-16.56002357761207,False,-0.0581596975729179,0.9983072921591962,464.4067714509108,-44.67878974585084,67.75887633746528,260.2266248156086,False,inf
60.527248,-72488.94775603473,-281.84374105977344,465.2376139373209,-43.30335891550436,48.2412562883643,55.803319336835,261.0093359659289,-3967426.991181612,18.908081886562385,55.85469427036495,3385475874.402351,46.18956976810708,48.2412562883643,-3448488097202.832,34.5360031199845,-1.7161036078145748,168.4086087465361,111.698486387543,-76326.89776361287,-81.66845801101293,165.84699428148278,261.0093359659289,-231270438023.8363,1161.0890740881302,546.3401031423666,41.12137943992245,-1967308.2087869395,1328625752766.7666,3.0000000000007603,-0.8579830000000701,-19168167.898468904,-12.707917542445545,394.916692639973,-16.539561832904326,0.0,-1.0875212980876605e-19,0.0,1.0745737073939505e-18,-386.0787104965818,1.1436806867128606,-386.0787104965818,0.0,-477.6135927441915,0.0,0.0,2810.8199999995777,-14.617700000000385,0.0,0.0,0.0,0.0,0.0,0.0,0.0,0.0,0.0,0.0,0.0,3785.529999999628,-83.4881999999825,0.0,0.0,0.0,0.0,0.0,0.0,0.0,0.0,0.0,0.0,0.0,7388.629999999655,-42.01050000001169,0.0,0.0,0.0,0.0,0.0,0.0,0.0,0.0,0.0,999.0000000004202,999.0000000004202,1.0000000000000284,-79.30291416252633,gaze,0.4907895301848159,0.4623956011884356,-169.29361719660702,-102.59191331182876,1178.3723937026268,-36.6098436340688,-17.624808584893866,-33.134116688773304,-0.0952296299115487,0.0401145682458522,0.9725925970373046,4.369631565047694,22.19362987542265,-15.370499906837685,-24.42158490288997,0.3807825896270838,0.3217624166906346,0.8269206071831023,4.542188181984802,-25.15392052318024,-16.658180257581414,-30.093821151580688,0.0783801968394638,0.1450835030362509,0.91000091663704,4.486973894975844,196.89660772326016,False,-0.8543761198019971,imu,-0.4372496968000001,-9.423897364000002,2.9004429272,-1.12890594,-2.60247469,-5.03662546,99.6587616295908,-38.62798287802736,135.18393439439922,394.916692639973,-16.539561832904326,False,0.0004546201455215,0.9999998966602563,464.6085869423385,-44.71945708992004,69.70469824850554,261.0093359659289,False,inf
60.535737,-73339.93270151723,-284.1528623577716,465.7924968635225,-43.40037045641645,48.60047267964237,56.31187677498821,263.38982358912085,-4015832.667758465,19.08258081103733,56.36371940334363,3428923856.752512,46.55380316040259,48.60047267964237,-3493206548005.355,34.7335640015325,-1.7317168289041984,169.25554585108955,112.53044201505313,-77222.05386335643,-82.36880138252862,166.680313694054,263.38982358912085,-234267344646.4676,1169.719943939762,550.9931064983592,41.46661783168524,-1991272.194133228,1345842343988.391,3.0000000000007603,-0.8579830000000701,-19404489.1081105,-12.812387651151816,394.9831018414116,-16.47733100158689,0.0,-1.0968910106931777e-19,0.0,1.0838318675963124e-18,-389.18378637634265,1.1530827192415032,-389.18378637634265,0.0,-481.4486869161229,0.0,0.0,2810.8199999995704,-14.617700000000385,0.0,0.0,0.0,0.0,0.0,0.0,0.0,0.0,0.0,0.0,0.0,3785.529999999628,-83.48819999998273,0.0,0.0,0.0,0.0,0.0,0.0,0.0,0.0,0.0,0.0,0.0,7388.629999999684,-42.010500000011575,0.0,0.0,0.0,0.0,0.0,0.0,0.0,0.0,0.0,999.0000000004202,999.0000000004202,1.0000000000000266,-79.85203002289822,gaze,0.4918164738386952,0.4636407156820853,-167.1930100192293,-100.57915910856018,1179.2186335506174,-36.64658429539693,-17.613615003996742,-33.1295903213902,-0.0950430053527914,0.0386006817548823,0.973076171661492,4.373086796715908,22.053758921003773,-15.290071372998192,-24.58589921536736,0.3816774360869505,0.324237412210573,0.8259836993861479,4.552595756464656,-22.522868197762747,-16.640794900361648,-30.10570516040147,0.0775035641022458,0.1444253320912534,0.910313198598386,4.490331745829695,219.058552344436,False,-0.8837498352944508,imu,-0.5000557408,-9.4041583216,2.9058263024,-0.97189083,-2.29592138,-4.94690254,99.64440855166518,-38.62040380852581,135.1465084200489,394.9831018414116,-16.47733100158689,False,0.0426143661747204,0.9990915952982125,465.22283089476224,-44.84137346961121,71.384638645154,263.38982358912085,False,inf
60.544226,-74198.87511309102,-286.4764565935346,466.35052467059904,-43.49779294748805,48.96177127667643,56.82394238007865,265.7854208792542,-4064707.897096157,19.258329884838084,56.87625590928601,3472816768.355455,46.92016659908448,48.96177127667643,-3538387708649.7715,34.93196561165415,-1.747437034226454,170.1056962528702,113.3671860582308,-78125.57226211723,-83.07366008017934,167.51680623990984,265.7854208792542,-237295239101.4857,1178.4003963514429,555.6770339132804,41.81415565377603,-2015468.8391739696,1363236950336.1235,3.0000000000007816,-0.8579830000000754,-19643134.58548729,-12.917527651677982,395.0499127421963,-16.41470560089823,0.0,-1.1063239686268878e-19,0.0,1.0931525201480785e-18,-392.3082890361447,1.16254504013286,-392.3082890361447,0.0,-485.3077108646819,0.0,0.0,2810.8199999995704,-14.61770000000044,0.0,0.0,0.0,0.0,0.0,0.0,0.0,0.0,0.0,0.0,0.0,3785.529999999628,-83.4881999999825,0.0,0.0,0.0,0.0,0.0,0.0,0.0,0.0,0.0,0.0,0.0,7388.629999999699,-42.01050000001192,0.0,0.0,0.0,0.0,0.0,0.0,0.0,0.0,0.0,999.0000000004276,999.0000000004276,1.0000000000000355,-80.40421679013627,gaze,0.4928352870170737,0.4648792012058372,-162.5720789451426,-99.19125495594668,1179.83075589105,-36.682586413300605,-17.602361469258796,-33.123607893847165,-0.0948535375128632,0.0370837445791528,0.9735608953818544,4.376589850371961,21.918977772690614,-15.210032289856647,-24.748363815621605,0.3825761829865785,0.3267174448251712,0.8250432353373314,4.563100236136727,-19.59543552181802,-16.623650211851583,-30.115146441577707,0.0766418060854627,0.1437717703178846,0.9106231099593208,4.493754496469845,226.37878304737765,False,-0.9185827554541236,imu,-0.5251781584,-9.4011675576,2.910611524800001,-0.83730645,-1.95198352,-4.7674567,99.63139717594234,-38.61282039027734,135.10928196995062,395.0499127421963,-16.41470560089823,False,0.0849651357616495,0.9963839248527672,465.8415888752021,-44.9613479878482,72.96115745825668,265.7854208792542,False,inf
60.544425,-74219.10643371969,-286.5311006668728,466.3636438528984,-43.50008167571031,48.97026592447788,56.83598849849081,265.8417605073936,-4065859.295347452,19.26246486170539,56.88831310518764,3473851075.2794666,46.92878054963047,48.97026592447788,-3539452429529.533,34.936626667235124,-1.7478068364075343,170.1256641682985,113.38685870126712,-78146.85341625375,-83.09023778110947,167.5364535048309,265.8417605073936,-237366592972.00092,1178.604480868867,555.7872071897145,41.82233034377773,-2016038.8639718704,1363646863027.8096,3.0000000000007674,-0.8579830000000719,-19648756.95665361,-12.920000415657611,395.0514837612591,-16.41323278377706,0.0,-1.1065458582005838e-19,0.0,1.0933717679848113e-18,-392.38176770878187,1.162767582324142,-392.38176770878187,0.0,-485.3984624419327,0.0,0.0,2810.819999999563,-14.617700000000411,0.0,0.0,0.0,0.0,0.0,0.0,0.0,0.0,0.0,0.0,0.0,3785.529999999613,-83.48819999998273,0.0,0.0,0.0,0.0,0.0,0.0,0.0,0.0,0.0,0.0,0.0,7388.62999999967,-42.01050000001192,0.0,0.0,0.0,0.0,0.0,0.0,0.0,0.0,0.0,999.0000000004238,999.0000000004238,1.000000000000032,-80.41719815506667,gaze,0.5651339692447683,0.5912049671536106,-160.7371995576507,-100.7398057810342,1179.2669894385233,-37.44776982605825,-16.921042575498397,-33.20206982706126,-0.1009163891881172,-0.0686083709473836,0.9924451733597596,4.724499427256797,22.415640836791088,-15.21282817935486,-24.0438057309016,0.3439922892821397,0.3771343099791555,0.856946082129953,4.461337527065232,-19.287802410591183,-16.541950006669975,-30.377978423904302,0.0010701785954542,0.0521721719562118,0.9558687634740468,4.585829902330476,226.2644772579764,False,-1.0,imu,-0.6010541605657157,-9.562217124840783,2.6985375121004034,-0.3248496018931802,-0.7155219267695209,-5.199059974087724,99.63110701336736,-38.61264257044431,135.10841183709522,395.0514837612591,-16.41323278377706,False,0.0580788412803404,0.9983119994247956,465.85614743456415,-44.96413645111247,72.34334876280286,265.8417605073936,False,inf
60.552715,-75065.83055903537,-288.8145888991996,466.9117112569156,-43.59562770088672,49.325160940294296,57.33953361405906,268.1961946744332,-4114056.0812243214,19.43533562318053,57.392321265599165,3517158017.669864,47.28866873715474,49.325160940294296,-3584035160668.472,35.1312103817224,-1.7632647393557104,170.95906702879105,114.20873870802274,-79037.51129831719,-83.78305472696955,168.3564790131025,268.1961946744332,-240354361077.98508,1187.13063999861,560.3920356718536,42.1640039813833,-2039899.832321453,1380810948721.5889,3.0000000000007745,-0.8579830000000666,-19884121.427232213,-13.02334069949588,395.1171268795106,-16.351684030964805,0.0,-1.1158204856473905e-19,0.0,1.1025359750723225e-18,-395.4523080152495,1.1720679333698605,-395.4523080152495,0.0,-489.19077451920174,0.0,0.0,2810.819999999556,-14.617700000000356,0.0,0.0,0.0,0.0,0.0,0.0,0.0,0.0,0.0,0.0,0.0,3785.529999999606,-83.48819999998227,0.0,0.0,0.0,0.0,0.0,0.0,0.0,0.0,0.0,0.0,0.0,7388.629999999626,-42.01050000001169,0.0,0.0,0.0,0.0,0.0,0.0,0.0,0.0,0.0,999.0000000004292,999.0000000004292,1.0000000000000284,-80.95948789957447,gaze,0.4938456855850169,0.4661107287934151,-157.0094473780173,-98.32422020517528,1180.2568576298263,-36.71784481472511,-17.5910515793337,-33.1162500626171,-0.0946612214462741,0.0355640682587524,0.97404664150453,4.380139675352655,21.789148159330924,-15.130448702946474,-24.90871464153457,0.3834785977577397,0.3292019238729007,0.8240994496434585,4.5736995642977,-16.64552750687266,-16.606739473047558,-30.124843792671367,0.0757950476346893,0.1431229039305472,0.9109306010168284,4.497241428546839,234.19725816118108,False,-0.9577131224905322,imu,-0.5317578392000001,-9.402962016000002,2.9213782752,-0.40364567,-1.39869218,-4.61044159,99.61957630416956,-38.60523306666117,135.07227227784176,395.1171268795106,-16.351684030964805,False,0.1274295082783873,0.9918476296387104,466.46478818699467,-45.079295038793845,74.42675409283406,268.1961946744332,False,inf
60.561203,-75940.75131039604,-291.1670465813412,467.4760038936238,-43.69386443358036,49.690607377495446,57.85860663174751,270.6219253169949,-4163874.741050482,19.61358348858787,57.91187158617845,3561945727.1820207,47.65927445992337,49.690607377495446,-3630147043612.5566,35.33127712661162,-1.7791985778332466,171.81556415882736,115.05502022264864,-79957.82065405913,-84.49692163351874,169.199239632076,270.6219253169949,-243444585565.09183,1195.9098468707357,565.1377015853024,42.51613230123887,-2064563.95039804,1398563620933.6885,3.0000000000007887,-0.8579830000000737,-20127438.00803953,-13.129817375478256,395.1847378044368,-16.288272182427704,0.0,-1.1253797465477726e-19,0.0,1.1119814268676617e-18,-398.6155592929284,1.1816505512549322,-398.6155592929284,0.0,-493.09752644693793,0.0,0.0,2810.8199999995704,-14.617700000000468,0.0,0.0,0.0,0.0,0.0,0.0,0.0,0.0,0.0,0.0,0.0,3785.529999999635,-83.48819999998273,0.0,0.0,0.0,0.0,0.0,0.0,0.0,0.0,0.0,0.0,0.0,7388.62999999967,-42.01050000001192,0.0,0.0,0.0,0.0,0.0,0.0,0.0,0.0,0.0,999.0000000004349,999.0000000004349,1.0000000000000355,-81.51779086776358,gaze,0.4948472688363085,0.4673348264818055,-152.034918320799,-97.8427596791162,1180.5441858852294,-36.75235094866069,-17.57969028343232,-33.107595562857995,-0.0944660754835321,0.0340421437266732,0.9745332258187877,4.383734789873429,21.66414962530565,-15.0513934056871,-25.06668788630041,0.3843843399918024,0.3316899644131285,0.823152689295992,4.584390401198825,-13.906130369162266,-16.59005788720342,-30.13684272042948,0.074963508373775,0.1424788938443927,0.9112355867740304,4.500791392003336,238.61989514271565,False,-0.9998412622158456,imu,-0.5413282840000001,-9.3778395984,2.9273598032,-0.04475399,-0.7781086500000001,-4.67773378,99.60880598137138,-38.59764317190812,135.03550065106916,395.1847378044368,-16.288272182427704,False,0.1699223955111294,0.9854574468254624,467.0922765417537,-45.19511801623281,75.77374002233046,270.6219253169949,False,inf
60.564517,-76284.55150821731,-292.089502101607,467.6971866814656,-43.73233186831453,49.83386172235626,58.0622354630929,271.573163144844,-4183455.633866668,19.68352165103313,58.11568765437393,3579555691.601555,47.80455598567982,49.83386172235626,-3648278966997.882,35.40961989484671,-1.7854491078815935,172.1508467467837,115.38675172480347,-80319.45405713689,-84.77688025155486,169.52914813926412,271.573163144844,-244659704862.04016,1199.351157884009,566.9990750916284,42.65424744183182,-2074258.073873032,1405544217909.5508,3.0000000000007887,-0.8579830000000737,-20223080.738077074,-13.171573633688658,395.2112455568868,-16.26340577726546,0.0,-1.12912940456984e-19,0.0,1.1156864428158745e-18,-399.8559387516555,1.1854085034962325,-399.8559387516555,0.0,-494.6294310093247,0.0,0.0,2810.819999999563,-14.61770000000044,0.0,0.0,0.0,0.0,0.0,0.0,0.0,0.0,0.0,0.0,0.0,3785.529999999621,-83.4881999999825,0.0,0.0,0.0,0.0,0.0,0.0,0.0,0.0,0.0,0.0,0.0,7388.62999999967,-42.010500000012144,0.0,0.0,0.0,0.0,0.0,0.0,0.0,0.0,0.0,999.0000000004349,999.0000000004349,1.0000000000000355,-81.73661466103876,gaze,0.560733059757069,0.5895485649618578,-149.9923069069019,-98.63583879707632,1180.690749908611,-37.40294771472284,-16.96212081849228,-33.06414848016004,-0.0921580350839044,-0.0668525819927227,0.9934976743054712,4.707213878631592,21.31580601356492,-14.38372645910652,-25.50626746353742,0.3671456674884629,0.4147845754891085,0.8325609976336695,4.818862438201904,-13.345936601834262,-16.345798067089184,-29.43287792328177,0.0602600655922955,0.1010076009270641,0.941501311504368,4.577027011552888,236.20054496704992,False,-1.0,imu,-0.5999609403279388,-9.560465999972507,2.706037641872232,0.4083894815737134,-0.9386504810780598,-5.242149641274068,99.6048569125395,-38.59467897634719,135.0212108335933,395.2112455568868,-16.26340577726546,False,0.1760029905799759,0.9843896318566672,467.338435227947,-45.239748995256605,76.1011807495892,271.573163144844,False,inf
60.569692,-76823.89960045928,-293.53444944419465,468.0435495230613,-43.792527610438526,50.05820560660519,58.38130131293799,273.06325158224354,-4214179.049668074,19.793122039536417,58.43504687883007,3607193892.9647017,48.032079787074494,50.05820560660519,-3676737840767.269,35.53221542642204,-1.7952428227612078,172.67539653333677,115.90625030926287,-80886.77605245628,-85.21544974680212,170.0452937688807,273.06325158224354,-246566882836.4428,1204.7402953902138,569.9153010791925,42.870634726646,-2089468.709480292,1416500540933.6826,3.0000000000007816,-0.8579830000000737,-20373158.922156103,-13.236985943017457,395.2527629914666,-16.224453506554028,0.0,-1.1350043195107101e-19,0.0,1.1214914131408874e-18,-401.7988782900065,1.1912954374171183,-401.7988782900065,0.0,-497.0289977668618,0.0,0.0,2810.819999999556,-14.617700000000385,0.0,0.0,0.0,0.0,0.0,0.0,0.0,0.0,0.0,0.0,0.0,3785.529999999606,-83.48819999998204,0.0,0.0,0.0,0.0,0.0,0.0,0.0,0.0,0.0,0.0,0.0,7388.629999999655,-42.01050000001192,0.0,0.0,0.0,0.0,0.0,0.0,0.0,0.0,0.0,999.0000000004384,999.0000000004384,1.000000000000032,-82.07927075942813,gaze,0.4958399905266619,0.4685514553780348,-148.44897700998146,-97.63109483499122,1180.733403860314,-36.786109042977536,-17.56827852026444,-33.09771705176476,-0.0942680489421986,0.0325179237511273,0.9750206360321764,4.387374980858801,21.543821133640986,-14.972908778887938,-25.222093538493645,0.3852933887114828,0.3341815602846784,0.8222029671045676,4.595173173520193,-11.550348643963954,-16.573594770351402,-30.152613416275425,0.0741471126034814,0.1418396727362413,0.911538090382746,4.5044044856538505,224.5933847009765,False,-1.0435754998544484,imu,-0.5395338256000001,-9.3634839312,2.9405191648,0.43376825,-0.3220171400000003,-4.759979789999999,99.59895222995408,-38.590049353964005,134.99897515880994,395.2527629914666,-16.224453506554028,False,0.2123711706172474,0.9771890737675384,467.7241182873185,-45.30876396590286,76.99488561507901,273.06325158224354,False,inf
60.578091,-77705.73622896783,-295.8912540716935,468.60822801061386,-43.89055437999451,50.42399078064689,58.90197599076315,275.493829228795,-4264425.6230095625,19.97201322323772,58.95620028897574,3652413726.285839,48.40306309970154,50.42399078064689,-3723304256792.154,35.73186037896818,-1.811224293216508,173.52930321531073,116.7532479676036,-81814.34353127601,-85.93088529381919,170.885528833016,275.493829228795,-249687524404.90945,1213.5267448433042,574.6732765608888,43.2236854853231,-2114345.090823508,1434427945888.0425,3.000000000000803,-0.8579830000000754,-20618629.88451081,-13.34369005832104,395.3204683772283,-16.160916802310226,0.0,-1.144590336297839e-19,0.0,1.1309633022713846e-18,-404.9679205716515,1.200898523990128,-404.9679205716515,0.0,-500.94277268489446,0.0,0.0,2810.8199999995486,-14.617700000000411,0.0,0.0,0.0,0.0,0.0,0.0,0.0,0.0,0.0,0.0,0.0,3785.529999999621,-83.48819999998204,0.0,0.0,0.0,0.0,0.0,0.0,0.0,0.0,0.0,0.0,0.0,7388.629999999641,-42.010500000012144,0.0,0.0,0.0,0.0,0.0,0.0,0.0,0.0,0.0,999.0000000004384,999.0000000004384,1.0000000000000338,-82.63787318526121,gaze,0.4968130738233843,0.4697473726782987,-146.4699507161195,-97.59349356384776,1180.8574978861946,-36.81876577520625,-17.556942944569318,-33.08681004750204,-0.0940693049236614,0.0310080859896737,0.9755035105877652,4.391019482452805,21.429253287758527,-14.895884492636034,-25.3731004348512,0.3861957182525042,0.3366493693277219,0.8212607404618973,4.605928802610053,-9.695860911678835,-16.557516544763683,-30.172870232904447,0.0733544886840974,0.1412120985744003,0.9118348612596212,4.508040262578652,187.63565781925297,False,-1.0869675826434178,imu,-0.5670488544000001,-9.368269153600002,2.972819416000001,1.01696723,0.0443514499999997,-4.991764,99.5899865822548,-38.58253348872371,134.96309957268235,395.3204683772283,-16.160916802310226,False,0.2542381160297665,0.9671416547526192,468.3533860101686,-45.41897335226915,78.0716899868876,275.493829228795,False,inf
60.584498,-78383.845450841,-297.6988303957221,469.04109619167775,-43.96560677491704,50.70442156435591,59.30152751492728,277.3581063463415,-4303075.315544844,20.10932062027759,59.35611916441007,3687212696.3788,48.687489969566215,50.70442156435591,-3759142708273.206,35.884716560944625,-1.8234875129753536,174.18282574505935,117.40257955774617,-82527.61305733232,-86.47967918076759,171.52859588139734,277.3581063463415,-252089218365.33044,1220.262615247042,578.3236403992421,43.49455228077563,-2133480.1563739013,1448225151416.373,3.00000000000081,-0.8579830000000719,-20807467.825650506,-13.425538217510937,395.37238538546353,-16.112184272031072,0.0,-1.1519454749039505e-19,0.0,1.1382308732495521e-18,-407.3984352353205,1.208264640540799,-407.3984352353205,0.0,-503.94442103912087,0.0,0.0,2810.8199999995486,-14.61770000000044,0.0,0.0,0.0,0.0,0.0,0.0,0.0,0.0,0.0,0.0,0.0,3785.529999999606,-83.48819999998182,0.0,0.0,0.0,0.0,0.0,0.0,0.0,0.0,0.0,0.0,0.0,7388.629999999641,-42.01050000001226,0.0,0.0,0.0,0.0,0.0,0.0,0.0,0.0,0.0,999.0000000004438,999.0000000004438,1.000000000000032,-83.0660561749149,gaze,0.5599249267385193,0.5890879324244995,-148.00860213043393,-98.02915693072852,1180.9393713051863,-37.39293337051416,-16.96909503666518,-33.03276507847218,-0.0905425055755567,-0.0663502846231269,0.9936754906364108,4.709659459196869,21.01441045748248,-14.141031632596446,-25.95229391676188,0.3785655611903658,0.4235215701043392,0.8224267766262001,4.946020739687712,-7.440872297422902,-16.121291041406533,-28.533418145631533,0.1196857377926957,0.1512900298304513,0.9260073489264462,4.5722325589071655,149.4981736676888,False,-1.0,imu,-0.5988012996304969,-9.558757787093535,2.713395976132379,1.1520572357601009,-0.8584424773009415,-5.282273531100839,99.58360304134344,-38.57679871836264,134.93591806659012,395.37238538546353,-16.112184272031072,False,0.2818361602884348,0.9594625468218504,468.83611165701296,-45.501507273174745,78.76866785564302,277.3581063463415,False,inf
60.58649,-78595.63640155041,-298.26254632444727,469.17605333309166,-43.988989868266856,50.79185776109669,59.42617067424253,277.9395261331593,-4315148.621099949,20.152160223512585,59.48087691912023,3698085921.254664,48.776174003587705,50.79185776109669,-3770341295798.195,35.932340241215016,-1.8273130248386715,174.3863899874499,117.60503220426304,-82750.38450088215,-86.65084223981576,171.72890476027345,277.9395261331593,-252839682917.3092,1222.362755877877,579.4622624934835,43.57904160076325,-2139457.5505099334,1452536405419.0493,3.0000000000007887,-0.8579830000000683,-20866460.40938344,-13.451065442823138,395.388574529371,-16.096986000413324,0.0,-1.154239806816151e-19,0.0,1.1404978896730196e-18,-408.1564198574258,1.2105620228831453,-408.1564198574258,0.0,-504.8805128065919,0.0,0.0,2810.819999999534,-14.617700000000326,0.0,0.0,0.0,0.0,0.0,0.0,0.0,0.0,0.0,0.0,0.0,3785.529999999592,-83.48819999998159,0.0,0.0,0.0,0.0,0.0,0.0,0.0,0.0,0.0,0.0,0.0,7388.629999999597,-42.0105000000118,0.0,0.0,0.0,0.0,0.0,0.0,0.0,0.0,0.0,999.000000000442,999.000000000442,1.0000000000000284,-83.19954775464909,gaze,0.4977768197281529,0.4709352022641205,-145.83101904722375,-97.6517066148578,1180.9461582486522,-36.85068038243644,-17.54556633698188,-33.07484299936082,-0.0938677546780412,0.0294967825483447,0.9759868900508758,4.39470562007859,21.31902478572076,-14.81953967590888,-25.521183146559245,0.3871007212232232,0.3391192160647446,0.8203161846112078,4.616769075256693,-8.343701324092295,-16.541641045613275,-30.19826819618425,0.0725770130318717,0.1405894487184505,0.9121290736253056,4.511735968399365,137.41308385001722,False,-1.1289848994502567,imu,-0.5742266880000001,-9.3927934184,2.991960305600001,1.60764312,0.4331507699999997,-5.09644074,99.58169051870712,-38.575015498028286,134.92750099545643,395.388574529371,-16.096986000413324,False,0.2958890100141942,0.9552223268709856,468.986664926585,-45.52689137079583,79.01052472734177,277.93952613315935,False,inf
60.594888,-79493.54778173649,-300.64810526402783,469.7469709807483,-44.08782356655797,51.16177107684997,59.953839502989965,280.4001140377077,-4366345.293343425,20.33354778255046,60.00903086611424,3744208343.96503,49.15137617809484,51.16177107684997,-3817846830907.5454,36.13363336795598,-1.8435075897526425,175.24656108922088,118.46152057064263,-83694.84380135572,-87.3752543174353,172.57532744917617,280.4001140377077,-256023215518.9538,1231.247472460058,584.2818309743486,43.93667124154125,-2164804.7308531143,1470825098808.5044,3.00000000000081,-0.8579830000000719,-21116637.5286752,-13.55910229494786,395.4570747717444,-16.032667215677066,0.0,-1.163951879596723e-19,0.0,1.1500943340141238e-18,-411.3640810617031,1.2202850519793125,-411.3640810617031,0.0,-508.84185307303073,0.0,0.0,2810.8199999995413,-14.617700000000385,0.0,0.0,0.0,0.0,0.0,0.0,0.0,0.0,0.0,0.0,0.0,3785.529999999592,-83.48819999998136,0.0,0.0,0.0,0.0,0.0,0.0,0.0,0.0,0.0,0.0,0.0,7388.629999999626,-42.010500000012144,0.0,0.0,0.0,0.0,0.0,0.0,0.0,0.0,0.0,999.0000000004476,999.0000000004476,1.000000000000032,-83.76424024714433,gaze,0.4987308449052547,0.4721144899180762,-146.05098421548433,-97.74707536254093,1181.0212558650808,-36.88184713627376,-17.534153580870512,-33.06188180471718,-0.0936634185779348,0.0279844945877517,0.9764705936263096,4.398431908364932,21.213029755395144,-14.743935357508118,-25.666153145471725,0.3880080599361003,0.3415902304418926,0.8193696425144027,4.627690610521298,-7.469187551881346,-16.52596371536332,-30.22896395709473,0.0718148851928553,0.1399718755404564,0.9124206472111508,4.515490411181211,89.63892951943829,False,-1.1681034472698897,imu,-0.5784137576,-9.419710294400002,2.9901658472,2.09364227,0.9341037399999998,-5.16373293,99.5739638742188,-38.56749669010547,134.89219902706785,395.4570747717444,-16.032667215677066,False,0.3372321810991617,0.9414215081625776,469.6237826271605,-45.6324379616548,79.80412921340037,280.4001140377077,False,inf
60.603287,-80399.73952173689,-303.0485631842219,470.32113061885866,-44.18708029936647,51.53382754791123,60.48512537826545,282.8762447571368,-4418031.222263455,20.516225535202224,60.54080516198908,3790795380.503451,49.52876748258829,51.53382754791123,-3865835751450.008,36.33579007499705,-1.859812353133346,176.1100282266363,119.32293691844552,-84648.0044262693,-88.1043143664768,173.4250053517448,282.8762447571368,-259239119674.3731,1240.1832159301412,589.1332780894655,44.29667050172464,-2190394.3508363906,1489299756220.3052,3.000000000000832,-0.8579830000000772,-21369237.866081446,-13.66782945625406,395.5259869253741,-15.96794355938573,0.0,-1.1737291773545664e-19,0.0,1.1597552267845797e-18,-414.5917563855044,1.2300702069410203,-414.5917563855044,0.0,-512.827845274068,0.0,0.0,2810.8199999995486,-14.61770000000044,0.0,0.0,0.0,0.0,0.0,0.0,0.0,0.0,0.0,0.0,0.0,3785.529999999606,-83.48819999998136,0.0,0.0,0.0,0.0,0.0,0.0,0.0,0.0,0.0,0.0,0.0,7388.629999999655,-42.01050000001237,0.0,0.0,0.0,0.0,0.0,0.0,0.0,0.0,0.0,999.0000000004528,999.0000000004528,1.0000000000000338,-84.33209838749048,gaze,0.4996751073862968,0.47328520323798,-146.5435119291747,-97.83554865651436,1181.099755420474,-36.912271936736886,-17.52270548546026,-33.04798514173039,-0.0934562439954553,0.0264711626563363,0.9769546133120596,4.4021981918603,21.111127656020862,-14.669103336212528,-25.807888443846505,0.3889177202249305,0.3440624247834835,0.8184211193439398,4.638693918549635,-7.011074114087315,-16.510474498168396,-30.26484467077621,0.071068031094437,0.139359310199875,0.9127096062571626,4.519303735140111,57.44247446976794,False,-1.202808318350592,imu,-0.5766192992000001,-9.440645642400002,2.9776046384,2.54973378,1.3528107,-5.13382529,99.56671186802816,-38.55997568396277,134.85720039028234,395.5259869253741,-15.96794355938573,False,0.3781887544477885,0.9257285055615552,470.264789543125,-45.7355746271524,80.44562337117054,282.8762447571368,False,inf
60.604589,-80540.95130220774,-303.4219910696836,470.4104210104151,-44.20250382819677,51.59169166228815,60.56780381328211,283.261460271831,-4426086.971217871,20.54465795034014,60.62355960268222,3798058555.68557,49.58746264000311,51.59169166228815,-3873317921632.748,36.36720341871086,-1.8623496185400643,176.2441679323275,119.4569057013776,-84796.53462123549,-88.21774184794455,173.5570039646729,283.261460271831,-259740523900.60352,1241.5729080273404,589.88815419495,44.35268607408637,-2194382.758163884,1492180212188.8208,3.000000000000824,-0.8579830000000754,-21408610.96364872,-13.684745024968242,395.5367058261536,-15.957874534567908,0.0,-1.1752505949622728e-19,0.0,1.1612585309416877e-18,-415.0938689835505,1.231592563065706,-415.0938689835505,0.0,-513.447919466396,0.0,0.0,2810.8199999995268,-14.617700000000356,0.0,0.0,0.0,0.0,0.0,0.0,0.0,0.0,0.0,0.0,0.0,3785.529999999577,-83.48819999998136,0.0,0.0,0.0,0.0,0.0,0.0,0.0,0.0,0.0,0.0,0.0,7388.629999999612,-42.01050000001226,0.0,0.0,0.0,0.0,0.0,0.0,0.0,0.0,0.0,999.0000000004547,999.0000000004547,1.000000000000032,-84.42040513248465,gaze,0.5591123447618578,0.5886247639990924,-146.0139766029827,-97.419135141189,1181.189361419725,-37.382863895037616,-16.97610764951297,-33.00120890394084,-0.0889180822057454,-0.0658452219909991,0.9938542858871444,4.712118503245565,20.71135564955244,-13.897000715254372,-26.400775848183184,0.3900483240333087,0.4323066638841566,0.8122367644015371,5.07387907686555,-7.815229914482026,-15.83804545736505,-29.013205388348105,0.1318558885143265,0.1649430207922819,0.9170237019847732,4.700108525795841,54.59243619715565,False,-1.0,imu,-0.5975620477412835,-9.557074813654364,2.720688666382165,1.87039995853786,-0.5635423451150562,-5.319015674504706,99.56562467124556,-38.55880969874921,134.8518034475816,395.5367058261536,-15.957874534567908,False,0.3863461140376182,0.9223538801176216,470.3644920891119,-45.75134195214256,80.52828936073801,283.261460271831,False,inf
60.611686,-81314.16075487083,-305.4637012462625,470.8984781947957,-44.28674961230831,51.907992000261466,61.01998297006778,285.36769220910656,-4470203.74638617,20.700178416765784,61.076154434456605,3837844985.164984,49.9083118925992,51.907992000261466,-3914306023040.28,36.53878882453651,-1.8762259029974355,176.9766960191974,120.18919948019638,-85609.8127592005,-88.83795677717502,174.2778447430796,285.36769220910656,-262487258719.642,1249.1691373025058,594.0161805718293,44.65900789229303,-2216225.096991347,1507959592499.6812,3.00000000000081,-0.8579830000000737,-21624248.899829067,-13.777237224446962,395.59530436836303,-15.902821091940666,0.0,-1.183570858198522e-19,0.0,1.1694797361164516e-18,-417.8391536004232,1.239916614586424,-417.8391536004232,0.0,-516.8381278655455,0.0,0.0,2810.8199999995268,-14.617700000000326,0.0,0.0,0.0,0.0,0.0,0.0,0.0,0.0,0.0,0.0,0.0,3785.529999999584,-83.4881999999809,0.0,0.0,0.0,0.0,0.0,0.0,0.0,0.0,0.0,0.0,0.0,7388.629999999612,-42.01050000001226,0.0,0.0,0.0,0.0,0.0,0.0,0.0,0.0,0.0,999.0000000004512,999.0000000004512,1.0000000000000302,-84.9030684002024,gaze,0.5006092249632569,0.4744468890873349,-146.77132201509326,-97.88604769516084,1181.1940886063269,-36.94195002937055,-17.511226939688257,-33.03321381255912,-0.0932462513003925,0.0249572671564942,0.9774387683138762,4.406002982780697,21.013218928922026,-14.595100238284164,-25.946229393957857,0.3898293631771087,0.3465349283484378,0.8174709587542314,4.649775597631412,-6.888911787622265,-16.49516906309318,-30.30557433615301,0.0703366475572235,0.1387519038781002,0.9129958711940572,4.523174738274014,44.92496863494606,False,-1.2315898192363732,imu,-0.5754229936,-9.4316733504,2.975810180000001,3.00582529,1.81637912,-4.999240909999999,99.5598503080778,-38.552453781359,134.82252414538087,395.59530436836303,-15.902821091940666,False,0.4186632538369332,0.9081415527805518,470.90950382629313,-45.836229342879214,80.92797213891606,285.36769220910656,False,inf
60.620084,-82236.75694603783,-307.8932938022089,471.4789581778232,-44.3868208572307,52.284228279869176,61.558365301648166,287.87422319899275,-4522859.98845458,20.8853907765485,61.61503166297405,3885354908.882151,50.28997237897829,52.284228279869176,-3963255400032.919,36.74260768155428,-1.892746777072028,177.8464675622003,121.06022423443304,-86580.21132838118,-89.57611381542387,175.13375039333468,287.87422319899275,-265767481841.6249,1258.2043642515548,598.9301006338254,45.023650843786605,-2242295.548948855,1526803741209.0464,3.0000000000008384,-0.8579830000000754,-21881657.04154429,-13.887315582525648,395.6650202889423,-15.837306060061678,0.0,-1.193476050562035e-19,0.0,1.1792670008197142e-18,-421.10597134882187,1.2498233734110171,-421.10597134882187,0.0,-520.8723280571252,0.0,0.0,2810.819999999534,-14.61770000000044,0.0,0.0,0.0,0.0,0.0,0.0,0.0,0.0,0.0,0.0,0.0,3785.529999999599,-83.48819999998113,0.0,0.0,0.0,0.0,0.0,0.0,0.0,0.0,0.0,0.0,0.0,7388.629999999655,-42.010500000012485,0.0,0.0,0.0,0.0,0.0,0.0,0.0,0.0,0.0,999.0000000004566,999.0000000004566,1.0000000000000373,-85.47709506630933,gaze,0.5015328214779613,0.475599099761549,-146.3708285879313,-97.87895974735063,1181.3125969029556,-36.970877523518574,-17.49972285087766,-33.0176266542076,-0.0930334623852202,0.0234432883645769,0.9779228777865868,4.409844771715898,20.91920493574309,-14.521980098377623,-26.08103169422865,0.3907426482250274,0.349006869969906,0.8165195055952935,4.660932194078558,-7.019299745475109,-16.480043128834026,-30.350670471039727,0.0696209217394932,0.1381498043920203,0.913279364251392,4.527102182802257,44.22829840725209,False,-1.2529849497214818,imu,-0.565254396,-9.423299211200002,2.9865769304,3.03573293,2.21265535,-4.954379449999999,99.55330232118958,-38.54493228139943,134.78818889691678,395.6650202889423,-15.837306060061678,False,0.4585587979774919,0.8886640697121931,471.557737069485,-45.934335925405655,81.2443883934568,287.87422319899275,False,inf
60.622727,-82528.83699889418,-308.66098981482594,471.6623099817352,-44.41840086754729,52.40307574857593,61.72854891180329,288.6662653792712,-4539533.744657278,20.94394651735353,61.78537170591327,3900404062.79136,50.41053619181064,52.40307574857593,-3978761525041.159,36.806928138663096,-1.8979688783265047,178.12086465380236,121.3353609088476,-86887.42316120015,-89.80938024800705,175.4037755488386,288.6662653792712,-266806582388.92163,1261.058365126327,600.4831594511783,45.13889810227877,-2250550.880278664,1532773140899.9473,3.000000000000832,-0.8579830000000737,-21963172.89106172,-13.922101120893,395.6870455118624,-15.816604247780331,0.0,-1.1966068217390288e-19,0.0,1.182360498159714e-18,-422.1382087344659,1.2529539791211686,-422.1382087344659,0.0,-522.1470266827288,0.0,0.0,2810.819999999512,-14.61770000000044,0.0,0.0,0.0,0.0,0.0,0.0,0.0,0.0,0.0,0.0,0.0,3785.529999999584,-83.4881999999809,0.0,0.0,0.0,0.0,0.0,0.0,0.0,0.0,0.0,0.0,0.0,7388.629999999641,-42.01050000001226,0.0,0.0,0.0,0.0,0.0,0.0,0.0,0.0,0.0,999.0000000004566,999.0000000004566,1.0000000000000338,-85.65839999450284,gaze,0.5018212978353274,0.4759597399560651,-146.08313429449433,-97.86302301436216,1181.3557390031724,-36.979826962232046,-17.496097307354127,-33.01256074217454,-0.0929659097495868,0.0229668056006912,0.9780752185001088,4.411061430611941,20.890403228699807,-14.499155679528055,-26.122708990244,0.391030400363398,0.3497846865439921,0.816219812553046,4.664458804258021,-7.100814463181273,-16.47531853649937,-30.36567994900349,0.0693989073030827,0.1379614079144649,0.91336801121055,4.528349867413711,44.39599492688557,False,-1.2579665143437464,imu,-0.596379912388527,-9.555586271830537,2.7271767269117224,2.461553311624205,-0.1834331201774246,-5.348403633153168,99.2079036,-37.66534600000002,134.9689216,395.6870455118624,-15.816604247780331,False,0.4709809602712998,0.8821433755699379,471.7624731169499,-45.96467909165315,81.30860374577654,288.66626537927124,False,inf
60.62457,-82732.99814709625,-309.19718363844925,471.7903523597761,-44.44044639051998,52.48607441557472,61.84743189597209,289.21947364363166,-4551189.556289673,20.98485382669244,61.90436396589445,3910925611.00897,50.494734302735154,52.48607441557472,-3989602849756.213,36.85182933523266,-1.9016167643210045,178.3123939699438,121.527504137403,-87102.16078671654,-89.97231138379874,175.59225396198107,289.21947364363166,-267533082800.2524,1263.0514670333444,601.5679918699485,45.21940007777198,-2256321.7934881905,1536946722687.861,3.000000000000832,-0.8579830000000754,-22020158.582338497,-13.946397855334292,395.7024279534908,-15.802145009436629,0.0,-1.1987937658942852e-19,0.0,1.1845214053432873e-18,-422.8591695739986,1.2551406204352604,-422.8591695739986,0.0,-523.037329481205,0.0,0.0,2810.8199999995195,-14.617700000000356,0.0,0.0,0.0,0.0,0.0,0.0,0.0,0.0,0.0,0.0,0.0,3785.5299999995696,-83.4881999999809,0.0,0.0,0.0,0.0,0.0,0.0,0.0,0.0,0.0,0.0,0.0,7388.629999999626,-42.0105000000126,0.0,0.0,0.0,0.0,0.0,0.0,0.0,0.0,0.0,999.0000000004566,999.0000000004566,1.0000000000000338,-85.78501053886075,gaze,0.5583042117433081,0.5881641314617341,-144.0302718265147,-96.8124532748412,1181.4379828163003,-37.37284955082893,-16.98308186768587,-32.96982550225298,-0.0873025526973977,-0.0653429246214033,0.9940321022180842,4.714564083810842,20.40996009347,-13.6543058887443,-26.84680230140764,0.4014682177352117,0.4410436584993873,0.8021025433940676,5.201037378351358,-8.113219130630089,-15.61003408229112,-29.401996305267904,0.1421382494978767,0.175579139378051,0.9093777890592298,4.806919251231342,43.81881747057333,False,-1.0,imu,-0.5962564220360563,-9.555436694536631,2.727830739203174,2.517629290805242,-0.1410233833707479,-5.351165163196198,99.5499080459257,-38.54091442234526,134.76999083360687,395.7024279534908,-15.802145009436629,False,0.4869579513560615,0.8734254138798043,471.90544038309895,-45.98568544868789,81.25576268718896,289.21947364363166,False,inf
60.628483,-83167.80387849097,-310.3379841785791,472.06272263078336,-44.48731916150109,52.66263478420532,62.10041798839149,290.396501029132,-4576015.926447392,21.07191322409621,62.15758259616307,3933339918.9672303,50.673848401254574,52.66263478420532,-4012699169543.921,36.94729757473424,-1.909379422798248,178.71955684817215,121.93623865656367,-87559.4900939073,-90.31898176822266,175.99293301488825,290.396501029132,-269080813138.6872,1267.2912556312667,603.8763582100244,45.39069721968364,-2268613.6217385763,1545838085514.2314,3.000000000000832,-0.8579830000000737,-22141540.881394103,-13.998093886504623,395.7351528070849,-15.771381279315449,0.0,-1.2034474261101168e-19,0.0,1.1891196607514666e-18,-424.39307670900473,1.259793125376726,-424.39307670900473,0.0,-524.9315159556185,0.0,0.0,2810.8199999995195,-14.617700000000385,0.0,0.0,0.0,0.0,0.0,0.0,0.0,0.0,0.0,0.0,0.0,3785.529999999577,-83.48819999998068,0.0,0.0,0.0,0.0,0.0,0.0,0.0,0.0,0.0,0.0,0.0,7388.629999999612,-42.0105000000126,0.0,0.0,0.0,0.0,0.0,0.0,0.0,0.0,0.0,999.0000000004584,999.0000000004584,1.0000000000000338,-86.05432844899069,gaze,0.5024458513714074,0.476741799808646,-145.1732625497372,-97.8045579912927,1181.460005620113,-36.99906131070364,-17.488194018157817,-33.001274573366345,-0.0928178231508913,0.0219291652428969,0.9784069338654116,4.413723420856513,20.82895645649544,-14.449768715428288,-26.21221213012452,0.3916575604859301,0.3514782613573718,0.8155667651176209,4.672164230046243,-7.33285107775018,-16.46508718237856,-30.39959107173109,0.0689207837342068,0.137552943862977,0.9135601092924454,4.5310862292083325,43.2027611116488,False,-1.2656062165100468,imu,-0.5544876456000001,-9.4346641144,3.0099048896,3.43948607,2.74351596,-4.72259524,99.54699592489692,-38.53740979320758,134.75420069117456,395.7351528070849,-15.771381279315449,False,0.4977912760070477,0.8672968612483705,472.20952798885634,-46.029868086767664,81.38839631900471,290.396501029132,False,inf
60.636882,-84107.24851019257,-312.7975488516076,472.6497164853336,-44.588233931759135,53.04317565964543,62.6460945906142,292.93429470525564,-4629668.773673773,21.25973030433923,62.70376075102817,3981797856.02907,51.05990322963057,53.04317565964543,-4062635179976.404,37.152836677323336,-1.92612239399032,179.5958673547228,122.8171594138097,-88547.59315193308,-91.0664935668212,176.85529775676804,292.93429470525564,-272427108092.5632,1276.4289462424158,608.8545202058001,45.760114797137184,-2295177.939925977,1565061795139.1206,3.000000000000845,-0.8579830000000737,-22403887.284621373,-14.109562219864763,395.8056951658373,-15.705052941426118,0.0,-1.2134841229743694e-19,0.0,1.1990368643043778e-18,-427.70017121455015,1.2698249780221134,-427.70017121455015,0.0,-529.0153223271674,0.0,0.0,2810.819999999512,-14.617700000000385,0.0,0.0,0.0,0.0,0.0,0.0,0.0,0.0,0.0,0.0,0.0,3785.529999999555,-83.48819999998022,0.0,0.0,0.0,0.0,0.0,0.0,0.0,0.0,0.0,0.0,0.0,7388.629999999597,-42.01050000001271,0.0,0.0,0.0,0.0,0.0,0.0,0.0,0.0,0.0,999.0000000004602,999.0000000004602,1.0000000000000338,-86.63471377932242,gaze,0.5033479398174016,0.4778745428256279,-143.17180693501257,-97.66144572378263,1181.6377639330385,-37.02649838186482,-17.4766453515749,-32.98421176448704,-0.0925993555442573,0.0204153771136623,0.978890755790538,4.417637419219951,20.742380781861108,-14.378515934145252,-26.33965164549551,0.3925737582454026,0.3539482309904623,0.8146130827525453,4.68346823264355,-7.789392873571213,-16.45029730692067,-30.4517667645912,0.0682364179274622,0.1369614688955529,0.9138380292697276,4.535125630264652,37.46756397731416,False,-1.268150438367765,imu,-0.5449172008000001,-9.459786532,3.0122975008,3.7609932,3.01268472,-4.59548777,99.5408683937418,-38.52988760981869,134.72057754001412,395.8056951658373,-15.705052941426118,False,0.5362610228658073,0.8440521994254371,472.8646794197615,-46.12276967159127,81.35364103197561,292.9342947052557,False,inf
60.644663,-84985.11144656636,-315.0894678259786,473.1964130359165,-44.68209613436039,53.39762854227498,63.15486919873449,295.299260494868,-4679820.265076876,21.434888712885744,63.21300297115814,4027115294.198405,51.4195037929694,53.39762854227498,-4109339325043.2007,37.34401204094314,-1.9417323108607096,180.41057915009884,123.63765749731331,-89470.91733560953,-91.7631651214894,177.6570550491101,295.299260494868,-275556810262.5765,1284.9397951288418,613.4949886844909,46.10447612322481,-2320008.8835614165,1583041224956.6924,3.00000000000086,-0.8579830000000808,-22649142.817055933,-14.21344718121318,395.8714140464263,-15.643243562905925,0.0,-1.2228408803512448e-19,0.0,1.2082822234828809e-18,-430.7818441352823,1.279174347304597,-430.7818441352823,0.0,-532.8207051795857,0.0,0.0,2810.819999999534,-14.61770000000044,0.0,0.0,0.0,0.0,0.0,0.0,0.0,0.0,0.0,0.0,0.0,3785.529999999599,-83.48819999998068,0.0,0.0,0.0,0.0,0.0,0.0,0.0,0.0,0.0,0.0,0.0,7388.629999999641,-42.010500000012826,0.0,0.0,0.0,0.0,0.0,0.0,0.0,0.0,0.0,999.0000000004676,999.0000000004676,1.0000000000000373,-87.17521854150219,gaze,0.5574915488764987,0.5877009169292713,-142.0354477399538,-96.2023707594252,1181.68799781662,-37.3627790729657,-16.99009517861866,-32.93826618639721,-0.0856779676210136,-0.0648378117117747,0.9942109152673596,4.717023372650146,20.10687511732441,-13.41025067884153,-27.29532887788728,0.4129521236534516,0.449829626809474,0.7919115167836328,5.328908443450928,-8.3355966272675,-15.436681592551812,-29.700768255900066,0.1505580750917182,0.1832257269846438,0.9030509067153576,4.892928737409247,34.26781395529584,False,-1.0,imu,-0.5948696061378576,-9.55382640011742,2.7348964656878127,3.0732338296241712,0.3449166379308977,-5.378316094390449,99.53530169289974,-38.522919525500974,134.68976595708634,395.8714140464263,-15.643243562905925,False,0.5832928850900373,0.8122619098562609,473.4745150629791,-46.2064544460915,80.86134649614203,295.299260494868,False,inf
60.64528,-85055.03405227023,-315.27175739663977,473.2398831754344,-44.689554379032245,53.425814060081066,63.195346997273546,295.4873660267164,-4683815.522857428,21.44882596703088,63.25351797168605,4030726352.5061817,51.44809911745586,53.425814060081066,-4113061063421.775,37.359202761942704,-1.9429741934465068,180.4753010253792,123.70290089098994,-89544.46066094273,-91.81857998908528,177.72074825315104,295.4873660267164,-275806207697.7064,1285.6165472521243,613.8641387941386,46.13187025725547,-2321987.0187936043,1584473956582.7188,3.000000000000845,-0.8579830000000808,-22668682.02574718,-14.22171034693546,395.8766404162179,-15.638327426686033,0.0,-1.223585249168793e-19,0.0,1.2090177301120829e-18,-431.0269471436899,1.279918010163015,-431.0269471436899,0.0,-533.1233665369048,0.0,0.0,2810.8199999995195,-14.617700000000411,0.0,0.0,0.0,0.0,0.0,0.0,0.0,0.0,0.0,0.0,0.0,3785.529999999577,-83.48819999998045,0.0,0.0,0.0,0.0,0.0,0.0,0.0,0.0,0.0,0.0,0.0,7388.629999999626,-42.010500000012826,0.0,0.0,0.0,0.0,0.0,0.0,0.0,0.0,0.0,999.0000000004692,999.0000000004692,1.0000000000000355,-87.21819482597722,gaze,0.5042387185688073,0.4789968884500391,-140.48546763593055,-97.45503064496164,1181.8444952059233,-37.05318654571575,-17.4650817724516,-32.96649059469685,-0.0923780830689867,0.0189024025935726,0.9793741629913796,4.4215852363086725,20.65938610316333,-14.308269043847046,-26.46324490247031,0.3934908985464712,0.3564159080171657,0.81365880469889,4.6948406812132575,-8.382233278885591,-16.43566970068862,-30.50665042521271,0.0675679988574461,0.1363755225973948,0.9141130490166816,4.539219104518311,33.74396707056813,False,-1.2594361082996517,imu,-0.5389356728,-9.4741421992,2.9955492224,3.95539286,3.09493073,-4.58801086,99.53486352398988,-38.52236702116932,134.68733695011454,395.8766404162179,-15.638327426686033,False,0.5738676891302632,0.8189480297139078,473.5229882558763,-46.21299145138802,81.13413536755893,295.4873660267164,False,inf
60.653679,-86011.4430442477,-317.7612643138615,473.8333771916477,-44.79130593635915,53.81064997958946,63.74832357590925,298.0563899279141,-4738472.555136204,21.63925181065004,63.807002761412,4080140564.7126927,51.8385371429828,53.81064997958946,-4163992512964.992,37.56644737529018,-1.9599393519929624,181.3580741536198,124.59369423081203,-90550.38967901171,-92.5754408138486,178.5894974912716,298.0563899279141,-279219163233.8841,1294.8564554785623,618.9065580851992,46.506063256984206,-2349048.973241297,1604080609158.3052,3.0000000000008527,-0.8579830000000772,-22936005.70020008,-14.334568145043608,395.9480069804085,-15.571187251523044,0.0,-1.233753525992444e-19,0.0,1.2190649470747992e-18,-434.37428664640106,1.290074910677977,-434.37428664640106,0.0,-537.2567372471989,0.0,0.0,2810.819999999505,-14.61770000000044,0.0,0.0,0.0,0.0,0.0,0.0,0.0,0.0,0.0,0.0,0.0,3785.529999999577,-83.48819999998022,0.0,0.0,0.0,0.0,0.0,0.0,0.0,0.0,0.0,0.0,0.0,7388.629999999641,-42.010500000012826,0.0,0.0,0.0,0.0,0.0,0.0,0.0,0.0,0.0,999.0000000004728,999.0000000004728,1.0000000000000338,-87.8049240196985,gaze,0.5051181383567083,0.480108798014046,-137.3213387711119,-97.19585632852484,1182.076510514596,-37.079133547161895,-17.45350407124341,-32.948154964175124,-0.0921539502353032,0.0173901792459732,0.9798571476690788,4.425566751521499,20.579853775045628,-14.239048230246352,-26.58294183598687,0.3944089655331563,0.3588813031051478,0.8127039364913416,4.706282108830181,-9.131045788256069,-16.42119554017478,-30.56374270003291,0.0669154608723351,0.1357950381399117,0.9143851919854996,4.543366828398948,43.53680176540205,False,-1.2384192367473663,imu,-0.5341504504000001,-9.489694172,3.0063159728,4.06754651,3.17717674,-4.670256869999999,99.52892928598858,-38.51484662773862,134.6544842343283,395.9480069804085,-15.571187251523044,False,0.6105234891742432,0.7919981497241695,474.18448260929785,-46.30052228456663,80.72412478339851,298.0563899279141,False,inf
60.662078,-86976.42021386133,-320.2658413275108,474.4301424356372,-44.89347787004181,54.19764687581755,64.30497675928419,300.64113043382827,-4793636.955261231,21.830991983110938,64.36416750861626,4130038216.2569327,52.23117986211878,54.19764687581755,-4215427256321.545,37.77454839912089,-1.9770163887121384,182.24408906756744,125.48945451439984,-91565.32195725857,-93.33700749216209,179.46144948648015,300.64113043382827,-282665822095.83093,1304.14778929397,623.9813350028321,46.88266082828928,-2376362.364211389,1623880876131.8965,3.000000000000874,-0.8579830000000825,-23205844.54349725,-14.448125480211566,396.0197879648031,-15.503638740646466,0.0,-1.2439880712789652e-19,0.0,1.229177643528897e-18,-437.7418849264215,1.3002947675349064,-437.7418849264215,0.0,-541.4150574217365,0.0,0.0,2810.819999999512,-14.61770000000044,0.0,0.0,0.0,0.0,0.0,0.0,0.0,0.0,0.0,0.0,0.0,3785.529999999592,-83.4881999999809,0.0,0.0,0.0,0.0,0.0,0.0,0.0,0.0,0.0,0.0,0.0,7388.629999999626,-42.01050000001317,0.0,0.0,0.0,0.0,0.0,0.0,0.0,0.0,0.0,999.0000000004766,999.0000000004766,1.0000000000000373,-88.39484558433344,gaze,0.505985832471626,0.4812098326787597,-133.94093250171193,-96.89819247023584,1182.328084144592,-37.10433798468842,-17.441917169153317,-32.92925304772426,-0.0919269806586465,0.0158791845369828,0.9803395294228716,4.429580433625743,20.503697536381686,-14.170896803008024,-26.69865882235893,0.3953276151792214,0.3613435453824298,0.8117488247992354,4.717788977187837,-10.07225875628897,-16.40687142780805,-30.62255214420319,0.0662789756889148,0.1352201573958217,0.9146543837567298,4.547567511618428,75.3552543861242,False,-1.204223731251849,imu,-0.5162058664000001,-9.486703408,3.011699348,4.00025432,3.22951511,-4.67773378,99.5230218059711,-38.50732771378876,134.6220362532625,396.0197879648031,-15.503638740646466,False,0.6461265519741227,0.7632302921360179,474.8489516716331,-46.385324988162346,80.11828309905597,300.64113043382827,False,inf
60.664642,-87272.71891526305,-321.0334371775159,474.6129734936558,-44.92475230297913,54.31621903898555,64.47564395359429,301.43332720800265,-4810578.859387159,21.889788225845173,64.53499154065247,4145367552.336048,52.35148422301505,54.31621903898555,-4231229810797.632,37.838247316285695,-1.9822519410336044,182.5152136936559,125.76389992072932,-91876.95779605056,-93.57043507575598,179.72827329098294,301.43332720800265,-283724751859.95776,1306.9944738176916,625.5370046518237,46.99810722344248,-2384750.806011538,1629964184763.4487,3.000000000000867,-0.857983000000079,-23288723.258101672,-14.482931490880052,396.0417836654005,-15.482936307968316,0.0,-1.2471256678434805e-19,0.0,1.2322778849913293e-18,-438.7739766576556,1.3034272155042013,-438.7739766576556,0.0,-542.6894740242249,0.0,0.0,2810.819999999512,-14.617700000000411,0.0,0.0,0.0,0.0,0.0,0.0,0.0,0.0,0.0,0.0,0.0,3785.529999999577,-83.48819999998022,0.0,0.0,0.0,0.0,0.0,0.0,0.0,0.0,0.0,0.0,0.0,7388.629999999641,-42.01050000001305,0.0,0.0,0.0,0.0,0.0,0.0,0.0,0.0,0.0,999.0000000004784,999.0000000004784,1.0000000000000373,-88.57557165901524,gaze,0.55411837059621,0.5889572897263731,-133.7281513478339,-98.07304129146698,1182.411142612184,-37.31064186463693,-17.0371858247184,-32.77804733657258,-0.0789208526046251,-0.0663304708787932,0.9946716883761982,4.696331977844238,19.64688966594862,-13.05892152583074,-27.99079698841245,0.4341198305433825,0.4540863030903868,0.7780395890150389,5.520871639251709,-8.493257677020539,-15.311707599846846,-29.92061109402882,0.1585792096451381,0.1872081108561646,0.8977161672605675,4.962041467435492,89.03475917802469,False,-1.0,imu,-0.5934169495123853,-9.552263163667051,2.7418014569878792,3.515044242666308,0.8390820495050535,-5.399465735870779,99.5212176347898,-38.505032735473385,134.612213277174,396.0417836654005,-15.482936307968316,False,0.6789758970088269,0.7341605623302433,475.0523689788008,-46.410666367665975,79.0056390034577,301.43332720800265,False,inf
60.670476,-87949.90646251081,-322.7852531684271,475.0301212916365,-44.996059248916254,54.58676720135216,64.86525728395448,303.2413442681694,-4849305.582529545,22.024030027871905,64.92496290395161,4180416817.6957374,52.6259888016549,54.58676720135216,-4267362799765.744,37.98348331113918,-1.994203770937489,183.133246551379,126.39009451182224,-92589.19522566772,-94.10320929239694,180.3365067293645,303.2413442681694,-286146016847.7201,1313.4896431408215,629.0880115247184,47.2616288913423,-2403925.6409466034,1643873795572.6265,3.000000000000867,-0.8579830000000772,-23478183.675959907,-14.562371894823766,396.09197628157926,-15.435688409599038,0.0,-1.2542879722978961e-19,0.0,1.2393549176105286e-18,-441.1294278048788,1.3105766395752143,-441.1294278048788,0.0,-545.5979384669603,0.0,0.0,2810.819999999505,-14.61770000000044,0.0,0.0,0.0,0.0,0.0,0.0,0.0,0.0,0.0,0.0,0.0,3785.529999999562,-83.48819999998,0.0,0.0,0.0,0.0,0.0,0.0,0.0,0.0,0.0,0.0,0.0,7388.629999999612,-42.01050000001305,0.0,0.0,0.0,0.0,0.0,0.0,0.0,0.0,0.0,999.0000000004766,999.0000000004766,1.0000000000000338,-88.98790226223909,gaze,0.5068414413064761,0.4822995602488978,-130.6253396983498,-96.57842247222096,1182.5919410226695,-37.12879922654915,-17.43032599154359,-32.90983133993702,-0.0916971995445071,0.0143698946500959,0.9808211282810292,4.433624733996505,20.43083199564836,-14.103855561621303,-26.810324619281733,0.3962465026310107,0.3638017657395523,0.8107938166299253,4.729357704482707,-11.249963890257376,-16.39269408398488,-30.682613320013097,0.0656587050004967,0.1346510186124754,0.9149205518716458,4.551819831250269,126.95012196422888,False,-1.156169653544609,imu,-0.4988594352000001,-9.5172092008,3.001530750400001,3.94043904,3.25194584,-4.5431494,99.51710290641564,-38.49981156005108,134.5900093143111,396.09197628157926,-15.435688409599038,False,0.6805751691704058,0.7326782643894066,475.516179526966,-46.4673703621307,79.31177957882792,303.2413442681694,False,inf
60.678875,-88932.19121284455,-325.3201656525813,475.6334707083233,-45.09907581451216,54.97811256617173,65.42931630799602,305.857718143006,-4905495.229043961,22.21841854672076,65.48954024376226,4231291922.2309513,53.02306667726095,54.97811256617173,-4319815250650.862,38.19330428121794,-2.011506114008869,184.0257652139236,127.29584907703118,-93622.313773455,-94.8742495302308,181.2148844965197,305.857718143006,-289660826506.0842,1322.884452255599,634.2279562665855,47.64306892082747,-2431747.122092315,1664065566131.542,3.000000000000896,-0.8579830000000843,-23753105.73759624,-14.677337794437344,396.1645906584336,-15.36731847222643,0.0,-1.2646560006727765e-19,0.0,1.2495995079452465e-18,-444.53781269951816,1.3209232632166554,-444.53781269951816,0.0,-549.8064878414859,0.0,0.0,2810.8199999995195,-14.617700000000497,0.0,0.0,0.0,0.0,0.0,0.0,0.0,0.0,0.0,0.0,0.0,3785.529999999577,-83.48819999998045,0.0,0.0,0.0,0.0,0.0,0.0,0.0,0.0,0.0,0.0,0.0,7388.629999999641,-42.01050000001328,0.0,0.0,0.0,0.0,0.0,0.0,0.0,0.0,0.0,999.0000000004876,999.0000000004876,1.0000000000000409,-89.5842488811014,gaze,0.5076849117719272,0.4833779386830574,-127.6404971170452,-96.25334991488664,1182.8597850540152,-37.152525735883,-17.418731321629416,-32.88992748551206,-0.0914645500941603,0.0128622459333384,0.9813019364398172,4.437699548789689,20.3611483530198,-14.037939451700232,-26.91791784281757,0.3971656107985991,0.3662559733753273,0.8098389180104915,4.740988833532745,-12.707242143781215,-16.378655360783476,-30.743508592847963,0.0650545874850904,0.1340875560935364,0.9151837193404396,4.556123979298289,180.7927488928816,False,-1.0937733586359288,imu,-0.4982612824000001,-9.5231907288,2.9883713888,3.96286977,3.27437657,-4.55062631,99.51113770748704,-38.49229675958064,134.5584079378129,396.1645906584336,-15.36731847222643,False,0.7137798001862682,0.7003701855776351,476.1861853610358,-46.54666536707077,78.29992712862015,305.857718143006,False,inf
60.684734,-89622.58847282862,-327.09751363103493,476.0563180717927,-45.17118958134444,55.25240332298392,65.82500167247598,307.69227784333617,-4944998.653761625,22.354810277917487,65.88558918856413,4267073880.268902,53.3013817940377,55.25240332298392,-4356709609322.684,38.340183055103495,-2.023643074740156,184.65030233736056,127.93066400062855,-94348.43436244482,-95.41493625181523,181.82953410624071,307.69227784333617,-292133083363.1956,1329.4689222724387,637.8329152771555,47.91059803426141,-2451306.8028680533,1678268109262.8633,3.000000000000881,-0.857983000000079,-23946406.462991856,-14.757955742881585,396.21549323226463,-15.319380233799563,0.0,-1.271928346200072e-19,0.0,1.256785271524185e-18,-446.9275951140492,1.3281786629958443,-446.9275951140492,0.0,-552.7572642079555,0.0,0.0,2810.8199999994904,-14.617700000000356,0.0,0.0,0.0,0.0,0.0,0.0,0.0,0.0,0.0,0.0,0.0,3785.529999999555,-83.48819999997977,0.0,0.0,0.0,0.0,0.0,0.0,0.0,0.0,0.0,0.0,0.0,7388.629999999583,-42.01050000001294,0.0,0.0,0.0,0.0,0.0,0.0,0.0,0.0,0.0,999.0000000004802,999.0000000004802,1.000000000000032,-90.00216370927818,gaze,0.55039980667205,0.5876279089634032,-124.563793066248,-96.36929119180787,1183.412641623362,-37.2459478925979,-17.08985058986456,-32.58007117822325,-0.0714724828056678,-0.0648927884557472,0.9953293978417554,4.668656349182129,20.314379959648708,-13.992643955862308,-26.990533000952084,0.3978067051153841,0.3679651310039221,0.8091730535141719,4.749137463068546,-14.30459496423695,-15.618665050893592,-30.53811943015006,0.1154824075225237,0.1385124246168939,0.9151718201026574,4.930204717383459,207.63038031155824,False,-1.0,imu,-0.5918817289882897,-9.550730325301767,2.748619303088897,3.8420187064278464,1.313480995340876,-5.414217245499025,99.50693419108345,-38.487056096059135,134.53662388439312,396.21549323226463,-15.319380233799563,False,0.7424800523252113,0.6698681750159143,476.655092026143,-46.6003427402437,77.10941792163526,307.6922778433362,False,inf
60.687274,-89923.21690668832,-327.8703456846184,476.2401335429777,-45.20251669142334,55.37164572999252,65.99710511856935,308.4900110331424,-4962202.847603798,22.414141283837644,66.05785076979934,4282661133.1010633,53.42237532151413,55.37164572999252,-4372782212470.3,38.40398889706661,-2.028921901742635,184.92154622623627,128.20663168408012,-94664.61694823584,-95.65005815511158,182.09648566200767,308.4900110331424,-293210090142.0923,1332.331318365241,639.4007160153502,48.0269471920544,-2459825.3032848453,1684455263257.8125,3.000000000000867,-0.8579830000000772,-24030596.31719125,-14.793012824351017,396.2376240634785,-15.298535387896436,0.0,-1.275091253615338e-19,0.0,1.2599105224930273e-18,-447.96672839154695,1.3313337065626267,-447.96672839154695,0.0,-554.040320592731,0.0,0.0,2810.819999999483,-14.617700000000385,0.0,0.0,0.0,0.0,0.0,0.0,0.0,0.0,0.0,0.0,0.0,3785.529999999533,-83.48819999997909,0.0,0.0,0.0,0.0,0.0,0.0,0.0,0.0,0.0,0.0,0.0,7388.629999999554,-42.01050000001305,0.0,0.0,0.0,0.0,0.0,0.0,0.0,0.0,0.0,999.0000000004802,999.0000000004802,1.0000000000000302,-90.18382864362148,gaze,0.5085158860057778,0.4844445375329766,-125.2061837294873,-95.93887091539614,1183.1225329813035,-37.17551757936224,-17.40713808181147,-32.86958423473965,-0.0912290576825013,0.0113567132225203,0.9817817741819076,4.441803329479907,20.2945663857838,-13.97318550117522,-27.021386897925343,0.3980845938359789,0.3687052994940191,0.8088844763082865,4.752678766424914,-14.476130125119916,-16.36475236803596,-30.804824559376765,0.0644667819628593,0.133529906827792,0.9154438144762288,4.5604786246042925,214.4115858585156,False,-1.0168060827419465,imu,-0.4773259344000001,-9.543527924,2.9859787776,4.02268505,3.21456129,-4.58801086,99.50509855047824,-38.484784587826894,134.5272477313407,396.2376240634785,-15.298535387896436,False,0.7456387190940799,0.6663504337717052,476.8587470191472,-46.62319482777282,77.07879919347955,308.4900110331424,False,inf
60.695673,-90923.04164593674,-330.43585945252283,476.850123940726,-45.3063831968347,55.767375682229456,66.56864155348356,311.13829077967887,-5019432.0056118965,22.611204912405995,66.62991233561657,4334528040.673309,53.82392346821752,55.767375682229456,-4426267461119.228,38.61553957815465,-2.0464516593958115,185.82059644290683,129.12246280890312,-95716.16574393758,-96.43065612957292,182.98131710738804,311.13829077967887,-296794060437.72235,1341.8304530720927,644.6064441678466,48.41327499578337,-2488161.9552781656,1705044338499.541,3.000000000000874,-0.857983000000079,-24310673.36465361,-14.909400201518263,396.31107803910345,-15.229337545521446,0.0,-1.285594051837784e-19,0.0,1.2702882781477593e-18,-451.4162660904465,1.3418082591291929,-451.4162660904465,0.0,-558.2995486806735,0.0,0.0,2810.819999999476,-14.617700000000385,0.0,0.0,0.0,0.0,0.0,0.0,0.0,0.0,0.0,0.0,0.0,3785.529999999533,-83.48819999997909,0.0,0.0,0.0,0.0,0.0,0.0,0.0,0.0,0.0,0.0,0.0,7388.629999999539,-42.01050000001328,0.0,0.0,0.0,0.0,0.0,0.0,0.0,0.0,0.0,999.0000000004856,999.0000000004856,1.0000000000000338,-90.78665521917878,gaze,0.5093341104153901,0.4854990584132203,-123.46260747519143,-95.64826285099608,1183.370863583534,-37.19777815063878,-17.395549812249456,-32.848840321004495,-0.0909907207604948,0.0098535906873389,0.98226051938861,4.445935005823991,20.230999306843007,-13.909620785270624,-27.120703372918832,0.3990032148289247,0.3711491687792984,0.8079307252933349,4.764425267909014,-16.568945893973375,-16.350980701845888,-30.8661799834349,0.0638953700107641,0.13297813871256,0.9157007980404388,4.564882932298053,219.93986816893377,False,-0.9252971309950472,imu,-0.4683536424000001,-9.541733465600002,2.972819416000001,3.74603938,3.01268472,-4.67773378,99.49896188572964,-38.47727542242732,134.49654007403467,396.31107803910345,-15.229337545521446,False,0.776054862409219,0.6306654029919576,477.5337188028446,-46.696961157427005,75.64491178181825,311.13829077967887,False,inf
60.704071,-91931.60316387296,-333.01646512127377,477.4633828634696,-45.41066420784307,56.165263925902345,67.14387478427801,313.80230722944066,-5077179.379070044,22.80959242354824,67.20567406540769,4386889987.629088,54.22767166120624,56.165263925902345,-4480268329484.648,38.82793340496208,-2.06409380617288,186.7228150904369,130.0432530355387,-96776.89455964562,-97.21597067559544,183.8692797866129,313.80230722944066,-300412558339.8792,1351.380928177712,649.8446688628243,48.80201721951529,-2516755.436585348,1725831763187.5918,3.000000000000909,-0.8579830000000843,-24593321.10098004,-15.026489167247174,396.38494530984826,-15.1597316436102,0.0,-1.2961634544390708e-19,0.0,1.2807318452104017e-18,-454.8861028617142,1.3523459526617416,-454.8861028617142,0.0,-562.5837727207106,0.0,0.0,2810.8199999994904,-14.617700000000468,0.0,0.0,0.0,0.0,0.0,0.0,0.0,0.0,0.0,0.0,0.0,3785.529999999548,-83.48819999997954,0.0,0.0,0.0,0.0,0.0,0.0,0.0,0.0,0.0,0.0,0.0,7388.629999999641,-42.01050000001362,0.0,0.0,0.0,0.0,0.0,0.0,0.0,0.0,0.0,999.0000000004948,999.0000000004948,1.0000000000000409,-91.39266995977152,gaze,0.5101392380392697,0.4865410812932307,-122.45761908987674,-95.39069069363036,1183.595585733283,-37.21930867760941,-17.383971428202173,-32.82773534852539,-0.0907495669423572,0.0083533500677307,0.9827379933902448,4.4500930096421865,20.17036962571928,-13.847277858727924,-27.21583714133825,0.3999211271642103,0.3735867166642531,0.8069780122094877,4.7762246837772615,-18.96866074814702,-16.337337756290864,-30.927210891650656,0.0633404958590482,0.1324323832850993,0.915954601343406,4.56933552761529,209.9065039304651,False,-0.8195765184738856,imu,-0.4617739616000001,-9.5423316184,2.9716231104,3.82828539,2.90800798,-4.602964679999999,99.49270942867196,-38.4697705317978,134.46629951851577,396.38494530984826,-15.1597316436102,False,0.8049286156697067,0.5933716572908159,478.21087176098496,-46.76796643951118,73.99555826569504,313.80230722944066,False,inf
60.704715,-92009.31187190572,-333.214996180971,477.5105489078314,-45.41867864852492,56.19586725393751,67.18814242767998,314.0072617102677,-5081629.508173466,22.82486156550406,67.24998237878457,4390926153.344521,54.25872610379517,56.19586725393751,-4484431038636.414,38.84425672400524,-2.065451433571845,186.79213706805697,130.1140735671269,-96858.62234759924,-97.27639160250772,183.9375069417873,314.0072617102677,-300691492785.7574,1352.1154777525,650.247733188988,48.83192977876753,-2518958.9178143498,1727434176233.8145,3.000000000000888,-0.8579830000000808,-24615103.9338013,-15.035497752002366,396.39062728214594,-15.15437668911477,0.0,-1.2969767785661572e-19,0.0,1.2815354861903153e-18,-455.1530445592569,1.3531567011733934,-455.1530445592569,0.0,-562.9133641088155,0.0,0.0,2810.819999999483,-14.617700000000385,0.0,0.0,0.0,0.0,0.0,0.0,0.0,0.0,0.0,0.0,0.0,3785.529999999541,-83.48819999997886,0.0,0.0,0.0,0.0,0.0,0.0,0.0,0.0,0.0,0.0,0.0,7388.629999999597,-42.010500000013394,0.0,0.0,0.0,0.0,0.0,0.0,0.0,0.0,0.0,999.0000000004892,999.0000000004892,1.0000000000000355,-91.43927711840556,gaze,0.5495619110312525,0.586922005502513,-122.5046394423564,-95.42653728813922,1183.742465232419,-37.20408568769584,-17.11828286621592,-32.45634507493551,-0.0698212644782914,-0.0640978411295215,0.9954980953217274,4.660407066345215,20.16583882060812,-13.842547899025089,-27.222959948593203,0.3999914856739326,0.3737733745001353,0.8069049983192088,4.777131698756212,-20.0782612772276,-15.955010787660049,-31.089189969924767,0.0714051304441091,0.0890467122016739,0.9336623341381348,4.883686372641391,208.87713148350525,False,-1.0,imu,-0.5902808662266126,-9.549246045142052,2.755269236610233,4.05246484187898,1.7429699463358312,-5.421844285010022,99.49222469931868,-38.46919517003479,134.46399995968196,396.39062728214594,-15.15437668911477,False,0.8129768404264544,0.5822960217365555,478.2628882598351,-46.77329833663915,73.37934287658139,314.0072617102677,False,inf
60.71247,-92949.20026088934,-335.6128438178114,478.080070585137,-45.515385881717066,56.56541425582693,67.72295975009237,316.4827630267415,-5135462.320358753,23.009357779411765,67.78529104001078,4439763068.817057,54.633724828705496,56.56541425582693,-4534801490396.08,39.04122338633997,-2.08185307187246,187.62842388737,130.96924223527466,-97847.11753629424,-98.00620989535848,184.76059205135405,316.4827630267415,-304066700725.28406,1360.985230856128,655.1167919088746,49.19327779973462,-2545614.3436328825,1746823953466.1477,3.000000000000909,-0.8579830000000861,-24878624.954391938,-15.14431084227545,396.459245015898,-15.08969948716225,0.0,-1.306802301227775e-19,0.0,1.2912440296797545e-18,-458.37715678830216,1.3629495879422244,-458.37715678830216,0.0,-566.8941256113778,0.0,0.0,2810.819999999469,-14.617700000000385,0.0,0.0,0.0,0.0,0.0,0.0,0.0,0.0,0.0,0.0,0.0,3785.529999999533,-83.48819999997909,0.0,0.0,0.0,0.0,0.0,0.0,0.0,0.0,0.0,0.0,0.0,7388.629999999583,-42.01050000001351,0.0,0.0,0.0,0.0,0.0,0.0,0.0,0.0,0.0,999.0000000004912,999.0000000004912,1.0000000000000373,-92.00203093517106,gaze,0.5109312105392615,0.4875705594045615,-122.15968271038248,-95.16952946174383,1183.788166632218,-37.24011837541416,-17.372403705456716,-32.806299768093794,-0.0905055378139827,0.0068559263690708,0.983214188268068,4.454277258709074,20.112580563291363,-13.786165238570112,-27.30680089669467,0.4008383116950165,0.3760179497280594,0.806026344066615,4.788077567872425,-21.62102856285445,-16.323816238272283,-30.987599026001703,0.0628021040484886,0.1318925764759571,0.9162052467640844,4.573836622664922,202.0902555786369,False,-0.7002472249142374,imu,-0.4617739616000001,-9.5501076048,2.9722212632,3.70865483,2.66126995,-4.647826139999999,99.48632486845572,-38.46226850096188,134.43652943248895,396.459245015898,-15.08969948716225,False,0.8321716985446416,0.5545180467228512,478.8902168547517,-46.836246215677214,72.12803920754266,316.4827630267415,False,inf
60.720869,-93975.77224286894,-338.224755914425,478.7001285478809,-45.62053715196237,56.967788486688285,68.30584618222248,319.1794103037425,-5194277.600981474,23.210484175289725,68.36871294387811,4493144721.644413,55.0420438246725,56.967788486688285,-4589864376116.427,39.25538671393942,-2.099727892449314,188.5373224501213,131.90034170645689,-98926.77072436643,-98.80130170253314,185.65515524209889,319.1794103037425,-307756315192.13904,1370.6424403000192,660.4223463325455,49.58702198484031,-2574737.0823190864,1768019918875.0557,3.000000000000924,-0.8579830000000808,-25166569.62444291,-15.262854572468887,396.5339699384895,-15.019247717717974,0.0,-1.317509661410027e-19,0.0,1.301823911843617e-18,-461.8891079423014,1.3736182061259172,-461.8891079423014,0.0,-571.2302116661172,0.0,0.0,2810.819999999476,-14.617700000000468,0.0,0.0,0.0,0.0,0.0,0.0,0.0,0.0,0.0,0.0,0.0,3785.529999999526,-83.48819999997909,0.0,0.0,0.0,0.0,0.0,0.0,0.0,0.0,0.0,0.0,0.0,7388.629999999612,-42.010500000013735,0.0,0.0,0.0,0.0,0.0,0.0,0.0,0.0,0.0,999.000000000502,999.000000000502,1.000000000000039,-92.6146799646722,gaze,0.5117096829777339,0.4885870747642182,-122.47768682286724,-94.9809897401182,1183.9409935895749,-37.2602090492096,-17.36085155251876,-32.78457003396425,-0.0902586612362684,0.0053617897194996,0.983688925719871,4.458486186054443,20.057559296856496,-13.726311982206822,-27.39358190119316,0.401754420917471,0.3784420041631435,0.805076068321494,4.79998025191073,-24.42865162834609,-16.310413911913514,-31.047027596879754,0.0622803358631807,0.1313588485307,0.91645266641858,4.5783848352437,204.36852338887417,False,-0.5682851793554984,imu,-0.472540712,-9.5363500904,2.942911776,3.45443989,2.33228591,-4.84970271,99.47979803303556,-38.4547705935724,134.40724359645765,396.5339699384895,-15.019247717717974,False,0.857686844302037,0.5141724196329605,479.5715215219833,-46.90181904314985,70.04088080642605,319.17941030374254,False,inf
60.72429,-94396.49152830718,-339.2930822125832,478.9536538218699,-45.66348978758037,57.13231916565047,68.54435555922366,320.2824391114124,-5218387.08274889,23.29279668310383,68.60744142024767,4515034224.563088,55.20900782323648,57.13231916565047,-4612444768921.386,39.34286852945205,-2.107041733560153,188.9084707249804,132.28105759149412,-99369.24171234596,-99.12654651405364,186.02045344596627,320.2824391114124,-309269359236.84674,1374.5911346503824,662.5929711245076,49.748112526759385,-2586675.1067004483,1776711999214.0625,3.0000000000009166,-0.8579830000000825,-25284613.5578779,-15.31134635966352,396.5645284033326,-14.990431342350972,0.0,-1.3218905915080265e-19,0.0,1.3061526841466737e-18,-463.3255726368028,1.3779823370454989,-463.3255726368028,0.0,-573.0037459058087,0.0,0.0,2810.819999999469,-14.617700000000385,0.0,0.0,0.0,0.0,0.0,0.0,0.0,0.0,0.0,0.0,0.0,3785.529999999519,-83.48819999997909,0.0,0.0,0.0,0.0,0.0,0.0,0.0,0.0,0.0,0.0,0.0,7388.629999999568,-42.01050000001351,0.0,0.0,0.0,0.0,0.0,0.0,0.0,0.0,0.0,999.0000000005002,999.0000000005002,1.0000000000000373,-92.86516383699949,gaze,0.5120228369567471,0.4889973297721579,-122.75431408732204,-94.91097464631402,1183.9903732711382,-37.2681871883999,-17.35615151364963,-32.77564250681262,-0.0901572896462204,0.0047542212138125,0.983881845654482,4.460207351851082,20.035923790179684,-13.70229868071576,-27.42773131366451,0.4021271986910711,0.3794271576415593,0.8046894640078855,4.804842088664283,-25.587684651398074,-16.304988310787987,-31.070891745554515,0.0620725952766277,0.1311432125585801,0.916552509990721,4.580250675807097,207.5943500023328,False,-0.5112068113005992,imu,-0.5886407138191545,-9.547831685835694,2.7616536400596075,4.155397446214909,2.1139426293142547,-5.422041836859475,101.7836228,-38.39777800000002,134.01676,396.5645284033326,-14.990431342350972,False,0.8675629719196598,0.4973273466781489,479.84955037804286,-46.92775967990458,69.12756248441596,320.2824391114124,False,inf
60.724807,-94460.20351432386,-339.45475885653025,478.99201683187766,-45.66998724595686,57.15721619207523,68.58045557850112,320.4493697132905,-5222038.387552023,23.305255960478245,68.64357460127437,4518349691.697075,55.23427318608227,57.15721619207523,-4615864955859.399,39.3561019021987,-2.108148718162255,188.9646082579112,132.33866756231265,-99436.24755861452,-99.17576968746774,186.07570632464007,320.4493697132905,-309498535311.2738,1375.1886501301335,662.9214929955165,49.7724934523683,-2588483.0862897467,1778028561529.4756,3.000000000000931,-0.8579830000000843,-25302491.444096167,-15.318685180814173,396.5691527286972,-14.986070370503398,0.0,-1.322553656067955e-19,0.0,1.3068078544958373e-18,-463.5429622193408,1.3786428112837117,-463.5429622193408,0.0,-573.2721454352226,0.0,0.0,2810.8199999994977,-14.617700000000468,0.0,0.0,0.0,0.0,0.0,0.0,0.0,0.0,0.0,0.0,0.0,3785.529999999548,-83.48819999997909,0.0,0.0,0.0,0.0,0.0,0.0,0.0,0.0,0.0,0.0,0.0,7388.629999999612,-42.010500000013735,0.0,0.0,0.0,0.0,0.0,0.0,0.0,0.0,0.0,999.000000000504,999.000000000504,1.0000000000000426,-92.90306601896307,gaze,0.5498307521641833,0.5867098796272661,-123.179313123373,-95.13026315520784,1183.800852019731,-37.17314808126232,-17.13315260394362,-32.36825780623731,-0.07039883015813,-0.0638431597994732,0.9954737845162904,4.659557819366455,20.032692602564925,-13.698688200254503,-27.432831948906045,0.4021835149168475,0.3795759250968667,0.804631062730528,4.8055775118828175,-25.816601947744168,-16.317902532805753,-31.581178750806167,0.0259087979087016,0.0387080068539808,0.9531436264801776,4.824037790298462,208.2127398138749,False,-1.0,imu,-0.5885964309322593,-9.54779487300045,2.761820471139058,4.156830103789976,2.1230467897636376,-5.421945832433108,99.47668663830888,-38.451256608745865,134.39368200624116,396.5691527286972,-14.986070370503398,False,0.8737092668207453,0.4864484731927481,479.8915930164212,-46.931641591727534,68.44321547052292,320.4493697132905,False,inf
60.729267,-95011.25439962036,-340.85195457112286,479.3234966296859,-45.72610675024822,57.37234739837122,68.89248205687431,321.89199366690025,-5253621.755351782,23.412954180012733,68.95588770476922,4547032158.790949,55.45258844499187,57.37234739837122,-4645454185194.31,39.470400167309336,-2.11771665037348,189.4494088280975,132.83646036862714,-100015.7859540213,-99.6011717587901,186.55286915145075,321.89199366690025,-311481213686.7436,1380.3516110721446,665.7608497077268,49.98321387413717,-2604121.941069726,1789418579039.0244,3.0000000000009166,-0.8579830000000808,-25457138.637006827,-15.382109369429967,396.6091126595175,-14.948383172997753,0.0,-1.3282845725695503e-19,0.0,1.3124705407438704e-18,-465.4216267118646,1.384350818285349,-465.4216267118646,0.0,-575.5916232712228,0.0,0.0,2810.819999999454,-14.617700000000385,0.0,0.0,0.0,0.0,0.0,0.0,0.0,0.0,0.0,0.0,0.0,3785.529999999526,-83.48819999997863,0.0,0.0,0.0,0.0,0.0,0.0,0.0,0.0,0.0,0.0,0.0,7388.629999999568,-42.010500000013735,0.0,0.0,0.0,0.0,0.0,0.0,0.0,0.0,0.0,999.000000000504,999.000000000504,1.0000000000000373,-93.23055734090477,gaze,0.5124743187141692,0.4895902174143414,-123.27942775128888,-94.81245333120448,1184.0478992921796,-37.279583155310384,-17.349319865464924,-32.76258129435898,-0.0900089667335036,0.0038714076306469,0.9841620284292156,4.462718212299132,20.005233760865668,-13.667744775005357,-27.47617792927002,0.4026691074775383,0.3808580204711904,0.8041275317638059,4.811929034270231,-27.26181304755306,-16.297128658872975,-31.10520301218813,0.0617753221940515,0.1308313257859729,0.916696794560508,4.582978754333399,212.81157388919544,False,-0.4250325460611255,imu,-0.4964668240000001,-9.5184055064,2.9291542616,3.3123786,2.0257326,-4.92447181,99.47312243195812,-38.4472780687887,134.37845513185962,396.6091126595175,-14.948383172997753,False,0.881379376336803,0.4724091393783023,480.2545509375505,-46.96471357882893,67.733402835531,321.89199366690025,False,inf
60.737666,-96055.9527170225,-343.4951325668232,479.9503376345429,-45.832121148981,57.77919644721533,69.48302519464896,324.6212278825275,-5313512.565440178,23.61682279311824,69.54697328759646,4601441890.824193,55.86546529944583,57.77919644721533,-4701588024550.251,39.686317390612345,-2.135824162629135,190.3649070889157,133.7778419082133,-101114.48491472256,-100.40603180963504,187.45395445429372,324.6212278825275,-315242542149.02954,1390.1152698384662,671.133729130126,50.38195927931434,-2633777.7293008715,1811026517059.8523,3.0000000000009166,-0.8579830000000825,-25750419.55869816,-15.502106898505968,396.6846926324433,-14.877087347291308,0.0,-1.3391299264753205e-19,0.0,1.3231867737210866e-18,-468.9756469119011,1.3951502742157695,-468.9756469119011,0.0,-579.9795126912018,0.0,0.0,2810.819999999469,-14.617700000000411,0.0,0.0,0.0,0.0,0.0,0.0,0.0,0.0,0.0,0.0,0.0,3785.529999999541,-83.4881999999784,0.0,0.0,0.0,0.0,0.0,0.0,0.0,0.0,0.0,0.0,0.0,7388.629999999583,-42.01050000001385,0.0,0.0,0.0,0.0,0.0,0.0,0.0,0.0,0.0,999.0000000005056,999.0000000005056,1.0000000000000355,-93.8498236001024,gaze,0.5132250553717851,0.4905799368833824,-124.41082619674138,-94.64141725965452,1184.1046174664143,-37.29825032163458,-17.337809416158752,-32.74035945064199,-0.0897563947797611,0.0023847143019635,0.9846334883115332,4.466973270876984,19.955515380519824,-13.610467715570264,-27.55462425290109,0.403582350373233,0.3832660027756152,0.8031807423861065,4.823924475496114,-29.976125570130744,-16.28395379420426,-31.161874564948,0.0612870120258737,0.1303099454721555,0.9169376530687968,4.5876186065686255,216.141368440871,False,-0.2721641738448412,imu,-0.4988594352000001,-9.5118258256,2.933939484000001,3.24508641,1.88367131,-4.78988743,99.46629249661513,-38.43978950698881,134.3501664666913,396.6846926324433,-14.877087347291308,False,0.903165093218536,0.4292933896434386,480.9393134972904,-47.02498985210923,65.20481514673732,324.6212278825275,False,inf
60.744787,-96948.8562489108,-345.7484449180408,480.4844710772568,-45.9223438862004,58.12590205486377,69.9867303792818,326.9480213712418,-5364715.761412144,23.79075237553161,70.05114112786912,4647979461.754399,56.21731373088559,58.12590205486377,-4749604372030.563,39.87007019532237,-2.1512681675852887,191.14369506573945,134.58003290533418,-102053.53579817602,-101.09227387843256,188.22049220774144,326.9480213712418,-318459927704.7045,1398.4352198560448,675.7156137159893,50.72200316093861,-2659131.9169739187,1829509629469.532,3.000000000000938,-0.8579830000000879,-26001185.64437621,-15.604418639962274,396.74910896984966,-14.816307502304369,0.0,-1.3483794621747402e-19,0.0,1.3323261877339125e-18,-472.00546725991103,1.4043580565706977,-472.00546725991103,0.0,-583.7201566906192,0.0,0.0,2810.8199999994613,-14.61770000000044,0.0,0.0,0.0,0.0,0.0,0.0,0.0,0.0,0.0,0.0,0.0,3785.529999999533,-83.48819999997886,0.0,0.0,0.0,0.0,0.0,0.0,0.0,0.0,0.0,0.0,0.0,7388.629999999597,-42.01050000001396,0.0,0.0,0.0,0.0,0.0,0.0,0.0,0.0,0.0,999.0000000005112,999.0000000005112,1.000000000000039,-94.37746938011831,gaze,0.5509121860232894,0.5862974602499452,-125.8642155116228,-94.528668032185,1183.723960089437,-37.14738158700843,-17.14412598834952,-32.28955521602375,-0.0726176003844373,-0.0633417526469327,0.9953464253645667,4.661645412445068,19.915354278540683,-13.562934328734428,-27.61789290329253,0.4043552392474615,0.3853006410429553,0.8023796484720089,4.834128410194522,-31.52048786958173,-16.706693144729638,-32.015730287582464,-0.0213421377714295,-0.0124595251851756,0.9736006683479916,4.751773691177368,205.8098098789837,False,-1.0,imu,-0.58684702272881,-9.546393913090585,2.768195773825012,4.166176854069822,2.448078438787238,-5.4141246332301,99.46038073592648,-38.433444484959296,134.32658303525722,396.74910896984966,-14.816307502304369,False,0.9232323461780756,0.3842421566805573,481.52106087938944,-47.07407761502601,62.35437441138308,326.9480213712418,False,inf
60.746065,-97109.80408194184,-346.15404529421943,480.58059192614655,-45.93856913673051,58.18829672820532,70.07742413844534,327.3668598683457,-5373946.662678003,23.82207279022252,70.14191818732041,4656371226.704908,56.28063449732179,58.18829672820532,-4758263193749.807,39.90311527544903,-2.1540488286391657,191.28371567417776,134.7243959668808,-102222.80111369547,-101.21580821646764,188.35831133206807,327.3668598683457,-319040119286.3867,1399.9324786336208,676.5405071209686,50.78322266493893,-2663702.7835776107,1832842691401.9373,3.000000000000952,-0.8579830000000896,-26046396.401623733,-15.622836277102314,396.7607024964227,-14.80536702074994,0.0,-1.3500447709432892e-19,0.0,1.3339716699275533e-18,-472.5508419723989,1.4060155945116637,-472.5508419723989,0.0,-584.3934760536301,0.0,0.0,2810.819999999469,-14.617700000000468,0.0,0.0,0.0,0.0,0.0,0.0,0.0,0.0,0.0,0.0,0.0,3785.529999999548,-83.48819999997863,0.0,0.0,0.0,0.0,0.0,0.0,0.0,0.0,0.0,0.0,0.0,7388.629999999612,-42.01050000001419,0.0,0.0,0.0,0.0,0.0,0.0,0.0,0.0,0.0,999.0000000005166,999.0000000005166,1.0000000000000426,-94.4724195074586,gaze,0.5139615585453856,0.4915558254886457,-125.71022495006297,-94.43820187371642,1184.1092413520932,-37.31621349130991,-17.326325091075304,-32.71793694484714,-0.0895009752043277,0.0009021754339928,0.9851031285029772,4.471249784449632,19.908336384998577,-13.554504195313836,-27.6289343525528,0.4044938014356443,0.3856650926725737,0.8022360470807631,4.835962861402743,-32.4273555652687,-16.270887555292063,-31.21679223867301,0.0608155332456087,0.1297948326081013,0.9171751770290149,4.59230297407845,202.30401703542225,False,-0.111814588723052,imu,-0.4982612824000001,-9.5040498392,2.9171912056,3.20770186,1.85376367,-4.70764142,99.45930804958158,-38.43230616295488,134.3223898955372,396.7607024964227,-14.80536702074994,False,0.9229536819884436,0.3849110298549194,481.6255732580999,-47.08269457385224,62.45590311326462,327.3668598683458,False,inf
60.754463,-98172.74128200844,-348.8284408385789,481.2141982836693,-46.04543929833642,58.59960828860391,70.67562565043866,330.1286289188476,-5434920.43631506,24.028686310891747,70.74066911655252,4711817245.53772,56.69805507727231,58.59960828860391,-4815476753251.794,40.12077029783856,-2.172388993586692,192.2057314485981,135.67602977805828,-103340.66375053846,-102.0304250585524,189.26583840841263,330.1286289188476,-322873747793.433,1409.802274558161,681.9806905283799,51.18696733025544,-2693895.320459971,1854865968541.516,3.000000000000945,-0.8579830000000879,-26345051.978546213,-15.744286283738132,396.83713468905535,-14.73322917202205,0.0,-1.3610281217062009e-19,0.0,1.3448242568143206e-18,-476.1468755083328,1.416945769268715,-476.1468755083328,0.0,-588.8330973980393,0.0,0.0,2810.8199999994613,-14.61770000000044,0.0,0.0,0.0,0.0,0.0,0.0,0.0,0.0,0.0,0.0,0.0,3785.529999999526,-83.4881999999784,0.0,0.0,0.0,0.0,0.0,0.0,0.0,0.0,0.0,0.0,0.0,7388.629999999583,-42.010500000014304,0.0,0.0,0.0,0.0,0.0,0.0,0.0,0.0,0.0,999.0000000005184,999.0000000005184,1.0000000000000409,-95.0982842818576,gaze,0.5146835026260337,0.4925174841519401,-127.01997733902172,-94.1719036466298,1184.0629165764044,-37.33347620543719,-17.31487175718075,-32.69534508435499,-0.0892427395292131,-0.0005757464538542,0.9855707733621872,4.475546165412015,19.86362969706841,-13.49987530578015,-27.69913135708564,0.405403113067356,0.388054437153408,0.8012937916420155,4.84804044889242,-34.4894460135307,-16.257928295605005,-31.2697278422308,0.0603610032061751,0.1292861081893909,0.9174093037357708,4.597030411862498,166.53367100380493,False,0.053444898523785,imu,-0.5048409632,-9.48072188,2.8938632464,3.25256332,1.63693328,-4.670256869999999,99.45217170293488,-38.424829286581485,134.29513701152058,396.83713468905535,-14.73322917202205,False,0.940658616775842,0.3393543379498182,482.3130936193169,-47.13788519690165,59.48835636686496,330.1286289188476,False,inf
60.762862,-99245.07762093096,-351.5190237768666,481.8513220724553,-46.15275842422062,59.01323826608776,71.27779047225192,332.90726207189994,-5496452.106058836,24.2367194068922,71.34338696387468,4767796881.866235,57.117835349778886,59.01323826608776,-4873246252761.529,40.33933674249768,-2.19084956280311,193.1311808433013,136.63299088842905,-104468.40220216304,-102.8500977709889,190.1767586959367,332.90726207189994,-326744603255.0534,1419.7272242361748,687.4557320751522,51.59330098714712,-2724364.3664027127,1877103101879.835,3.000000000000945,-0.8579830000000843,-26646476.03557645,-15.866489135492918,396.9140089804305,-14.66065498116535,0.0,-1.372082923205313e-19,0.0,1.3557474437671444e-18,-479.7646972683801,1.4279436979364863,-479.7646972683801,0.0,-593.2995486025901,0.0,0.0,2810.819999999432,-14.617700000000411,0.0,0.0,0.0,0.0,0.0,0.0,0.0,0.0,0.0,0.0,0.0,3785.529999999504,-83.4881999999775,0.0,0.0,0.0,0.0,0.0,0.0,0.0,0.0,0.0,0.0,0.0,7388.629999999539,-42.01050000001385,0.0,0.0,0.0,0.0,0.0,0.0,0.0,0.0,0.0,999.0000000005184,999.0000000005184,1.000000000000039,-95.72758095621008,gaze,0.515390821124108,0.4934648585764449,-128.197938208971,-93.81672523980092,1183.9704364061188,-37.350048377331824,-17.30345018379254,-32.67260593573669,-0.088981627204305,-0.0020491178031444,0.9860364145726136,4.479862362376835,19.82131426594351,-13.446581059840984,-27.765270624588176,0.4063102621407179,0.3904340374710799,0.8003539852556446,4.860157803800972,-36.07198752416699,-16.245069911347713,-31.320492399816587,0.0599233753589255,0.1287837108073038,0.9176400545494484,4.601801160561262,115.25631464606808,False,0.2206448336137515,imu,-0.5150095608,-9.456795768,2.8962558576,3.26751714,1.55468727,-4.74502597,99.44488592722678,-38.41735745476419,134.26840923539268,396.9140089804305,-14.66065498116535,False,0.956202787258572,0.2927050215471857,483.0018842368209,-47.19064845015316,56.30362380642248,332.90726207189994,False,inf
60.764879,-99503.9842254542,-352.1675316240699,482.0048400311998,-46.1785959716558,59.11290951167393,71.4229805696745,333.57701437868275,-5511311.203531027,24.286886563219,71.48871039845655,4781319157.704392,57.21898958084887,59.11290951167393,-4887201674592.144,40.391957098094124,-2.195300489949824,193.35392106865453,136.8635816244173,-104740.68383875032,-103.04768108977916,190.3960040334277,333.57701437868275,-327679685147.7281,1422.1187399044427,688.775662418758,51.69126073130375,-2731722.2825049674,1882474921825.3,3.000000000000952,-0.8579830000000843,-26719271.369669966,-15.895946187299591,396.9325348156035,-14.643162577973383,0.0,-1.3747481898514224e-19,0.0,1.3583809786932953e-18,-480.6366999126327,1.430594753517518,-480.6366999126327,0.0,-594.3760858001967,0.0,0.0,2810.8199999994395,-14.61770000000044,0.0,0.0,0.0,0.0,0.0,0.0,0.0,0.0,0.0,0.0,0.0,3785.5299999995113,-83.48819999997795,0.0,0.0,0.0,0.0,0.0,0.0,0.0,0.0,0.0,0.0,0.0,7388.629999999524,-42.01050000001408,0.0,0.0,0.0,0.0,0.0,0.0,0.0,0.0,0.0,999.0000000005202,999.0000000005202,1.0000000000000409,-95.87920659754153,gaze,0.5518810981803076,0.5857001084274602,-128.2702950162609,-93.67338682045715,1183.675113822438,-37.12043564765596,-17.15472712289512,-32.21324915734566,-0.0746091104688369,-0.0626329999173769,0.995243984134744,4.662127494812012,19.8115015425168,-13.43398359668566,-27.780553239780264,0.4065277470050883,0.3910039363958727,0.8001287003497908,4.863073208250378,-37.17819977924409,-17.12802783425375,-32.381495686553095,-0.0717838576590726,-0.0637617083898103,0.9953783374358168,4.662478828430176,102.06411142396522,False,-1.0,imu,-0.5850129692641602,-9.54502843395937,2.774462163136368,4.095177457105954,2.725240777939681,-5.397986217894223,99.44311479780475,-38.41556403536912,134.2620701413273,396.9325348156035,-14.643162577973383,False,0.9615080075979112,0.2747769119214626,483.167455606745,-47.202966033449705,55.001876983036425,333.5770143786828,False,inf
60.771261,-100326.74750813303,-354.22554445260874,482.4919025628942,-46.260515156617714,59.42914702648009,71.88386593974917,335.70250095938786,-5558538.15971303,24.44615442721398,71.95001901610138,4824307312.650012,57.539934670200026,59.42914702648009,-4931568855415.765,40.55879119838187,-2.20942889862862,194.0599611174779,137.59518726142036,-105605.94737119344,-103.6747511408726,191.0909712094178,335.70250095938786,-330652495238.0843,1429.706372321457,692.9651436167875,52.002187304521215,-2755108.186868025,1899552997371.1992,3.0000000000009663,-0.8579830000000861,-26950651.8794764,-15.989433717944276,396.9913178659863,-14.587651368655088,0.0,-1.3832082015317314e-19,0.0,1.3667402684721141e-18,-483.40397394487945,1.4390083802456122,-483.40397394487945,0.0,-597.7924174916852,0.0,0.0,2810.8199999994467,-14.617700000000468,0.0,0.0,0.0,0.0,0.0,0.0,0.0,0.0,0.0,0.0,0.0,3785.529999999519,-83.48819999997818,0.0,0.0,0.0,0.0,0.0,0.0,0.0,0.0,0.0,0.0,0.0,7388.629999999554,-42.01050000001408,0.0,0.0,0.0,0.0,0.0,0.0,0.0,0.0,0.0,999.0000000005202,999.0000000005202,1.0000000000000409,-96.36024922727302,gaze,0.5160831908795335,0.4943975521888071,-129.1274345574624,-93.35860583105315,1183.8409150569398,-37.3659339447672,-17.292065225420387,-32.64974854252613,-0.0887176701152724,-0.0035174781060508,0.9864998770309562,4.484196790610701,19.78132693820412,-13.39463945661528,-27.82738931599696,0.4072149003188637,0.3928030420476328,0.7994169737082792,4.8723111719696135,-37.135524630555565,-16.232311097578915,-31.36889771118973,0.0595027639923183,0.12828776011243,0.9178673676234472,4.606613768901331,61.76454532714066,False,0.3862752115716425,imu,-0.5425245896,-9.4532068512,2.8944613992,3.14788658,1.30047233,-4.87213344,99.43745785145968,-38.409891913403584,134.24221727821302,396.9913178659863,-14.587651368655088,False,0.9695062150071128,0.2450667236949597,483.6917103265248,-47.241061091458064,52.90506479080253,335.70250095938786,False,inf
60.779726,-101426.42266432104,-356.96952829871066,483.14102910313886,-46.36956279221988,59.85063911056854,72.49867951573351,338.5365777399508,-5621676.812426329,24.658660687164712,72.5653971682288,4881802694.472839,57.967706408078,59.85063911056854,-4990913420920.763,40.78087114351629,-2.228274951105432,194.99941701373132,138.5702631120084,-106762.41870467066,-104.51094608578488,192.01570579380305,338.5365777399508,-334628838940.4365,1439.818996677452,698.5527851063,52.41688130708351,-2786373.496091252,1922396127642.144,3.000000000000973,-0.8579830000000879,-27260021.333168343,-16.11409826619223,397.0696755779509,-14.513637919953451,0.0,-1.3944925484735942e-19,0.0,1.3778902679748657e-18,-487.0936520681148,1.4502278547257814,-487.0936520681148,0.0,-602.3474384991791,0.0,0.0,2810.819999999432,-14.617700000000411,0.0,0.0,0.0,0.0,0.0,0.0,0.0,0.0,0.0,0.0,0.0,3785.529999999497,-83.48819999997795,0.0,0.0,0.0,0.0,0.0,0.0,0.0,0.0,0.0,0.0,0.0,7388.629999999568,-42.01050000001419,0.0,0.0,0.0,0.0,0.0,0.0,0.0,0.0,0.0,999.000000000524,999.000000000524,1.000000000000039,-97.00131476337285,gaze,0.5167656383812727,0.49532243760552,-129.73214890699893,-92.79683903131772,1183.6871694870738,-37.38125596589976,-17.280631380947867,-32.626617605444245,-0.0884487621435733,-0.0049920196438674,0.986964656313943,4.488582636541711,19.74331314805304,-13.34366829769128,-27.885981426164616,0.4081238630355308,0.3951793682543731,0.798475663539024,4.884594121776383,-37.70735214096892,-16.21955003970352,-31.415131423365462,0.0590961224204188,0.1277944935364352,0.9180929549710174,4.611505640038294,19.46073765991989,False,0.5475978651607314,imu,-0.5293652280000001,-9.4849089496,2.899246621600001,3.35724006,1.36028761,-5.09644074,99.42983565074384,-38.40237443010265,134.21636870126653,397.0696755779509,-14.513637919953451,False,0.9805721314600492,0.1961588514543653,484.3878513106413,-47.28958636956932,49.26741469467952,338.5365777399508,False,inf
60.78486,-102098.04790917951,-358.6416973026935,483.536446714822,-46.435917694256034,60.107409185031926,72.87351460981216,340.2637199646972,-5660248.047780991,24.78824532234196,72.94057645259798,4916939659.10923,58.22830473180112,60.107409185031926,-5027183132876.401,40.91600375909592,-2.2397643065834845,195.57084917779252,139.16425425537057,-107468.72763666956,-105.02058082775268,192.57819042460605,340.2637199646972,-337059055116.2541,1445.9792986997286,701.9588298948682,52.66966611992028,-2805473.5194615014,1936357128352.9343,3.000000000000973,-0.8579830000000879,-27449032.29558251,-16.190077111318644,397.1174158452823,-14.468534927940595,0.0,-1.401371658125648e-19,0.0,1.3846874773816505e-18,-489.3421363670453,1.4570657466350576,-489.3421363670453,0.0,-605.123226646795,0.0,0.0,2810.8199999994395,-14.617700000000411,0.0,0.0,0.0,0.0,0.0,0.0,0.0,0.0,0.0,0.0,0.0,3785.529999999497,-83.4881999999775,0.0,0.0,0.0,0.0,0.0,0.0,0.0,0.0,0.0,0.0,0.0,7388.629999999539,-42.010500000014304,0.0,0.0,0.0,0.0,0.0,0.0,0.0,0.0,0.0,999.0000000005292,999.0000000005292,1.0000000000000373,-97.39180082549032,gaze,0.5521943691494615,0.5839470812983748,-129.0570516208639,-91.23378477352742,1183.840727806436,-37.09390351950307,-17.16427778920569,-32.13805527362715,-0.0752748136232419,-0.060628289141047,0.9953179959137762,4.661354541778564,19.72134853005273,-13.31343231093037,-27.919579192381995,0.4086736810208256,0.396614836548593,0.797906360866833,4.89205935813966,-37.147790904625126,-17.142913274121973,-32.29309250563388,-0.0725443238225874,-0.0629088085268703,0.995376057050221,4.661018466949463,3.57507384175444,True,2.0,imu,-0.5831146056829064,-9.543714528406776,2.7805457649744936,3.959433150542568,2.9570636853980714,-5.373503294567075,99.4251505183721,-38.39781853606384,134.20096301473254,397.1174158452823,-14.468534927940595,False,0.9871250383159818,0.1599504883695934,484.81043176782185,-47.317944385877645,46.45301529323622,340.2637199646972,False,inf
60.78819,-102535.57107224896,-359.72951326578664,483.7936192999441,-46.47904472289912,60.27441458186264,73.11742966676047,341.38732678501174,-5685378.6654241085,24.87257970837268,73.18471547654147,4939838055.062352,58.39780109197126,60.27441458186264,-5050820805120.092,41.00383173132968,-2.2472405006351184,195.94215873266864,139.55058362693222,-107928.84329799196,-105.35214460509954,192.94368875202665,341.38732678501174,-338642869074.0409,1449.9859138243737,704.1749954634554,52.834142543880745,-2817917.9588812,1945455753476.3564,3.0000000000009592,-0.8579830000000879,-27572187.35755235,-16.239508153614736,397.1484686193553,-14.439193731347244,0.0,-1.4058478140612037e-19,0.0,1.3891103417879609e-18,-490.8048756305179,1.461514407596257,-490.8048756305179,0.0,-606.9289864947759,0.0,0.0,2810.819999999425,-14.617700000000356,0.0,0.0,0.0,0.0,0.0,0.0,0.0,0.0,0.0,0.0,0.0,3785.529999999497,-83.4881999999775,0.0,0.0,0.0,0.0,0.0,0.0,0.0,0.0,0.0,0.0,0.0,7388.629999999554,-42.010500000014304,0.0,0.0,0.0,0.0,0.0,0.0,0.0,0.0,0.0,999.0000000005276,999.0000000005276,1.0000000000000373,-97.6457574707608,gaze,0.5174323481511807,0.4962317372792044,-129.97133494664487,-92.1640337077789,1183.5302395239385,-37.39589181783872,-17.26924315889008,-32.60342003141576,-0.0881770005972098,-0.0064607223585456,0.9874269259968208,4.492984291213928,19.70753358674614,-13.294095373770794,-27.94059733531768,0.4090296784647823,0.3975435020564504,0.7975377783854498,4.896907446051527,-37.860204591401605,-16.20688628549598,-31.458651405007853,0.058706923547925,0.1273079488918054,0.9183149574266588,4.616437612445267,-2.3786315352900096,True,0.6988876796709891,imu,-0.5419264368000001,-9.549509452,2.889676176800001,3.43948607,1.39019525,-5.216071299999999,99.42208792339332,-38.39486494089639,134.19108101126812,397.1484686193553,-14.439193731347244,False,0.9892151186228304,0.1464699596778111,485.0846553859792,-47.33591975728578,45.421948467979405,341.38732678501174,False,inf
60.796655,-103654.51748579126,-362.5062215639703,484.4498423409723,-46.5889882009609,60.70058307821832,73.74028154275072,344.2554934435311,-5749662.626198292,25.08796913792346,73.80813924190204,4998430999.355046,58.83032955032412,60.70058307821832,-5111309258679.188,41.22772816994414,-2.266330585448656,196.88841605136952,140.53640208841318,-109105.56255525662,-106.19856765581191,193.8751464091267,344.2554934435311,-342695808150.13275,1460.2097497456882,709.8332659967678,53.25408158520958,-2849750.942769859,1968738897849.317,3.0000000000009592,-0.8579830000000861,-27887243.129077204,-16.365696425529283,397.2277172265467,-14.364299517810366,0.0,-1.417277022204856e-19,0.0,1.40040347782006e-18,-494.5386182507752,1.472871012845625,-494.5386182507752,0.0,-611.5382627301592,0.0,0.0,2810.819999999432,-14.617700000000411,0.0,0.0,0.0,0.0,0.0,0.0,0.0,0.0,0.0,0.0,0.0,3785.5299999994895,-83.48819999997727,0.0,0.0,0.0,0.0,0.0,0.0,0.0,0.0,0.0,0.0,0.0,7388.629999999495,-42.010500000014304,0.0,0.0,0.0,0.0,0.0,0.0,0.0,0.0,0.0,999.000000000533,999.000000000533,1.0000000000000373,-98.2937441047482,gaze,0.518083242650399,0.4971253851084652,-129.87343609355656,-91.52140234742468,1183.396649592429,-37.40985175712991,-17.257901409418224,-32.58017442118855,-0.0879023237551241,-0.0079236466519596,0.9878866745507204,4.497401697318016,19.67391471235245,-13.245915896058232,-27.991317008089016,0.4099323144976372,0.3998954268834037,0.7966033348865631,4.909251659830863,-37.71547716055563,-16.194314411566296,-31.49933938483765,0.0583351280275595,0.1268280679913593,0.918533394879441,4.621409923065569,-4.336909844077872,True,0.8356796430162304,imu,-0.5604691736,-9.577024480800002,2.8819001904,3.43948607,1.34533379,-5.34317877,99.41422395306677,-38.38736202809457,134.16635431239996,397.2277172265467,-14.364299517810366,False,0.9953711100706364,0.0961059479779948,485.78213751539846,-47.38018891392866,41.3736689876855,344.2554934435312,False,inf
60.804952,-104760.69912638658,-365.2438031085864,485.0965069793783,-46.69718640064048,61.12057664141618,74.35470006690863,347.0833832410374,-5813232.135784626,25.300493203466694,74.42312187839148,5056399324.449205,59.25659538000893,61.12057664141618,-5171158248950.152,41.44806616521851,-2.2851610235911863,197.81920404374333,141.50789975995545,-110268.84890392672,-107.03318755690096,194.7913904935993,347.0833832410374,-346705876574.20166,1470.2849682377905,715.4137487104621,53.66824883915431,-2881230.3972984366,1991775757039.5208,3.000000000001002,-0.8579830000000896,-28198833.63194758,-16.490124640466682,397.3058276802121,-14.290461843283538,0.0,-1.4285501890097998e-19,0.0,1.4115424302834172e-18,-498.2197817622928,1.4840692175683297,-498.2197817622928,0.0,-616.0825605325098,0.0,0.0,2810.819999999425,-14.61770000000044,0.0,0.0,0.0,0.0,0.0,0.0,0.0,0.0,0.0,0.0,0.0,3785.529999999504,-83.48819999997727,0.0,0.0,0.0,0.0,0.0,0.0,0.0,0.0,0.0,0.0,0.0,7388.629999999554,-42.010500000014645,0.0,0.0,0.0,0.0,0.0,0.0,0.0,0.0,0.0,999.0000000005384,999.0000000005384,1.000000000000039,-98.9322499498166,gaze,0.5525448750653439,0.5841620266235535,-129.9323075522096,-91.5271622966113,1183.837564297173,-37.06575379782378,-17.17800213026102,-32.05548977905924,-0.0760142803940258,-0.0608571943230786,0.9952478239490412,4.656070709228516,19.64300286185641,-13.200055824032756,-28.03731315781634,0.4108136095920463,0.4021880018634078,0.7956911137654926,4.921377136457679,-37.12012452665071,-17.154857126930995,-32.21292144645862,-0.0737829270057343,-0.0622606791655817,0.9953260027756836,4.660151195526123,3.840952789795704,True,2.0,imu,-0.5811308697238543,-9.54243850480379,2.7865099409476244,3.7713373249375177,3.1518026206556744,-5.340299284148549,99.40641575312742,-38.38001560645618,134.14267103318355,397.3058276802121,-14.290461843283538,False,0.9991747180578704,0.0406187492911249,486.4662143787759,-47.42169357109196,36.725472514551655,347.08338324103744,False,inf
60.80512,-104783.1943759592,-365.2993983140676,485.1096363619017,-46.6993817031273,61.12910419785137,74.36718127929294,347.1408138449054,-5814525.075085402,25.304810909447887,74.43561454972793,5057578613.27921,59.26525033098763,61.12910419785137,-5172375852267.112,41.452536698635726,-2.2855435304559983,197.83808480024604,141.52762468807518,-110292.50533896348,-107.05013840418349,194.80997637295496,347.1408138449054,-346787459532.9264,1470.4895307344195,715.5270978556972,53.67666129749573,-2881870.660138848,1992244431081.79,3.000000000001002,-0.8579830000000932,-28205171.437450927,-16.49265173202533,397.3074137380327,-14.288962350523548,0.0,-1.4287791773890154e-19,0.0,1.4117686924078521e-18,-498.29453972299865,1.484296649011234,-498.29453972299865,0.0,-616.1748465180643,0.0,0.0,2810.819999999425,-14.617700000000411,0.0,0.0,0.0,0.0,0.0,0.0,0.0,0.0,0.0,0.0,0.0,3785.529999999497,-83.48819999997704,0.0,0.0,0.0,0.0,0.0,0.0,0.0,0.0,0.0,0.0,0.0,7388.629999999539,-42.010500000014645,0.0,0.0,0.0,0.0,0.0,0.0,0.0,0.0,0.0,999.0000000005384,999.0000000005384,1.000000000000039,-98.945213249549,gaze,0.5187180094697106,0.4980029941759328,-129.5388697911419,-90.96910637650376,1183.3200756407766,-37.42314098899118,-17.246611010661628,-32.556906773655605,-0.0876247664577883,-0.0093803335417994,0.9883437269396748,4.501833239452726,19.64239739596784,-13.19914120439112,-28.03820700698386,0.4108314176326929,0.4022342891997841,0.7956726820269221,4.921622909056377,-37.41171845824896,-16.18183364823947,-31.537079530810846,0.0579808328086477,0.1263549643777645,0.9187482089990296,4.62642105784006,4.054247197093101,True,0.953589112297774,imu,-0.5861897440000001,-9.596763523200002,2.8944613992,3.282470959999999,1.52477963,-5.15625602,99.40625670806553,-38.37986693393323,134.142197173013,397.3074137380327,-14.288962350523548,False,0.9989781521172444,0.0451957032516955,486.4800692851264,-47.42251557935079,37.12991665588431,347.1408138449054,False,inf
60.813585,-105921.66496042836,-368.1091139499909,485.7730164335899,-46.81022661755628,61.55998749434861,74.99814793642172,350.04336011478046,-5879969.902189016,25.523112168235823,75.06716047684161,5117284825.578969,59.7025726778957,61.55998749434861,-5234024720330.64,41.67825984923459,-2.3048798957146306,198.7911719908108,142.52427318021756,-111489.7380097705,-107.90687916173655,195.74818569173263,350.04336011478046,-350918099886.4078,1480.8254815883024,721.2566548457215,54.1018937259782,-2914279.0421471205,2015973942486.324,3.000000000001002,-0.8579830000000932,-28525991.874903545,-16.620377505136624,397.3875597785136,-14.21318052746733,0.0,-1.4403546224727531e-19,0.0,1.423206324328418e-18,-502.07273729300016,1.4957916249656982,-502.07273729300016,0.0,-620.8388572113856,0.0,0.0,2810.819999999432,-14.617700000000552,0.0,0.0,0.0,0.0,0.0,0.0,0.0,0.0,0.0,0.0,0.0,3785.529999999504,-83.48819999997727,0.0,0.0,0.0,0.0,0.0,0.0,0.0,0.0,0.0,0.0,0.0,7388.629999999554,-42.01050000001476,0.0,0.0,0.0,0.0,0.0,0.0,0.0,0.0,0.0,999.0000000005456,999.0000000005456,1.0000000000000444,-99.60017946541402,gaze,0.5193364183442771,0.4988642883990723,-129.15155410432732,-90.65266225602542,1183.3419331524765,-37.43576664804405,-17.235375480318414,-32.53363960259045,-0.0873443320262171,-0.0108304995169529,0.9887979634135248,4.506277822734758,19.612919698547028,-13.15377520798208,-28.081346471698165,0.4117267414762315,0.4045595173510292,0.7947460574436951,4.9340187866994825,-37.08373912085517,-16.16944188157554,-31.571778749423387,0.0576440851284452,0.1258886925837399,0.918959368583584,4.631470077982805,10.457816504584365,True,1.048626094172518,imu,-0.5981528,-9.582407856,2.889078024,2.99087147,1.62197946,-4.9169949,99.398198881983,-38.37238001082183,134.11861459803006,397.3875597785136,-14.21318052746733,False,0.999981196061912,-0.0061324972554342,487.1783088034354,-47.463037735149854,32.69859045746744,350.04336011478046,False,inf
60.82205,-107069.99272962942,-370.93543909966456,486.4399976697087,-46.92152433527855,61.993242546735225,75.63320063217681,352.9632045727208,-5946001.014998436,25.74288008236957,75.7027961581193,5177553583.506146,60.14230585689835,61.993242546735225,-5296260016980.647,41.90490015752783,-2.324340242902552,199.7476846339304,143.52636937659315,-112697.32721439366,-108.76881230174745,196.6897814137012,352.9632045727208,-355088007189.57245,1491.2178276976722,727.0221012636775,54.52979095120347,-2946978.028599851,2039929028929.5137,3.000000000001009,-0.857983000000095,-28849724.122523,-16.748877186967164,397.46815697599504,-14.136952342813004,0.0,-1.4520037013708194e-19,0.0,1.4347167134019497e-18,-505.8733084875945,1.5073562504879234,-505.8733084875945,0.0,-625.5304145067233,0.0,0.0,2810.819999999425,-14.61770000000044,0.0,0.0,0.0,0.0,0.0,0.0,0.0,0.0,0.0,0.0,0.0,3785.529999999497,-83.48819999997704,0.0,0.0,0.0,0.0,0.0,0.0,0.0,0.0,0.0,0.0,0.0,7388.629999999568,-42.010500000014986,0.0,0.0,0.0,0.0,0.0,0.0,0.0,0.0,0.0,999.0000000005476,999.0000000005476,1.000000000000048,-100.25865735369956,gaze,0.5199382415059203,0.49970899423643,-128.99022700494288,-90.76971542753174,1183.5120608897175,-37.44773601286694,-17.22419832311808,-32.5103947486296,-0.0870610242096297,-0.0122738627262646,0.9892492647667962,4.510734353907987,19.5854211688366,-13.109820358705184,-28.120820141301905,0.4126180395658931,0.4068705416255839,0.7938236984022702,4.946436880208997,-36.84157221775339,-16.15713715292176,-31.603360774267365,0.0573249295091413,0.1254293060023536,0.9191668431267148,4.636556039820851,6.643539185969499,True,1.1174176712481914,imu,-0.5796100632000001,-9.558481744000002,2.8807038848,3.10302512,1.9509635,-4.65530305,99.390063490467,-38.36490160904114,134.0956110395995,397.46815697599504,-14.136952342813004,False,0.9983313433354862,-0.0577453800226771,487.8767190970483,-47.50190398707839,28.088600218358973,352.9632045727208,False,inf
60.824932,-107463.21385519966,-371.9014944759099,486.6679030182249,-46.95952040839279,62.14129178726002,75.85034692400046,353.961257047785,-5968616.496295214,25.81803837609264,75.92014178445635,5198201799.373173,60.29256950548878,62.14129178726002,-5317583248819.395,41.98227201578659,-2.3309941180395697,200.0741225097896,143.86879075713074,-113110.83903986396,-109.06345550657628,197.01113176002724,353.961257047785,-356516706728.7284,1494.7689222258084,728.9932281321207,54.67608337697055,-2958177.4078936297,2048136553639.9707,3.0000000000009948,-0.8579830000000914,-28960610.191267848,-16.79280349150292,397.495700394451,-14.110897481930463,0.0,-1.4559866188355492e-19,0.0,1.4386522116554633e-18,-507.1723764716711,1.5113094996425969,-507.1723764716711,0.0,-627.1340126235134,0.0,0.0,2810.8199999994176,-14.61770000000044,0.0,0.0,0.0,0.0,0.0,0.0,0.0,0.0,0.0,0.0,0.0,3785.5299999994895,-83.48819999997659,0.0,0.0,0.0,0.0,0.0,0.0,0.0,0.0,0.0,0.0,0.0,7388.629999999539,-42.010500000014986,0.0,0.0,0.0,0.0,0.0,0.0,0.0,0.0,0.0,999.0000000005512,999.0000000005512,1.0000000000000426,-100.48364713390676,gaze,0.5526679287474336,0.5845188901979357,-130.2449918018214,-92.02540339843574,1183.867708645142,-37.03549974176849,-17.19140540953589,-31.96935967831922,-0.076294986498333,-0.0612540497753266,0.9952019977981058,4.650985240936279,19.57650007204107,-13.095177688843537,-28.13343876821867,0.4129205290485543,0.4076540123541843,0.7935106868986361,4.950669392394488,-37.09259485875194,-17.16650768804945,-32.133141820875004,-0.0749621582737749,-0.0617428571607524,0.9952716454320468,4.658436679840088,3.023854300128483,True,2.0,imu,-0.5790838595803354,-9.541215387226645,2.792284423874105,3.545456456764136,3.312460665889456,-5.29873792267082,99.3872783345322,-38.36235751348622,134.08791206472625,397.495700394451,-14.110897481930463,False,0.9967517546564152,-0.0805353313109059,488.1145157744403,-47.51478659100682,25.997368762190916,353.961257047785,False,inf
60.825852,-107588.98154066324,-372.210288915184,486.74074395437947,-46.9716607143892,62.188610658561146,75.91976528268935,354.28028255000754,-5975850.303272486,25.8420666327426,75.98962386646531,5204807032.283905,60.34059621021325,62.188610658561146,-5324404551522.465,42.00699333754163,-2.3331212298474773,200.17841273159584,143.9782330929729,-113243.0962640016,-109.1576397469994,197.1137969746972,354.28028255000754,-356973747147.50275,1495.9038958418184,729.6233377334626,54.72284866273768,-2961759.657585204,2050762137460.211,3.000000000001002,-0.8579830000000932,-28996079.22693735,-16.806844763076736,397.5045039422967,-14.102569230170502,0.0,-1.4572598645746616e-19,0.0,1.4399102985795937e-18,-507.5876176327603,1.512573176280584,-507.5876176327603,0.0,-627.6465936775896,0.0,0.0,2810.8199999994176,-14.617700000000411,0.0,0.0,0.0,0.0,0.0,0.0,0.0,0.0,0.0,0.0,0.0,3785.5299999994895,-83.48819999997704,0.0,0.0,0.0,0.0,0.0,0.0,0.0,0.0,0.0,0.0,0.0,7388.629999999524,-42.0105000000151,0.0,0.0,0.0,0.0,0.0,0.0,0.0,0.0,0.0,999.0000000005492,999.0000000005492,1.0000000000000426,-100.55555515420043,gaze,0.5202030889554589,0.5000829178492519,-129.08940820981906,-91.02918411486054,1183.6520316299652,-37.452900356920125,-17.219198100039364,-32.499967399301575,-0.0869328443274481,-0.0129198516151764,0.989450977113428,4.512739574301959,19.57369874387064,-13.090537886016383,-28.13738023714182,0.4130169847197111,0.4079037498711603,0.7934108779131455,4.952020974299023,-36.780007627938126,-16.151638403737483,-31.616514655876177,0.0571873191333145,0.1252252301142538,0.919258821783821,4.638852137066167,1.6439728669326978,True,1.1390681187247216,imu,-0.5789878195230228,-9.541160180992923,2.792546493342605,3.534311358591354,3.319144627195333,-5.296620110570774,98.8416876,-37.79962520000002,135.2130656,397.5045039422967,-14.102569230170502,False,0.99671547338891,-0.0809831161855399,488.1904260172361,-47.51886352563174,25.962509023816143,354.28028255000754,False,inf
60.830514,-108228.10403092673,-373.7781077432024,487.1105157926031,-47.033263021677726,62.42882735523804,76.27228279352656,355.90007172022126,-6012614.433204889,25.9640956193698,76.3424649678822,5238381632.566506,60.58440677937589,62.42882735523804,-5359078459150.491,42.13243322638712,-2.343922814311061,200.70751613513704,144.53381579533087,-113915.19537988552,-109.63585751124567,197.6346587515345,355.90007172022126,-359296961115.4932,1501.6655573203352,732.8229144111232,54.96031406527527,-2979965.653207064,2064108424633.9373,3.000000000001009,-0.8579830000000932,-29176349.18659916,-16.87813891171094,397.5491973602621,-14.06028517148252,0.0,-1.4637253697867725e-19,0.0,1.4462988277650011e-18,-509.6958981546276,1.5189894576861342,-509.6958981546276,0.0,-630.2490793077725,0.0,0.0,2810.819999999396,-14.617700000000411,0.0,0.0,0.0,0.0,0.0,0.0,0.0,0.0,0.0,0.0,0.0,3785.529999999482,-83.48819999997681,0.0,0.0,0.0,0.0,0.0,0.0,0.0,0.0,0.0,0.0,0.0,7388.629999999524,-42.01050000001476,0.0,0.0,0.0,0.0,0.0,0.0,0.0,0.0,0.0,999.0000000005512,999.0000000005512,1.0000000000000462,-100.92058314321945,gaze,0.5205231856271909,0.5005367439550766,-129.43844469325148,-91.5754968881959,1183.8889111638318,-37.45905519074973,-17.213084339407054,-32.48719619151956,-0.0867748811719559,-0.013709973787573,0.9896974595929162,4.515201213207659,19.55984569415873,-13.06728262738053,-28.15671402913004,0.4135049608731335,0.4091665239787957,0.7929059499170474,4.958873301508424,-36.749475703535424,-16.144919095229174,-31.63176239306154,0.0570234423201203,0.1249769099161575,0.9193705789740304,4.641677387786263,-5.269040610279079,True,1.1574460206109751,imu,-0.5784137576,-9.5536965216,2.8573759256,3.24508641,2.26499372,-4.56558013,99.38186453199464,-38.35743295865173,134.073193001068,397.5491973602621,-14.06028517148252,False,0.9939869270408508,-0.1094988076276925,488.575086300314,-47.53926917573454,23.31044612864981,355.90007172022126,False,inf
60.838979,-109396.33655149012,-376.6378625984247,487.784744440286,-47.14547047668447,62.86685447537705,76.91556466473513,358.854728224992,-6079829.839206219,26.18681826440084,76.98633730594865,5299787330.121986,61.02898922035445,62.86685447537705,-5422499083682.571,42.36091536417166,-2.3636328020719377,201.67090030651408,145.54687241560111,-115143.69749631906,-110.50824216340318,198.5830480224315,358.854728224992,-363546236809.1751,1512.1713657569985,738.6606302560164,55.39357694872171,-3013251.667738473,2088519454936.6768,3.000000000001002,-0.8579830000000914,-29505964.10441393,-17.008196685200705,397.63070171519394,-13.9831591841251,0.0,-1.4755227434878194e-19,0.0,1.4579557460895197e-18,-513.5415076328856,1.5306943069925216,-513.5415076328856,0.0,-634.9960869845594,0.0,0.0,2810.819999999396,-14.61770000000044,0.0,0.0,0.0,0.0,0.0,0.0,0.0,0.0,0.0,0.0,0.0,3785.529999999461,-83.48819999997636,0.0,0.0,0.0,0.0,0.0,0.0,0.0,0.0,0.0,0.0,0.0,7388.629999999524,-42.010500000014986,0.0,0.0,0.0,0.0,0.0,0.0,0.0,0.0,0.0,999.000000000553,999.000000000553,1.0000000000000444,-101.58612792595346,gaze,0.5210911663301959,0.5013474648876327,-130.87505719425064,-93.28467205308336,1184.5005855707584,-37.46973437560329,-17.202034379322374,-32.46405915929049,-0.0864858399346252,-0.0151388937002868,0.990142535760294,4.519678366866832,19.53612958180721,-13.026151601789095,-28.18913166934999,0.4143874684812212,0.4114474414502199,0.791992831526551,4.971328567111236,-36.80491416431106,-16.132783166764966,-31.65694588734562,0.0567395913662519,0.124531448509539,0.9195705951751254,4.646834379138738,-9.70568329174454,True,1.167304842790961,imu,-0.565254396,-9.554892827200002,2.8495999392,3.33480933,2.31733209,-4.87961035,99.37361281695478,-38.34997264097128,134.0513585026232,397.63070171519394,-13.9831591841251,False,0.9869115431446728,-0.1612625375212766,489.27345041367823,-47.575311755281774,18.373940931009265,358.854728224992,False,inf
60.845025,-110236.87745395454,-378.6906941818297,488.2685337923968,-47.22589266002615,63.18117788392674,77.37755474832558,360.97576649883786,-6128203.363358021,26.346805278990946,77.44875142638283,5343996897.99532,61.34801802173544,63.18117788392674,-5468162775695.732,42.52467131489912,-2.37778727092302,202.36109255201404,146.273806975765,-116027.5964105409,-111.13454857801136,199.26250654730137,360.97576649883786,-366605756031.48175,1519.7099098208937,742.8523964954165,55.70468144936227,-3037207.0897041727,2106095628271.3457,3.000000000001023,-0.8579830000000932,-29743204.51002353,-17.10156843981177,397.68919408224247,-13.927796796330083,0.0,-1.483994534300911e-19,0.0,1.4663266747428018e-18,-516.3020480028068,1.5390975133295806,-516.3020480028068,0.0,-638.4036440239025,0.0,0.0,2810.819999999403,-14.617700000000411,0.0,0.0,0.0,0.0,0.0,0.0,0.0,0.0,0.0,0.0,0.0,3785.529999999482,-83.48819999997613,0.0,0.0,0.0,0.0,0.0,0.0,0.0,0.0,0.0,0.0,0.0,7388.629999999539,-42.0105000000151,0.0,0.0,0.0,0.0,0.0,0.0,0.0,0.0,0.0,999.0000000005566,999.0000000005566,1.0000000000000426,-102.06365925458783,gaze,0.5528459353373599,0.5855596796005214,-130.6918021385396,-93.4718394590265,1183.828044763266,-37.00649313140442,-17.20692029665309,-31.88353219727327,-0.0766844580719999,-0.0624253050755916,0.9950992790553228,4.642824172973633,19.52029963291103,-12.997637771975445,-28.2102097497948,0.4150148835473266,0.4130668515627585,0.7913436820509167,4.980233848243996,-37.06441716763114,-17.179066549710164,-32.05193721712491,-0.0757755298112875,-0.0615595676464841,0.995222216170198,4.654672431945801,1.9739744503416607,True,2.0,imu,-0.5769506408805847,-9.54003224093809,2.79793023688766,3.2905263363144828,3.445571496269459,-5.248438206014735,99.36769429210088,-38.34465005269409,134.03612395756414,397.68919408224247,-13.927796796330083,False,0.9792232598320312,-0.2027851261900895,489.7721285143484,-47.60034147110604,14.299889484505462,360.9757664988379,False,inf
60.847444,-110574.61836286532,-379.5144400094409,488.46261984914327,-47.25813492518154,63.307282240306186,77.56299027530139,361.82690103395726,-6147643.357611179,26.411029205278467,77.63435714970993,5361767526.067904,61.47601042160661,63.307282240306186,-5486518717086.593,42.59032229047334,-2.383468466474873,202.6377309580588,146.56544251824084,-116382.75780122448,-111.38588668653436,199.53484484026544,361.82690103395726,-367835621277.42896,1522.7342491566878,744.5347313551333,55.82954108145732,-3046834.157967756,2113160896189.6064,3.0000000000010374,-0.8579830000000932,-29838550.408456087,-17.13903875387919,397.7126621307725,-13.905581694993488,0.0,-1.487394789056529e-19,0.0,1.4696864472615493e-18,-517.4097849946138,1.542469740617369,-517.4097849946138,0.0,-639.7710024060623,0.0,0.0,2810.8199999994104,-14.61770000000044,0.0,0.0,0.0,0.0,0.0,0.0,0.0,0.0,0.0,0.0,0.0,3785.529999999475,-83.48819999997636,0.0,0.0,0.0,0.0,0.0,0.0,0.0,0.0,0.0,0.0,0.0,7388.629999999524,-42.0105000000151,0.0,0.0,0.0,0.0,0.0,0.0,0.0,0.0,0.0,999.000000000564,999.000000000564,1.0000000000000462,-102.2552284306536,gaze,0.5216418935411851,0.5021407926631705,-132.96255293785413,-95.44931927255284,1185.1076395425428,-37.47977981741588,-17.191053221228586,-32.44100660973869,-0.0861939392299446,-0.0165601758114662,0.990584322695214,4.52416420064574,19.51421961913928,-12.986430674924092,-28.21816839735544,0.4152652108445137,0.4137124585702249,0.7910846878795763,4.983798782105787,-36.91762923485572,-16.120729309765405,-31.67887828423067,0.0564734495999218,0.1240930255659204,0.9197668390600436,4.652025453506343,11.004839467282515,True,1.146911684917741,imu,-0.5760211464000001,-9.5572854384,2.822084910400001,3.39462461,2.46687029,-5.24597894,99.36532163874983,-38.34252188309186,134.03011297410364,397.7126621307725,-13.905581694993488,False,0.9770775194496192,-0.21288382039549,489.9716109419768,-47.61020719297488,13.291594386944922,361.82690103395726,False,inf
60.855909,-111763.01405233612,-382.4079113828072,489.14415730471865,-47.37125776972232,63.75012033113613,78.21457897613907,364.8166632448695,-6216058.965836048,26.63673570160628,78.28654386711112,5424326242.119739,61.92547973687792,63.75012033113613,-5551141592594.271,42.82065655692652,-2.403430375702329,203.60801509776525,147.5895481455623,-117632.44409166154,-112.26881370175155,200.4900562530865,364.8166632448695,-372165397790.3331,1533.3544352878168,750.4453839779006,56.26821868575584,-3080715.098477097,2138034375653.7432,3.0000000000010303,-0.8579830000000914,-30174128.137244888,-17.270668600276267,397.7950802482228,-13.827550982985484,0.0,-1.4993418546462626e-19,0.0,1.4814912752894266e-18,-521.3008288946398,1.5543160719777809,-521.3008288946398,0.0,-644.573946648585,0.0,0.0,2810.8199999993885,-14.61770000000044,0.0,0.0,0.0,0.0,0.0,0.0,0.0,0.0,0.0,0.0,0.0,3785.529999999453,-83.48819999997545,0.0,0.0,0.0,0.0,0.0,0.0,0.0,0.0,0.0,0.0,0.0,7388.629999999495,-42.0105000000151,0.0,0.0,0.0,0.0,0.0,0.0,0.0,0.0,0.0,999.000000000564,999.000000000564,1.0000000000000444,-102.92789942367529,gaze,0.5221751499979553,0.5029164644796549,-133.68716693280632,-96.13359434388605,1184.8980473610382,-37.48919924434017,-17.18014431086194,-32.41805826551439,-0.0858991846213082,-0.0179735454350246,0.9910227035934612,4.528657629902238,19.49406070832592,-12.948116809181638,-28.24392843070367,0.4161379415049681,0.4159610143344781,0.7901817544185344,4.996281515878413,-36.89320106662367,-16.108756164229636,-31.69754455443036,0.056225050537977,0.123661689834799,0.9199592829725116,4.657249649215967,55.94749463537917,True,1.0977546394784503,imu,-0.565254396,-9.5566872856,2.8226830632,3.26751714,2.42948574,-5.634778259999999,99.35700289376412,-38.33508102722041,134.00945859978992,397.7950802482228,-13.827550982985484,False,0.9644645727962168,-0.2642122022560866,490.6694576804055,-47.64414559269995,8.076363679161126,364.8166632448695,False,inf
60.864374,-112961.58848287578,-385.31834832039846,489.82937213569767,-47.48484041574892,64.19537845458417,78.87035017659815,367.8240881506736,-6285080.65887475,26.863945035957823,78.94291688458259,5487467518.718321,62.37740654194763,64.19537845458417,-5616371963334.912,43.05192071913282,-2.4235190995686087,204.5817597328392,148.61921139770882,-118892.82445382274,-113.15704589233631,201.4486893088305,367.8240881506736,-376535850948.5806,1544.03215251529,756.3927548887212,56.709622019450094,-3114896.4725915063,2163141528233.7988,3.000000000001052,-0.8579830000000968,-30512717.4191632,-17.40308971706528,397.8779577120868,-13.749065323172031,0.0,-1.5113642894740904e-19,0.0,1.4933705752325364e-18,-525.214738270818,1.566233615403743,-525.214738270818,0.0,-649.4050411346045,0.0,0.0,2810.819999999396,-14.61770000000044,0.0,0.0,0.0,0.0,0.0,0.0,0.0,0.0,0.0,0.0,0.0,3785.529999999461,-83.48819999997568,0.0,0.0,0.0,0.0,0.0,0.0,0.0,0.0,0.0,0.0,0.0,7388.629999999539,-42.01050000001533,0.0,0.0,0.0,0.0,0.0,0.0,0.0,0.0,0.0,999.0000000005712,999.0000000005712,1.0000000000000462,-103.60415571277146,gaze,0.5226907211947894,0.5036742203638425,-130.72295848758594,-93.24889376319678,1183.1049635794816,-37.49800048479882,-17.16931107742978,-32.39523336194587,-0.0856015821510184,-0.0193787298075602,0.9914575623068002,4.533157572674132,19.475598940537388,-12.911205679476325,-28.266520127109267,0.4170054140753446,0.418192550149384,0.7892842660460999,5.008774334306551,-36.4712791058047,-16.09686251420432,-31.712943461027272,0.0559944249094973,0.1232374888834686,0.9201478999859056,4.662506000481191,101.54301533222144,True,1.0229107965524826,imu,-0.5604691736,-9.554892827200002,2.8190941464,3.15536349,2.43696265,-5.851608649999999,99.34866805195746,-38.32765041365549,133.98939701126952,397.8779577120868,-13.749065323172031,False,0.9490605376014556,-0.3150937891606818,491.3668889424521,-47.67732695799991,2.7421926410743795,367.8240881506736,False,inf
60.865005,-113051.34235160938,-385.53598023555526,489.8805972811724,-47.49332557353563,64.22866617944106,78.91940087137007,368.048977732016,-6290250.074321032,26.8809421169582,78.99201259281806,5492197653.944877,62.411192856117616,64.22866617944106,-5621258828837.477,43.069196978749936,-2.425021652562521,204.6544836168084,148.69618798824214,-118987.2062029254,-113.22346980156036,201.52028518706217,368.048977732016,-376863271270.09686,1544.8304038202527,756.8375603692723,56.74263471350567,-3117456.5158317946,2165022475351.0889,3.0000000000010374,-0.857983000000095,-30538077.79044117,-17.412992469610547,397.88415402544615,-13.743196558618363,0.0,-1.5122634967949626e-19,0.0,1.4942590769068728e-18,-525.5074083088199,1.567124836423704,-525.5074083088199,0.0,-649.7662924742659,0.0,0.0,2810.8199999993885,-14.617700000000468,0.0,0.0,0.0,0.0,0.0,0.0,0.0,0.0,0.0,0.0,0.0,3785.529999999461,-83.48819999997568,0.0,0.0,0.0,0.0,0.0,0.0,0.0,0.0,0.0,0.0,0.0,7388.629999999539,-42.010500000015554,0.0,0.0,0.0,0.0,0.0,0.0,0.0,0.0,0.0,999.000000000573,999.000000000573,1.0000000000000462,-103.65470936634792,gaze,0.5531828269887151,0.5858724643335302,-131.5299604596222,-93.8993192781433,1183.790815830126,-36.98869731047137,-17.2143105913653,-31.82806868070513,-0.0773850842449888,-0.0627691619498667,0.9950234072847268,4.638199806213379,19.47428925997093,-12.908510273576915,-28.26808035664844,0.4170698600126395,0.418358196755712,0.7892175898249361,5.009705913289428,-37.03806950019423,-17.190983243404197,-31.9749011217968,-0.0763307245665178,-0.0615868000529821,0.9951781008001946,4.649886894226074,104.28518856359408,False,-1.0,imu,-0.57475537772879,-9.538903166879562,2.8033800366968955,3.0193908561569414,3.553879392225005,-5.19013939705012,99.34804641824752,-38.32709693871259,133.98792534996775,397.88415402544615,-13.743196558618363,True,0.9464917295541172,-0.3227280680164894,491.418857764344,-47.679775797222135,1.9344173485471985,368.048977732016,False,inf
60.872839,-114170.40679372774,-388.2458226196548,490.5182797139241,-47.5988842715945,64.64306634300544,79.5303233445475,370.8492492397461,-6354712.449339628,27.09266451391077,79.60349568712255,5551195415.072998,62.831800234649705,64.64306634300544,-5682214102381.725,43.28411733666204,-2.4437352095220093,205.5589718696633,149.654454432725,-120163.96726364174,-114.05060600381756,202.41075105528688,370.8492492397461,-380947266686.5755,1554.767629801221,762.3770113476637,57.15376337597969,-3149380.2723980043,2188483996495.912,3.000000000001052,-0.8579830000000985,-30854338.472657114,-17.53630560707695,397.9612961702233,-13.670122986792876,0.0,-1.5234624438223347e-19,0.0,1.5053246932028309e-18,-529.1516123444121,1.5782226861393722,-529.1516123444121,0.0,-654.2644076332389,0.0,0.0,2810.8199999993813,-14.617700000000497,0.0,0.0,0.0,0.0,0.0,0.0,0.0,0.0,0.0,0.0,0.0,3785.529999999475,-83.48819999997568,0.0,0.0,0.0,0.0,0.0,0.0,0.0,0.0,0.0,0.0,0.0,7388.629999999524,-42.01050000001567,0.0,0.0,0.0,0.0,0.0,0.0,0.0,0.0,0.0,999.0000000005712,999.0000000005712,1.0000000000000462,-104.2840121471472,gaze,0.52318839543442,0.5044138032288169,-126.17769362240954,-89.02524909844058,1180.9574548298942,-37.50619146510321,-17.158556932898573,-32.37255065102533,-0.08530113835043,-0.020775458140897,0.9918887833652326,4.537662949889721,19.458781536183498,-12.875691707213614,-28.286055692593752,0.4178673822670899,0.4204065099256207,0.7883924570916204,5.021274800161423,-35.44470272054856,-16.08504728553571,-31.725086952512992,0.0557816006412557,0.1228204690885113,0.9203326639100906,4.667793537556999,123.37429263387916,False,0.9267759129890186,imu,-0.565254396,-9.551902063200002,2.8119163128,3.17779422,2.57154703,-5.94133157,99.34032816237928,-38.32023038083141,133.9699292971689,397.9612961702233,-13.670122986792876,False,0.9308617275375364,-0.3653716521650704,492.0638123022277,-47.709960905012686,2.6960094623887967,370.8492492397461,False,inf
60.881303,-115389.38976974698,-391.1900574065888,491.2108134137734,-47.71337719405807,65.09314043484278,80.19443929273787,373.8918596646228,-6424950.032673359,27.32287417547764,80.26822103243423,5615506375.977729,63.2886161166279,65.09314043484278,-5748664415305.455,43.51722137707765,-2.464076867751385,206.5395424563556,150.69517617624848,-121445.7891009616,-114.94941033566886,203.37613427929423,373.8918596646228,-385399403819.07935,1565.5598182019064,768.397607597882,57.6006021286435,-3184164.371051971,2214060394837.492,3.0000000000010587,-0.857983000000095,-31198970.70794012,-17.670303904466707,398.0450873466925,-13.59073164828294,0.0,-1.5356352263498916e-19,0.0,1.5173525508522997e-18,-533.111081453087,1.5902821712908364,-533.111081453087,0.0,-659.1515891707586,0.0,0.0,2810.8199999993813,-14.617700000000385,0.0,0.0,0.0,0.0,0.0,0.0,0.0,0.0,0.0,0.0,0.0,3785.5299999994313,-83.48819999997568,0.0,0.0,0.0,0.0,0.0,0.0,0.0,0.0,0.0,0.0,0.0,7388.629999999481,-42.010500000015554,0.0,0.0,0.0,0.0,0.0,0.0,0.0,0.0,0.0,999.0000000005784,999.0000000005784,1.000000000000048,-104.96740266255868,gaze,0.5236679083043625,0.5051348748371179,-127.90480650995993,-91.15208838013284,1182.0788577851165,-37.513779345837165,-17.147886526957908,-32.35003105584338,-0.0849978962444914,-0.0221632982307367,0.9923162017270112,4.542172152612404,19.443558491650567,-12.84157204359204,-28.302649098188603,0.4187234991195632,0.4226020818630394,0.7875066655730781,5.033778995960547,-33.796917220717575,-16.073310925698443,-31.73399869244424,0.0555866248252154,0.1224107236090888,0.920513528159682,4.673110656944351,115.53806683840988,False,0.8147420776707415,imu,-0.5784137576,-9.58539862,2.8137107712,3.15536349,2.54163939,-6.08339286,99.331994842506,-38.31282213996891,133.95105820733974,398.0450873466925,-13.59073164828294,False,0.9098759250389196,-0.4148804659592573,492.76006311542176,-47.742262518057096,8.221737538619184,373.8918596646228,False,inf
60.885097,-115939.16351024482,-392.51538615249,491.5224500678196,-47.76484931009264,65.29568103300478,80.4935053246497,375.26151320325846,-6456634.493077278,27.42656036904626,80.5675614764607,5644526629.056173,63.494190578512566,65.29568103300478,-5778651924005.208,43.6220146998333,-2.473236721521716,206.98021399210245,151.1635049946512,-122023.90065079652,-115.35404309019788,203.8099854884281,375.26151320325846,-387408543117.1292,1570.4163113024313,771.108417242678,57.80179403277751,-3199855.715012409,2225602389083.201,3.000000000001066,-0.8579830000000985,-31354448.43622372,-17.730628818624073,398.0827974331087,-13.554995148523917,0.0,-1.541116472695476e-19,0.0,1.5227685394008752e-18,-534.8934301578512,1.595711250724871,-534.8934301578512,0.0,-661.3515219230003,0.0,0.0,2810.8199999993813,-14.617700000000468,0.0,0.0,0.0,0.0,0.0,0.0,0.0,0.0,0.0,0.0,0.0,3785.529999999461,-83.48819999997522,0.0,0.0,0.0,0.0,0.0,0.0,0.0,0.0,0.0,0.0,0.0,7388.62999999951,-42.01050000001567,0.0,0.0,0.0,0.0,0.0,0.0,0.0,0.0,0.0,999.0000000005766,999.0000000005766,1.0000000000000444,-105.2749105111886,gaze,0.5530737669824618,0.5863813234688874,-131.2612912220293,-94.6113319279915,1183.788487107791,-36.98193762519156,-17.21462789327617,-31.80563391468702,-0.0771707027982512,-0.0633517076301588,0.9950031375679008,4.637097358703613,19.48350448442954,-12.81169839880262,-28.29270402241944,0.44123339143172,0.4718887740302746,0.7633047092936524,5.683719635009766,-31.36913211036981,-16.76076031477094,-31.55712386078202,-0.0248694929785226,-0.0086074355847611,0.9719452863035948,4.749697685241699,104.21334177320644,False,-1.0,imu,-0.572473575416741,-9.537816208823577,2.808691463911249,2.737874341982556,3.64244560997302,-5.123441527723403,99.32826395483728,-38.309505017058825,133.94279214251526,398.0827974331087,-13.554995148523917,False,0.8913274386378474,-0.4533601185937005,493.07194757013366,-47.75669515026991,12.579378711620162,375.26151320325846,False,inf
60.889768,-116618.89113745246,-394.1518205710957,491.90715233430274,-47.82834765121811,65.54571686307509,80.86287453161346,376.95271225134513,-6495814.053223133,27.554635768994352,80.93726959218503,5680419694.257056,63.74797157222777,65.54571686307509,-5815742916651.384,43.751290488934416,-2.484549455553204,207.52371020070493,151.74164481739507,-122738.661804198,-115.85369413878614,204.34507414270487,376.95271225134513,-389893602946.08,1576.411497992582,774.456134512533,58.05025622674407,-3219258.997329058,2239878424610.157,3.0000000000010587,-0.8579830000000932,-31546715.95701358,-17.805119795190574,398.12935269525497,-13.510870811613188,0.0,-1.5478858658060562e-19,0.0,1.52945733848985e-18,-537.094180978651,1.6024152374980187,-537.094180978651,0.0,-664.0678630150308,0.0,0.0,2810.8199999993594,-14.617700000000385,0.0,0.0,0.0,0.0,0.0,0.0,0.0,0.0,0.0,0.0,0.0,3785.529999999446,-83.48819999997522,0.0,0.0,0.0,0.0,0.0,0.0,0.0,0.0,0.0,0.0,0.0,7388.629999999495,-42.01050000001578,0.0,0.0,0.0,0.0,0.0,0.0,0.0,0.0,0.0,999.0000000005784,999.0000000005784,1.0000000000000462,-105.65450367151016,gaze,0.524129167206691,0.5058373544572023,-138.48830945968365,-102.05772537480397,1187.4417520258096,-37.520774034119256,-17.137300713262608,-32.32768705068715,-0.084691791717749,-0.0235423113626547,0.9927398043533536,4.546685173790148,19.42987551435381,-12.808830643467555,-28.31642328001768,0.4195737209455065,0.4247792340180163,0.7866269152414709,5.046287434389167,-31.83813741208694,-16.061649864222506,-31.73971728077497,0.0554094736660977,0.1220081995898041,0.9206905107777266,4.678457637949872,85.68066742866378,False,0.6928055602595369,imu,-0.5784137576,-9.588389384,2.81131816,3.00582529,2.56407012,-6.247884879999999,99.32367634600372,-38.305424275343576,133.93277931456882,398.12935269525497,-13.510870811613188,False,0.8861124605219668,-0.4634702874054667,493.4557342322862,-47.77446717945012,13.819545764455537,376.9527122513452,False,inf
60.898233,-117858.83345889232,-397.130837657058,492.6072303755154,-47.94378356040585,66.0007524063543,81.53557049124441,380.0315226528748,-6567300.314647198,27.78792956035524,81.61058274195,5745931922.480405,64.20982224041101,66.0007524063543,-5883446125141.218,43.98629975835135,-2.5051511535456816,208.5113664599138,152.79376006107705,-124042.50381930495,-116.76337447099836,205.3174638382249,380.0315226528748,-394429630455.22754,1587.3216282919154,780.5520517168449,58.502685440681006,-3254662.078085799,2265936743714.3936,3.000000000001073,-0.8579830000000968,-31897554.17296955,-17.940741028303393,398.2140840013653,-13.43054808928332,0.0,-1.5602132819954821e-19,0.0,1.5416379887805306e-18,-541.1005445581347,1.6146207822076974,-541.1005445581347,0.0,-669.0127762495725,0.0,0.0,2810.8199999993667,-14.617700000000468,0.0,0.0,0.0,0.0,0.0,0.0,0.0,0.0,0.0,0.0,0.0,3785.529999999439,-83.48819999997522,0.0,0.0,0.0,0.0,0.0,0.0,0.0,0.0,0.0,0.0,0.0,7388.62999999951,-42.010500000015895,0.0,0.0,0.0,0.0,0.0,0.0,0.0,0.0,0.0,999.000000000584,999.000000000584,1.0000000000000462,-106.3452496208893,gaze,0.5245719114541817,0.5065209077198644,-142.99631349822587,-107.03863730584008,1189.8664377535392,-37.5271828037272,-17.12680411340614,-32.305538631975175,-0.0843828684895071,-0.0249120684988045,0.99315942722016,4.551200411771192,19.4176847453823,-12.77746248481491,-28.32749810575367,0.4204177004272172,0.4269371578920757,0.7857535435125655,5.058796194237338,-30.27848939783764,-16.05006483002987,-31.74228933602408,0.0552501906861606,0.1216129886222772,0.920863566226269,4.683832873442915,41.42998204375484,False,0.5673101548959555,imu,-0.6149010784000001,-9.594370912,2.7975606456,2.81142563,2.81080815,-6.1880696,99.31538347741537,-38.29803799597761,133.91509440174164,398.2140840013653,-13.43054808928332,False,0.8595973980549091,-0.5109719300091055,494.15068315895394,-47.80680726575608,19.47116628710582,380.0315226528748,False,inf
60.905078,-118869.16053505371,-399.5524081889053,493.1760749684108,-48.03746911045772,66.37050990684546,82.0826575476224,382.5343043071212,-6625563.610450745,27.97770194013877,82.15817171417308,5799347447.535452,64.58511677020135,66.37050990684546,-5938652342628.883,44.177023085275096,-2.5219049829514675,209.312564526696,153.64866982309195,-125104.89031838485,-117.50292552979016,206.10628874260817,382.5343043071212,-398128356309.4151,1596.186718900337,785.5088125434778,58.87056825674331,-3283516.7941821944,2287184975748.0,3.000000000001087,-0.8579830000001056,-32183526.09756718,-18.05099890837392,398.2829416150762,-13.365258281870808,0.0,-1.5702379089716057e-19,0.0,1.5515432660572045e-18,-544.3572657694631,1.624543693540646,-544.3572657694631,0.0,-673.0323773098589,0.0,0.0,2810.8199999993885,-14.617700000000497,0.0,0.0,0.0,0.0,0.0,0.0,0.0,0.0,0.0,0.0,0.0,3785.529999999461,-83.48819999997522,0.0,0.0,0.0,0.0,0.0,0.0,0.0,0.0,0.0,0.0,0.0,7388.629999999554,-42.01050000001601,0.0,0.0,0.0,0.0,0.0,0.0,0.0,0.0,0.0,999.000000000593,999.000000000593,1.0000000000000515,-106.90647883110655,gaze,0.5526206234402016,0.5866657169368072,-130.140934140029,-95.0220294064244,1183.857368579158,-36.9784387168208,-17.21125440305622,-31.79642511145608,-0.0762565182297663,-0.0636906381217268,0.99505198157841,4.639394760131836,19.40888469709497,-12.7530946437534,-28.334564849658005,0.4210954294185973,0.4286676724356204,0.7850521373813418,5.068909635269256,-31.351669094169218,-16.767410769329977,-31.505310927261387,-0.0249179405456707,-0.0091741243444908,0.9719061178294685,4.746362495422363,1.0355944056815405,True,2.0,imu,-0.5701308238853462,-9.536784153601737,2.8138019670115457,2.456801417633954,3.7136870232962784,-5.049412892197966,99.3087028695895,-38.2920739737377,133.901227649345,398.2829416150762,-13.365258281870808,False,0.8339074418561706,-0.5519043199839059,494.7120739906608,-47.83322415055209,24.476561486847256,382.5343043071212,False,inf
60.906698,-119109.28298422977,-400.12718124677366,493.31106308259496,-48.0596863415484,66.45825689992185,82.21254687443226,383.12836514185057,-6639412.900412083,28.022762947507434,82.28818020185655,5812047195.364512,64.67417760746443,66.45825689992185,-5951778394088.598,44.22225176079168,-2.5258825397356017,209.5025182367908,153.85154429769534,-125357.38468729936,-117.67847432764977,206.29331041279085,383.12836514185057,-399007777646.8313,1598.2904404585995,786.6855284607445,58.95790220682158,-3290375.640649436,2292237025540.6104,3.000000000001073,-0.8579830000000968,-32251505.93650892,-18.07717114741101,398.2992829261602,-13.349761737175244,0.0,-1.5726178294774677e-19,0.0,1.5538948520623508e-18,-545.1302725504676,1.6268991243336206,-545.1302725504676,0.0,-673.9864520349715,0.0,0.0,2810.819999999345,-14.617700000000411,0.0,0.0,0.0,0.0,0.0,0.0,0.0,0.0,0.0,0.0,0.0,3785.529999999424,-83.48819999997431,0.0,0.0,0.0,0.0,0.0,0.0,0.0,0.0,0.0,0.0,0.0,7388.629999999437,-42.01050000001578,0.0,0.0,0.0,0.0,0.0,0.0,0.0,0.0,0.0,999.0000000005876,999.0000000005876,1.0000000000000426,-107.03965552629072,gaze,0.5249959411026742,0.507185289658566,-124.2197143795761,-89.05947187148176,1181.213066929779,-37.53301394870514,-17.116400063273055,-32.28360265826598,-0.0840711351486746,-0.0262723072771236,0.9935749577928876,4.555716801150992,19.40693732440305,-12.747457314855088,-28.33599825584427,0.4212551919497631,0.429075308348132,0.7848867820865685,5.07130282987909,-29.88730903319081,-16.038555293669646,-31.741773477486287,0.0551087924578821,0.1212251322352795,0.9210326713294338,4.689235379391933,-8.130302332548677,True,0.4445581522376809,imu,-0.6304530512000001,-9.5889875368,2.790382812,2.58711833,3.10240764,-6.14320814,99.30712565733204,-38.290663633289,133.8980024830232,398.2992829261602,-13.349761737175244,False,0.8303642292801797,-0.5572210034913734,494.84486190544027,-47.83952691967785,25.15815711766693,383.12836514185057,False,inf
60.915163,-120370.30624283216,-403.1409241194116,494.018666044215,-48.17605741747991,66.9182402048253,82.89382344292837,386.2433141876174,-6712155.911799192,28.25914335157966,82.97008175103139,5878769666.612302,65.14104718184704,66.9182402048253,-6020744096984.554,44.4591490756971,-2.546744193775066,210.49717253317925,154.91501997592962,-126683.37424201396,-118.59901676674708,207.27262091305784,386.2433141876174,-403628337170.5135,1609.318166452425,792.856734493442,59.415918997391366,-3326401.7212058287,2318780951230.286,3.000000000001066,-0.857983000000095,-32608591.91940174,-18.21441370634983,398.38495113410863,-13.268510007322334,0.0,-1.5850998638845954e-19,0.0,1.5662282797338231e-18,-549.1834656000129,1.6392505837102544,-549.1834656000129,0.0,-678.9890138809224,0.0,0.0,2810.8199999993376,-14.617700000000411,0.0,0.0,0.0,0.0,0.0,0.0,0.0,0.0,0.0,0.0,0.0,3785.529999999424,-83.48819999997431,0.0,0.0,0.0,0.0,0.0,0.0,0.0,0.0,0.0,0.0,0.0,7388.629999999437,-42.01050000001578,0.0,0.0,0.0,0.0,0.0,0.0,0.0,0.0,0.0,999.0000000005912,999.0000000005912,1.0000000000000409,-107.73773644505312,gaze,0.5254010592762847,0.5078302584808088,-100.2335882816859,-65.22714231682731,1169.8683306426997,-37.53827584908028,-17.10609187794674,-32.261895524709566,-0.0837566008239169,-0.0276227675735032,0.9939862843265248,4.560233280468276,19.397585221530097,-12.718803797156983,-28.342050799827504,0.4220859501363442,0.4311931432211056,0.7840268619224032,5.083804894595933,-30.807122954377096,-16.0271208562508,-31.73823847513809,0.0549852926787322,0.1208446707243182,0.9211978036820344,4.694664168580494,-38.14360170348713,True,0.3304855757241469,imu,-0.6388271904000001,-9.566257730400002,2.78141052,2.45253395,3.3715764,-6.053485220000001,99.29891191300216,-38.28330151705181,133.8815020782777,398.38495113410863,-13.268510007322334,False,0.7984564455732297,-0.6020525762112178,495.5382354025984,-47.87287766046696,30.86130468358592,386.2433141876174,False,inf
60.923627,-121641.8191867066,-406.1717801284593,494.7299706295389,-48.29288438333435,67.38065742714743,83.57933876968232,389.3760732521386,-6785524.761949301,28.49705001674135,83.65622590532203,5946095518.302202,65.6103848937154,67.38065742714743,-6090339367192.537,44.69696613292025,-2.567734209295197,211.4952182258036,155.98408295735769,-128020.38398335598,-119.52491519275236,208.2552860806936,389.3760732521386,-408291049606.6102,1620.4037256017662,799.0651043157762,59.87669371454663,-3362738.0531128235,2345567030429.254,3.0000000000011084,-0.8579830000001021,-32968790.141012616,-18.352455911527755,398.4710800892035,-13.186800829297797,0.0,-1.597658253570584e-19,0.0,1.57863715362162e-18,-553.2597416394082,1.6516740089477018,-553.2597416394082,0.0,-684.0199895313732,0.0,0.0,2810.8199999993594,-14.617700000000523,0.0,0.0,0.0,0.0,0.0,0.0,0.0,0.0,0.0,0.0,0.0,3785.529999999439,-83.48819999997454,0.0,0.0,0.0,0.0,0.0,0.0,0.0,0.0,0.0,0.0,0.0,7388.629999999524,-42.01050000001624,0.0,0.0,0.0,0.0,0.0,0.0,0.0,0.0,0.0,999.0000000006056,999.0000000006056,1.0000000000000495,-108.4394243551223,gaze,0.5257870277542015,0.5084555029246959,-121.06943912625732,-83.8213142286755,1179.2056996915012,-37.54297644590594,-17.095884051040063,-32.24043568738587,-0.0834393128450377,-0.0289630338081942,0.9943932480653406,4.564748259081052,19.38958204533344,-12.69149269375866,-28.345784595144607,0.4229096329819914,0.4332898769406786,0.7831741135274376,5.096298465407012,-32.24880899803137,-16.015762584732066,-31.731763578024548,0.0548797135723532,0.1204716867696293,0.921358922857354,4.700117604997525,-11.934151594201143,True,0.2303358411125511,imu,-0.62806044,-9.5441260768,2.78141052,2.22074974,3.5958837,-6.113300499999999,99.29075184449384,-38.27595284291163,133.8655930676789,398.4710800892035,-13.186800829297797,False,0.7639319981247111,-0.6452967551763966,496.2307004351416,-47.90711366052645,36.560007839834746,389.3760732521386,False,inf
60.925169,-121874.61852023166,-406.7258384930116,494.8599673138233,-48.31421899577737,67.46517086576344,83.70469491317064,389.9487731187528,-6798959.985722065,28.540560593716208,83.78169703427706,5958427317.638584,65.6961628747194,67.46517086576344,-6103087482566.141,44.74039469917592,-2.57157237400376,211.6774239371569,156.17946538757687,-128265.1739556928,-119.69418874435908,208.43468556968293,389.9487731187528,-409145139186.7575,1622.429716113205,800.2002597084609,59.960942986457695,-3369391.9553860687,2350473554126.927,3.00000000000108,-0.857983000000095,-33034753.567090824,-18.37769303698627,398.48682218619706,-13.171864346963332,0.0,-1.5999545920312974e-19,0.0,1.5809061526788817e-18,-554.0049163978828,1.653945281989621,-554.0049163978828,0.0,-684.9396825794385,0.0,0.0,2810.8199999993376,-14.617700000000385,0.0,0.0,0.0,0.0,0.0,0.0,0.0,0.0,0.0,0.0,0.0,3785.529999999402,-83.48819999997386,0.0,0.0,0.0,0.0,0.0,0.0,0.0,0.0,0.0,0.0,0.0,7388.629999999452,-42.01050000001601,0.0,0.0,0.0,0.0,0.0,0.0,0.0,0.0,0.0,999.000000000593,999.000000000593,1.0000000000000444,-108.56765868809087,gaze,0.5529540375082017,0.5850320346835157,-130.9701704059416,-92.74219866272476,1183.940753604954,-36.97713902736081,-17.21075338523634,-31.79286203666516,-0.076936338794186,-0.0618249329578235,0.9951173184291926,4.641493797302246,19.388265478328577,-12.686660219135256,-28.346225453186275,0.4230589238084775,0.4336695796783458,0.78301953625301,5.098573638909092,-31.339996951287684,-16.77128036447007,-31.470011398930573,-0.0250462110048413,-0.0092883009809901,0.9718891819556856,4.7444642066955565,0.4551889206236286,True,2.0,imu,-0.5677015403479255,-9.535796268591632,2.818764601658497,2.1797582625742327,3.771426215493263,-4.967635417749497,99.28927154378133,-38.2746154161341,133.8627579989133,398.48682218619706,-13.171864346963332,False,0.7551225841481783,-0.6555836200740356,496.3567662447077,-47.91346725154768,37.92776325956219,389.9487731187528,False,inf
60.927415,-122214.33887700833,-407.5338946771655,495.0495398537587,-48.34532191206176,67.58841736467684,83.88754028406467,390.78402379104335,-6818567.027412415,28.60402873989168,83.96471012129611,5976425794.756704,65.82125329707003,67.58841736467684,-6121693931354.734,44.80370703290468,-2.5771706623875232,211.94302450216185,156.4643904871542,-128622.39147085864,-119.94107026561908,208.6961964465558,390.78402379104335,-410391719817.9989,1625.384200476982,801.8559324202001,60.08382412704298,-3379102.5181136224,2357634837136.0303,3.0000000000011013,-0.8579830000000968,-33131021.38689779,-18.414500869836576,398.50977941492965,-13.150080756999898,0.0,-1.6033039706099146e-19,0.0,1.5842156547261034e-18,-555.0917069260686,1.6572578873975758,-555.0917069260686,0.0,-686.2809925455292,0.0,0.0,2810.8199999993376,-14.617700000000411,0.0,0.0,0.0,0.0,0.0,0.0,0.0,0.0,0.0,0.0,0.0,3785.5299999994095,-83.48819999997409,0.0,0.0,0.0,0.0,0.0,0.0,0.0,0.0,0.0,0.0,0.0,7388.629999999452,-42.01050000001612,0.0,0.0,0.0,0.0,0.0,0.0,0.0,0.0,0.0,999.0000000005966,999.0000000005966,1.0000000000000444,-108.7546585512029,gaze,0.5259535275259898,0.508728900096083,-149.50830227751473,-110.4441252251356,1192.279037441805,-37.54490081296623,-17.091348591000916,-32.23091487213748,-0.0832964117217017,-0.0295595421934631,0.9945739551626668,4.566768312446089,19.38642452023342,-12.679700019661505,-28.34673936049756,0.4232759414899602,0.4342213591412909,0.7827948230066519,5.101886950286586,-32.72900274844936,-16.010703464961637,-31.727936160546047,0.054838264393829,0.1203071780362424,0.9214297314591036,4.7025661784201445,22.66192385454256,True,0.1911737544245447,imu,-0.5674253949178432,-9.53568896685891,2.819308265642482,2.1493935304144824,3.777135234531429,-4.958055660372003,101.3441636,-38.84944440000002,132.8326616,398.50977941492965,-13.150080756999898,False,0.7476486445396813,-0.6640944995390169,496.5403378401445,-47.92279337599796,39.10378318036161,390.7840237910434,False,inf
60.932092,-122924.18935078196,-409.2205386161879,495.4451605904724,-48.41019627324124,67.84562774549886,84.26927471641292,392.5274574465188,-6859540.92415905,28.736546625983927,84.3467946925085,6014044850.581116,66.08231119710551,67.84562774549886,-6160585063269.501,44.93576171456676,-2.588858129021467,212.49689814689884,157.05900841933953,-129368.80025425664,-120.45641157202846,209.24154515977503,392.5274574465188,-412997312058.7052,1631.5499705089485,805.3122756669264,60.340347779855215,-3399395.2762183137,2372603289081.128,3.0000000000010942,-0.8579830000000985,-33332206.56679462,-18.491333955601625,398.55769181422784,-13.104613140137872,0.0,-1.6102963237674392e-19,0.0,1.5911247593686658e-18,-557.3601650783202,1.6641726572860114,-557.3601650783202,0.0,-689.0806919773097,0.0,0.0,2810.819999999345,-14.61770000000044,0.0,0.0,0.0,0.0,0.0,0.0,0.0,0.0,0.0,0.0,0.0,3785.529999999395,-83.48819999997386,0.0,0.0,0.0,0.0,0.0,0.0,0.0,0.0,0.0,0.0,0.0,7388.629999999466,-42.01050000001612,0.0,0.0,0.0,0.0,0.0,0.0,0.0,0.0,0.0,999.000000000602,999.000000000602,1.0000000000000426,-109.14490020127548,gaze,0.5261537471739451,0.5090609354834656,-188.49777044680573,-147.11621443316236,1210.2864014860286,-37.54712539391301,-17.085777441519856,-32.21923355423748,-0.0831192064760684,-0.0302931672137113,0.9947958350844084,4.569261751016058,19.38287936097453,-12.665504150745187,-28.347331483252404,0.423726190325967,0.4353654690664575,0.7823285647546305,5.108784047024947,-32.944376281775995,-16.004477650703546,-31.722434497529168,0.0547920380941687,0.1201061300368093,0.92151604608574,4.705595984238141,80.05277100563997,True,0.1482783652219921,imu,-0.6274622872000001,-9.5471168408,2.7927754232,2.23570356,3.94729847,-6.053485220000001,99.2826517799384,-38.26861620100053,133.85026925273672,398.55769181422784,-13.104613140137872,False,0.7268468677824599,-0.6867995564899758,496.9224134706141,-47.942507350865455,42.23503292066197,392.5274574465188,False,inf
60.940557,-124217.33450933298,-412.28691589947846,496.16416783162094,-48.52798074373629,68.313106612322,84.96357048590185,395.6971727796052,-6934199.9225895405,28.977612654088503,85.04172725883365,6082613956.185635,66.55678036533371,68.313106612322,-6231477434773.632,45.17551037058641,-2.610114065378755,213.5021015861176,158.13969301671858,-130728.53646803676,-121.3934200818182,210.2312893017237,395.6971727796052,-417746872883.6568,1642.7558287092552,811.5976885371158,60.80683950043039,-3436371.178974396,2399888281504.6035,3.0000000000011013,-0.857983000000095,-33698819.77318373,-18.63103516212035,398.6447778355832,-13.021954806414612,0.0,-1.6230129542003604e-19,0.0,1.6036899900377293e-18,-561.4843572121354,1.6767453878776328,-561.4843572121354,0.0,-694.1706530976771,0.0,0.0,2810.819999999323,-14.617700000000326,0.0,0.0,0.0,0.0,0.0,0.0,0.0,0.0,0.0,0.0,0.0,3785.529999999395,-83.48819999997386,0.0,0.0,0.0,0.0,0.0,0.0,0.0,0.0,0.0,0.0,0.0,7388.6299999993935,-42.010500000015895,0.0,0.0,0.0,0.0,0.0,0.0,0.0,0.0,0.0,999.0000000005984,999.0000000005984,1.0000000000000444,-109.85409648205068,gaze,0.5265009834424189,0.5096462491951312,-197.1644043504052,-154.58298021250775,1214.4374008160164,-37.550730728461765,-17.075776509746674,-32.19830670434787,-0.0827963298478108,-0.0316127557478972,0.9951938878019936,4.573772174393549,19.37743229553283,-12.640827090265937,-28.34682337417708,0.424535279940118,0.4374191379441257,0.7814905453098638,5.121257715323852,-31.80250281632344,-15.993267379818048,-31.71034740588569,0.0547222847616559,0.1197480815776162,0.9216691340428376,4.711097667624872,189.9791948520388,True,0.0872146567143764,imu,-0.6394253432000001,-9.5889875368,2.784401284,2.05625772,4.17908268,-6.19554651,99.27462056705389,-38.26129278540149,133.83552964325025,398.6447778355832,-13.021954806414612,False,0.6872797137602779,-0.7263928655029525,497.6133004307471,-47.97932446686526,47.86453770844805,395.6971727796052,False,inf
60.94515,-124923.51167493591,-413.958092174386,496.55589500024416,-48.5920873615629,68.56780797156534,85.34211808050163,397.4247176602268,-6974979.436201572,29.10907143338036,85.42062203314926,6120079540.914179,66.81528880320019,68.56780797156534,-6270214931638.492,45.30599468045111,-2.621702718774482,214.0489890817434,158.72847676991,-131471.074331256,-121.90414389207224,210.76977270526413,397.4247176602268,-420342149205.2777,1648.8610139825612,815.0241373687112,61.06114391609186,-3456567.9276744146,2414797467655.951,3.0000000000011227,-0.8579830000001021,-33899084.66977949,-18.707181001057968,398.69222867450935,-12.976907871691424,0.0,-1.6299458387331277e-19,0.0,1.6105403340654211e-18,-563.7320739055464,1.6835983072924243,-563.7320739055464,0.0,-696.9446893287172,0.0,0.0,2810.8199999993376,-14.617700000000497,0.0,0.0,0.0,0.0,0.0,0.0,0.0,0.0,0.0,0.0,0.0,3785.5299999994168,-83.48819999997409,0.0,0.0,0.0,0.0,0.0,0.0,0.0,0.0,0.0,0.0,0.0,7388.629999999466,-42.01050000001658,0.0,0.0,0.0,0.0,0.0,0.0,0.0,0.0,0.0,999.0000000006094,999.0000000006094,1.0000000000000533,-110.24045962974328,gaze,0.5531262783347298,0.5842525430858991,-131.3984191194903,-91.6537080287915,1183.977504924946,-36.97621124286865,-17.2092783841235,-31.78990166608051,-0.0772876336505331,-0.0609351754750118,0.9951449774151154,4.634212493896484,19.37498616531005,-12.627981082221504,-28.345735059738555,0.4249710697367873,0.4385240695976784,0.7810390785117328,5.128019913502567,-31.333940573580527,-16.77175198196415,-31.451285292692024,-0.0251668461205479,-0.0089902750608742,0.9718983216276444,4.742741870880127,231.3530185924259,False,-1.0,imu,-0.56521269982146,-9.534864013754714,2.823521703552199,1.9154255313070248,3.817671979262591,-4.879464449300641,99.27029442662226,-38.25732484437786,133.82777543384918,398.69222867450935,-12.976907871691424,False,0.6626177498874884,-0.7489577541717837,497.9878287244637,-47.999993779903086,51.16129123393804,397.4247176602268,False,inf
60.949022,-125521.32231436815,-415.3709855475447,496.8870081161968,-48.646239229307696,68.78310399221773,85.66224607654837,398.8852945100647,-7009505.930150747,29.22025561525991,85.74104362027005,6151807065.195782,67.03380199577592,68.78310399221773,-6303020936369.316,45.41621469635267,-2.631502604622664,214.5108355411436,159.2261594320276,-132099.6636358944,-122.3359640315925,211.2245255517901,398.8852945100647,-422540030159.3409,1654.021534574467,817.921514679799,61.27618149242538,-3473667.833193155,2427423720023.5703,3.000000000001116,-0.8579830000000968,-34068650.79822413,-18.77156312598641,398.73233983106365,-12.938824064732216,0.0,-1.6358085048108722e-19,0.0,1.616333201284964e-18,-565.6324198309243,1.6893925242528487,-565.6324198309243,0.0,-699.2899978034424,0.0,0.0,2810.819999999323,-14.617700000000468,0.0,0.0,0.0,0.0,0.0,0.0,0.0,0.0,0.0,0.0,0.0,3785.5299999994095,-83.4881999999734,0.0,0.0,0.0,0.0,0.0,0.0,0.0,0.0,0.0,0.0,0.0,7388.629999999437,-42.01050000001624,0.0,0.0,0.0,0.0,0.0,0.0,0.0,0.0,0.0,999.0000000006077,999.0000000006077,1.0000000000000495,-110.56702842233436,gaze,0.5268285524761178,0.5102112155383658,-29.19175534538739,6.637804113225655,1137.002234953769,-37.55380114969072,-17.06588448048153,-32.17766971914176,-0.0824706943493008,-0.0329215487636222,0.995587297853702,4.578278485630364,19.373195543245004,-12.61744618111389,-28.34439397518819,0.4253366576790152,0.4394503542316755,0.780660282851118,5.133717023242414,-28.569843620983903,-15.98213187293003,-31.69560560532289,0.054670455627197,0.1193975766695476,0.9218181674745076,4.716621656749421,248.4700247582752,False,0.0487170630364866,imu,-0.6322475096000001,-9.589585689600002,2.7706437696,1.90671952,4.15665195,-6.38994617,99.26666571489888,-38.253982919753554,133.8213708792577,398.73233983106365,-12.938824064732216,False,0.6453159862183322,-0.7639157531633061,498.30338466388434,-48.01783929681186,53.426840396664176,398.8852945100648,False,inf
60.957487,-126836.2207000313,-418.4728213277693,497.6136972511968,-48.7649731673647,69.25562987575995,86.36532154613049,402.0918980945365,-7085463.1377568245,29.46448304706126,86.44476385221861,6221628426.895211,67.51338570809654,69.25562987575995,-6375220043131.592,45.65787729122721,-2.653024334665362,215.52310700854915,160.31843040645288,-133482.25306491464,-123.28406679389732,212.2212609548056,402.0918980945365,-427377083328.536,1665.347323081318,824.283926351311,61.74838640810187,-3511287.3196418025,2455211324802.5576,3.000000000001137,-0.8579830000001003,-34441720.77203405,-18.912921452405644,398.82037948180187,-12.855219147828336,0.0,-1.648683336621772e-19,0.0,1.6290547498349249e-18,-569.8044550122017,1.702114390869209,-569.8044550122017,0.0,-704.4388513571313,0.0,0.0,2810.8199999993303,-14.617700000000552,0.0,0.0,0.0,0.0,0.0,0.0,0.0,0.0,0.0,0.0,0.0,3785.5299999994168,-83.4881999999734,0.0,0.0,0.0,0.0,0.0,0.0,0.0,0.0,0.0,0.0,0.0,7388.629999999466,-42.010500000016464,0.0,0.0,0.0,0.0,0.0,0.0,0.0,0.0,0.0,999.0000000006185,999.0000000006185,1.000000000000055,-111.2837112890469,gaze,0.5271362735196389,0.5107556094535874,286.16095099701,308.77764564586334,991.2925574503292,-37.55634543181564,-17.05610455412402,-32.15733673656295,-0.0821423119600357,-0.0342192981144353,0.9959759577759648,4.582779646139385,19.370124330002245,-12.595345178287106,-28.340177923428783,0.4261300797748032,0.4414585920268282,0.7798380041271351,5.146159524640464,-24.35944716892913,-15.971071350214178,-31.678319514023897,0.0546365497954659,0.1190546493142856,0.9219631279314948,4.722166950792303,230.35426979688123,False,0.0331712654627165,imu,-0.6495939408000001,-9.573435564,2.7778216032,1.69736604,4.14169813,-6.73388403,99.2587943667571,-38.24668692627209,133.80778915515725,398.82037948180187,-12.855219147828336,False,0.6010519391780962,-0.7992099639082649,498.9927056693539,-48.05832984669154,58.89982324630748,402.0918980945364,False,inf
60.965242,-128050.4667447824,-421.3301478492983,498.2828271750823,-48.8741668586348,69.6907505819325,87.01330567587497,405.0458346778644,-7155624.60376215,29.689623105754123,87.09334218353362,6286148599.497437,67.95500142148141,69.6907505819325,-6441942729019.432,45.88011378840091,-2.672858339613008,216.45358529257047,161.32420153832615,-134758.99968388476,-124.157546639777,213.1374726318735,405.0458346778644,-431847214010.98944,1675.7760994202604,830.1467062610546,62.18350886910339,-3546036.6142995115,2480891052204.0244,3.000000000001144,-0.8579830000001021,-34786360.53157192,-19.04315527859689,398.9014555039666,-12.778208877695532,0.0,-1.6605481892147136e-19,0.0,1.6407783436246005e-18,-573.6476898419338,1.7138350824631623,-573.6476898419338,0.0,-709.1818531961354,0.0,0.0,2810.819999999323,-14.617700000000468,0.0,0.0,0.0,0.0,0.0,0.0,0.0,0.0,0.0,0.0,0.0,3785.529999999388,-83.48819999997318,0.0,0.0,0.0,0.0,0.0,0.0,0.0,0.0,0.0,0.0,0.0,7388.629999999452,-42.01050000001635,0.0,0.0,0.0,0.0,0.0,0.0,0.0,0.0,0.0,999.0000000006204,999.0000000006204,1.0000000000000495,-111.94358780752422,gaze,0.2171438647429631,-0.0073335527129347,551.0812756135668,562.9245515336202,868.7309238071497,-37.55822206353332,-17.047246019781607,-32.13898769797794,-0.0818390723323303,-0.0353982963641831,0.996327758805878,4.586897870245106,19.43554027369975,-12.69159306616168,-28.42413458293871,0.4463250748924531,0.4832389348210717,0.753175981690363,5.776572227478027,-20.049093056746305,-15.867208476923429,-30.770498473138737,0.0795751857069404,0.1002113442933134,0.9235288365087716,4.9704163551330565,173.78014483854693,False,-1.0,imu,-0.5626371998231431,-9.533977689318178,2.828122665850322,1.6656190852671755,3.855242949947301,-4.784444651702301,99.25166231152755,-38.24001533205247,133.7958494550904,398.9014555039666,-12.778208877695532,False,0.5473541647792113,-0.8369010803546928,499.62358777928495,-48.09739790829104,64.96235610432153,405.0458346778644,False,inf
60.965951,-128161.94060158616,-421.5921276112072,498.34416455572045,-48.88416988722702,69.73063800819236,87.0727331711432,405.3166770893554,-7162066.664975643,29.71027337661433,87.15282417196778,6292073949.326303,67.99548403330046,69.73063800819236,-6448070604317.186,45.90047203975272,-2.674677278912482,216.5388027722635,161.4163986726561,-134876.2109820149,-124.2376388116847,213.2213841857692,405.3166770893554,-432257753940.81726,1676.7320811600448,830.6843378231549,62.22341064262466,-3549227.226284124,2483249496161.212,3.0000000000011298,-0.8579830000001003,-34818006.266429394,-19.0550969098311,398.9088879868332,-12.771148245516258,0.0,-1.661636276663349e-19,0.0,1.6418534766828373e-18,-574.0000679942913,1.7149097969221234,-574.0000679942913,0.0,-709.6167258652863,0.0,0.0,2810.819999999316,-14.617700000000552,0.0,0.0,0.0,0.0,0.0,0.0,0.0,0.0,0.0,0.0,0.0,3785.529999999402,-83.48819999997318,0.0,0.0,0.0,0.0,0.0,0.0,0.0,0.0,0.0,0.0,0.0,7388.629999999495,-42.01050000001658,0.0,0.0,0.0,0.0,0.0,0.0,0.0,0.0,0.0,999.0000000006166,999.0000000006166,1.0000000000000495,-112.00407505899508,gaze,0.5274239364007289,0.5112791487825159,568.3007563325959,579.2772329709949,860.6545056266734,-37.55837221149407,-17.046441040786387,-32.137323800245284,-0.0818112345370628,-0.0355056069094197,0.9963597159792812,4.58727409193861,19.36817451945961,-12.574509344772618,-28.334311279397284,0.4269152105977437,0.4434430959050878,0.779024030618947,5.158581308332977,-21.14796193308469,-15.960087442172442,-31.65860852656385,0.0546205642393371,0.1187193713906543,0.9221039813770838,4.72773188803483,167.94075091317285,False,0.0399131213941801,imu,-0.6603606912000002,-9.5650614248,2.7730363808,1.78708896,4.05945212,-6.77874549,99.2510142192664,-38.23940598516658,133.79478173257914,398.9088879868332,-12.771148245516258,False,0.5546002893369556,-0.8321168902668453,499.6812383355492,-48.10107174057202,64.26038900444418,405.3166770893554,False,inf
60.974416,-129498.86377329078,-424.7297156311964,499.0785985286621,-49.00385899758993,70.20825067314175,87.7846682841459,408.56046933920055,-7239338.839453697,29.957692266557125,87.86541208308095,6363164565.80457,68.48022055211915,70.20825067314175,-6521594349732.328,46.14405887291669,-2.696467145017994,217.5581698295832,162.52034653139762,-136281.938665941,-125.1969289057813,214.22513861191243,408.56046933920055,-437183497425.8458,1688.1787351365342,837.1244347270604,62.70137916516951,-3587498.61665462,2511546595104.4727,3.0000000000011298,-0.8579830000001003,-35197617.50851734,-19.198126719096265,398.9978879479204,-12.68658971744054,0.0,-1.6746707488035456e-19,0.0,1.6547327649332334e-18,-578.2203528226129,1.727782092184566,-578.2203528226129,0.0,-714.8249707879166,0.0,0.0,2810.819999999301,-14.617700000000411,0.0,0.0,0.0,0.0,0.0,0.0,0.0,0.0,0.0,0.0,0.0,3785.529999999373,-83.48819999997272,0.0,0.0,0.0,0.0,0.0,0.0,0.0,0.0,0.0,0.0,0.0,7388.629999999408,-42.010500000016805,0.0,0.0,0.0,0.0,0.0,0.0,0.0,0.0,0.0,999.000000000622,999.000000000622,1.0000000000000462,-112.7283053001086,gaze,0.5276914351662771,0.5117817392926021,651.9713634701543,660.1803595569055,821.5149409132197,-37.559890881988885,-17.036894806261916,-32.11763944289289,-0.0814773970379869,-0.036780536133086,0.9967385575589562,4.591761857180171,19.367301765106163,-12.55491578831186,-28.326928264815745,0.4276919927650887,0.4454038161032533,0.7782183947961849,5.170982866674731,-20.19547058750093,-15.949178005383375,-31.63659080213436,0.0546224883479907,0.1183916950956952,0.9222407442768646,4.733316778364679,105.80752230451075,False,0.067373481256269,imu,-0.6783052752000002,-9.572239258400002,2.7790179088,1.80204278,3.93982156,-6.87594532,99.24332986168098,-38.23213869545676,133.7823408707346,398.9978879479204,-12.68658971744054,False,0.5060680023760774,-0.8624935808289164,500.3692187506277,-48.14635771907573,69.48706814011295,408.56046933920055,False,inf
60.983257,-130907.03941987285,-428.025875713338,499.8498149758952,-49.12937672677936,70.70980981788995,88.53298858065205,411.96832060121113,-7320752.139764547,30.21781707027009,88.61441849231342,6438097431.231094,68.9892546103225,70.70980981788995,-6599098355718.669,46.39949684614767,-2.719368976865669,218.6266145372084,163.67960035897949,-137762.57492364623,-126.20483923054628,215.27723641026728,411.96832060121113,-442375870014.7914,1700.1987340464482,843.8923412070857,63.203675637905526,-3627821.368244687,2541375403479.4824,3.000000000001144,-0.8579830000001003,-35597616.947342776,-19.34840783067261,399.09135651012457,-12.597763303378429,0.0,-1.6883699993062306e-19,0.0,1.6682689169226494e-18,-582.6540189144027,1.741306984854113,-582.6540189144027,0.0,-720.2964660272296,0.0,0.0,2810.819999999301,-14.617700000000356,0.0,0.0,0.0,0.0,0.0,0.0,0.0,0.0,0.0,0.0,0.0,3785.529999999366,-83.48819999997227,0.0,0.0,0.0,0.0,0.0,0.0,0.0,0.0,0.0,0.0,0.0,7388.6299999993935,-42.01050000001669,0.0,0.0,0.0,0.0,0.0,0.0,0.0,0.0,0.0,999.000000000622,999.000000000622,1.0000000000000426,-113.48875848954208,gaze,0.5279490660676535,0.5122839891993614,501.9411016061731,517.8897128830824,890.3684413741602,-37.56094398886847,-17.027054363230135,-32.09744797878729,-0.0811258409453027,-0.0380995231092339,0.997128815483644,4.596440153713843,19.36749327428396,-12.535760542245823,-28.3177460423644,0.4284940028083717,0.4474254264139796,0.7773862211861713,5.183909474303973,-21.1594238747463,-15.937865500957344,-31.611273591421767,0.054643610992072,0.1180576550071168,0.9223791794715464,4.739169249779023,62.724181749024645,False,0.1156294647446934,imu,-0.6663422192,-9.597361676,2.793373576,1.51044329,3.76037572,-6.84603768,99.2354140146886,-38.22456444431993,133.76994843995269,399.09135651012457,-12.597763303378429,False,0.4533040333502776,-0.8913559633212595,501.0871803959293,-48.1966732276416,74.7774564029353,411.96832060121113,False,inf
60.985223,-131221.83562462096,-428.7615282565382,500.0218922244603,-49.15735978063333,70.82172353011215,88.70005843341667,412.7289173040189,-7338955.173670769,30.27590096346352,88.78164151973728,6454856023.400301,69.10283530739703,70.82172353011215,-6616432883245.122,46.45644288962447,-2.7244818038185583,218.86473619026532,163.93826049700073,-138093.5681082381,-126.42980858089253,215.5117172925075,412.7289173040189,-443537190724.8773,1702.880697401472,845.4031585847498,63.31580439348531,-3636837.097892488,2548046883434.125,3.000000000001144,-0.8579830000001021,-35687058.16569938,-19.38195143225406,399.1122131569291,-12.577939412184833,0.0,-1.6914283003370538e-19,0.0,1.671290806884268e-18,-583.6435582025192,1.7443258180475152,-583.6435582025192,0.0,-721.5176243618646,0.0,0.0,2810.8199999993085,-14.617700000000468,0.0,0.0,0.0,0.0,0.0,0.0,0.0,0.0,0.0,0.0,0.0,3785.529999999388,-83.48819999997318,0.0,0.0,0.0,0.0,0.0,0.0,0.0,0.0,0.0,0.0,0.0,7388.629999999437,-42.01050000001692,0.0,0.0,0.0,0.0,0.0,0.0,0.0,0.0,0.0,999.0000000006276,999.0000000006276,1.0000000000000462,-113.6584274577519,gaze,0.5280033171313189,0.5123925049391402,444.7079196290512,463.45773823595954,916.7452605815588,-37.56110517059237,-17.024884489966073,-32.09301034137288,-0.0810472646262522,-0.0383910576160569,0.9972148352330276,4.597479143237424,19.367684161949622,-12.531680466462474,-28.315515103280973,0.4286710329617448,0.4478712819872685,0.777202477391476,5.186780145409979,-22.874062178337628,-16.080719809644435,-30.95083084928511,0.0539611460544919,0.0741970470666273,0.9346225647782702,4.922918319702148,55.87543917630518,False,-1.0,imu,-0.5600039800101515,-9.533147651745724,2.8325136056679767,1.4369152437328,3.885684889817153,-4.684193217777068,99.23366964781748,-38.22288237018748,133.7672755492306,399.1122131569291,-12.577939412184833,False,0.4412979603030635,-0.8973606355486938,501.2467674220684,-48.20831302188823,75.92791732804974,412.7289173040189,False,inf
60.992098,-132327.41928020326,-431.341742900388,500.6253000076858,-49.255419457803725,71.21417144205547,89.28619745548286,415.3966671341512,-7402894.465004683,30.479703742676303,89.36831791221861,6513734561.349573,69.50112609784784,71.21417144205547,-6677337472338.391,46.65599161998116,-2.742418706589584,219.69894884920515,164.84528683286538,-139256.03220707714,-127.21891697362828,216.33318219081823,415.3966671341512,-447617460933.172,1712.285315031627,850.7031026779914,63.70915123399124,-3668505.547830479,2571486953487.465,3.000000000001158,-0.8579830000001039,-36001243.7083412,-19.499610729130023,399.1853535568107,-12.508411815033584,0.0,-1.7021573352339758e-19,0.0,1.6818921056189913e-18,-587.1142880325359,1.7549148356886222,-587.1142880325359,0.0,-725.8007063228123,0.0,0.0,2810.819999999294,-14.617700000000497,0.0,0.0,0.0,0.0,0.0,0.0,0.0,0.0,0.0,0.0,0.0,3785.529999999388,-83.48819999997272,0.0,0.0,0.0,0.0,0.0,0.0,0.0,0.0,0.0,0.0,0.0,7388.629999999466,-42.01050000001703,0.0,0.0,0.0,0.0,0.0,0.0,0.0,0.0,0.0,999.000000000633,999.000000000633,1.0000000000000462,-114.25337104491204,gaze,0.5281842874072878,0.5127628454835821,215.8904245471568,245.79324775647777,1022.4050881572904,-37.561462657632525,-17.017350034602316,-32.07764564539699,-0.0807713481692305,-0.0394053978641311,0.9975134283711546,4.601108310354997,19.36876321842584,-12.517920352173158,-28.307212681536274,0.4292862641956602,0.4494196919223316,0.776563745745844,5.196806977230096,-22.67130285585799,-15.92663703940958,-31.5837337644592,0.0546842474438444,0.1177320161873727,0.922513099553215,4.745040522249099,38.01027817776321,False,0.1805291892845387,imu,-0.6519865520000001,-9.6218859408,2.773634533600001,1.43567419,3.8949601,-6.689022570000001,99.22761681866191,-38.217006731682446,133.75816391747685,399.1853535568107,-12.508411815033584,False,0.3985760290482119,-0.917135294854668,501.8046751054588,-48.25039041406773,79.86990582597616,415.3966671341512,False,inf
61.000939,-133760.0823877843,-434.6774023810412,501.40507188614265,-49.38198884516152,71.72134707801239,90.04431810392583,418.845596049974,-7485770.694325685,30.74336100647304,90.12713355844906,6590080908.8104105,70.01584610306094,71.72134707801239,-6756316916499.566,46.91354617882169,-2.765617013576479,220.77518072956323,166.0174322010655,-140762.3934722634,-128.23918912797703,217.39298397656307,418.845596049974,-452908619257.4456,1724.438749297249,857.5569182999842,64.21782057695262,-3709553.5779769495,2601883250415.4727,3.0000000000011866,-0.8579830000001092,-36408522.39921448,-19.65173958146572,399.2798810225386,-12.418533216653998,0.0,-1.7160331741552145e-19,0.0,1.6956027436192281e-18,-591.6012781361492,1.7686060197051494,-591.6012781361492,0.0,-731.3378364191963,0.0,0.0,2810.8199999993085,-14.617700000000552,0.0,0.0,0.0,0.0,0.0,0.0,0.0,0.0,0.0,0.0,0.0,3785.5299999994168,-83.48819999997318,0.0,0.0,0.0,0.0,0.0,0.0,0.0,0.0,0.0,0.0,0.0,7388.62999999951,-42.01050000001726,0.0,0.0,0.0,0.0,0.0,0.0,0.0,0.0,0.0,999.0000000006476,999.0000000006476,1.0000000000000533,-115.02216060286284,gaze,0.5283969133781438,0.5132180727332996,-49.06199586423815,-5.873847718108381,1145.18455635567,-37.56145727026291,-17.007785313377465,-32.05824605955883,-0.080413935943425,-0.0406978930489389,0.9978922793820642,4.605765176408487,19.37106260982052,-12.501372031531108,-28.29548182295765,0.4300685018797369,0.451386034981686,0.7757512209644749,5.209672601033932,-23.62523623425117,-15.915493520914795,-31.554127555618383,0.0547443794141349,0.1174148098600427,0.9226424882690452,4.750929444373778,17.793310020149555,False,0.2580962391969508,imu,-0.6567717744000001,-9.6057358152,2.743726893600001,1.33847436,3.85757555,-6.315177069999999,99.21994439699306,-38.20946591718652,133.74698056598373,399.2798810225386,-12.418533216653998,False,0.3420557039529294,-0.9396796770140696,502.5218495602818,-48.307830278401326,84.7382408790115,418.845596049974,False,inf
61.005314,-134473.60834037483,-436.3354120062603,501.7925359410447,-49.44481745496296,71.97336909345455,90.42130063349904,420.55995027353777,-7527055.241735697,30.874490305865606,90.50446166331672,6628125013.370646,70.27161410102616,71.97336909345455,-6795675606542.483,47.04139085821926,-2.777151940821757,221.3092018977274,166.59986948922548,-141512.6200178465,-128.7463738282326,217.9188593000593,420.55995027353777,-455545408747.062,1730.4777294854498,860.9645388300335,64.47072316403,-3730001.66460398,2617030902813.116,3.0000000000011653,-0.8579830000001074,-36611424.02073064,-19.72736484465496,399.3268550525008,-12.373860887671754,0.0,-1.7229325450387007e-19,0.0,1.7024199729868178e-18,-593.8316005781562,1.7754120881788962,-593.8316005781562,0.0,-734.0901142359489,0.0,0.0,2810.819999999301,-14.617700000000468,0.0,0.0,0.0,0.0,0.0,0.0,0.0,0.0,0.0,0.0,0.0,3785.529999999388,-83.48819999997204,0.0,0.0,0.0,0.0,0.0,0.0,0.0,0.0,0.0,0.0,0.0,7388.629999999452,-42.010500000017146,0.0,0.0,0.0,0.0,0.0,0.0,0.0,0.0,0.0,999.0000000006404,999.0000000006404,1.0000000000000495,-115.40414919714036,gaze,0.5536969146908404,0.5796403661496403,-132.8194671578759,-85.22168418860294,1184.237513960095,-36.97952415014988,-17.19469323490677,-31.79494744895242,-0.0784480957482787,-0.0556822941701108,0.9953619333636496,4.626440048217773,19.372566217729347,-12.493653497215009,-28.28928084858453,0.4304518030920342,0.4523485827886493,0.775352897939259,5.216026556963142,-22.87433353666989,-16.076579517607072,-30.9504614336592,0.0534132516748638,0.0761991330545313,0.93470005272458,4.919679641723633,6.993356557551216,True,2.0,imu,-0.5572844634612136,-9.532365243162571,2.836740178278836,1.2297889282904857,3.910997879543845,-4.578218297011974,99.21619559905233,-38.20574067887586,133.7416666020619,399.3268550525008,-12.373860887671754,False,0.3122800587087843,-0.9499900867550346,502.8766785035278,-48.33772942584663,87.14050678521343,420.55995027353777,False,inf
61.00978,-135205.10811606128,-438.03293958165307,502.18914892591874,-49.50908654684844,72.2313482892788,90.80737379253982,422.3151946980117,-7569385.728581667,31.0087976124058,90.89088871798808,6667141449.428524,70.5334257410139,72.2313482892788,-6836041929733.836,47.17216351183199,-2.788964579200416,221.8553181407334,167.1960627819171,-142281.74203174355,-129.26568276218634,218.45664978979687,422.3151946980117,-458249695710.68646,1736.6593087738402,864.4539878368159,64.72969833364016,-3750967.892044053,2632566309009.481,3.0000000000011724,-0.8579830000001056,-36819477.73867445,-19.804798567041303,399.3749408458589,-12.328125467862208,0.0,-1.729997934936478e-19,0.0,1.7094012448029773e-18,-596.1151075292947,1.782380913033507,-596.1151075292947,0.0,-736.9080014827501,0.0,0.0,2810.819999999294,-14.617700000000356,0.0,0.0,0.0,0.0,0.0,0.0,0.0,0.0,0.0,0.0,0.0,3785.5299999993513,-83.48819999997204,0.0,0.0,0.0,0.0,0.0,0.0,0.0,0.0,0.0,0.0,0.0,7388.629999999379,-42.01050000001726,0.0,0.0,0.0,0.0,0.0,0.0,0.0,0.0,0.0,999.000000000644,999.000000000644,1.0000000000000462,-115.79514485047002,gaze,0.5285867625096594,0.5136494400724391,-176.88604114201112,-126.19083510975764,1204.9043562007537,-37.56093827963226,-16.99836365840916,-32.039262339302105,-0.0800536222775838,-0.0419767446709665,0.9982652529100734,4.6104096086492286,19.374342660408097,-12.48609155258474,-28.282706099295908,0.4308404414646921,0.4533238827159461,0.7749488980061037,5.222503575310043,-23.690220205020253,-15.904435971336609,-31.522615269022683,0.0548239850010536,0.1171060656690043,0.9227673303734668,4.756834863003981,-4.0889501554298056,True,0.343948531049663,imu,-0.6519865520000001,-9.575828175200002,2.7580825608,0.9197674,3.49120696,-5.99366994,99.2124024777971,-38.2019423590997,133.7363911884065,399.3749408458589,-12.328125467862208,False,0.2839270755317628,-0.9588458769687548,503.2388726898672,-48.369310683179634,89.35643449750741,422.3151946980117,False,inf
61.01862,-136662.4106192486,-441.4080572336823,502.9774600736155,-49.636699758443626,72.7441285028565,91.57530070840389,425.8051546962237,-7653734.906371117,31.27599201224449,91.65951951851906,6744912343.762524,71.05381712289706,72.7441285028565,-6916508633024.111,47.43181717996285,-2.8124594205324787,222.93924620567395,168.38107054427437,-143813.98748201516,-130.29830785339502,219.52406668428185,425.8051546962237,-463640429998.5559,1748.9458724135748,871.3937241535596,65.24474076873653,-3792746.187213831,2663534633883.871,3.0000000000011937,-0.857983000000111,-37234087.44486973,-19.958774406521552,399.4705241264464,-12.237196839813464,0.0,-1.7440504430256405e-19,0.0,1.7232864486018852e-18,-600.655379726935,1.796238320568191,-600.655379726935,0.0,-742.5107114295877,0.0,0.0,2810.8199999992867,-14.617700000000411,0.0,0.0,0.0,0.0,0.0,0.0,0.0,0.0,0.0,0.0,0.0,3785.529999999359,-83.48819999997204,0.0,0.0,0.0,0.0,0.0,0.0,0.0,0.0,0.0,0.0,0.0,7388.629999999423,-42.010500000017146,0.0,0.0,0.0,0.0,0.0,0.0,0.0,0.0,0.0,999.0000000006476,999.0000000006476,1.0000000000000495,-116.57225337820972,gaze,0.5287536401594677,0.514056676535441,-169.733852086878,-117.27069985051898,1201.9131795430155,-37.55991635020094,-16.989089534216898,-32.02070918287976,-0.0796904672132328,-0.0432415498775368,0.9986321934436996,4.615039948599764,19.378554180223176,-12.47205560708073,-28.26903836357788,0.4316017237308667,0.455232452899141,0.7741571156354634,5.235295689315722,-23.107514360339,-15.8934667753195,-31.489364377979697,0.0549230263693349,0.1168058451482792,0.9228875982901432,4.762754952917501,-11.813613521304294,True,0.433458853094646,imu,-0.6609588440000002,-9.5578835912,2.7526991856,0.95715195,3.28933039,-5.60487062,99.20499723058872,-38.1944372623529,133.72638923861217,399.4705241264464,-12.237196839813464,False,0.2243929435060819,-0.9744987464869702,503.9558548054157,-48.4351371305354,93.69826140223964,425.8051546962237,False,inf
61.025295,-137771.0973293266,-443.9698540160908,503.57558176860766,-49.73341139100279,73.13321059831867,92.1584540708384,428.4541949754213,-7717921.877792597,31.47893790863445,92.24320736698962,6804115909.102557,71.4486683233085,73.13321059831867,-6977768904257.808,47.62858706745648,-2.830299901819424,223.76030742469,169.28018851947778,-144979.68176709255,-131.08218936814106,220.3326330580128,428.4541949754213,-467744440548.4169,1758.268155629759,876.6627627656558,65.6357886337092,-3824538.347541377,2687111072319.953,3.0000000000011795,-0.8579830000001056,-37549622.604064606,-20.07566162487404,399.5430532984692,-12.168184345808015,0.0,-1.7547208016599644e-19,0.0,1.733829769642524e-18,-604.1016274882119,1.8067578527865584,-604.1016274882119,0.0,-746.7633346072432,0.0,0.0,2810.8199999992794,-14.617700000000411,0.0,0.0,0.0,0.0,0.0,0.0,0.0,0.0,0.0,0.0,0.0,3785.529999999373,-83.48819999997136,0.0,0.0,0.0,0.0,0.0,0.0,0.0,0.0,0.0,0.0,0.0,7388.629999999437,-42.01050000001737,0.0,0.0,0.0,0.0,0.0,0.0,0.0,0.0,0.0,999.0000000006476,999.0000000006476,1.0000000000000462,-117.16184209505695,gaze,0.5539159532771751,0.5762655891388387,-133.3661939608494,-80.51647101667271,1184.439887190379,-36.98163328228358,-17.18541990877014,-31.8031427188796,-0.0788938829414619,-0.0518385153959385,0.9955342904973008,4.620851993560791,19.382322112863783,-12.462265129842692,-28.25821703230968,0.4321693910702724,0.4566539996864675,0.7735663233951025,5.244928426511773,-22.875457100400588,-16.070246148490522,-30.95303160421281,0.0529238656380448,0.0786957374450026,0.9348042957416072,4.914519190788269,8.505078184914248,True,2.0,imu,-0.5545090249064749,-9.531639512718606,2.840753344314759,1.0487158456265049,3.932265325782651,-4.468331180304221,99.19949862117032,-38.18878211996042,133.7192203909682,399.5430532984692,-12.168184345808015,False,0.1779922109964589,-0.984031896243507,504.4973971382241,-48.487913328242826,96.81379312325132,428.4541949754213,False,inf
61.027461,-138132.39965175925,-444.80360483296806,503.7702020983934,-49.76485901655951,73.25981535720564,92.34829599785616,429.316353445093,-7738842.255157471,31.545013463355,92.43322328617204,6823416208.869358,71.57714915177861,73.25981535720564,-6997740521960.139,47.69256892679364,-2.836107538440193,224.02721811550103,169.57275004622372,-145359.56050486295,-131.3373252448174,220.59548417709257,429.316353445093,-469082395738.70654,1761.3014933403729,878.3778982809106,65.7630791599767,-3834900.3703796575,2694797264985.6016,3.000000000001222,-0.857983000000111,-37652470.260029055,-20.113706139818227,399.566654435841,-12.145724710970626,0.0,-1.7581942991521786e-19,0.0,1.7372619128763566e-18,-605.2232409241608,1.8101817557938764,-605.2232409241608,0.0,-748.1473798392761,0.0,0.0,2810.819999999301,-14.617700000000552,0.0,0.0,0.0,0.0,0.0,0.0,0.0,0.0,0.0,0.0,0.0,3785.529999999381,-83.48819999997204,0.0,0.0,0.0,0.0,0.0,0.0,0.0,0.0,0.0,0.0,0.0,7388.629999999452,-42.0105000000176,0.0,0.0,0.0,0.0,0.0,0.0,0.0,0.0,0.0,999.0000000006584,999.0000000006584,1.0000000000000533,-117.35367978897162,gaze,0.5288974114948347,0.5144396526881093,-124.43372990189108,-71.78047931560472,1180.3742500841506,-37.55840183553865,-16.979964230173202,-32.00259452690201,-0.079324408186288,-0.0444923377632224,0.9989930709546808,4.619656116454185,19.38364951512928,-12.45923543849255,-28.254625038262013,0.4323522479504424,0.4571116144009871,0.7733759430812727,5.248049076577934,-22.443163056061422,-15.882584719879086,-31.454533524673984,0.0550414967479536,0.1165141068250117,0.923003306024638,4.768689897542189,21.48141833569932,True,0.521953146711049,imu,-0.6651459136000001,-9.5608743552,2.743726893600001,1.19641307,3.16222292,-5.17868675,99.19773193764348,-38.186949284609405,133.7169643742314,399.566654435841,-12.145724710970626,False,0.1636473838225476,-0.9865188968124412,504.6731721780798,-48.50563146159135,97.73936231509984,429.316353445093,False,inf
61.028947,-138380.7111613669,-445.376304547261,503.9038741415343,-49.78645240033183,73.34677275974569,92.47871216446389,429.9085701286671,-7753220.989706516,31.59040775563647,92.56375897877123,6836682631.078895,71.66539478054635,73.34677275974569,-7011468623651.433,47.73650134892898,-2.840097161904744,224.2104705317981,169.7736918678719,-145620.6385944671,-131.5125818510276,220.77595006034045,429.9085701286671,-470002079048.451,1763.3848951374837,879.5561017397506,65.85052065131741,-3842022.280230952,2700080598045.468,3.0000000000011795,-0.8579830000000985,-37723159.849412434,-20.13983957863674,399.58286484894415,-12.1302975346444,0.0,-1.7605804477154842e-19,0.0,1.7396196527809846e-18,-605.9936759619112,1.8125336942976424,-605.9936759619112,0.0,-749.0980759848694,0.0,0.0,2810.8199999992503,-14.617700000000298,0.0,0.0,0.0,0.0,0.0,0.0,0.0,0.0,0.0,0.0,0.0,3785.529999999315,-83.48819999997113,0.0,0.0,0.0,0.0,0.0,0.0,0.0,0.0,0.0,0.0,0.0,7388.62999999935,-42.010500000017146,0.0,0.0,0.0,0.0,0.0,0.0,0.0,0.0,0.0,999.000000000644,999.000000000644,1.000000000000039,-117.48543888436224,gaze,0.5289192944356468,0.5145016218809552,-119.64818519115872,-66.8368381982248,1177.9861494103836,-37.55809968316399,-16.978445395344707,-31.99959389371798,-0.0792626011726423,-0.0447011626747081,0.9990531202026576,4.620430482172584,19.384589211179183,-12.45719827262271,-28.252139888309216,0.4324773125518885,0.4574245169323183,0.7732457110939576,5.250188533248306,-22.3703478672558,-15.880764431345597,-31.448536295931472,0.0550633133087828,0.1164659091208608,0.9230223043486948,4.769688756686449,31.987301016399392,True,0.5363959249136403,imu,-0.5539941652642072,-9.53151255128756,2.841466128712371,1.0184343133590872,3.935821039986447,-4.447815650699378,98.74403,-38.16584120000002,134.7858136,399.58286484894415,-12.1302975346444,False,0.1533343242282403,-0.9881743697412256,504.7937806777416,-48.51795905907397,98.38725294892474,429.9085701286671,False,inf
61.036302,-139614.99146316847,-448.2192878507871,504.5673045423664,-49.89355158382671,73.77836266338936,93.12629655320757,432.8484853917066,-7824703.241586447,31.81584067657181,93.21193685449126,6902649333.535484,72.10337431770746,73.77836266338936,-7079733852284.588,47.954392443521925,-2.859906970981688,225.11911943302027,170.7709941357538,-146918.37289677715,-132.3826457737042,221.67078975883737,432.8484853917066,-474575341655.2912,1773.7250596006393,885.4059292219024,66.28467022439912,-3877428.2022777554,2726352758736.4355,3.000000000001208,-0.8579830000001074,-38074604.54563943,-20.26958061833294,399.6633229422469,-12.05371728301617,0.0,-1.7724283414992352e-19,0.0,1.7513264896416853e-18,-609.8182983841626,1.824210035370992,-609.8182983841626,0.0,-753.8175212359055,0.0,0.0,2810.8199999992794,-14.61770000000044,0.0,0.0,0.0,0.0,0.0,0.0,0.0,0.0,0.0,0.0,0.0,3785.529999999344,-83.48819999997158,0.0,0.0,0.0,0.0,0.0,0.0,0.0,0.0,0.0,0.0,0.0,7388.629999999452,-42.01050000001749,0.0,0.0,0.0,0.0,0.0,0.0,0.0,0.0,0.0,999.0000000006548,999.0000000006548,1.0000000000000495,-118.13935425192145,gaze,0.5290178882625779,0.5147981042566808,-114.90621387416896,-60.50859204365405,1174.9890355319192,-37.556405470778834,-16.970992154848062,-31.984932145987884,-0.0789555065283198,-0.0457287109264495,0.999347731851792,4.624256468383809,19.389579605815825,-12.44760640655409,-28.23961505469576,0.4330916551683601,0.4589605917979859,0.7726057174454865,5.260759532495034,-22.34138092279152,-15.871792436979742,-31.41829436262676,0.0551793531844576,0.1162309099829658,0.9231144275408666,4.774637870791531,99.57740738419857,True,0.6047929284119385,imu,-0.6878757200000001,-9.559678049600002,2.7341564488,1.16650543,2.9977309,-4.75250288,99.19061202787628,-38.17947963033711,133.70810925603425,399.6633229422469,-12.05371728301617,False,0.1019157109710716,-0.994793037700436,505.39098048546094,-48.58108560683252,101.45442490374136,432.8484853917067,False,inf
61.045143,-141110.26679396385,-451.6551926673866,505.368785931104,-50.02277913226885,74.29978210992121,93.90932592717206,436.4016388380907,-7911322.853807926,32.08848251527356,93.9956837968544,6982616786.772867,72.632503842775,74.29978210992121,-7162493964601.589,48.21729073837089,-2.8838584075084097,226.2149581141801,171.97582941345252,-148490.50940394803,-133.43429681225868,222.7499914486753,436.4016388380907,-480119625096.49054,1786.216846035991,892.4780191634534,66.80952880277721,-3920332.159687644,2758203167940.0205,3.0000000000011866,-0.8579830000001074,-38500515.46694504,-20.42640207106687,399.7605316002082,-11.961172497025018,0.0,-1.7867529941456812e-19,0.0,1.7654805979277686e-18,-614.4406717956913,1.838323539896748,-614.4406717956913,0.0,-759.5212824793297,0.0,0.0,2810.819999999236,-14.617700000000298,0.0,0.0,0.0,0.0,0.0,0.0,0.0,0.0,0.0,0.0,0.0,3785.529999999308,-83.48819999997045,0.0,0.0,0.0,0.0,0.0,0.0,0.0,0.0,0.0,0.0,0.0,7388.629999999364,-42.01050000001737,0.0,0.0,0.0,0.0,0.0,0.0,0.0,0.0,0.0,999.0000000006512,999.0000000006512,1.0000000000000426,-118.92929465658608,gaze,0.52911490698331,0.5151318192231956,-132.66696050151904,-75.5502912128488,1183.3816811953825,-37.55393796275929,-16.962176621668544,-31.96773321252053,-0.0785837834791244,-0.0469504194517278,0.999696065737698,4.628839893659524,19.3962957201974,-12.437141541093892,-28.22415338713745,0.4338196739404421,0.4607788324581028,0.7718466841739212,5.273424307720913,-23.27717825783101,-15.861091427291557,-31.38081593209996,0.055336559145812,0.115956277841627,0.9232209517071636,4.780597714447822,189.05885435494048,True,0.677558127926587,imu,-0.7016332344,-9.5429297712,2.7287730736,1.368382,2.9229618,-4.19921154,99.18364171685504,-38.17202865285254,133.69981496897012,399.7605316002082,-11.961172497025018,False,0.0394271123141322,-0.9992224491145946,506.10953914639305,-48.66178917123352,104.81931644559336,436.4016388380907,False,inf
61.045387,-141151.71506217608,-451.7503067106784,505.39096803802295,-50.02635324523379,74.31421344224542,93.93100804634452,436.5000001480524,-7913724.246876001,32.09603288917763,94.0173857847685,6984834245.227261,72.6471484155162,74.31421344224542,-7164788959591.661,48.2245616557886,-2.884521597796846,226.24525773275604,172.0091750060263,-148534.0880620624,-133.46341103178435,222.7798313237201,436.5000001480524,-480273371457.5938,1786.56257296576,892.6738262738183,66.82406068740005,-3921521.609965937,2759086399143.8623,3.0000000000011866,-0.8579830000000985,-38512323.84494708,-20.430743606294616,399.7632221098347,-11.958610742752626,0.0,-1.7871496247086624e-19,0.0,1.7658725063443845e-18,-614.5686317319017,1.838714266265273,-614.5686317319017,0.0,-759.6791769522303,0.0,0.0,2810.819999999236,-14.617700000000326,0.0,0.0,0.0,0.0,0.0,0.0,0.0,0.0,0.0,0.0,0.0,3785.529999999308,-83.48819999997045,0.0,0.0,0.0,0.0,0.0,0.0,0.0,0.0,0.0,0.0,0.0,7388.62999999935,-42.010500000017146,0.0,0.0,0.0,0.0,0.0,0.0,0.0,0.0,0.0,999.0000000006512,999.0000000006512,1.000000000000039,-118.95115663897263,gaze,0.5538830681295703,0.573511480416501,-133.2873407773399,-76.68012669587398,1184.631626596127,-36.98204513919957,-17.17902253777835,-31.81106502995382,-0.0788290019400167,-0.048703579839841,0.995697720075689,4.6203932762146,19.39649175392149,-12.436868969527108,-28.22372162990146,0.4338396022174763,0.4608285724042468,0.7718258969026184,5.273773164836382,-22.87691557448332,-16.062682186904237,-30.95832244518114,0.0525385235656739,0.0817536363537953,0.9349424814067506,4.911064386367798,191.24715943520712,False,-1.0,imu,-0.5516476198860812,-9.53096288055438,2.8445948485695176,0.893193116118188,3.950820766358653,-4.354004896304628,99.18345150452774,-38.17182328386861,133.69959392186612,399.7632221098347,-11.958610742752626,False,0.0373960974602416,-0.9993005213121549,506.12938371235424,-48.664093618032766,104.91911892444143,436.5000001480525,False,inf
61.053984,-142618.3067282181,-455.11140590228575,506.1746648430999,-50.152543337425584,74.82408541666607,94.69740774426774,439.97590232522174,-7998706.101916552,32.362947871106584,94.78448775850316,7063323661.02819,73.16454897590303,74.82408541666607,-7246026224428.697,48.4812668243339,-2.9079625393730986,227.31474211320835,173.18728255069982,-150076.0551328906,-134.49230580884029,223.83309726489145,439.97590232522174,-485715605076.4728,1798.7771282181814,899.5943709004976,67.33766977951953,-3963614.730303798,2790350554970.196,3.000000000001222,-0.8579830000001127,-38930228.30144913,-20.58417473947594,399.8582823682855,-11.86808828942486,0.0,-1.8011686824784157e-19,0.0,1.7797246580569604e-18,-619.0904811949107,1.8525226510892512,-619.0904811949107,0.0,-765.2588108542848,0.0,0.0,2810.8199999992503,-14.61770000000044,0.0,0.0,0.0,0.0,0.0,0.0,0.0,0.0,0.0,0.0,0.0,3785.5299999993367,-83.48819999997113,0.0,0.0,0.0,0.0,0.0,0.0,0.0,0.0,0.0,0.0,0.0,7388.629999999423,-42.01050000001783,0.0,0.0,0.0,0.0,0.0,0.0,0.0,0.0,0.0,999.0000000006694,999.0000000006694,1.0000000000000533,-119.72351894328337,gaze,0.5291883088370087,0.5154405904631234,-141.4816204712123,-82.76319330574648,1189.2498193838007,-37.55101007441316,-16.953520905491892,-31.951008424840133,-0.0782092611175533,-0.0481572171062073,1.0000379635864922,4.63340529033056,19.4037489545252,-12.427813241852904,-28.208382188491647,0.4345360336471052,0.4625657891010797,0.7710990871784403,5.286040659425598,-25.31361075530051,-15.850483303205747,-31.342267571796985,0.0555130743959183,0.1156902319878991,0.9233228684416156,4.786568269506885,242.657608693952,False,0.7361792075486056,imu,-0.6932590952000001,-9.520199964800002,2.75150288,1.48053565,2.71360832,-3.95995042,99.17682485912962,-38.16459670437134,133.6920721987158,399.8582823682855,-11.86808828942486,False,-0.0235793349424514,-0.9997219688311704,506.82913004363,-48.74802053544083,107.81071072061842,439.97590232522174,False,inf
61.062824,-144139.019938362,-458.58762002099735,506.984868007421,-50.28283110941129,75.35122453955796,95.4904756993837,443.570956750754,-8086848.003535271,32.639214308201126,95.57828237264845,7144765817.023205,73.69946031658856,75.35122453955796,-7330326441854.321,48.74629367752647,-2.932217307479644,228.4183543156965,174.40524213474143,-151674.91391841846,-135.55657953294985,224.91999205141727,443.570956750754,-491363000475.9424,1811.4047500863032,906.7543753592636,67.86904778505765,-4007273.452342305,2822793304808.0674,3.0000000000012363,-0.857983000000111,-39363719.184323534,-20.742884869658315,399.9565660601229,-11.774473212632074,0.0,-1.8156741871115013e-19,0.0,1.7940574651608744e-18,-623.7673163491879,1.866806131133351,-623.7673163491879,0.0,-771.0295993432835,0.0,0.0,2810.819999999243,-14.617700000000468,0.0,0.0,0.0,0.0,0.0,0.0,0.0,0.0,0.0,0.0,0.0,3785.5299999993367,-83.48819999997067,0.0,0.0,0.0,0.0,0.0,0.0,0.0,0.0,0.0,0.0,0.0,7388.629999999379,-42.01050000001794,0.0,0.0,0.0,0.0,0.0,0.0,0.0,0.0,0.0,999.000000000673,999.000000000673,1.0000000000000533,-120.52195453845968,gaze,0.5292379354637595,0.5157241851656237,-135.12414652171896,-76.97501671839098,1187.782154028461,-37.547633028844345,-16.945029192979376,-31.93476982137668,-0.0778320052062505,-0.049348727484772,1.0003732802137113,4.6379510523820775,19.411889201233755,-12.419594188853774,-28.192442235289025,0.435240385534984,0.4643207232129071,0.7703632513649784,5.298604433550635,-27.981656500695884,-15.839970969800644,-31.30282267129752,0.0557088317452676,0.1154328209969889,0.9234201579763532,4.792547699467836,228.4618180482456,False,0.7770757815417758,imu,-0.7016332344,-9.5423316184,2.773634533600001,1.58521239,2.58650085,-3.74312003,99.17016569938426,-38.157184973384965,133.6848720280034,399.9565660601229,-11.774473212632074,False,-0.0868482249870751,-0.9962215545834142,507.54997559330167,-48.84003437515516,110.40595190318828,443.570956750754,False,inf
61.065368,-144579.04643744868,-459.5918053778989,507.2188513173151,-50.320425659066416,75.50346421680932,95.71965077648244,444.6094914395396,-8112356.843285561,32.71905977723835,95.80766742428813,7168342126.71298,73.85394243027385,75.50346421680932,-7354731405176.387,48.822764505228335,-2.939225927497775,228.7366884333516,174.75698471863888,-152137.55011257593,-135.8640460759148,225.2335075744064,444.6094914395396,-492997918979.2487,1815.0515422876324,908.8231679097178,68.02258221134787,-4019908.6404674463,2832185465830.2373,3.0000000000012434,-0.8579830000001145,-39489183.04864828,-20.788736527842048,399.9849514887264,-11.747431794658723,0.0,-1.819865626582949e-19,0.0,1.7981990028006437e-18,-625.1183512012236,1.870932655629424,-625.1183512012236,0.0,-772.6966369876718,0.0,0.0,2810.8199999992576,-14.617700000000582,0.0,0.0,0.0,0.0,0.0,0.0,0.0,0.0,0.0,0.0,0.0,3785.5299999993513,-83.48819999997113,0.0,0.0,0.0,0.0,0.0,0.0,0.0,0.0,0.0,0.0,0.0,7388.629999999379,-42.01050000001817,0.0,0.0,0.0,0.0,0.0,0.0,0.0,0.0,0.0,999.0000000006804,999.0000000006804,1.0000000000000604,-120.75253008191832,gaze,0.5536892690588207,0.571647423571642,-132.8083693272071,-74.08715796383406,1184.78605738573,-36.98065520733409,-17.17634129261121,-31.81828319787181,-0.0784380860077146,-0.0465833456826756,0.9958300349800938,4.619977474212646,20.43915607571049,-13.71456822489616,-26.15271369157416,0.2221310721402534,0.3026629602309967,0.9268510771931118,5.204118251800537,-29.80348803436121,-16.751147610052236,-31.098663410627204,-0.0410811218908719,-0.0070461455329324,0.9869836250058106,4.694933295249939,211.27622773380816,False,-1.0,imu,-0.5487325776843434,-9.53034322040924,2.8482197877436133,0.7657610495510538,3.967299599890167,-4.237213256053139,99.16827883881874,-38.15505564448995,133.68289890462032,399.9849514887264,-11.747431794658723,False,0.0194838340489303,-0.9998101720880588,507.7577155889192,-48.8676234368804,107.02906216759798,444.6094914395397,False,inf
61.071665,-145672.83224287146,-462.0847085881397,507.7995974107434,-50.4136736075215,75.88133052242577,96.28873298586744,447.1877044868668,-8175773.553921223,32.91735327774689,96.37727101788217,7226966819.578221,74.23737018710403,75.88133052242577,-7415419104333.003,49.01243428103302,-2.956628894630421,229.52605235760052,175.63001053276705,-153287.53331464552,-136.62738636888068,226.01092972773847,447.1877044868668,-497063451309.7289,1824.102845577236,913.9598564447056,68.40379801111598,-4051320.712701704,2855540838826.8115,3.0000000000012434,-0.8579830000001127,-39801111.69079241,-20.902572634901567,400.0554068782367,-11.680304014079011,0.0,-1.8302732178019418e-19,0.0,1.80848268482939e-18,-628.4723560871574,1.8811775955142565,-628.4723560871574,0.0,-776.8351016769734,0.0,0.0,2810.8199999992503,-14.61770000000044,0.0,0.0,0.0,0.0,0.0,0.0,0.0,0.0,0.0,0.0,0.0,3785.529999999308,-83.48819999997022,0.0,0.0,0.0,0.0,0.0,0.0,0.0,0.0,0.0,0.0,0.0,7388.6299999993935,-42.010500000018055,0.0,0.0,0.0,0.0,0.0,0.0,0.0,0.0,0.0,999.0000000006768,999.0000000006768,1.0000000000000533,-121.32480012407169,gaze,0.5292636487975535,0.5159824703875462,-129.12429546883993,-73.41964968734263,1184.1027182930477,-37.54381692723484,-16.936702757693137,-31.919023492456667,-0.077451954185675,-0.0505249815105255,1.000701985292716,4.642477124759601,19.420668836822266,-12.412453791538942,-28.17646533079129,0.4359326201185861,0.4660434956597879,0.769639250950963,5.311115744539446,-30.49092604445556,-15.82955387599471,-31.2626399634588,0.0559238277911283,0.1151840049194956,0.923512834366368,4.79853619725206,150.3846184122623,False,0.7973152431394414,imu,-0.7159889016000002,-9.5507057576,2.7377453656,1.75718132,2.55659321,-3.55619728,99.16366588381383,-38.14979213317636,133.67820275222087,400.0554068782367,-11.680304014079011,False,-0.1501372949402193,-0.988665157001112,508.27256463542784,-48.93810219129852,112.5843182979839,447.1877044868668,False,inf
61.080506,-147219.6544625809,-465.6023668611864,508.6187803889143,-50.54505780990786,76.41435571229857,97.09211401824618,450.8258293134926,-8265477.902053356,33.19734260839846,97.18138804769484,7309922661.056599,74.7782295724476,76.41435571229857,-7501300160319.972,49.27966174294238,-2.981195263134761,230.63771956849507,176.86147722715097,-154913.81941203924,-137.70463396277177,227.1057955788256,450.8258293134926,-502816685718.3357,1836.87026788952,921.2102113444698,68.94187554950894,-4095754.114795933,2888591595201.116,3.000000000001286,-0.8579830000001163,-40242382.61612719,-21.063224414616705,400.1547957059611,-11.585589175500616,0.0,-1.8449645681591352e-19,0.0,1.8229991250347392e-18,-633.2051939971991,1.895635818414584,-633.2051939971991,0.0,-782.6748155351097,0.0,0.0,2810.8199999992503,-14.617700000000523,0.0,0.0,0.0,0.0,0.0,0.0,0.0,0.0,0.0,0.0,0.0,3785.5299999993367,-83.48819999997067,0.0,0.0,0.0,0.0,0.0,0.0,0.0,0.0,0.0,0.0,0.0,7388.629999999466,-42.0105000000184,0.0,0.0,0.0,0.0,0.0,0.0,0.0,0.0,0.0,999.0000000006949,999.0000000006949,1.0000000000000604,-122.1319837161066,gaze,0.5292652974222991,0.5162152206063989,-130.7982125924081,-78.41602522892669,1182.3127189680272,-37.53957303984187,-16.928545723359232,-31.90378060858899,-0.0770691752467885,-0.0516856087421398,1.0010239357738644,4.646981918087964,19.430037114149297,-12.40636380465263,-28.160584784284342,0.4366123891024377,0.4677333755816519,0.7689274089004859,5.32357044792639,-32.07384185893458,-15.819235147131224,-31.22188957120731,0.0561579900244063,0.1149438299872808,0.9236008794630404,4.80453192676206,55.75234098660538,False,0.7947266207422661,imu,-0.7291482632,-9.530966715200002,2.743726893600001,1.75718132,2.63136231,-3.38422835,99.15732898730244,-38.14241937252103,133.67205477678945,400.1547957059611,-11.585589175500616,False,-0.2131753291703778,-0.9770139605108524,508.99716266671487,-49.04244812943643,114.32539025289528,450.8258293134926,False,inf
61.08546,-148092.12501142616,-467.5824900617023,509.0797584884649,-50.618915584188585,76.71431369276945,97.54453247982524,452.8738088830615,-8316085.546105623,33.355045179494134,97.63422095659898,7356738379.852062,75.08259046338227,76.71431369276945,-7549769777999.354,49.42987727547303,-2.995028802480564,231.26237360117847,177.55446033067537,-155831.10570495852,-138.31108905244656,227.7210171767415,452.8738088830615,-506063686737.3962,1844.054825600887,925.2925969294134,69.24484419017722,-4120821.8500585128,2907244724852.914,3.0000000000012577,-0.8579830000001145,-40491351.16841492,-21.15366768533624,400.2107279315014,-11.532276986815075,0.0,-1.853237295517853e-19,0.0,1.8311733601522477e-18,-635.869408291345,1.9037754665339903,-635.869408291345,0.0,-785.9620749317065,0.0,0.0,2810.8199999992285,-14.617700000000523,0.0,0.0,0.0,0.0,0.0,0.0,0.0,0.0,0.0,0.0,0.0,3785.529999999293,-83.48819999997022,0.0,0.0,0.0,0.0,0.0,0.0,0.0,0.0,0.0,0.0,0.0,7388.629999999379,-42.01050000001828,0.0,0.0,0.0,0.0,0.0,0.0,0.0,0.0,0.0,999.0000000006876,999.0000000006876,1.0000000000000533,-122.58618726979732,gaze,0.5536281362361183,0.5791043434431776,-132.6506078392765,-84.47823332263027,1184.294685883911,-36.97829421802478,-17.19085219432879,-31.79212438982002,-0.0783108856691858,-0.0550768995864114,0.995406419668698,4.608071804046631,19.435525146347143,-12.403399457432576,-28.15177600105776,0.4369877443074176,0.4686657139514513,0.768533936417848,5.33052360545322,-31.238449271093923,-16.839088526907545,-31.23735560646577,-0.0485270746465347,-0.0166522963436282,0.988668183938388,4.6775609970092775,17.824027595198544,True,2.0,imu,-0.5457322898873622,-9.529774004648912,2.851666116314246,0.6652178740527718,3.982499759771089,-4.117395582849311,99.15385030713624,-38.13829699948719,133.66883367873854,400.2107279315014,-11.532276986815075,False,-0.2481411747498341,-0.9687238808833878,509.404201251154,-49.10374368181623,115.1013531241224,452.8738088830615,False,inf
61.089347,-148779.56906317134,-469.14068241999416,509.4424357328308,-50.676985406210974,76.95031195486567,97.90064270932454,454.4854207305894,-8355966.146285534,33.47919130531342,97.99065739585564,7393638528.182901,75.32204982915712,76.95031195486567,-7587975075564.662,49.547979095356034,-3.005917112378722,231.75336389537827,178.0996691733839,-156553.85876602944,-138.78835006864108,228.20459761914137,454.4854207305894,-508623069418.52014,1849.70729552515,928.5056452945344,69.48329545981052,-4140576.1902186926,2921947674807.583,3.000000000001272,-0.8579830000001092,-40687557.68935822,-21.224844500260804,400.2547345178864,-11.490326614688172,0.0,-1.8597486688220413e-19,0.0,1.837607211288805e-18,-637.9659515101682,1.9101811860523767,-637.9659515101682,0.0,-788.5488899080956,0.0,0.0,2810.8199999992285,-14.617700000000523,0.0,0.0,0.0,0.0,0.0,0.0,0.0,0.0,0.0,0.0,0.0,3785.529999999322,-83.48819999997045,0.0,0.0,0.0,0.0,0.0,0.0,0.0,0.0,0.0,0.0,0.0,7388.629999999423,-42.01050000001851,0.0,0.0,0.0,0.0,0.0,0.0,0.0,0.0,0.0,999.0000000006949,999.0000000006949,1.0000000000000533,-122.94352345877331,gaze,0.5292427418006717,0.5164222489858795,-134.6518031963971,-85.56341078314865,1182.5507654770877,-37.53491232438367,-16.920561201711486,-31.889050021522728,-0.0766836939505845,-0.0528303783298968,1.0013390283934265,4.651464368145409,19.43994370022349,-12.401294529813526,-28.144927836889305,0.4372794255118156,0.4693898382672286,0.7682279625723283,5.3359658319501575,-32.33859401442897,-15.80901681453851,-31.18073448457084,0.0564112632164842,0.1147123111513468,0.9236842874683492,4.810533727770856,1.0502807837897532,True,0.7680636160763175,imu,-0.7476910000000001,-9.5219944232,2.7586807136,1.68988913,2.81828506,-3.1973056,99.15115748888547,-38.13506703977882,133.66641731127982,400.2547345178864,-11.490326614688172,False,-0.2756917643662622,-0.9612460928714444,509.7241371234306,-49.153288150672935,115.6104038606648,454.4854207305895,False,inf
61.098188,-150352.65885755577,-472.6997430853158,510.2705822866983,-50.80945808960689,77.48921112737683,98.71434304424712,458.16656847865113,-8447243.407154083,33.76290840213768,98.80510306853408,7478119631.386897,75.86884234074705,77.48921112737683,-7675449341020.075,49.81738937515845,-3.0307951437637337,232.8729932833492,179.34461339821814,-158207.73829619205,-139.87856251717892,229.3073438621071,458.16656847865113,-514482969812.4175,1862.6142077210925,935.8463641433866,70.02807284554261,-4185789.4815987553,2955611188204.3887,3.000000000001293,-0.8579830000001163,-41136662.75302503,-21.38743719583669,400.35522529264654,-11.394514244762718,0.0,-1.8746259517476328e-19,0.0,1.8523073704057925e-18,-642.7547504068501,1.924814085774761,-642.7547504068501,0.0,-794.457474214283,0.0,0.0,2810.819999999236,-14.617700000000523,0.0,0.0,0.0,0.0,0.0,0.0,0.0,0.0,0.0,0.0,0.0,3785.529999999308,-83.48819999996977,0.0,0.0,0.0,0.0,0.0,0.0,0.0,0.0,0.0,0.0,0.0,7388.629999999408,-42.010500000018624,0.0,0.0,0.0,0.0,0.0,0.0,0.0,0.0,0.0,999.0000000006876,999.0000000006876,1.0000000000000533,-123.75943754743416,gaze,0.5291958473776024,0.5166033739406559,-134.77518323918304,-88.89343422133946,1183.6287462582814,-37.52984577987831,-16.912752261489526,-31.874840133728394,-0.0762955367601235,-0.0539590634332151,1.0016471613974092,4.655923420796843,19.450337719075307,-12.3972158496372,-28.129617094978613,0.4379334633698793,0.4710123649382758,0.7675411475825934,5.348299193868011,-31.567353865501627,-15.79890100729826,-31.13933422070838,0.0566835883453356,0.1144894616772344,0.9237630536765252,4.816540440226479,-3.5610529254624863,True,0.7171273492767072,imu,-0.741709472,-9.54053716,2.761671477600001,1.79456587,3.24446893,-2.59167589,99.14515354083969,-38.127735482482464,133.6612792264614,400.35522529264654,-11.394514244762718,False,-0.3374105992782897,-0.9413575768509358,510.4538750776396,-49.270818186059294,116.4220645874404,458.16656847865113,False,inf
61.10544,-151652.9103307639,-475.6346800988572,510.95325159631375,-50.91852948007386,77.93345893782816,99.38567416783798,461.20225673698417,-8522707.986194134,33.997034021469965,99.47704907890824,7547991842.220413,76.31958635722305,77.93345893782816,-7747802416635.777,50.03919639533275,-3.051318918907693,233.7943714296723,180.3708627678679,-159574.75844106873,-140.77769967393476,230.2148428300173,461.20225673698417,-519329877783.786,1873.253719430999,941.9016822897144,70.47745412702339,-4223170.408243584,2983455335523.494,3.000000000001279,-0.8579830000001163,-41508001.973253205,-21.521536112486924,400.4380682422734,-11.315510377986868,0.0,-1.8868991984801506e-19,0.0,1.864434496085229e-18,-646.7038747983645,1.936882622886396,-646.7038747983645,0.0,-799.3299726678172,0.0,0.0,2810.8199999992285,-14.61770000000044,0.0,0.0,0.0,0.0,0.0,0.0,0.0,0.0,0.0,0.0,0.0,3785.5299999993,-83.48819999996999,0.0,0.0,0.0,0.0,0.0,0.0,0.0,0.0,0.0,0.0,0.0,7388.629999999364,-42.01050000001851,0.0,0.0,0.0,0.0,0.0,0.0,0.0,0.0,0.0,999.0000000006949,999.0000000006949,1.0000000000000533,-124.43198524037328,gaze,0.5536997191246491,0.5809796562459961,-132.824977474432,-87.0854863114489,1184.143220147935,-36.98075748224007,-17.18989191181814,-31.78293087937778,-0.0784515965985127,-0.0572118065784229,0.9952749148748689,4.588814258575439,19.459191389991755,-12.39458837685678,-28.11739933422384,0.4384600603632637,0.4723175784373377,0.7669873685610079,5.358367677353837,-31.23869593751196,-16.83812826228982,-31.234952292550844,-0.0485277748165815,-0.0169581988252906,0.988650780240632,4.6700358390808105,4.389518423267528,True,2.0,imu,-0.5426808967727703,-9.529261857796246,2.8548934523843226,0.5923361925401139,3.996652821158483,-3.996628316724205,99.1403550687422,-38.12173738525243,133.65742939897962,400.4380682422734,-11.315510377986868,False,-0.3866821544291109,-0.922213051006144,511.0548039343058,-49.372341870937,116.72809490732908,461.20225673698417,False,inf
61.107028,-151938.82682287178,-476.279230818147,511.1031445110521,-50.94246248007721,78.03100368237207,99.53314616106572,461.8689424908257,-8539304.36818862,34.04847055111642,99.62465613976414,7563361518.338318,76.4185561637434,78.03100368237207,-7763718441980.495,50.08786496513575,-3.0558272201273,233.9964883572444,180.596195033696,-159875.35585152503,-140.9751747946543,230.4139169182998,461.8689424908257,-520396084025.6231,1875.589812642888,943.2317363230104,70.57616066204156,-4231391.361673994,2989580395396.042,3.0000000000013003,-0.8579830000001198,-41589672.29329298,-21.550988261246072,400.45625855238177,-11.298160905162147,0.0,-1.889595151553683e-19,0.0,1.8670983520686436e-18,-647.5711663776196,1.939533236010292,-647.5711663776196,0.0,-800.4000440983223,0.0,0.0,2810.819999999221,-14.617700000000497,0.0,0.0,0.0,0.0,0.0,0.0,0.0,0.0,0.0,0.0,0.0,3785.529999999315,-83.48819999996977,0.0,0.0,0.0,0.0,0.0,0.0,0.0,0.0,0.0,0.0,0.0,7388.629999999408,-42.01050000001885,0.0,0.0,0.0,0.0,0.0,0.0,0.0,0.0,0.0,999.000000000702,999.000000000702,1.0000000000000568,-124.57965119521528,gaze,0.5291244941050299,0.5167584031520543,-130.7548744061426,-88.68997171620616,1184.7269141369502,-37.52438508332065,-16.905122780403573,-31.861160420644183,-0.0759047754056368,-0.0550713163960104,1.0019482009179752,4.660357532080511,19.46116642983121,-12.39409756956174,-28.114771816303733,0.4385741660147259,0.472600265206498,0.7668672732567419,5.360566456518082,-30.58125318887009,-15.788891075786609,-31.09784876192175,0.0569748685557591,0.1142753168676373,0.9238371663615876,4.822550224435964,4.996513658301309,True,0.6427932658154453,imu,-0.7285501104000001,-9.566257730400002,2.754493644000001,1.8169966,3.55849915,-2.18044584,99.1393196258406,-38.12042587306375,133.6566295652226,400.45625855238177,-11.298160905162147,False,-0.3980447448383616,-0.9173660017171792,511.18669915550606,-49.395197919185904,116.74466694181442,461.8689424908257,False,inf
61.115869,-153538.51532232133,-479.8800437525152,511.940329717615,-51.07603036920915,78.57582413672017,100.35726143721968,465.5934706222855,-8632175.022224188,34.33595144896636,100.44952617780224,7649388732.037331,76.97132710426403,78.57582413672017,-7852807889841.075,50.35947010503059,-3.081019710209063,235.1241112419137,181.8547244100733,-161557.176362944,-142.07846298509295,231.52457515409444,465.5934706222855,-526364120616.2517,1888.637326631037,950.6636397887256,71.12769810124516,-4277394.712140335,3023865111510.3564,3.000000000001293,-0.8579830000001181,-42046714.86885168,-21.715539027732287,400.5578591417825,-11.20124270045386,0.0,-1.9046600894948973e-19,0.0,1.8819839320374804e-18,-652.4164115799276,1.9543423564568327,-652.4164115799276,0.0,-806.3780942949267,0.0,0.0,2810.8199999992285,-14.61770000000061,0.0,0.0,0.0,0.0,0.0,0.0,0.0,0.0,0.0,0.0,0.0,3785.5299999993294,-83.48819999996977,0.0,0.0,0.0,0.0,0.0,0.0,0.0,0.0,0.0,0.0,0.0,7388.6299999993935,-42.01050000001885,0.0,0.0,0.0,0.0,0.0,0.0,0.0,0.0,0.0,999.0000000007058,999.0000000007058,1.0000000000000568,-125.40436826697352,gaze,0.5290285414542941,0.5168872008414898,-124.72652569385366,-87.53367943957883,1185.4920205106705,-37.518540070953925,-16.897674012144936,-31.848015305400725,-0.0755113497818593,-0.0561671702531876,1.0022421164212916,4.664766672109016,19.47238010266679,-12.391908158279875,-28.10050088075521,0.4392014145494165,0.4741533918093172,0.7662064191182699,5.372767712347388,-30.13739682747341,-15.778987071297342,-31.05641901708864,0.0572851030917027,0.1140698381355604,0.9239066397955196,4.8285632810632,3.082811320874812,True,0.5468677914011433,imu,-0.7171852072000001,-9.572837411200002,2.7449231992,1.78708896,3.79028336,-2.16549202,99.1336559431872,-38.11313690377521,133.65245550618056,400.5578591417825,-11.20124270045386,False,-0.4573245608546246,-0.8892998628354357,511.9231983438156,-49.5266061161294,116.56431087065744,465.5934706222855,False,inf
61.12471,-155151.62953546824,-483.5018666942073,512.7820629850839,-51.21014844601393,79.12362334118026,101.18662074501084,469.3398257422941,-8725850.18751812,34.62532801799767,101.27964499158666,7736196955.275893,77.52710461105613,79.12362334118026,-7942713311941.059,50.63217731134306,-3.1063704986761023,236.25574301030963,183.1200875707188,-163253.0999917895,-143.18833146814725,232.63920162529885,469.3398257422941,-532386786215.75854,1901.7555672778528,958.1414493591342,71.68263858902444,-4323796.972608307,3058463651158.913,3.000000000001279,-0.8579830000001074,-42507765.643047474,-21.88107539112167,400.6600176538059,-11.103768398170018,0.0,-1.9198195134482e-19,0.0,1.8969628730965386e-18,-657.290065598945,1.9692401777757569,-657.290065598945,0.0,-812.3911052364776,0.0,0.0,2810.8199999991702,-14.61770000000024,0.0,0.0,0.0,0.0,0.0,0.0,0.0,0.0,0.0,0.0,0.0,3785.5299999992567,-83.48819999996817,0.0,0.0,0.0,0.0,0.0,0.0,0.0,0.0,0.0,0.0,0.0,7388.629999999306,-42.0105000000184,0.0,0.0,0.0,0.0,0.0,0.0,0.0,0.0,0.0,999.0000000006984,999.0000000006984,1.0000000000000426,-126.2335145763738,gaze,0.5289078768894273,0.516989582589531,-118.42511537061336,-86.76189378018044,1185.8767897715147,-37.51232244354439,-16.89040976438765,-31.83541344992245,-0.0751153331880739,-0.0572462838360126,1.0025287763929835,4.669149315577862,19.4839245858915,-12.390616901202414,-28.0869125227327,0.4398148729658115,0.4756710628798024,0.7655588922670972,5.384898897260622,-30.51110058105798,-15.769192537712744,-31.01519425050268,0.0576141895653833,0.1138730583425735,0.9239714639536152,4.834577772085475,9.246467077129925,True,0.4320121368390898,imu,-0.7094092208000001,-9.5590798968,2.7443250464,1.71979677,3.84262173,-2.28512258,99.1281643755823,-38.10586974807698,133.64874552965594,400.6600176538059,-11.103768398170018,False,-0.5149579469771188,-0.8572154413244729,512.663729381004,-49.66515454371352,115.8688034203102,469.3398257422941,False,inf
61.125532,-155302.29543928494,-483.83967963811705,512.8605556627681,-51.22264621159155,79.17470724564443,101.26399848977096,469.6892587575123,-8734600.782925367,34.65232971067942,101.3570935939085,7744307899.777065,77.57893170064744,79.17470724564443,-7951114008027.265,50.6575886159096,-3.1087355795534184,236.3611614747737,183.2380840528015,-163411.49974307237,-143.29185784069793,232.7430369440084,469.6892587575123,-532949537978.6587,1902.9788512431344,958.8390453697166,71.7344081355118,-4328131.625212286,3061696503346.156,3.0000000000013074,-0.8579830000001234,-42550836.846036375,-21.89651651740757,400.6695443530407,-11.094677306399037,0.0,-1.921233790993967e-19,0.0,1.89836031273946e-18,-657.7446458271058,1.9706298370282296,-657.7446458271058,0.0,-812.9519521037528,0.0,0.0,2810.819999999214,-14.617700000000468,0.0,0.0,0.0,0.0,0.0,0.0,0.0,0.0,0.0,0.0,0.0,3785.5299999993,-83.48819999996931,0.0,0.0,0.0,0.0,0.0,0.0,0.0,0.0,0.0,0.0,0.0,7388.629999999379,-42.010500000018965,0.0,0.0,0.0,0.0,0.0,0.0,0.0,0.0,0.0,999.000000000713,999.000000000713,1.0000000000000533,-126.31083090947637,gaze,0.5471560524601448,0.5804092402160228,-116.6037637586614,-86.48900632467497,1185.218765616892,-37.01346340558015,-17.14103580304763,-31.9107083704575,-0.0651472372247702,-0.0567635587073636,0.9962598736699452,4.581212043762207,19.48501285359324,-12.39054137055938,-28.08568742589877,0.439871199856128,0.4758103506626965,0.7654993731384928,5.386023150428974,-31.24506196217128,-16.829251441145317,-31.25646542286642,-0.0457784456732432,-0.0179432074875757,0.9887958968751608,4.662107849121094,10.864392683282148,True,2.0,imu,-0.5395450930343849,-9.528801306653916,2.8579359774835846,0.5454533305857882,4.010129133686318,-3.8743185580926407,99.12766257206638,-38.10519519825888,133.648423735365,400.6695443530407,-11.094677306399037,False,-0.5254278789453821,-0.8508381420851776,512.7328017759861,-49.67840272547542,115.6206587505082,469.6892587575122,False,inf
61.130482,-156212.06312068913,-485.8778148753129,513.3340661338643,-51.29800742480938,79.48287645634153,101.73092334047756,471.7975186319584,-8787444.201918125,34.81527969968151,101.8244460135337,7793295132.96677,77.89158126316565,79.48287645634153,-8001852551476.387,50.810815014531336,-3.123006948635072,236.99671519963272,183.9499020368888,-164367.96462385956,-143.91649216237448,233.36904971411863,471.7975186319584,-536348441405.75366,1910.358333210516,963.0483349441408,72.04678450813257,-4354307.958520049,3081222256243.3545,3.0000000000013216,-0.8579830000001145,-42810945.80038777,-21.989682530846093,400.72701558761946,-11.039829563677529,0.0,-1.9297677946158042e-19,0.0,1.9067927134437456e-18,-660.4873018302919,1.9790145241122368,-660.4873018302919,0.0,-816.3357388069444,0.0,0.0,2810.819999999192,-14.617700000000468,0.0,0.0,0.0,0.0,0.0,0.0,0.0,0.0,0.0,0.0,0.0,3785.5299999993,-83.48819999996931,0.0,0.0,0.0,0.0,0.0,0.0,0.0,0.0,0.0,0.0,0.0,7388.629999999335,-42.01050000001885,0.0,0.0,0.0,0.0,0.0,0.0,0.0,0.0,0.0,999.0000000007058,999.0000000007058,1.0000000000000568,-126.77723568667164,gaze,0.5288157109854579,0.5170420950185296,-114.64318847474294,-86.56270740868023,1185.968459540744,-37.5080674241826,-16.88576811255832,-31.827482419745788,-0.0748554033007841,-0.057941669144862,1.00271196698447,4.671995821107043,19.491614463562307,-12.390243523399246,-28.07845759897226,0.4402078145591433,0.476642534731248,0.7651434428761232,5.392779874202287,-31.1353229841742,-15.76285825754138,-30.988456717794588,0.0578391756366813,0.1137492839059509,0.924011276837186,4.838504658389745,26.76436577116199,True,0.3483895802468585,imu,-0.5387622831490877,-9.528696254624046,2.858654100239466,0.5378287199543152,4.013340906861979,-3.844140301753659,98.9027236,-39.008138,131.6119416,400.72701558761946,-11.039829563677529,False,-0.5515602777887114,-0.8341350370087803,513.149589443979,-49.75950901698148,115.13184495945106,471.7975186319584,False,inf
61.133551,-156778.2536713978,-487.1447884307538,513.6283633715957,-51.34481841784458,79.67441329965463,102.0212483600005,473.108098556608,-8820335.073828697,34.916609406245186,102.1150368779462,7823791493.842335,78.08590017582604,79.67441329965463,-8033440300624.563,50.90598964011299,-3.13188029501906,237.391391599573,184.39231182835343,-164963.2151218133,-144.30480838221325,233.75780434082492,473.108098556608,-538464455006.3397,1914.9448167696703,965.6653733416334,72.24099740530869,-4370600.730085518,3093378163847.6826,3.000000000001343,-0.857983000000127,-42972850.91494117,-22.047601705779485,400.7627360832103,-11.00573589270897,0.0,-1.9350738606623231e-19,0.0,1.9120356072887777e-18,-662.1922516201329,1.9842270918466456,-662.1922516201329,0.0,-818.4392280591649,0.0,0.0,2810.8199999992285,-14.617700000000582,0.0,0.0,0.0,0.0,0.0,0.0,0.0,0.0,0.0,0.0,0.0,3785.529999999315,-83.48819999996931,0.0,0.0,0.0,0.0,0.0,0.0,0.0,0.0,0.0,0.0,0.0,7388.629999999408,-42.01050000001919,0.0,0.0,0.0,0.0,0.0,0.0,0.0,0.0,0.0,999.0000000007204,999.0000000007204,1.0000000000000675,-127.06710852410728,gaze,0.5287623864295804,0.5170653885291874,-112.8083904606476,-86.54084414526712,1185.9800052389269,-37.505743335715046,-16.88333292505096,-31.82336150914392,-0.0747167558215271,-0.0583084469929653,1.0028080853944434,4.673504451313994,19.495746089076142,-12.390192427136943,-28.07410718345094,0.440414279625056,0.4771527845336223,0.7649249209313862,5.396957349593022,-31.549279186465725,-15.759509967182243,-30.97431254583321,0.057962053600881,0.1136849839068064,0.9240316385839854,4.840592540073815,38.63470853864912,True,0.3015840461230796,imu,-0.7094092208000001,-9.548313146400002,2.7449231992,1.65998149,4.06692903,-2.44213769,99.12284583682074,-38.09862475074126,133.64548727218948,400.7627360832103,-11.00573589270897,False,-0.5706593051261105,-0.8211869199353973,513.4087464967213,-49.810941816461536,114.64798218220604,473.108098556608,False,inf
61.142392,-158418.47229006918,-490.8088979921926,514.47924998893,-51.48004199560563,80.22820604781322,102.86116863062276,476.8983800130929,-8915634.913340569,35.2098047904516,102.9557262066432,7912177677.5004225,78.64772531740095,80.22820604781322,-8124994473729.158,51.180910152175215,-3.1575498107579327,238.53106494476373,185.67142456742545,-166687.6105047288,-145.42792194287148,234.88039130837092,476.8983800130929,-544597502874.9435,1928.205358032584,973.2356206606016,72.80278987428548,-4417808.582734555,3128610808875.512,3.000000000001336,-0.8579830000001234,-43441997.09835171,-22.215122338707168,400.866016428743,-10.907143073775105,0.0,-1.950423569713939e-19,0.0,1.9272025679692906e-18,-667.1230931813808,1.999303491686295,-667.1230931813808,0.0,-824.5226143301736,0.0,0.0,2810.819999999206,-14.617700000000523,0.0,0.0,0.0,0.0,0.0,0.0,0.0,0.0,0.0,0.0,0.0,3785.5299999992712,-83.48819999996886,0.0,0.0,0.0,0.0,0.0,0.0,0.0,0.0,0.0,0.0,0.0,7388.62999999935,-42.01050000001942,0.0,0.0,0.0,0.0,0.0,0.0,0.0,0.0,0.0,999.000000000724,999.000000000724,1.000000000000064,-127.9051685623792,gaze,0.5285919613990506,0.5171144644019765,-108.3500660798252,-86.74481577016398,1185.9154427709325,-37.498813908593306,-16.876446334635606,-31.81186571348556,-0.0743156488445448,-0.0593534539081549,1.0030799496351095,4.677831079539318,19.507789907498594,-12.390603156972483,-28.06217885598108,0.4409993740594655,0.4785980694007237,0.764304731387901,5.408940419200805,-32.855571495099,-15.7499419356409,-30.933904742570466,0.0583286169385207,0.1135056195080483,0.92408716456949,4.846606428735743,62.9803120354623,True,0.1595178145934999,imu,-0.7010350816000002,-9.553098368800002,2.742530588,1.60016621,4.25385178,-2.58419898,99.11770094819792,-38.091402255986885,133.64266809199137,400.866016428743,-10.907143073775105,False,-0.624144050783583,-0.7813092882280744,514.1587171044567,-49.9640381466754,112.89376802820752,476.8983800130929,False,inf
61.145512,-159000.5686657765,-492.1070415272201,514.780627357477,-51.52789504382128,80.42435928912478,103.15884558303858,478.2412460730279,-8949461.875347376,35.31373244195031,103.25367570730546,7943559256.071294,78.84671949756412,80.42435928912478,-8157502577886.052,51.27819506569755,-3.166646876884469,238.93421937533867,186.1244746175917,-167299.5774609645,-145.8258597255024,235.2775062794553,478.2412460730279,-546775153921.4645,1932.9020915723413,975.9182679771994,73.00186970052079,-4434565.2471191455,3141120804002.6367,3.0000000000013216,-0.8579830000001163,-43608533.76087542,-22.27447876393567,400.9025987079858,-10.872215390157804,0.0,-1.9558633484368584e-19,0.0,1.932577582551613e-18,-668.8700572026898,2.0046454079483342,-668.8700572026898,0.0,-826.6778955285007,0.0,0.0,2810.819999999185,-14.617700000000468,0.0,0.0,0.0,0.0,0.0,0.0,0.0,0.0,0.0,0.0,0.0,3785.529999999286,-83.48819999996863,0.0,0.0,0.0,0.0,0.0,0.0,0.0,0.0,0.0,0.0,0.0,7388.629999999335,-42.010500000019306,0.0,0.0,0.0,0.0,0.0,0.0,0.0,0.0,0.0,999.000000000724,999.000000000724,1.0000000000000604,-128.20199061131737,gaze,0.5434506051710376,0.5809675188427558,-107.4003280651236,-87.37226170075006,1185.662801495384,-37.0331364743155,-17.11449206790545,-31.98255636885287,-0.0575978241452855,-0.057508258730638,0.996682141322648,4.57988452911377,19.51208286138225,-12.390941544783445,-28.05819523139345,0.4412023894232894,0.4790993238338322,0.764089197766075,5.413150769819749,-31.25528022919446,-16.81634534717074,-31.29076369064623,-0.0415322101142969,-0.0197041432657351,0.9889927811245526,4.654006099700927,63.236590387432784,False,-1.0,imu,-0.5363608004753156,-9.528397707500892,2.860757948422733,0.5238102438068034,4.022818485482771,-3.7525883389256656,99.11592683570804,-38.088858864710765,133.64177560747578,400.9025987079858,-10.872215390157804,False,-0.6498693282053226,-0.7600459566749649,514.4246545179457,-50.0198193369962,111.7228065895696,478.241246073028,False,inf
61.151232,-160072.18245490955,-494.49386659304014,515.3346449773107,-51.61580550442585,80.78495050203202,103.70631007242538,480.7103288328056,-9011744.0420537,35.50488988632989,103.80164142681038,8001350727.317585,79.21252751767926,80.78495050203202,-8217370977499.071,51.456910628425874,-3.183376828736254,239.6746413866053,186.9573073901764,-168426.17777444038,-146.55757227648604,236.0068428816545,480.7103288328056,-550785604238.0767,1941.535962687783,980.8515366897426,73.36796723473248,-4465417.731146876,3164159715790.122,3.0000000000013287,-0.8579830000001181,-43915176.96280338,-22.383622551803462,400.9698489154971,-10.807999073650024,0.0,-1.9658673280434773e-19,0.0,1.942462458205353e-18,-672.0821515617495,2.0144680509044166,-672.0821515617495,0.0,-830.6407219460065,0.0,0.0,2810.8199999991702,-14.617700000000468,0.0,0.0,0.0,0.0,0.0,0.0,0.0,0.0,0.0,0.0,0.0,3785.5299999992712,-83.48819999996817,0.0,0.0,0.0,0.0,0.0,0.0,0.0,0.0,0.0,0.0,0.0,7388.629999999306,-42.01050000001908,0.0,0.0,0.0,0.0,0.0,0.0,0.0,0.0,0.0,999.0000000007204,999.0000000007204,1.0000000000000568,-128.74761764098508,gaze,0.5283965220201379,0.5171366606440996,-105.19806588349196,-87.25296979511648,1185.77080775933,-37.49154618774967,-16.869753531422052,-31.800933078541583,-0.0739120901885713,-0.0603809879188634,1.0033442475318433,4.682127727791211,19.519998959470765,-12.391817164327344,-28.05121590510057,0.441569833309419,0.4800062795475829,0.7636986156848814,5.420844125900043,-33.97776876154231,-15.740492162264328,-30.89409814661863,0.0587137527997187,0.1133349868866846,0.9241380384439568,4.852617603269013,50.442545673310775,False,0.0102143209466633,imu,-0.6866794144,-9.5812115504,2.7239878512,1.51044329,4.4183438,-2.80850628,99.112730597774,-38.08420342057713,133.64027532810283,400.9698489154971,-10.807999073650024,False,-0.6751244993992255,-0.7377038093374231,514.9140342839097,-50.124465286837406,110.60056916845215,480.71032883280566,False,inf
61.160073,-161739.84356432484,-498.2006174441669,516.1947610825664,-51.75214137789317,81.34478472078209,104.55688838606544,484.5448988719984,-9108689.480799198,35.80194068863195,104.65299843561604,8091336195.560423,79.78044613202704,81.34478472078209,-8310596380058.307,51.73405658255376,-3.209367907690285,240.822387582842,188.2502787459032,-170179.3997534304,-147.69404332763435,237.1374219183875,484.5448988719984,-557030538390.8898,1954.939931090801,988.5150546281554,73.93667276626628,-4513441.566919915,3200035106076.014,3.000000000001343,-0.8579830000001181,-44392524.2041302,-22.553144859201783,401.0742590416594,-10.708279342073013,0.0,-1.9814090709107584e-19,0.0,1.9578191664048936e-18,-677.0706729526618,2.0297245956555416,-677.0706729526618,0.0,-836.7950875105147,0.0,0.0,2810.819999999185,-14.617700000000468,0.0,0.0,0.0,0.0,0.0,0.0,0.0,0.0,0.0,0.0,0.0,3785.529999999286,-83.48819999996817,0.0,0.0,0.0,0.0,0.0,0.0,0.0,0.0,0.0,0.0,0.0,7388.629999999335,-42.01050000001942,0.0,0.0,0.0,0.0,0.0,0.0,0.0,0.0,0.0,999.0000000007348,999.0000000007348,1.000000000000064,-129.5946649129602,gaze,0.5281759262130297,0.5171318394635273,-103.2606538934023,-87.9626331812679,1185.6088470234747,-37.48394973310511,-16.863255743954653,-31.79056652663106,-0.0735060216778571,-0.0613910845684251,1.003600948477486,4.686394392050193,19.5323192565324,-12.39380285857832,-28.04129585210504,0.4421255284409743,0.481377259625329,0.7631066589199793,5.432668537483456,-34.57356957464503,-15.73116124395814,-30.85499783002677,0.0591174622462269,0.1131730486094194,0.9241842748948071,4.8586262703339225,26.359275369592545,False,-0.1416545507039961,imu,-0.6729219000000001,-9.5961653704,2.7299693792,1.45062801,4.62769728,-3.08515195,99.1079337178974,-38.07702695906048,133.63829527826192,401.0742590416594,-10.708279342073013,False,-0.7233342178575781,-0.6904980878151407,515.6753572572418,-50.292268552528526,107.76429305460242,484.5448988719983,False,inf
61.165605,-162790.37339123117,-500.5309170759947,516.735314621109,-51.83773369606615,81.69662976945862,105.09184094412532,486.9555979539714,-9169772.504193785,35.988798640216096,105.1884407056442,8148052510.776283,80.13736261298858,81.69662976945862,-8369358492168.564,51.908040784297626,-3.225713356827608,241.5426152486472,189.0628620643238,-171283.82179671378,-148.40857424927077,237.8468872381607,486.9555979539714,-560966846917.3308,1963.3637531056115,993.3341477151388,74.29429277384702,-4543700.456430092,3222648088867.916,3.000000000001357,-0.8579830000001216,-44693314.85991915,-22.659730695096467,401.1398793960816,-10.645594516585843,0.0,-1.991183015348324e-19,0.0,1.967476745605421e-18,-680.2068524535509,2.0393170297483936,-680.2068524535509,0.0,-840.6641624292214,0.0,0.0,2810.819999999177,-14.617700000000582,0.0,0.0,0.0,0.0,0.0,0.0,0.0,0.0,0.0,0.0,0.0,3785.5299999992567,-83.48819999996817,0.0,0.0,0.0,0.0,0.0,0.0,0.0,0.0,0.0,0.0,0.0,7388.629999999306,-42.01050000001953,0.0,0.0,0.0,0.0,0.0,0.0,0.0,0.0,0.0,999.0000000007312,999.0000000007312,1.0000000000000604,-130.12697893024534,gaze,0.5418474822948488,0.5826364732942428,-103.4161196144319,-89.73950016316799,1185.70751073994,-37.04616196560501,-17.10735279826821,-32.02296570603574,-0.054325958770913,-0.0594517637643568,0.9967518136371404,4.578712463378906,19.54005848718397,-12.395423579905168,-28.035652355793744,0.4424655816166625,0.482215884312992,0.7627435940539474,5.4400251388184016,-37.0103627091531,-17.148724955073643,-31.89825714290878,-0.0667667004817334,-0.0572024574734385,0.99607503263466,4.58733901977539,32.32625607397226,False,-1.0,imu,-0.5330931893337701,-9.52804669695484,2.863389459292684,0.5254839665785033,4.034752858599288,-3.630828047326927,99.10502064672144,-38.07254844327794,133.63726042801264,401.1398793960816,-10.645594516585843,False,-0.7592218461599816,-0.6508319201709679,516.1549649748457,-50.40100014801969,105.0386614541914,486.9555979539714,False,inf
61.168914,-163421.35493917888,-501.9288246583943,517.0595210746278,-51.88903601116999,81.90765802587202,105.41283283615805,488.4017518423644,-9206465.70373726,36.10093318875722,105.50972643192736,8182129441.966636,80.35142904136038,81.90765802587202,-8404665973445.879,52.01231993092322,-3.2355208527229866,241.9741823264408,189.55022116457408,-171947.17044567066,-148.83723613302624,238.2720092217073,488.4017518423644,-563331989506.6019,1968.4160444590057,996.2255263631016,74.50885818747598,-4561877.359223951,3236235165329.0195,3.000000000001357,-0.857983000000127,-44874012.28644168,-22.723674661372858,401.1792371042866,-10.607992938183884,0.0,-1.9970474992829176e-19,0.0,1.9732714090008488e-18,-682.0882226027489,2.04507181202045,-682.0882226027489,0.0,-842.9851737996336,0.0,0.0,2810.819999999192,-14.617700000000582,0.0,0.0,0.0,0.0,0.0,0.0,0.0,0.0,0.0,0.0,0.0,3785.529999999286,-83.48819999996772,0.0,0.0,0.0,0.0,0.0,0.0,0.0,0.0,0.0,0.0,0.0,7388.629999999364,-42.01050000001976,0.0,0.0,0.0,0.0,0.0,0.0,0.0,0.0,0.0,999.000000000742,999.000000000742,1.000000000000064,-130.44623393978156,gaze,0.5279301022949322,0.5170998598219487,-102.2923731841472,-88.78758849576394,1185.4707833142722,-37.47603657071535,-16.856956433248833,-31.78077231300644,-0.0730975229562715,-0.0623834342168312,1.0038499334654651,4.690629620558847,19.54469153287703,-12.396528197681231,-28.03249246664421,0.4426661373472108,0.4827103811068259,0.762529150626973,5.444409690336468,-34.4603952899694,-15.72195306690194,-30.816712914255653,0.0595396127430303,0.1130198238728948,0.9242258722423182,4.864630598067192,48.8187438916143,False,-0.291170856618114,imu,-0.6597625384000001,-9.603343204000002,2.7281749208,1.09173633,4.72489711,-3.4216129,99.1033106656072,-38.06987402997102,133.6367148328126,401.1792371042866,-10.607992938183884,False,-0.7684949896671257,-0.6398558047376961,516.4430967632823,-50.46740664020789,104.38400940035412,488.4017518423643,False,inf
61.177755,-165116.8025501664,-505.6785782389782,517.9289442807167,-52.02649112941242,82.47358258045246,106.27416806368412,492.2809796633125,-9305078.033237455,36.40187667871506,106.37185007829775,8273735892.739222,80.92548787327422,82.47358258045246,-8499585478049.696,52.29170375357171,-3.2618363834994617,243.1300335437746,190.85716231846408,-173729.58008231042,-149.98717921799522,239.4106127941156,492.2809796633125,-569690340329.6947,1981.964588686991,1003.9831632957344,75.08453900019835,-4610727.751080027,3272762092240.8047,3.0000000000013785,-0.8579830000001234,-45359668.085072085,-22.89521637604187,401.28478511832327,-10.50713773287606,0.0,-2.0127830570680868e-19,0.0,1.988819624616295e-18,-687.134925464562,2.060510097580914,-687.134925464562,0.0,-849.2111341105577,0.0,0.0,2810.8199999991702,-14.617700000000523,0.0,0.0,0.0,0.0,0.0,0.0,0.0,0.0,0.0,0.0,0.0,3785.529999999242,-83.48819999996749,0.0,0.0,0.0,0.0,0.0,0.0,0.0,0.0,0.0,0.0,0.0,7388.629999999364,-42.01050000001965,0.0,0.0,0.0,0.0,0.0,0.0,0.0,0.0,0.0,999.000000000742,999.000000000742,1.0000000000000604,-131.30234338042143,gaze,0.5276589634558873,0.5170405906093387,-101.97629015601312,-89.65693626106936,1185.379574834282,-37.467817938132605,-16.850858241288034,-31.7715550196073,-0.0726866291723706,-0.0633578490431825,1.0040911155738153,4.694832461734153,19.55705668410577,-12.399961193031396,-28.024870323257183,0.443191404591556,0.4840051838408548,0.7619663088598264,5.45606498540258,-33.58018662929741,-15.71287051422916,-30.779337767972176,0.059980110315185,0.1128753102979797,0.9242628359932178,4.870629436645134,125.52383590331964,False,-0.4333650234996952,imu,-0.6609588440000002,-9.5925764536,2.7347546016,0.91229049,4.74732784,-3.54124346,99.09886096074972,-38.062744975862216,133.63552035761376,401.28478511832327,-10.50713773287606,False,-0.81034186385234,-0.5859573906764175,517.2177539561287,-50.64982220689964,100.46107767028758,492.2809796633125,False,inf
61.185585,-166630.0758524288,-509.0175979413522,518.702855217145,-52.1486971606335,82.97734924813238,107.04152771512418,495.735361092789,-9393116.138003826,36.67004278108386,107.13991207612052,8355550227.205132,81.43647880296037,82.97734924813238,-8584364894777.0,52.54007711849188,-3.285278979135608,244.1571025891213,192.0205163547012,-175320.4611936767,-151.01128170353667,240.4223730151075,495.735361092789,-575369411442.3135,1994.0245189328791,1010.8932402687908,75.5973198165067,-4654340.2513067,3305386745078.0,3.000000000001364,-0.8579830000001127,-45793289.15721464,-23.04799019472114,401.37874087461296,-10.417339013880053,0.0,-2.0268006589072425e-19,0.0,2.002670337678389e-18,-691.6289635886413,2.0742593236498323,-691.6289635886413,0.0,-854.7552121305506,0.0,0.0,2810.819999999141,-14.617700000000356,0.0,0.0,0.0,0.0,0.0,0.0,0.0,0.0,0.0,0.0,0.0,3785.5299999992,-83.48819999996704,0.0,0.0,0.0,0.0,0.0,0.0,0.0,0.0,0.0,0.0,0.0,7388.629999999306,-42.01050000001976,0.0,0.0,0.0,0.0,0.0,0.0,0.0,0.0,0.0,999.0000000007348,999.0000000007348,1.0000000000000533,-132.0643599505667,gaze,0.5409452593997319,0.5831724112127077,-101.1729352891402,-90.5097886880223,1185.757317973143,-37.05386703136089,-17.10245069151927,-32.0472727508808,-0.0524835329417005,-0.0600862823897099,0.9968124785728464,4.580822467803955,19.79954441308841,-13.07548544636137,-27.46221716203521,0.3566090399896669,0.4121009012969933,0.8384526460974728,5.430444717407227,-31.340136127375395,-16.72834812999595,-31.49078125623638,-0.0206919726430996,-0.0109856156654279,0.9805202611679524,4.666851377487182,192.644404196486,False,-1.0,imu,-0.5297801054076722,-9.527752353197783,2.865799423411812,0.548455978442581,4.045557910425755,-3.511153864890721,99.09506425480996,-38.056451365324776,133.63477364232446,401.37874087461296,-10.417339013880053,False,-0.820595565372272,-0.5715093333370518,517.9100075132358,-50.81738145111686,99.75080217440969,495.735361092789,False,inf
61.186207,-166750.76070137916,-509.2835726742639,518.7644910726231,-52.15842391308314,83.01747076782964,107.10266790637928,496.0105279026196,-9400138.122201445,36.69141149229559,107.2011082254466,8362077042.731996,81.47717500435328,83.01747076782964,-8591128501178.84,52.5598452646444,-3.287146720260232,244.2388278064636,192.1131678099992,-175447.3349202938,-151.09286297727257,240.5028807813018,496.0105279026196,-575822480212.9176,1994.984987743136,1011.4437610155992,75.63817252090334,-4657818.830554886,3307989496492.68,3.000000000001357,-0.8579830000001216,-45827876.79718533,-23.06016052079971,401.3862238141719,-10.410186333724257,0.0,-2.0279174805590704e-19,0.0,2.003773862833162e-18,-691.9869484597115,2.075354619723356,-691.9869484597115,0.0,-855.1968376921393,0.0,0.0,2810.819999999134,-14.617700000000468,0.0,0.0,0.0,0.0,0.0,0.0,0.0,0.0,0.0,0.0,0.0,3785.529999999213,-83.48819999996635,0.0,0.0,0.0,0.0,0.0,0.0,0.0,0.0,0.0,0.0,0.0,7388.629999999248,-42.01050000001942,0.0,0.0,0.0,0.0,0.0,0.0,0.0,0.0,0.0,999.000000000742,999.000000000742,1.0000000000000533,-132.1250467745812,gaze,0.5273760110985225,0.5169582989709784,-102.0028906280829,-90.4769225857053,1185.343712576384,-37.45968567996206,-16.845218793452492,-31.76328654215539,-0.0722916085382878,-0.0642724527776405,1.004314311880603,4.698819233578284,19.56881549148685,-12.403875307406146,-28.01873994036154,0.4436789822439912,0.4852067715594036,0.7614421435335019,5.467124796796052,-32.05057077359402,-15.704307764364746,-30.74453511158775,0.0604182899381762,0.1127452960943388,0.9242938472338476,4.876358139479663,196.2707693536979,False,-0.5579311360417908,imu,-0.6400234960000001,-9.575828175200002,2.7467176576,0.66555246,4.84452767,-3.63096638,99.09476843762148,-38.05595223459166,133.6347265497444,401.3862238141719,-10.410186333724257,False,-0.8470132500273843,-0.5315717771647096,517.9652588039926,-50.83093124614303,96.20703132648153,496.0105279026195,False,inf
61.194659,-168397.61031397953,-512.9084206670555,519.6043344407854,-52.290872038038174,83.56416943249926,107.93613882258056,499.76069030597967,-9495971.934144497,36.9827460746481,108.03534193809952,8451171174.332185,82.03169419255555,83.56416943249926,-8683458583617.492,52.82901633720135,-3.312606942031,245.3513435937184,193.37561936265493,-177178.63111242926,-152.2047672643966,241.59883368695287,499.76069030597967,-582007311601.0204,2008.072097077968,1018.9478443006226,76.19502843831772,-4705293.582406327,3343519593785.0723,3.000000000001414,-0.8579830000001323,-46299942.88882744,-23.226037420646097,401.4881870223535,-10.312711267438942,0.0,-2.0431414712863125e-19,0.0,2.0188166019257312e-18,-696.8658399584633,2.0902830871223794,-696.8658399584633,0.0,-861.2156030526367,0.0,0.0,2810.819999999185,-14.617700000000582,0.0,0.0,0.0,0.0,0.0,0.0,0.0,0.0,0.0,0.0,0.0,3785.529999999286,-83.48819999996817,0.0,0.0,0.0,0.0,0.0,0.0,0.0,0.0,0.0,0.0,0.0,7388.6299999993935,-42.010500000020215,0.0,0.0,0.0,0.0,0.0,0.0,0.0,0.0,0.0,999.0000000007568,999.0000000007568,1.0000000000000675,-132.95193331300814,gaze,0.5270697822017403,0.516850847790807,-102.16076140413128,-91.24632633339353,1185.355134950007,-37.45129435866065,-16.83976774105151,-31.75555247484328,-0.0718944645222576,-0.0651703417986471,1.004530226192102,4.702774738034517,19.58045867840264,-12.408379033483577,-28.01378250062067,0.4441520855242751,0.4863725345650894,0.76093176656455,5.478101530736369,-29.937054192497648,-15.695865163016748,-30.710705279808703,0.0608730591452061,0.1126232343596267,0.9243206366136922,4.882079775766839,220.69287320969207,False,-0.6671819739266329,imu,-0.6304530512000001,-9.5782207864,2.7586807136,0.58330645,4.96415823,-3.66835093,99.09083280981096,-38.0491819252243,133.63426055693145,401.4881870223535,-10.312711267438942,False,-0.880207592395233,-0.4745888686956189,518.7199876088259,-51.01849643280073,91.46644877244503,499.76069030597967,False,inf
61.203111,-170057.42741323836,-516.5532014819701,520.4484914105788,-52.423837020753126,84.11368928377053,108.77460253014728,503.5315478110568,-9592584.177575111,37.27588861868952,108.87457295312146,8541023090.831459,82.58905566715744,84.11368928377053,-8776580789645.239,53.09921967467449,-3.338217682845571,246.46758782511492,194.64454133966152,-178923.5484507881,-153.32291720207064,242.6984784994159,503.5315478110568,-588245173336.4446,2021.2261683955253,1026.495599452399,76.75512041117756,-4753154.344868127,3379354330612.164,3.0000000000013856,-0.8579830000001216,-46775890.13962668,-23.392850968123582,401.5906765137388,-10.214710661671802,0.0,-2.0584554205376252e-19,0.0,2.033948228523241e-18,-701.7717100459735,2.10529585009492,-701.7717100459735,0.0,-867.2675652456837,0.0,0.0,2810.819999999141,-14.617700000000468,0.0,0.0,0.0,0.0,0.0,0.0,0.0,0.0,0.0,0.0,0.0,3785.529999999242,-83.48819999996681,0.0,0.0,0.0,0.0,0.0,0.0,0.0,0.0,0.0,0.0,0.0,7388.629999999277,-42.010500000019874,0.0,0.0,0.0,0.0,0.0,0.0,0.0,0.0,0.0,999.0000000007494,999.0000000007494,1.0000000000000533,-133.7830194316538,gaze,0.5267402155045795,0.5167181379854375,-102.3792780286171,-91.93557517577948,1185.4038534871672,-37.442653815456495,-16.834507257364656,-31.748355808492303,-0.0714952305010616,-0.0660513641152075,1.004738787210135,4.706698176892962,19.59193112485628,-12.413444534423707,-28.0100323501908,0.4446104947834448,0.4875020892892414,0.7604353628313925,5.488992953550395,-27.37122383990164,-15.687545401327997,-30.67790472144603,0.0613443255958473,0.1125091183972169,0.924343211982988,4.88779334673114,208.5396117107791,False,-0.7572403431716634,imu,-0.6196863008000001,-9.572239258400002,2.7497084216,0.35899915,5.023973509999999,-3.56367419,99.08705301271632,-38.042434346476114,133.6341099380819,401.5906765137388,-10.214710661671802,False,-0.9097208913337448,-0.4152203028163924,519.4823796123044,-51.21237633495479,86.24746161902853,503.5315478110568,False,inf
61.205677,-170563.92018902735,-517.6637016621017,520.7056309349236,-52.4643072702288,84.28108164018099,109.03014871415591,504.6804755656078,-9622070.100658894,37.36524476612033,109.13035298475344,8568452529.357095,82.758832817048,84.28108164018099,-8805009912440.031,53.18145721825759,-3.34602290318689,246.8072148317144,195.03106607057995,-179456.007308179,-153.66362366392377,243.03305875624005,504.6804755656078,-590149513604.7886,2025.2329911376487,1028.795743959142,76.92580497502807,-4767761.460089313,3390294221458.8613,3.0000000000013927,-0.8579830000001305,-46921157.83768085,-23.44368096458758,401.6218964059817,-10.184853712349764,0.0,-2.063122547186725e-19,0.0,2.0385597899544186e-18,-703.2664718093922,2.109870410706609,-703.2664718093922,0.0,-869.1115111765561,0.0,0.0,2810.819999999141,-14.617700000000582,0.0,0.0,0.0,0.0,0.0,0.0,0.0,0.0,0.0,0.0,0.0,3785.529999999213,-83.48819999996681,0.0,0.0,0.0,0.0,0.0,0.0,0.0,0.0,0.0,0.0,0.0,7388.629999999277,-42.0105000000201,0.0,0.0,0.0,0.0,0.0,0.0,0.0,0.0,0.0,999.0000000007676,999.0000000007676,1.0000000000000604,-134.0361680348541,gaze,0.541468297966986,0.5838480455509568,-102.4746944548178,-91.43600716723986,1185.6528162871316,-37.04630204956101,-17.11024633745807,-32.024310997990355,-0.053555257140019,-0.0608380412086466,0.9967081456220372,4.578032395567209,19.72399133242196,-12.995037949145866,-27.656919901497755,0.376157497210588,0.423951252167752,0.8229516496903695,5.470244609788884,-25.676215702641286,-16.300898176292712,-31.10231817030964,0.0272585706836598,0.0367680667461671,0.9634312577242192,4.753916226307704,203.01478366623545,False,-1.0,imu,-0.5263854125377135,-9.52751144144002,2.8680136692431257,0.5906912486228619,4.055002620669573,-3.3929552719606897,99.08593612803324,-38.0403903466825,133.6341247083961,401.6218964059817,-10.184853712349764,False,-0.9043346471319932,-0.4268241394258917,519.7154220948164,-51.272461872128254,87.5621151005772,504.6804755656078,False,inf
61.211563,-171730.28832231654,-520.2179945883137,521.2969790527477,-52.557320380698,84.66604105776118,109.61808080851176,507.3231815598182,-9689979.58004856,37.57084734160591,109.71882306900174,8631637615.904795,83.14926968027906,84.66604105776118,-8870500205218.898,53.37045798451635,-3.363979578451304,247.58756741825093,195.9199581647748,-180682.16703983588,-154.44733797814544,243.80182220579755,507.3231815598182,-594536405711.1771,2034.447454024072,1034.087213293776,77.31846213559764,-4801403.46565008,3415495661794.99,3.000000000001407,-0.8579830000001252,-47255742.4267166,-23.560605066448858,401.6936940626383,-10.1161826401285,0.0,-2.0738597207231424e-19,0.0,2.049169130363892e-18,-706.7046691050731,2.1203932599185493,-706.7046691050731,0.0,-873.3528596889372,0.0,0.0,2810.819999999156,-14.617700000000523,0.0,0.0,0.0,0.0,0.0,0.0,0.0,0.0,0.0,0.0,0.0,3785.5299999992567,-83.48819999996658,0.0,0.0,0.0,0.0,0.0,0.0,0.0,0.0,0.0,0.0,0.0,7388.629999999306,-42.0105000000201,0.0,0.0,0.0,0.0,0.0,0.0,0.0,0.0,0.0,999.000000000764,999.000000000764,1.0000000000000604,-134.6183216099725,gaze,0.5263872546041463,0.5165600756287413,-102.675118931606,-92.52345124157355,1185.475502812492,-37.433773894160346,-16.82943947021579,-31.741699212068088,-0.0710939407408812,-0.0669153717893376,1.0049399251959126,4.710588763190971,19.603176456371084,-12.419044078719113,-28.007516053240327,0.445053991579836,0.4885950583727087,0.7599531153066079,5.499796844495819,-24.51361183819609,-15.679351221963822,-30.64618205452931,0.0618319935862313,0.1124029399885877,0.9243615821959787,4.8934978558171975,195.5231064026516,False,-0.8245873782871002,imu,-0.6023398696000001,-9.5608743552,2.7550917968,0.29918387,5.08378879,-3.53376655,99.08342778269852,-38.03570979696282,133.63426209954702,401.6936940626383,-10.1161826401285,False,-0.9353609595896194,-0.3536946073600595,520.2528702258365,-51.41239865517864,80.56060950123202,507.3231815598182,False,inf
61.220015,-173416.26966284914,-523.9028796603432,522.1498144833986,-52.69132364033743,85.22123551743105,110.4665954987652,511.1356728987902,-9788162.88820982,37.86763048488777,110.56811414594,8723019593.653717,83.71234650690795,85.22123551743105,-8965221938018.896,53.642733978202415,-3.3898932663113563,248.7112892887168,197.201894322352,-182454.56729704392,-155.5780548457018,244.9088717919374,511.1356728987902,-600881350469.8475,2047.7362069168744,1041.722873169577,77.88506734512124,-4850043.301957212,3451945550499.242,3.000000000001421,-0.8579830000001323,-47739523.7249361,-23.72930362952732,401.7972414467222,-10.017125322561071,0.0,-2.08935476537692e-19,0.0,2.064479696296421e-18,-711.6648278166728,2.1355756688327925,-711.6648278166728,0.0,-879.4716221645693,0.0,0.0,2810.8199999991484,-14.61770000000064,0.0,0.0,0.0,0.0,0.0,0.0,0.0,0.0,0.0,0.0,0.0,3785.529999999228,-83.48819999996658,0.0,0.0,0.0,0.0,0.0,0.0,0.0,0.0,0.0,0.0,0.0,7388.629999999277,-42.01050000002033,0.0,0.0,0.0,0.0,0.0,0.0,0.0,0.0,0.0,999.0000000007748,999.0000000007748,1.0000000000000604,-135.45785637098086,gaze,0.5260108480071832,0.5163765720089498,-103.10196499186762,-92.99601465443256,1185.5539965395358,-37.42466443880262,-16.824566461266407,-31.73558503663565,-0.0706906304073609,-0.0677622209882088,1.0051335719921224,4.714445721422093,19.61413698468813,-12.425150073907089,-28.00625217443552,0.4454823587067598,0.489651070758691,0.7594852050235964,5.510510996160827,-21.53910526125389,-15.671285416881314,-30.61557839632096,0.0623359640346194,0.1123046893848768,0.924375757117702,4.899192308843341,200.3224671561581,False,-0.866164029427567,imu,-0.5981528,-9.572239258400002,2.7676530056,0.19450713,5.023973509999999,-3.60853565,99.0799556625533,-38.02900857524372,133.63470430477994,401.7972414467222,-10.017125322561071,False,-0.9569488310404722,-0.29025667050091,521.0318887857042,-51.61835992499822,74.41890456760576,511.1356728987902,False,inf
61.225658,-174549.2618264351,-526.3743277163643,522.7216412337548,-52.78108145508986,85.59350043802746,111.03592320287478,513.6927446697723,-9854156.222302437,38.06679828724943,111.13796274869284,8784460664.162823,84.08988507242671,85.59350043802746,-9028912345146.408,53.82509878980598,-3.4072794281295944,249.46363191909305,198.06142386683223,-183645.6272776667,-156.33649853698734,245.65006290024564,513.6927446697723,-605147641363.185,2056.646162647164,1046.8454552266662,78.26518641988062,-4882736.50144273,3476454165983.676,3.0000000000014,-0.8579830000001252,-48064720.79752111,-23.842463400145064,401.8666709738309,-9.950693849277457,0.0,-2.0997507859821784e-19,0.0,2.0747519454210535e-18,-714.9916879536628,2.145759738361491,-714.9916879536628,0.0,-883.5755292506939,0.0,0.0,2810.81999999912,-14.617700000000356,0.0,0.0,0.0,0.0,0.0,0.0,0.0,0.0,0.0,0.0,0.0,3785.5299999992,-83.4881999999659,0.0,0.0,0.0,0.0,0.0,0.0,0.0,0.0,0.0,0.0,0.0,7388.629999999277,-42.0105000000201,0.0,0.0,0.0,0.0,0.0,0.0,0.0,0.0,0.0,999.0000000007676,999.0000000007676,1.0000000000000568,-136.02073846409257,gaze,0.5419884469622231,0.5845199472885916,-103.7692619388616,-92.3571086719805,1185.5488919297654,-37.03877886116047,-17.117998915673436,-32.00147609929913,-0.0546210605048709,-0.0615856468706603,0.9966043890676812,4.575257737326991,19.64885565131521,-12.915034891119625,-27.85054698875645,0.3955979572808292,0.4357361347453286,0.8075362898849553,5.509824624206464,-20.01251534250978,-15.875994396362495,-30.70537880502369,0.0743857078062096,0.0855358272751067,0.944593350885494,4.846182053708608,210.97128231801847,False,-1.0,imu,-0.5229480118194779,-9.527326675674562,2.870006463494455,0.6492273049136765,4.062541799603725,-3.278255350546296,99.07772192274793,-38.02454762148174,133.63515464768557,401.8666709738309,-9.950693849277457,False,-0.9631401642402624,-0.2690000446602947,521.5569589321964,-51.759061819057074,72.46401119923472,513.6927446697723,False,inf
61.228468,-175115.65017803878,-527.60837613866,523.007116542848,-52.82586427235918,85.7793496474151,111.32026979453585,514.9695581744515,-9887150.62528181,38.166281753911264,111.42256948939432,8815184837.788908,84.278363575791,85.7793496474151,-9060762468024.018,53.91608277037655,-3.4159624786686544,249.8388939691148,198.4905271923253,-184241.04211886448,-156.71522802703933,246.01976588239933,514.9695581744515,-607281111123.5367,2061.0942649434246,1049.403678219931,78.4550174309654,-4899082.045198297,3488710336019.246,3.000000000001421,-0.8579830000001252,-48227316.04825087,-23.89897071004553,401.90133279271686,-9.917525010433168,0.0,-2.1049427986486616e-19,0.0,2.0798821437524213e-18,-716.6528888737654,2.15084524151232,-716.6528888737654,0.0,-885.6247187317567,0.0,0.0,2810.8199999991266,-14.61770000000064,0.0,0.0,0.0,0.0,0.0,0.0,0.0,0.0,0.0,0.0,0.0,3785.529999999228,-83.48819999996613,0.0,0.0,0.0,0.0,0.0,0.0,0.0,0.0,0.0,0.0,0.0,7388.629999999335,-42.01050000002067,0.0,0.0,0.0,0.0,0.0,0.0,0.0,0.0,0.0,999.0000000007676,999.0000000007676,1.0000000000000675,-136.30174036582414,gaze,0.5256109004759366,0.5161675174412387,-103.69961260943722,-93.34556099595925,1185.6241903593725,-37.415334174880655,-16.819889723767282,-31.73001469261612,-0.0702852875071743,-0.06859186915596,1.0053196826124515,4.718268737948119,19.624754881860056,-12.4317359066565,-28.006251467060192,0.4458954281705004,0.4906698800898978,0.7590317582657039,5.521134466108303,-18.62202077575734,-15.663349894192276,-30.586124278213934,0.0628561969653609,0.1122143450784271,0.9243857485656982,4.904876385895682,216.35271896921404,False,-0.8794723721549152,imu,-0.6023398696000001,-9.5782207864,2.779616061600001,-0.02980017,4.979112049999999,-3.45152054,99.07663462298952,-38.02233019121387,133.635423784995,401.90133279271686,-9.917525010433168,False,-0.9743219621332816,-0.2251593082791651,521.819950008544,-51.83005072564047,67.83708719491202,514.9695581744515,False,inf
61.232014,-175832.4823709901,-529.1688437715281,523.3680554033463,-52.88245918537274,86.01432869523828,111.67989445360662,516.584113306697,-9928912.80046463,38.29211255488429,111.78252315996608,8854078966.606293,84.51666360386791,86.01432869523828,-9101083041569.242,54.03106199664673,-3.426943958967573,250.3130378590791,199.03305829485456,-184994.60900221395,-157.19415632475457,246.4868889450085,516.584113306697,-609981966222.4532,2066.718146124092,1052.638963896749,78.6950885384606,-4919771.236728296,3504225970848.3184,3.000000000001428,-0.857983000000127,-48433126.05316252,-23.97042875977764,401.9451574473769,-9.875584431647551,0.0,-2.1115091537263544e-19,0.0,2.08637032204158e-18,-718.7535207344072,2.157276270282536,-718.7535207344072,0.0,-888.2159586931191,0.0,0.0,2810.819999999112,-14.617700000000523,0.0,0.0,0.0,0.0,0.0,0.0,0.0,0.0,0.0,0.0,0.0,3785.529999999228,-83.48819999996567,0.0,0.0,0.0,0.0,0.0,0.0,0.0,0.0,0.0,0.0,0.0,7388.629999999248,-42.01050000002044,0.0,0.0,0.0,0.0,0.0,0.0,0.0,0.0,0.0,999.0000000007713,999.0000000007713,1.0000000000000675,-136.65701577185334,gaze,0.5254361177737166,0.5160721994946061,-103.99876744660595,-93.4547682014529,1185.6481905233748,-37.41135710353203,-16.817986942218006,-31.72784052435877,-0.0701146656238362,-0.0689347190768956,1.0053954888782024,4.719862055032667,19.62909216256408,-12.434634751334988,-28.00662833670821,0.4460640875358859,0.4910860657420832,0.7588459048044315,5.52556306732496,-17.45477198385418,-15.660060741322804,-30.5741184920182,0.0630792317712108,0.1121788005647429,0.9243886966169208,4.907257305948901,222.56599005347715,False,-0.8761704364403433,imu,-0.5218419253425233,-9.527279360588212,2.8705964745794064,0.6708781459412442,4.064471646863467,-3.2424754373595035,98.67078680000002,-38.47102120000001,134.7125704,401.9451574473769,-9.875584431647551,False,-0.9803179850090522,-0.1974250446822577,522.1533025683354,-51.92049008512404,64.94947561178834,516.584113306697,False,inf
61.23692,-176828.1050183513,-531.3336873867756,523.8686996001534,-52.96091197274421,86.34026221438737,112.17892368127814,518.8240120448504,-9986924.155939102,38.4667387780956,112.28200891923478,8908116427.36022,84.8471972877467,86.34026221438737,-9157104341892.162,54.190442405856274,-3.4421816884499927,250.9701215776525,199.7855764892892,-186041.24987440347,-157.858613850558,247.1342486208977,518.8240120448504,-613734518166.8422,2074.5187217859248,1057.1279995575212,79.02819135149042,-4948510.469177226,3525783299822.869,3.000000000001414,-0.8579830000001216,-48719028.1570678,-24.06957010008141,402.0059452570104,-9.817403381069028,0.0,-2.1206205281981792e-19,0.0,2.0953732195891486e-18,-721.667783378435,2.16619871934203,-721.667783378435,0.0,-891.810830079284,0.0,0.0,2810.819999999097,-14.617700000000411,0.0,0.0,0.0,0.0,0.0,0.0,0.0,0.0,0.0,0.0,0.0,3785.5299999991694,-83.48819999996522,0.0,0.0,0.0,0.0,0.0,0.0,0.0,0.0,0.0,0.0,0.0,7388.629999999248,-42.01050000002056,0.0,0.0,0.0,0.0,0.0,0.0,0.0,0.0,0.0,999.0000000007713,999.0000000007713,1.000000000000064,-137.14979054148432,gaze,0.5251874651158747,0.5159328832692939,-104.44599143638732,-93.56939429081352,1185.6743893646644,-37.40579514830758,-16.81541235165576,-31.724991225247432,-0.0698780449438849,-0.0694039845166597,1.0054981480882854,4.72205615619354,19.63496713588445,-12.438772802837276,-28.00751706731417,0.4462928875630355,0.4916508871050717,0.7585930593918933,5.531662561033947,-15.922889173875443,-15.655549415595486,-30.55785377717584,0.0633924633986926,0.1121319156086806,0.924391566084192,4.910547753037062,227.7304201644985,False,-0.8626741630738851,imu,-0.5933675776,-9.566257730400002,2.7778216032,0.0374920199999999,5.03145042,-3.13001341,99.07346362166162,-38.01567652360177,133.63640737530412,402.0059452570104,-9.817403381069028,False,-0.987327893861788,-0.1586935096418432,522.6172776420991,-52.04715484806633,60.83484721298585,518.8240120448504,False,inf
61.245372,-178553.9119608719,-535.079330865138,524.7346820692674,-53.09648415840456,86.90404991858742,113.04267987659809,522.6995687846145,-10087499.9477067,38.7690450942797,113.1465552644588,9001830125.48424,85.41892477683213,86.90404991858742,-9254263987445.912,54.465847884085605,-3.4685546132684664,252.10511219877927,201.0872189390637,-187855.48244428897,-159.0083719200165,248.2524581896251,522.6995687846145,-620242671615.8204,2088.011408540351,1064.8969321253885,79.60467018445843,-4998336.737742199,3563170761126.3594,3.000000000001464,-0.8579830000001358,-49214741.792634346,-24.241125761331134,402.1110929101351,-9.716746790968728,0.0,-2.136390189624563e-19,0.0,2.11095513278938e-18,-726.7102113840286,2.1816382588077152,-726.7102113840286,0.0,-898.030819013885,0.0,0.0,2810.819999999112,-14.617700000000523,0.0,0.0,0.0,0.0,0.0,0.0,0.0,0.0,0.0,0.0,0.0,3785.529999999213,-83.48819999996567,0.0,0.0,0.0,0.0,0.0,0.0,0.0,0.0,0.0,0.0,0.0,7388.629999999364,-42.01050000002124,0.0,0.0,0.0,0.0,0.0,0.0,0.0,0.0,0.0,999.0000000007894,999.0000000007894,1.0000000000000746,-138.00212313280275,gaze,0.524740459549004,0.515672573547851,-105.2445711638904,-93.66899901908036,1185.6977157576466,-37.39605609861504,-16.811135718914624,-31.7205153643632,-0.0694688928061469,-0.0701985350407169,1.0056689276049735,4.725807690592526,19.644713038791945,-12.446234540736809,-28.010044857641542,0.4466745733274795,0.4925938629535661,0.7581692289122215,5.542094378167966,-13.571764870814093,-15.64788596094296,-30.53078393423897,0.0639447146201659,0.1120573754289724,0.9243932240407664,4.916206097234815,221.8011470245425,False,-0.8147021084069109,imu,-0.5837971328000001,-9.580613397600002,2.7802142144,-0.05970781,4.92677368,-3.07019813,99.0704402516686,-38.00904707959514,133.6376420373744,402.1110929101351,-9.716746790968728,False,-0.9958379704030708,-0.0911413007559844,523.4243613267487,-52.26939979044359,53.43219668071323,522.6995687846145,False,inf
61.245749,-178631.2035826368,-535.2468796070162,524.7734118362105,-53.10254357572285,86.92926472691768,113.0813267925181,522.8729302653448,-10092004.880481243,38.78257263094844,113.185237532511,9006028507.88727,85.44449416416663,86.92926472691768,-9258616910853.229,54.47815670637844,-3.469734564380004,252.1558260367476,201.14543247013745,-187936.7340093446,-159.05980554051237,248.3024226698616,522.8729302653448,-620534247628.0084,2088.614841122608,1065.2445063436328,79.63046113875919,-5000568.536510121,3564845780965.1875,3.000000000001449,-0.8579830000001287,-49236946.62465626,-24.24880031320172,402.11579549987255,-9.712244527971848,0.0,-2.1370957407204013e-19,0.0,2.111652283833721e-18,-726.9357712431462,2.1823289474449106,-726.9357712431462,0.0,-898.3090519768637,0.0,0.0,2810.8199999991048,-14.617700000000523,0.0,0.0,0.0,0.0,0.0,0.0,0.0,0.0,0.0,0.0,0.0,3785.529999999213,-83.48819999996545,0.0,0.0,0.0,0.0,0.0,0.0,0.0,0.0,0.0,0.0,0.0,7388.629999999306,-42.0105000000209,0.0,0.0,0.0,0.0,0.0,0.0,0.0,0.0,0.0,999.0000000007858,999.0000000007858,1.000000000000071,-138.04024131409864,gaze,0.542511459497297,0.5851955479998082,-105.0709563146147,-93.28328105232902,1185.444395444913,-37.0312142558777,-17.12579417361473,-31.97851548923931,-0.0556927313623476,-0.0623373682737691,0.9965000613096328,4.572467803955078,19.57330633100514,-12.83459139786077,-28.04524003765863,0.4151454415544493,0.4475858958116457,0.7920360649787661,5.549622535705566,-14.351678840133935,-15.449134539928954,-30.31124308394292,0.1218505436544769,0.1355623317750219,0.9241105352498042,4.942414181851919,220.65865784951643,False,-1.0,imu,-0.51943119574208,-9.527195996121549,2.871798891800331,0.7220315261487685,4.067744917211588,-3.166474541547732,99.07030880024632,-38.0087519434761,133.63770274913568,402.11579549987255,-9.712244527971848,False,-0.9949450922958946,-0.1004204327630275,523.4605945626654,-52.27942766269372,54.53750718818039,522.872930265345,False,inf
61.253824,-180293.14882697928,-538.8453870703962,525.6050812484382,-53.2325823638173,87.47072363067696,113.91156046907948,526.5963105610338,-10188882.823971272,39.07320904152492,114.01623063296512,9096330858.402529,85.99355640973621,87.47072363067696,-9352246599725.496,54.74230193265061,-3.495081897472951,253.24387273976603,202.3954792691597,-189683.82150414263,-160.1645277502405,249.3744015690777,526.5963105610338,-626805919056.7782,2101.572580667684,1072.7106653634455,80.18446781362717,-5048563.24627172,3600874716652.658,3.0000000000014566,-0.8579830000001252,-49714481.322615534,-24.41364165060036,402.2167775433518,-9.615553344041588,0.0,-2.1522521809735293e-19,0.0,2.1266282766598e-18,-731.7802847677928,2.197164216009787,-731.7802847677928,0.0,-904.2848227806908,0.0,0.0,2810.819999999083,-14.617700000000523,0.0,0.0,0.0,0.0,0.0,0.0,0.0,0.0,0.0,0.0,0.0,3785.5299999992,-83.48819999996522,0.0,0.0,0.0,0.0,0.0,0.0,0.0,0.0,0.0,0.0,0.0,7388.629999999219,-42.0105000000209,0.0,0.0,0.0,0.0,0.0,0.0,0.0,0.0,0.0,999.0000000007894,999.0000000007894,1.0000000000000675,-138.8587548376219,gaze,0.5242698524369077,0.5153865209942552,-105.95821090923776,-93.648782950968,1185.6917240576656,-37.38612684708111,-16.80706171548407,-31.716588228941625,-0.0690578699582068,-0.0709753938378757,1.0058319595521985,4.729522613554325,19.653929053983152,-12.4540944212274,-28.013823981894483,0.4470402734739584,0.4934984627170848,0.7577604397697811,5.55242776741885,-11.65522024611017,-15.64036249705563,-30.50492916302933,0.0645128378918623,0.1119907085844389,0.9243907364116364,4.921850435338012,193.89889004238765,False,-0.735350045998153,imu,-0.5826008272000001,-9.5818097032,2.7951680344,0.0374920199999999,5.17351171,-2.95804448,99.06756233623956,-38.00244215796453,133.63911455963355,402.2167775433518,-9.615553344041588,False,-0.9997399232570016,-0.0228053907242173,524.2415823185065,-52.49645759988439,45.65257528087086,526.5963105610339,False,inf
61.262276,-182045.89373943827,-542.6319367054482,526.4799144816534,-53.36920812647128,88.04029424832692,114.7855876093932,530.5143197472231,-10291077.627399445,39.379238983373234,114.89105719479112,9191623572.999218,86.5711025761319,88.04029424832692,-9451057395726.455,55.01980728317045,-3.521764187139378,254.38641010573463,203.71038226806428,-191526.34904564347,-161.3271069216986,250.50008573835103,530.5143197472231,-633424609544.1525,2115.202494257767,1080.5693892371737,80.76759816043293,-5099192.399735479,3638897171558.311,3.000000000001464,-0.8579830000001252,-50218271.21338025,-24.58712173545617,402.3230009513545,-9.513821140228345,0.0,-2.168206901422689e-19,0.0,2.1423930456255144e-18,-736.8781157070623,2.212776948017148,-736.8781157070623,0.0,-910.5729789917964,0.0,0.0,2810.819999999097,-14.617700000000411,0.0,0.0,0.0,0.0,0.0,0.0,0.0,0.0,0.0,0.0,0.0,3785.5299999991694,-83.48819999996499,0.0,0.0,0.0,0.0,0.0,0.0,0.0,0.0,0.0,0.0,0.0,7388.629999999219,-42.0105000000209,0.0,0.0,0.0,0.0,0.0,0.0,0.0,0.0,0.0,999.0000000007822,999.0000000007822,1.000000000000064,-139.71970239763513,gaze,0.5237756176086535,0.5150746638257285,-106.45287971621356,-93.51504941367196,1185.6577242301487,-37.37601720338846,-16.803192181608818,-31.713210639836355,-0.0686450162140928,-0.0717344383837628,1.0059871840115642,4.733200209989152,19.662550034557285,-12.462326052790951,-28.018837134760187,0.4473897773859553,0.4943643482438494,0.757366862801807,5.562660594023942,-10.206774456219662,-15.632982028891982,-30.48029802651666,0.0650967170258473,0.1119318975476481,0.9243841182177476,4.92747978733725,148.90727101539508,False,-0.6253358394167684,imu,-0.5820026744000001,-9.6051376624,2.7981587984,0.0449689299999999,5.30061918,-2.95804448,99.0648275323964,-37.995862057642576,133.64081163590163,402.3230009513545,-9.513821140228345,False,-0.9989414600909378,0.0459995577303257,525.069303671927,-52.72797014920933,37.52212946943979,530.5143197472231,False,inf
61.26573,-182766.07781608336,-544.1852679819167,526.8387046989101,-53.425193906269385,88.27389170587907,115.1442546008264,532.1215965343895,-10333075.446082115,39.50484041584446,115.250052219963,9230795062.82308,86.80796428248786,88.27389170587907,-9491677069852.5,55.13351603672647,-3.5327129547611382,254.8544088803501,204.24964912517584,-192283.42049992227,-161.80406207554591,250.9611869194454,532.1215965343895,-636145447290.5887,2120.7923492108293,1083.7939343702362,81.00686308760922,-5119998.9954271205,3654527592929.0137,3.0000000000014566,-0.8579830000001323,-50425321.82615395,-24.658294668978847,402.3665657727525,-9.472091678040726,0.0,-2.1747537510876885e-19,0.0,2.148861950720632e-18,-738.969414223293,2.219182316855028,-738.969414223293,0.0,-913.1525631789464,0.0,0.0,2810.819999999097,-14.617700000000582,0.0,0.0,0.0,0.0,0.0,0.0,0.0,0.0,0.0,0.0,0.0,3785.529999999184,-83.48819999996499,0.0,0.0,0.0,0.0,0.0,0.0,0.0,0.0,0.0,0.0,0.0,7388.629999999277,-42.01050000002101,0.0,0.0,0.0,0.0,0.0,0.0,0.0,0.0,0.0,999.0000000007968,999.0000000007968,1.0000000000000675,-140.0727839253873,gaze,0.5432199715254277,0.585535309430074,-106.8319479057912,-93.73607722292232,1185.336508402789,-37.02520857453715,-17.13202411780712,-31.95834148621528,-0.0571390758286647,-0.062702897185695,0.996395239198766,4.570237636566162,19.48666663163221,-12.75744608111196,-28.28163835582276,0.4394086154615662,0.4556620976608717,0.7741396007267964,5.583976268768311,-8.696300641303429,-15.01661100016722,-29.93064792693957,0.1709426893719497,0.1867486045754109,0.9018136565149324,5.042093079709585,128.92006021002774,False,-1.0,imu,-0.5158748423519158,-9.527120773165068,2.8733705429251186,0.8055389118774751,4.069994639843488,-3.059488392789703,99.06375054449371,-37.993180242914434,133.641566706116,402.3665657727525,-9.472091678040726,False,-0.9971784586558298,0.0750674469579427,525.4106630557807,-52.82377386545905,33.99275737750554,532.1215965343895,False,inf
61.270728,-183812.2251229757,-546.4390606796826,527.359199158609,-53.50636298686919,88.61277269624847,115.6647835103786,534.4536789223582,-10394089.219979765,39.68714330788115,115.77105718219477,9287713236.843864,87.15157368869723,88.61277269624847,-9550701614445.623,55.29836667129837,-3.5486021300728536,255.53273119962543,205.0319527853108,-193383.1473771311,-162.49613508057917,251.62951767510867,534.4536789223582,-640099093603.5812,2128.9014060300256,1088.4732942383037,81.35407518403778,-5150226.61271321,3677240139451.121,3.000000000001471,-0.8579830000001287,-50726136.03019878,-24.761569994240865,402.42976493223614,-9.411548275495988,0.0,-2.18425475128308e-19,0.0,2.1582498352315588e-18,-742.0038166796421,2.2284768128684345,-742.0038166796421,0.0,-916.8954256267256,0.0,0.0,2810.8199999991048,-14.617700000000582,0.0,0.0,0.0,0.0,0.0,0.0,0.0,0.0,0.0,0.0,0.0,3785.5299999992,-83.48819999996476,0.0,0.0,0.0,0.0,0.0,0.0,0.0,0.0,0.0,0.0,0.0,7388.629999999248,-42.01050000002135,0.0,0.0,0.0,0.0,0.0,0.0,0.0,0.0,0.0,999.000000000804,999.000000000804,1.0000000000000675,-140.58498259844242,gaze,0.5232577341123624,0.5147369458164748,-106.6414214371682,-93.27492082925492,1185.600092050896,-37.36573696326124,-16.799528907131492,-31.71038312373157,-0.06823037234768,-0.0724755505720293,1.00613454277869,4.736839777517116,19.67050916400963,-12.47090338523109,-28.02506092612801,0.4477228758479841,0.4951911882414268,0.7569886667063439,5.572790738949058,-9.212053562514232,-15.625747597317329,-30.456893567028896,0.0656962323697395,0.1118809232101547,0.924373385531566,4.933093176518181,98.2391165316596,False,-0.4862488497562334,imu,-0.5885823552,-9.6075302736,2.804140326400001,0.14216876,5.34548064,-2.90570611,99.06223333642548,-37.98930707776782,133.6427198750487,402.42976493223614,-9.411548275495988,False,-0.9933714906390836,0.1149481691262866,525.9078677164435,-52.96354990211357,29.06973493391682,534.4536789223582,False,inf
61.27918,-185592.22170486423,-550.2668401092413,528.2429527148288,-53.644048488528654,89.1881699262268,116.54917044713024,538.4144708719335,-10497922.483056068,39.99693042765518,116.65625288974094,9384604838.234674,87.73498018313883,89.1881699262268,-9651184516927.535,55.57798283672392,-3.5755963758099383,256.6828429221687,206.3602157315541,-195254.29912421724,-163.67163793887403,252.7627043555554,538.4144708719335,-646829723235.0052,2142.669573334243,1096.4225713855433,81.9439128813801,-5201668.309414018,3715905642407.965,3.000000000001478,-0.8579830000001323,-51238100.43744293,-24.936990416086548,402.5370712874892,-9.308732841834969,0.0,-2.2003961320007683e-19,0.0,2.1741990421444856e-18,-747.1575004642102,2.244264169573335,-747.1575004642102,0.0,-923.2523010329242,0.0,0.0,2810.8199999990684,-14.617700000000468,0.0,0.0,0.0,0.0,0.0,0.0,0.0,0.0,0.0,0.0,0.0,3785.5299999991257,-83.48819999996431,0.0,0.0,0.0,0.0,0.0,0.0,0.0,0.0,0.0,0.0,0.0,7388.629999999219,-42.01050000002124,0.0,0.0,0.0,0.0,0.0,0.0,0.0,0.0,0.0,999.000000000804,999.000000000804,1.000000000000064,-141.4546122696076,gaze,0.5227161862667786,0.5143733163547807,-106.52731961509402,-92.9352622525274,1185.5255794703685,-37.35529590610221,-16.796073630786,-31.70810591709717,-0.0678139801027536,-0.073198616766495,1.0062739793852946,4.740440626677177,19.677737896929163,-12.479800743385356,-28.032466245456565,0.4480393610732655,0.4959786583695614,0.7566260180089108,5.582816099288154,-8.620120608548762,-15.618662276873016,-30.434713636266515,0.0663112607922819,0.1118377648740549,0.924358555483865,4.938689629615085,54.85811498682273,False,-0.320449293493596,imu,-0.5790119104,-9.591380148,2.812514465600001,-0.02232326,5.27071154,-3.01038285,99.05977708934871,-37.98277751772839,133.6448258106526,402.5370712874892,-9.308732841834969,False,-0.9829812867980228,0.1837057152211208,526.7575935322589,-53.202780884058,20.327007943202062,538.4144708719335,False,inf
61.285822,-187000.6715517698,-553.2894456813312,528.9405972299182,-53.75262193257663,89.6424008289573,117.2478226081331,541.5421508025822,-10580099.563824654,40.241703144584434,117.35554392263784,9461313041.45875,88.19551647175047,89.6424008289573,-9730740905854.703,55.79846239444328,-3.5969198931011834,257.58932204412537,207.4087428850521,-196734.8686868293,-164.59996639640028,253.6558578105968,541.5421508025822,-652158613064.5065,2153.538045767076,1102.7014695153175,82.40980388645696,-5242381.259954046,3746518555837.627,3.000000000001485,-0.8579830000001358,-51643320.24630012,-25.0755292446299,402.6217796959591,-9.227553415599688,0.0,-2.213146721326563e-19,0.0,2.1867978272752525e-18,-751.2272296436478,2.2567322839552566,-751.2272296436478,0.0,-928.2720976111592,0.0,0.0,2810.819999999083,-14.617700000000468,0.0,0.0,0.0,0.0,0.0,0.0,0.0,0.0,0.0,0.0,0.0,3785.5299999991694,-83.48819999996408,0.0,0.0,0.0,0.0,0.0,0.0,0.0,0.0,0.0,0.0,0.0,7388.629999999248,-42.01050000002135,0.0,0.0,0.0,0.0,0.0,0.0,0.0,0.0,0.0,999.000000000804,999.000000000804,1.0000000000000675,-142.1410733508894,gaze,0.5430059182905905,0.5852631926272774,-106.30045311033848,-93.36413468429772,1185.3902824897712,-37.02323554321398,-17.131989076527198,-31.95799194279768,-0.0567056451237874,-0.0623984788602495,0.9964389689170584,4.57406706023678,19.47013145479075,-12.742012338774646,-28.331969877290906,0.4446013673978224,0.4568798880910728,0.7704208922081838,5.59254124807631,-8.726178788318505,-14.98621752790934,-30.008695117656828,0.1793197108945565,0.1909952836077649,0.8949731301604247,5.057627192019775,30.49306254495706,False,-1.0,imu,-0.5122410628615677,-9.527100068283923,2.874738179360394,0.897832303263549,4.068720835868733,-2.956731293124065,99.05794182300576,-37.977664298693576,133.64661066794065,402.6217796959591,-9.227553415599688,False,-0.9706140639571292,0.240641515222594,527.4333745042767,-53.393054615778205,12.83280531458675,541.5421508025822,False,inf
61.287632,-187385.9625155044,-554.1153563172794,529.131192631703,-53.7822661779885,89.76649691715465,117.4387707570832,542.3967785880133,-10602582.317368984,40.30860877988715,117.54666667438713,9482303386.241743,88.32133251821563,89.76649691715465,-9752511386310.748,55.85865852317502,-3.60274757562089,257.8367521718566,207.6951960786461,-197139.8872303961,-164.85364127446087,253.89965275441165,542.3967785880133,-653616851915.7651,2156.50725415134,1104.4174122252937,82.53712528722447,-5253519.923695475,3754895710992.5625,3.000000000001464,-0.8579830000001323,-51754189.19878576,-25.11338700092977,402.6449218220305,-9.20537292725612,0.0,-2.216631446158449e-19,0.0,2.190241064153943e-18,-752.3392801407228,2.2601393781138985,-752.3392801407228,0.0,-929.6437439262507,0.0,0.0,2810.819999999032,-14.617700000000411,0.0,0.0,0.0,0.0,0.0,0.0,0.0,0.0,0.0,0.0,0.0,3785.52999999914,-83.48819999996363,0.0,0.0,0.0,0.0,0.0,0.0,0.0,0.0,0.0,0.0,0.0,7388.629999999161,-42.01050000002101,0.0,0.0,0.0,0.0,0.0,0.0,0.0,0.0,0.0,999.0000000008004,999.0000000008004,1.0000000000000604,-142.3286082847172,gaze,0.5221509637128365,0.5139837305001187,-106.24846100049818,-92.50160490892804,1185.4426249779815,-37.34470379262972,-16.792828039490946,-31.70637897014382,-0.0673958822030724,-0.0739035278532928,1.006405439121287,4.744002081136092,19.6841658996961,-12.488992860837394,-28.04101862614089,0.4483390267314031,0.4967264413330057,0.7562790810291671,5.592734588662994,-8.355077180871826,-15.61172917354561,-30.4137512253169,0.0669416756689134,0.1118024002435408,0.9243396462705116,4.944268176964427,28.214375723553232,False,-0.1309654832902224,imu,-0.5718340768000001,-9.5536965216,2.808327396000001,-0.08213854,5.136127159999999,-3.18235178,99.05745598239535,-37.97627367720575,133.64711591065674,402.6449218220305,-9.20537292725612,False,-0.967745566037448,0.2519295921777739,527.6187744413376,-53.4452198644769,11.328303992403525,542.3967785880134,False,inf
61.296084,-189193.52688900105,-557.9846908342095,530.0239364365543,-53.92101760480932,90.3477646750634,118.33360684009534,546.4006852694718,-10708073.64309311,40.62218682638813,118.4423209555656,9580813910.749905,88.91064117575964,90.3477646750634,-9854687527873.848,56.14039647841896,-3.63005638251181,258.99446584491113,209.0369188597053,-199039.99495764845,-166.04217093118123,255.04036984488164,546.4006852694718,-660460834603.6755,2170.4147070940867,1112.4580088323366,83.13372647420925,-5305783.899082705,3794212384273.162,3.000000000001492,-0.8579830000001252,-52274427.17739919,-25.29076375952528,402.75331834420285,-9.101466615787274,0.0,-2.232961097476974e-19,0.0,2.2063763001741853e-18,-757.5492690907939,2.2761027994457823,-757.5492690907939,0.0,-936.0698933914416,0.0,0.0,2810.8199999990684,-14.617700000000468,0.0,0.0,0.0,0.0,0.0,0.0,0.0,0.0,0.0,0.0,0.0,3785.52999999914,-83.48819999996363,0.0,0.0,0.0,0.0,0.0,0.0,0.0,0.0,0.0,0.0,0.0,7388.629999999219,-42.01050000002124,0.0,0.0,0.0,0.0,0.0,0.0,0.0,0.0,0.0,999.0000000008148,999.0000000008148,1.000000000000064,-143.20698756143474,gaze,0.5215620614652309,0.5135681490402494,-106.1129095741147,-91.97706973240528,1185.3606639663972,-37.33397036251479,-16.789793767643015,-31.70520195077806,-0.0669761223624339,-0.0745901792930105,1.0065288690568563,4.747523477897354,19.689720991179435,-12.49845491362906,-28.05067860987955,0.4486216679760579,0.4974342269743496,0.7559480178475774,5.602544137622771,-8.327664969875459,-15.604951422536198,-30.3939947946688,0.0675873468673371,0.1117748054164553,0.9243166771592553,4.949827852658395,19.48593830894768,False,0.078608931206935,imu,-0.5873860496000001,-9.520199964800002,2.8256738272,-0.09709236,4.89686604,-3.58610492,99.05526706247356,-37.96979585621842,133.64957658702798,402.75331834420285,-9.101466615787274,False,-0.9476634870773666,0.3192709120173116,528.4916755303173,-53.690397754801445,2.110701993881518,546.4006852694718,False,inf
61.304536,-191014.99446375392,-561.8749253979789,530.9212017026839,-54.06030432157706,90.93198423315916,119.23370115853696,550.4262743222625,-10814401.399877071,40.937673053625154,119.34323821527325,9680141462.502342,89.50291666070217,90.93198423315916,-9957718269082.225,56.42319945426567,-3.657523451227013,260.1559908352594,210.38540916919823,-200954.70588705945,-167.23725281892823,256.18486259863187,550.4262743222625,-667362027740.1494,2184.392191407944,1120.5445538105907,83.73373055289949,-5358462.688787682,3833857709840.479,3.0000000000015348,-0.8579830000001323,-52798839.33615644,-25.46912471346147,402.86226266573067,-8.997011987468284,0.0,-2.2493854908170235e-19,0.0,2.2226051502457253e-18,-762.7875809981214,2.2921547954996333,-762.7875809981214,0.0,-942.5308888826296,0.0,0.0,2810.819999999054,-14.617700000000523,0.0,0.0,0.0,0.0,0.0,0.0,0.0,0.0,0.0,0.0,0.0,3785.529999999155,-83.48819999996385,0.0,0.0,0.0,0.0,0.0,0.0,0.0,0.0,0.0,0.0,0.0,7388.629999999248,-42.01050000002158,0.0,0.0,0.0,0.0,0.0,0.0,0.0,0.0,0.0,999.0000000008222,999.0000000008222,1.000000000000064,-144.08976706156275,gaze,0.5209494799639833,0.5131265385483227,-106.521345081411,-91.36129090329598,1185.289439095811,-37.32310533201807,-16.786972396410338,-31.704574248557503,-0.0665547452947357,-0.0752584711728378,1.0066442180645585,4.751004167510153,19.694329083434543,-12.508162553972694,-28.06140211104184,0.4488870814726243,0.4981017123668531,0.7556329882720763,5.612242694043817,-8.446867330643073,-15.598332186029518,-30.37542860422655,0.0682481407330953,0.111754954875847,0.924289668496514,4.955367694698492,21.160357531197853,False,0.3042177225656863,imu,-0.6178918424000002,-9.5339574792,2.843020258400001,0.0300151099999999,4.91181986,-3.77302767,99.05320723764176,-37.96334435516573,133.65219420541445,402.86226266573067,-8.997011987468284,False,-0.92275954668396,0.3853762045114006,529.3765312228702,-53.93782122563207,7.286027872868122,550.4262743222625,False,inf
61.305802,-191289.02884274576,-562.4594368798782,531.0559908412743,-54.08121385619336,91.01974761355432,119.3689777997708,551.0311276215435,-10830400.251226902,40.98509364080671,119.47863853208683,9695090109.940966,89.59188797569536,91.01974761355432,-9973224858840.572,56.46565155346839,-3.661651330610525,260.3303008408177,210.58797984537452,-201242.76743366665,-167.4168264137706,256.3566183306205,551.0311276215435,-668400685531.9697,2186.491883848373,1121.7597819855846,83.8238972844243,-5366389.160555817,3839824493054.008,3.000000000001513,-0.8579830000001323,-52877750.46785183,-25.49592587081052,402.8786283962163,-8.981318703537966,0.0,-2.251853835383338e-19,0.0,2.225044107536681e-18,-763.5746581596317,2.2945668260483707,-763.5746581596317,0.0,-943.5016714953844,0.0,0.0,2810.819999999061,-14.617700000000582,0.0,0.0,0.0,0.0,0.0,0.0,0.0,0.0,0.0,0.0,0.0,3785.529999999155,-83.48819999996408,0.0,0.0,0.0,0.0,0.0,0.0,0.0,0.0,0.0,0.0,0.0,7388.629999999248,-42.010500000021466,0.0,0.0,0.0,0.0,0.0,0.0,0.0,0.0,0.0,999.0000000008222,999.0000000008222,1.0000000000000604,-144.22237594243936,gaze,0.5427930582651056,0.584992592700945,-105.7719210571262,-92.99426548652166,1185.443756820744,-37.02127351027366,-17.13195423057991,-31.9576443478602,-0.0562746305168074,-0.0620957574715178,0.9964824548702478,4.577875137329102,19.45368845094383,-12.72666462964169,-28.38202083284202,0.4497651730760205,0.4580908901215033,0.7667229131019798,5.601058483123779,-8.750706222537584,-14.961550985271108,-30.07453854577824,0.1864085411434209,0.1942834757768529,0.8893276874264068,5.070692853529454,24.838068036793203,True,2.0,imu,-0.5085717054313205,-9.527133947522122,2.8758862235080365,0.9950689753698472,4.063337483143525,-2.859911537883151,99.05290962185512,-37.96238028897546,133.6525989620335,402.8786283962163,-8.981318703537966,False,-0.9162820110125544,0.4005337392714738,529.5101134413987,-53.97504387666001,9.493241230072169,551.0311276215435,False,inf
61.312988,-192850.4451830329,-565.7861419543148,531.823006049447,-54.20012788390625,91.51916665185404,120.13907623737316,554.4736293596586,-10921570.546880243,41.25507597275528,120.24944099815367,9780291113.143469,90.09816950109496,91.51916665185404,-10061608959634.031,56.707070206568815,-3.685149438251176,261.3213340345027,211.74069216300924,-202884.10391942284,-168.43891291372466,257.33313798576046,554.4736293596586,-674320789253.2732,2198.439966971783,1128.6772402937986,84.3371516718343,-5411558.75572828,3873833743825.332,3.000000000001513,-0.8579830000001358,-53327450.73782926,-25.648473895174146,402.97175660179073,-8.892007118348374,0.0,-2.265905032180642e-19,0.0,2.2389280155368485e-18,-768.05432984887,2.308295729182333,-768.05432984887,0.0,-949.0268702238112,0.0,0.0,2810.819999999032,-14.617700000000411,0.0,0.0,0.0,0.0,0.0,0.0,0.0,0.0,0.0,0.0,0.0,3785.5299999991257,-83.48819999996294,0.0,0.0,0.0,0.0,0.0,0.0,0.0,0.0,0.0,0.0,0.0,7388.629999999248,-42.01050000002158,0.0,0.0,0.0,0.0,0.0,0.0,0.0,0.0,0.0,999.0000000008222,999.0000000008222,1.0000000000000604,-144.97696379109738,gaze,0.5203132251260127,0.5126588714399816,-107.69993643741456,-90.64933938620712,1185.2383106582483,-37.3121183916269,-16.7843654530259,-31.704494978645883,-0.0661317967240408,-0.0759083082587085,1.0067514368414074,4.754443514278316,19.69791412240072,-12.518091943963189,-28.073140781034827,0.4491350654259065,0.498728601907277,0.7553341498047346,5.621828223529223,-8.631457485326127,-15.591874650963234,-30.35803304332456,0.0689239200751374,0.1117428214815246,0.9242586417141632,4.9608867451490575,23.91728469805016,True,0.5414448447673751,imu,-0.6346401208000001,-9.564463272,2.835244272,0.25432241,4.94920441,-3.8702275,99.0512732825801,-37.95691947487148,133.65495509480317,402.97175660179073,-8.892007118348374,False,-0.8930843664131227,0.4498892246636624,530.2735429199478,-54.18697454507887,16.819474658970254,554.4736293596586,False,inf
61.321441,-194700.1789564088,-569.7188891550295,532.729474648906,-54.34050648931213,92.10939301965422,121.0498627260057,558.5433169473051,-11029598.892962933,41.57444201527468,121.16106007211924,9881279951.498552,90.69648120629763,92.10939301965422,-10166377417143.217,56.992045271557984,-3.712938298733179,262.49064088884046,213.10295462011968,-204828.5041778933,-169.64732060560067,258.48533950604576,558.5433169473051,-681338312183.3429,2212.559968895726,1136.857232397822,84.94407602099697,-5465080.929213779,3914147339830.834,3.000000000001528,-0.8579830000001358,-53860349.83878992,-25.828836743961944,403.0818150237119,-8.786437558737418,0.0,-2.2825221002007454e-19,0.0,2.25534724636124e-18,-773.3502581402595,2.3245278899595783,-773.3502581402595,0.0,-955.5587524223204,0.0,0.0,2810.81999999904,-14.617700000000356,0.0,0.0,0.0,0.0,0.0,0.0,0.0,0.0,0.0,0.0,0.0,3785.529999999111,-83.48819999996272,0.0,0.0,0.0,0.0,0.0,0.0,0.0,0.0,0.0,0.0,0.0,7388.62999999919,-42.01050000002169,0.0,0.0,0.0,0.0,0.0,0.0,0.0,0.0,0.0,999.0000000008258,999.0000000008258,1.0000000000000675,-145.86870055680677,gaze,0.5196532289191983,0.512165066069288,-109.48337135909716,-89.8305426795574,1185.2155662091914,-37.301017884228976,-16.78197414001435,-31.70496307346648,-0.06570727308466,-0.0765396736381998,1.0068504891633816,4.757841295924258,19.70039825419333,-12.528220998407754,-28.08584393026505,0.449365445811282,0.4993146743120321,0.7550516251584762,5.631299823425444,-8.819283262363635,-15.585581292168223,-30.3417831052266,0.0696146267353376,0.1117383763893948,0.9242236149571652,4.966384699381524,23.38727127415505,True,0.7856463031106435,imu,-0.6334438152,-9.573435564,2.8484036336,0.11973803,5.07631188,-3.9449966,99.04946163685418,-37.95052076125684,133.65784590628874,403.0818150237119,-8.786437558737418,False,-0.8587110179632275,0.5124601327211296,531.182985049473,-54.43735130768495,26.44579997682329,558.5433169473051,False,inf
61.325894,-195680.2941418333,-571.7991425233882,533.2088369226149,-54.41467436951677,92.4215214832372,121.53180163605823,560.6960264526366,-11086849.853590488,41.74345984148615,121.64343951460869,9934814857.985916,91.0128744187377,92.4215214832372,-10221918841710.371,57.14260033275441,-3.7276417507401214,263.1081671281583,213.82333903156783,-205858.77533040752,-170.2865694014096,259.093840485872,560.6960264526366,-685058533374.3472,2220.0267862896176,1141.1851172161746,85.26518589463629,-5493445.83927509,3935518909471.01,3.000000000001513,-0.8579830000001323,-54142786.35902914,-25.92425154439041,403.1400157052294,-8.730601255294516,0.0,-2.2913144675211763e-19,0.0,2.2640349347264026e-18,-776.1516513848989,2.3331149597471805,-776.1516513848989,0.0,-959.013893790119,0.0,0.0,2810.8199999990247,-14.617700000000411,0.0,0.0,0.0,0.0,0.0,0.0,0.0,0.0,0.0,0.0,0.0,3785.5299999991257,-83.48819999996272,0.0,0.0,0.0,0.0,0.0,0.0,0.0,0.0,0.0,0.0,0.0,7388.62999999919,-42.01050000002192,0.0,0.0,0.0,0.0,0.0,0.0,0.0,0.0,0.0,999.0000000008258,999.0000000008258,1.0000000000000675,-146.34025269984053,gaze,0.5452921529336995,0.5810403281482427,-111.9803143281148,-87.42495373249093,1185.471762114407,-36.99619900021145,-17.15103825965077,-31.8970696810734,-0.0613769256766893,-0.0575214746233249,0.996455795784056,4.572132110595703,19.44712956195151,-12.7058544634111,-28.43528920094922,0.4558009750695318,0.4602752805017458,0.7618347178257917,5.627392768859863,-8.76662084537905,-14.943936876897988,-30.12257212517494,0.1917532564051093,0.1971438075772282,0.884742670892128,5.0821371053216655,18.986834945379243,True,2.0,imu,-0.5048272306512912,-9.52722257900096,2.876827319694093,1.095559165722448,4.053189360459195,-2.7684650723186697,99.0485553798028,-37.94716088112635,133.65941624571585,403.1400157052294,-8.730601255294516,False,-0.8354290967227227,0.5495982390338015,531.6670765269656,-54.56954167532274,32.343061705985626,560.6960264526367,False,inf
61.329893,-196563.838695168,-573.67231887293,533.6404107417957,-54.48140848571552,92.70253480361164,121.96586778282176,562.6344582243555,-11138465.87715006,41.89570417990236,122.07790241835067,9983089197.448883,91.29772078973672,92.70253480361164,-10272004247978.195,57.27805998767138,-3.7408841177995096,263.6636416250164,214.4718995074161,-206787.5311631176,-170.86221609351475,259.6412015134206,562.6344582243555,-688413297114.0515,2226.749117527348,1145.0827889316945,85.55437422667755,-5519019.028402543,3954791033033.168,3.000000000001549,-0.8579830000001358,-54397435.81950256,-26.01017464011832,403.1924137135875,-8.680326354512715,0.0,-2.2992331715691845e-19,0.0,2.271859361358031e-18,-778.6742274466129,2.340847802162631,-778.6742274466129,0.0,-962.1251305982838,0.0,0.0,2810.819999999032,-14.617700000000356,0.0,0.0,0.0,0.0,0.0,0.0,0.0,0.0,0.0,0.0,0.0,3785.5299999991257,-83.48819999996181,0.0,0.0,0.0,0.0,0.0,0.0,0.0,0.0,0.0,0.0,0.0,7388.6299999991315,-42.01050000002192,0.0,0.0,0.0,0.0,0.0,0.0,0.0,0.0,0.0,999.0000000008332,999.0000000008332,1.0000000000000675,-146.76478346788545,gaze,0.5189696645276486,0.5116452235425117,-111.43422210372113,-88.88780788200243,1185.2277383604192,-37.28981606903047,-16.779800440545333,-31.70597700035253,-0.0652813225992571,-0.0771523322004407,1.0069413060022747,4.761196100905604,19.701700718830857,-12.538524601540216,-28.09945276602721,0.4495779694673604,0.4998595102100129,0.7547856339845694,5.640653254789046,-8.96867562733128,-15.579456828738929,-30.326656270169007,0.0703199529688867,0.1117415902360745,0.9241846201384792,4.971859307124164,20.06722425077655,True,1.031936432506371,imu,-0.6322475096000001,-9.580613397600002,2.8484036336,0.17955331,5.27071154,-4.04219643,99.04776925309233,-37.94415003010657,133.6608522391838,403.1924137135875,-8.680326354512715,False,-0.8197523818459321,0.5727181090710518,532.1047710894098,-54.68833808248744,36.11526435416979,562.6344582243555,False,inf
61.333607,-197387.2668589273,-575.4162542949362,534.0421479399884,-54.5434951809608,92.96412163465638,122.37007135268594,564.4391566468979,-11186575.03388834,42.037487824820914,122.48247543598552,10028091025.751268,91.56287008060836,92.96412163465638,-10318695829566.943,57.40408147509546,-3.753214989001029,264.1802983484528,215.07561558106872,-207653.0920305733,-171.39817228380912,260.1503159118116,564.4391566468979,-691540732934.902,2233.0066128380827,1148.71204987208,85.82364638095758,-5542854.824085301,3972757224057.76,3.000000000001563,-0.8579830000001394,-54634794.05859203,-26.09017475429368,403.24118872029794,-8.633522954704347,0.0,-2.306606848786056e-19,0.0,2.279145250063157e-18,-781.0227953182492,2.3480475924887343,-781.0227953182492,0.0,-965.0217352752396,0.0,0.0,2810.819999999032,-14.617700000000582,0.0,0.0,0.0,0.0,0.0,0.0,0.0,0.0,0.0,0.0,0.0,3785.5299999991257,-83.48819999996272,0.0,0.0,0.0,0.0,0.0,0.0,0.0,0.0,0.0,0.0,0.0,7388.629999999248,-42.01050000002215,0.0,0.0,0.0,0.0,0.0,0.0,0.0,0.0,0.0,999.0000000008404,999.0000000008404,1.0000000000000746,-147.1599547567723,gaze,0.5186618186291364,0.5114085378291967,-112.22864102908623,-88.42819150461484,1185.2452834459698,-37.28486375514685,-16.77891434829107,-31.70659474971331,-0.0650936957304077,-0.0774156350554528,1.0069786009963473,4.762656661263167,19.701878366412583,-12.543102107904872,-28.10570462910396,0.4496656680738323,0.5000858342701487,0.7546740081625847,5.644725839409455,-9.01551722818006,-15.576819611431178,-30.3203563325945,0.0706345004836893,0.1117454161741731,0.9241662350875072,4.974257553082594,18.230286050611326,True,1.13957611158995,imu,-0.503375607968808,-9.527271082877808,2.8771317397297502,1.1342884370019408,4.047911627394531,-2.735036295489204,98.3533996,-37.87286840000002,134.5538768,403.24118872029794,-8.633522954704347,False,-0.8012148019688929,0.5983768387111482,532.5137867698446,-54.79868360859187,40.36551850169804,564.4391566468979,False,inf
61.338345,-198441.72325289645,-577.6469776796285,534.5559390524022,-54.62285201290979,93.29867279429384,122.88722155404147,566.7476175822469,-11248189.24708414,42.21890871940362,123.00009830111628,10085735883.66914,91.90196945299152,93.29867279429384,-10378507211753.367,57.56515077241231,-3.7689908351718446,264.8404812314585,215.84771291894089,-208761.4988880877,-172.08376811724875,260.8008670556111,566.7476175822469,-695546933199.635,2241.009340884725,1153.3550695809372,86.16813214825419,-5573381.852303136,3995771654710.998,3.000000000001542,-0.8579830000001358,-54938796.83584295,-26.192512927070176,403.30356748425766,-8.573659113428562,0.0,-2.3160406158799323e-19,0.0,2.2884667019095746e-18,-784.0269774873043,2.357257746629007,-784.0269774873043,0.0,-968.7269163369934,0.0,0.0,2810.81999999901,-14.617700000000411,0.0,0.0,0.0,0.0,0.0,0.0,0.0,0.0,0.0,0.0,0.0,3785.529999999111,-83.48819999996226,0.0,0.0,0.0,0.0,0.0,0.0,0.0,0.0,0.0,0.0,0.0,7388.629999999248,-42.01050000002226,0.0,0.0,0.0,0.0,0.0,0.0,0.0,0.0,0.0,999.0000000008368,999.0000000008368,1.0000000000000675,-147.66533489412984,gaze,0.518262477930212,0.511099277271434,-113.12288352867463,-87.79607307492115,1185.2789182273243,-37.27852123826366,-16.777845420104217,-31.70753509801207,-0.0648539439505109,-0.0777462788511483,1.0070238558639282,4.764507740501772,19.701739568409057,-12.548981834443584,-28.11390978359158,0.4497724676845618,0.5003629082836478,0.7545362922741509,5.649887666150497,-9.056019274991575,-15.573503754157976,-30.312621305761706,0.0710398317240148,0.1117524299806843,0.9241416780794116,4.977310275271491,15.860943951493162,True,1.2754648589154969,imu,-0.6232752176,-9.559678049600002,2.8495999392,0.16459949,5.48006502,-3.81788913,99.04619231715552,-37.93780682520643,133.66396070503055,403.30356748425766,-8.573659113428562,False,-0.776337120954627,0.6303179155219061,533.039097034216,-54.93939473019259,45.77918685539837,566.7476175822469,False,inf
61.345875,-200126.8034834608,-581.2060033177771,535.3754780536874,-54.74932336038273,93.83231294502542,123.71259178392324,570.4307011522299,-11346668.706320286,42.50849906201677,123.82622285737176,10177894768.271996,92.44284590844111,93.83231294502542,-10474134527302.363,57.821832441746494,-3.794167552479681,265.8921825420331,217.0792496269523,-210532.78719398772,-173.177693407682,261.83723806474234,570.4307011522299,-701952083519.8956,2253.7740455205603,1160.764470342037,86.71786309593254,-5622174.204928093,4032567337659.3984,3.0000000000015348,-0.8579830000001287,-55424724.23103714,-26.355806506421768,403.40306490732473,-8.478157904185252,0.0,-2.3310961032249093e-19,0.0,2.303342943700417e-18,-788.8201502787302,2.371953719643117,-788.8201502787302,0.0,-974.638474861182,0.0,0.0,2810.819999998996,-14.617700000000356,0.0,0.0,0.0,0.0,0.0,0.0,0.0,0.0,0.0,0.0,0.0,3785.5299999990384,-83.48819999996135,0.0,0.0,0.0,0.0,0.0,0.0,0.0,0.0,0.0,0.0,0.0,7388.629999999102,-42.01050000002169,0.0,0.0,0.0,0.0,0.0,0.0,0.0,0.0,0.0,999.0000000008404,999.0000000008404,1.0000000000000604,-148.47142608755016,gaze,0.5458968847069933,0.5794827067810563,-113.4841895321962,-85.24057286132026,1185.53706234888,-36.97731503528387,-17.16281589396844,-31.86181662854585,-0.062623353349151,-0.0557238477956142,0.9964803903751236,4.575302600860596,19.44750802188821,-12.68091478949505,-28.47271424797748,0.4592384940816039,0.4641907881564837,0.7573816196240326,5.660985469818115,-8.77381075423136,-14.932271388096789,-30.15364966013748,0.1954694994591445,0.1994656488595275,0.8812752592632036,5.093556878423472,12.56994887413643,True,2.0,imu,-0.5010508560546554,-9.527364721818152,2.877550973954885,1.1955422927162171,4.037828202455031,-2.683868312051735,99.0448816435878,-37.93217901081192,133.6668049700257,403.40306490732473,-8.478157904185252,False,-0.7292894671362742,0.6842052858054292,533.8821028465836,-55.16265070137034,55.22793856926175,570.4307011522299,False,inf
61.346797,-200333.9137982065,-581.6429483545849,535.476077384883,-54.76483863865383,93.89781816127324,123.81394681587066,570.8828794660781,-11358774.040358543,42.54406424405035,123.9276705165098,10189225165.843027,92.50923781683068,93.89781816127324,-10485891747564.006,57.85332039782975,-3.797259114318954,266.0211665901745,217.23042025700468,-210750.4925385709,-173.31200291817478,261.964343096171,570.8828794660781,-702739584346.0112,2255.34090138814,1161.6742696058227,86.7853640866661,-5628171.902849952,4037091295334.5625,3.0000000000015703,-0.8579830000001358,-55484458.35218652,-26.375855680789545,403.4152781645808,-8.46643389553634,0.0,-2.332944843716536e-19,0.0,2.305169673711116e-18,-789.4086234624102,2.373758090183706,-789.4086234624102,0.0,-975.3642509468297,0.0,0.0,2810.819999999003,-14.617700000000298,0.0,0.0,0.0,0.0,0.0,0.0,0.0,0.0,0.0,0.0,0.0,3785.529999999082,-83.48819999996203,0.0,0.0,0.0,0.0,0.0,0.0,0.0,0.0,0.0,0.0,0.0,7388.629999999161,-42.010500000022034,0.0,0.0,0.0,0.0,0.0,0.0,0.0,0.0,0.0,999.0000000008332,999.0000000008332,1.000000000000064,-148.5703720188941,gaze,0.517531697467754,0.5105272236134104,-114.27284494094576,-86.52250706088695,1185.3702551108684,-37.26714295568861,-16.77611038311052,-31.70963542355421,-0.064425187003906,-0.0783214375932542,1.0070980969642989,4.767775636126351,19.7004302911144,-12.559571235943162,-28.12915322587752,0.4499487451022789,0.5008246031529214,0.7543037479721961,5.659001098018867,-9.072845663601663,-15.567725332068646,-30.2996464189208,0.0717741115185865,0.111770861905425,0.92409481462167,4.982736663675413,12.135549887429892,True,1.5114038661077611,imu,-0.6226770648,-9.5572854384,2.8765168152,0.0300151099999999,5.49501884,-3.65339711,99.0447271249133,-37.93149144951568,133.6671575827506,403.4152781645808,-8.46643389553634,False,-0.7286256404394245,0.6849121667004014,533.9860106296542,-55.18993870329988,55.38553966618063,570.8828794660781,False,inf
61.355249,-202240.4918074858,-585.6603138863181,536.4008435897604,-54.907369933748896,94.49998210149292,124.74606640753365,575.0403285295126,-11470225.31426716,42.87117938897923,124.86064192369632,10293562220.77107,93.11953652525732,94.49998210149292,-10594163316969.434,58.1425716400255,-3.82568962046109,267.2057045806986,218.62004698570544,-212754.59762308648,-174.54694680420172,263.1316365969472,575.0403285295126,-709991615961.2257,2269.7440620950806,1170.0405848000023,87.40608438107373,-5683391.691778883,4078752054002.967,3.000000000001563,-0.8579830000001429,-56034445.933803976,-26.560206988167792,403.5275475868648,-8.358648756880541,0.0,-2.3499462668118106e-19,0.0,2.321968683593484e-18,-794.8192808764599,2.390349200634436,-794.8192808764599,0.0,-982.0372761084556,0.0,0.0,2810.81999999901,-14.617700000000523,0.0,0.0,0.0,0.0,0.0,0.0,0.0,0.0,0.0,0.0,0.0,3785.5299999991257,-83.48819999996158,0.0,0.0,0.0,0.0,0.0,0.0,0.0,0.0,0.0,0.0,0.0,7388.62999999919,-42.010500000022375,0.0,0.0,0.0,0.0,0.0,0.0,0.0,0.0,0.0,999.000000000844,999.000000000844,1.000000000000071,-149.47991207001172,gaze,0.5167773572158861,0.5099290650538086,-114.75676333202638,-85.02708314319369,1185.4995979194937,-37.25569074747699,-16.774596576515457,-31.71227577947024,-0.0639951026854124,-0.0788777373691581,1.0071639894542477,4.770999223992323,19.69768611249808,-12.570272023311668,-28.145118894720937,0.4501066080376922,0.5012443372254825,0.7540881465511408,5.667991610628301,-9.02304489809381,-15.562124839712975,-30.287697596103367,0.0725226372617252,0.11179685062703,0.9240440567263548,4.988137537018471,9.59477162592496,True,1.7350797274209084,imu,-0.6226770648,-9.582407856,2.8944613992,0.0001074699999999,5.66698777,-3.496382,99.04336986621544,-37.92520420663673,133.6704291628951,403.5275475868648,-8.358648756880541,False,-0.6768063712686394,0.7361610800702363,534.9455165062407,-55.4393775276552,64.88025674429346,575.0403285295126,False,inf
61.363701,-204161.5390654884,-589.6991574726857,537.3302555639475,-55.05044747204306,95.10517583930246,125.6836032313634,579.2200496350555,-11582548.145850658,43.20026281422847,125.79903544500196,10398752246.414288,93.73287624553518,95.10517583930246,-10703327404039.896,58.43290727915738,-3.8542830205723617,268.3941020800675,220.0166186310092,-214773.89997352532,-175.7886261498631,264.3027545180568,579.2200496350555,-717303394958.5839,2284.2190867010804,1178.4542114912638,88.03030740891161,-5739043.740646884,4120756038462.252,3.000000000001606,-0.8579830000001394,-56588785.247063264,-26.74557094703099,403.6403775868448,-8.25030174949245,0.0,-2.367045298049506e-19,0.0,2.33886413952474e-18,-800.2590655388616,2.4070314467729936,-800.2590655388616,0.0,-988.7461338753392,0.0,0.0,2810.819999999003,-14.617700000000523,0.0,0.0,0.0,0.0,0.0,0.0,0.0,0.0,0.0,0.0,0.0,3785.5299999990966,-83.48819999996158,0.0,0.0,0.0,0.0,0.0,0.0,0.0,0.0,0.0,0.0,0.0,7388.62999999919,-42.01050000002249,0.0,0.0,0.0,0.0,0.0,0.0,0.0,0.0,0.0,999.0000000008586,999.0000000008586,1.000000000000071,-150.393972319858,gaze,0.5159994970365331,0.5093048102631078,-114.56988124680431,-83.26336846624446,1185.6611652642248,-37.244174099849,-16.773305189095364,-31.7154537175888,-0.0635637429915477,-0.079415112112875,1.0072214954416294,4.774177955321032,19.69341793617357,-12.58106412598146,-28.161740515241497,0.4502458645134496,0.5016218607894771,0.7538896309775422,5.676857284337739,-8.920054568568945,-15.556705565700993,-30.276738933321795,0.0732852502393875,0.1118303590883205,0.9239894324807478,4.993511964967438,8.423847482303236,True,1.9420754649612688,imu,-0.6101158560000001,-9.5949690648,2.88608726,0.0449689299999999,5.8389567,-3.27955161,99.04211663036298,-37.91894540085892,133.67376175730175,403.6403775868448,-8.25030174949245,False,-0.621095671696505,0.7837347552583508,535.9175746461514,-55.68711192408569,74.20743918500769,579.2200496350555,False,inf
61.365967,-204679.04628670856,-590.7856422019064,537.58022502322,-55.0888999370618,95.26794610882366,125.93588276730716,580.3444391247483,-11612810.957947254,43.28882651710274,126.05154549590516,10427099593.456491,93.89783230536132,95.26794610882366,-10732746965309.104,58.51093160472965,-3.8619767510756247,268.71337105648377,220.39222645254912,-215317.8738813072,-176.12267150519722,264.61738484715033,580.3444391247483,-719273902973.247,2288.1121231330653,1180.717991315442,88.19826027439579,-5754037.983925633,4132076017048.8926,3.000000000001592,-0.8579830000001394,-56738147.912315,-26.79544010565429,403.6707230899856,-8.221157912686579,0.0,-2.3716462320006334e-19,0.0,2.3434102963053176e-18,-801.72245017832,2.411519533771915,-801.72245017832,0.0,-990.5509030639944,0.0,0.0,2810.819999999003,-14.617700000000582,0.0,0.0,0.0,0.0,0.0,0.0,0.0,0.0,0.0,0.0,0.0,3785.5299999990966,-83.48819999996158,0.0,0.0,0.0,0.0,0.0,0.0,0.0,0.0,0.0,0.0,0.0,7388.62999999919,-42.01050000002272,0.0,0.0,0.0,0.0,0.0,0.0,0.0,0.0,0.0,999.0000000008622,999.0000000008622,1.0000000000000675,-150.639804521416,gaze,0.546150763306538,0.5792798607408615,-114.1166824876638,-84.95227246603093,1185.538946434494,-36.96241889149145,-17.1737765203795,-31.83577339123125,-0.0631532622832689,-0.0554788929620937,0.9964606153274104,4.577643871307373,19.45461769241773,-12.66575561454419,-28.49808409909308,0.4625000731402437,0.4663846850595748,0.7540417812609261,5.684875965118408,-8.770736679848238,-14.92727758169725,-30.16303742496611,0.1971772265815518,0.201260308021758,0.879272014929481,5.104387471532602,9.602595942939754,True,2.0,imu,-0.497202375022308,-9.527561639951443,2.878065389835077,1.2936351298021684,4.016568973226126,-2.6055827791080617,99.0417978052752,-37.917272274328575,133.67466384903784,403.6707230899856,-8.221157912686579,False,-0.5990858102187636,0.8006848268791706,536.1803094090917,-55.75316289201248,77.62266546738223,580.3444391247483,False,inf
61.372153,-206097.13766591065,-593.7595625211256,538.264331250838,-55.19407283043381,95.71341062648916,126.62658025288331,583.4221278542864,-11695747.631925585,43.5313232047717,126.7428740659958,10504800461.937006,94.34926766820963,95.71341062648916,-10813389515402.451,58.72433009944029,-3.88303998338287,269.5863659627886,221.42016078081969,-216808.48574575328,-177.03706739639472,265.477703817857,583.4221278542864,-724675289759.7203,2298.766239540435,1186.915346542214,88.65804758593579,-5795130.580850851,4163105365122.955,3.0000000000015703,-0.8579830000001323,-57147502.05962715,-26.93195166615376,403.7537700036901,-8.14139092138879,0.0,-2.3842423514658364e-19,0.0,2.355856450611684e-18,-805.7280935642829,2.4238051983765057,-805.7280935642829,0.0,-995.4909666742146,0.0,0.0,2810.8199999989592,-14.617700000000356,0.0,0.0,0.0,0.0,0.0,0.0,0.0,0.0,0.0,0.0,0.0,3785.529999999053,-83.48819999996044,0.0,0.0,0.0,0.0,0.0,0.0,0.0,0.0,0.0,0.0,0.0,7388.6299999991315,-42.0105000000226,0.0,0.0,0.0,0.0,0.0,0.0,0.0,0.0,0.0,999.0000000008548,999.0000000008548,1.000000000000064,-151.31257008540413,gaze,0.5151981626295018,0.5086544741540021,-113.80333139305624,-81.17945735101229,1185.8452156755084,-37.23260245671045,-16.772237350745044,-31.719166543030884,-0.0631311609994416,-0.0799335008021769,1.0072705790133794,4.777311296551101,19.687534284514232,-12.591928219256676,-28.17895010020979,0.450366324285339,0.5019569321063768,0.7537083416787483,5.68559622003053,-8.784048588789956,-15.55147080777989,-30.266732966158177,0.0740617880999322,0.1118713485497604,0.9239309711051004,4.998859022326859,8.43579284380263,True,2.128333608802349,imu,-0.5945638832000001,-9.558481744000002,2.8687408288,-0.05970781,6.01840254,-3.22721324,99.04096341158018,-37.912715337202165,133.67714170875325,403.7537700036901,-8.14139092138879,False,-0.561737547363308,0.8273154947674166,536.902099061046,-55.93253912018203,83.30959335667468,583.4221278542864,False,inf
61.380605,-208047.37001197576,-597.8416126489224,539.2030886403663,-55.33824758887113,96.32469774231215,127.575020500894,587.6466484681196,-11809828.88913107,43.86436927055372,127.69218083557706,10611712107.750204,94.9687215071318,96.32469774231215,-10924355180287.484,59.01684288914851,-3.911961179380999,270.7825031008119,222.8306990850552,-218858.44142022304,-178.29229705181908,266.6564914529196,587.6466484681196,-732107670297.7054,2313.3857855869915,1195.4241873510127,89.28931936627467,-5851654.75364691,4205802159078.004,3.000000000001563,-0.8579830000001358,-57710622.24065386,-27.11935326527397,403.8677266800087,-8.031914316567565,0.0,-2.4015378422510923e-19,0.0,2.3729460271014626e-18,-811.22648137306,2.440670826208763,-811.22648137306,0.0,-1002.2719173055834,0.0,0.0,2810.819999998952,-14.617700000000411,0.0,0.0,0.0,0.0,0.0,0.0,0.0,0.0,0.0,0.0,0.0,3785.529999999068,-83.48819999995999,0.0,0.0,0.0,0.0,0.0,0.0,0.0,0.0,0.0,0.0,0.0,7388.629999999102,-42.01050000002249,0.0,0.0,0.0,0.0,0.0,0.0,0.0,0.0,0.0,999.0000000008586,999.0000000008586,1.0000000000000604,-152.23572272827616,gaze,0.5143734055840501,0.507978077938503,-112.61744125094556,-78.72868093639804,1186.0377178200397,-37.220985217289794,-16.771394131771192,-31.72341131816512,-0.0626974108768995,-0.0804328475107384,1.007311206257604,4.780398729547407,19.679941239350825,-12.60284575802541,-28.19667831441435,0.4504677988699649,0.502249317503811,0.7535444165095599,5.694206539514109,-8.639126034675048,-15.54642387060331,-30.25764099977872,0.0748520848396917,0.1119197785810101,0.9238687029594196,5.00417778919261,9.217668493483972,True,2.290258956184538,imu,-0.5598710208000001,-9.5094332144,2.866348217600001,-0.03727708,5.92867962,-3.1225365,99.03990611448558,-37.906514321460776,133.68055540063455,403.8677266800087,-8.031914316567565,False,-0.499003182053552,0.8666001524927339,537.8989567016371,-56.17505634025122,92.12790331165763,587.6466484681196,False,inf
61.385947,-209287.5792554816,-600.4328321312971,539.7988434102781,-55.42965584081264,96.71263487556624,128.17730058566448,590.328326934924,-11882389.88191986,44.07589570142011,128.2950111441498,10679732218.297256,95.36182527923845,96.71263487556624,-10994958417137.578,59.20228602348857,-3.9303255335164313,271.54051009018525,223.7258353154036,-220162.061300728,-179.08916528603447,267.40351489506475,590.328326934924,-736836594222.1854,2322.663377339059,1200.8268071229743,89.69013623234844,-5887606.989227727,4232968404085.535,3.0000000000016414,-0.8579830000001465,-58068819.39691626,-27.23832692055169,403.940043685644,-7.962428060156526,0.0,-2.412520238100348e-19,0.0,2.383797670237944e-18,-814.7168763701001,2.4513781274572164,-814.7168763701001,0.0,-1006.5764404695178,0.0,0.0,2810.819999998996,-14.617700000000523,0.0,0.0,0.0,0.0,0.0,0.0,0.0,0.0,0.0,0.0,0.0,3785.5299999991257,-83.48819999996113,0.0,0.0,0.0,0.0,0.0,0.0,0.0,0.0,0.0,0.0,0.0,7388.629999999219,-42.01050000002317,0.0,0.0,0.0,0.0,0.0,0.0,0.0,0.0,0.0,999.0000000008804,999.0000000008804,1.0000000000000782,-152.82154898183103,gaze,0.5451503089979448,0.5734542960561684,-111.61135056350813,-76.84618636312825,1185.9490865279377,-36.99859379134652,-17.13774277091405,-31.97679787581,-0.0610729566777154,-0.0488732938783689,0.99691176137605,4.615523028359444,19.458386581713988,-12.65663326693518,-28.51269474478368,0.464119206304536,0.467593341328183,0.7522915949517935,5.7004577692313285,-8.769446991969167,-14.919315043951988,-30.18299050501662,0.1986922793168304,0.203684171843657,0.8775063644497412,5.119324720460371,10.65583203545418,True,2.0,imu,-0.4933263207181119,-9.527810778487334,2.878365233797477,1.386498975127187,3.989207491717949,-2.5348068129366,99.0392854450883,-37.9026101533694,133.68272425034658,403.940043685644,-7.962428060156526,False,-0.4492600092778516,0.8934010544339337,538.535291441172,-56.32656465522373,98.5194638111701,590.328326934924,False,inf
61.389075,-210016.51927937943,-601.9541546395279,540.1485600526239,-55.48328213801403,96.9403601373032,128.53098449059144,591.9027658940706,-11925042.848702908,44.20012540780866,128.64901815031465,10719722913.221811,95.59257756572154,96.9403601373032,-11036469181378.982,59.31107489264611,-3.9411094011645496,271.9850801537905,224.2512857073862,-220928.26901240685,-179.5570367252438,267.84164710821864,591.9027658940706,-739616931375.8579,2328.109357777545,1203.9992061831242,89.9254929916492,-5908740.59623212,4248940603470.088,3.000000000001606,-0.8579830000001394,-58279385.20125693,-27.30818225899593,403.98249396340543,-7.921635009260797,0.0,-2.4189693368092e-19,0.0,2.390169988144983e-18,-816.7661497752571,2.457664915462848,-816.7661497752571,0.0,-1009.1036861752494,0.0,0.0,2810.8199999989665,-14.617700000000468,0.0,0.0,0.0,0.0,0.0,0.0,0.0,0.0,0.0,0.0,0.0,3785.529999999053,-83.48819999995999,0.0,0.0,0.0,0.0,0.0,0.0,0.0,0.0,0.0,0.0,0.0,7388.6299999991315,-42.01050000002272,0.0,0.0,0.0,0.0,0.0,0.0,0.0,0.0,0.0,999.0000000008696,999.0000000008696,1.0000000000000675,-153.16542829747897,gaze,0.5135234523183807,0.5072741254847929,-111.21197571859744,-75.91623070035284,1186.220382732411,-37.20930688361861,-16.7707754683785,-31.72819559453025,-0.0622616206287279,-0.0809141038370058,1.0073434046518708,4.783446178319858,19.67052036915739,-12.613822363254243,-28.21489397703664,0.4505502562599134,0.5024992768192917,0.7533976976483571,5.70270430468414,-8.510260789873344,-15.54155792853115,-30.24940684277077,0.0756576971814105,0.1119757338128896,0.9238025148938136,5.009478584332005,10.279060450423,True,2.4250768849355366,imu,-0.5245800056000001,-9.4813200328,2.864553759200001,-0.04475399,5.6894185,-2.78607555,99.03893859812662,-37.900329548167285,133.68399659150188,403.98249396340543,-7.921635009260797,False,-0.4330470527164751,0.9013713164581922,538.9101282942283,-56.41456930092201,100.62017711078587,591.9027658940706,False,inf
61.397545,-212000.5313110388,-606.088602762476,541.0987694421783,-55.62887161575736,97.55911063758404,129.492481495914,596.181593510704,-12041152.687002182,44.53789327529745,129.61139346433205,10828611431.574316,96.2195307107617,97.55911063758404,-11149501774491.352,59.60640713162009,-3.970423909851498,273.1915607865366,225.6789500758377,-223013.7069078518,-180.82864725325013,269.0306714468307,596.181593510704,-747187684481.6577,2342.9061665589697,1212.6225327060868,90.56524245713544,-5966270.775599692,4292432295848.502,3.000000000001606,-0.8579830000001394,-58852622.62718248,-27.49804480219668,404.0978316274823,-7.810783567818646,0.0,-2.4365005267607293e-19,0.0,2.4074924576381285e-18,-822.3355381541879,2.474752021160845,-822.3355381541879,0.0,-1015.9720151339258,0.0,0.0,2810.8199999989592,-14.617700000000468,0.0,0.0,0.0,0.0,0.0,0.0,0.0,0.0,0.0,0.0,0.0,3785.529999999068,-83.48819999996022,0.0,0.0,0.0,0.0,0.0,0.0,0.0,0.0,0.0,0.0,0.0,7388.629999999161,-42.01050000002317,0.0,0.0,0.0,0.0,0.0,0.0,0.0,0.0,0.0,999.0000000008768,999.0000000008768,1.0000000000000675,-154.0997432089285,gaze,0.5126500982566897,0.5065440637021893,-109.80909817666348,-72.89109107587163,1186.3694272305593,-37.19760151358695,-16.770384351430273,-31.733507465342456,-0.0618247695154753,-0.0813761401325452,1.0073670486058055,4.786446528719864,19.65918637308185,-12.624817842771083,-28.23348846885333,0.4506132739612206,0.5027059230918968,0.753268686235925,5.711069193590502,-8.421422573058463,-15.536887264468271,-30.24201039642492,0.076476782208824,0.1120390749106673,0.9237325683380914,5.014749135320269,11.183948097688798,True,2.5300327475348907,imu,-0.5006538936,-9.458590226400002,2.8555814672,0.20198404,5.42772665,-2.86832156,99.03805892957055,-37.89417456400989,133.68744444964702,404.0978316274823,-7.810783567818646,False,-0.3643246984514107,0.9312719871757598,539.9332730284776,-56.64996275255703,108.70642221330714,596.1815935107041,False,inf
61.406015,-213999.4899768049,-610.2450418062017,542.053735055134,-55.77501762140969,98.18096067785964,130.45953488486796,600.4832177791518,-12158163.613563538,44.87768171441515,130.57933016602246,10938383001.24805,96.84959179527633,98.18096067785964,-11263458592852.908,59.90284242447655,-3.999905385550752,274.4019519070898,227.1137181924317,-225114.8431254311,-182.10715551592693,270.22357146429954,600.4832177791518,-754820306503.5983,2357.776480539194,1221.2943672048618,91.20858242568082,-6024247.87919081,4336279401261.471,3.000000000001656,-0.85798300000015,-59430360.86118508,-27.68894507421337,404.2137415370589,-7.699358011548668,0.0,-2.454131833451914e-19,0.0,2.4249138519106904e-18,-827.9347646018306,2.4919325194302937,-827.9347646018306,0.0,-1022.8770490290004,0.0,0.0,2810.8199999989592,-14.617700000000523,0.0,0.0,0.0,0.0,0.0,0.0,0.0,0.0,0.0,0.0,0.0,3785.529999999053,-83.48819999995999,0.0,0.0,0.0,0.0,0.0,0.0,0.0,0.0,0.0,0.0,0.0,7388.629999999219,-42.0105000000234,0.0,0.0,0.0,0.0,0.0,0.0,0.0,0.0,0.0,999.0000000008876,999.0000000008876,1.0000000000000782,-155.03868507072082,gaze,0.5117534134309565,0.5057879333232004,-108.61778577544308,-69.93825306288642,1186.4605538645387,-37.18587841727275,-16.77022167371033,-31.73934326439044,-0.0613869154091358,-0.0818189158304044,1.0073821101724154,4.789399307183659,19.645836996487223,-12.635816092924475,-28.25239014105077,0.4506566677730749,0.5028690460941194,0.7531575130326967,5.719299381674647,-8.391720140968426,-15.532415211604263,-30.235410995977343,0.0773091617301334,0.1121097560237261,0.9236588973325344,5.019988533285144,11.63754597028883,True,2.6034522988430493,imu,-0.4898871432,-9.4430382536,2.859170384,0.30666078,5.19594244,-2.88327538,99.03726274949288,-37.88804967934581,133.69088545242263,404.2137415370589,-7.699358011548668,False,-0.2931863324352984,0.956055319776601,540.968110814654,-56.88065273684437,116.32545882560956,600.4832177791518,False,inf
61.406039,-214005.1754020145,-610.2568505261937,542.0564477538355,-55.77543252273927,98.18272712329944,130.46228297636716,600.4954390322014,-12158496.45274973,44.87864739437838,130.58208076754389,10938695301.995829,96.85138151833624,98.18272712329944,-11263782811408.52,59.90368395267613,-3.999989160069414,274.40538714926225,227.1177937686542,-225120.8191457393,-182.1107880332856,270.2269570955324,600.4954390322014,-754842022028.5614,2357.818720711475,1221.3190082184942,91.21041046409958,-6024412.796501525,4336404150378.192,3.0000000000016485,-0.8579830000001465,-59432004.319581,-27.689487474237463,404.2140707860863,-7.699041466308301,0.0,-2.454181934934548e-19,0.0,2.424963356901884e-18,-827.9506726840943,2.4919813339371184,-827.9506726840943,0.0,-1022.8966669377126,0.0,0.0,2810.8199999989884,-14.61770000000064,0.0,0.0,0.0,0.0,0.0,0.0,0.0,0.0,0.0,0.0,0.0,3785.5299999990384,-83.48819999996067,0.0,0.0,0.0,0.0,0.0,0.0,0.0,0.0,0.0,0.0,0.0,7388.62999999919,-42.01050000002351,0.0,0.0,0.0,0.0,0.0,0.0,0.0,0.0,0.0,999.0000000008986,999.0000000008986,1.0000000000000815,-155.0413521813648,gaze,0.5441442465370716,0.5675960755534247,-109.0919747366752,-68.69466073852992,1186.361525704988,-37.03497147342297,-17.10150703046061,-32.11861288802998,-0.0589809896993987,-0.0422306664113939,0.9973654363715084,4.653614521026611,19.46217659791721,-12.64745978304328,-28.52738729199165,0.4657474156907699,0.4688087728471455,0.7505315977884761,5.716126918792725,-8.76996797358676,-14.908349839280216,-30.21362400494856,0.2000198676600462,0.2067424692222336,0.8759755310685169,5.138405502397016,10.56854036261758,True,2.0,imu,-0.4893811457287852,-9.528114509177245,2.878454432483688,1.47319085427325,3.955083697429718,-2.471004379379916,99.03726060792704,-37.88803236736051,133.69089518009656,404.2140707860863,-7.699041466308301,False,-0.2824084264116565,0.9592942617839908,540.9710593712415,-56.88129917786995,117.30071040090348,600.4954390322014,False,inf
61.414485,-216013.47946105545,-614.4235567718297,543.0134751847745,-55.92172175736982,98.80592172067666,131.43216808962364,604.8077253726947,-12276080.858059883,45.21949959188386,131.55285170799652,11049042982.286127,97.48277169588872,98.80592172067666,-11378345292675.72,60.20038359372397,-4.029554510153617,275.61626042079587,228.5556161220377,-227231.766013846,-183.39258846105403,271.42035415426005,604.8077253726947,-762515175867.0414,2372.720568974287,1230.0149105074415,91.85552759913476,-6082674.504467674,4380484093585.658,3.0000000000016627,-0.8579830000001571,-60012626.34918882,-27.88088726549898,404.3302255604304,-7.587356355690247,0.0,-2.471863679399382e-19,0.0,2.4424345884489216e-18,-833.5639475200693,2.5092067873991155,-833.5639475200693,0.0,-1029.818933086802,0.0,0.0,2810.819999998974,-14.617700000000523,0.0,0.0,0.0,0.0,0.0,0.0,0.0,0.0,0.0,0.0,0.0,3785.529999999068,-83.48819999995999,0.0,0.0,0.0,0.0,0.0,0.0,0.0,0.0,0.0,0.0,0.0,7388.6299999991315,-42.01050000002374,0.0,0.0,0.0,0.0,0.0,0.0,0.0,0.0,0.0,999.0000000008986,999.0000000008986,1.0000000000000815,-155.98227153622307,gaze,0.5108334740211959,0.5050057816640865,-107.80899298430846,-67.40484060325615,1186.4768658079845,-37.17414685015196,-16.770288265051487,-31.74569909660857,-0.0609481173223405,-0.0822423957136655,1.0073885635121849,4.792304056549392,19.630367283845487,-12.646801932455157,-28.27152745680281,0.4506802553822962,0.5029884441084398,0.7530643060699527,5.727393067094959,-8.432868138521156,-15.528145101085194,-30.229568068489595,0.0781546538120344,0.1121877295620907,0.9235815370943308,5.02519587531108,11.486195749152534,True,2.6443380648336205,imu,-0.4851019208000001,-9.4382530312,2.843020258400001,0.55339881,4.96415823,-2.76364482,99.0365456302944,-37.88195520548976,133.69430615713358,404.3302255604304,-7.587356355690247,False,-0.2200056426711678,0.9754985992777472,542.0143124448006,-57.10607086934977,123.41623728771104,604.8077253726947,False,inf
61.422955,-218042.58426326967,-618.6242328734099,543.9780081716117,-56.06898562913023,99.43400525645376,132.41040460659605,609.1552031769907,-12394909.670350552,45.56335579978608,132.53198160716315,11160596756.377426,98.11908131284152,99.43400525645376,-11494167553201.68,60.49903346597381,-4.059371967335893,276.8344932302723,230.0046699924408,-229364.5642522292,-184.6849731041773,272.6210265084049,609.1552031769907,-770272672537.2937,2387.738701769154,1238.7843639855218,92.50609271829552,-6141553.258932374,4425048555543.908,3.000000000001684,-0.8579830000001536,-60599445.64048568,-28.073875577635736,404.4472855693784,-7.474776611412608,0.0,-2.4896964882916603e-19,0.0,2.460055085897021e-18,-839.2232056210663,2.5265752031968325,-839.2232056210663,0.0,-1036.7978129130545,0.0,0.0,2810.8199999989447,-14.617700000000582,0.0,0.0,0.0,0.0,0.0,0.0,0.0,0.0,0.0,0.0,0.0,3785.5299999990384,-83.48819999995999,0.0,0.0,0.0,0.0,0.0,0.0,0.0,0.0,0.0,0.0,0.0,7388.62999999919,-42.01050000002397,0.0,0.0,0.0,0.0,0.0,0.0,0.0,0.0,0.0,999.000000000906,999.000000000906,1.0000000000000815,-156.93052030412647,gaze,0.5098903624075879,0.5041976626825824,-107.48867072553423,-65.60514007715291,1186.4180567781111,-37.16241601071031,-16.770584891621386,-31.75257084207428,-0.0605084354185317,-0.0826465499681438,1.0073863849154003,4.795160336268282,19.61266951880104,-12.657761136568675,-28.290829359534293,0.4506838563913072,0.503063924021145,0.7529891906161302,5.73534847113063,-8.54634587525577,-15.524080259758978,-30.22444146639197,0.0790130727651286,0.1122729461878916,0.923500524024436,5.030370264594402,10.703532550641867,True,2.652324115029299,imu,-0.4851019208000001,-9.4221029056,2.8555814672,0.7702292,4.74732784,-2.46456842,99.03590308163122,-37.87589145475827,133.69769321079815,404.4472855693784,-7.474776611412608,False,-0.1451782746216277,0.9894055127084582,543.0714999612629,-57.3256685105965,129.91829543993697,609.1552031769907,False,inf
61.42602,-218780.58804764075,-620.1497894442243,544.3282238481197,-56.12241356428069,99.66205859553372,132.76577982057827,610.7340818908203,-12438135.344404696,45.68828945248508,132.88768135235367,11201185491.782583,98.35011305083638,99.66205859553372,-11536311255937.504,60.60737826371364,-4.070203484699631,277.2762978506767,230.5308008070264,-230140.2791938797,-185.15436059138025,273.0564680914663,610.7340818908203,-773095347935.1873,2393.191541949396,1241.969816753935,92.7424045723984,-6162971.358215313,4441263966992.289,3.000000000001677,-0.85798300000015,-60812922.4940119,-28.14396995915179,404.48978782716495,-7.433895065461513,0.0,-2.496174525203248e-19,0.0,2.466455997471932e-18,-841.2785291440277,2.5328835041608007,-841.2785291440277,0.0,-1039.3323723913377,0.0,0.0,2810.8199999989374,-14.617700000000411,0.0,0.0,0.0,0.0,0.0,0.0,0.0,0.0,0.0,0.0,0.0,3785.529999999024,-83.48819999995908,0.0,0.0,0.0,0.0,0.0,0.0,0.0,0.0,0.0,0.0,0.0,7388.62999999919,-42.010500000023626,0.0,0.0,0.0,0.0,0.0,0.0,0.0,0.0,0.0,999.0000000009022,999.0000000009022,1.0000000000000782,-157.2748109908175,gaze,0.5436855574239103,0.5654190661816726,-107.9419541573591,-65.6626868581328,1186.507421036021,-37.044502019211,-17.09026934618336,-32.16488311790977,-0.0580318595681354,-0.0397580960518268,0.9975227301036294,4.666903972625732,19.46496810566398,-12.6445973132365,-28.53840385700764,0.4672631658237058,0.4685334764321997,0.7497609721282947,5.727376461029053,-8.77301442111547,-14.896147232916016,-30.25071681423804,0.2015005933463189,0.2093446266724288,0.8748748499307245,5.1578810578169385,8.898874145963529,True,2.0,imu,-0.485412607228487,-9.528468993001868,2.8783327446602955,1.5511030158091568,3.9143307644590775,-2.415061037176016,99.03568805958705,-37.87370482424857,133.69890800216868,404.48978782716495,-7.433895065461513,False,-0.1059910738211684,0.994367081248286,543.456685367758,-57.4035964853536,132.88776598555168,610.7340818908203,False,inf
61.431425,-220086.8891986227,-622.847155538188,544.9473524034365,-56.21681084527927,100.06522280351614,133.3942679965331,613.5257382903393,-12514655.320512772,45.9092592556011,133.51674344481768,11273049726.900473,98.75853157002123,100.06522280351614,-11610931076749.623,60.798794871942846,-4.089358442560187,278.05665723538,231.4609059944193,-231513.32685076643,-185.98433652869468,273.8255955164584,613.5257382903393,-778093178022.7578,2402.831149478335,1247.6029295552437,93.16029256296169,-6200886.760146659,4469974978723.297,3.000000000001656,-0.8579830000001358,-61190845.387938336,-28.267914223350168,404.5649234391512,-7.361616785810327,0.0,-2.5076306849908075e-19,0.0,2.4777757640587477e-18,-844.912657927677,2.5440381459559176,-844.912657927677,0.0,-1043.8138344933825,0.0,0.0,2810.8199999989083,-14.617700000000411,0.0,0.0,0.0,0.0,0.0,0.0,0.0,0.0,0.0,0.0,0.0,3785.529999999009,-83.4881999999584,0.0,0.0,0.0,0.0,0.0,0.0,0.0,0.0,0.0,0.0,0.0,7388.629999999102,-42.010500000023285,0.0,0.0,0.0,0.0,0.0,0.0,0.0,0.0,0.0,999.0000000009022,999.0000000009022,1.000000000000071,-157.88344911850646,gaze,0.5089241672225909,0.5033636370356045,-107.67085513208374,-64.72563722583631,1186.309569966604,-37.15069503805507,-16.771112255208347,-31.75995416000549,-0.0600679310221327,-0.0830313542350907,1.0073755528244777,4.79796772261582,19.592633164234098,-12.668680471008088,-28.31022564118473,0.4506672923461052,0.5030953014161562,0.7529322891431324,5.743163838585625,-8.720565049749867,-15.520224007920774,-30.21999180102708,0.0798842291293426,0.1123653548068296,0.9234158957144328,5.035510810598522,9.376516660501842,True,2.6276307108538424,imu,-0.481513004,-9.4466271704,2.864553759200001,0.97958268,4.59778964,-2.2253073,99.03533055594482,-37.86985874051384,133.701033359909,404.5649234391512,-7.361616785810327,False,-0.0691200968034373,0.9976083461047645,544.1392473724715,-57.5389209991352,135.77225033324973,613.5257382903393,False,inf
61.435109,-220980.8181819946,-624.6908665483057,545.3704717226701,-56.28128254336696,100.34074983264703,133.82395821926758,615.4339062999039,-12567025.766661167,46.0603500156516,133.94682603055347,11322242773.702106,99.0376413078145,100.34074983264703,-11662012188541.676,60.929522743835385,-4.102453884395294,278.5894621726792,232.09653921110672,-232452.92892064812,-186.5516752777344,274.3507368085832,615.4339062999039,-781514442091.4448,2409.418821981036,1251.4539143783425,93.44597275332548,-6226836.255601626,4489629097594.607,3.000000000001698,-0.8579830000001536,-61449509.02122882,-28.352639564730893,404.6162704671806,-7.312216746228273,0.0,-2.515462854967072e-19,0.0,2.485514686842028e-18,-847.3967201114618,2.551663192870722,-847.3967201114618,0.0,-1046.8770587483032,0.0,0.0,2810.819999998923,-14.617700000000582,0.0,0.0,0.0,0.0,0.0,0.0,0.0,0.0,0.0,0.0,0.0,3785.5299999990384,-83.48819999995908,0.0,0.0,0.0,0.0,0.0,0.0,0.0,0.0,0.0,0.0,0.0,7388.629999999161,-42.01050000002408,0.0,0.0,0.0,0.0,0.0,0.0,0.0,0.0,0.0,999.0000000009132,999.0000000009132,1.0000000000000815,-158.29938749763184,gaze,0.5084967439445515,0.502992812514375,-107.88604897813124,-64.63309774636008,1186.260263957632,-37.14560241815433,-16.77141379840831,-31.763324007064902,-0.0598760941308254,-0.0831926802623105,1.0073681360187692,4.799173425097457,19.583160005106148,-12.673414229492044,-28.318673918278336,0.4506537503309913,0.5030951413596079,0.7529132543374008,5.746518968626244,-8.809071182156664,-15.51861267539614,-30.218257932630173,0.080267061926452,0.1124077786750992,0.9233779684954206,5.037735889603586,8.673442810261616,True,2.6068668886069166,imu,-0.4835930401179835,-9.528647402663044,2.8782082192477167,1.5834372471425542,3.893502188700492,-2.3921201207218794,98.7196156,-37.56768840000002,134.8590568,404.6162704671806,-7.312216746228273,False,-0.0357640999937308,0.9993602599421484,544.6068379749148,-57.62956756489958,138.10145516787955,615.4339062999039,False,inf
61.439895,-222146.4793985772,-627.0924104068763,545.921526315421,-56.36519901750535,100.69958590813089,134.38378188460422,617.9194180239465,-12635323.098886011,46.25721890224124,134.5071608667306,11386407318.967344,99.40113341498328,100.69958590813089,-11728641588762.38,61.09967064645606,-4.11951462307827,279.2827593331991,232.92435038182373,-233678.14315131772,-187.29070588594195,275.03406816615325,617.9194180239465,-785977075378.077,2417.998183306826,1256.4708096779382,93.81814195198424,-6260677.635751162,4515265563593.188,3.000000000001677,-0.85798300000015,-61786852.34818355,-28.46300742652827,404.6831410485038,-7.247874881899861,0.0,-2.5256666955340843e-19,0.0,2.4955970438990666e-18,-850.6324237738696,2.561595995813159,-850.6324237738696,0.0,-1050.867144193823,0.0,0.0,2810.819999998923,-14.617700000000468,0.0,0.0,0.0,0.0,0.0,0.0,0.0,0.0,0.0,0.0,0.0,3785.529999999009,-83.48819999995862,0.0,0.0,0.0,0.0,0.0,0.0,0.0,0.0,0.0,0.0,0.0,7388.6299999991315,-42.01050000002374,0.0,0.0,0.0,0.0,0.0,0.0,0.0,0.0,0.0,999.0000000009096,999.0000000009096,1.0000000000000782,-158.84107576888306,gaze,0.5079349834030623,0.5025037721369635,-108.25810005409517,-64.74651311794317,1186.2076522850082,-37.13899300952672,-16.77187099250719,-31.76784449275801,-0.0596266666287186,-0.0833967896638957,1.007356047856286,4.8007258089029525,19.570144802324023,-12.679547726126684,-28.32964731047194,0.4506303867642328,0.5030824006688492,0.7528937212926361,5.750837438192617,-8.92898128251439,-15.516579657058294,-30.2161807761933,0.0807679296593464,0.1124649025596408,0.923327690953391,5.040616629209151,7.691465267802075,True,2.571018953983588,imu,-0.4599795032,-9.486105255200002,2.8765168152,1.4431511,4.29871324,-1.97109236,99.03482345399208,-37.86385737720906,133.70431346019458,404.6831410485038,-7.247874881899861,False,0.0077347498748716,0.9999700863747742,545.2170817302912,-57.74533191925112,140.92032200165525,617.9194180239465,False,inf
61.446112,-223668.0002632597,-630.222699076543,546.6396565006189,-56.4744754771948,101.1672184090788,135.1136970205974,621.1591688696992,-12724483.43708706,46.51393582537853,135.2377424473864,11470190901.21028,99.8748166587786,101.1672184090788,-11815647360956.816,61.3212249845686,-4.141757727540747,280.1852312936763,234.00312455692728,-235277.39169139665,-188.2540583041213,275.92357819907886,621.1591688696992,-791804439022.3959,2429.178444772603,1263.0113551818797,94.30333607270494,-6304856.873341411,4548741986373.078,3.0000000000017053,-0.85798300000015,-62227270.380572826,-28.60687985428707,404.7702830795952,-7.164016471956586,0.0,-2.538970209967705e-19,0.0,2.5087421711413826e-18,-854.8501057459654,2.574544117139955,-854.8501057459654,0.0,-1056.068104708693,0.0,0.0,2810.819999998916,-14.617700000000411,0.0,0.0,0.0,0.0,0.0,0.0,0.0,0.0,0.0,0.0,0.0,3785.529999999009,-83.48819999995817,0.0,0.0,0.0,0.0,0.0,0.0,0.0,0.0,0.0,0.0,0.0,7388.6299999991315,-42.01050000002408,0.0,0.0,0.0,0.0,0.0,0.0,0.0,0.0,0.0,999.0000000009132,999.0000000009132,1.0000000000000746,-159.5469759464069,gaze,0.5439657719559824,0.5657917811627151,-108.64133511548368,-66.17685419841862,1186.4647777659136,-37.0376228279671,-17.097884953516356,-32.144695192369724,-0.0586099563624582,-0.0401727250426322,0.9974713007361083,4.666657090523637,19.468212417016566,-12.640100914966853,-28.54423147471864,0.4680821561935455,0.4693171375882923,0.7487531923079515,5.7364963795484485,-8.776974760870957,-14.885572751417987,-30.28615639329454,0.2027862992561824,0.2114123738909079,0.8741110982352149,5.174567597756276,7.351828358815204,True,2.0,imu,-0.4813786819421636,-9.528877638449458,2.8779997967800868,1.6197743394393072,3.8663569698142073,-2.366455535291073,99.0344901818729,-37.85947249649357,133.70667528867088,404.7702830795952,-7.164016471956586,False,0.075953774986015,0.9971113398539672,546.0143348587278,-57.89221376199301,144.6890437983077,621.1591688696992,False,inf
61.448364,-224221.19442315865,-631.3595781497943,546.9004325162177,-56.51413414129172,101.33703068969857,135.37885212898797,622.3358070502302,-12756903.905170918,46.60720226059325,135.50313964415548,11500661434.66602,100.04682139049964,101.33703068969857,-11847290771562.14,61.401627907966684,-4.149837607379186,280.51266096089057,234.39485540968428,-235858.84437933448,-188.6039529138331,276.2463080735745,622.3358070502302,-793923807095.429,2433.2382711665887,1265.3871516085771,94.47957742563425,-6320921.382782351,4560917107379.148,3.000000000001684,-0.8579830000001536,-62387422.193308845,-28.6591362011258,404.8019262193839,-7.133562430925394,0.0,-2.543802799613741e-19,0.0,2.5135172255916076e-18,-856.3819421139773,2.579247044075704,-856.3819421139773,0.0,-1057.957049385979,0.0,0.0,2810.8199999989083,-14.617700000000468,0.0,0.0,0.0,0.0,0.0,0.0,0.0,0.0,0.0,0.0,0.0,3785.5299999990384,-83.48819999995817,0.0,0.0,0.0,0.0,0.0,0.0,0.0,0.0,0.0,0.0,0.0,7388.629999999102,-42.01050000002408,0.0,0.0,0.0,0.0,0.0,0.0,0.0,0.0,0.0,999.0000000009132,999.0000000009132,1.0000000000000746,-159.80330419348186,gaze,0.5069230330780521,0.5016182482935309,-109.06036455235034,-65.4494365510666,1186.1828557068343,-37.12732031459272,-16.77286154373043,-31.77623604951275,-0.0591847581332903,-0.0837428032528201,1.007327856666825,4.80343388887148,19.54509118940158,-12.69035047953514,-28.3490246781939,0.4505729731599224,0.5030250644399721,0.7528736051240014,5.7583666825171065,-9.133138318283144,-15.513150899623769,-30.21297186646632,0.0816638707982936,0.1125715218081959,0.923235960773169,5.045686246416917,5.92028554938381,True,2.4837574853514885,imu,-0.4623721144,-9.4974701584,2.859768536800001,1.52539711,4.06692903,-1.90380017,99.03437717966644,-37.85788838335423,133.70752011256815,404.8019262193839,-7.133562430925394,False,0.0849268995356746,0.9963871846502532,546.3043556552127,-57.94441431516481,145.30641540003134,622.3358070502302,False,inf
61.456834,-226311.60998483805,-635.6497525415283,547.8843207080217,-56.663653006206914,101.97771928534476,136.37973747281046,626.7760360523765,-12879431.781777382,46.95930097411021,136.50493875547994,11615844523.891865,100.69575897314242,101.97771928534476,-11966912416054.312,61.70474080807503,-4.180335247167728,281.74665945709665,235.872794723303,-238056.03551733567,-189.9244150274965,277.4626084986815,626.7760360523765,-801935635956.7207,2448.5552845678044,1274.3542645231362,95.1447700810984,-6381634.875721123,4606942609008.16,3.0000000000017053,-0.85798300000015,-62992723.713247344,-28.85635110983912,404.92130888908105,-7.018650432432935,0.0,-2.562043708518644e-19,0.0,2.531540964334169e-18,-862.1626906732976,2.59699584124534,-862.1626906732976,0.0,-1065.0853715029766,0.0,0.0,2810.819999998923,-14.617700000000582,0.0,0.0,0.0,0.0,0.0,0.0,0.0,0.0,0.0,0.0,0.0,3785.529999999024,-83.48819999995771,0.0,0.0,0.0,0.0,0.0,0.0,0.0,0.0,0.0,0.0,0.0,7388.629999999073,-42.010500000024194,0.0,0.0,0.0,0.0,0.0,0.0,0.0,0.0,0.0,999.0000000009204,999.0000000009204,1.0000000000000675,-160.77037950654875,gaze,0.5058881849610789,0.5007069374764327,-109.84433458096264,-66.49296329548126,1186.2868155238789,-37.11568314244938,-16.774084647121704,-31.78512583310697,-0.0587421660387163,-0.0840694690390282,1.0072909576326825,4.806092230100024,19.517347631750173,-12.70108122357457,-28.36829686314711,0.4504948655360367,0.5029231214440105,0.7528720497558075,5.765751667596609,-9.289677245545835,-15.509940212684125,-30.21032920672186,0.0825720632879026,0.1126851813220598,0.923140724711688,5.050719988720401,4.405648032453079,True,2.367532232317068,imu,-0.4504090584,-9.489694172,2.8579740784,1.6674584,3.94729847,-1.74678506,99.03398694201864,-37.85195066607354,133.71064117904143,404.92130888908105,-7.018650432432935,False,0.1620106447962127,0.98678901036276,547.4007638469026,-58.13578810940383,148.87868079003698,626.7760360523765,False,inf
61.465304,-228417.5680988907,-639.9625173324259,548.8730941679851,-56.81373968069772,102.62158824394228,137.38634457482857,631.2396728778908,-13002897.778930664,47.31348285906855,137.51246477324753,11731948640.183458,101.34788112716453,102.62158824394228,-12087498363863.752,62.00897660552797,-4.211004664680338,282.98461671943033,237.35802155992857,-240269.55036840664,-191.251964933092,278.6828335155477,631.2396728778908,-810012015114.483,2463.947701581152,1283.3713026287069,95.81365697050748,-6442813.686324179,4653338926944.885,3.000000000001748,-0.8579830000001536,-63602713.33733315,-29.05463331426915,405.0412769553077,-6.903150340416516,0.0,-2.580387716395457e-19,0.0,2.5496665745826992e-18,-867.9741126304755,2.6148406919168394,-867.9741126304755,0.0,-1072.251423108004,0.0,0.0,2810.819999998916,-14.617700000000523,0.0,0.0,0.0,0.0,0.0,0.0,0.0,0.0,0.0,0.0,0.0,3785.529999999009,-83.48819999995817,0.0,0.0,0.0,0.0,0.0,0.0,0.0,0.0,0.0,0.0,0.0,7388.629999999161,-42.01050000002465,0.0,0.0,0.0,0.0,0.0,0.0,0.0,0.0,0.0,999.000000000935,999.000000000935,1.000000000000071,-161.74220629528426,gaze,0.5048306713538917,0.4997700307568094,-110.38477830779824,-67.49379778699797,1186.5173497341486,-37.10409175092797,-16.775540636559015,-31.79450769801541,-0.0582990085546116,-0.0843767430110008,1.0072453408432154,4.808700155566265,19.48680328867092,-12.711729724090183,-28.387398277929226,0.4503958990570949,0.5027764271358455,0.7528891696039575,5.772989838831735,-9.35748890988936,-15.506951285407329,-30.20822019283476,0.0834921973743131,0.1128058107238351,0.923042035814817,5.055716391474798,3.548335204354476,True,2.2244631852487253,imu,-0.4282774048000001,-9.4735440464,2.870535287200001,1.87681188,3.91739083,-1.44023175,99.03364807612655,-37.84604525003576,133.71366351839615,405.0412769553077,-6.903150340416516,False,0.2385017432493276,0.9711420691469566,548.5055749147436,-58.31904317119287,151.58699523990285,631.2396728778908,False,inf
61.466093,-228614.5373588093,-640.3654145589998,548.9654500860124,-56.827749567558726,102.68172846133436,137.48040451408954,631.6566658601106,-13014446.875720978,47.34658210248794,137.6066105744873,11742811095.49898,101.40879034113794,102.68172846133436,-12098780526362.66,62.03737414386518,-4.213870362217723,283.10013709301705,237.4967458432085,-240476.57871030385,-191.3759911104998,278.7967003529899,631.6566658601106,-810767648809.9246,2465.385389546637,1284.2138096856786,95.87615394715502,-6448536.419650458,4657679810190.475,3.000000000001698,-0.8579830000001429,-63659774.93365255,-29.073158250832552,405.05248212944207,-6.892361226766639,0.0,-2.582101767520484e-19,0.0,2.5513602187875615e-18,-868.5170259768976,2.6165078850265515,-868.5170259768976,0.0,-1072.9208835540271,0.0,0.0,2810.8199999988865,-14.617700000000468,0.0,0.0,0.0,0.0,0.0,0.0,0.0,0.0,0.0,0.0,0.0,3785.52999999898,-83.48819999995749,0.0,0.0,0.0,0.0,0.0,0.0,0.0,0.0,0.0,0.0,0.0,7388.629999999044,-42.010500000024194,0.0,0.0,0.0,0.0,0.0,0.0,0.0,0.0,0.0,999.0000000009204,999.0000000009204,1.0000000000000604,-161.8329767566644,gaze,0.5442444384185213,0.566162437047456,-109.33685228272884,-66.68818097655185,1186.4223700822574,-37.03078164141302,-17.105458487764842,-32.12461879677866,-0.0591848594108042,-0.0405850633795465,0.9974201554945976,4.666411572343169,19.47143880488915,-12.635629357440182,-28.550026897249165,0.4688966219799168,0.4700964693402278,0.7477509800548019,5.745565914285463,-8.782128924615971,-14.875728322446118,-30.320235213664887,0.2038227944273962,0.2132729352772279,0.873577972131321,5.189513362776561,5.575206504076322,True,2.0,imu,-0.4773260773956581,-9.52933534936064,2.877460448464664,1.6774395681766094,3.8116556250689393,-2.3257515820521104,99.03361895701929,-37.84549680287917,133.71393958039783,405.05248212944207,-6.892361226766639,False,0.2566042244655278,0.9665165658106668,548.6088959183859,-58.33568793683916,151.95022700974994,631.6566658601106,False,inf
61.473714,-230524.0710489939,-644.2671675551609,549.8597151948161,-56.96332656093728,103.26405430387328,138.3915057264801,635.6949367896974,-13126422.642626286,47.667225797849575,138.51854344542963,11848146999.910856,101.9985454742125,103.26405430387328,-12208189926056.76,62.31217105803661,-4.241627467610691,284.21772810604506,238.8399637435453,-242483.62523920776,-192.5771504328638,279.89830454933787,635.6949367896974,-818095432866.9526,2479.3059559577937,1292.37406356423,96.48147543648533,-6504022.135531712,4699775674118.855,3.000000000001755,-0.85798300000015,-64213047.13071723,-29.2525711173236,405.160976247882,-6.78788458424151,0.0,-2.5987042097608475e-19,0.0,2.5677649978943628e-18,-873.7748347517751,2.6326545472519736,-873.7748347517751,0.0,-1079.4041871651723,0.0,0.0,2810.8199999989083,-14.617700000000523,0.0,0.0,0.0,0.0,0.0,0.0,0.0,0.0,0.0,0.0,0.0,3785.5299999989934,-83.4881999999584,0.0,0.0,0.0,0.0,0.0,0.0,0.0,0.0,0.0,0.0,0.0,7388.629999999161,-42.010500000024535,0.0,0.0,0.0,0.0,0.0,0.0,0.0,0.0,0.0,999.0000000009386,999.0000000009386,1.000000000000071,-162.7118676790929,gaze,0.503758342869248,0.4988145301274644,-110.51761060976824,-68.1065367975441,1186.782770251184,-37.09263645871674,-16.77721709385554,-31.804304653282703,-0.0578584973338604,-0.0846626577096318,1.0071914115226683,4.811239393504955,19.4536152545812,-12.722213656499305,-28.406135103762928,0.4502768297587215,0.5025863573323824,0.7529247520175162,5.780029868149288,-9.30596259101602,-15.504206151691264,-30.20662390749764,0.0844174225725223,0.1129324223857497,0.9229406728604064,5.060639611058197,3.778382050127649,True,2.0582867574669104,imu,-0.4121272792,-9.479525574400002,2.8753205096,2.13850373,3.70803735,-1.21592445,99.0333577487077,-37.84021394088478,133.71655432060084,405.160976247882,-6.78788458424151,False,0.3133873686224152,0.9496253772872324,549.6102394870985,-58.49263060894697,153.37630040437648,635.6949367896974,False,inf
61.482184,-232661.2621614741,-648.6252112915857,550.8582801778921,-57.11454967901409,103.91429625588424,139.40958710568322,640.2054865931343,-13251774.275877476,48.02558626916604,139.537554062542,11966103107.556896,102.65704716760222,103.91429625588424,-12330715024912.418,62.61865320322899,-4.272641296515634,285.46359538969926,240.33979311710644,-244729.94263292692,-193.91890756780504,281.1263717614842,640.2054865931343,-826301617824.0325,2494.8494632957727,1301.4912092604704,97.15776932508204,-6566136.252538674,4746917675713.281,3.0000000000017764,-0.8579830000001571,-64832460.89744446,-29.452993094246,405.28211660843226,-6.671206462700809,0.0,-2.6172549710576683e-19,0.0,2.586094900017628e-18,-879.6477461433423,2.6506919712054726,-879.6477461433423,0.0,-1086.645871917077,0.0,0.0,2810.8199999988938,-14.617700000000752,0.0,0.0,0.0,0.0,0.0,0.0,0.0,0.0,0.0,0.0,0.0,3785.529999999024,-83.48819999995794,0.0,0.0,0.0,0.0,0.0,0.0,0.0,0.0,0.0,0.0,0.0,7388.6299999991315,-42.01050000002476,0.0,0.0,0.0,0.0,0.0,0.0,0.0,0.0,0.0,999.0000000009532,999.0000000009532,1.0000000000000782,-163.69321740345222,gaze,0.5026560252105723,0.4978269032466526,-110.19204806998673,-68.11964065420139,1186.9078095145076,-37.08116249485026,-16.779138238918883,-31.814650940613465,-0.0574144149374209,-0.0849313021774827,1.007128392032083,4.813745859076957,19.417264529543,-12.732675854477009,-28.42471609281933,0.450135793440362,0.5023500704532893,0.7529794090895614,5.786970611614862,-9.119859409916415,-15.501668856618606,-30.20548989615516,0.0853607295446518,0.1130667614539779,0.922835234138409,5.065559050857505,5.284431338348076,True,1.8693994050612568,imu,-0.3899956256000001,-9.5160128952,2.8615629952,2.43758013,3.31176112,-1.31312428,99.0331070706628,-37.83437385192997,133.71934245484823,405.28211660843226,-6.671206462700809,False,0.387249982698171,0.9219747561079245,550.7298456603567,-58.658736706127534,154.2313047063871,640.2054865931343,False,inf
61.486184,-233676.04949384904,-650.6912575330529,551.3315740973121,-57.1861645418204,104.22249334325096,139.89239370320283,642.3438403923944,-13311303.620328426,48.19555687367494,140.020801307496,12022134074.672874,102.96914581534617,104.22249334325096,-12388919066431.371,62.76378409393504,-4.2873481312635775,286.05334543145415,241.05065451221185,-245796.5411592332,-194.55505002291653,281.7077038423656,642.3438403923944,-830199852689.5869,2502.2164446547854,1305.814383946421,97.47845147064191,-6595634.340809133,4769311830824.506,3.0000000000017195,-0.8579830000001394,-65126638.632157445,-29.54801860326163,405.33953111534174,-6.615898214314655,0.0,-2.626051925355804e-19,0.0,2.59478712071204e-18,-882.4320396750999,2.659244004307064,-882.4320396750999,0.0,-1090.079055320963,0.0,0.0,2810.8199999988574,-14.617700000000298,0.0,0.0,0.0,0.0,0.0,0.0,0.0,0.0,0.0,0.0,0.0,3785.529999998951,-83.48819999995567,0.0,0.0,0.0,0.0,0.0,0.0,0.0,0.0,0.0,0.0,0.0,7388.629999999015,-42.010500000024194,0.0,0.0,0.0,0.0,0.0,0.0,0.0,0.0,0.0,999.000000000935,999.000000000935,1.0000000000000568,-164.15833417749033,gaze,0.544524639004021,0.5665351334780814,-110.03619843192666,-67.20232272618772,1186.3797289345505,-37.02390279255371,-17.113073716061045,-32.10443187601293,-0.0597629274326408,-0.0409996717338305,0.9973687286867704,4.666164702528657,19.47468295476894,-12.631133182961008,-28.555854224913485,0.4697155715877433,0.4708800914926794,0.7467432503927216,5.754685378896911,-8.783030187431196,-14.870711408563404,-30.337314561698168,0.2045134338802244,0.2143889725081314,0.8730688344064861,5.20000029116004,3.1474331756921834,True,2.0,imu,-0.4732122079821083,-9.529846543305208,2.876710153376383,1.7240172054219207,3.749680579409256,-2.2924564072081166,99.03300187335086,-37.83162738362518,133.72061263576165,405.33953111534174,-6.615898214314655,False,0.4316304807864382,0.9020505130291032,551.2608467279086,-58.734068492076126,154.1241885048973,642.3438403923943,False,inf
61.490654,-234814.2553741698,-653.0061049464999,551.8617863148884,-57.26634547679839,104.5677535471949,140.43346191847107,644.7397087302376,-13378080.167953968,48.38605705923743,140.5623633239491,12084996806.16412,103.3187665524634,104.5677535471949,-12454221910782.943,62.92626679166709,-4.303828986888106,286.71344203886986,241.84698953578985,-246992.8561202872,-195.26783477600685,282.3583844479785,644.7397087302376,-834573522792.9021,2510.4691957011178,1310.6588942827884,97.8378023854468,-6628723.703120675,4794437213079.828,3.000000000001762,-0.8579830000001536,-65456644.40969897,-29.654495176156328,405.4038480406689,-6.553934209689089,0.0,-2.635910124066282e-19,0.0,2.60452795099571e-18,-885.551692759836,2.6688266014559496,-885.551692759836,0.0,-1093.925729929074,0.0,0.0,2810.819999998901,-14.617700000000582,0.0,0.0,0.0,0.0,0.0,0.0,0.0,0.0,0.0,0.0,0.0,3785.5299999989934,-83.48819999995703,0.0,0.0,0.0,0.0,0.0,0.0,0.0,0.0,0.0,0.0,0.0,7388.629999999102,-42.01050000002476,0.0,0.0,0.0,0.0,0.0,0.0,0.0,0.0,0.0,999.0000000009496,999.0000000009496,1.0000000000000782,-164.67937252821147,gaze,0.5015314228618374,0.4968139859120497,-109.51604725334296,-67.50823885298158,1186.713702830818,-37.06976044624543,-16.781293169491192,-31.825472608921256,-0.056969972174558,-0.0851805831945219,1.0070566303131134,4.816200956119707,19.37799707730689,-12.743035439402838,-28.44294986620841,0.449973400833324,0.5020686423959084,0.7530530555893977,5.793759736029363,-8.80862878633545,-15.499362997190676,-30.204806534442145,0.0863153424748626,0.1132078854229896,0.9227264768945902,5.070438608176379,6.914499032293069,True,1.661955417173938,imu,-0.3953790008,-9.5333593264,2.8466091752,2.84133327,2.84071579,-1.74678506,99.0328934797694,-37.82856702367564,133.72199460305112,405.4038480406689,-6.553934209689089,False,0.4590596946974054,0.8884054236126233,551.8558287385127,-58.81585298155071,154.10007442648708,644.7397087302376,False,inf
61.499124,-236983.13804667105,-657.409935660534,552.870252373812,-57.41871558773608,105.22443792038644,141.46315424288463,649.2976920080325,-13505345.751962662,48.74864728980801,141.59299532866993,12204833674.039732,103.98371474250123,105.22443792038644,-12578716472117.955,63.23501468695127,-4.335191238553553,287.96727493034075,243.36157969656784,-249272.4573796518,-196.62395968616752,283.59434958182527,649.2976920080325,-842911541727.9869,2526.165428948607,1319.877324924911,98.52158971090394,-6691787.185938697,4842336549301.127,3.000000000001805,-0.8579830000001643,-66085625.15540903,-29.85708166538016,405.5261724477841,-6.436065799608571,0.0,-2.654670103086263e-19,0.0,2.623064579957521e-18,-891.486796121929,2.6870588251995047,-891.486796121929,0.0,-1101.243910240945,0.0,0.0,2810.819999998879,-14.617700000000582,0.0,0.0,0.0,0.0,0.0,0.0,0.0,0.0,0.0,0.0,0.0,3785.529999999009,-83.48819999995817,0.0,0.0,0.0,0.0,0.0,0.0,0.0,0.0,0.0,0.0,0.0,7388.6299999991315,-42.01050000002533,0.0,0.0,0.0,0.0,0.0,0.0,0.0,0.0,0.0,999.0000000009568,999.0000000009568,1.0000000000000815,-165.67035116228237,gaze,0.5003846763018485,0.4957758943999236,-108.81600488958009,-66.53870555315679,1186.166029538207,-37.05843889157886,-16.783682047123442,-31.836763695800645,-0.0565252400147291,-0.0854105219002274,1.0069761228120382,4.818604402971285,19.33591882491136,-12.753287682858463,-28.460781727442104,0.4497894900234632,0.5017419616344841,0.7531457904259719,5.8003956887422605,-8.413306024272774,-15.497291760298706,-30.204552486689924,0.0872810412407248,0.1133557288529398,0.9226144484835124,5.075277448147477,5.306886124481922,True,1.4392304844812165,imu,-0.4193051128000001,-9.5261814928,2.835244272,3.02825602,2.48182411,-1.90380017,99.0327121699061,-37.82279377943282,133.724498657583,405.5261724477841,-6.436065799608571,False,0.5283262137079816,0.8490414665427055,552.9874498001416,-58.96379609154866,152.95251604132102,649.2976920080325,False,inf
61.506165,-238798.25922444,-661.088303993825,553.7123658136443,-57.5458171852581,105.7727958220716,142.32356939048375,653.1048338039479,-13611874.362587452,49.05168360547821,142.45419561746505,12305174419.220894,104.53894310378796,105.7727958220716,-12682963197042.314,63.49253821777792,-4.36139564081817,289.0126088970985,244.6262857086146,-251180.2282260915,-197.75678706639656,284.62480466205835,653.1048338039479,-849893435144.1189,2539.2719300677168,1327.5792597386155,99.09288162842245,-6744575.316233203,4882445360294.287,3.0000000000017906,-0.8579830000001571,-66612159.89883302,-30.02631766739291,405.6283118441006,-6.337628104710802,0.0,-2.670345130212049e-19,0.0,2.6385529854311525e-18,-896.4443726214705,2.702289597203062,-896.4443726214705,0.0,-1107.356694450678,0.0,0.0,2810.819999998872,-14.617700000000356,0.0,0.0,0.0,0.0,0.0,0.0,0.0,0.0,0.0,0.0,0.0,3785.5299999989656,-83.48819999995612,0.0,0.0,0.0,0.0,0.0,0.0,0.0,0.0,0.0,0.0,0.0,7388.629999998986,-42.01050000002499,0.0,0.0,0.0,0.0,0.0,0.0,0.0,0.0,0.0,999.0000000009496,999.0000000009496,1.000000000000071,-166.4978232280883,gaze,0.54480330546656,0.5669057893628222,-110.73171559917182,-67.71364950432094,1186.3373212508943,-37.01706160599964,-17.12064725030953,-32.08435548042187,-0.0603378304809868,-0.0414120100707448,0.9973175834452596,4.665919184348189,19.477909342641524,-12.626661625434338,-28.56164964744401,0.4705300373741146,0.4716594232446149,0.745741038139572,5.763754913633925,-8.779665926216431,-14.8705456147874,-30.337315056482588,0.2048560119704,0.2147559031819432,0.8725849931489706,5.205993556976319,1.5619092779415316,True,2.0,imu,-0.469084424204459,-9.530404930132327,2.8757587359548644,1.758555141328064,3.681256610565586,-2.2668291411395254,99.0325825627131,-37.81802035328397,133.7264589529901,405.6283118441006,-6.337628104710802,False,0.5926775496563318,0.805439831479277,553.9318952868256,-59.07970629807061,150.70865892330443,653.1048338039479,False,inf
61.507594,-239167.99785954924,-661.8367907898545,553.8836971704768,-57.57166164839521,105.8843611462479,142.49868822207165,653.8795254484698,-13633576.48156929,49.1133661083376,142.6294742408844,12325619311.572826,104.6519028752746,105.8843611462479,-12704204620864.771,63.544899756804696,-4.366728753144544,289.2251009378758,244.88359036008188,-251568.8384259764,-197.98730999558143,284.8342741338123,653.8795254484698,-851316070154.9255,2541.938439469616,1329.1467080314997,99.20914643422932,-6755329.409887351,4890617956485.621,3.0000000000017764,-0.8579830000001607,-66719430.7278864,-30.06075687551864,405.6490917364608,-6.317599202753229,0.0,-2.6735353436051483e-19,0.0,2.6417052172057935e-18,-897.4531780646165,2.705389030647004,-897.4531780646165,0.0,-1108.600562276799,0.0,0.0,2810.819999998879,-14.617700000000582,0.0,0.0,0.0,0.0,0.0,0.0,0.0,0.0,0.0,0.0,0.0,3785.5299999989934,-83.48819999995703,0.0,0.0,0.0,0.0,0.0,0.0,0.0,0.0,0.0,0.0,0.0,7388.6299999991315,-42.01050000002556,0.0,0.0,0.0,0.0,0.0,0.0,0.0,0.0,0.0,999.0000000009712,999.0000000009712,1.0000000000000815,-166.66617146048358,gaze,0.4992159327303961,0.4947127522047268,-108.68619589784588,-65.84440785372412,1185.5145733539694,-37.047206328671685,-16.786304962564895,-31.848518053934644,-0.0560802906798415,-0.085621145363447,1.0068868683280277,4.820955936693145,19.291243120963152,-12.763428861282785,-28.47815907066709,0.4495839012917523,0.5013699261846294,0.753257709408719,5.806876944260275,-8.013731578728049,-15.495458306005697,-30.20471017563139,0.088257601817987,0.113510224470795,0.9224991975120548,5.080074743566229,-1.873151496749477,True,1.2046786513430952,imu,-0.4133235848,-9.5249851872,2.835244272,2.99087147,1.9509635,-2.001,99.03255832746711,-37.81705444395595,133.72684269807155,405.6490917364608,-6.317599202753229,False,0.5945636339965522,0.8040485589370917,554.1239455371863,-59.10244240418404,150.76494043064957,653.8795254484698,False,inf
61.516064,-241368.9228149516,-666.2867579064358,554.9021395686177,-57.72518529847128,106.54753502381104,143.54008806437523,658.4852982886896,-13762777.83105421,49.48022268803787,143.67182429002204,12447359341.278357,105.32334211222056,106.54753502381104,-12830692292515.492,63.85592487307606,-4.398442234103108,290.486926932194,246.4130483507211,-253882.09161143115,-199.3579134702248,286.0781650724872,658.4852982886896,-859787505173.7216,2557.788504352922,1338.4672509988989,99.90048772770228,-6819353.094114356,4939283715785.568,3.0000000000017764,-0.8579830000001571,-67358088.82602973,-30.26552513146364,405.77260781689984,-6.198532385307942,0.0,-2.6925062823000832e-19,0.0,2.660450294218706e-18,-903.4509607376344,2.723817607025441,-903.4509607376344,0.0,-1115.9958358455794,0.0,0.0,2810.819999998821,-14.617700000000523,0.0,0.0,0.0,0.0,0.0,0.0,0.0,0.0,0.0,0.0,0.0,3785.529999998922,-83.48819999995567,0.0,0.0,0.0,0.0,0.0,0.0,0.0,0.0,0.0,0.0,0.0,7388.629999998986,-42.01050000002499,0.0,0.0,0.0,0.0,0.0,0.0,0.0,0.0,0.0,999.0000000009532,999.0000000009532,1.0000000000000675,-167.66685162360133,gaze,0.4980253461203726,0.4936246900968049,-109.99704598363462,-66.46146230110824,1185.4037116864804,-37.03607117210136,-16.789161935048956,-31.860729355092104,-0.0556351976544229,-0.0858124866351006,1.0067888680354715,4.8232553132813125,19.244311741612943,-12.773456234501738,-28.495031355378256,0.4493564771422514,0.500952443697148,0.7533889052138703,5.81320200465131,-7.7348970907392065,-15.493865765291735,-30.20526611594443,0.0892447962659966,0.1136713031617984,0.9223807738462734,5.084829675046032,-9.189389138468558,True,0.9618869641543584,imu,-0.4330626272,-9.5339574792,2.835244272,3.11797894,1.80890221,-2.06081528,99.03242713689232,-37.81134934348708,133.7290150011591,405.77260781689984,-6.198532385307942,False,0.6572939813707592,0.7536342760608598,555.2645328300961,-59.23173105749592,147.52064098433334,658.4852982886896,False,inf
61.524534,-243586.0012371768,-670.7599247982973,555.9255984799274,-57.87928818078899,107.21397138038074,144.58737804341465,663.1150999812528,-13892955.29534769,49.84922622790596,144.72006977084288,12570059407.840122,105.99804363867456,107.21397138038074,-12958185446153.2,64.16809291173999,-4.430332386682842,291.7527597809335,247.9499805566901,-256212.3096260044,-200.7357979448317,287.3260293641225,663.1150999812528,-868326245461.8237,2573.7159013454075,1347.8391617758086,100.59562880315237,-6883860.968039572,4988336117414.826,3.0000000000017906,-0.8579830000001678,-68001627.25452286,-30.47139076941128,405.8967226028217,-6.078863309344797,0.0,-2.7115833570393387e-19,0.0,2.679300243651379e-18,-909.4802666058324,2.742344944579157,-909.4802666058324,0.0,-1123.4298811415183,0.0,0.0,2810.819999998836,-14.617700000000468,0.0,0.0,0.0,0.0,0.0,0.0,0.0,0.0,0.0,0.0,0.0,3785.529999998951,-83.48819999995499,0.0,0.0,0.0,0.0,0.0,0.0,0.0,0.0,0.0,0.0,0.0,7388.629999999044,-42.010500000025445,0.0,0.0,0.0,0.0,0.0,0.0,0.0,0.0,0.0,999.0000000009712,999.0000000009712,1.0000000000000746,-168.67240989844217,gaze,0.4968130772698989,0.4925118461801161,-113.20381547316326,-69.12681772354448,1186.4800893995457,-37.02504175081342,-16.792252911578977,-31.87339109412503,-0.0551900356957941,-0.0859845848008798,1.0066821255063017,4.82550230787755,19.195615896531244,-12.783368024257944,-28.51135008113194,0.4491070623300798,0.500489431551859,0.7535394673507628,5.819369399948353,-7.737924881199179,-15.492517237799424,-30.20621124779548,0.0902423927131104,0.1138388939609331,0.9222592286182608,5.0895414311734415,-2.643038961645872,True,0.7145301196974467,imu,-0.4474182944000001,-9.551902063200002,2.8280664384,3.18527113,1.56964109,-1.99352309,99.03231378619734,-37.80567880580006,133.7310040502642,405.8967226028217,-6.078863309344797,False,0.7160508596744279,0.6980481117799207,556.4084136827768,-59.351666691871486,143.21043841849038,663.1150999812528,False,inf
61.526257,-244038.99305243493,-671.6727212437501,556.1344101685154,-57.91070742965815,107.34994083016552,144.80114495657332,664.0598613114835,-13919556.47061062,49.924553970509926,144.93403170587118,12595137547.6671,106.13569433990412,107.34994083016552,-12984244205168.89,64.23173549113532,-4.436841292853833,292.0107514374697,248.26354650644183,-256688.4164390291,-201.0169862283106,287.58036169587496,664.0598613114835,-870071503168.2618,2576.9654044093354,1349.7519382232786,100.73750354967652,-6897042.920212716,4998362078307.504,3.000000000001819,-0.8579830000001678,-68133138.19076833,-30.51340346284159,405.9220439656583,-6.054445863829869,0.0,-2.7154771197821044e-19,0.0,2.6831476485495338e-18,-910.7106407637514,2.746125970670957,-910.7106407637514,0.0,-1124.946902537311,0.0,0.0,2810.8199999988574,-14.617700000000752,0.0,0.0,0.0,0.0,0.0,0.0,0.0,0.0,0.0,0.0,0.0,3785.52999999898,-83.48819999995635,0.0,0.0,0.0,0.0,0.0,0.0,0.0,0.0,0.0,0.0,0.0,7388.6299999991315,-42.01050000002613,0.0,0.0,0.0,0.0,0.0,0.0,0.0,0.0,0.0,999.0000000009786,999.0000000009786,1.0000000000000853,-168.87756317005673,gaze,0.545083519998632,0.5672785043438647,-111.4310965572964,-68.22781684460676,1186.294677980787,-37.01018241475573,-17.12826285764253,-32.06416755488183,-0.0609159272753097,-0.0418266390615503,0.9972661540777388,4.665672302246094,19.48115365399411,-12.62216522716469,-28.56747726515501,0.4713490277439543,0.4724430844007075,0.7447332583192288,5.77287483215332,-8.77461541093789,-14.872101757326138,-30.33015084099453,0.2049761913917074,0.2149400096778217,0.8720565641654752,5.210420227050781,0.7272482617558051,True,2.0,imu,-0.4648994738042565,-9.531015934872494,2.8745974980473434,1.7812449070495078,3.605855989528632,-2.248421009625155,99.0322924795968,-37.80452954335174,133.73138521965254,405.9220439656583,-6.054445863829869,False,0.7351222678627997,0.677934547941211,556.641436973149,-59.37492490646379,141.37495504185887,664.0598613114836,False,inf
61.533004,-245819.3217732696,-675.2563794697759,556.9540928641127,-58.03397194130503,107.88368207157,145.6405824981742,667.7690201944071,-14024114.390063286,50.22038595276096,145.77423504352646,12693725178.154692,106.67601866389556,107.88368207157,-13086690064499.031,64.48140675289974,-4.462399917951236,293.022606348625,249.494413930088,-258559.58549812573,-202.12099132298067,288.57787397269186,667.7690201944071,-876932691277.2781,2589.72090885287,1357.26264886403,101.29458491201125,-6948855.771374542,5037777460666.885,3.0000000000017906,-0.8579830000001607,-68650073.92403802,-30.67835813687713,406.02143801143393,-5.958589932817972,0.0,-2.730767006883956e-19,0.0,2.6982554993375027e-18,-915.5412184495948,2.760971434571206,-915.5412184495948,0.0,-1130.9028487446503,0.0,0.0,2810.819999998821,-14.617700000000582,0.0,0.0,0.0,0.0,0.0,0.0,0.0,0.0,0.0,0.0,0.0,3785.529999998937,-83.48819999995521,0.0,0.0,0.0,0.0,0.0,0.0,0.0,0.0,0.0,0.0,0.0,7388.629999999044,-42.01050000002556,0.0,0.0,0.0,0.0,0.0,0.0,0.0,0.0,0.0,999.0000000009786,999.0000000009786,1.000000000000071,-169.6828645778946,gaze,0.4955792938544407,0.4913743659499416,-116.39981984034186,-72.24965429777279,1188.0925569024553,-37.01412630573329,-16.795577766214123,-31.886496592966136,-0.05474488084424,-0.0861374850339514,1.0065666467323195,4.827696714980549,19.145817074115943,-12.7931633927405,-28.52706876225944,0.4488355038893874,0.4999808169514203,0.7537094821281468,5.825377688553421,-8.18272455347825,-15.49141578957918,-30.20754127038295,0.0912501553421139,0.114012924044387,0.9221346142330074,5.094209208663373,29.260232083505013,True,0.466325113493567,imu,-0.4857000736000001,-9.5746318696,2.8149070768,3.26751714,1.45001053,-1.94118472,99.0322134725035,-37.80004316024477,133.73279854534226,406.02143801143393,-5.958589932817972,False,0.7703831739543032,0.6375811832920525,557.5547804981064,-59.46232181663915,137.8331825979107,667.7690201944071,False,inf
61.536702,-246799.5053245012,-677.2268562511972,557.4047172816299,-58.10168942351015,108.17710748983004,146.10227236434648,669.8085073461343,-14081687.677967548,50.38311275655949,146.2363460751812,12748021926.506536,106.9730518607143,108.17710748983004,-13143113884589.111,64.61855957108902,-4.476456402680446,293.5782815486682,250.1710724931042,-259589.7788666141,-202.7280656893189,289.1256790719474,669.8085073461343,-880711598886.3496,2596.7331018088826,1361.3931691552823,101.60094930846512,-6977385.892978866,5059486102918.965,3.0000000000017906,-0.8579830000001536,-68934731.99059707,-30.76906666340185,406.0760775795152,-5.905888569554008,0.0,-2.739176118944295e-19,0.0,2.706564495303496e-18,-918.1973844168326,2.7691349507391947,-918.1973844168326,0.0,-1134.1777894825111,0.0,0.0,2810.8199999987773,-14.617700000000298,0.0,0.0,0.0,0.0,0.0,0.0,0.0,0.0,0.0,0.0,0.0,3785.529999998922,-83.4881999999543,0.0,0.0,0.0,0.0,0.0,0.0,0.0,0.0,0.0,0.0,0.0,7388.629999998928,-42.010500000025445,0.0,0.0,0.0,0.0,0.0,0.0,0.0,0.0,0.0,999.0000000009786,999.0000000009786,1.000000000000064,-170.1255690811822,gaze,0.4950339213577184,0.490870054854971,-116.56056283100284,-72.58686525711417,1188.3335696551055,-37.00939844836739,-16.79710269519168,-31.89235587992331,-0.0545505482212456,-0.0861982334330213,1.0065134910170708,4.828638252596038,19.12393777613478,-12.797403525716504,-28.533731950460453,0.4487099586264089,0.4997444381964686,0.753789832350879,5.827950647652138,-8.547129138306396,-15.49101315714372,-30.2082426740921,0.0916932715476595,0.1140909060011939,0.9220792587329382,5.096233164293436,51.14205061287426,True,0.3586400945086327,imu,-0.4627111544144897,-9.5313529187378,2.873913469281117,1.7882775712863082,3.5641438829089216,-2.241696203523179,98.499886,-37.65313880000001,133.7848232,406.0760775795152,-5.905888569554008,False,0.7926062447300795,0.6097338278420195,558.0558568741111,-59.50775707163506,135.15238828782924,669.8085073461343,False,inf
61.541473,-248068.7068238458,-679.7756751303751,557.9875194052147,-58.18921986334237,108.55659933035622,146.69960043514936,672.4465950624822,-14156244.991374493,50.59366690893076,146.83421902143388,12818347568.68307,107.35719779468242,108.55659933035622,-13216196801802.023,64.7958320862486,-4.494641719213654,294.2963228615441,251.0461918111637,-260923.73242611365,-203.5133567356696,289.83355735599525,672.4465950624822,-885606216275.6729,2605.8019025251965,1366.7367995681043,101.99728814507242,-7014332.493786354,5087604147325.354,3.000000000001805,-0.8579830000001571,-69303379.41812994,-30.88640696131926,406.1467411323283,-5.837724516944718,0.0,-2.750055388227112e-19,0.0,2.717314239619589e-18,-921.6332181557306,2.779695252527666,-921.6332181557306,0.0,-1138.4140004093233,0.0,0.0,2810.8199999988137,-14.617700000000298,0.0,0.0,0.0,0.0,0.0,0.0,0.0,0.0,0.0,0.0,0.0,3785.529999998893,-83.48819999995453,0.0,0.0,0.0,0.0,0.0,0.0,0.0,0.0,0.0,0.0,0.0,7388.629999998986,-42.01050000002556,0.0,0.0,0.0,0.0,0.0,0.0,0.0,0.0,0.0,999.0000000009786,999.0000000009786,1.0000000000000675,-170.69811383184722,gaze,0.4943243199160163,0.4902125409752674,-114.78450129076506,-71.22402863693479,1187.716677125101,-37.00333425415107,-16.799135865438597,-31.90003738024375,-0.0542998629717978,-0.0862712239841297,1.0064424553265685,4.829838098929482,19.095765356403245,-12.802841285209428,-28.54214116260743,0.4485416871764602,0.4994266051530925,0.7538990090851879,5.83122477676133,-9.182475674286607,-15.490564536466094,-30.209256749963988,0.0922677236470996,0.11419329705027,0.9220069996195572,5.098831669378924,84.48733101067651,True,0.2210145396971929,imu,-0.4910834488,-9.587193078400002,2.817299688,2.92357928,1.33785688,-1.94118472,99.03212141813844,-37.79444339690605,133.73438723762547,406.1467411323283,-5.837724516944718,False,0.8198533664405601,0.5725735389765062,558.702686061537,-59.56382731773973,131.39702352698538,672.4465950624823,False,inf
61.546237,-249341.24464571656,-682.3281829533787,558.5710726648394,-58.2768068231868,108.93657853086114,147.2979400336125,675.0885048037171,-14231007.1987195,50.80460062479317,147.43310439240676,12888879368.485195,107.74182358225968,108.93657853086114,-13289496519847.062,64.97320908300611,-4.512856959714126,295.0145857072954,251.9224190639996,-262261.18834773573,-204.29982725097736,290.5416615730908,675.0885048037171,-890515341970.4241,2614.882145003446,1372.089050813477,102.39426296327396,-7051380.787048761,5115805535643.121,3.0000000000018616,-0.8579830000001678,-69673057.62937304,-31.00392665589225,406.2174923751845,-5.769467863082809,0.0,-2.7609527150249508e-19,0.0,2.728081826462606e-18,-925.0741076317606,2.790271699464653,-925.0741076317606,0.0,-1142.6564140315088,0.0,0.0,2810.8199999988137,-14.617700000000523,0.0,0.0,0.0,0.0,0.0,0.0,0.0,0.0,0.0,0.0,0.0,3785.529999998937,-83.48819999995453,0.0,0.0,0.0,0.0,0.0,0.0,0.0,0.0,0.0,0.0,0.0,7388.629999999044,-42.01050000002601,0.0,0.0,0.0,0.0,0.0,0.0,0.0,0.0,0.0,999.0000000009968,999.0000000009968,1.0000000000000815,-171.27138031673098,gaze,0.5454413949949463,0.5676203388458124,-112.3214551917434,-68.695445677213,1186.22326229265,-37.0115611050415,-17.13021452754182,-32.06133506693878,-0.0616435861364198,-0.0422078108934751,0.9972053795421596,4.669887542724609,19.49051948956249,-12.6435833164924,-28.55183598067649,0.4728090917698353,0.4684551033473368,0.7463252500670332,5.766865253448486,-8.769778531390738,-14.875682954881238,-30.32257527904722,0.2051455219719403,0.2146502976686418,0.8717871778219883,5.213780159660883,121.34852097515734,False,-1.0,imu,-0.4607062821567724,-9.531671965841308,2.873241391325076,1.7918824041510624,3.524619237360541,-2.237216486976835,99.03207146955836,-37.791309006881065,133.73518648804676,406.2174923751845,-5.769467863082809,False,0.8513404231792712,0.5246136519963425,559.348839909942,-59.6169885692368,126.17736653046188,675.0885048037171,False,inf
61.549943,-250334.77687880176,-684.3189674651564,559.0261412065556,-58.34507026160293,109.23289398093232,147.7647064146935,677.1490193114939,-14289383.859191896,50.96916652437957,147.90029651435643,12943961720.564068,108.04175315122404,109.23289398093232,-13346742271319.05,65.11144605310523,-4.527066115177243,295.57421697226323,252.6057077380709,-263305.40241392417,-204.9132510362455,291.0933830090382,677.1490193114939,-894349272145.5089,2621.962959674085,1376.2640608492889,102.7039197787668,-7080309.358036686,5137830261508.957,3.000000000001833,-0.8579830000001643,-69961726.13889222,-31.095590744356183,406.2726634805822,-5.71623646861849,0.0,-2.769453497531897e-19,0.0,2.736481401474464e-18,-927.7578277832978,2.798521213444701,-927.7578277832978,0.0,-1145.9652612726748,0.0,0.0,2810.819999998799,-14.617700000000523,0.0,0.0,0.0,0.0,0.0,0.0,0.0,0.0,0.0,0.0,0.0,3785.529999998937,-83.48819999995499,0.0,0.0,0.0,0.0,0.0,0.0,0.0,0.0,0.0,0.0,0.0,7388.629999999073,-42.010500000025786,0.0,0.0,0.0,0.0,0.0,0.0,0.0,0.0,0.0,999.0000000009932,999.0000000009932,1.0000000000000746,-171.71841580029587,gaze,0.4930480406540042,0.4890262573196986,-106.8512706260985,-64.25882325645436,1184.105033533986,-36.992671104398816,-16.80292777557633,-31.9140096424734,-0.0538549556140113,-0.0863858907347828,1.006309532857873,4.83192679928497,19.04645628313501,-12.812404965674018,-28.556528313695367,0.4482253944954778,0.4988266124111852,0.7541081727785459,5.836910661879737,-10.758652165550837,-15.489966269242355,-30.211364308605454,0.0932950942044158,0.1143799790152744,0.9218764096069112,5.103409118453223,149.39619192582748,False,-0.0177943509517577,imu,-0.4862982264000001,-9.6135118016,2.815505229600001,2.62450288,1.47991817,-1.58229304,99.03203283375356,-37.78887852597124,133.73575966565693,406.2726634805822,-5.71623646861849,False,0.864064012278819,0.5033819451317546,559.8515918042766,-59.65642082904176,123.91663179235816,677.1490193114939,False,inf
61.558413,-252617.356920519,-688.8858128826073,560.0698556463867,-58.50150649456191,109.91249870174197,148.83580027706404,681.875832371838,-14423521.028131008,51.34685015345973,148.97236727015766,13070558709.922668,108.72961577675144,109.91249870174197,-13478317295288.336,65.42821448721804,-4.559670021853843,296.85614537578726,254.1728060696184,-265704.4113702591,-206.32053836167304,292.3572098560484,681.875832371838,-903161243783.8048,2638.202466483477,1385.8435272482066,103.41441243646484,-7146781.432447635,5188452269578.41,3.000000000001833,-0.8579830000001571,-70625065.46730271,-31.305889367003093,406.3991922240657,-5.594137969096551,0.0,-2.7889595062455773e-19,0.0,2.7557551781194984e-18,-933.9144536102064,2.817447506668075,-933.9144536102064,0.0,-1153.555898485131,0.0,0.0,2810.819999998799,-14.617700000000356,0.0,0.0,0.0,0.0,0.0,0.0,0.0,0.0,0.0,0.0,0.0,3785.529999998864,-83.4881999999534,0.0,0.0,0.0,0.0,0.0,0.0,0.0,0.0,0.0,0.0,0.0,7388.629999998957,-42.01050000002601,0.0,0.0,0.0,0.0,0.0,0.0,0.0,0.0,0.0,999.0000000009932,999.0000000009932,1.0000000000000675,-172.74366932691444,gaze,0.4917507916159842,0.487815818741259,-102.50036539596545,-60.168698746920015,1181.6296855926262,-36.98214610069269,-16.80695274123544,-31.928404633623447,-0.0534102912741313,-0.0864815321161912,1.0061679068605007,4.833962413912745,18.99902861279288,-12.821855139138508,-28.57018780361356,0.4478865132594152,0.4981808587018146,0.7543370284893853,5.8424332899238784,-12.801098521533412,-15.489624054996712,-30.21387574343833,0.0943318997022068,0.1145728705644102,0.9217429153512552,5.107940229448332,207.49399175610588,False,-0.2465005552152262,imu,-0.481513004,-9.611119190400002,2.8095237016,2.2656112,1.61450255,-1.51500085,99.03194298822656,-37.78334954507615,133.73690503759698,406.3991922240657,-5.594137969096551,False,0.90262649051178,0.4304246956511526,561.0005605461017,-59.74037589431578,115.4180756201206,681.8758323718381,False,inf
61.566329,-254765.64454502065,-693.175324416868,561.0499243462182,-58.64824173040711,110.55065527971772,149.84227172910616,686.3156054855167,-14549792.087361813,51.70181316716688,149.97975660230313,13189768932.140682,109.375487012504,110.55065527971772,-13602222470009.465,65.72531017931377,-4.590304308781943,298.0578794512652,255.64428346586388,-267962.2659589728,-207.6424872156756,293.5419965178323,686.3156054855167,-911459509314.3314,2653.450959898197,1394.843807652335,104.0819377747521,-7209355.889710601,5236123192407.797,3.000000000001876,-0.8579830000001607,-71249556.06256935,-31.503444651253165,406.5179949676858,-5.479471919825301,0.0,-2.80728761578711e-19,0.0,2.7738650792653613e-18,-939.6974442769844,2.835226934598329,-939.6974442769844,0.0,-1160.6857843100356,0.0,0.0,2810.8199999988065,-14.61770000000064,0.0,0.0,0.0,0.0,0.0,0.0,0.0,0.0,0.0,0.0,0.0,3785.529999998893,-83.48819999995408,0.0,0.0,0.0,0.0,0.0,0.0,0.0,0.0,0.0,0.0,0.0,7388.629999998986,-42.01050000002647,0.0,0.0,0.0,0.0,0.0,0.0,0.0,0.0,0.0,999.0000000010076,999.0000000010076,1.0000000000000782,-173.70635645527625,gaze,0.5457832178809673,0.5684207113835508,-113.172429307151,-69.80376060584621,1186.124683071783,-37.01531689961008,-17.1294319848044,-32.05979503838913,-0.0623370617569919,-0.0431156430759425,0.9971234286955918,4.673338890075684,18.95748116709903,-12.830586972225714,-28.58226180426963,0.4475492496520364,0.4975359438625668,0.7545687822523246,5.847445937337923,-14.416907627660368,-15.327460567321618,-30.667069717322267,0.1517069333636306,0.1630760284573852,0.8966947500061668,5.107250189013156,242.1017382442841,False,-1.0,imu,-0.4564604193499935,-9.532379507054532,2.8716775011127083,1.7908518365948407,3.4370103462232606,-2.2328185942300345,99.0318537124689,-37.77821494279673,133.73776108434836,406.5179949676858,-5.479471919825301,False,0.9318054842866637,0.3629580408990777,562.0737387255651,-59.81134667693704,107.08694687521168,686.3156054855167,False,inf
61.566883,-254916.5368928621,-693.4763002549042,561.1186818771075,-58.65853022073577,110.59542546196144,149.91290662355632,686.6271247770147,-14558662.096941948,51.726727124628766,150.05045591154635,13198144292.93999,109.42079697644624,110.59542546196144,-13610927951448.28,65.74614028522336,-4.592454153588876,298.14211492392485,255.74751401422395,-268120.8536834276,-207.7352468917246,293.6250448515256,686.6271247770147,-912042537802.0648,2654.5207040024634,1395.475409486206,104.12878152850284,-7213751.498089794,5239472507324.346,3.0000000000018616,-0.8579830000001678,-71293425.73998985,-31.51730722219752,406.5263292940781,-5.471426959830524,0.0,-2.808573858216157e-19,0.0,2.775136008118353e-18,-940.103219682961,2.836474527548672,-940.103219682961,0.0,-1161.1860641747903,0.0,0.0,2810.819999998792,-14.617700000000582,0.0,0.0,0.0,0.0,0.0,0.0,0.0,0.0,0.0,0.0,0.0,3785.529999998907,-83.48819999995453,0.0,0.0,0.0,0.0,0.0,0.0,0.0,0.0,0.0,0.0,0.0,7388.629999999015,-42.01050000002658,0.0,0.0,0.0,0.0,0.0,0.0,0.0,0.0,0.0,999.0000000010076,999.0000000010076,1.0000000000000782,-173.7738928894909,gaze,0.4904327685071636,0.4865814008767451,-115.24297211010771,-71.51208347622936,1186.8304130317122,-36.971767108006695,-16.811210337565583,-31.94321502394151,-0.0529659512258547,-0.0865582181776866,1.006017593228679,4.835944816848623,18.95470144128944,-12.831194514775508,-28.583080952702435,0.4475248998979773,0.4974893114560194,0.7545856493875975,5.847791336807656,-15.08075689155897,-15.489540802869824,-30.21680912448489,0.095377888395612,0.1147718913535531,0.9216065744176126,5.112424233143567,243.8456330011364,False,-0.4616713799994684,imu,-0.481513004,-9.5961653704,2.808327396000001,2.02635008,1.5023489,-1.58976995,99.03184717039792,-37.77785679031642,133.73781301712972,406.5263292940781,-5.471426959830524,False,0.9351887354469296,0.3541497269421119,562.1488049376561,-59.81605148625363,105.93613794443246,686.6271247770147,False,inf
61.575353,-257232.407065388,-698.0905186718583,562.1726390994445,-58.81614310178804,111.2816862592449,150.9960501212647,691.4029872774972,-14694812.685252666,52.10880679234464,151.1345871270849,13326724248.228418,110.11530807953226,111.2816862592449,-13744580341409.736,66.06522634789687,-4.625419226553068,299.4321324652351,257.3298588445813,-270554.82408326684,-209.15740487543528,294.89689494753657,691.4029872774972,-920993562408.054,2670.9179539429724,1405.1599188413793,104.84704250507248,-7281222.346422434,5290893319707.027,3.0000000000018616,-0.8579830000001607,-71966835.40058057,-31.72984871427009,406.65407662542384,-5.348101378136903,0.0,-2.8282969984924942e-19,0.0,2.794624331221248e-18,-946.324250365638,2.8556026724627217,-946.324250365638,0.0,-1168.8559108580382,0.0,0.0,2810.819999998763,-14.617700000000411,0.0,0.0,0.0,0.0,0.0,0.0,0.0,0.0,0.0,0.0,0.0,3785.529999998864,-83.4881999999534,0.0,0.0,0.0,0.0,0.0,0.0,0.0,0.0,0.0,0.0,0.0,7388.629999998957,-42.01050000002601,0.0,0.0,0.0,0.0,0.0,0.0,0.0,0.0,0.0,999.0000000010004,999.0000000010004,1.0000000000000746,-174.80910501218878,gaze,0.4890941741706854,0.485323187042831,-137.11731627270137,-91.7713007097336,1196.454956603144,-36.96154189135372,-16.815700063201476,-31.958433330742537,-0.0525220180766959,-0.0866160253195771,1.005858610388127,4.837873902541237,18.914740969774986,-12.840426634855357,-28.595170969647324,0.4471404132597512,0.4967519483967793,0.7548541052740363,5.852983508833623,-17.318897209110826,-15.489719377137275,-30.220188948477432,0.0964328045212875,0.1149769591371072,0.921467445678202,5.116860369222608,244.2248717760493,False,-0.6600585863599017,imu,-0.5012520464000001,-9.585996772800002,2.808327396000001,1.5926893,1.53225654,-1.72435433,99.0317407058632,-37.77240059958468,133.73847353328034,406.65407662542384,-5.348101378136903,False,0.9614327845349362,0.2750399985845677,563.2955585414646,-59.88387945816688,95.515157940735,691.4029872774972,False,inf
61.583823,-259565.0580339204,-702.7285574411459,563.2317465625183,-58.97434680253332,111.97129311975378,152.08525550316165,696.2035108409548,-14831978.43362236,52.4930985370988,152.2247856712686,13456304376.874529,110.8131604392944,111.97129311975378,-13879280590702.02,66.38547558015355,-4.658565958744506,300.72620484499106,258.9198678977243,-273006.4176417446,-210.58704063117685,296.1727670936796,696.2035108409548,-930014727408.8704,2687.394498680441,1414.8972671492245,105.56921085626658,-7349196.779312495,5342717060874.027,3.00000000000189,-0.8579830000001714,-72645322.99989787,-31.94351825895786,406.7824361564672,-5.22415915719364,0.0,-2.8481293733257906e-19,0.0,2.814220588366426e-18,-952.5776703402504,2.8748323388129937,-952.5776703402504,0.0,-1176.5655914399897,0.0,0.0,2810.8199999988065,-14.617700000000523,0.0,0.0,0.0,0.0,0.0,0.0,0.0,0.0,0.0,0.0,0.0,3785.529999998864,-83.48819999995362,0.0,0.0,0.0,0.0,0.0,0.0,0.0,0.0,0.0,0.0,0.0,7388.629999999044,-42.010500000026695,0.0,0.0,0.0,0.0,0.0,0.0,0.0,0.0,0.0,999.0000000010186,999.0000000010186,1.0000000000000815,-175.8493242655985,gaze,0.487735218639754,0.484041368293785,-128.83966413943372,-86.15968597890321,1192.5808930109747,-36.95147811339732,-16.820421339548687,-31.974051922406023,-0.0520785757781612,-0.0866550363458472,1.00569097931838,4.83974958606321,18.880421359374942,-12.849555853275742,-28.60642292619179,0.4467329146401824,0.4959687576328452,0.7551424625468264,5.858008543096904,-19.24821933953571,-15.490162594954972,-30.224046472401863,0.0974963882828172,0.1151879897594687,0.9213255893192982,5.121247886428664,199.8288345933126,False,-0.8386437411481195,imu,-0.5209910888,-9.569248494400002,2.798756951200001,1.49548947,1.69674856,-1.83650798,99.03161896250316,-37.766981312614696,133.73887679017653,406.7824361564672,-5.22415915719364,False,0.981078357966318,0.1936110935099367,564.4400825075292,-59.94436393846173,84.20907796461914,696.2035108409549,False,inf
61.58631,-260253.1818437925,-704.0949364756127,563.5437074568054,-59.02091174469024,112.17441586270932,152.4062278231989,697.6177593098632,-14872447.286447523,52.606357513293126,152.54605064528528,13494543082.69018,111.01870325222252,112.17441586270932,-13919031793476.717,66.47972995061285,-4.668333258496904,301.1069473629012,259.38819316803153,-273729.6265502569,-211.00824109540645,296.54815936414377,697.6177593098632,-932676943746.044,2692.2475175803447,1417.7664577328503,105.78200156108451,-7369251.790920556,5358010651078.488,3.000000000001876,-0.8579830000001536,-72845512.1812847,-32.00647176667231,406.8202422177546,-5.1876492647350005,0.0,-2.85397345636966e-19,0.0,2.819995093691791e-18,-954.4199975270736,2.8804979798558032,-954.4199975270736,0.0,-1178.8369304889009,0.0,0.0,2810.819999998763,-14.617700000000356,0.0,0.0,0.0,0.0,0.0,0.0,0.0,0.0,0.0,0.0,0.0,3785.529999998849,-83.48819999995249,0.0,0.0,0.0,0.0,0.0,0.0,0.0,0.0,0.0,0.0,0.0,7388.629999998957,-42.01050000002647,0.0,0.0,0.0,0.0,0.0,0.0,0.0,0.0,0.0,999.000000001015,999.000000001015,1.000000000000071,-176.15571183948248,gaze,0.5462733067093665,0.5713942022235637,-114.39822875074,-73.94330155427834,1185.904156813156,-37.00637842342569,-17.14148256774131,-32.01700986275858,-0.0633477347135337,-0.0464941275494398,0.9969078997631026,4.666901588439941,18.87159753418145,-12.85221759993976,-28.60956276105402,0.4466088727589257,0.4957300895200076,0.7552309202248915,5.859452094106074,-20.06326132856703,-15.781336390967672,-31.00444307978134,0.0980421220054136,0.1107891609716123,0.921665132050838,4.998545498558587,179.85339931744025,False,-1.0,imu,-0.4522116582870901,-9.533129786043466,2.8699256691322206,1.778624076352795,3.344435606779578,-2.234961780706319,99.03157964694071,-37.76539713519335,133.73894494915055,406.8202422177546,-5.1876492647350005,False,0.9846748607571012,0.1744001679843898,564.7756161073651,-59.96081071621645,81.48119886584888,697.6177593098632,False,inf
61.59229,-261913.74554312785,-707.3888506236838,564.2956456888023,-59.13308664163003,112.6640120601284,153.18015854483153,701.0270731892432,-14970115.877691746,52.87947447145616,153.32068698658378,13586844071.234442,111.51411647755036,112.6640120601284,-14014986578525.863,66.70677684177778,-4.691883232738765,302.02387839755266,260.51700131857655,-275474.8520167377,-212.0236721914404,297.4522141931729,701.0270731892432,-939103211468.76,2703.944743099313,1424.684189712424,106.29504424063283,-7417653.263760842,5394927523081.279,3.0000000000019185,-0.8579830000001643,-73328674.16564548,-32.15824400140942,406.91136403877135,-5.099642454207356,0.0,-2.868064347398704e-19,0.0,2.8339182232344066e-18,-958.8613724132912,2.8941570598609414,-958.8613724132912,0.0,-1184.312507253211,0.0,0.0,2810.819999998748,-14.617700000000468,0.0,0.0,0.0,0.0,0.0,0.0,0.0,0.0,0.0,0.0,0.0,3785.52999999882,-83.48819999995271,0.0,0.0,0.0,0.0,0.0,0.0,0.0,0.0,0.0,0.0,0.0,7388.629999998957,-42.010500000026354,0.0,0.0,0.0,0.0,0.0,0.0,0.0,0.0,0.0,999.0000000010224,999.0000000010224,1.0000000000000746,-176.89419815822797,gaze,0.4863566111945829,0.4827366098978946,-50.57812478551098,-18.94365774429864,1156.79196615543,-36.941586805908216,-16.82537171526252,-31.990057282825106,-0.0516358663830517,-0.0866753366259214,1.0055147875272008,4.841571167379892,18.85299394363055,-12.858584131857892,-28.6168002130266,0.4463024244547376,0.4951400394966521,0.755450671421378,5.862863517650378,-20.634294291745523,-15.49087292474318,-30.228418401424445,0.0985679946912509,0.1154048192897356,0.9211811185013024,5.125584515007871,126.32306856028868,False,-0.9946325881323582,imu,-0.5197947832,-9.5542946744,2.7981587984,1.368382,1.85376367,-2.0757691,99.03147741022232,-37.76160117066363,133.73901327679053,406.91136403877135,-5.099642454207356,False,0.993882996497956,0.1104381694535184,565.5812685932493,-59.99806221791015,72.08581974411258,701.0270731892432,False,inf
61.600758,-264279.6643744774,-712.0736810579577,565.3648565893509,-59.29243907141927,113.36018122157311,154.28129919439365,705.8760356519791,-15109295.59355259,53.26812576716271,154.42283151243782,13718410486.837788,112.21851754753432,113.36018122157311,-14151768211183.64,67.02928442081227,-4.725387444910361,303.3257715682201,262.1220383508315,-277961.3827655905,-213.46800403155947,298.7358461981961,705.8760356519791,-948263695920.9884,2720.5767612229024,1434.525504102685,107.02489972760512,-7486626.781498227,5447551599042.506,3.0000000000019185,-0.8579830000001714,-74017238.6646904,-32.374131417190135,407.0409229072648,-4.974490590206301,0.0,-2.888111747931678e-19,0.0,2.853726946045962e-18,-965.178438859876,2.913586328113534,-965.178438859876,0.0,-1192.1004575256736,0.0,0.0,2810.81999999877,-14.617700000000582,0.0,0.0,0.0,0.0,0.0,0.0,0.0,0.0,0.0,0.0,0.0,3785.529999998864,-83.48819999995385,0.0,0.0,0.0,0.0,0.0,0.0,0.0,0.0,0.0,0.0,0.0,7388.629999999015,-42.01050000002692,0.0,0.0,0.0,0.0,0.0,0.0,0.0,0.0,0.0,999.0000000010332,999.0000000010332,1.0000000000000815,-177.94423718215847,gaze,0.4849579320881034,0.4814085102970118,101.01751054332776,113.51253926445006,1087.3492996431712,-36.93187068156925,-16.830552712605094,-32.00644892259041,-0.0511937671481215,-0.0866770380728002,1.0053299809663228,4.843339482961046,18.833615142577788,-12.867521678640887,-28.62627678544966,0.4458486138973231,0.4942654278648901,0.7557789298817623,5.867549586473809,-21.28543583281723,-15.4918533215697,-30.233352361191912,0.0996478593110883,0.115627460145216,0.9210340287060166,5.12987158901917,76.77129241459346,False,-1.125685717116042,imu,-0.5293652280000001,-9.5477149936,2.794569881600001,1.51044329,2.19770153,-2.12063056,99.03131146150764,-37.75625796214105,133.73887394232338,407.0409229072648,-4.974490590206301,False,0.999660528813604,0.0260543111999848,566.7189940760736,-60.0456459932224,59.2127624906007,705.876035651979,False,inf
61.606402,-265866.0325182309,-715.2095304670407,566.0803854641363,-59.398979582391576,113.8260611823707,155.01862444979838,709.1217499158154,-15202632.789954184,53.52840850171513,155.16082891758631,13806665291.463406,112.6898803903609,113.8260611823707,-14243526001636.504,67.24488904986495,-4.747820308574718,304.1957572029901,263.1961088306315,-279628.61469294585,-214.43486110884,299.5936425665621,709.1217499158154,-954408840821.108,2731.70662660502,1441.1145035757595,107.5135491132079,-7532882.335680872,5482853503069.619,3.0000000000019185,-0.8579830000001678,-74479038.16786864,-32.51865567650028,407.1276180431632,-4.890730091063006,0.0,-2.9015348814177983e-19,0.0,2.8669902681412254e-18,-969.4070023340043,2.9265931102474267,-969.4070023340043,0.0,-1197.313556661612,0.0,0.0,2810.8199999987337,-14.617700000000468,0.0,0.0,0.0,0.0,0.0,0.0,0.0,0.0,0.0,0.0,0.0,3785.529999998849,-83.48819999995249,0.0,0.0,0.0,0.0,0.0,0.0,0.0,0.0,0.0,0.0,0.0,7388.62999999887,-42.01050000002692,0.0,0.0,0.0,0.0,0.0,0.0,0.0,0.0,0.0,999.000000001026,999.000000001026,1.0000000000000746,-178.64690728887132,gaze,0.4840147562080316,0.4805105469851768,226.1838203593652,223.66224536083732,1029.9052582093386,-36.92549636735925,-16.834133260164734,-32.01758362551516,-0.0508995152337498,-0.086667891095908,1.0052020466501088,4.844488366424569,18.82570116292042,-12.873430905687774,-28.63207744672665,0.445533156156231,0.4936570653927326,0.7560088603479072,5.8705781874919225,-22.88668262778902,-16.008256879241607,-31.17480320874344,0.0712786266451261,0.0847055245677817,0.9341990873654435,4.94447261095047,85.32627802227404,False,-1.0,imu,-0.4479155534076124,-9.53393014924923,2.867969180853569,1.7557067521809298,3.246360362065929,-2.2433114076838705,99.0311851060373,-37.75271770071066,133.7386234645112,407.1276180431632,-4.890730091063006,False,0.9995328558958312,-0.0305625585434726,567.474995940756,-60.07430958950098,50.25717469034085,709.1217499158154,False,inf
61.609225,-266662.3472272487,-716.782032141417,566.4391461103514,-59.45236812819087,114.05964828077478,155.38844228791055,710.7493445177199,-15249490.407320976,53.65897008095988,155.53098386946115,13850978413.001568,112.92620869608244,114.05964828077478,-14289599374722.447,67.35292506089331,-4.75907140492039,304.63158370025826,263.73462741553504,-280465.51862060034,-214.9197235238659,300.023366871682,710.7493445177199,-957494431435.8428,2737.286908942977,1444.4190992721765,107.75862053256026,-7556103.872603923,5500579239348.453,3.0000000000019185,-0.8579830000001714,-74710882.71535692,-32.59113396305332,407.1710841093645,-4.848731046715329,0.0,-2.908267289497757e-19,0.0,2.8736425223949768e-18,-971.5275032115892,2.933115954806426,-971.5275032115892,0.0,-1199.9277567993809,0.0,0.0,2810.819999998763,-14.617700000000468,0.0,0.0,0.0,0.0,0.0,0.0,0.0,0.0,0.0,0.0,0.0,3785.529999998864,-83.48819999995294,0.0,0.0,0.0,0.0,0.0,0.0,0.0,0.0,0.0,0.0,0.0,7388.629999998957,-42.01050000002692,0.0,0.0,0.0,0.0,0.0,0.0,0.0,0.0,0.0,999.0000000010403,999.0000000010403,1.0000000000000815,-178.99921202790475,gaze,0.4835397433540118,0.4800575975687677,290.3238692442616,280.3299874175847,1000.426800424482,-36.92233936942894,-16.835962294167473,-32.0232149236555,-0.0507524704488067,-0.086660242514108,1.005136632029921,4.845054093382692,18.82335174175393,-12.876373035918714,-28.63482094204197,0.4453714590795007,0.4933451491110221,0.7561272163343092,5.872064475803218,-21.0580631262388,-15.493106213610236,-30.23890067002212,0.1007354553773243,0.115855769892627,0.9208844187807104,5.134107373472895,104.99088090807372,False,-1.2297170654975451,imu,-0.5401319784,-9.5393408544,2.798756951200001,1.32352054,2.50425484,-2.13558438,99.03111668775084,-37.75095329421197,133.73844991612845,407.1710841093645,-4.848731046715329,False,0.9982623704193816,-0.0589257142907709,567.8523753752311,-60.08781446336612,45.67483849029514,710.74934451772,False,inf
61.617692,-269062.16430279403,-721.5145457811929,567.5186596326603,-59.61289427070119,114.76250737798838,156.50174247050322,715.6476626818717,-15390722.41279316,54.05206265237111,156.64529884271934,13984569211.939962,113.63728434592208,114.76250737798838,-14428502374270.805,67.67773969681771,-4.792939783075636,305.9414751207378,265.3549851638935,-282987.64851109625,-216.37902935282105,301.3149344936296,715.6476626818717,-966796911386.5464,2754.077430377636,1454.366348095098,108.4963082461618,-7626095.492831871,5554019022889.129,3.000000000001947,-0.8579830000001749,-75409716.27850947,-32.80928152308288,407.3018648589041,-4.722346999825049,0.0,-2.928533783616325e-19,0.0,2.893667730327779e-18,-977.909435356423,2.9527486294229064,-977.909435356423,0.0,-1207.795476695033,0.0,0.0,2810.8199999987555,-14.617700000000582,0.0,0.0,0.0,0.0,0.0,0.0,0.0,0.0,0.0,0.0,0.0,3785.529999998864,-83.48819999995135,0.0,0.0,0.0,0.0,0.0,0.0,0.0,0.0,0.0,0.0,0.0,7388.629999998957,-42.01050000002738,0.0,0.0,0.0,0.0,0.0,0.0,0.0,0.0,0.0,999.000000001044,999.000000001044,1.0000000000000782,-180.05926513518543,gaze,0.4821021200457215,0.4786839385797921,464.4582863427851,435.15838178622926,920.1766624836308,-36.91299893332831,-16.841600164574867,-32.04034902060668,-0.0503120133691777,-0.0866250600719751,1.004934750783396,4.846715210290581,18.82311466449868,-12.885146641750524,-28.64240615498284,0.4448707792837789,0.4923791332035956,0.7564956207581498,5.876407614539912,-19.865654387637257,-15.49463430405481,-30.24512543805176,0.1018306341599969,0.1160896827022394,0.9207323369481614,5.138291664890727,200.9965691532615,False,-1.3050993450921662,imu,-0.5281689224000001,-9.549509452,2.792177270400001,1.38333582,2.93043871,-2.12810747,99.03088866783436,-37.74568688083296,133.73773260925097,407.3018648589041,-4.722346999825049,False,0.9895925782102872,-0.1438976342790819,568.9809867922297,-60.12534746698893,31.56115491436166,715.6476626818718,False,inf
61.62616,-271479.49422613665,-726.2718755186255,568.6035450537856,-59.77403824295425,115.46885428463604,157.6213573623632,720.5716650733798,-15533014.214868546,54.44745980926113,157.76593419501492,14119204751.776337,114.3518405428955,115.46885428463604,-14568500045457.002,68.00376982216643,-4.826997338645418,307.2556080805102,266.9833319819716,-285528.1702122708,-217.8461238566248,302.61070925336594,720.5716650733798,-976172664654.1736,2770.950608283135,1464.3686493540072,109.23806637329469,-7696612.851510979,5607879732532.713,3.000000000001947,-0.8579830000001678,-76113851.8748104,-33.02860453377626,407.43328266593016,-4.595321326436988,0.0,-2.9489140954338534e-19,0.0,2.913805400879315e-18,-984.3251210299278,2.972487091161872,-984.3251210299278,0.0,-1215.704708320279,0.0,0.0,2810.819999998712,-14.617700000000411,0.0,0.0,0.0,0.0,0.0,0.0,0.0,0.0,0.0,0.0,0.0,3785.529999998849,-83.48819999995135,0.0,0.0,0.0,0.0,0.0,0.0,0.0,0.0,0.0,0.0,0.0,7388.629999998899,-42.01050000002738,0.0,0.0,0.0,0.0,0.0,0.0,0.0,0.0,0.0,999.0000000010476,999.0000000010476,1.0000000000000746,-181.1245413895441,gaze,0.4806451354771546,0.4772875974674983,576.9022570915,536.9156907692211,867.9131967239431,-36.90385541312724,-16.84746605559731,-32.05784499312718,-0.0498724347832167,-0.0865715988414291,1.0047243459235544,4.848323041713161,18.833632055745618,-12.893851600955754,-28.649007178079785,0.4443463852623486,0.4913672993456782,0.7568842390697967,5.880578383218412,-17.685727413609328,-15.496440367783023,-30.252097513043203,0.1029332464102083,0.116329133440965,0.9205778316101412,5.142424245291366,290.56064358473634,False,-1.3506477332610038,imu,-0.5168040192000001,-9.5507057576,2.7861957424,1.63755076,3.39400713,-2.02343073,99.03062303478396,-37.74045845609324,133.73671361770892,407.43328266593016,-4.595321326436988,False,0.9736044514606416,-0.228241915729831,570.1044614506632,-60.15908235676995,16.96874359917019,720.5716650733797,False,inf
61.626382,-271543.1003990009,-726.3969224554364,568.6320575112695,-59.77827092040116,115.48741803214922,157.65079297988606,720.7010929880191,-15536758.67063284,54.457856141766925,157.79539664013865,14122748299.478212,114.37061939089251,115.48741803214922,-14572184834918.574,68.01233300207352,-4.82789270096804,307.29011488265945,267.0261264330733,-285595.0176946314,-217.884688430824,302.6447343379433,720.7010929880191,-976419437368.1792,2771.394049184227,1464.631599870553,109.25756628779854,-7698468.546171751,5609297362923.725,3.0000000000019327,-0.8579830000001607,-76132382.21645898,-33.03436988821836,407.4367363404272,-4.591982727969253,0.0,-2.9494498957569343e-19,0.0,2.9143348221405312e-18,-984.493761933809,2.9730059570446463,-984.493761933809,0.0,-1215.912606805798,0.0,0.0,2810.819999998712,-14.617700000000356,0.0,0.0,0.0,0.0,0.0,0.0,0.0,0.0,0.0,0.0,0.0,3785.5299999988056,-83.48819999995158,0.0,0.0,0.0,0.0,0.0,0.0,0.0,0.0,0.0,0.0,0.0,7388.629999998957,-42.010500000027264,0.0,0.0,0.0,0.0,0.0,0.0,0.0,0.0,0.0,999.0000000010403,999.0000000010403,1.000000000000071,-181.15253778992903,gaze,0.2016893186827012,0.0132218180113074,578.8543823468952,538.725639058877,867.0255730177728,-36.90361843112878,-16.84762288691584,-32.0583084381471,-0.049860923991854,-0.0865699525374185,1.004718715861088,4.848364474050039,19.49758962539233,-12.69259144019532,-28.47777490086789,0.4695889495726498,0.4629243999619966,0.7517893444037905,5.743813514709473,-15.821156626345736,-15.462601228689534,-30.71529133145581,0.137371726479708,0.1466095688908862,0.9043964969167704,5.075607597827911,292.6177487385862,False,-1.0,imu,-0.4436226194869091,-9.534770668039387,2.865832727366516,1.7231532707053967,3.1444131616840023,-2.2573821976057995,99.0306155263538,-37.74032190851448,133.73668277332828,407.4367363404272,-4.591982727969253,False,0.9697006361292738,-0.2442962879179334,570.133839870756,-60.15992356972428,14.137969135184688,720.701092988019,False,inf
61.634627,-273913.8585404876,-731.0529882847384,569.6935656637379,-59.93576366759123,116.17853435951022,158.7470476349254,725.520280912224,-15676337.967902184,54.84507769364647,158.89265037859894,14254859164.942474,115.06972000781356,116.17853435951022,-14709565587119.082,68.33094136104297,-4.861236756109534,308.573679021732,268.6193109793463,-288086.5807389852,-219.32068924044293,303.91039203810897,725.520280912224,-985619895904.8907,2787.9027435930343,1474.4238556596315,109.98373543843876,-7767642.155564692,5662151054593.857,3.0000000000019327,-0.8579830000001714,-76823152.36915286,-33.249055674852535,407.5653084494279,-4.467681938185478,0.0,-2.9694038645218893e-19,0.0,2.9340512255349184e-18,-990.773171430158,2.992327081328156,-990.773171430158,0.0,-1223.6537387446228,0.0,0.0,2810.819999998712,-14.617700000000411,0.0,0.0,0.0,0.0,0.0,0.0,0.0,0.0,0.0,0.0,0.0,3785.529999998849,-83.48819999995158,0.0,0.0,0.0,0.0,0.0,0.0,0.0,0.0,0.0,0.0,0.0,7388.629999998957,-42.010500000027264,0.0,0.0,0.0,0.0,0.0,0.0,0.0,0.0,0.0,999.0000000010624,999.0000000010624,1.0000000000000746,-182.19480802269857,gaze,0.4791693877760369,0.4758691424745491,610.717137986594,570.1705377605429,851.4833068470705,-36.89491796020823,-16.853557525977457,-32.075690275984,-0.0494339306501876,-0.0864999936544313,1.004505503876501,4.849877251086085,18.85540117193888,-12.902494620949613,-28.65459819235727,0.4437982775475465,0.4903099388430895,0.7572930247198293,5.884574728089721,-14.568899665364178,-15.498526463013611,-30.25989398259136,0.1040427476881707,0.1165739698547639,0.9204210074052208,5.1465034456424,323.91024884629127,False,-1.3656641749360618,imu,-0.5108224912,-9.5566872856,2.7766252976,1.72727368,3.5958837,-2.08324601,99.0303155930572,-37.73526960622622,133.73538524906928,407.5653084494279,-4.467681938185478,False,0.95031223231732,-0.3112983474226496,571.2221021257695,-60.18990001729287,2.007416036494382,725.520280912224,False,inf
61.638295,-274973.8524900563,-733.1318003625175,570.1674136775127,-60.00601177544377,116.4870394419732,159.236642689628,727.6719215199919,-15738754.448946476,55.01803651552527,159.38269160444588,14313948904.187664,115.38177420929463,116.4870394419732,-14771014978870.451,68.47304277670966,-4.876127544786622,309.1459545669395,269.330471439437,-289200.5838142205,-219.96186777383323,304.474691681814,727.6719215199919,-989735181143.9731,2795.271800954667,1478.7967284426493,110.30801290023452,-7798575.079752345,5685792050318.906,3.000000000001961,-0.8579830000001714,-77132065.83701885,-33.344916966756244,407.6226975508325,-4.412191419027067,0.0,-2.978315103370432e-19,0.0,2.9428563701116684e-18,-993.5768535356136,3.0009543311919025,-993.5768535356136,0.0,-1227.1100320261942,0.0,0.0,2810.8199999987046,-14.617700000000582,0.0,0.0,0.0,0.0,0.0,0.0,0.0,0.0,0.0,0.0,0.0,3785.5299999988056,-83.48819999995067,0.0,0.0,0.0,0.0,0.0,0.0,0.0,0.0,0.0,0.0,0.0,7388.629999998957,-42.010500000027264,0.0,0.0,0.0,0.0,0.0,0.0,0.0,0.0,0.0,999.0000000010588,999.0000000010588,1.0000000000000782,-182.66005254537052,gaze,0.4785242648685034,0.4752477976961005,605.8567524111213,567.4170379303537,853.2832256131483,-36.89111152234464,-16.85626637628895,-32.08352798001977,-0.049244306633153,-0.0864633714407638,1.0044080820506174,4.850533981176758,18.86839435496706,-12.906222316218834,-28.65670125097112,0.4435534201101333,0.4898377242660059,0.7574764005422321,5.88625173566137,-12.957734777320484,-15.49951778963096,-30.26354944629392,0.1045255027016966,0.1166816918507307,0.9203523613463492,5.148254010081171,327.6309918710514,False,-1.362637251186578,imu,-0.4410543107783652,-9.535292546828265,2.86446960084954,1.6994903215157966,3.0817683829402864,-2.268335951207875,98.7074084,-38.16584120000002,133.8214448,407.6226975508325,-4.412191419027067,False,0.9379686766565848,-0.3467200046306749,571.7044138551355,-60.202580984598384,4.560775565862769,727.6719215199919,False,inf
61.643094,-276365.63449017005,-735.858535189663,570.7888688370113,-60.09809122413071,116.89164302863286,159.87897030945402,730.494182594424,-15820716.195562365,55.24497241863335,160.0256045568002,14391554243.161016,115.79101843311982,116.89164302863286,-14851721755568.836,68.65929567614836,-4.895662776506889,309.8958497053188,270.2631417491462,-290663.27641542576,-220.80292708097343,305.2141425527055,730.494182594424,-995140128707.2748,2804.9361108557155,1484.533360542417,110.73341855553376,-7839194.574086171,5716841741422.109,3.000000000001989,-0.8579830000001714,-77537729.88085587,-33.47066526975645,407.69795965301273,-4.3394117777882,0.0,-2.9900059452649803e-19,0.0,2.954408024695741e-18,-997.2544690286984,3.012271328946232,-997.2544690286984,0.0,-1231.6436550572027,0.0,0.0,2810.819999998712,-14.617700000000582,0.0,0.0,0.0,0.0,0.0,0.0,0.0,0.0,0.0,0.0,0.0,3785.52999999882,-83.48819999995112,0.0,0.0,0.0,0.0,0.0,0.0,0.0,0.0,0.0,0.0,0.0,7388.629999998986,-42.010500000027605,0.0,0.0,0.0,0.0,0.0,0.0,0.0,0.0,0.0,999.000000001066,999.000000001066,1.0000000000000853,-183.2702094105772,gaze,0.4776749675447574,0.4744286565869665,589.540644672375,554.8943248898479,860.2144128733111,-36.8861923552139,-16.859874117180745,-32.093878361280915,-0.0489965425451337,-0.0864103682308949,1.0042782397310897,4.851378096684094,18.888656664998194,-12.911086156653782,-28.65915746226398,0.4432262749423304,0.4892069982540837,0.7577220640066866,5.888396116911359,-10.64708802962345,-15.50089520829961,-30.268603433222683,0.1051589796546892,0.1168241222398583,0.9202619157288164,5.150529074277181,335.3346900320711,False,-1.3500150532545137,imu,-0.472540712,-9.5513039104,2.783204978400001,1.78708896,3.82766791,-2.10567674,99.02996213660394,-37.730120064992114,133.73373981159182,407.69795965301273,-4.3394117777882,False,0.9197815926874884,-0.3924306585286972,572.3336834016254,-60.21874345558988,13.21132479909589,730.4941825944242,False,inf
61.646475,-277349.5506982187,-737.7843089107574,571.2277200540138,-60.16307965334852,117.17735863593552,160.33271086647764,732.4874212230042,-15878664.48474884,55.40529462764681,160.47975857609617,14446430716.044191,116.08000148321116,117.17735863593552,-14908792957097.652,68.79074357950122,-4.90946189971722,310.424959198655,270.9217478851,-291697.32001542737,-221.39695686833804,305.73588767744684,732.4874212230042,-998962190093.1364,2811.7605487745977,1488.5854557629425,111.0339032486856,-7867913.320642728,5738798257736.865,3.000000000001989,-0.8579830000001749,-77824552.2658869,-33.559481961254015,407.7511044377607,-4.288014884205609,0.0,-2.998264144654313e-19,0.0,2.962567904684084e-18,-999.8518654147784,3.020264584282661,-999.8518654147784,0.0,-1234.845606056266,0.0,0.0,2810.819999998712,-14.617700000000523,0.0,0.0,0.0,0.0,0.0,0.0,0.0,0.0,0.0,0.0,0.0,3785.529999998849,-83.48819999995044,0.0,0.0,0.0,0.0,0.0,0.0,0.0,0.0,0.0,0.0,0.0,7388.629999998957,-42.01050000002749,0.0,0.0,0.0,0.0,0.0,0.0,0.0,0.0,0.0,999.000000001066,999.000000001066,1.0000000000000888,-183.7010720961816,gaze,0.2034558221381973,0.008668133756412,575.2586085477519,543.4362600975522,866.3749712867659,-36.8827687898073,-16.862459051858153,-32.101234976391495,-0.048822219890878,-0.0863695750026876,1.0041851460835165,4.85196251666033,19.49631060201678,-12.68732939031712,-28.4563837858598,0.4665713138740026,0.4668746238864454,0.7512251956908641,5.762983322143555,-8.756948773906664,-14.912708845764538,-30.25274089696885,0.2026188667440317,0.2100473133057648,0.8742614671383373,5.211759328842163,346.8221371665505,False,-1.0,imu,-0.4392874559046504,-9.53565970027492,2.863495456616618,1.681542347887794,3.038032625971149,-2.276905898667005,99.02980722333923,-37.72807483758813,133.73299255082597,407.7511044377607,-4.288014884205609,False,0.8997592250867397,-0.4363866827382677,572.7757963836362,-60.22992782208014,21.68032565331331,732.4874212230043,False,inf
61.651562,-278835.20787599863,-740.6891791068246,571.8896044925987,-60.26104187973078,117.6082773665638,161.01728541812213,735.494054680951,-15966171.940898418,55.64720119927904,161.16495690655375,14529312292.600191,116.51583315072226,117.6082773665638,-14994991846635.42,68.98887469312182,-4.930280230877868,311.2222838255438,271.915047658837,-293258.6625510211,-222.2930426495869,306.52212242106606,735.494054680951,-1004734922741.0264,2822.0530236655004,1494.6985837480129,111.48722077516328,-7911281.533857599,5771960752810.746,3.000000000001961,-0.8579830000001785,-78257699.13098064,-33.69346420073946,407.8312540193074,-4.210493485799248,0.0,-3.0107232463216574e-19,0.0,2.9748786723907442e-18,-1003.7699123251446,3.03232261333154,-1003.7699123251446,0.0,-1239.675564055388,0.0,0.0,2810.819999998712,-14.617700000000582,0.0,0.0,0.0,0.0,0.0,0.0,0.0,0.0,0.0,0.0,0.0,3785.52999999882,-83.48819999995044,0.0,0.0,0.0,0.0,0.0,0.0,0.0,0.0,0.0,0.0,0.0,7388.629999998957,-42.010500000027605,0.0,0.0,0.0,0.0,0.0,0.0,0.0,0.0,0.0,999.0000000010768,999.0000000010768,1.0000000000000853,-184.3508924017971,gaze,0.4761619641623632,0.4729662205724077,555.5312800298636,527.4413205260254,874.9530863004106,-36.87768435755924,-16.866415394181384,-32.11240278624388,-0.048560313994065,-0.0863028445947224,1.004042567326528,4.8528258338585415,18.933333884005112,-12.91963727784275,-28.66266442373361,0.4426301876283712,0.4880584137267003,0.7581714491293567,5.892041968769713,-6.1488810738751045,-15.503549290649977,-30.27832430000506,0.1062817830054178,0.1170795214279095,0.9201006082724678,5.154500924508939,375.9317216029349,False,-1.3041441211816165,imu,-0.4366515440000001,-9.562668813600002,2.793373576,1.86933497,3.85757555,-2.01595382,99.02955852405115,-37.72500958691404,133.73176981651105,407.8312540193074,-4.210493485799248,False,0.882132879817123,-0.4710006182008143,573.4390561384969,-60.246598991405214,28.570086053620056,735.4940546809509,False,inf
61.660029,-281322.0888938065,-745.5438703106989,572.9955323233808,-60.4245788398357,118.32828038859591,162.16174941513884,740.5188091295092,-16112676.67460537,56.05167864293805,162.31046365908742,14668106776.589767,117.24400453119586,118.32828038859591,-15139348359051.965,69.31960351032902,-4.965081676992979,312.5526749086958,273.5746664483204,-295872.22424242896,-223.7907129239965,307.8340296397181,740.5188091295092,-1014402435805.4194,2839.249727396486,1504.9173410951596,112.2449798979523,-7983888.902736418,5827497505842.078,3.000000000001989,-0.8579830000001749,-78982919.57078928,-33.9174043610934,407.96516203470856,-4.0809554083739386,0.0,-3.031551331313236e-19,0.0,2.995458785059272e-18,-1010.3180899187772,3.052476605012754,-1010.3180899187772,0.0,-1247.747725010885,0.0,0.0,2810.819999998712,-14.617700000000356,0.0,0.0,0.0,0.0,0.0,0.0,0.0,0.0,0.0,0.0,0.0,3785.52999999882,-83.48819999994998,0.0,0.0,0.0,0.0,0.0,0.0,0.0,0.0,0.0,0.0,0.0,7388.629999998899,-42.01050000002783,0.0,0.0,0.0,0.0,0.0,0.0,0.0,0.0,0.0,999.0000000010768,999.0000000010768,1.0000000000000853,-185.43662072976667,gaze,0.4746310117788753,0.4714824428501627,537.6703806723855,513.1021829411123,882.5097634497703,-36.86940260464055,-16.8731785077019,-32.131250392294376,-0.0481254444355822,-0.0861775907959038,1.003798587243337,4.854220230710237,18.989014455748688,-12.928156645528984,-28.665098964626072,0.442010041072247,0.4868645422308074,0.7586411081838145,5.895510455831662,-1.418738597425302,-15.506490372788008,-30.289161269070423,0.1074105960985538,0.1173400054708793,0.9199371953828096,5.1584173961300746,416.1188018608273,False,-1.229150242798939,imu,-0.4193051128000001,-9.596763523200002,2.784999436800001,1.93662716,3.9697292,-2.19539966,99.0291008516576,-37.71993973694405,133.7294688541684,407.96516203470856,-4.0809554083739386,False,0.8375592817201033,-0.5463464556529166,574.5377643519782,-60.27448097186908,43.94094197664187,740.5188091295091,False,inf
61.666455,-283221.3024411415,-749.2448080143018,573.8384366695009,-60.54909984611788,118.87703656762037,163.03454562449434,744.3493874464939,-16224581.111664772,56.36019383102043,163.18405503989632,14774150669.133451,117.79895223859656,118.87703656762037,-15249647538778.898,69.57140418695234,-4.991620094937683,313.5651202969533,274.8395235115755,-297868.1736838145,-224.9325420386108,308.83242561374936,744.3493874464939,-1021789113521.0536,2852.3558869779886,1512.7094962186948,112.82278865830318,-8039348.813666936,5869931589507.771,3.000000000001976,-0.8579830000001714,-79536902.8196061,-34.08814499500252,408.0672123404147,-3.982217818560116,0.0,-3.0474345883475183e-19,0.0,3.0111529412613623e-18,-1015.3102462911328,3.0678427871385763,-1015.3102462911328,0.0,-1253.9016580254242,0.0,0.0,2810.8199999986537,-14.617700000000411,0.0,0.0,0.0,0.0,0.0,0.0,0.0,0.0,0.0,0.0,0.0,3785.5299999987474,-83.4881999999493,0.0,0.0,0.0,0.0,0.0,0.0,0.0,0.0,0.0,0.0,0.0,7388.629999998928,-42.010500000027946,0.0,0.0,0.0,0.0,0.0,0.0,0.0,0.0,0.0,999.0000000010732,999.0000000010732,1.0000000000000782,-186.2640947204317,gaze,0.4734571761522734,0.4703421417309143,539.0025551799993,514.796523930132,881.5676019766994,-36.86327152567674,-16.87845907657923,-32.14576642471942,-0.047796334370544,-0.0860707792339853,1.0036078851838532,4.855243096925439,19.038177336430863,-12.934608770779798,-28.66622024942893,0.4415232088689391,0.4859282001798729,0.7590111400634668,5.898024186713891,0.6625072679944731,-14.173801132751253,-29.650389516495423,0.2909375095777062,0.2944349654330007,0.8333074799525858,5.391232808430989,394.51378017996393,False,-1.0,imu,-0.4349618391093791,-9.53658608283359,2.860987093491899,1.632402821565763,2.929034407089841,-2.301211738944056,99.02871499102402,-37.71611892685488,133.7274974874122,408.0672123404147,-3.982217818560116,False,0.7992529335311385,-0.6009947988476019,575.3671957846911,-60.29630631826847,55.537219464776015,744.3493874464939,False,inf
61.668497,-283826.9587869486,-750.423846959977,574.106933282128,-60.58874242881029,119.05183447057163,163.31265801154242,745.5697259212493,-16260270.849853516,56.45850992664074,163.46242079380636,14807976503.245134,117.97571616253668,119.05183447057163,-15284831753530.057,69.65156319364785,-5.0000760711405245,313.88734401336035,275.2424180999676,-298504.6772889414,-225.2963206633904,309.1501810136558,745.5697259212493,-1024145377099.8127,2856.530572920813,1515.1922636411357,113.00689079402986,-8057036.73603164,5883467563928.994,3.000000000002018,-0.857983000000182,-79713592.11514983,-34.14254317491086,408.0997173019332,-3.9507648404828615,0.0,-3.052495578056483e-19,0.0,3.01615367649154e-18,-1016.90067634204,3.072738471997188,-1016.90067634204,0.0,-1255.8622013504423,0.0,0.0,2810.8199999986828,-14.617700000000523,0.0,0.0,0.0,0.0,0.0,0.0,0.0,0.0,0.0,0.0,0.0,3785.5299999988056,-83.48819999995021,0.0,0.0,0.0,0.0,0.0,0.0,0.0,0.0,0.0,0.0,0.0,7388.629999998928,-42.01050000002874,0.0,0.0,0.0,0.0,0.0,0.0,0.0,0.0,0.0,999.0000000010878,999.0000000010878,1.0000000000000924,-186.5276698782544,gaze,0.4730820333163834,0.4699772442985526,541.5920261104663,517.1948008215112,880.2971399231791,-36.86135164312174,-16.88016366644653,-32.150416737794,-0.0476919290166167,-0.0860347268481889,1.003546289550362,4.855561749370985,19.05497080387577,-12.936657550729509,-28.6664439815978,0.4413655761744722,0.485625198778819,0.7591311826119548,5.898801465288996,3.0694696772760874,-15.50972136978022,-30.301233982851706,0.1085453848969857,0.1176055322618403,0.9197717121008944,5.162278762627132,373.3371516261229,False,-1.1267863614189966,imu,-0.3911919312,-9.61530626,2.789186506400001,1.87681188,3.8949601,-2.12063056,99.0285851090824,-37.71490967780639,133.72682987730778,408.0997173019332,-3.9507648404828615,False,0.7862942071441941,-0.617852263742299,575.629961830936,-60.30344777496001,59.199152679132446,745.5697259212493,False,inf
61.676964,-286349.32007886376,-755.3280481182323,575.2235646406898,-60.75349557197967,119.77878105110386,164.4697648205712,750.645705397164,-16408925.474884989,56.867608623454046,164.6205816984102,14948894482.96022,118.71080683493796,119.77878105110386,-15431414054816.088,69.9846782874809,-5.035255885761773,315.22598271368827,276.91793674128365,-301155.49872895965,-226.80953932673057,310.4702726039301,750.645705397164,-1033961872693.8318,2873.8917682360616,1525.521142424121,113.77278942964466,-8130710.672235429,5939860161879.197,3.000000000002018,-0.857983000000182,-80449573.90573803,-34.36883200593374,408.2348900166544,-3.819950420430473,0.0,-3.073551499007316e-19,0.0,3.036958912570651e-18,-1023.5162449796944,3.0931038371555664,-1023.5162449796944,0.0,-1264.0172336315736,0.0,0.0,2810.8199999986828,-14.617700000000523,0.0,0.0,0.0,0.0,0.0,0.0,0.0,0.0,0.0,0.0,0.0,3785.5299999988056,-83.48819999994907,0.0,0.0,0.0,0.0,0.0,0.0,0.0,0.0,0.0,0.0,0.0,7388.62999999884,-42.0105000000284,0.0,0.0,0.0,0.0,0.0,0.0,0.0,0.0,0.0,999.0000000010878,999.0000000010878,1.0000000000000888,-187.62380122631728,gaze,0.4715156868765032,0.4684512601025088,557.8798384284983,532.0573154021457,872.557886329927,-36.85353974793658,-16.887367747061663,-32.169888298876344,-0.047259969432845,-0.0858744430446498,1.0032857843240603,4.856850228652806,19.130149117237163,-12.94514983733438,-28.666683064333903,0.4406968353016668,0.4843407844890482,0.7596415833962826,5.901913323093797,6.699410404577185,-15.513243666695784,-30.3146670693286,0.1096855765663734,0.1178759334666011,0.9196042725282622,5.166083471237467,238.21605125444128,False,-0.9995746620225155,imu,-0.376836264,-9.611119190400002,2.7766252976,1.62259694,3.71551426,-2.17296893,99.02800761948625,-37.7099209600639,133.72384738845793,408.2348900166544,-3.819950420430473,False,0.7286533001565001,-0.6848827404534599,576.7153783129021,-60.33456721605172,74.20981650206181,750.645705397164,False,inf
61.685431,-288889.56198256515,-760.2571404531931,576.3455771436638,-60.918859320836646,120.50921772864268,165.63323088480857,755.7474360106779,-16558663.804213524,57.27903232569268,165.78510756113306,15090883238.200909,119.44937438466351,120.50921772864268,-15579118786940.154,70.31899087466341,-5.070625981549664,316.5687551758795,278.60144693559306,-303825.0974531999,-228.33057538064253,311.79446650596765,755.7474360106779,-1043853497535.0092,2891.3356392996902,1535.905405924387,114.54278149569062,-8204922.243160337,5996684347192.57,3.000000000002032,-0.857983000000182,-81190980.73229751,-34.59630192075977,408.37069801015787,-3.68849469696454,0.0,-3.0947220210955082e-19,0.0,3.0578773853792785e-18,-1030.1656995830888,3.1135754963939406,-1030.1656995830888,0.0,-1272.2139351007,0.0,0.0,2810.819999998668,-14.617700000000523,0.0,0.0,0.0,0.0,0.0,0.0,0.0,0.0,0.0,0.0,0.0,3785.529999998762,-83.48819999994907,0.0,0.0,0.0,0.0,0.0,0.0,0.0,0.0,0.0,0.0,0.0,7388.629999998899,-42.01050000002863,0.0,0.0,0.0,0.0,0.0,0.0,0.0,0.0,0.0,999.000000001095,999.000000001095,1.0000000000000853,-188.72516242259056,gaze,0.4699320906205494,0.4669046018328386,572.4076867571027,545.8034391438583,865.6603968264778,-36.84597219650384,-16.894790002290037,-32.18965822336252,-0.0468296151656318,-0.0856968871120798,1.0030170955594204,4.858086008873854,19.21325947244577,-12.953646913945663,-28.66580190286736,0.4400036367258403,0.4830112755710007,0.7601723901333385,5.904845567319528,8.818768759677837,-15.517059701846302,-30.32960009283717,0.1108309957882798,0.1181511325273102,0.9194349336465896,5.169831351446989,114.33624446798248,False,-0.8507752267219695,imu,-0.3576953744,-9.5961653704,2.7718400752,1.60764312,3.40148404,-2.16549202,99.02736463567103,-37.7049733521964,133.72051536756456,408.37069801015787,-3.68849469696454,False,0.6649935489538674,-0.7468491011240092,577.7942278716496,-60.36893199081346,88.84168583401805,755.7474360106779,False,inf
61.686547,-289225.71940901043,-760.9086850741244,576.4938673658726,-60.94070086268414,120.60575452452288,165.7870581871684,756.4217995952617,-16578481.335391998,57.33343430505603,165.93907497766966,15109678375.526926,119.54698185220744,120.60575452452288,-15598671194473.02,70.36314470098768,-5.075302198741424,316.7460491151969,278.8239409771962,-304178.371993352,-228.53164144731983,311.9693093429055,756.4217995952617,-1045162898034.1514,2893.641025410897,1537.2782551440596,114.6445771159724,-8214744.018473156,6004206429100.025,3.000000000002032,-0.8579830000001785,-81289108.71253604,-34.62637212049567,408.3886457860899,-3.6711201190189513,0.0,-3.097520991892391e-19,0.0,3.06064303254924e-18,-1031.044670844728,3.116281730665436,-1031.044670844728,0.0,-1273.2974246143158,0.0,0.0,2810.819999998639,-14.617700000000411,0.0,0.0,0.0,0.0,0.0,0.0,0.0,0.0,0.0,0.0,0.0,3785.529999998777,-83.48819999994885,0.0,0.0,0.0,0.0,0.0,0.0,0.0,0.0,0.0,0.0,0.0,7388.62999999887,-42.01050000002874,0.0,0.0,0.0,0.0,0.0,0.0,0.0,0.0,0.0,999.000000001095,999.000000001095,1.0000000000000815,-188.8707193597517,gaze,0.2039538241553748,0.0046719998300453,573.6699807816623,547.1138139128024,865.0758756522879,-37.05544928548758,-17.09444945993291,-32.16858201448694,-0.050225431826855,-0.0366700211712707,0.998064484662742,4.712710857391357,19.49564430287346,-12.67877904489323,-28.45162268332664,0.4652381948935447,0.4699548108222138,0.7501305871628308,5.782304763793945,10.071332578700682,-13.422178360975169,-29.08142034521149,0.3812222149933324,0.3821471395579711,0.7923706920024803,5.5847682158152265,104.81125025153813,False,-1.0,imu,-0.4306001915221774,-9.53755901038904,2.8582831094060723,1.5763543542889844,2.8168452742423864,-2.330095699788868,99.027274810604,-37.70432431440971,133.72004982937673,408.3886457860899,-3.6711201190189513,False,0.645773266414168,-0.7635292321743654,577.9359453334836,-60.37376159315792,92.83726944159244,756.4217995952616,False,inf
61.693899,-291448.08249204146,-765.2118026130778,577.473124127011,-61.08485501853079,121.24324377939556,166.8032203181009,760.875618601232,-16709509.625735285,57.69283975055224,166.95616264422202,15233965820.321045,120.1915183149165,121.24324377939556,-15727970028707.988,70.65454360792968,-5.106191310947453,317.9158275154098,280.2931770869626,-306513.8915731852,-229.859639055302,313.12292675045114,760.875618601232,-1053821863702.764,2908.8645518009694,1546.3465093540938,115.31697465745368,-8279683.245264061,6053949380676.514,3.000000000002032,-0.8579830000001785,-81937931.05724637,-34.824984555556455,408.50715941739327,-3.556379911678391,0.0,-3.116010126614349e-19,0.0,3.0789120417044727e-18,-1036.8499602353445,3.134156296877968,-1036.8499602353445,0.0,-1280.4534390849508,0.0,0.0,2810.819999998639,-14.617700000000298,0.0,0.0,0.0,0.0,0.0,0.0,0.0,0.0,0.0,0.0,0.0,3785.5299999987474,-83.48819999994885,0.0,0.0,0.0,0.0,0.0,0.0,0.0,0.0,0.0,0.0,0.0,7388.62999999887,-42.010500000028514,0.0,0.0,0.0,0.0,0.0,0.0,0.0,0.0,0.0,999.0000000011024,999.0000000011024,1.0000000000000853,-189.83190363360816,gaze,0.468331362418868,0.4653373797711516,576.5837569557389,550.9966520550249,863.4396053368548,-36.83865424844308,-16.902429701535784,-32.209719703159216,-0.0464009179292509,-0.0855022056978212,1.00274024622595,4.859269428797297,19.302795258992106,-12.962162723408277,-28.66378719065556,0.4392857899714796,0.4816366385217586,0.760723688223956,5.907597687184844,9.017007732656278,-15.52117197598092,-30.346184395603043,0.1119814654961636,0.1184310531341614,0.9192637529418632,5.173522216957768,101.09419906198173,False,-0.6844562261824099,imu,-0.352910152,-9.5608743552,2.7682511584,1.49548947,3.19960747,-2.1505382,99.0266524935231,-37.700066644518266,133.7168280309464,408.50715941739327,-3.556379911678391,False,0.5957272313716574,-0.8031868187428499,578.8668214001481,-60.4076424146535,102.9627897391554,760.875618601232,False,inf
61.702366,-294024.3724598113,-770.1909566849247,578.6059591964968,-61.25144516723071,121.9806982553924,167.97948242785296,766.0291359216096,-16861433.243902683,58.10894290283586,168.13349602566848,15378114549.92762,120.9370750249594,121.9806982553924,-15877939082923.443,70.991260195544,-5.141944217114315,319.26688836601545,281.99275585528886,-309221.3458695811,-231.39639848074785,314.4553464828204,766.0291359216096,-1063865048938.838,2926.4746571664336,1556.8422062005338,116.09520210182636,-8354978.967972815,6111644219513.734,3.0000000000020464,-0.8579830000001856,-82690278.50675279,-35.05483047181993,408.6442439945131,-3.4236351448072355,0.0,-3.137411250471067e-19,0.0,3.100058370803917e-18,-1043.5675772758184,3.154841789278601,-1043.5675772758184,0.0,-1288.733957796311,0.0,0.0,2810.819999998639,-14.617700000000468,0.0,0.0,0.0,0.0,0.0,0.0,0.0,0.0,0.0,0.0,0.0,3785.5299999987183,-83.48819999994771,0.0,0.0,0.0,0.0,0.0,0.0,0.0,0.0,0.0,0.0,0.0,7388.62999999887,-42.010500000028856,0.0,0.0,0.0,0.0,0.0,0.0,0.0,0.0,0.0,999.000000001106,999.000000001106,1.0000000000000782,-190.9437826735992,gaze,0.466714196167646,0.4637502691817332,573.6010528461795,550.001099275684,864.3763240938426,-36.83159360590924,-16.91028330765299,-32.230058712408194,-0.045974082704292,-0.0852906225720278,1.002455360719786,4.860400434591713,19.397035884247344,-12.970708701811906,-28.66062790826741,0.4385433631571635,0.4802173411846699,0.761295362683568,5.9101682439072105,7.362009093798717,-15.525581437052352,-30.364576211509483,0.1131363965004971,0.1187155174983125,0.9190908500655106,5.177154588463967,183.5095960275263,False,-0.505609474448564,imu,-0.3427415544,-9.545322382400002,2.784401284,1.42072037,3.06502309,-2.32998404,99.02586790462104,-37.69520236569632,133.71278133308437,408.6442439945131,-3.4236351448072355,False,0.5213480580086357,-0.8533441289483535,579.93319222581,-60.45178180937321,116.43690481151256,766.0291359216096,False,inf
61.706527,-295297.10898219136,-772.6471166215418,579.1646693549883,-61.33353932956311,122.34440283112652,168.5598986451745,768.5713013332877,-16936497.483352184,58.31429368448847,168.7144408189749,15449353369.97633,121.30475573402408,122.34440283112652,-15952057515517.225,71.15717722158004,-5.159585034077815,319.9323720825153,282.83095029172074,-310558.8749183747,-232.1545146752691,315.11165785208925,768.5713013332877,-1068828626171.7336,2935.159521353145,1562.0207082698655,116.4791688982627,-8392182.182563823,6140158357194.281,3.000000000002032,-0.8579830000001749,-83062029.42557909,-35.16822291679263,408.71184734793314,-3.3581621862795146,0.0,-3.1479710402094287e-19,0.0,3.110492439149521e-18,-1046.8814173074463,3.165046793491817,-1046.8814173074463,0.0,-1292.8187486992204,0.0,0.0,2810.81999999861,-14.617700000000411,0.0,0.0,0.0,0.0,0.0,0.0,0.0,0.0,0.0,0.0,0.0,3785.5299999987183,-83.48819999994771,0.0,0.0,0.0,0.0,0.0,0.0,0.0,0.0,0.0,0.0,0.0,7388.629999998782,-42.010500000028514,0.0,0.0,0.0,0.0,0.0,0.0,0.0,0.0,0.0,999.000000001106,999.000000001106,1.0000000000000782,-191.4921380789009,gaze,0.20477422454658,0.0026580708947789,572.0136996526583,549.1990965801275,864.7983814930441,-37.07717393812256,-17.0679433935016,-32.24794278552015,-0.0428883357855524,-0.0311042101279922,0.9985955731755772,4.731878757476807,19.49264681634276,-12.67401816470782,-28.44706166549493,0.463850236904803,0.4717014420481127,0.7498937973427233,5.788809299468994,5.355433543803036,-13.784378965507557,-29.397940815285505,0.3385368988849057,0.3416850086584934,0.8128391903166479,5.503662168979645,231.76957480336893,False,-1.0,imu,-0.4262543451043933,-9.538566348546103,2.855417572044979,1.5152696485204906,2.7033886769723825,-2.362743858146697,99.02545473033707,-37.69282732644478,133.7106594016119,408.71184734793314,-3.3581621862795146,False,0.4678054185776069,-0.883831483004215,580.455127439877,-60.47579406950892,125.07218024837516,768.5713013332878,False,inf
61.710833,-296618.82841994386,-775.1952788035579,579.7442351474238,-61.41865104404849,122.72168007635662,169.1621807063923,771.2086861944786,-17014458.36047983,58.527400276447146,169.3172713456346,15523352396.981174,121.68614365402776,122.72168007635662,-16029049943813.848,71.32918315661215,-5.177889633604249,320.6221033463463,283.7004108264958,-311947.87691975856,-232.9410630995945,315.79188924230834,771.2086861944786,-1073984659658.0836,2944.168312617084,1567.393946230087,116.87757108895424,-8430821.1650742,6169778091970.479,3.000000000002089,-0.8579830000001785,-83448141.11714399,-35.28587118862285,408.7819698082021,-3.29024270569289,0.0,-3.1589283637901e-19,0.0,3.121319308428785e-18,-1050.3194674094336,3.1756348102232947,-1050.3194674094336,0.0,-1297.0566204032723,0.0,0.0,2810.81999999861,-14.617700000000356,0.0,0.0,0.0,0.0,0.0,0.0,0.0,0.0,0.0,0.0,0.0,3785.5299999987474,-83.48819999994748,0.0,0.0,0.0,0.0,0.0,0.0,0.0,0.0,0.0,0.0,0.0,7388.62999999887,-42.010500000028856,0.0,0.0,0.0,0.0,0.0,0.0,0.0,0.0,0.0,999.0000000011167,999.0000000011167,1.0000000000000853,-192.06094918244625,gaze,0.465080727589293,0.4621433998601785,571.5955910276173,549.4415468100733,864.8037161929778,-36.82479522501922,-16.918349889647274,-32.25066822768038,-0.0455491639760824,-0.085062300707298,1.0021624687139763,4.861479418513925,19.49414912043267,-12.979299788549996,-28.656313872651445,0.4377761744112534,0.4787533788187958,0.7618874887280443,5.912556821259952,4.347671790780813,-15.530290391377193,-30.384946431853308,0.1142956026955686,0.1190044447008474,0.9189162855371564,5.180728309076562,271.1789962807716,False,-0.3200768439219573,imu,-0.3612842912,-9.575828175200002,2.7855975896,1.42819728,2.78090051,-2.49447606,99.0250074577806,-37.690380306081465,133.70837036457573,408.7819698082021,-3.29024270569289,False,0.4423798474141209,-0.8968277820194125,580.9938573524254,-60.50243417847204,129.13488460970672,771.2086861944787,False,inf
61.719301,-299231.8558240688,-780.2254572158763,580.8881073948596,-61.586494220182544,123.4662898574668,170.351481753904,776.4149801624228,-17168609.219141483,58.94827150407945,170.50765535492158,15669702869.126295,122.43882502492112,123.4662898574668,-16181327169676.188,71.66835558434006,-5.214032586781474,321.98164003386273,285.41637346746563,-314693.91066522,-234.49384615973585,317.13272051310884,776.4149801624228,-1084182340028.9922,2961.947915521124,1578.0032062542673,117.6641908762551,-8507221.859235361,6228360443192.213,3.000000000002061,-0.8579830000001785,-84211639.64060372,-35.51813880113158,408.9203552316667,-3.1561845935024166,0.0,-3.180564493720109e-19,0.0,3.1426978456874586e-18,-1057.1065638569853,3.196538248186252,-1057.1065638569853,0.0,-1305.4225763807767,0.0,0.0,2810.8199999985954,-14.617700000000411,0.0,0.0,0.0,0.0,0.0,0.0,0.0,0.0,0.0,0.0,0.0,3785.529999998689,-83.4881999999468,0.0,0.0,0.0,0.0,0.0,0.0,0.0,0.0,0.0,0.0,0.0,7388.629999998811,-42.01050000002874,0.0,0.0,0.0,0.0,0.0,0.0,0.0,0.0,0.0,999.0000000011132,999.0000000011132,1.0000000000000815,-193.1835553453271,gaze,0.4634310927190093,0.4605169009182115,571.9450817628067,550.5878792221839,864.3204856953447,-36.81826404540151,-16.926628528590225,-32.2715412684463,-0.0451262186403415,-0.084817402406647,1.001861599006607,4.86250677221833,19.59219950419852,-12.98795141198959,-28.650835812127923,0.4369840330546533,0.4772447374547947,0.7625001472981806,5.914762954253943,0.6942362295186996,-15.535301203674406,-30.407472942323864,0.1154588957339448,0.1192977538870514,0.9187401205135626,5.184243205726604,302.3990400926978,False,-0.1346200455052379,imu,-0.3331711096,-9.587193078400002,2.7670548528,1.41324346,2.27247063,-2.77859864,99.02406783657176,-37.68560027851571,133.70359047466818,408.9203552316667,-3.1561845935024166,False,0.3593958870726826,-0.933185188671166,582.049434873527,-60.56066407474327,140.9305590249486,776.4149801624228,False,inf
61.72662,-301505.1191068126,-784.5935326284707,581.8811868884859,-61.73206210596004,124.11272778821808,171.38463709284707,780.9359740782826,-17302740.851397514,59.313948483095,171.5417513964181,15797082844.807377,123.0922257256372,124.11272778821808,-16313872723025.838,71.96248347658869,-5.245427715562707,323.1600632160764,286.90605481537887,-317082.87443108234,-235.8423531874446,318.2949514872254,780.9359740782826,-1093058600434.1438,2977.3828440562525,1587.218435709906,118.34743929984216,-8573701.01792175,6279351662398.523,3.0000000000021174,-0.8579830000001856,-84876033.34455524,-35.71986074573871,409.04048340396,-3.039791166773512,0.0,-3.199359081365648e-19,0.0,3.161268671129154e-18,-1063.000561583643,3.2146926610033884,-1063.000561583643,0.0,-1312.6875915340015,0.0,0.0,2810.819999998625,-14.617700000000523,0.0,0.0,0.0,0.0,0.0,0.0,0.0,0.0,0.0,0.0,0.0,3785.529999998762,-83.48819999994816,0.0,0.0,0.0,0.0,0.0,0.0,0.0,0.0,0.0,0.0,0.0,7388.629999998899,-42.01050000002931,0.0,0.0,0.0,0.0,0.0,0.0,0.0,0.0,0.0,999.0000000011424,999.0000000011424,1.0000000000000924,-194.1581295429334,gaze,0.2057428006046208,0.0019536120861407,570.4089566616365,550.2129928907248,865.1556174123615,-37.09182947378167,-17.046661543204273,-32.30213237692283,-0.0387954723284316,-0.0268123134979428,0.9988698425043302,4.747384518617709,19.49016647701412,-12.674126677521976,-28.43892904075844,0.4625051118516374,0.4725527152713636,0.750186875126935,5.792671573619305,-1.7191717371409898,-14.326329633049506,-29.87112976727869,0.2741033664321439,0.2816714588896718,0.8435239439196084,5.385215801831904,283.4712336949287,False,-1.0,imu,-0.421878686126011,-9.539618083535304,2.8523623991931744,1.4497834224760735,2.588081815852024,-2.3990149161740075,99.02318963756912,-37.681503455292,133.69915952643308,409.04048340396,-3.039791166773512,False,0.2663374683954077,-0.9638798436157514,582.9580404991315,-60.61788290078716,152.30042454745163,780.9359740782826,False,inf
61.727768,-301862.9336568287,-785.2803968385122,582.037325836709,-61.75493677104134,124.2143642380742,171.54713051822682,781.6468827925851,-17323855.40827799,59.3714670018864,171.70439276803333,15817137584.576729,123.19495312134784,124.2143642380742,-16334741328061.26,72.00870034457802,-5.250365288963636,323.34518410718914,287.1402669111736,-317458.89942220866,-236.0544104008084,318.477530510121,781.6468827925851,-1094456118574.9288,2979.8095601213777,1588.667701749334,118.4548918376208,-8584165.984726,6287379947621.145,3.000000000002089,-0.8579830000001785,-84980624.12573595,-35.7515830590072,409.0593695773168,-3.0214903348831967,0.0,-3.2023149966501826e-19,0.0,3.164189394254299e-18,-1063.9273936417103,3.2175475807756366,-1063.9273936417103,0.0,-1313.8300092632917,0.0,0.0,2810.8199999985954,-14.617700000000411,0.0,0.0,0.0,0.0,0.0,0.0,0.0,0.0,0.0,0.0,0.0,3785.529999998704,-83.48819999994726,0.0,0.0,0.0,0.0,0.0,0.0,0.0,0.0,0.0,0.0,0.0,7388.629999998811,-42.0105000000292,0.0,0.0,0.0,0.0,0.0,0.0,0.0,0.0,0.0,999.000000001135,999.000000001135,1.0000000000000815,-194.3113553713314,gaze,0.461766021044401,0.458871487569353,569.5760013879027,549.5202868364846,865.4607348790523,-36.812007162276274,-16.93511527081097,-32.29266336251386,-0.0447054548334392,-0.0845561850128374,1.0015528903886226,4.863482550647618,19.68915069705208,-12.996676378938568,-28.644187895405604,0.4361670334248176,0.4756919521996077,0.7631331971072852,5.91678544467787,-2.8569136852638115,-15.540614360444083,-30.43232870015288,0.1166256706147813,0.1195952579741537,0.9185624800892632,5.187697875251056,278.0897334726175,False,0.0432108557726476,imu,-0.3361618736,-9.5608743552,2.7646622416,1.41324346,1.98834805,-2.73373718,99.02304619802236,-37.680863789380766,133.69843916794244,409.0593695773168,-3.0214903348831967,False,0.2730474271988179,-0.9620005730248324,583.1002725129907,-60.62748239795944,151.69828042981914,781.6468827925851,False,inf
61.736235,-304512.4658795721,-790.3607833737118,583.1920453406565,-61.9240002011968,124.96600347265924,172.74929296942278,786.9051021788969,-17480221.083559513,59.79704617601704,172.90764970507462,15965679967.666462,123.95462839812797,124.96600347265924,-16489316890666.46,72.35026039586407,-5.286892747374963,324.71290264438096,288.8723217967771,-320243.267566209,-237.62296827323271,319.82648422347825,786.9051021788969,-1104807633664.5813,2997.7556352187885,1599.3889040072756,119.24978281992544,-8661665.520609364,6346846017084.711,3.000000000002103,-0.857983000000182,-85755214.88913816,-35.98623593878251,409.1990311493737,-2.8861419974836053,0.0,-3.2241828884051164e-19,0.0,3.185796934048644e-18,-1070.7828865627291,3.238665685788971,-1070.7828865627291,0.0,-1322.2800643137923,0.0,0.0,2810.8199999985663,-14.617700000000356,0.0,0.0,0.0,0.0,0.0,0.0,0.0,0.0,0.0,0.0,0.0,3785.5299999986746,-83.4881999999468,0.0,0.0,0.0,0.0,0.0,0.0,0.0,0.0,0.0,0.0,0.0,7388.629999998782,-42.01050000002897,0.0,0.0,0.0,0.0,0.0,0.0,0.0,0.0,0.0,999.000000001135,999.000000001135,1.0000000000000853,-195.44450091250349,gaze,0.4600856666487892,0.4572073086723313,564.8780829282597,546.7494142317556,867.8335166006826,-36.80602919542128,-16.943808993365487,-32.31402734129908,-0.0442869322455263,-0.084278827403,1.001236378472929,4.864407200122177,19.78297392092049,-13.005490980687052,-28.63636382612092,0.4353249936484791,0.474095038350863,0.7637867087060695,5.918623924776624,-5.748484868119676,-15.546232017830974,-30.45969477404817,0.1177957299788581,0.1198968714878521,0.9183834284669282,5.1910921751286985,223.4275266861121,False,0.2056222759879419,imu,-0.35889168,-9.5471168408,2.783204978400001,1.33099745,1.81637912,-2.49447606,99.0219395129134,-37.67617065168756,133.6929127279093,409.1990311493737,-2.8861419974836053,False,0.1840008453389144,-0.982926085173532,584.1471939551939,-60.70387720569705,161.3226006211337,786.9051021788969,False,inf
61.739796,-305632.32639438927,-792.5050860405738,583.6793385130477,-61.99528977257182,125.2831913360038,173.25684331210846,789.1244569612677,-17546320.296928406,59.976748158456914,173.4156621091701,16028485423.200956,124.2751905495688,125.2831913360038,-16554675882050.965,72.4942754305969,-5.302313606875677,325.2893781532613,289.6032239670253,-321420.1140365918,-238.2850579813292,320.39505857922165,789.1244569612677,-1109184539872.7324,3005.3285804929537,1603.9149563308113,119.58534888503776,-8694426.449379764,6371989910289.012,3.000000000002132,-0.8579830000001891,-86082669.74312246,-36.08528700255317,409.2579630020628,-2.8290220983743666,0.0,-3.2334151352946696e-19,0.0,3.194919264827653e-18,-1073.676514934728,3.247580005339908,-1073.676514934728,0.0,-1325.846708756149,0.0,0.0,2810.81999999861,-14.617700000000523,0.0,0.0,0.0,0.0,0.0,0.0,0.0,0.0,0.0,0.0,0.0,3785.529999998733,-83.48819999994748,0.0,0.0,0.0,0.0,0.0,0.0,0.0,0.0,0.0,0.0,0.0,7388.62999999884,-42.010500000030106,0.0,0.0,0.0,0.0,0.0,0.0,0.0,0.0,0.0,999.0000000011496,999.0000000011496,1.0000000000000888,-195.9226739985832,gaze,0.4593744734608255,0.4565018762268064,564.4632080361096,546.9264221882938,868.0149092736082,-36.80359961110379,-16.947526655864372,-32.3230823995323,-0.0441116088161769,-0.0841574078411411,1.0011009483746636,4.864780892646486,19.82100872602488,-13.009228714382274,-28.63272078299276,0.4349633523867435,0.4734102839582718,0.7640676702294259,5.919342026481168,-6.696162034441682,-15.548685984271646,-30.4719966998113,0.1182887261721474,0.1200249205738243,0.9183077232106426,5.192501562486488,195.974207067628,False,0.2674547522032702,imu,-0.4190081411829091,-9.54032814424755,2.850266685729042,1.4052912659294865,2.512151080070389,-2.4244220222901056,98.5120932,-37.61651720000001,133.8214448,409.2579630020628,-2.8290220983743666,False,0.1459154217551184,-0.9892970684754028,584.5865209574002,-60.73909352490246,165.0020559091642,789.1244569612677,False,inf
61.744703,-307180.86550921854,-795.4673147683194,584.3524234228025,-62.09370631175045,125.7213095289782,173.95813822229138,792.1903590700431,-17637730.951161385,60.22506958543188,174.1175954337011,16115353989.30797,124.71795301037362,125.7213095289782,-16645078902657.566,72.69307927505506,-5.323620063117705,326.0849646918226,290.61277268488624,-323047.4489816582,-239.199736074738,321.1797485979652,792.1903590700431,-1115238562049.0378,3015.788570179749,1610.1683116808706,120.04897469036834,-8739732.719107874,6406768283901.508,3.000000000002146,-0.8579830000001785,-86535535.00691554,-36.22212999965742,409.3393585614394,-2.7501213357419374,0.0,-3.2461712414998264e-19,0.0,3.207523501005015e-18,-1077.6739891205134,3.2598954934621025,-1077.6739891205134,0.0,-1330.7739073291275,0.0,0.0,2810.819999998581,-14.617700000000582,0.0,0.0,0.0,0.0,0.0,0.0,0.0,0.0,0.0,0.0,0.0,3785.529999998733,-83.48819999994703,0.0,0.0,0.0,0.0,0.0,0.0,0.0,0.0,0.0,0.0,0.0,7388.62999999884,-42.01050000002988,0.0,0.0,0.0,0.0,0.0,0.0,0.0,0.0,0.0,999.0000000011532,999.0000000011532,1.0000000000000924,-196.58314619377944,gaze,0.4583901845661171,0.4555245130441074,567.1369354554042,549.8289855069104,866.5847142959361,-36.80033474883973,-16.95270858040382,-32.33562607757055,-0.0438707131610262,-0.0839855082253211,1.0009120981603516,4.865281167414445,19.871650169078883,-13.01441195421765,-28.627358133422742,0.4344577229972665,0.4724540025122786,0.7644607582740647,5.920277978283168,-7.726701943359709,-15.552156385993792,-30.48975080755729,0.1189688737135006,0.1202025088255114,0.9182030306252368,5.194425946311298,156.09272120197576,False,0.3449446013898827,imu,-0.352910152,-9.5381445488,2.7760271448,1.37585891,1.6518871,-2.27764567,99.02074485900484,-37.6715207016054,133.68700772083838,409.3393585614394,-2.7501213357419374,False,0.0929611100389747,-0.9956697404362158,585.191120300143,-60.79078783849919,169.69475318012803,792.1903590700431,False,inf
61.7466,-307781.1938488129,-796.6147910894629,584.6131303392503,-62.13180940333564,125.8910049377766,174.2298430026869,793.377993126617,-17673171.25077629,60.32128456526666,174.38954754835274,16149037328.934856,124.88944212960884,125.8910049377766,-16680133526266.955,72.77004487612476,-5.331874598158117,326.3929078918579,291.0037942524007,-323678.3231266526,-239.5540666283294,321.4834765585099,793.377993126617,-1117586062618.942,3019.8399541885706,1612.590942464593,120.22858800400338,-8757298.203768063,6420253904897.645,3.000000000002146,-0.8579830000001891,-86711118.32491168,-36.27514180006168,409.3708839217816,-2.719559799702324,0.0,-3.2511132789940893e-19,0.0,3.212406700217071e-18,-1079.2225175587223,3.264666407647152,-1079.2225175587223,0.0,-1332.6825799506066,0.0,0.0,2810.8199999985954,-14.617700000000523,0.0,0.0,0.0,0.0,0.0,0.0,0.0,0.0,0.0,0.0,0.0,3785.529999998704,-83.48819999994657,0.0,0.0,0.0,0.0,0.0,0.0,0.0,0.0,0.0,0.0,0.0,7388.629999998811,-42.01050000002988,0.0,0.0,0.0,0.0,0.0,0.0,0.0,0.0,0.0,999.0000000011496,999.0000000011496,1.0000000000000888,-196.8389630297599,gaze,0.2067059295370682,0.0012531150475405,568.8132385030426,551.2211872014668,865.5108442907751,-37.10640258891974,-17.02549937882161,-32.35601721424059,-0.0347256265177859,-0.0225445538468991,0.9991425693837652,4.762803077697754,19.48770008673959,-12.67423458007644,-28.43084215267627,0.4611675515787932,0.4733992010624631,0.7504783046859135,5.796512126922607,-8.795587200417705,-14.866964030332484,-30.355391241678348,0.2107657785962691,0.221309633820006,0.8744202542556021,5.26438437187356,140.56423821189136,False,-1.0,imu,-0.4175258299878289,-9.540700971711894,2.8491563739651267,1.3819917488541054,2.472922077840225,-2.4379865066742097,99.0204649195227,-37.67048505713711,133.6856328285244,409.3708839217816,-2.719559799702324,False,0.0510140743471049,-0.9986979344218692,585.4246419252856,-60.81178745437781,172.86100324474253,793.377993126617,False,inf
61.75317,-309867.5994634406,-800.59887857328,585.5182062310396,-62.26401674772672,126.48011660742335,175.17340681094444,797.5015004486869,-17796353.871028423,60.65544603707997,175.33397025072122,16266130552.567877,125.4847585014602,126.48011660742335,-16801997182864.734,73.03707899928514,-5.360539316096685,327.46105295835326,292.36123712182456,-325870.88331144647,-240.784371092629,322.5370109030314,797.5015004486869,-1125746882132.2869,3033.904401446414,1621.0036017715795,120.85229497593672,-8818352.15317617,6467135134597.408,3.000000000002132,-0.857983000000182,-87321430.88734746,-36.45921416979444,409.4803206779561,-2.6134583272246346,0.0,-3.2682753328280053e-19,0.0,3.229364428248826e-18,-1084.5992047493953,3.281232407470726,-1084.5992047493953,0.0,-1339.3096928317348,0.0,0.0,2810.819999998552,-14.617700000000298,0.0,0.0,0.0,0.0,0.0,0.0,0.0,0.0,0.0,0.0,0.0,3785.5299999986455,-83.48819999994521,0.0,0.0,0.0,0.0,0.0,0.0,0.0,0.0,0.0,0.0,0.0,7388.629999998782,-42.0105000000292,0.0,0.0,0.0,0.0,0.0,0.0,0.0,0.0,0.0,999.0000000011496,999.0000000011496,1.0000000000000853,-197.72704177849675,gaze,0.4566803396211499,0.4538238556621536,578.1981609908513,559.679523075869,860.8259100593943,-36.79493027755634,-16.961809659562196,-32.35744470900175,-0.0434570087333595,-0.0836765184445424,1.0005802026932291,4.866104617505906,19.95317905974202,-13.023453252592796,-28.617169962125526,0.4335653424759932,0.4707694475172383,0.7651551779125102,5.921746652625986,-8.802069984137137,-15.558387466173691,-30.522660147269683,0.1201444815775928,0.1205119737841898,0.9180214169859794,5.197697864391103,87.44256874067857,False,0.4540324898307109,imu,-0.3559009160000001,-9.5441260768,2.7568862552,1.41324346,1.47991817,-2.29259949,99.01945989497236,-37.66691542282561,133.6807232968113,409.4803206779561,-2.6134583272246346,False,0.0007003863978847,-0.9999997547294168,586.2326987291145,-60.88905875920685,176.71151926112842,797.5015004486869,False,inf
61.761637,-312573.0792381577,-805.7561701592905,586.6895507273239,-62.43495324300841,127.24252631080785,176.3952672113827,802.8392443827446,-17956114.459429264,61.08823586009687,176.55694278441084,16418033543.106115,126.25514665448242,127.24252631080785,-16960096687806.695,73.38230296969948,-5.397655588021442,328.8413359883776,294.11794883082484,-328714.00284175243,-242.37708881717444,323.8984375867941,802.8392443827446,-1136334264728.618,3052.105549718206,1631.896267338304,121.6598541278396,-8897536.03048765,6527956167386.029,3.000000000002146,-0.8579830000001891,-88113025.1613402,-36.69752088820878,409.6219360428531,-2.476134795588109,0.0,-3.2904982234243863e-19,0.0,3.2513227403710962e-18,-1091.5594764843493,3.3026793472344145,-1091.5594764843493,0.0,-1347.888582352744,0.0,0.0,2810.819999998581,-14.617700000000468,0.0,0.0,0.0,0.0,0.0,0.0,0.0,0.0,0.0,0.0,0.0,3785.52999999866,-83.48819999994521,0.0,0.0,0.0,0.0,0.0,0.0,0.0,0.0,0.0,0.0,0.0,7388.629999998811,-42.01050000002988,0.0,0.0,0.0,0.0,0.0,0.0,0.0,0.0,0.0,999.0000000011532,999.0000000011532,1.0000000000000888,-198.8763413519257,gaze,0.4549563050834075,0.4521055053141684,579.5345728246095,560.0253148453596,860.2361495484444,-36.78982004952852,-16.97111090745321,-32.379475947671914,-0.0430458840631436,-0.0833520535240487,1.000240733895363,4.866878052981511,20.025680623607776,-13.032632341629895,-28.60579666701131,0.432647670360954,0.4690414097286536,0.7658700332099702,5.923029631411208,-9.163584278755552,-15.564927245905382,-30.558588219180383,0.1213223444786088,0.120825176133373,0.9178386555844912,5.200907801993934,30.72858406223477,False,0.5268062949566972,imu,-0.3726491944000001,-9.530966715200002,2.757484408000001,1.5179202,1.43505671,-2.1505382,99.01808201992095,-37.662354651816045,133.67405701587182,409.6219360428531,-2.476134795588109,False,-0.0920122265481738,-0.9957578772802388,587.2730373845228,-60.99949083637046,182.28234786286157,802.8392443827446,False,inf
61.766692,-314197.29194889497,-808.84749969612,587.3915310035063,-62.53730556525613,127.69942570269292,177.12790019425617,806.0387259644577,-18052040.20280648,61.34777629216384,177.29024256164962,16509262835.67928,126.71679953465564,127.69942570269292,-17055051717316.78,73.58899474606571,-5.419909121145982,329.66740028536304,295.1706910088827,-330420.839576581,-243.331844690502,324.7132297626294,806.0387259644577,-1142693058692.6008,3063.0128630191543,1638.4268923427276,122.14401366059349,-8945081.02335884,6564485345565.785,3.00000000000216,-0.8579830000001927,-88588355.0915533,-36.84038040729254,409.7067960321692,-2.393833605927057,0.0,-3.3038226468912247e-19,0.0,3.2644885276037454e-18,-1095.731690570155,3.31553630527735,-1095.731690570155,0.0,-1353.0309986503855,0.0,0.0,2810.819999998552,-14.617700000000582,0.0,0.0,0.0,0.0,0.0,0.0,0.0,0.0,0.0,0.0,0.0,3785.5299999986746,-83.48819999994612,0.0,0.0,0.0,0.0,0.0,0.0,0.0,0.0,0.0,0.0,0.0,7388.629999998811,-42.01050000003033,0.0,0.0,0.0,0.0,0.0,0.0,0.0,0.0,0.0,999.0000000011642,999.0000000011642,1.0000000000000888,-199.5650848080852,gaze,0.2070080629330416,0.0026818764526767,568.6612414700937,550.1132973957954,866.3053631873843,-37.13260476326217,-16.994431000255656,-32.44037372973762,-0.03366864716377,-0.0128327328326502,0.9993031612550622,4.794464068657546,19.48915118817577,-12.680758521679325,-28.42328444557849,0.4610387294223854,0.4724745868521183,0.7511389711570204,5.794319294468362,-8.800815117842804,-14.861090176459484,-30.37067881087429,0.2113496311028768,0.2230118924579516,0.87458041664569,5.270385833811439,7.933572317284752,True,3.0,imu,-0.413150282243828,-9.54182571572853,2.845768112528533,1.31252876060963,2.3573225302009027,-2.479574626301205,99.0172141455516,-37.65965314270748,133.66989449786635,409.7067960321692,-2.393833605927057,False,-0.169505391563203,-0.9855292599568036,587.8939914581609,-61.07151482592522,185.5548781731726,806.0387259644577,False,inf
61.770105,-315297.7255243042,-810.9398972751196,587.8666165507948,-62.60653783046314,128.00864197316534,177.62389108151146,808.2043217306714,-18117037.89185524,61.52350055056491,177.7866848477962,16571087402.154509,127.02922096965985,128.00864197316534,-17119402956974.691,73.72879516999853,-5.4349740555553,330.2259843041312,295.88314549734804,-331577.24951402994,-243.978108628282,325.2641970617003,808.2043217306714,-1147002419670.5312,3070.394476681142,1642.8478291188253,122.47176464083785,-8977296.836200308,6589241204624.479,3.0000000000021885,-0.8579830000001927,-88910443.2634297,-36.93708318320586,409.7642235122567,-2.3381322482227915,0.0,-3.312843031684981e-19,0.0,3.2734015186411933e-18,-1098.5557642485626,3.324239285207123,-1098.5557642485626,0.0,-1356.5117581862794,0.0,0.0,2810.8199999985663,-14.617700000000468,0.0,0.0,0.0,0.0,0.0,0.0,0.0,0.0,0.0,0.0,0.0,3785.529999998704,-83.48819999994475,0.0,0.0,0.0,0.0,0.0,0.0,0.0,0.0,0.0,0.0,0.0,7388.629999998811,-42.01050000003033,0.0,0.0,0.0,0.0,0.0,0.0,0.0,0.0,0.0,999.0000000011678,999.0000000011678,1.0000000000000924,-200.03120120002745,gaze,0.4532182558455984,0.4503696314256962,556.364812230282,538.5786560773917,872.5421484563994,-36.78500831702596,-16.98061100242608,-32.40171254515591,-0.0426374070356758,-0.0830123091703609,0.9998937330539924,4.867601978037337,20.0873977174618,-13.041967091272312,-28.593236348386803,0.4317045160383403,0.4672699174016873,0.7666053952705574,5.924126550146918,-9.089285346966944,-15.571777761967216,-30.597690593469945,0.1225022500405343,0.1211420253128807,0.917654815377122,5.204055614922517,-1.525688775985325,True,0.5586251060953669,imu,-0.3672658192000001,-9.522592576,2.7562881024,1.63007385,1.33037997,-2.23278421,99.01660875278506,-37.65783824888161,133.66700674688718,409.7642235122567,-2.3381322482227915,False,-0.1843848246067364,-0.9828541277599352,588.313329167074,-61.12280711417499,186.32672746540464,808.2043217306714,False,inf
61.778572,-318040.9929713383,-816.1489299093215,589.0491460569683,-62.77873172108923,128.77829532946308,178.85901448712417,813.5955612903952,-18279092.287267208,61.96114728550323,179.02293226535147,16725262304.730225,127.80681052509952,128.77829532946308,-17279885046852.582,74.07647676227154,-5.472486664607041,331.61467763001974,297.6564390209154,-334460.05008663266,-245.58708229854344,326.6339736368593,813.5955612903952,-1157749274331.0642,3088.76716035541,1653.855925172395,123.28785116084994,-9057618.775726393,6650978339685.8125,3.0000000000021885,-0.8579830000001962,-89713527.89810364,-37.17784915171163,409.9071514984116,-2.199481118149833,0.0,-3.335304954022956e-19,0.0,3.295596016662184e-18,-1105.5865476126055,3.34590755025569,-1105.5865476126055,0.0,-1365.1773455056946,0.0,0.0,2810.8199999985663,-14.617700000000582,0.0,0.0,0.0,0.0,0.0,0.0,0.0,0.0,0.0,0.0,0.0,3785.529999998689,-83.48819999994521,0.0,0.0,0.0,0.0,0.0,0.0,0.0,0.0,0.0,0.0,0.0,7388.62999999887,-42.01050000003079,0.0,0.0,0.0,0.0,0.0,0.0,0.0,0.0,0.0,999.0000000011825,999.0000000011825,1.0000000000000997,-201.1913681994714,gaze,0.4514669917632846,0.4486170284966111,537.1380657121506,521.2326868255575,883.0622101858177,-36.78050086255792,-16.990305151834498,-32.42413930565716,-0.0422317916729072,-0.0826576099724071,0.9995393679004746,4.868276668801436,20.136717547065825,-13.05147237380147,-28.57949290633061,0.4307360276098375,0.4654556414815114,0.7673610692992461,5.9250367067249545,-8.862239290391281,-15.578938507107994,-30.64009463887752,0.1236835633804784,0.1214623161865564,0.9174700319878693,5.207140060060367,-5.94774285078465,True,0.5467360452036488,imu,-0.3846122504,-9.527975951200002,2.748512116,1.79456587,1.25561087,-2.14306129,99.0150383091484,-37.65336767460094,133.65957337790704,409.9071514984116,-2.199481118149833,False,-0.2755763684827436,-0.9612791816812966,589.354477029333,-61.2595931502818,188.77454943726025,813.5955612903952,False,inf
61.786673,-320683.50035557785,-821.1571406939919,590.1858219391288,-62.94407315069475,129.5180869818912,180.04699155662348,818.7789262646193,-18435223.70045185,62.38216305150197,180.2119903507154,16873844857.85782,128.5541744623827,129.5180869818912,-17434554445277.096,74.4102836333102,-5.508564281368126,332.9472879755466,299.3608797502406,-337236.9519326957,-247.1341551879979,327.94845684133134,818.7789262646193,-1168106837691.941,3106.4263508762706,1664.442514785263,124.07267482420102,-9135005.544869132,6710479118870.25,3.000000000002231,-0.8579830000001998,-90487318.85897818,-37.40936510745656,410.0445183293377,-2.066199060529698,0.0,-3.3569084544457762e-19,0.0,3.316942312854951e-18,-1112.3465984429347,3.366743339808409,-1112.3465984429347,0.0,-1373.5091502151151,0.0,0.0,2810.8199999985663,-14.617700000000582,0.0,0.0,0.0,0.0,0.0,0.0,0.0,0.0,0.0,0.0,0.0,3785.52999999866,-83.48819999994566,0.0,0.0,0.0,0.0,0.0,0.0,0.0,0.0,0.0,0.0,0.0,7388.629999998811,-42.01050000003056,0.0,0.0,0.0,0.0,0.0,0.0,0.0,0.0,0.0,999.0000000011896,999.0000000011896,1.0000000000001066,-202.3064985875957,gaze,0.2073085271668136,0.0041027445412708,568.510084157962,549.0115282236311,867.0954926953052,-37.15866218141547,-16.96353426164693,-32.5242642103342,-0.0326175071840471,-0.0031745656175529,0.9994628659226108,4.825950145721436,19.49059427287597,-12.68724642119989,-28.41576849169034,0.4609106189551753,0.4715550807533277,0.7517959877187959,5.792138576507568,-8.81164141043534,-14.848845394261554,-30.402661611295382,0.2126776659733207,0.2265214650064348,0.8748867948272734,5.282693143915809,10.115533764104322,True,3.0,imu,-0.4088042049556802,-9.542978291675064,2.8422401376408177,1.24356106053017,2.243268584738307,-2.522799237947788,99.0134428188642,-37.6491331124375,133.6521016998361,410.0445183293377,-2.066199060529698,False,-0.3830317624627082,-0.9237351725168376,590.3526601153421,-61.403562189046696,189.2850672378908,818.7789262646193,False,inf
61.78704,-320803.62809049594,-821.3845930305531,590.2374389843317,-62.95157732890709,129.55168089037608,180.1009554963813,819.0143327105898,-18442322.07389545,62.40128944964846,180.26600339358043,16880601016.938389,128.58811092412873,129.55168089037608,-17441587573130.115,74.4254328752027,-5.510203037980087,333.0077507431891,299.4382771533401,-337363.1888913523,-247.2044198681744,328.0080977454211,819.0143327105898,-1168577815993.156,3107.2282388613226,1664.923380978808,124.10832290588094,-9138523.87692602,6713184733457.4375,3.0000000000021743,-0.8579830000001891,-90522499.92103478,-37.41988035535317,410.0507557845631,-2.060146488991677,0.0,-3.357889771392716e-19,0.0,3.3179119465622797e-18,-1112.653619650877,3.3676896827533462,-1112.653619650877,0.0,-1373.8875534684294,0.0,0.0,2810.819999998537,-14.617700000000356,0.0,0.0,0.0,0.0,0.0,0.0,0.0,0.0,0.0,0.0,0.0,3785.5299999986455,-83.48819999994384,0.0,0.0,0.0,0.0,0.0,0.0,0.0,0.0,0.0,0.0,0.0,7388.629999998753,-42.01050000002988,0.0,0.0,0.0,0.0,0.0,0.0,0.0,0.0,0.0,999.0000000011788,999.0000000011788,1.0000000000000924,-202.3571360807845,gaze,0.4497024970183163,0.4468476762308173,572.1016822452088,552.6528854147269,865.6288552670181,-36.77630110872863,-17.000193002000437,-32.44675152821057,-0.0418290613152586,-0.0822881241914508,0.9991776436049302,4.868902757483365,20.17225762038895,-13.061167810315736,-28.56456528314615,0.4297419047548512,0.4635984186269275,0.76813720847011,5.925759913469969,-8.721206835695654,-15.586412182572849,-30.685929934034817,0.1248662028946867,0.1217859919760114,0.917284355464384,5.210161379022695,11.111245383226263,True,0.4907295907024007,imu,-0.3911919312,-9.5393408544,2.75150288,2.01139626,1.28551851,-2.12063056,99.01336836011632,-37.64894226981463,133.6517548845987,410.0507557845631,-2.060146488991677,False,-0.3647797400977003,-0.931093841250308,590.3979463997862,-61.410393897389575,189.5699262929992,819.0143327105899,False,inf
61.795832,-323692.2240240476,-826.8482120545517,591.4771709249344,-63.13170628832904,130.3585243242754,181.39750348370856,824.668998873974,-18613027.452331543,62.86086888608869,181.56373108658235,17043102339.54997,129.4031475923259,130.3585243242754,-17610755720741.156,74.78904908998989,-5.5495742546496665,334.45859349952514,301.29714261946083,-340398.6792421498,-248.89232120091955,329.43923484392315,824.668998873974,-1179906255712.9358,3126.487231941238,1676.4759763240218,124.96474335562364,-9223134.88543437,6778262869837.602,3.0000000000022027,-0.8579830000001927,-91368587.68447883,-37.67248588604111,410.20055457348826,-1.9147724145401528,0.0,-3.381466471354659e-19,0.0,3.341207950019096e-18,-1120.0287534924976,3.390423474966072,-1120.0287534924976,0.0,-1382.9773370088435,0.0,0.0,2810.819999998508,-14.617700000000523,0.0,0.0,0.0,0.0,0.0,0.0,0.0,0.0,0.0,0.0,0.0,3785.52999999866,-83.48819999994475,0.0,0.0,0.0,0.0,0.0,0.0,0.0,0.0,0.0,0.0,0.0,7388.629999998753,-42.01050000003079,0.0,0.0,0.0,0.0,0.0,0.0,0.0,0.0,0.0,999.0000000011896,999.0000000011896,1.000000000000096,-203.57331114692192,gaze,0.4478571436228691,0.4449935524926407,642.1079994440037,615.6018149314115,829.4289255337653,-36.77227146719756,-17.0106600022971,-32.47041161522837,-0.0414141548007657,-0.0818891770769457,0.99879443467485,4.869501821695218,20.193338263149258,-13.071453159620203,-28.547818812262168,0.428682666819403,0.4616252141239938,0.7689645738151694,5.92631246236147,-8.866055737637197,-15.59450302770228,-30.737251089148547,0.126094956650834,0.1221254497701682,0.9170907546514422,5.213230606084762,44.262578604614255,True,0.3884601479362735,imu,-0.4001642232,-9.5429297712,2.742530588,2.116073,1.18831868,-2.24773803,99.01152751379652,-37.64439632652283,133.64323091129756,410.20055457348826,-1.9147724145401528,False,-0.4543909523755082,-0.8908023700009328,591.4850407741881,-61.58220731592773,188.60099252262995,824.6689988739741,False,inf
61.804625,-326601.8997338443,-832.3407116079145,592.7231526326286,-63.31254034644394,131.16941374197884,182.7014507009144,830.3535195886429,-18785012.54565239,63.3231576065677,182.86886463570167,17206871402.83801,130.222205399043,131.16941374197884,-17781253416850.414,75.15404323210352,-5.58916655896041,335.9141616968004,303.1652704814948,-343456.3055392494,-250.58929400290336,330.8750630499314,830.3535195886429,-1191323685031.5046,3145.842044111562,1688.0929845543524,125.82592188216589,-9308380.82478466,6843852215306.238,3.0000000000022453,-0.8579830000001927,-92221086.25512582,-37.92646405538698,410.3510858656391,-1.7686577159537364,0.0,-3.4051765507628965e-19,0.0,3.36463574494507e-18,-1127.4432504788103,3.413280800627856,-1127.4432504788103,0.0,-1392.1155203644323,0.0,0.0,2810.8199999985227,-14.617700000000411,0.0,0.0,0.0,0.0,0.0,0.0,0.0,0.0,0.0,0.0,0.0,3785.529999998631,-83.48819999994339,0.0,0.0,0.0,0.0,0.0,0.0,0.0,0.0,0.0,0.0,0.0,7388.629999998695,-42.01050000003056,0.0,0.0,0.0,0.0,0.0,0.0,0.0,0.0,0.0,999.0000000011896,999.0000000011896,1.0000000000000924,-204.79555929132692,gaze,0.445998440435456,0.443122277335303,607.1195538857027,585.4253581792523,845.6663624750455,-36.76858303282452,-17.021329684900113,-32.494249375221834,-0.0410026306870901,-0.0814748661598333,0.9984034981588036,4.8700495896944975,20.19733425750999,-13.081982581939217,-28.52980425663841,0.4275956450929063,0.4596063348873488,0.7698139333787697,5.926662634505432,-9.456449233710874,-15.602933164486007,-30.792465004411525,0.1273243223170496,0.1224682569478117,0.9168964032393322,5.216230697769552,91.2721514800081,True,0.2471751062339501,imu,-0.3971734592000001,-9.552500216,2.7377453656,2.1908421,1.2780416,-2.30755331,99.00957567444225,-37.63990002088793,133.63429281673706,410.3510858656391,-1.7686577159537364,False,-0.5400388176712635,-0.8416401103846131,592.5775044860627,-61.76988172659252,185.77205315622004,830.3535195886429,False,inf
61.806765,-327313.1957758489,-833.6817389523433,593.0273208777035,-63.35665472138521,131.36736422947317,183.0199000304027,831.741424463263,-18827060.97406006,63.43607063007973,183.1876036744496,17246918606.727432,130.4221398704143,131.36736422947317,-17822947488188.695,75.24307645296099,-5.598835225197804,336.2691021079402,303.6213000738707,-344203.7670215147,-251.00364285634907,331.225194392698,831.741424463263,-1194115734295.9275,3150.5667346753617,1690.929855091703,126.03621887530456,-9329222.597924652,6859891611485.113,3.000000000002217,-0.8579830000001856,-92429522.90551624,-37.988480044923016,410.3878299969274,-1.7329871516126332,0.0,-3.4109668379285963e-19,0.0,3.370357094837121e-18,-1129.2536028145516,3.4188620663924216,-1129.2536028145516,0.0,-1394.346717246414,0.0,0.0,2810.8199999984936,-14.617700000000411,0.0,0.0,0.0,0.0,0.0,0.0,0.0,0.0,0.0,0.0,0.0,3785.5299999985873,-83.48819999994384,0.0,0.0,0.0,0.0,0.0,0.0,0.0,0.0,0.0,0.0,0.0,7388.629999998724,-42.01050000003079,0.0,0.0,0.0,0.0,0.0,0.0,0.0,0.0,0.0,999.0000000011931,999.0000000011931,1.000000000000096,-205.09392494825323,gaze,0.2066960885914293,0.0003810463122282,568.6484728827529,551.9743814444049,865.1511553809405,-37.17097700331384,-16.95571408007106,-32.55933585088054,-0.0319499106569558,-0.0016636543502528,0.9994880867039964,4.833931446075439,19.49453894820653,-12.67864899429776,-28.41766943587745,0.4610234868791621,0.4740352256144698,0.7501652814029837,5.810227394104004,-8.820832503768091,-14.838085545877494,-30.43086169486968,0.2134888334836163,0.2296988989408444,0.8750031945861412,5.295040222239173,104.4825373017422,False,-1.0,imu,-0.4044430371807134,-9.544169884821052,2.838538477939028,1.1757181850230294,2.1301917957243863,-2.5676228922909576,99.00908370097426,-37.6388133710196,133.63205514658625,410.3878299969274,-1.7329871516126332,False,-0.5809919887379881,-0.8139092756703769,592.8443505089067,-61.81797644307542,183.41195187299,831.741424463263,False,inf
61.813418,-329532.4393318588,-837.8615784865294,593.9752664735806,-63.49406101353577,131.9842719297529,184.01267979231903,836.0673618091948,-18958264.969669346,63.78811478734498,184.1812865772145,17371896983.769283,131.04520530551986,131.9842719297529,-17953069091647.805,75.52037739600082,-5.628976344700609,337.37429812239657,305.04248239046,-346535.84074583405,-252.29518061312228,332.3154275324997,836.0673618091948,-1202829328653.864,3165.290826508241,1699.7733494414265,126.69177990034795,-9394255.564756624,6909948315973.309,3.0000000000022595,-0.8579830000001962,-93079935.02996722,-38.18179150015742,410.5023349399799,-1.6218164478049175,0.0,-3.429017871766322e-19,0.0,3.3881932189416125e-18,-1134.8964232395977,3.436259557111419,-1134.8964232395977,0.0,-1401.3012553993656,0.0,0.0,2810.819999998508,-14.617700000000411,0.0,0.0,0.0,0.0,0.0,0.0,0.0,0.0,0.0,0.0,0.0,3785.529999998631,-83.48819999994294,0.0,0.0,0.0,0.0,0.0,0.0,0.0,0.0,0.0,0.0,0.0,7388.629999998724,-42.01050000003124,0.0,0.0,0.0,0.0,0.0,0.0,0.0,0.0,0.0,999.0000000012114,999.0000000012114,1.000000000000096,-206.0237647301801,gaze,0.4441270712915998,0.4412345330861567,371.0524790662804,376.6576952336759,963.7772859860244,-36.76524074517832,-17.03219758315705,-32.518250778431806,-0.0405946752736457,-0.0810455447452213,0.9980049874382234,4.870546609177806,20.183568511276764,-13.09277524143582,-28.51053002039382,0.4264808892203803,0.4575423435834856,0.7706851513114603,5.926810045939262,-10.584051451860962,-15.611702460771005,-30.8516214108439,0.1285537412660455,0.1228142195111179,0.9167014332203118,5.219160800580093,147.85426895999345,False,0.0757745555518851,imu,-0.3953790008,-9.548313146400002,2.7401379768,2.14598064,1.51730272,-2.23278421,99.00751148962772,-37.63545432738145,133.62494305581998,410.5023349399799,-1.6218164478049175,False,-0.6208067840180373,-0.7839636068831141,593.6767546578178,-61.973567772561005,181.06885542049585,836.0673618091948,False,inf
61.822211,-332483.9547005797,-843.4109195756175,595.2335355324612,-63.676270252613904,132.80311325393106,185.3312205393737,841.8106342541471,-19132791.71033287,64.25575175786426,185.50102671840463,17538186298.929607,131.87216078089645,132.80311325393106,-18126210371550.043,75.88805496275572,-5.669004473642372,338.83901031839224,306.9288109880165,-349637.40226377884,-254.01001493164387,333.7603359768971,841.8106342541471,-1214423696770.623,3184.833916264898,1711.5173258387383,127.56233601772009,-9480762.576057697,6976554102638.105,3.0000000000022595,-0.8579830000001962,-93945169.41314544,-38.43847352591475,410.6543040771157,-1.474246166013927,0.0,-3.4529909721589564e-19,0.0,3.4118809033999007e-18,-1142.3884214479924,3.4593602219010227,-1142.3884214479924,0.0,-1410.5347256286132,0.0,0.0,2810.819999998508,-14.617700000000411,0.0,0.0,0.0,0.0,0.0,0.0,0.0,0.0,0.0,0.0,0.0,3785.529999998631,-83.48819999994248,0.0,0.0,0.0,0.0,0.0,0.0,0.0,0.0,0.0,0.0,0.0,7388.629999998666,-42.01050000003124,0.0,0.0,0.0,0.0,0.0,0.0,0.0,0.0,0.0,999.0000000012078,999.0000000012078,1.000000000000096,-207.25794972630268,gaze,0.4422435209520479,0.4393308030345523,49.84522124551286,92.27612679954156,1125.6492705962237,-36.762248869504894,-17.043260296366437,-32.542404433147254,-0.0401904293712876,-0.0806015308005604,0.9975990164435428,4.870993529762032,20.151662158543573,-13.103851701809187,-28.490004014660308,0.4253383336936618,0.4554335961659032,0.771578179570649,5.926754435980052,-12.281247008917532,-15.620811557212424,-30.91474211624951,0.1297827894263117,0.1231631793812902,0.9165059563619836,5.222020429626795,198.33464072446907,False,-0.1147327958135312,imu,-0.3911919312,-9.551902063200002,2.7377453656,2.19831901,1.62197946,-2.17296893,99.00533363318456,-37.63105970416484,133.6151837752217,410.6543040771157,-1.474246166013927,False,-0.6958154632353326,-0.7182206075591256,594.7843645293511,-62.19328191484281,174.4952478746772,841.8106342541471,False,inf
61.826745,-334014.0997874065,-846.2835292747358,595.8847589594479,-63.770493868478525,133.22689966364874,186.01397639498387,844.7836163930697,-19223284.479959488,64.49793376287974,186.1844035921609,17624427484.52219,132.3001200829176,133.22689966364874,-18216008998141.625,76.07816933858975,-5.689730078267402,339.59606126043286,307.9050457874032,-351245.3290857745,-254.89775524360743,334.50716298088514,844.7836163930697,-1220437024748.2463,3194.94802722868,1717.597900266578,128.0130692832908,-9525617.036882188,7011098668219.512,3.000000000002302,-0.8579830000001962,-94393823.53161712,-38.57135944637575,410.73294717379576,-1.3978677324323598,0.0,-3.465404070958952e-19,0.0,3.4241462158818724e-18,-1146.2667967902453,3.471319583196248,-1146.2667967902453,0.0,-1415.3145618270355,0.0,0.0,2810.8199999985227,-14.617700000000468,0.0,0.0,0.0,0.0,0.0,0.0,0.0,0.0,0.0,0.0,0.0,3785.529999998616,-83.48819999994339,0.0,0.0,0.0,0.0,0.0,0.0,0.0,0.0,0.0,0.0,0.0,7388.629999998753,-42.01050000003124,0.0,0.0,0.0,0.0,0.0,0.0,0.0,0.0,0.0,999.000000001226,999.000000001226,1.0000000000000997,-207.8966855977737,gaze,0.5306207565436274,0.5317701512481167,-75.11681003080258,-18.7627248928072,1188.533197494223,-37.17487974906069,-16.95288875450904,-32.57492539831293,-0.0310566981386525,-0.0014814094646786,0.9995165265900924,4.834728240966797,20.12807832161988,-13.10968083869171,-28.47893386664545,0.4247383059282774,0.4543288791821588,0.7720471637645601,5.926646357625061,-14.495642153903477,-15.256584474706676,-30.871740632764137,0.1649065299035652,0.1848285768705666,0.9000008281410332,5.207980261208831,215.6601955232422,False,-1.0,imu,-0.4001189832774565,-9.545385592845014,2.834709678740614,1.111109337402346,2.020025406183706,-2.6130434674649643,99.0041658638284,-37.62881377928636,133.60999239110987,410.73294717379576,-1.3978677324323598,False,-0.7350619183047156,-0.6779999824912915,595.3592772359083,-62.31279775535144,169.95289386558812,844.7836163930697,False,inf
61.831004,-335456.5581213232,-848.9888420222418,596.4979829521835,-63.85917003044847,133.62595211508858,186.65710280295409,847.5834459028679,-19308599.779209137,64.72607987900497,186.82811494604672,17705746592.48273,132.70308532304642,133.62595211508858,-18300684912336.523,76.25707931831506,-5.70925180975658,340.3083058220569,308.8242889930937,-352761.10791316227,-255.7338309418648,335.2097960645904,847.5834459028679,-1226107301535.707,3204.471651311941,1723.3251692715917,128.43760888987254,-9567905.34213812,7043672517378.0,3.0000000000022737,-0.8579830000002033,-94816824.94012368,-38.69651545196298,410.8069955618376,-1.3259444215734677,0.0,-3.477096391185516e-19,0.0,3.4356993311445347e-18,-1149.9193951600423,3.4825832737176383,-1149.9193951600423,0.0,-1419.8161150352694,0.0,0.0,2810.8199999984645,-14.617700000000411,0.0,0.0,0.0,0.0,0.0,0.0,0.0,0.0,0.0,0.0,0.0,3785.529999998616,-83.48819999994203,0.0,0.0,0.0,0.0,0.0,0.0,0.0,0.0,0.0,0.0,0.0,7388.629999998695,-42.01050000003124,0.0,0.0,0.0,0.0,0.0,0.0,0.0,0.0,0.0,999.0000000012114,999.0000000012114,1.0000000000000888,-208.4981365984048,gaze,0.4403482842907527,0.4374115814080811,-139.65218761842343,-75.25204749798822,1221.5616240409745,-36.75961147143288,-17.05451430998202,-32.566698909812004,-0.0397900356957654,-0.0801431515127881,0.9971857028261728,4.871391032158049,20.10151625964956,-13.115232743603189,-28.46823545961861,0.4241679167922236,0.4532804638229644,0.7724929650225059,5.926495593365893,-14.521368644716304,-15.630260963513493,-30.98181189589707,0.1310110375489485,0.1235149759725161,0.916310086190128,5.224809115789484,224.5584508526033,False,-0.3120074313696381,imu,-0.3756399584,-9.555490980000002,2.731165684800001,2.07121154,1.68179474,-2.35989168,99.0030410150128,-37.6267166130322,133.60501777114112,410.8069955618376,-1.3259444215734677,False,-0.7642224418004552,-0.644952757532325,595.9019247180773,-62.42888209385872,166.07372119366204,847.583445902868,False,inf
61.839797,-338450.36227495654,-854.5954532356544,597.7686319339973,-64.04276231757365,134.45280294808742,187.99035652347183,853.3859059959134,-19485696.21352864,65.19911054312752,188.16258122651712,17874585136.2239,133.53799245861006,134.45280294808742,-18476500399206.74,76.62745385350313,-5.749719219215824,341.7821921658248,310.7289492019904,-355907.075933025,-257.4666627106204,336.6638154732191,853.3859059959134,-1237880657070.187,3224.204370377613,1735.1971359380384,129.31761722050115,-9655687.359214712,7111306513570.574,3.000000000002302,-0.8579830000001927,-95694937.27793445,-38.95592261136691,410.96041168311785,-1.1769087605464392,0.0,-3.501334669543478e-19,0.0,3.459649036435585e-18,-1157.4894948152375,3.5059291925206617,-1157.4894948152375,0.0,-1429.1456080711996,0.0,0.0,2810.8199999984645,-14.617700000000356,0.0,0.0,0.0,0.0,0.0,0.0,0.0,0.0,0.0,0.0,0.0,3785.5299999985873,-83.48819999994157,0.0,0.0,0.0,0.0,0.0,0.0,0.0,0.0,0.0,0.0,0.0,7388.629999998666,-42.0105000000317,0.0,0.0,0.0,0.0,0.0,0.0,0.0,0.0,0.0,999.0000000012296,999.0000000012296,1.0000000000000888,-209.7443477211621,gaze,0.438441866357708,0.4354773734421533,-134.8177936644939,-70.90032651798663,1219.3310586835482,-36.757332414093845,-17.065955994751736,-32.59112274584484,-0.0393936388799848,-0.0796707433518729,0.9967651679854186,4.871739828425362,20.033296836259986,-13.126939338317998,-28.44523485400806,0.4229695806168964,0.4510833330910151,0.7734294494013463,5.92603335674295,-17.219862966195212,-15.64005105570691,-31.052775002394345,0.1322380511900871,0.1238694461816766,0.9161139379969702,5.227526405904534,223.85358883131863,False,-0.5031659917129445,imu,-0.352910152,-9.5590798968,2.726978615200001,2.04878081,1.86124058,-2.29259949,99.00063278774894,-37.62242551946359,133.5944485010696,410.96041168311785,-1.1769087605464392,False,-0.8252325245293227,-0.5647931306761448,597.031026982269,-62.680063548517936,155.84580903383957,853.3859059959133,False,inf
61.841359,-338984.4117057371,-855.594427955094,597.9950021195618,-64.07544847668566,134.60010655535888,188.2279707791878,854.4197720861971,-19517291.15276146,65.28342387770459,188.4004115748644,17904712092.88118,133.68672405574551,134.60010655535888,-18507873338566.58,76.69338915449866,-5.756930987987054,342.04449602851486,311.06825847110355,-356468.26742094086,-257.7754308381353,336.92258686182964,854.4197720861971,-1239981518301.5898,3227.71967734267,1737.312814307042,129.47443979588843,-9671348.202492457,7123375259114.809,3.000000000002288,-0.8579830000002033,-95851604.39119913,-39.00214724545746,410.98774069341744,-1.1503569176818471,0.0,-3.5056543270328284e-19,0.0,3.4639172654858362e-18,-1158.8383611762697,3.510089280281069,-1158.8383611762697,0.0,-1430.807957012826,0.0,0.0,2810.8199999984936,-14.617700000000411,0.0,0.0,0.0,0.0,0.0,0.0,0.0,0.0,0.0,0.0,0.0,3785.529999998602,-83.48819999994157,0.0,0.0,0.0,0.0,0.0,0.0,0.0,0.0,0.0,0.0,0.0,7388.629999998724,-42.010500000031925,0.0,0.0,0.0,0.0,0.0,0.0,0.0,0.0,0.0,999.0000000012368,999.0000000012368,1.0000000000000997,-209.96635812405484,gaze,0.4381020772022238,0.435132249687753,-122.14798725645072,-59.771978361941336,1212.928775060457,-36.756965322362326,-17.068007858245217,-32.59547408674863,-0.0393236515968028,-0.0795853828551624,0.9966897177402748,4.87179675041137,20.019315611393505,-13.129054568055563,-28.4410209980134,0.4227537821258193,0.4506884600172061,0.7735980726568146,5.925929960426211,-17.73760386109517,-15.641825836176338,-31.06578136609725,0.1324558570699662,0.1239326818536699,0.9160790737558075,5.228001607487203,221.9033638270759,False,-0.5355125852555501,imu,-0.3969665594531195,-9.546293222789112,2.8318191392004803,1.066410465930656,1.941264593689646,-2.6465173974881493,100.4652452,-37.95831880000002,133.0523912,410.98774069341744,-1.1503569176818471,False,-0.8352397141611901,-0.5498860062666928,597.232929543595,-62.7262804408357,153.84427984590045,854.4197720861972,False,inf
61.846836,-340862.32679876033,-859.1044231234315,598.790300840461,-64.19023259822688,135.1176172579586,189.0629896396448,858.0523502964538,-19628399.258104324,65.57973789105893,189.23618979603333,18010670417.49058,134.20923423813105,135.1176172579586,-18618216347878.246,76.92492257273834,-5.782273503684948,342.9653858868461,312.2603133258078,-358441.6200062987,-258.860355096235,337.8310826359667,858.0523502964538,-1247370529395.7505,3240.06955016936,1744.7473051491072,130.02550962072877,-9726421.95130191,7165822656312.777,3.0000000000023306,-0.8579830000002033,-96402563.90235856,-39.16457153939756,411.08374861262746,-1.0570716914642162,0.0,-3.5208340861077637e-19,0.0,3.4789162992781765e-18,-1163.577833535722,3.524707012324143,-1163.577833535722,0.0,-1436.6488748889592,0.0,0.0,2810.81999999845,-14.617700000000582,0.0,0.0,0.0,0.0,0.0,0.0,0.0,0.0,0.0,0.0,0.0,3785.529999998602,-83.48819999994294,0.0,0.0,0.0,0.0,0.0,0.0,0.0,0.0,0.0,0.0,0.0,7388.62999999884,-42.01050000003215,0.0,0.0,0.0,0.0,0.0,0.0,0.0,0.0,0.0,999.0000000012406,999.0000000012406,1.0000000000000997,-210.7463252134252,gaze,0.5302272841989943,0.5308857283481105,-74.12425022950208,-17.52696775244338,1188.558022782771,-37.1755335600953,-16.94789037922858,-32.58176052639857,-0.0302437206460357,-0.0004739935750583,0.9995424416659732,4.83763599395752,19.965932252123405,-13.136559572840634,-28.425942284119053,0.4219901274174967,0.4492930402486046,0.7741947223034693,5.92551666723705,-20.16887861570452,-15.676189154662586,-31.309406801352168,0.1162135932682573,0.1396483134339985,0.92494722906726,5.119575939538299,213.5386607394996,False,-1.0,imu,-0.3957877134458658,-9.54663722818168,2.8307167734934686,1.050331221715332,1.91220114227482,-2.6590735906129632,98.99862121808236,-37.61902818891285,133.58569968593656,411.08374861262746,-1.0570716914642162,False,-0.8704134742977329,-0.4923214232195769,597.944278804139,-62.89205860601417,145.81744796089797,858.0523502964539,False,inf
61.84859,-341465.4802426016,-860.2308608875952,599.045505737553,-64.2270490882936,135.28368022211447,189.33101172097503,859.2181240353195,-19664088.076215744,65.67485517411502,189.5044556058948,18044709229.632057,134.3768957430201,135.28368022211447,-18653664546836.246,76.99918196402281,-5.790407570397037,343.2606768772543,312.64282448846205,-359075.4249821061,-259.20854438828,338.122401876558,859.2181240353195,-1249744279466.0264,3244.032412988866,1747.133482709718,130.20237976146564,-9744112.136294078,7179459055915.102,3.000000000002288,-0.8579830000001998,-96579542.22542018,-39.216700350969006,411.11455473412207,-1.0271367240595737,0.0,-3.5257063493849623e-19,0.0,3.4837305549704386e-18,-1165.0988712369765,3.5293984595094385,-1165.0988712369765,0.0,-1438.5233896576092,0.0,0.0,2810.819999998479,-14.617700000000523,0.0,0.0,0.0,0.0,0.0,0.0,0.0,0.0,0.0,0.0,0.0,3785.5299999985873,-83.48819999994203,0.0,0.0,0.0,0.0,0.0,0.0,0.0,0.0,0.0,0.0,0.0,7388.629999998695,-42.0105000000317,0.0,0.0,0.0,0.0,0.0,0.0,0.0,0.0,0.0,999.0000000012368,999.0000000012368,1.000000000000096,-210.99660552528283,gaze,0.4365247824417972,0.4335286954495926,-62.714311339558215,-8.178112149525042,1182.689655146802,-36.75541535524259,-17.077581605856498,-32.615664450459484,-0.0390013854862731,-0.0791846521343621,0.9963375370954006,4.872040662226746,19.947419906447514,-13.138992622521643,-28.42101394463657,0.4217432711235979,0.448842605967519,0.7743875692690021,5.925367615152487,-20.242380366861248,-15.65018207343629,-31.12753167556188,0.1334633906933037,0.1242264243780536,0.9159176288494548,5.230171862952016,211.09042967456787,False,-0.6755682398130589,imu,-0.3445360128,-9.580613397600002,2.713221100800001,1.85438115,1.86124058,-2.35241477,98.99810835343372,-37.61818689267831,133.58348009556144,411.11455473412207,-1.0271367240595737,False,-0.8781079120532389,-0.4784626367748075,598.1732472232164,-62.94635627416231,143.87235183508676,859.2181240353195,False,inf
61.857383,-344502.0255063353,-865.8951729125926,600.3286276809686,-64.41203232068165,136.11859844072006,190.67909849524867,865.0802097848949,-19843782.45595932,66.15332522741481,190.8537682100616,18216126199.922,135.21980876052788,136.11859844072006,-18832185099432.664,77.37226705045738,-5.831317733884118,344.74376747899095,314.5659478038058,-362266.27413957793,-260.95951020884263,339.58556294448147,865.0802097848949,-1261698686789.8215,3263.9561194722546,1759.1344671326983,131.09191531284793,-9833183.19519572,7248133120453.992,3.0000000000023164,-0.8579830000001962,-97470675.71347454,-39.47885403140649,411.2694270121792,-0.8766258482995681,0.0,-3.5502119743186e-19,0.0,3.507944423885659e-18,-1172.747675633038,3.552991557124794,-1172.747675633038,0.0,-1447.9496451856144,0.0,0.0,2810.8199999984354,-14.617700000000298,0.0,0.0,0.0,0.0,0.0,0.0,0.0,0.0,0.0,0.0,0.0,3785.529999998544,-83.48819999994157,0.0,0.0,0.0,0.0,0.0,0.0,0.0,0.0,0.0,0.0,0.0,7388.629999998695,-42.010500000031925,0.0,0.0,0.0,0.0,0.0,0.0,0.0,0.0,0.0,999.0000000012442,999.0000000012442,1.000000000000103,-212.2549324975752,gaze,0.4345975581336454,0.4315660748902296,-43.3634912402342,6.673188817167644,1172.5060447274002,-36.7538637443775,-17.089387282049074,-32.64031250948447,-0.0386134240186445,-0.0786852330869286,0.9959029391319736,4.872294309082879,19.84453651977368,-13.15141387196156,-28.39558569589056,0.4204889381570639,0.4465587000241932,0.7753672559741969,5.924498308517941,-23.419990262016373,-15.660654117237508,-31.20593465230662,0.1346866111720311,0.1245857423930371,0.9157212775975184,5.232745066242817,203.79326756366976,False,-0.8176040262966972,imu,-0.3295821928000001,-9.5955672176,2.7180063232,1.8917657,1.92853277,-2.38232241,98.99546737018034,-37.61400120568823,133.57211737000327,411.2694270121792,-0.8766258482995681,False,-0.9221781900270806,-0.3867652852032839,599.330127885073,-63.227124240872655,130.2336203635837,865.080209784895,False,inf
61.866175,-347559.7629343494,-871.5878483708839,601.617874144822,-64.59769283981348,136.95747649691018,192.0344924382917,870.9716014762442,-20024765.807494164,66.63447730789356,192.21039451663063,18388823685.31151,136.06664857557763,136.95747649691018,-19012049295214.57,77.74666985630276,-5.872445891868122,346.2313020342909,316.4981318817947,-365479.3761575713,-262.7193938014924,341.0531391603073,870.9716014762442,-1273743023954.8904,3283.973548705177,1771.1989715145282,131.9861407408313,-9922893.829824258,7317323794924.961,3.000000000002345,-0.8579830000002033,-98368271.3383193,-39.74235897738957,411.42501308083047,-0.7253909081836127,0.0,-3.5748492795020584e-19,0.0,3.532288405303349e-18,-1180.4351829644522,3.5767062646582057,-1180.4351829644522,0.0,-1457.423480191109,0.0,0.0,2810.81999999845,-14.617700000000468,0.0,0.0,0.0,0.0,0.0,0.0,0.0,0.0,0.0,0.0,0.0,3785.5299999985727,-83.48819999994066,0.0,0.0,0.0,0.0,0.0,0.0,0.0,0.0,0.0,0.0,0.0,7388.629999998782,-42.01050000003238,0.0,0.0,0.0,0.0,0.0,0.0,0.0,0.0,0.0,999.0000000012552,999.0000000012552,1.000000000000103,-213.5192070354848,gaze,0.4326609501833102,0.4295902759088397,-70.5893483144506,-19.34882351280827,1186.5117747475,-36.75268093331204,-17.101367672287562,-32.66505257130031,-0.0382299482931324,-0.078172909904466,0.995461557485765,4.872501555660566,19.72553220646553,-13.164222995816033,-28.368967354087864,0.4192066829257558,0.4442323155363368,0.776368320531871,5.923425561720689,-26.565087468472004,-15.671465896707026,-31.28777618083661,0.1359071238344639,0.1249471882822663,0.9155250271947408,5.235245331372655,209.21357795146812,False,-0.9194712536583972,imu,-0.3212080536,-9.611119190400002,2.7209970872,1.80204278,1.86871749,-2.34493786,98.9927100790832,-37.60986940224579,133.56036719472596,411.42501308083047,-0.7253909081836127,False,-0.9568466139536346,-0.2905934571965861,600.5030255509366,-63.52153225109468,115.03110853686567,870.9716014762442,False,inf
61.866818,-347784.2377609017,-872.0053214813311,601.7124094405335,-64.61129851588146,137.0189870674881,192.1339122891655,871.4036455480289,-20038053.53864669,66.66977389403245,192.3099047585588,18401505070.18273,136.12874014076124,137.0189870674881,-19025257335272.33,77.77410514508135,-5.875462546297545,346.3402735803199,316.6398065410134,-365715.2559842071,-262.8484609778709,341.1606498445923,871.4036455480289,-1274627478837.2612,3285.441292548083,1772.08385809317,132.05172813026587,-9929480.377466615,7322404691097.367,3.0000000000023306,-0.8579830000002104,-98434175.22406076,-39.76168466287551,411.4364205786442,-0.7143012404872024,0.0,-3.576656411859093e-19,0.0,3.534074022528386e-18,-1180.9989631926394,3.578445522247502,-1180.9989631926394,0.0,-1458.118260073858,0.0,0.0,2810.819999998421,-14.617700000000582,0.0,0.0,0.0,0.0,0.0,0.0,0.0,0.0,0.0,0.0,0.0,3785.529999998558,-83.48819999994066,0.0,0.0,0.0,0.0,0.0,0.0,0.0,0.0,0.0,0.0,0.0,7388.629999998695,-42.01050000003261,0.0,0.0,0.0,0.0,0.0,0.0,0.0,0.0,0.0,999.0000000012624,999.0000000012624,1.0000000000001066,-213.6119089407743,gaze,0.5299227387201834,0.5341836762394025,-73.3887551481817,-22.17297830396094,1188.531341991795,-37.18175003376933,-16.9234463839287,-32.61951214939224,-0.0296366057286247,-0.0042969118070441,0.9995515035003492,4.860493183135986,19.716223775547387,-13.165175644018415,-28.366974226289454,0.4191118031925197,0.4440605112272402,0.7764423741690873,5.923339120824147,-25.840883264949746,-16.093359479254826,-31.746943413699,0.0675492638966708,0.0928247456706429,0.9498133165261216,5.032796239852905,210.2538935384292,False,-1.0,imu,-0.3915006670044295,-9.547909280905934,2.826609446380327,0.9952917290301946,1.808528709294916,-2.7047370319642394,98.99250385331348,-37.60956933286329,133.55949275967907,411.4364205786442,-0.7143012404872024,False,-0.9601611076655296,-0.2794470385001485,600.5894777313771,-63.54357506078126,113.18448678969494,871.4036455480289,False,inf
61.874968,-350639.50237458816,-877.3102906803788,602.9135618393593,-64.78407486509741,137.80051978928884,193.3975321311836,876.8937495582044,-20207086.440481182,67.11843238541258,193.57467341324607,18562848353.087048,136.9176214675737,137.80051978928884,-19193305852305.105,78.12247896056166,-5.91380227508618,347.7236264388205,318.439849358272,-368715.5818619123,-264.4886299020203,342.5254720288341,876.8937495582044,-1285880552779.022,3304.089596139193,1783.3299991559993,132.88527835831326,-10013267.994691337,7387049817299.234,3.000000000002373,-0.8579830000002069,-99272569.4768753,-40.007280518668345,411.5813506382256,-0.5733950273875053,0.0,-3.599624415893607e-19,0.0,3.556768576950421e-18,-1188.163293945369,3.600548461602785,-1188.163293945369,0.0,-1466.947236092691,0.0,0.0,2810.8199999984354,-14.617700000000582,0.0,0.0,0.0,0.0,0.0,0.0,0.0,0.0,0.0,0.0,0.0,3785.529999998544,-83.48819999994112,0.0,0.0,0.0,0.0,0.0,0.0,0.0,0.0,0.0,0.0,0.0,7388.629999998695,-42.01050000003284,0.0,0.0,0.0,0.0,0.0,0.0,0.0,0.0,0.0,999.0000000012624,999.0000000012624,1.0000000000001066,-214.78973933266656,gaze,0.4307150643823837,0.4276013989614394,-87.54872681958628,-34.75081396014817,1196.1727676640348,-36.751869677052994,-17.11352140557361,-32.68987871837784,-0.0378510234864812,-0.077647940245489,0.9950134283983948,4.872663289023114,19.59145600020104,-13.17744438230024,-28.34116817065837,0.4178961714701867,0.4418633723152491,0.7773909114721643,5.922149173874667,-29.48908224672476,-15.682619685493956,-31.372822166314737,0.1371247509661056,0.1253106710085805,0.9153289554271984,5.237672839670373,219.3658366112849,False,-0.9739978476830214,imu,-0.3224043592,-9.6200914824,2.7144174064,1.74970441,2.01825569,-2.32250713,98.98983604314324,-37.6057910231613,133.54823311653527,411.5813506382256,-0.5733950273875053,False,-0.9816140418320054,-0.1908765907025631,601.6936281215382,-63.82868451339664,98.38026375632934,876.8937495582044,False,inf
61.883761,-353741.0119569597,-883.061962734114,604.215567977024,-64.97115930871303,138.64764774183377,194.76809417623093,882.8460962029784,-20390731.010742188,67.60514744009262,194.94648138872145,18738188045.488827,137.77264501707415,138.64764774183377,-19375942223852.934,78.49965527140816,-5.955383095531713,349.2205792709313,320.39091417992955,-371974.647428538,-266.2670533463309,344.00240254698474,882.8460962029784,-1298110432556.921,3324.302333193288,1795.5264411129303,133.7892456742569,-10104299.08354586,7457306357929.133,3.0000000000023306,-0.8579830000001962,-100183504.73929584,-40.27359416502821,411.7384243395954,-0.4206528864813208,0.0,-3.624535136899685e-19,0.0,3.581382718980486e-18,-1195.9312888178756,3.624515943906222,-1195.9312888178756,0.0,-1476.5200249135198,0.0,0.0,2810.819999998392,-14.617700000000298,0.0,0.0,0.0,0.0,0.0,0.0,0.0,0.0,0.0,0.0,0.0,3785.5299999985,-83.4881999999393,0.0,0.0,0.0,0.0,0.0,0.0,0.0,0.0,0.0,0.0,0.0,7388.629999998608,-42.01050000003261,0.0,0.0,0.0,0.0,0.0,0.0,0.0,0.0,0.0,999.0000000012624,999.0000000012624,1.0000000000000924,-216.0664085931876,gaze,0.4287606773360161,0.4256002293401369,-79.93760377300376,-27.61651850388856,1192.96092909091,-36.75143293863282,-17.125842913512038,-32.71477658655558,-0.0374768478730406,-0.0771107654886201,0.994558742228568,4.872780355595179,19.44358687124169,-13.191098135003315,-28.312207539651297,0.4165575097498746,0.4394525975124825,0.7784348316212101,5.920669350904532,-32.01648011748485,-15.694113940174574,-31.460752786114103,0.1383388929095723,0.12567597373755,0.915133208871464,5.240026932041584,213.743129885272,False,-0.9771322423549412,imu,-0.31403022,-9.614708107200002,2.717408170400001,1.69736604,2.04816333,-2.05333837,98.9868460356496,-37.601767026140486,133.5357233903151,411.7384243395954,-0.4206528864813208,False,-0.9960638324196092,-0.0886388275281259,602.9031363478067,-64.14742863754054,80.42055241950477,882.8460962029784,False,inf
61.886909,-354856.70390974614,-885.128257009601,604.6832423336564,-65.03830892808469,138.9519255071193,195.26060634665063,884.9844702623407,-20456801.19317532,67.78007043839742,195.43944125749965,18801282861.97697,138.07974105572362,138.9519255071193,-19441665170348.95,78.63502194836128,-5.97032425744915,349.75763299966604,321.09169752740405,-373147.012309452,-266.9059903539708,344.5322805929435,884.9844702623407,-1302511427201.9773,3331.5623068454147,1799.9088657874445,134.11405456109287,-10137049.686291588,7482588588343.086,3.000000000002345,-0.8579830000002033,-100511250.94127595,-40.36927710535088,411.79483801122296,-0.3657874742084459,0.0,-3.6334865398414834e-19,0.0,3.590227549416881e-18,-1198.7220492687838,3.6331271405056977,-1198.7220492687838,0.0,-1479.959154007773,0.0,0.0,2810.819999998392,-14.617700000000411,0.0,0.0,0.0,0.0,0.0,0.0,0.0,0.0,0.0,0.0,0.0,3785.5299999985,-83.48819999993975,0.0,0.0,0.0,0.0,0.0,0.0,0.0,0.0,0.0,0.0,0.0,7388.629999998666,-42.01050000003284,0.0,0.0,0.0,0.0,0.0,0.0,0.0,0.0,0.0,999.0000000012697,999.0000000012697,1.000000000000096,-216.52496776542824,gaze,0.5304600316607679,0.5347204193900944,-74.73671871394862,-22.91561279281327,1188.478022978922,-37.1808240339539,-16.91131640514921,-32.62861305830754,-0.0307407155024184,-0.0049147109559794,0.9995153095508936,4.872802734375,19.387565353914216,-13.196095569522733,-28.30156026206757,0.4160714029317466,0.4385794335451402,0.7788137355729802,5.920090129629796,-31.51024128088658,-16.51054469199999,-32.17866275515805,0.0185718096190743,0.0450037519658695,0.9745904930721596,4.9455479145050045,203.9598351571996,False,-1.0,imu,-0.3872152172142866,-9.549213738586282,2.822349186013385,0.9465548911235224,1.7084753511528732,-2.750079466484826,98.9857475194396,-37.60033969981635,133.5311548836397,411.79483801122296,-0.3657874742084459,False,-0.9988149835197424,-0.0486685596299793,603.3409887797978,-64.26412264742993,73.14488985355358,884.9844702623408,False,inf
61.892554,-356864.4067744419,-888.8429735209481,605.5239161105801,-65.15894816385946,139.49887499595843,196.14620899321088,888.828752224565,-20575706.71043492,68.0946340540676,196.32584888919664,18914850201.199947,138.6317329238926,139.49887499595843,-19559966272756.91,78.87820220897348,-5.997189232643951,350.7221680332786,322.3513596091525,-375256.6936257713,-268.05469870395126,345.48393836871344,888.828752224565,-1310433189291.3376,3344.612103401885,1807.7885576378785,134.69806168224335,-10195990.66969191,7528096438445.867,3.000000000002359,-0.8579830000001998,-101101113.58710456,-40.54130533246272,411.89623649908754,-0.2671620018502381,0.0,-3.6495819919744403e-19,0.0,3.606131374306027e-18,-1203.7393203321758,3.648609198991237,-1203.7393203321758,0.0,-1486.1420339303445,0.0,0.0,2810.8199999984063,-14.617700000000411,0.0,0.0,0.0,0.0,0.0,0.0,0.0,0.0,0.0,0.0,0.0,3785.5299999985,-83.4881999999393,0.0,0.0,0.0,0.0,0.0,0.0,0.0,0.0,0.0,0.0,0.0,7388.629999998666,-42.01050000003329,0.0,0.0,0.0,0.0,0.0,0.0,0.0,0.0,0.0,999.0000000012732,999.0000000012732,1.000000000000103,-217.34923752896407,gaze,0.4267983564690183,0.4235873397873535,-69.64322278685349,-18.77967938658101,1186.6583588315054,-36.75137330575241,-17.138327860545548,-32.73973461632205,-0.0371075778459843,-0.0765617791353927,0.9940976434278196,4.872853660871707,19.283366326844693,-13.205205827503512,-28.28210299074293,0.4151906635016281,0.4370004721262202,0.7794999910696807,5.918986241126874,-34.002601667692886,-15.705948177685224,-31.551195871415143,0.1395490836825,0.1260429180463745,0.9149379135919424,5.242307254989894,178.43992020416528,False,-0.9279162929818172,imu,-0.290104108,-9.6218859408,2.7359509072,1.47305874,2.06311715,-2.02343073,98.98374080565232,-37.59779789989781,133.52284568839474,411.89623649908754,-0.2671620018502381,False,-0.9998866884350168,0.0150535806523174,604.1327773391918,-64.4764952946149,61.30820936086371,888.828752224565,False,inf
61.901347,-360009.80232451943,-894.6534322941097,606.8386298516107,-65.34744342752379,140.35421622764352,197.5319070821596,894.8418287002792,-20762020.75770569,68.58690384125039,197.7128064411368,19092842286.902752,139.4948989168036,140.35421622764352,-19745385891730.48,79.25812319828165,-6.039221568082788,352.2284002234302,324.3212189863252,-378561.84164608986,-269.8516006285401,346.97008714390984,894.8418287002792,-1322849350978.5354,3365.0192511037167,1820.1166096622087,135.61174542438025,-10288346.339363288,7599423091932.316,3.000000000002416,-0.857983000000214,-102025432.61509413,-40.81041945084877,412.0547894350202,-0.1129198849191652,0.0,-3.6747655320382553e-19,0.0,3.631015087288303e-18,-1211.5875416253025,3.672828715530007,-1211.5875416253025,0.0,-1495.81345089281,0.0,0.0,2810.8199999984063,-14.617700000000468,0.0,0.0,0.0,0.0,0.0,0.0,0.0,0.0,0.0,0.0,0.0,3785.5299999985145,-83.4881999999402,0.0,0.0,0.0,0.0,0.0,0.0,0.0,0.0,0.0,0.0,0.0,7388.629999998695,-42.01050000003329,0.0,0.0,0.0,0.0,0.0,0.0,0.0,0.0,0.0,999.0000000012842,999.0000000012842,1.0000000000001066,-218.6382489083656,gaze,0.4248286798221573,0.4215633145404514,-69.84047440277104,-20.032452322745684,1184.7085391208025,-36.75169314345798,-17.15097179038315,-32.76474124888016,-0.0367433718014925,-0.0760013844151907,0.9936302803840116,4.872884143478717,19.11239608286388,-13.219789043119308,-28.250873118740955,0.4137956025197035,0.4345074932945335,0.7805862944920252,5.917100046175653,-35.34947926534311,-15.71812176226188,-31.64371430025104,0.1407548519844648,0.1264113229229035,0.9147431974773864,5.2445134722854005,126.81221875247635,False,-0.8281019213308423,imu,-0.2709632184,-9.631456385600002,2.7281749208,1.2188438,2.13788625,-2.06081528,98.98052139161284,-37.59388413720681,133.50960842678307,412.0547894350202,-0.1129198849191652,False,-0.9928832441594684,0.1190918278781958,605.3836544582651,-64.81447475606271,41.2172017853876,894.8418287002792,False,inf
61.90689,-362003.9794571755,-898.3314569770212,607.6706912396803,-65.46663246010951,140.89553366390368,198.40934499382104,898.6480816739398,-20880161.88577938,68.89866019967249,198.59104179875257,19205733138.968727,140.04113011385488,140.89553366390368,-19862992894588.246,79.4983284124733,-6.06583487874194,353.1803002121848,325.5678470940977,-380657.2931999494,-270.9891181848135,347.9093112013708,898.6480816739398,-1330724586365.2375,3377.933864854944,1827.92206468941,136.19023058762204,-10346909.113485724,7644663654603.687,3.0000000000023874,-0.8579830000002069,-102611576.8878607,-40.980789122499466,412.155120995465,-0.0153003620415574,0.0,-3.6907114183167993e-19,0.0,3.646771127000428e-18,-1216.555686861952,3.6881615084621626,-1216.555686861952,0.0,-1501.935669190773,0.0,0.0,2810.819999998377,-14.617700000000468,0.0,0.0,0.0,0.0,0.0,0.0,0.0,0.0,0.0,0.0,0.0,3785.529999998485,-83.48819999993884,0.0,0.0,0.0,0.0,0.0,0.0,0.0,0.0,0.0,0.0,0.0,7388.629999998608,-42.01050000003352,0.0,0.0,0.0,0.0,0.0,0.0,0.0,0.0,0.0,999.0000000012878,999.0000000012878,1.0000000000000997,-219.4540133343469,gaze,0.5300643295716833,0.5354415180041793,-73.75244447070688,-23.93849490533014,1188.492170158274,-37.18289896046987,-16.90533611345003,-32.63891059967195,-0.0299333567782573,-0.0057568681387235,0.99953531834609,4.878134250640869,18.999875922442182,-13.229236209303258,-28.23061670018755,0.4129016619251888,0.4329151863658373,0.7812819073849231,5.915806761618984,-37.17917726746982,-16.928175607253113,-32.60874434641665,-0.0303222193587977,-0.0033847787882968,0.9995322199306796,4.856758880615234,100.964889910778,False,-1.0,imu,-0.382982295726811,-9.55053443520354,2.817988966890339,0.9057029097850328,1.6136842085366077,-2.794185082624121,98.978433823191,-37.59144562331405,133.50108314555018,412.155120995465,-0.0153003620415574,False,-0.9823368954337688,0.1871208803675974,606.18354523798,-65.03142472852973,27.560968202714715,898.6480816739399,False,inf
61.91014,-363177.314509885,-900.4934485714997,608.1597328706157,-65.53664710048554,141.2136861474752,198.9252190234725,900.8854369710456,-20949680.39673805,69.08196844737469,199.10738465143308,19272171797.33101,140.36215675356905,141.2136861474752,-19932209003357.62,79.63942166925099,-6.081480985731425,353.7392833338281,326.30052572991787,-381890.2131068602,-271.65779385798527,348.4608565183632,900.8854369710456,-1335359447612.0315,3385.524121442709,1832.51085879694,136.5303159913606,-10381369.691746771,7671289362944.461,3.0000000000024016,-0.8579830000002069,-102956498.5515664,-41.08094196396356,412.21408546991006,0.0420759578529441,0.0,-3.700086309479633e-19,0.0,3.656034403739216e-18,-1219.4761062215864,3.697174983445689,-1219.4761062215864,0.0,-1505.5344640240326,0.0,0.0,2810.8199999983626,-14.617700000000356,0.0,0.0,0.0,0.0,0.0,0.0,0.0,0.0,0.0,0.0,0.0,3785.5299999985145,-83.48819999993793,0.0,0.0,0.0,0.0,0.0,0.0,0.0,0.0,0.0,0.0,0.0,7388.629999998637,-42.01050000003261,0.0,0.0,0.0,0.0,0.0,0.0,0.0,0.0,0.0,999.0000000012952,999.0000000012952,1.0000000000000997,-219.93346555628185,gaze,0.4228522361150044,0.4195287494013252,-74.7414836821788,-25.19902031712293,1186.342676648933,-36.75239459126151,-17.163770125139024,-32.78978493096712,-0.0363843901510171,-0.0754299943487953,0.993156805448252,4.872872775427937,18.93242309883134,-13.234869349020917,-28.21853755309441,0.4123723006895369,0.4319741744085192,0.781693641105844,5.915011021489262,-36.02211426652944,-15.730633902721532,-31.737802507381303,0.141955721179395,0.1267810047553435,0.9145491902491684,5.24664526515182,89.77567254169747,False,-0.6817679169738181,imu,-0.251224176,-9.620689635200002,2.7168100176,1.03192105,2.1005017,-2.12810747,98.97718912807213,-37.59002623495327,133.49602077693848,412.21408546991006,0.0420759578529441,False,-0.9749701566983632,0.2223357675849048,606.6567303534147,-65.15982826697612,20.338356077700205,900.8854369710456,False,inf
61.918933,-366367.0596391666,-906.3631321360364,609.4872488971032,-65.7265611873247,142.07729950069023,200.326175478016,906.9596886417356,-21138692.897785187,69.57983955004029,200.50961420751432,19452846255.323498,141.23352022097063,142.07729950069023,-20120443560150.348,80.02210105669829,-6.123968371699324,355.254824851762,328.28931333658704,-385241.9300511003,-273.4733132145119,349.9562541337358,906.9596886417356,-1347964011186.438,3406.1270603690264,1844.971567333674,137.453792522528,-10475064.339006009,7743698307533.449,3.00000000000243,-0.8579830000002104,-103894348.25858057,-41.3528783295037,412.3741269305192,0.1978280249759336,0.0,-3.725544878157257e-19,0.0,3.681189870923344e-18,-1227.405168033184,3.721648493914143,-1227.405168033184,0.0,-1515.3052620212404,0.0,0.0,2810.819999998392,-14.617700000000411,0.0,0.0,0.0,0.0,0.0,0.0,0.0,0.0,0.0,0.0,0.0,3785.5299999985,-83.4881999999393,0.0,0.0,0.0,0.0,0.0,0.0,0.0,0.0,0.0,0.0,0.0,7388.629999998666,-42.01050000003329,0.0,0.0,0.0,0.0,0.0,0.0,0.0,0.0,0.0,999.0000000013096,999.0000000013096,1.0000000000001137,-221.23491035419963,gaze,0.4208696248087708,0.4174842518059821,-76.63180201364625,-26.95988526635641,1188.5550934467365,-36.75347956026099,-17.17671816447145,-32.81485411967465,-0.0360307953335441,-0.0748480318119289,0.9926773749618124,4.872820562371445,18.74532461303769,-13.250468270341948,-28.18511692740348,0.4109207360214634,0.4294010452254154,0.7828219246312694,5.912719476797562,-36.06287163268814,-15.743483649743649,-31.83288299416618,0.1431512092779945,0.1271517773219676,0.9143560234695484,5.24870233245363,84.53313779622509,False,-0.494936738610751,imu,-0.2560093984,-9.6039413568,2.724586004,0.91229049,1.92853277,-2.27016876,98.97374565231873,-37.58622469418856,133.4820926775382,412.3741269305192,0.1978280249759336,True,-0.94618508470364,0.3236259963049408,607.9528109217508,-65.51090150218087,1.121726649250102,906.9596886417356,False,inf
61.926982,-369306.5017995094,-911.762267461461,610.7080824241293,-65.90103062182163,142.8714851197561,201.61532097127684,912.546940272037,-21312904.74571609,70.03805472438751,201.7999310941938,19619418843.61553,142.03476623424726,142.8714851197561,-20293995229814.805,80.3736144102034,-6.163061390260218,356.6462224350605,330.11816423509026,-388330.6193653705,-275.14342205126155,351.3291859321615,912.546940272037,-1359585338180.3838,3425.072996024311,1856.436427285159,138.303448366663,-10561422.809432324,7810458885121.137,3.0000000000024016,-0.8579830000002104,-104758822.49289893,-41.60304953839491,412.5212823124257,0.3410665645499193,0.0,-3.7489705962853683e-19,0.0,3.704336690015327e-18,-1234.6989637962315,3.7441632011293975,-1234.6989637962315,0.0,-1524.2931314110804,0.0,0.0,2810.819999998348,-14.617700000000523,0.0,0.0,0.0,0.0,0.0,0.0,0.0,0.0,0.0,0.0,0.0,3785.529999998471,-83.48819999993793,0.0,0.0,0.0,0.0,0.0,0.0,0.0,0.0,0.0,0.0,0.0,7388.629999998608,-42.010500000033744,0.0,0.0,0.0,0.0,0.0,0.0,0.0,0.0,0.0,999.0000000013132,999.0000000013132,1.000000000000103,-222.43171582958448,gaze,0.5303105339409778,0.536472878404091,-74.37654149919545,-25.38311255077152,1188.458713161018,-37.18264070858967,-16.89883801271965,-32.64428994888628,-0.0304444117859941,-0.0069446533504524,0.9995123358822776,4.883068084716797,18.569506058397664,-13.265220255273151,-28.15359127466132,0.4095672000660368,0.4270112005484172,0.7838730003759203,5.910444594277605,-37.18072945937561,-16.917365458895233,-32.62261725653131,-0.030199762088266,-0.0044774275654515,0.9995313817891168,4.866426849365235,98.36657567435584,False,-1.0,imu,-0.378759446651678,-9.551883950968328,2.8134874066146565,0.8732194302915834,1.5236162273948093,-2.83714930414644,98.97049769599232,-37.58279465255348,133.46905373093762,412.5212823124257,0.3410665645499193,False,-0.909609514151929,0.415464236444356,609.1599374876904,-65.83579063578243,21.50122980174049,912.546940272037,False,inf
61.927726,-369579.154427614,-912.2625930359296,610.8212017195947,-65.91718769641795,142.94507106721093,201.73480718722183,913.0646955814376,-21329065.5572424,70.08052885875269,201.9195258774416,19634873211.875465,142.1090031348326,142.94507106721093,-20310097544603.89,80.40616480033893,-6.166684614324642,356.7750322593228,330.2876153812541,-388617.11494819913,-275.298193604771,351.4562876275213,913.0646955814376,-1360663575701.1516,3426.828414639871,1857.4989982453992,138.38219420593134,-10569433.906304006,7816652993266.824,3.0000000000024016,-0.8579830000002033,-104839018.73219082,-41.626234019101,412.5349161477716,0.3543388199351511,0.0,-3.751141793401769e-19,0.0,3.7064820375597e-18,-1235.3748813605157,3.7462497393653535,-1235.3748813605157,0.0,-1525.1260340563083,0.0,0.0,2810.819999998333,-14.617700000000356,0.0,0.0,0.0,0.0,0.0,0.0,0.0,0.0,0.0,0.0,0.0,3785.529999998456,-83.48819999993748,0.0,0.0,0.0,0.0,0.0,0.0,0.0,0.0,0.0,0.0,0.0,7388.629999998549,-42.01050000003306,0.0,0.0,0.0,0.0,0.0,0.0,0.0,0.0,0.0,999.0000000013096,999.0000000013096,1.0000000000000997,-222.54260624026523,gaze,0.4188814561691644,0.4154304408941428,-75.17642772891983,-25.682277083432105,1189.9595573115544,-36.75494973026076,-17.18981108472161,-32.839937287268754,-0.0356827518278601,-0.0742559295988054,0.9921921492830508,4.872728543856312,18.553093177614425,-13.266607264290892,-28.150632848929472,0.4094408906844536,0.4267886519817484,0.7839710332503347,5.910225776608955,-35.58798186272945,-15.7566698931515,-31.928302838439887,0.1443408289201497,0.1275234517808218,0.914163830549952,5.250684390883206,101.15021123647212,False,-0.275191315395031,imu,-0.2500278704,-9.593772759200002,2.7221933928,0.74779847,1.80890221,-2.55429134,98.97019291105669,-37.58248002018295,133.46783484624834,412.5349161477716,0.3543388199351511,False,-0.9066904328241062,0.4217967034309716,609.272530457295,-65.8659400493765,22.94198384688174,913.0646955814376,False,inf
61.936518,-372813.3468595582,-918.1912655555204,612.1614623766018,-66.10850683865465,143.8169162603692,203.1509834582812,919.1998703509856,-21520783.81363678,70.58399068997281,203.3369888483607,19818239312.54857,142.98851906856214,143.8169162603692,-20501157156705.484,80.791572429573,-6.209625706969479,358.29973934752786,332.2952366266273,-392015.50281672255,-277.1322608779537,352.9607932465715,919.1998703509856,-1373457216565.5803,3447.6261606606367,1870.0919790456992,139.31543385004926,-10664471.183586543,7890148108608.699,3.0000000000024016,-0.8579830000002069,-105790438.49706064,-41.90098318720852,412.69643704276496,0.5115929217666917,0.0,-3.776874677246065e-19,0.0,3.731908553992445e-18,-1243.3844875558289,3.770976393771073,-1243.3844875558289,0.0,-1534.9958443268426,0.0,0.0,2810.819999998276,-14.61770000000024,0.0,0.0,0.0,0.0,0.0,0.0,0.0,0.0,0.0,0.0,0.0,3785.5299999984272,-83.48819999993611,0.0,0.0,0.0,0.0,0.0,0.0,0.0,0.0,0.0,0.0,0.0,7388.62999999852,-42.010500000033744,0.0,0.0,0.0,0.0,0.0,0.0,0.0,0.0,0.0,999.0000000013096,999.0000000013096,1.000000000000096,-223.8564264181262,gaze,0.4168885782555207,0.4133681826090469,-73.35774008683548,-24.757197100874723,1190.402143180948,-36.7568063136903,-17.203042425357015,-32.86502007339478,-0.035340464764957,-0.0736541994606456,0.991701348951678,4.872597810609548,18.35784399223008,-13.283305762247826,-28.11511196654974,0.4079329241648957,0.4241378611856414,0.7851407153540911,5.907530658693386,-34.76142528230174,-15.77018980243346,-32.02331944960012,0.1455239531696326,0.1278957942762233,0.9139727684223474,5.252590962584828,114.83951132688684,False,-0.0313206027103777,imu,-0.2679724544000001,-9.6027450512,2.730567532,0.7253677399999999,1.70422547,-2.71130645,98.96653358927352,-37.578793138541855,133.45326046681618,412.69643704276496,0.5115929217666917,False,-0.856782003139916,0.5156787751067062,610.6161840324318,-66.22306616406841,44.88595780663941,919.1998703509856,False,inf
61.942952,-375194.4351913137,-922.5488761187164,613.1463740779818,-66.24896827403256,144.457586276134,204.1922433760894,923.7092213448744,-21661954.11694432,70.9542245108834,204.3791947530356,19953292953.64805,143.6347768083475,144.457586276134,-20641883848695.266,81.07449555790456,-6.241196134071066,359.4184874894768,333.77048553668203,-394517.4651023462,-278.48040714433824,354.064739097389,923.7092213448744,-1382880459071.216,3462.908754806444,1879.3501326957828,140.00152365934088,-10734451.606954437,7944281427238.082,3.000000000002501,-0.8579830000002246,-106491055.16813086,-42.1029509005628,412.8151148483266,0.6271554417575089,0.0,-3.795794364313179e-19,0.0,3.7506029893670825e-18,-1249.271871616004,3.789152921285756,-1249.271871616004,0.0,-1542.2504771707722,0.0,0.0,2810.819999998348,-14.617700000000468,0.0,0.0,0.0,0.0,0.0,0.0,0.0,0.0,0.0,0.0,0.0,3785.5299999985,-83.48819999993793,0.0,0.0,0.0,0.0,0.0,0.0,0.0,0.0,0.0,0.0,0.0,7388.629999998637,-42.01050000003397,0.0,0.0,0.0,0.0,0.0,0.0,0.0,0.0,0.0,999.000000001328,999.000000001328,1.0000000000001137,-224.82187024976824,gaze,0.4154274238977974,0.4118538884063007,-72.83012854781619,-25.22411226379218,1190.2216022960563,-36.758410620612366,-17.212810871725306,-32.88337063819823,-0.0350936980884842,-0.0732079699523041,0.9913387102480496,4.872478240160281,18.214287984065333,-13.29589369252143,-28.088471790097387,0.4068114610928527,0.422173823636881,0.7860097387068381,5.9054308347854025,-34.03833492912331,-15.780295241479772,-32.0921377375022,0.1463854483239712,0.1281686133256959,0.9138337305333214,5.253938363688091,109.42046626800098,False,0.1569551026900072,imu,-0.3754299407328252,-9.55297057462273,2.809830340372341,0.8540810347095216,1.456086219355203,-2.870069357736708,98.0970484,-37.50665240000002,133.6261296,412.8151148483266,0.6271554417575089,False,-0.8138935475161306,0.5810140216135993,611.6148859790407,-66.48466554343025,60.88357645861733,923.7092213448744,False,inf
61.945311,-376070.4901670488,-924.1506089157176,613.5083596545937,-66.30056415102206,144.69304825510858,204.5750573422536,925.3667209648484,-21713898.627040863,71.0903513432911,204.76235649078984,20002993876.12134,143.87228196671126,144.69304825510858,-20693673900473.76,81.17841506594073,-6.252802310572597,359.8293004269175,334.3126674939738,-395437.9900330098,-278.9759673193027,354.4701208634566,925.3667209648484,-1386348382040.362,3468.525377833921,1882.753638693247,140.25374303161172,-10760201.440774595,7964203462565.383,3.0000000000024585,-0.8579830000002033,-106748861.24294835,-42.17719383267222,412.8587286973506,0.6696286157666691,0.0,-3.802749941621943e-19,0.0,3.757475755814944e-18,-1251.435963704296,3.7958345768351496,-1251.435963704296,0.0,-1544.917128117587,0.0,0.0,2810.81999999829,-14.617700000000184,0.0,0.0,0.0,0.0,0.0,0.0,0.0,0.0,0.0,0.0,0.0,3785.529999998398,-83.48819999993566,0.0,0.0,0.0,0.0,0.0,0.0,0.0,0.0,0.0,0.0,0.0,7388.629999998491,-42.01050000003352,0.0,0.0,0.0,0.0,0.0,0.0,0.0,0.0,0.0,999.000000001317,999.000000001317,1.0000000000000924,-225.17669280447177,gaze,0.4148911697316138,0.4112976505234651,-72.83114136376882,-25.611546992602232,1190.0712940253325,-36.75905094136128,-17.216410123848338,-32.890096702034505,-0.0350040248606185,-0.0730431572945057,0.991205030777751,4.872429440885998,18.16171071605217,-13.300588804466768,-28.078569660829693,0.406396484019343,0.421448649315057,0.7863311140172213,5.904633985445066,-33.76403194749965,-15.784045013193348,-32.11714028437485,0.1467003530560146,0.1282686954137313,0.9137829307454732,5.254422234196481,103.06843788155636,False,0.227177536364955,imu,-0.2590001624000001,-9.6009505928,2.7263804624,0.67302937,1.55468727,-2.71130645,98.96276943982386,-37.57516372439409,133.43837853360887,412.8587286973506,0.6696286157666691,False,-0.7968660331496292,0.6041560437605289,611.984329838748,-66.5804607755338,66.71362343482011,925.3667209648482,False,inf
61.946962,-376684.5890797874,-925.2729071426312,613.7619821523203,-66.33670546168219,144.85802161643855,204.84331097780844,926.5280909767356,-21750312.347496983,71.18574497193579,205.03085381930708,20037837075.534466,144.03868350987668,144.85802161643855,-20729982145615.36,81.25120521494952,-6.26093507007197,360.1170179561682,334.69253755924615,-396083.2608750095,-279.3232016691377,354.75403599857566,926.5280909767356,-1388779622952.1892,3472.460557582037,1885.1385503644133,140.43047783761534,-10778252.410597656,7978170112548.824,3.000000000002501,-0.8579830000002211,-106929589.4774786,-42.22921591059691,412.88928515751286,0.6993872403439809,0.0,-3.8076239554253e-19,0.0,3.762291741181159e-18,-1252.9523131507715,3.800516417855324,-1252.9523131507715,0.0,-1546.7856084495172,0.0,0.0,2810.8199999983626,-14.617700000000582,0.0,0.0,0.0,0.0,0.0,0.0,0.0,0.0,0.0,0.0,0.0,3785.529999998442,-83.48819999993748,0.0,0.0,0.0,0.0,0.0,0.0,0.0,0.0,0.0,0.0,0.0,7388.629999998666,-42.010500000034426,0.0,0.0,0.0,0.0,0.0,0.0,0.0,0.0,0.0,999.0000000013424,999.0000000013424,1.00000000000011,-225.42529403802064,gaze,0.5301733112748335,0.537142787959894,-74.03847276533409,-26.32799260749379,1188.454824445446,-37.1820124734113,-16.89295700007068,-32.65143416283873,-0.0301682058146707,-0.007722882062439,0.999515000613084,4.888385772705078,19.49840744680078,-12.63287314845453,-28.44381336375038,0.4610500271027175,0.481796167930641,0.7451881138853016,5.867501258850098,-31.513983250017606,-16.48037039790204,-32.21578990391051,0.0189371641697457,0.0430246997363802,0.9740932049057608,4.974488353729248,98.23924311474524,False,-1.0,imu,-0.3745979732160505,-9.553245222257852,2.808901557936317,0.8502500537112874,1.4397219135257748,-2.878142684804601,98.96205125989592,-37.57448875206636,133.435551198881,412.88928515751286,0.6993872403439809,False,-0.7615316122546725,0.6481277679106175,612.2439384493731,-66.64743414710107,77.92055298923997,926.5280909767356,False,inf
61.954104,-379350.3357129313,-930.140061338334,614.861765446647,-66.49333993339246,145.5733830097641,206.0068991861232,931.5646640306684,-21908395.644402504,71.59956552170289,206.1954990325862,20189123759.838623,144.76020593176935,145.5733830097641,-20887634198937.207,81.56665240667897,-6.296210449146282,361.3635498098582,336.339713990778,-398884.3151619732,-280.8291400179345,355.98410724505914,931.5646640306684,-1399336162458.8462,3489.5240554356824,1895.482813701865,141.197035220216,-10856617.571306417,8038813829332.297,3.000000000002529,-0.8579830000002246,-107714216.5457558,-42.45484030025533,413.0217751264863,0.8284305776559222,0.0,-3.828765227344629e-19,0.0,3.7831813119300696e-18,-1259.528556586699,3.82082197965668,-1259.528556586699,0.0,-1554.8889562941683,0.0,0.0,2810.819999998319,-14.617700000000356,0.0,0.0,0.0,0.0,0.0,0.0,0.0,0.0,0.0,0.0,0.0,3785.529999998456,-83.48819999993748,0.0,0.0,0.0,0.0,0.0,0.0,0.0,0.0,0.0,0.0,0.0,7388.629999998637,-42.01050000003397,0.0,0.0,0.0,0.0,0.0,0.0,0.0,0.0,0.0,999.000000001346,999.000000001346,1.0000000000001137,-226.503279431461,gaze,0.4128901000530846,0.4092197333835361,-73.45441294021191,-27.50315569290177,1189.237955192193,-36.761684392790144,-17.229907484365775,-32.915152866906055,-0.0346736420463395,-0.0724233339279217,0.9907034228384072,4.872224590129397,17.96696412131716,-13.31847562211422,-28.041034258358227,0.4048317350011597,0.4187219120316765,0.7875419687002443,5.901536583703054,-32.76367232581442,-15.798232397678742,-32.208854375110896,0.1478693900624759,0.1286419161158594,0.913594478324666,5.256177755876728,62.51716543262531,False,0.4903113210041098,imu,-0.2655798432,-9.5740337168,2.7221933928,0.35899915,1.49487199,-2.78607555,98.95890378779998,-37.57159271860312,133.42320381160042,413.0217751264863,0.8284305776559222,False,-0.7274927338293814,0.6861153855041096,613.3768624935993,-66.9361403625141,88.16847503655697,931.5646640306684,False,inf
61.962897,-382653.00184603175,-936.1597339359378,616.2217037782757,-66.68683620938259,146.45793544341063,207.44654005463047,937.7938124775036,-22104282.267087936,72.11164506276673,207.63644756538795,20376636627.8465,145.65230489601936,146.45793544341063,-21083046155087.18,81.95628791112492,-6.339851019971047,362.902494957317,338.3764100059427,-402354.6023859125,-282.6918142192153,357.50276001188297,937.7938124775036,-1412421099877.204,3510.6225434607795,1908.2797697788424,142.14532979934336,-10953723.252576418,8113982322758.645,3.000000000002516,-0.8579830000002175,-108686541.93994308,-42.73392811750859,413.1855786779743,0.9880013308580828,0.0,-3.854921095652088e-19,0.0,3.8090257768938295e-18,-1267.6624220614312,3.845939099698175,-1267.6624220614312,0.0,-1564.9115199330452,0.0,0.0,2810.8199999983044,-14.617700000000411,0.0,0.0,0.0,0.0,0.0,0.0,0.0,0.0,0.0,0.0,0.0,3785.529999998442,-83.48819999993657,0.0,0.0,0.0,0.0,0.0,0.0,0.0,0.0,0.0,0.0,0.0,7388.629999998579,-42.010500000034654,0.0,0.0,0.0,0.0,0.0,0.0,0.0,0.0,0.0,999.000000001346,999.000000001346,1.00000000000011,-227.83620946458788,gaze,0.4108860233307962,0.4071350978383332,-74.21685141406823,-28.920744665433244,1188.2094773344668,-36.76470739383739,-17.24352918138541,-32.94017714916886,-0.0343494890825102,-0.0717952024633687,0.9901967018290614,4.8719844360091775,17.775908360874098,-13.33698714183499,-28.002530956044925,0.4032386762506245,0.4159582626185208,0.788773145027222,5.898239041953926,-31.89004515969922,-15.812750175122051,-32.29747221464174,0.1490305551704266,0.1290152569571312,0.9134075520504994,5.257857317498776,17.500153730077592,False,0.7480817372988814,imu,-0.2757484408,-9.524387034400002,2.709632184,0.36647606,1.52477963,-2.74121409,98.95493988420932,-37.56808064384711,133.4077502520147,413.1855786779743,0.9880013308580828,False,-0.6493325157777369,0.7605046245446211,614.7936139583777,-67.2881418440675,108.9899233607265,937.7938124775036,False,inf
61.967055,-384222.7351041416,-939.0168495037036,616.8670680119758,-66.77858747312246,146.87769226672185,208.13003678909976,940.7503277919284,-22197398.43223381,72.35479651679148,208.3205650968497,20465790814.32088,146.07561514601088,146.87769226672185,-21175959673493.3,82.14102514531908,-6.360568806416302,363.6318628281964,339.34288511382965,-404003.99886308704,-283.5759474068205,358.22252191479413,940.7503277919284,-1418642645172.6453,3520.634374331601,1914.3548259132624,142.5955033192302,-10999883.404214088,8149722971647.082,3.000000000002516,-0.857983000000214,-109148769.53099954,-42.866405622041256,413.26330180933473,1.063726987091627,0.0,-3.8673387005134213e-19,0.0,3.821295541749377e-18,-1271.5231508338518,3.8578617031172393,-1271.5231508338518,0.0,-1569.6686745435356,0.0,0.0,2810.819999998333,-14.617700000000411,0.0,0.0,0.0,0.0,0.0,0.0,0.0,0.0,0.0,0.0,0.0,3785.529999998442,-83.4881999999352,0.0,0.0,0.0,0.0,0.0,0.0,0.0,0.0,0.0,0.0,0.0,7388.629999998579,-42.01050000003488,0.0,0.0,0.0,0.0,0.0,0.0,0.0,0.0,0.0,999.000000001357,999.000000001357,1.0000000000001066,-228.46873600597144,gaze,0.5298383707970078,0.5389174548862475,-73.21431767924452,-28.83002354468906,1188.439108315855,-37.1832750164518,-16.88109810336139,-32.66977320123414,-0.0294925747659639,-0.009780582267612,0.9995171475488456,4.897560119628906,17.687519861727427,-13.345964305374329,-27.983994035674296,0.4024754988958569,0.4146387245830222,0.7893623758381152,5.896610198719236,-31.5142882465541,-16.47190074178858,-32.2258421142789,0.0189659703622779,0.0419279656442667,0.9740863337154598,4.981901741027832,3.2150603701651352,True,3.0,imu,-0.370455595659754,-9.5546314096475,2.8041871894849866,0.8371661116825158,1.3614506501724604,-2.9173129817940446,98.95303225168104,-37.56644054098599,133.40034974198372,413.26330180933473,1.063726987091627,False,-0.6083762013147471,0.793648787357379,615.471893186266,-67.45275081067929,118.79880884947124,940.7503277919284,False,inf
61.97169,-385978.6073253645,-942.2097380879976,617.5881987344346,-66.88105500642973,147.34672051001573,208.89401109360952,944.0542795001976,-22301565.92282009,72.62660183616383,209.0852332619936,20565540172.71167,146.5485928209331,147.34672051001573,-21279917902181.566,82.34732504352822,-6.383724922570004,364.4461433248955,340.4227895071006,-405848.9763172352,-284.56402525344805,359.02608678010563,944.0542795001976,-1425603738375.3225,3531.821192715908,1921.1447733172804,143.098646201489,-11051522.175095856,8189712068318.824,3.000000000002558,-0.8579830000002282,-109665875.09518616,-43.01446282600781,413.3501417038824,1.1483434037917275,0.0,-3.881218109264071e-19,0.0,3.835009706726371e-18,-1275.837716377632,3.871186435684352,-1275.837716377632,0.0,-1574.9850105883495,0.0,0.0,2810.819999998319,-14.61770000000064,0.0,0.0,0.0,0.0,0.0,0.0,0.0,0.0,0.0,0.0,0.0,3785.529999998442,-83.48819999993611,0.0,0.0,0.0,0.0,0.0,0.0,0.0,0.0,0.0,0.0,0.0,7388.629999998666,-42.01050000003488,0.0,0.0,0.0,0.0,0.0,0.0,0.0,0.0,0.0,999.000000001368,999.000000001368,1.00000000000011,-229.17550612636376,gaze,0.4088796047943176,0.4050444225885685,-74.21025386100986,-29.030360326598096,1187.2893737456852,-36.76812042467165,-17.257269761760764,-32.96515816925624,-0.0340317408306403,-0.0711592462395343,0.9896850485968034,4.871710191362923,17.590888078519647,-13.35614409290968,-27.963085772013265,0.4016173112352763,0.4131583314035214,0.7900245028810085,5.894742005897989,-31.23027528691059,-15.827596390306924,-32.38191143128011,0.1501833339025468,0.1293885158403861,0.9132222947040656,5.259460727699388,-2.997835097081114,True,0.9908119249613614,imu,-0.2781410520000001,-9.4962738528,2.7203989344,0.51601426,1.45001053,-2.89075229,98.95088132281384,-37.56462802728952,133.39203264391125,413.3501417038824,1.1483434037917275,False,-0.5631772012490458,0.8263361543544442,616.2341968834968,-67.63450572655468,128.91349746979355,944.0542795001976,False,inf
61.980483,-389327.2713208198,-948.2901854411576,618.961274459567,-67.07599835579197,148.23975319847457,210.3493435300825,950.3461785596468,-22500254.065732,73.14444774373757,210.54188737645728,20755842115.47284,147.44908369719326,148.23975319847457,-21478257603799.965,82.73976727305109,-6.427833058711301,365.9945023627856,342.478886540693,-409367.56199917686,-286.44580853595977,360.55409516153566,950.3461785596468,-1438884624060.4993,3553.120354820396,1934.07809139688,144.0570039082163,-11150018.042515632,8266006203133.496,3.000000000002487,-0.8579830000002069,-110652253.81661414,-43.29644998136963,413.51546656047503,1.3094593298751531,0.0,-3.9076568323838963e-19,0.0,3.861133658913742e-18,-1284.0545961756222,3.8965644876035617,-1284.0545961756222,0.0,-1585.109620292417,0.0,0.0,2810.819999998232,-14.617700000000184,0.0,0.0,0.0,0.0,0.0,0.0,0.0,0.0,0.0,0.0,0.0,3785.52999999834,-83.48819999993293,0.0,0.0,0.0,0.0,0.0,0.0,0.0,0.0,0.0,0.0,0.0,7388.629999998433,-42.0105000000342,0.0,0.0,0.0,0.0,0.0,0.0,0.0,0.0,0.0,999.0000000013424,999.0000000013424,1.0000000000000924,-230.52119269638007,gaze,0.4068715208547778,0.4029483984561939,-73.46109787649385,-28.783824093507885,1186.7371803503656,-36.7719237168901,-17.271123643861575,-32.99008459169535,-0.0337205742656246,-0.0705159588948688,0.9891686481673212,4.871403104451016,17.414273444080585,-13.375966981366073,-27.92272551511082,0.399967647783651,0.4103227658726701,0.7912958963626185,5.8910461789363495,-30.83566516526995,-15.842768910849548,-32.46099513793077,0.1513272063051952,0.1297614879864847,0.9130388509652488,5.260987814066023,0.2110089790899775,True,1.209491106397058,imu,-0.2948893304,-9.506442450400002,2.7323619904,0.53096808,1.41262598,-3.11505959,98.9467320467982,-37.56123540063246,133.3760666259557,413.51546656047503,1.3094593298751531,False,-0.4699344353373853,0.8827013234861115,617.6980020013324,-67.97330081107997,147.67383950093935,950.3461785596468,False,inf
61.987035,-391837.55212942144,-952.8408191756954,619.9886987159425,-67.22173039130985,148.9079566241053,211.4388972732078,955.0550170377765,-22649221.81196785,73.53220006914839,211.63243053296483,20898557184.59583,148.12281486214462,148.9079566241053,-21627007402879.715,83.03310660010482,-6.460852547701179,367.1513110297895,344.0173014275044,-412005.2112643808,-287.8542419482461,361.69572098171625,955.0550170377765,-1448844923862.9722,3569.0567352154926,1943.759776807776,144.7744022199793,-11223866.427329734,8323224705842.656,3.000000000002501,-0.8579830000002104,-111391845.74593057,-43.50751704819857,413.63915315768463,1.4300176148949504,0.0,-3.9274498081915353e-19,0.0,3.8806909859151684e-18,-1290.2044386664925,3.9155599306255127,-1290.2044386664925,0.0,-1592.6872048526448,0.0,0.0,2810.819999998217,-14.617700000000184,0.0,0.0,0.0,0.0,0.0,0.0,0.0,0.0,0.0,0.0,0.0,3785.5299999983545,-83.48819999993339,0.0,0.0,0.0,0.0,0.0,0.0,0.0,0.0,0.0,0.0,0.0,7388.629999998433,-42.010500000034654,0.0,0.0,0.0,0.0,0.0,0.0,0.0,0.0,0.0,999.0000000013606,999.0000000013606,1.0000000000000888,-231.5280836370106,gaze,0.5300679049311472,0.5394264442158183,-73.79181837725466,-29.5399423254639,1188.40459288136,-37.18667343974722,-16.87365490204623,-32.67998318268063,-0.029962496061853,-0.0103677662713905,0.9994972527487432,4.903180122375488,17.28955279706825,-13.391182816535975,-27.892072954819405,0.3987200284636834,0.4081871036963935,0.7922561969960125,5.888163477280609,-31.515458127712765,-16.46436844116798,-32.23611613915351,0.019121614250391,0.0408373545811844,0.9740827223550298,4.98797721862793,3.061703933203014,True,3.0,imu,-0.3663835638329831,-9.556024696408572,2.799404975995331,0.8345593680592945,1.2900066390326257,-2.9539540761920744,98.94358382574477,-37.55874674838409,133.36401800787186,413.63915315768463,1.4300176148949504,False,-0.3957927579478598,0.9183398568917864,618.803351713938,-68.21970909090165,160.84360331826585,955.0550170377765,False,inf
61.989276,-392699.1134138908,-954.4011879095854,620.3409551577242,-67.27166829255646,149.13704853265506,211.81256867237107,956.6696233831364,-22700354.176412582,73.66519471953897,212.00644124419983,20947550205.694324,148.35379154472645,149.13704853265506,-21678073453901.21,83.1336180737727,-6.472176332411098,367.5475795157429,344.5447352320701,-412910.48490656354,-288.3371995672119,362.0867927635879,956.6696233831364,-1452264305071.2778,3574.520382207249,1947.079991784884,145.02042245022238,-11249214.57165007,8342867875991.773,3.0000000000025864,-0.8579830000002246,-111645716.04505718,-43.57989515327062,413.68155560828745,1.471351647529218,0.0,-3.9342378307005003e-19,0.0,3.8873981924099294e-18,-1292.3132184874337,3.9220737567095023,-1292.3132184874337,0.0,-1595.2855415564325,0.0,0.0,2810.8199999982608,-14.617700000000411,0.0,0.0,0.0,0.0,0.0,0.0,0.0,0.0,0.0,0.0,0.0,3785.529999998398,-83.4881999999343,0.0,0.0,0.0,0.0,0.0,0.0,0.0,0.0,0.0,0.0,0.0,7388.62999999852,-42.010500000034654,0.0,0.0,0.0,0.0,0.0,0.0,0.0,0.0,0.0,999.0000000013752,999.0000000013752,1.0000000000001066,-231.87329251138448,gaze,0.4048624591677028,0.40084772845398,-72.83716947965374,-29.77089944305888,1186.7283156943863,-36.77611725063866,-17.28508511671273,-33.01494512992722,-0.0334161684880059,-0.0698658444311284,0.9886476897718166,4.871064459211268,17.248445188493932,-13.396476064090876,-27.88147775441888,0.3982896981189997,0.4074522307831321,0.79258717375061,5.887152322657952,-30.727702380221974,-15.858265424480146,-32.53346250484007,0.1524616469308318,0.1301339659240196,0.9128573674209934,5.262438423323971,1.9763235793996528,True,1.39611772709602,imu,-0.2793373576,-9.5471168408,2.729371226400001,0.5982602699999999,1.3528107,-3.23469015,98.9424963554378,-37.5579033001699,133.3598686981888,413.68155560828745,1.471351647529218,False,-0.3706203698858727,0.928784442928314,619.1841982946598,-68.30264965017321,165.00799133838692,956.6696233831362,False,inf
61.998069,-396094.2535983751,-960.5428576752714,621.7272650925534,-67.46806685563695,150.0386215714365,213.28371791019728,963.0247279646408,-22901873.76194954,74.18885472986838,213.47892628211025,21140672221.518307,149.26273041272947,150.0386215714365,-21879373676879.344,83.52888092469065,-6.516755649936184,369.1053822230464,346.6203697855787,-416477.8709465461,-290.238233932896,363.6241871892457,963.0247279646408,-1465743331581.1934,3596.0216281240464,1960.150742936916,145.98892140739684,-11349115.492500074,8420300247372.602,3.000000000002572,-0.8579830000002211,-112646299.857288,-43.86480392546439,413.8484112120477,1.6340229001859825,0.0,-3.9609616713903424e-19,0.0,3.913803867638727e-18,-1300.613740737281,3.947714745522759,-1300.613740737281,0.0,-1605.512967371004,0.0,0.0,2810.819999998276,-14.617700000000468,0.0,0.0,0.0,0.0,0.0,0.0,0.0,0.0,0.0,0.0,0.0,3785.5299999983545,-83.48819999993293,0.0,0.0,0.0,0.0,0.0,0.0,0.0,0.0,0.0,0.0,0.0,7388.629999998491,-42.01050000003556,0.0,0.0,0.0,0.0,0.0,0.0,0.0,0.0,0.0,999.000000001386,999.000000001386,1.000000000000103,-233.2318289653493,gaze,0.4028531186958645,0.3987431278551091,-73.1081992809598,-31.20191847893729,1187.3139409353726,-36.78070075173238,-17.299148339133108,-33.039728551126764,-0.0331187047362406,-0.069209417276923,0.988122366873925,4.870695575513562,17.09577963888866,-13.41769132294119,-27.839370788762466,0.3965834788930208,0.4045474082763848,0.7938981774604578,5.883061257326645,-30.902642680942453,-15.874083436324351,-32.597990963656564,0.1535861248204295,0.1305057394790213,0.9126779925735788,5.2638124215234905,-5.2258974488155685,True,1.54404259594395,imu,-0.2829262744000001,-9.5907819952,2.729371226400001,0.79265993,1.4275798,-3.24964397,98.9381789107666,-37.55463226684105,133.34345623379653,413.8484112120477,1.6340229001859825,False,-0.2663506258041067,0.9638762078886276,620.6917360902943,-68.6207544479534,180.65895569831457,963.0247279646408,False,inf
62.006533,-399384.4799127929,-966.4838024255072,623.0679891842683,-67.65780709345654,150.9105159348347,214.7073367064108,969.1720607701864,-23097201.09388733,74.69568418487171,214.9038376058709,21327911201.340977,150.14166996070858,150.9105159348347,-22074551827794.508,83.91069160896444,-6.5598907908059045,370.6093685657205,348.6276176013471,-419935.0043479277,-292.07728108961464,365.1085018644288,969.1720607701864,-1478812379567.3032,3616.8143195388193,1972.7977230268768,146.9260000318317,-11445947.350758132,8495377426264.1875,3.0000000000025864,-0.8579830000002175,-113616208.21838383,-44.14044021793595,414.0097500053653,1.791345764960511,0.0,-3.986821065361008e-19,0.0,3.939355387968267e-18,-1308.643414471476,3.97252123702374,-1308.643414471476,0.0,-1615.40655294382,0.0,0.0,2810.819999998217,-14.617700000000356,0.0,0.0,0.0,0.0,0.0,0.0,0.0,0.0,0.0,0.0,0.0,3785.5299999983545,-83.48819999993339,0.0,0.0,0.0,0.0,0.0,0.0,0.0,0.0,0.0,0.0,0.0,7388.629999998462,-42.010500000035336,0.0,0.0,0.0,0.0,0.0,0.0,0.0,0.0,0.0,999.000000001386,999.000000001386,1.0000000000001137,-234.5456360156204,gaze,0.4009193591231994,0.3967142391085007,-74.27525818935231,-30.247845836339817,1188.3352809163218,-36.78548061626512,-17.312775910691226,-33.06350140597382,-0.0328390992405654,-0.0685720778193881,0.9876127613183782,4.870313196104837,16.96345824774798,-13.438798186943798,-27.798054761819515,0.3949144166938033,0.4017195383778276,0.7951786090466054,5.8789378047199055,-31.3154824324685,-15.889610780428102,-32.65133715931011,0.1546586181587489,0.1308627388089593,0.912507461361804,5.265062538162902,1.884161743634765,True,1.6452380095976489,imu,-0.3008708584000001,-9.5985579816,2.730567532,0.7552753799999999,1.30047233,-3.57862801,98.93395047600472,-37.551541814371895,133.3274722374071,414.0097500053653,1.791345764960511,False,-0.1624239686239844,0.9867210621125077,622.1618507550228,-68.91475663382978,193.9036961751064,969.1720607701864,False,inf
62.007127,-399616.2042596908,-966.9018090367996,623.1623127160801,-67.67114845521633,150.97185483527588,214.8075232227833,969.6045862467035,-23110958.91189289,74.73135531912298,215.004115079028,21341101204.92813,150.2035016060072,150.97185483527588,-22088301476288.684,83.93753625786317,-6.562926262804667,370.7150825569663,348.7688279022346,-420178.483046109,-292.2066822594344,365.21283431610857,969.6045862467035,-1479733048641.03,3618.277084372626,1973.6876940773475,146.99194172964113,-11452767.696471438,8500666352704.016,3.000000000002558,-0.8579830000002211,-113684525.993196,-44.15983550842024,414.0210995042125,1.8024138687471805,0.0,-3.9886408700059363e-19,0.0,3.941153526603252e-18,-1309.2084006811472,3.974266758639397,-1309.2084006811472,0.0,-1616.1026839680578,0.0,0.0,2810.819999998217,-14.617700000000356,0.0,0.0,0.0,0.0,0.0,0.0,0.0,0.0,0.0,0.0,0.0,3785.52999999834,-83.4881999999343,0.0,0.0,0.0,0.0,0.0,0.0,0.0,0.0,0.0,0.0,0.0,7388.62999999852,-42.01050000003488,0.0,0.0,0.0,0.0,0.0,0.0,0.0,0.0,0.0,999.0000000013896,999.0000000013896,1.0000000000001172,-234.6380637687137,gaze,0.5302756320456097,0.5397599770434773,-74.3134944020386,-30.00377674499339,1188.377055485617,-37.18920562234421,-16.86934133428919,-32.68690154674466,-0.0303874321016806,-0.0107509605532157,0.999480375403864,4.907079696655273,16.954765924117318,-13.440305163255289,-27.795127015210262,0.3947963002687161,0.4015199274379632,0.7952691460069017,5.8786416126317445,-31.516719460087632,-16.457169485335815,-32.245714328568056,0.0190307991857063,0.039838536098286,0.9740717337665844,4.9937663078308105,3.523552973707796,True,3.0,imu,-0.3623408233544528,-9.557438457496817,2.794509066939651,0.8426472518616431,1.224837139637352,-2.9882620513345395,98.93365117945773,-37.551327084201134,133.3263440951627,414.0210995042125,1.8024138687471805,False,-0.1550209269218921,0.9879111864010232,622.2656887198996,-68.93490254896763,194.7613948346218,969.6045862467035,False,inf
62.014997,-402696.51280202926,-972.4533672234892,624.4148999959343,-67.84822617090265,151.7864013595287,216.1383550140472,975.3489364975104,-23293857.38819313,75.20523461077471,216.336155045762,21516474500.273365,151.0245554624255,151.7864013595287,-22271120388489.816,84.29381699303028,-6.603246296338521,372.1177469677176,350.6439950931451,-423415.0346208457,-293.9253283895188,366.5971822784648,975.3489364975104,-1491974483841.1416,3637.7014413372926,1985.5089880429373,147.86782174275515,-11543438.694048814,8570989174706.301,3.000000000002558,-0.8579830000002211,-114592784.81670922,-44.41744282695601,414.17180337628633,1.9493950043812447,0.0,-4.012813847859666e-19,0.0,3.9650387087399215e-18,-1316.712198662064,3.997450692980741,-1316.712198662064,0.0,-1625.3482132080792,0.0,0.0,2810.819999998217,-14.617700000000298,0.0,0.0,0.0,0.0,0.0,0.0,0.0,0.0,0.0,0.0,0.0,3785.529999998311,-83.48819999993293,0.0,0.0,0.0,0.0,0.0,0.0,0.0,0.0,0.0,0.0,0.0,7388.629999998462,-42.01050000003579,0.0,0.0,0.0,0.0,0.0,0.0,0.0,0.0,0.0,999.0000000013788,999.0000000013788,1.00000000000011,-235.8654497429635,gaze,0.3989866428947486,0.3946830423010518,-75.82809384609817,-27.36630727891316,1189.5243427670512,-36.79062061951137,-17.32648678507632,-33.08718254165411,-0.0325662613682011,-0.0679298529505777,0.9870994750351963,4.869905296344395,16.84758943615281,-13.460594876331244,-27.75599593736017,0.3932192031354919,0.398861186446995,0.7964770159395671,5.874633275637989,-31.931379138019253,-15.90543097708012,-32.69484050956325,0.1557208999389223,0.1312186959854284,0.91233915922464,5.266241478494302,40.57528938907944,True,1.7033293096227962,imu,-0.2966837888,-9.583604161600002,2.743726893600001,0.41881443,1.13598031,-3.95995042,98.9296557677303,-37.54850894109224,133.31132343957216,414.17180337628633,1.9493950043812447,False,-0.0561622637972441,0.9984216544752867,623.6492675781562,-69.19537723921208,205.15118491717908,975.3489364975104,False,inf
62.023461,-406030.4603746674,-978.4516528290504,625.7680193253073,-68.03932591655678,152.6662913686526,217.57680104383283,981.5554575195196,-23491849.410262108,75.71751676520493,217.77590683691727,21706369130.94019,151.91139952534206,152.6662913686526,-22469086774498.227,84.67826019272806,-6.646822980755903,373.63052404956113,352.6695329756768,-426918.0752007406,-295.7824077957493,368.0902352006383,981.5554575195196,-1505230140464.614,3658.6833107241937,1998.2847792323475,148.81440413292515,-11641592.883900434,8647138342332.648,3.000000000002643,-0.8579830000002389,-115576063.97109404,-44.69581676972084,414.3345734450559,2.1081729001027725,0.0,-4.0389405286660953e-19,0.0,3.9908543336641545e-18,-1324.8202347477827,4.022503564925927,-1324.8202347477827,0.0,-1635.3381215537652,0.0,0.0,2810.819999998232,-14.61770000000064,0.0,0.0,0.0,0.0,0.0,0.0,0.0,0.0,0.0,0.0,0.0,3785.529999998398,-83.48819999993248,0.0,0.0,0.0,0.0,0.0,0.0,0.0,0.0,0.0,0.0,0.0,7388.629999998549,-42.010500000036245,0.0,0.0,0.0,0.0,0.0,0.0,0.0,0.0,0.0,999.0000000014116,999.0000000014116,1.0000000000001243,-237.19129116305064,gaze,0.3970556234284458,0.39265020793547,-76.93059336053253,-29.22100126478332,1190.3930015919293,-36.79611983425801,-17.34027540621828,-33.11076210562294,-0.0323003584423621,-0.067283229194593,0.986582691826438,4.869473149084081,16.75020372556378,-13.483098356947856,-27.713221313510832,0.3914978648715859,0.3959730071150577,0.7977932419854841,5.870148558250474,-32.703457670587234,-15.921541307596543,-32.72728207676663,0.1567724820369664,0.1315734164052878,0.9121732236828786,5.26734917475583,96.51527848967837,True,1.7175944544314563,imu,-0.3026653168,-9.5632669664,2.7556899496,0.31413769,1.10607267,-3.8702275,98.9252999309509,-37.5455341419374,133.2950276888289,414.3345734450559,2.1081729001027725,False,0.051239146185752,0.9986864121926136,625.1525184084196,-69.46135531896394,214.2081786001436,981.5554575195196,False,inf
62.027108,-407473.78695359407,-981.0450956288385,626.352975816304,-68.12187797883837,153.04665955590346,218.1989008757432,984.2389109714112,-23577574.41647339,75.93909562661516,218.3985713498556,21788603809.80513,152.2947496838421,153.04665955590346,-22554820040630.48,84.84431754278529,-6.66566785276003,374.28371274452206,353.5451359012324,-428434.6002922115,-296.58538546898734,368.7349170451959,984.2389109714112,-1510970751289.551,3667.753344578696,2003.809611977436,149.2237430851907,-11684091.107943736,8680116166111.012,3.000000000002572,-0.8579830000002104,-116001817.78336614,-44.8161875761308,414.40492988998267,2.1768129094991764,0.0,-4.050239495430862e-19,0.0,4.0020187785529696e-18,-1328.3259913575853,4.0333365989103465,-1328.3259913575853,0.0,-1639.6575275986754,0.0,0.0,2810.819999998159,-14.617700000000184,0.0,0.0,0.0,0.0,0.0,0.0,0.0,0.0,0.0,0.0,0.0,3785.529999998238,-83.48819999993157,0.0,0.0,0.0,0.0,0.0,0.0,0.0,0.0,0.0,0.0,0.0,7388.629999998346,-42.010500000035336,0.0,0.0,0.0,0.0,0.0,0.0,0.0,0.0,0.0,999.0000000013896,999.0000000013896,1.000000000000103,-237.7644381072874,gaze,0.5310363138046671,0.5424475296695166,-76.23957212695086,-33.76397302253935,1188.322214563042,-37.17487244628465,-16.8812075629538,-32.63512901771642,-0.0319757212363911,-0.0138190900339176,0.9993931088425853,4.898721694946289,16.714435527221177,-13.493016794204523,-27.69457661910984,0.390748122171339,0.3947195094319087,0.7983658354285683,5.86816085237,-31.51516580762663,-16.45364339538264,-32.24388214233408,0.0187245372956269,0.038463648761593,0.9740478883586462,4.996897029876709,117.36853009646056,False,-1.0,imu,-0.3583771316070773,-9.558854633239434,2.7895620235609053,0.8613688349145304,1.1668365307073467,-3.019695808965768,98.92340558405712,-37.5442703765079,133.28796544052588,414.40492988998267,2.1768129094991764,False,0.0962793235699719,0.9953543549173371,625.8047263754955,-69.57116454492981,217.32555479732005,984.2389109714112,False,inf
62.031925,-409386.43109566526,-984.4787602330366,627.1273690215694,-68.23110816229973,153.5501995155378,219.0227030767325,987.7917264391308,-23691183.94839859,76.23254143362266,219.2231212847674,21897602130.678867,152.80221478214713,153.5501995155378,-22668458427672.934,85.06402432812946,-6.690621660221465,375.1477064269589,354.7042620317785,-430444.2398967304,-297.6485513449625,369.5876673963228,987.7917264391308,-1518579847259.4773,3679.7602456067984,2011.125338436328,149.76576483753956,-11740413.293241257,8723827788886.16,3.000000000002657,-0.8579830000002318,-116566080.11790076,-44.97556707557237,414.4980623355641,2.2676817380967123,0.0,-4.0652016188437416e-19,0.0,4.016802767719817e-18,-1332.9676645057348,4.047680305484546,-1332.9676645057348,0.0,-1645.3764517844902,0.0,0.0,2810.819999998217,-14.617700000000523,0.0,0.0,0.0,0.0,0.0,0.0,0.0,0.0,0.0,0.0,0.0,3785.529999998398,-83.48819999993293,0.0,0.0,0.0,0.0,0.0,0.0,0.0,0.0,0.0,0.0,0.0,7388.629999998608,-42.010500000036245,0.0,0.0,0.0,0.0,0.0,0.0,0.0,0.0,0.0,999.0000000014224,999.0000000014224,1.0000000000001243,-238.5231813409227,gaze,0.3951269640615824,0.3906164172748657,-76.61912552520855,-44.41035306313058,1190.2113260446931,-36.801977105237626,-17.354136103359703,-33.134230307710475,-0.0320415596630489,-0.0666327022414187,0.9860625992185356,4.869018058882517,16.6732774268886,-13.50632527127701,-27.669758412155424,0.3897504324711801,0.3930556703193246,0.7991271258599839,5.865484592742245,-33.57798709958445,-15.937938887361154,-32.74746995115226,0.1578128715378809,0.1319267031104909,0.9120097939295532,5.268385576407275,137.3324597012463,False,1.6890964515636366,imu,-0.2942911776,-9.5638651192,2.7610733248,0.23189168,1.03878048,-3.86275059,98.92088844458252,-37.54261791601024,133.27860362299631,414.4980623355641,2.2676817380967123,False,0.1585434451084695,0.987352002080888,626.6699835180812,-69.71158359309851,220.90021186689088,987.7917264391308,False,inf
62.040388,-412764.1333611487,-990.5340734406024,628.4928092728824,-68.42355196338553,154.4380342372342,220.47591730693853,994.0571039961924,-23891844.02359867,76.75025809214723,220.677654451786,22090157729.182564,153.6969079367301,154.4380342372342,-22869219010329.08,85.4510667117238,-6.734637938622008,376.66912067742624,356.74797107894443,-433993.2221621786,-299.52356905404923,371.08930793161664,994.0571039961924,-1532022509801.284,3700.930057493496,2024.0293794810643,150.72180828282535,-11839891.512242287,8801051227207.25,3.000000000002629,-0.857983000000214,-117562749.64195968,-45.2566654892229,414.6622527317013,2.4279048330589603,0.0,-4.0915945041301064e-19,0.0,4.042881427768941e-18,-1341.1536604417931,4.072978371758828,-1341.1536604417931,0.0,-1655.4621834960285,0.0,0.0,2810.819999998159,-14.617700000000127,0.0,0.0,0.0,0.0,0.0,0.0,0.0,0.0,0.0,0.0,0.0,3785.5299999982817,-83.48819999993111,0.0,0.0,0.0,0.0,0.0,0.0,0.0,0.0,0.0,0.0,0.0,7388.629999998375,-42.01050000003556,0.0,0.0,0.0,0.0,0.0,0.0,0.0,0.0,0.0,999.0000000014044,999.0000000014044,1.00000000000011,-239.86098295511297,gaze,0.3932015654045678,0.3885826027067008,-73.993591602699,-76.64640930924308,1187.9961887546074,-36.80819029158135,-17.368061441221894,-33.15757467323555,-0.0317900653975332,-0.0659788544396127,0.9855394504770928,4.868541419758684,16.61872532497715,-13.53028904112401,-27.62564050465888,0.387977151518187,0.390110211090874,0.80047834034663,5.860642954300426,-34.49790245550633,-15.954618676007993,-32.75425891115159,0.1588414498931747,0.1322783153369708,0.9118490296709598,5.2693505404775935,141.7160713033487,False,1.6204185000318545,imu,-0.2984782472,-9.573435564,2.7526991856,0.13469185,0.86681155,-4.11696553,98.91642765675756,-37.539761100680906,133.26207263786867,414.6622527317013,2.4279048330589603,False,0.2644736375325912,0.9643929152841592,628.1997254039861,-69.94510079460746,225.0747778503519,994.0571039961924,False,inf
62.044545,-414431.3872777816,-993.5190459460438,629.1658053284791,-68.51833090395269,154.8756163159945,221.1924807690838,997.1455996445396,-23990903.77746868,77.00557037211858,221.39486822435765,22185235238.780727,154.1378410468749,154.8756163159945,-22968351550605.383,85.64166651421893,-6.75634043351395,377.41805217952594,357.7552208149015,-435745.0150128038,-300.44791244818407,371.8285172178347,997.1455996445396,-1538660276644.2004,3711.3636269167473,2030.391682793798,151.19317536534965,-11889001.119324328,8839182895177.2,3.000000000002672,-0.8579830000002282,-118054800.62978265,-45.39524751578759,414.7431671803952,2.5068751025715983,0.0,-4.104608167126618e-19,0.0,4.0557401542609415e-18,-1345.1891161753333,4.085450364136695,-1345.1891161753333,0.0,-1660.434110902184,0.0,0.0,2810.819999998188,-14.617700000000356,0.0,0.0,0.0,0.0,0.0,0.0,0.0,0.0,0.0,0.0,0.0,3785.529999998311,-83.48819999993157,0.0,0.0,0.0,0.0,0.0,0.0,0.0,0.0,0.0,0.0,0.0,7388.629999998462,-42.01050000003602,0.0,0.0,0.0,0.0,0.0,0.0,0.0,0.0,0.0,999.0000000014296,999.0000000014296,1.0000000000001208,-240.520335972251,gaze,0.3922571334415518,0.3875837156874933,-71.62319642378061,-98.1100542384652,1185.8221696371595,-36.81137230156492,-17.374924007168666,-33.16899408191889,-0.0316692485117562,-0.0656565980541079,0.9852813988475038,4.8682997996989705,16.600679915756395,-13.542335682617226,-27.60373681424571,0.3870965911132524,0.3886531978417502,0.8011484052247126,5.858199803799085,-34.94911434148396,-15.96291482278671,-32.75235649719285,0.1593422514770987,0.1324503670385618,0.911771075100266,5.269798405868395,130.0858238861078,False,1.5730840691804004,imu,-0.3549682121343829,-9.560096928229791,2.785187777525137,0.8862541597960527,1.1218376313916485,-3.044859187893978,100.819254,-37.97052600000001,131.3067616,414.7431671803952,2.5068751025715983,False,0.3156192656849631,0.9488859147065491,628.9551256514864,-70.05346056417758,226.1641500159165,997.1455996445396,False,inf
62.0472,-415499.04534545663,-995.4291626417536,629.5964288058221,-68.57895119788077,155.15560338033032,221.6510866480096,999.1219520760242,-24054342.99327373,77.16898317279802,221.85389029209213,22246130621.785965,154.41996214291822,155.15560338033032,-23031845377130.92,85.76356682789861,-6.770229694425723,377.89693915838086,358.3997025045435,-436866.8071772105,-301.0394277238221,372.3011915566033,999.1219520760242,-1542911722686.9314,3718.039455147395,2034.4634198784884,151.49483751015998,-11920451.665989824,8863605977063.953,3.000000000002672,-0.8579830000002318,-118369925.64496988,-45.48393261246239,414.7949371511495,2.557404941646382,0.0,-4.112936879932656e-19,0.0,4.063969708078637e-18,-1347.7715043777696,4.093431773225445,-1347.7715043777696,0.0,-1663.6157559526594,0.0,0.0,2810.819999998188,-14.617700000000356,0.0,0.0,0.0,0.0,0.0,0.0,0.0,0.0,0.0,0.0,0.0,3785.529999998325,-83.48819999993157,0.0,0.0,0.0,0.0,0.0,0.0,0.0,0.0,0.0,0.0,0.0,7388.62999999852,-42.0105000000367,0.0,0.0,0.0,0.0,0.0,0.0,0.0,0.0,0.0,999.0000000014334,999.0000000014334,1.0000000000001243,-240.94222272396087,gaze,0.5284937272713104,0.5994203546269758,-70.22604190022251,-113.3855885018433,1185.088379323282,-37.10908305086588,-16.95770226134487,-32.34861829353321,-0.0271073028340251,-0.0789293463163782,0.9965115917153868,4.833722114562988,16.592306547933042,-13.550125895909217,-27.58966914764662,0.3865309108659678,0.3877191632249888,0.8015785401263491,5.856617097790082,-37.16862191513876,-16.892600832799097,-32.604081048381815,-0.0297851053999827,-0.0247295490885028,0.9988798952518848,4.888052749633789,119.85767933125145,False,-1.0,imu,-0.3544534846756151,-9.560286497723098,2.7845174669327672,0.8907255227617084,1.1154462728421972,-3.048502574193209,98.91280508326352,-37.537504853353525,133.24870123889147,414.7949371511495,2.557404941646382,False,0.3489961522971682,0.9371241570260432,629.4388164955482,-70.12043339357753,226.5122504276881,999.1219520760242,False,inf
62.048852,-416164.4745678982,-996.6191249040166,629.8646847140753,-68.6167046369859,155.3300189618203,221.93681558101693,1000.353173895857,-24093883.889987946,77.27079992919609,222.1398785208137,22284088517.92522,154.5957031074521,155.3300189618203,-23071423460665.58,85.83948193868689,-6.7788830379804885,378.1951329511928,358.8011740085136,-437565.9752495568,-301.4079362132207,372.5955184352322,1000.353173895857,-1545561806199.131,3722.198068576876,2037.00019489314,151.6827781221355,-11940054.445326887,8878829786686.945,3.000000000002629,-0.8579830000002211,-118566342.74762194,-45.53918349381781,414.82718556640975,2.588882343744672,0.0,-4.1181259353509093e-19,0.0,4.0690969842640416e-18,-1349.3802995345009,4.098404197029332,-1349.3802995345009,0.0,-1665.597874791947,0.0,0.0,2810.8199999981443,-14.61770000000024,0.0,0.0,0.0,0.0,0.0,0.0,0.0,0.0,0.0,0.0,0.0,3785.529999998267,-83.4881999999302,0.0,0.0,0.0,0.0,0.0,0.0,0.0,0.0,0.0,0.0,0.0,7388.629999998404,-42.01050000003579,0.0,0.0,0.0,0.0,0.0,0.0,0.0,0.0,0.0,999.0000000014188,999.0000000014188,1.0000000000001066,-241.20503332052223,gaze,0.3912796557057273,0.386548986480793,-68.30622985290479,-123.4223081796038,1182.6273987403806,-36.81475924326465,-17.38204880900084,-33.180791066480005,-0.0315459891788194,-0.065322045398151,0.9850133169926244,4.868044487538715,16.588365141403138,-13.555011259706692,-27.580885655928626,0.3861776414257502,0.3871366341106502,0.8018470330193319,5.85562354405238,-35.40687667680308,-15.971581392458166,-32.74657169182843,0.1598579576885054,0.1326281345053406,0.9116910354587238,5.270244279377343,110.657488906376,False,1.5153448035147212,imu,-0.3044597752,-9.5842023144,2.7664567,0.28423005,0.5976427899999996,-4.21416536,98.91192267592116,-37.53696352833877,133.24545107030085,414.82718556640975,2.588882343744672,False,0.3677770851573983,0.9299139829216074,629.7402309611398,-70.16121759043766,226.60646572352871,1000.3531738958573,False,inf
62.057316,-419587.166448939,-1002.733302514868,631.2428563764988,-68.81054532593225,156.22606266404043,223.4052551199864,1006.6793008720714,-24297286.77439499,77.79411680266334,223.60965058205784,22479378935.61637,155.4985075201959,156.22606266404043,-23275055661220.453,86.22922748659799,-6.823352592450842,379.7255703376377,360.8636608659848,-441162.19611489854,-303.301464063391,374.1061284839,1006.6793008720714,-1559196656763.9707,3743.562103062328,2050.036507385314,152.64857943449772,-12040893.784873173,8957157264813.773,3.0000000000027143,-0.8579830000002389,-119576776.85785544,-45.823093021938526,414.9928436161863,2.750597680261308,0.0,-4.144793316789683e-19,0.0,4.095446872392379e-18,-1357.6467596478549,4.123955255305954,-1357.6467596478549,0.0,-1675.782511849447,0.0,0.0,2810.819999998188,-14.61770000000064,0.0,0.0,0.0,0.0,0.0,0.0,0.0,0.0,0.0,0.0,0.0,3785.529999998325,-83.48819999993066,0.0,0.0,0.0,0.0,0.0,0.0,0.0,0.0,0.0,0.0,0.0,7388.629999998491,-42.01050000003693,0.0,0.0,0.0,0.0,0.0,0.0,0.0,0.0,0.0,999.000000001437,999.000000001437,1.0000000000001208,-242.55519593308875,gaze,0.389362156071233,0.3845165228017582,-58.96532840697229,-179.51077698582637,1173.0749042076131,-36.82168139348777,-17.396090545984457,-33.20386714254205,-0.0313095360479339,-0.0646628756875212,0.9844844592333136,4.867528718230947,16.58394416868779,-13.580504683529556,-27.5355279824738,0.3843521526711858,0.3841360021648116,0.8032328682098949,5.850428022222347,-36.25220942381468,-15.988821686658268,-32.72341360642123,0.1608617653104861,0.1329759148946702,0.9115359746986842,5.2710666769214605,62.026316179935705,False,1.3786278390620037,imu,-0.3259932760000001,-9.572239258400002,2.7652603944,0.44872207,0.4256738599999998,-4.363703559999999,98.9073805386258,-37.53422605191847,133.22876192766356,414.9928436161863,2.750597680261308,False,0.4671655615338707,0.884169858181528,631.2893465403209,-70.35936670513252,225.3973058814164,1006.6793008720716,False,inf
62.06578,-423032.3189004864,-1008.8767081905094,632.6273463157595,-69.00507587533491,157.12617901832877,224.88126448659136,1013.0355884501802,-24502059.55715084,78.320219609681,225.0869992229619,22676036118.87276,156.40533390877127,157.12617901832877,-23480123159587.605,86.62030649246789,-6.868047425984198,381.2604394328912,362.9354627074283,-444782.0000680678,-305.2041849360583,375.6211448270475,1013.0355884501802,-1572927566387.6624,3765.022481674541,2063.138561181593,153.6192300253483,-12142412.94959949,9036036561944.562,3.0000000000027143,-0.8579830000002424,-120594086.88113111,-46.108399151649074,415.1592290195276,2.9130531458707765,0.0,-4.171597164659935e-19,0.0,4.1219316022215495e-18,-1365.9531839162555,4.149632003598764,-1365.9531839162555,0.0,-1686.0162701313334,0.0,0.0,2810.819999998159,-14.617700000000523,0.0,0.0,0.0,0.0,0.0,0.0,0.0,0.0,0.0,0.0,0.0,3785.529999998311,-83.48819999993066,0.0,0.0,0.0,0.0,0.0,0.0,0.0,0.0,0.0,0.0,0.0,7388.629999998491,-42.01050000003693,0.0,0.0,0.0,0.0,0.0,0.0,0.0,0.0,0.0,999.0000000014516,999.0000000014516,1.0000000000001243,-243.91149205587985,gaze,0.3874497700339979,0.3824859365481378,-45.52572933313432,-239.8106532391718,1158.557238302005,-36.82895465099624,-17.41018051556336,-33.22679340057411,-0.0310808828131525,-0.064001878185295,0.9839530798451096,4.866995545321604,16.607098217679503,-13.606784447737985,-27.48959684918901,0.382500731764249,0.3811090473483293,0.8046356635767786,5.845057541075213,-36.98762972002472,-16.00633598781659,-32.68389712032863,0.1618523605352844,0.1333214500425137,0.9113839933409956,5.271817753000706,20.689369090193026,False,1.2156736162876187,imu,-0.331974804,-9.54053716,2.745521352,0.34404533,0.1265974599999997,-4.66277996,98.90280810091366,-37.53154918763328,133.21202706425458,415.1592290195276,2.9130531458707765,False,0.5613816553103812,0.8275570295036931,632.8450218329392,-70.53922918228326,221.38217190552788,1013.0355884501802,False,inf
62.06718,-423604.3417378635,-1009.8956911617825,632.8569603609558,-69.03731909776423,157.27545753540898,225.1261375150609,1014.0898734487604,-24536062.80618763,78.4075096712234,225.3320944285093,22708696711.5742,156.55571735861406,157.27545753540898,-23514181506477.82,86.68512221455089,-6.875462009183105,381.5147442455608,363.2790520170197,-445383.0199553473,-305.519795500727,375.8721634281302,1014.0898734487604,-1575208040760.2395,3768.581474501268,2065.312078447392,153.78025050003762,-12159270.633895084,9049137092893.98,3.0000000000027285,-0.8579830000002424,-120763021.65268312,-46.15572558163,415.18682048802657,2.9399958202512835,0.0,-4.1760438823801923e-19,0.0,4.126325378742177e-18,-1367.330981713411,4.153891249013789,-1367.330981713411,0.0,-1687.7137461994578,0.0,0.0,2810.8199999981443,-14.617700000000523,0.0,0.0,0.0,0.0,0.0,0.0,0.0,0.0,0.0,0.0,0.0,3785.52999999834,-83.48819999993111,0.0,0.0,0.0,0.0,0.0,0.0,0.0,0.0,0.0,0.0,0.0,7388.629999998491,-42.01050000003716,0.0,0.0,0.0,0.0,0.0,0.0,0.0,0.0,0.0,999.0000000014552,999.0000000014552,1.0000000000001317,-244.1364247990336,gaze,0.3871339914594686,0.3821502965194194,-42.88439905909361,-249.87456518378727,1155.6378627099673,-36.83019137658247,-17.412515302463127,-33.23057045464104,-0.0310438262812413,-0.0638924063728111,0.9838649575461184,4.8669057792150205,16.613693332820173,-13.611208108824176,-27.481946337864784,0.3821919988904614,0.3806058842922145,0.8048693166378098,5.844152449030475,-37.16495863981049,-16.89547651515852,-32.58765801016873,-0.0298582380584874,-0.0284667907937255,0.9987205821776448,4.88567590713501,13.98754624364506,True,3.0,imu,-0.3506185391966294,-9.561715642578246,2.7794402097714714,0.9299564247853054,1.0712363384556984,-3.074320338254409,98.90204936512428,-37.531112295200245,133.20925616560987,415.18682048802657,2.9399958202512835,False,0.5763813498967548,0.8171808487055938,633.1028269980734,-70.56720752400727,220.44496823711276,1014.0898734487604,False,inf
62.074244,-426500.0421780588,-1015.0494440806008,634.0181766392525,-69.20029813362089,158.03038172948325,226.3648723142436,1019.4221403868,-24708209.14169216,78.84911927539045,226.57195310169567,22874067229.241177,157.316195032331,158.03038172948325,-23686633529914.324,87.0127220975487,-6.912968364484503,382.7997468281232,365.0166106574202,-448425.5027956746,-307.1161312366478,377.1405742100538,1019.4221403868,-1586755041737.4875,3786.579525844608,2076.3066011035485,154.5947477428134,-12244615.369720764,9115470588634.951,3.000000000002757,-0.8579830000002424,-121618307.84445664,-46.39510697323186,415.3263439185866,3.076251048167137,0.0,-4.1985379964668304e-19,0.0,4.1485516850954295e-18,-1374.2997158144772,4.175434900017454,-1374.2997158144772,0.0,-1696.2993255164909,0.0,0.0,2810.8199999981443,-14.617700000000411,0.0,0.0,0.0,0.0,0.0,0.0,0.0,0.0,0.0,0.0,0.0,3785.5299999982817,-83.48819999993066,0.0,0.0,0.0,0.0,0.0,0.0,0.0,0.0,0.0,0.0,0.0,7388.62999999852,-42.01050000003738,0.0,0.0,0.0,0.0,0.0,0.0,0.0,0.0,0.0,999.000000001477,999.000000001477,1.000000000000128,-245.2739430016217,gaze,0.3855432113059659,0.3804579636464147,-27.68031501281423,-299.924315260327,1138.559664611452,-36.83657668458265,-17.42431246288275,-33.249560422019336,-0.0308602082102128,-0.0633395951974965,0.9834193853095624,4.866446435055844,16.659347054720744,-13.633865257147292,-27.44312201874352,0.3806234292696502,0.378056517529759,0.8060552314400735,5.839513306903642,-37.57347363004431,-16.02412054797608,-32.62725986314659,0.1628292262753922,0.1336645310889937,0.9112352390422308,5.272497545500719,4.360146270939375,True,1.0322530413138826,imu,-0.3642750552,-9.4980683112,2.769447464,0.65059864,-0.0304176499999999,-4.57305704,98.89821254796873,-37.52893345608431,133.19526908222616,415.3263439185866,3.076251048167137,False,0.6492025811841055,0.7606155458468458,634.4051538587848,-70.7007172855791,214.5309468803473,1019.4221403868,False,inf
62.082708,-429990.4468970413,-1021.251612567328,635.4153695061614,-69.39621395253448,158.93868453269266,227.85610730709809,1025.8390606700318,-24915742.45460033,79.38082675297395,228.06454094723048,23073479453.2406,158.23110367538766,158.93868453269266,-23894594372946.496,87.4064774473332,-6.958116235810431,384.34349910950255,367.1071359091039,-452092.820361666,-309.0373354445805,378.6644233742106,1025.8390606700318,-1600679591259.1782,3808.233557710632,2089.54087257095,155.57515047775254,-12347504.486966996,9195462265656.8,3.000000000002757,-0.8579830000002353,-122649474.89357053,-46.68322158920036,415.4941904591869,3.240193699080009,0.0,-4.2256163310086105e-19,0.0,4.175307633635571e-18,-1382.6864991580148,4.201364403772468,-1382.6864991580148,0.0,-1706.631854300302,0.0,0.0,2810.81999999813,-14.61770000000024,0.0,0.0,0.0,0.0,0.0,0.0,0.0,0.0,0.0,0.0,0.0,3785.5299999982526,-83.48819999992975,0.0,0.0,0.0,0.0,0.0,0.0,0.0,0.0,0.0,0.0,0.0,7388.629999998404,-42.01050000003738,0.0,0.0,0.0,0.0,0.0,0.0,0.0,0.0,0.0,999.000000001466,999.000000001466,1.0000000000001137,-246.6425701327472,gaze,0.383643203830059,0.378433351128533,-5.251337298664136,-356.13233427755864,1112.814301022367,-36.84454492070677,-17.438480014130647,-33.272158874594766,-0.0306476929124512,-0.062676578511123,0.9828835859660758,4.865882886648185,16.74208203456502,-13.661761364848202,-27.39613362638437,0.3787202998349387,0.3749791764447535,0.8074913787479188,5.83379658043061,-37.97641028103172,-16.04217143976748,-32.55288425639556,0.1637918405650889,0.1340049467682939,0.9110898611722174,5.273106110456675,12.833656714356655,True,0.8342053685372968,imu,-0.3929863896,-9.513620284000002,2.7975606456,0.63564482,-0.1650020300000001,-4.52071867,98.8936013782166,-37.52637938230448,133.17851128164878,415.4941904591869,3.240193699080009,False,0.7294568483880209,0.6840268315934808,635.9676127447188,-70.84398341120792,204.85094684683452,1025.8390606700318,False,inf
62.087272,-431882.01185065496,-1024.608226969444,636.1714189823779,-69.50214512586899,159.43017041746506,228.66339375983807,1029.3118634940895,-25028226.27495575,79.66870577431389,228.8725597232525,23181583186.591457,158.72612944103415,159.43017041746506,-24007336664613.96,87.61935724975064,-6.98255556180798,385.177775774535,368.2383017935117,-454080.25340934633,-310.0771501027056,379.4879574181423,1029.3118634940895,-1608228520187.7517,3819.950314728994,2096.7046940790988,156.1058416478801,-12403271.05421877,9238828224715.168,3.0000000000027,-0.8579830000002282,-123208400.86462948,-46.83916578705004,415.5850018840065,3.328905547089221,0.0,-4.240274890149364e-19,0.0,4.189791672651382e-18,-1387.2256167503708,4.21539894216841,-1387.2256167503708,0.0,-1712.2240048756462,0.0,0.0,2810.8199999981007,-14.617700000000298,0.0,0.0,0.0,0.0,0.0,0.0,0.0,0.0,0.0,0.0,0.0,3785.529999998296,-83.48819999992838,0.0,0.0,0.0,0.0,0.0,0.0,0.0,0.0,0.0,0.0,0.0,7388.629999998287,-42.01050000003716,0.0,0.0,0.0,0.0,0.0,0.0,0.0,0.0,0.0,999.0000000014624,999.0000000014624,1.0000000000001066,-247.38313863339795,gaze,0.3826216486032548,0.3773432899453448,8.769753919149311,-383.7140707096014,1096.523265420218,-36.84898428456268,-17.446132010706,-33.284271318934856,-0.0305365494931894,-0.0623189556681977,0.982593871195157,4.865573552450787,16.799791695190482,-13.677146846343527,-27.370593881321795,0.377683387395751,0.3733097740340806,0.8082725960969166,5.830642855419676,-37.15772037316491,-16.90275038619595,-32.556882952664765,-0.0298234853906989,-0.0344997989678372,0.9984616919872784,4.879841168721517,25.643549310865943,True,3.0,imu,-0.3468345694074918,-9.563155481174402,2.7742825158088342,0.9788528596988116,1.0336303028148468,-3.0974515847826023,98.8911111662614,-37.525027935421015,133.16948351979607,415.5850018840065,3.328905547089221,False,0.7692009948580051,0.6390069088119904,636.8103463724034,-70.91380400473282,198.47208958061364,1029.3118634940895,False,inf
62.091172,-433503.6440332951,-1027.4833162657023,636.818947127591,-69.59282518714315,159.8511011935765,229.3549982401489,1032.2864535197536,-25124666.445628166,79.91535302369384,229.56479155943543,23274280002.407,159.15007264784296,159.8511011935765,-24104013316076.66,87.80157569155938,-7.003491869777973,385.891702858179,369.2070697242785,-455784.0692079644,-310.9678301133695,380.1926990567064,1032.2864535197536,-1614701725180.125,3829.9849001186535,2102.841621602572,156.5604561638151,-12451083.75460326,9276014524016.545,3.000000000002771,-0.857983000000246,-123687623.29315051,-46.97274811431557,415.6627707908119,3.404883414876849,0.0,-4.252832688378371e-19,0.0,4.202199961742972e-18,-1391.1136781035416,4.227420975176486,-1391.1136781035416,0.0,-1717.0140331952086,0.0,0.0,2810.81999999813,-14.617700000000523,0.0,0.0,0.0,0.0,0.0,0.0,0.0,0.0,0.0,0.0,0.0,3785.529999998311,-83.4881999999302,0.0,0.0,0.0,0.0,0.0,0.0,0.0,0.0,0.0,0.0,0.0,7388.629999998404,-42.01050000003784,0.0,0.0,0.0,0.0,0.0,0.0,0.0,0.0,0.0,999.0000000014844,999.0000000014844,1.0000000000001208,-248.017394861464,gaze,0.3817504818321009,0.3764128571893952,21.81825332760852,-405.3561849927682,1081.279496187046,-36.85285654111574,-17.452676675826364,-33.294579516274695,-0.0304435195409364,-0.062013389446655,0.9823458960341476,4.865306432492947,16.85655373329433,-13.690486550812716,-27.34866215473887,0.3767914022183647,0.3718778037895344,0.8089439070429407,5.827908677211877,-38.16915686505352,-16.060484554162866,-32.460317141247145,0.1647396765459138,0.1343424834001552,0.9109480108208732,5.273643522207927,33.16296721370102,True,0.6271416702649505,imu,-0.4258847936,-9.562668813600002,2.796962492800001,0.8524752099999999,-0.2921095,-4.35622665,98.88898238741906,-37.5238874958026,133.16177761056042,415.6627707908119,3.404883414876849,False,0.8010409504880127,0.5986095519128148,637.530268971501,-70.96942615851303,192.38887130251743,1032.2864535197536,False,inf
62.099636,-437039.7449237181,-1033.7446580237815,638.2289317665363,-69.7901336958347,160.76764550821184,230.86157395930468,1038.7644233878348,-25334988.08775997,80.4527090969241,231.07273380915325,23476476113.33544,160.07311478500537,160.76764550821184,-24314898013389.22,88.19801998420974,-7.04909609816236,387.44436465024256,371.3164434334603,-459499.3661550551,-312.9076478706889,381.7254079905868,1038.7644233878348,-1628821955512.3984,3851.8338766232737,2116.2090948168243,157.5506827774838,-12555356.637448424,9357130304972.672,3.000000000002757,-0.857983000000246,-124732788.42700644,-47.26369167559864,415.8320870665903,3.570322516169881,0.0,-4.2801875899654826e-19,0.0,4.229229184599468e-18,-1399.5813971492562,4.253605075645567,-1399.5813971492562,0.0,-1727.4460393311333,0.0,0.0,2810.8199999981152,-14.617700000000184,0.0,0.0,0.0,0.0,0.0,0.0,0.0,0.0,0.0,0.0,0.0,3785.5299999981935,-83.48819999992884,0.0,0.0,0.0,0.0,0.0,0.0,0.0,0.0,0.0,0.0,0.0,7388.629999998317,-42.01050000003784,0.0,0.0,0.0,0.0,0.0,0.0,0.0,0.0,0.0,999.0000000014844,999.0000000014844,1.0000000000001137,-249.39843864980296,gaze,0.3798657898727658,0.3743972512443834,53.47347859714296,-445.1209561467901,1044.1192059913412,-36.86150848046437,-17.466895834108737,-33.316813199273895,-0.0302478726746066,-0.0613505989105757,0.981806533635619,4.864718638374672,17.003859581235684,-13.720054100499608,-27.30073840861784,0.3748367993167626,0.3687531953144038,0.8104126124286704,5.821850968038524,-38.13019364143943,-16.079055598228823,-32.34928940625165,0.1656722024521301,0.134676924881369,0.910809840805042,5.274109873552662,52.54402010046717,True,0.4161669814639434,imu,-0.4252866408000001,-9.5985579816,2.7927754232,0.9945365,-0.2995864100000003,-4.19921154,98.8843636527692,-37.52145833060747,133.14509261501587,415.8320870665903,3.570322516169881,False,0.8629358496409173,0.5053134862681861,639.0910217842097,-71.07769332607634,177.23219961751903,1038.7644233878348,False,inf
62.107253,-440241.6577915269,-1039.4048445288288,639.5033137937662,-69.96829500532715,161.59601057871126,232.2239789321767,1044.6203638764248,-25525463.290385246,80.93871979144478,232.43637444058567,23659637347.03867,160.90728005439107,161.59601057871126,-24505938712795.46,88.55594509190892,-7.090332785381018,388.84546681224106,373.2228263604693,-462863.5256194197,-314.6613436798352,383.108532930392,1044.6203638764248,-1641613449105.3892,3871.5801420521175,2128.2961199495435,158.4460383289124,-12649790.685027406,9430612952438.098,3.0000000000027427,-0.8579830000002318,-125679390.90553723,-47.526735928283486,415.98509065372673,3.719848551055179,0.0,-4.304923935716909e-19,0.0,4.2536710273062826e-18,-1407.23652147568,4.277278316808381,-1407.23652147568,0.0,-1736.876849404793,0.0,0.0,2810.8199999980425,-14.61770000000024,0.0,0.0,0.0,0.0,0.0,0.0,0.0,0.0,0.0,0.0,0.0,3785.529999998151,-83.48819999992702,0.0,0.0,0.0,0.0,0.0,0.0,0.0,0.0,0.0,0.0,0.0,7388.629999998317,-42.01050000003761,0.0,0.0,0.0,0.0,0.0,0.0,0.0,0.0,0.0,999.0000000014844,999.0000000014844,1.0000000000001066,-250.64661461408977,gaze,0.3781771892592157,0.3725881724452824,85.75235122248216,-471.231524794213,1006.1532135628478,-36.86958281735952,-17.47970573779587,-33.33665462623693,-0.0300792477982999,-0.0607549546674354,0.9813198993326429,4.864181291801129,17.165268084025335,-13.747393500167044,-27.257249480846973,0.3730558751298798,0.3659220754693671,0.8117480000630863,5.816255469585846,-37.14197774857527,-16.919454912149334,-32.491873655624815,-0.029541512035208,-0.046374218175148,0.9979523502789858,4.866221904754638,63.72309449574824,False,-1.0,imu,-0.3431489265570533,-9.56458736831223,2.7691110472542664,1.0360411646928611,1.002890926549125,-3.117704053580117,98.88021422703522,-37.51932631961364,133.13013964141058,415.98509065372673,3.719848551055179,False,0.9095921795419836,0.4155021864155032,640.492271668238,-71.16117862182975,161.3944212900375,1044.6203638764248,False,inf
62.1081,-440598.8612668561,-1040.0357409229662,639.6453457380285,-69.98814134032875,161.68833130317293,232.37586338148475,1045.2730749584273,-25546714.377236366,80.99290601018927,232.5883966382957,23680075047.72492,161.0002429476186,161.68833130317293,-24527256145708.42,88.59581348351574,-7.094929754700627,389.0014910567059,373.4352884359707,-463238.8284026271,-314.8568214184695,383.2625569047388,1045.2730749584273,-1643040796055.96,3873.7808114885656,2129.6435394325604,158.54584833813124,-12660326.611894898,9438812560054.09,3.0000000000027995,-0.8579830000002531,-125785005.79828916,-47.55605741234727,416.0021414433595,3.736513327915645,0.0,-4.307681558457364e-19,0.0,4.256395818669485e-18,-1408.089801135337,4.27991716770062,-1408.089801135337,0.0,-1737.928050256036,0.0,0.0,2810.81999999813,-14.617700000000523,0.0,0.0,0.0,0.0,0.0,0.0,0.0,0.0,0.0,0.0,0.0,3785.529999998224,-83.48819999992884,0.0,0.0,0.0,0.0,0.0,0.0,0.0,0.0,0.0,0.0,0.0,7388.629999998433,-42.010500000038746,0.0,0.0,0.0,0.0,0.0,0.0,0.0,0.0,0.0,999.000000001506,999.000000001506,1.000000000000128,-250.78572300968483,gaze,0.3779898828995008,0.3723873139868554,89.55600329616031,-473.518061085378,1001.682370021955,-36.87049742393528,-17.481130754024633,-33.33885087403091,-0.030060938860403,-0.0606887874478821,0.9812657208169198,4.864121103678583,17.184931495878995,-13.75047678346026,-27.25239348981796,0.3728565581934118,0.3656061629172158,0.8118972855359807,5.815624879339415,-37.84347893913734,-16.097880092879926,-32.21973561506143,0.1665888815961978,0.1350080526772732,0.910675505675329,5.274505275902548,64.74027437950423,False,0.2057473244053593,imu,-0.4504090584,-9.6224840936,2.8047384792,1.05435178,-0.2023865800000002,-3.84779677,98.87975351698564,-37.51909242531181,133.12848138913654,416.0021414433595,3.736513327915645,False,0.914223017925562,0.4052113935899107,640.6478284268219,-71.16968163108046,159.5099595032656,1045.2730749584273,False,inf
62.116564,-444181.1051234641,-1046.3566682782214,641.0682114091433,-70.1868499856705,162.6131724355586,233.89789549469447,1051.81251314818,-25759852.333590508,81.53595482919627,234.1118090599197,23885084092.42045,161.9314700218795,162.6131724355586,-24741095420643.68,88.99495935195733,-7.140993675093559,390.56308864346414,375.563636199998,-467002.5735301605,-316.81538353296816,384.8041525238524,1051.81251314818,-1657358762401.684,3895.826029688708,2143.1452032697084,159.54597090806328,-12765997.1659275,9521064251077.465,3.000000000002828,-0.8579830000002424,-126844311.02968337,-47.84985047614848,416.172936081568,3.903458179421136,0.0,-4.335315117840903e-19,0.0,4.283700381701456e-18,-1416.6390352442943,4.306357714968549,-1416.6390352442943,0.0,-1748.4602439363375,0.0,0.0,2810.819999998086,-14.617700000000356,0.0,0.0,0.0,0.0,0.0,0.0,0.0,0.0,0.0,0.0,0.0,3785.5299999981935,-83.48819999992747,0.0,0.0,0.0,0.0,0.0,0.0,0.0,0.0,0.0,0.0,0.0,7388.629999998346,-42.010500000038064,0.0,0.0,0.0,0.0,0.0,0.0,0.0,0.0,0.0,999.000000001506,999.000000001506,1.0000000000001172,-252.1792695029697,gaze,0.3761235262984742,0.3703838374456664,129.8128061078036,-489.16794832460965,954.4822880341864,-36.87981980485907,-17.495374578817152,-33.36068359319132,-0.029882906623407,-0.060028545294604,0.9807236835713152,4.863515461600996,17.400523514793193,-13.781766831944168,-27.20365877192508,0.3708507501059221,0.3624375347368879,0.8133977114895075,5.809231893583749,-37.29816359488351,-16.11695337063195,-32.07181315716084,0.1674891723542361,0.135335645813245,0.9105451617229368,5.274829859437388,68.99335847894599,False,-0.0002675963855391,imu,-0.4785222400000001,-9.614708107200002,2.8077292432,0.92724431,0.0219207199999997,-3.38422835,98.87516057240776,-37.51679032311637,133.11196952515925,416.172936081568,3.903458179421136,False,0.9540997906258004,0.2994888804743895,642.1987338280384,-71.24653298561695,139.39280396151483,1051.81251314818,False,inf
62.125028,-447786.5889171154,-1052.7075436383748,642.4975511990888,-70.3862615002422,163.54218279303146,235.4276993581212,1058.3828431065308,-25974408.99969387,82.0818666478732,235.64300015832325,24091510559.457947,162.8668089194667,163.54218279303146,-24956423572637.496,89.3954607562673,-7.187288697008238,392.129163971276,377.7015182626856,-470790.7194975653,-318.78336706486306,386.35020156840346,1058.3828431065308,-1671776371934.5657,3917.969856908891,2156.714334750077,160.55106859257563,-12872371.799143128,9603888350165.73,3.000000000002828,-0.857983000000246,-127910739.86361648,-48.14507603089497,416.3444731453965,4.071159404346531,0.0,-4.363088793404236e-19,0.0,4.31114339272956e-18,-1425.2292450014231,4.332927182183732,-1425.2292450014231,0.0,-1759.042798757478,0.0,0.0,2810.819999998072,-14.617700000000582,0.0,0.0,0.0,0.0,0.0,0.0,0.0,0.0,0.0,0.0,0.0,3785.529999998224,-83.48819999992702,0.0,0.0,0.0,0.0,0.0,0.0,0.0,0.0,0.0,0.0,0.0,7388.629999998287,-42.010500000038064,0.0,0.0,0.0,0.0,0.0,0.0,0.0,0.0,0.0,999.000000001506,999.000000001506,1.0000000000001317,-253.57909974152332,gaze,0.3742674959464985,0.3683876250426641,173.90485045443302,-491.18281211673815,903.1759964191504,-36.88947180233461,-17.509620329214123,-33.38230251559102,-0.0297139664769739,-0.0593704724303153,0.9801806518611508,4.86290337935977,17.65119942854453,-13.813935919504797,-27.15456587511662,0.3688194505340926,0.3592481552468727,0.8149136698740829,5.8026735496835045,-36.488294471036376,-16.136270573355322,-31.90591216589065,0.1683725281514981,0.1356594808661979,0.9104189669865012,5.275083773259769,67.77823302076479,False,-0.1985977605315717,imu,-0.4659610312,-9.6099228848,2.81131816,0.620691,0.2312741999999997,-3.17487487,98.87059364509004,-37.51455257187395,133.09558306348606,416.3444731453965,4.071159404346531,False,0.9818937817659964,0.1894323133186883,643.7419003366033,-71.30962720459067,117.09234631149324,1058.3828431065308,False,inf
62.127344,-448777.22008246696,-1054.450562600353,642.8897918062012,-70.44094909416833,163.7971157531712,235.8476568912764,1060.1860759815113,-26033366.175354004,82.23174456970986,236.06333849016207,24148242884.31158,163.1234634230373,163.7971157531712,-25015604168040.344,89.50528637365382,-7.19999676080084,392.558469481937,378.2881713764888,-471831.5354421501,-319.3235114347531,386.7740230815618,1060.1860759815113,-1675738886547.1467,3924.0462868855097,2160.439038467444,160.82696227479428,-12901602.185862005,9626651602588.75,3.000000000002842,-0.8579830000002424,-128203792.27123974,-48.22610874543805,416.39154039943605,4.117179512631992,0.0,-4.370712975009432e-19,0.0,4.318676803256015e-18,-1427.5869390278376,4.340219897897489,-1427.5869390278376,0.0,-1761.9472969288977,0.0,0.0,2810.819999998057,-14.617700000000523,0.0,0.0,0.0,0.0,0.0,0.0,0.0,0.0,0.0,0.0,0.0,3785.529999998224,-83.48819999992702,0.0,0.0,0.0,0.0,0.0,0.0,0.0,0.0,0.0,0.0,0.0,7388.629999998346,-42.01050000003852,0.0,0.0,0.0,0.0,0.0,0.0,0.0,0.0,0.0,999.0000000015244,999.0000000015244,1.000000000000128,-253.96323238546407,gaze,0.373761534272516,0.3678427755844927,186.58476084620256,-489.29067628672703,888.5219683847884,-36.892169777299024,-17.513517787166784,-33.388179680203265,-0.0296693491546789,-0.05919086258156,0.9800319198848044,4.862734997272529,17.72595791537851,-13.822892983471842,-27.1410743977953,0.3682591955717443,0.3583719443183579,0.8153311576292357,5.800850388886541,-37.10908305086588,-16.95770226134487,-32.34861829353321,-0.0271073028340251,-0.0789293463163782,0.9965115917153868,4.833722114562988,63.72309449574824,False,-1.0,imu,-0.3395263465532571,-9.566024381177364,2.763878406193183,1.1011478698615094,0.9784513292839176,-3.13541551107406,98.86934972200808,-37.51395154323727,133.09112457859948,416.39154039943605,4.117179512631992,False,0.9873201188838896,0.1587418749010548,644.1625804173556,-71.32470140749803,110.64208877949474,1060.1860759815113,False,inf
62.133492,-451415.4254347653,-1059.0884707863363,643.9333875792545,-70.5863777557596,164.47537629384527,236.96530410220976,1064.9841702159197,-26190391.441799164,82.63065258840118,237.18199908912047,24299361786.106243,163.80627257755842,164.47537629384527,-25173248363010.76,89.79732086743067,-7.23381566008,393.69972359572415,379.8489662301932,-474603.3846457718,-320.7608049393234,387.9007107546154,1064.9841702159197,-1686294143836.741,3940.212619545952,2170.351182897989,161.56115953999733,-12979454.0227698,9687287839765.422,3.0000000000028137,-0.8579830000002389,-128984328.16245209,-48.44173925279773,416.5167548026566,4.239619340708714,0.0,-4.391003111738157e-19,0.0,4.338725372075135e-18,-1433.86057627515,4.359626035189153,-1433.86057627515,0.0,-1769.6758935243358,0.0,0.0,2810.8199999980134,-14.617700000000298,0.0,0.0,0.0,0.0,0.0,0.0,0.0,0.0,0.0,0.0,0.0,3785.529999998165,-83.48819999992702,0.0,0.0,0.0,0.0,0.0,0.0,0.0,0.0,0.0,0.0,0.0,7388.629999998346,-42.01050000003829,0.0,0.0,0.0,0.0,0.0,0.0,0.0,0.0,0.0,999.0000000015098,999.0000000015098,1.0000000000001243,-254.98523538726656,gaze,0.3724225782629795,0.3663994916502121,221.41575533940937,-479.12930301575176,848.5436446715948,-36.8994493388492,-17.523860902716365,-33.403698910239484,-0.0295543109328694,-0.0587151786306526,0.9796368596401002,4.862286558404733,17.937320413612245,-13.846995139605058,-27.10514664096476,0.3667627392077985,0.3560388853486708,0.8164449347011578,5.795951443396005,-35.41249506869326,-16.155826650028356,-31.722646071451663,0.1692383974478324,0.1359793319560737,0.910297081258927,5.275267185549712,64.55664310665202,False,-0.3864860677632026,imu,-0.4773259344000001,-9.606932120800002,2.808327396000001,0.53844499,0.4331507699999997,-3.05524431,98.86606177889692,-37.51237972413347,133.0793484427338,416.5167548026566,4.239619340708714,False,0.9970761110736994,0.0764148462417346,645.2756370788375,-71.36057106551442,92.8597186622336,1064.9841702159197,False,inf
62.141956,-455067.7278273583,-1065.499553739399,645.3757430732712,-70.78720062727882,165.41276688688447,238.5107389287588,1071.616600092083,-26407806.74956608,83.18232380125318,238.72883507933884,24508645134.91197,164.7498739588611,165.41276688688447,-25391577580010.73,90.20054286068915,-7.280575405914983,395.2747740671969,382.00601177778526,-478440.6876973675,-322.74773015610486,389.4556867944428,1071.616600092083,-1700912599090.7087,3962.554644709279,2184.055997341084,162.57626194174728,-13087247.359686129,9771265712665.06,3.000000000002828,-0.8579830000002495,-130065111.90869728,-48.73984533040257,416.6897832248651,4.408840330884459,0.0,-4.419058600737913e-19,0.0,4.366446841348424e-18,-1442.5331752774937,4.386454740937894,-1442.5331752774937,0.0,-1780.3597074617894,0.0,0.0,2810.8199999980134,-14.617700000000298,0.0,0.0,0.0,0.0,0.0,0.0,0.0,0.0,0.0,0.0,0.0,3785.5299999981935,-83.4881999999252,0.0,0.0,0.0,0.0,0.0,0.0,0.0,0.0,0.0,0.0,0.0,7388.629999998258,-42.01050000003852,0.0,0.0,0.0,0.0,0.0,0.0,0.0,0.0,0.0,999.000000001517,999.000000001517,1.000000000000128,-256.39769815224173,gaze,0.370589570261838,0.3644202636486837,271.8604661894421,-452.9912384430557,791.4678718570603,-36.9097480778988,-17.538089072886102,-33.42486416030309,-0.0294041345114042,-0.0580632835198273,0.9790925448754082,4.86166673462812,18.25903266530733,-13.880954984223186,-27.05543310723893,0.3646807001348492,0.3528106024652994,0.8179912743752368,5.789067227726363,-34.07363871106676,-16.175616354490725,-31.52283587236657,0.1700862237231577,0.1362949707373394,0.9101796660942224,5.2753802837193255,61.85082006131584,False,-0.5616515738807946,imu,-0.4857000736000001,-9.5746318696,2.8005514096,0.34404533,0.72475026,-3.02533667,98.86157421959776,-37.51027233718396,133.06329244978264,416.6897832248651,4.408840330884459,False,0.9992731941625792,-0.038119331422736,646.7984284910189,-71.4011836906675,66.98333714142078,1071.616600092083,False,inf
62.146077,-456854.509419081,-1068.631964741626,646.0803717477502,-70.88523473670136,165.87069232122718,239.2660319916377,1074.8571249837378,-26514183.929549217,83.45197232902179,239.4848128817255,24611062794.147385,165.21080154963178,165.87069232122718,-25498425842844.688,90.39735977278072,-7.303426568181687,396.0432710367796,383.059729839482,-480317.9693696054,-323.7185795687236,390.21440117545006,1074.8571249837378,-1708066716249.0645,3973.468684336741,2190.753351531872,163.07232019154222,-13139988.849756226,9812363591563.71,3.000000000002842,-0.857983000000246,-130593945.36362565,-48.88551272971209,416.77429923805175,4.4915077837325725,0.0,-4.43276967378392e-19,0.0,4.379994674718937e-18,-1446.7707208441277,4.399564395739781,-1446.7707208441277,0.0,-1785.5799157654376,0.0,0.0,2810.8199999980134,-14.617700000000298,0.0,0.0,0.0,0.0,0.0,0.0,0.0,0.0,0.0,0.0,0.0,3785.529999998078,-83.4881999999252,0.0,0.0,0.0,0.0,0.0,0.0,0.0,0.0,0.0,0.0,0.0,7388.629999998287,-42.01050000003852,0.0,0.0,0.0,0.0,0.0,0.0,0.0,0.0,0.0,999.000000001528,999.000000001528,1.0000000000001243,-257.08770274572856,gaze,0.3697016579034482,0.3634600804565128,297.3217522634583,-435.2622903530617,763.0808614866766,-36.91487728266976,-17.54500987391961,-33.43508299392421,-0.0293345058384267,-0.0577473038981684,0.9788274091501944,4.861364394331392,18.42853749948406,-13.89781853107581,-27.03113143247294,0.3636578436296321,0.3512321833717065,0.8187495506464024,5.785657234094338,-33.3284466649436,-16.185334618174917,-31.419859570536524,0.170492318798656,0.1364470568246359,0.910124165492574,5.275409959178578,61.08336430698248,False,-0.641760998641287,imu,-0.3362288916588607,-9.567359268382187,2.758978831110392,1.1677079248595323,0.9612513512668164,-3.1496727604207293,98.5487148,-37.14043640000002,134.077796,416.77429923805175,4.4915077837325725,False,0.9955735651810412,-0.0939855111850256,647.5354893761614,-71.41781495365153,53.88510665134065,1074.8571249837378,False,inf
62.147325,-457396.7214700314,-1069.5819982771698,646.2940671943506,-70.91495646584622,166.00956723326274,239.4951323355491,1075.8399440219205,-26546466.566796303,83.53376810095179,239.7141209194516,24642146316.526463,165.35058279191162,166.00956723326274,-25530854534136.188,90.4570275261523,-7.310357734420073,396.27621241793065,383.3792877633029,-480887.6435548691,-324.0130365542065,390.44437889449824,1075.8399440219205,-1710238004890.6138,3976.778545597485,2192.784766926204,163.2227815693395,-13155994.518849038,9824836878383.465,3.0000000000028706,-0.8579830000002424,-130754435.63997015,-48.92969432652413,416.7999290555381,4.516578464087502,0.0,-4.436928558977034e-19,0.0,4.3841040455472494e-18,-1448.0559547296991,4.403540614744094,-1448.0559547296991,0.0,-1787.1631824952908,0.0,0.0,2810.819999998028,-14.61770000000024,0.0,0.0,0.0,0.0,0.0,0.0,0.0,0.0,0.0,0.0,0.0,3785.529999998165,-83.48819999992611,0.0,0.0,0.0,0.0,0.0,0.0,0.0,0.0,0.0,0.0,0.0,7388.629999998404,-42.0105000000392,0.0,0.0,0.0,0.0,0.0,0.0,0.0,0.0,0.0,999.0000000015352,999.0000000015352,1.0000000000001243,-257.29696041751424,gaze,0.3694333722510772,0.3631697698246561,305.1341390620344,-429.2610305185644,754.43246115644,-36.9164453301197,-17.54710470981275,-33.4381663018916,-0.0293138754933308,-0.0576518123783002,0.978747106826038,4.861272807477544,18.481527428324643,-13.90296821958156,-27.02376024220458,0.3633469039118132,0.3507533447522593,0.818979876057883,5.784617083882327,-33.09093989656783,-16.188288262903388,-31.38796724147787,0.1706144203630522,0.1364929025998777,0.9101075773155792,5.275415671236895,63.72309449574824,False,-1.0,imu,-0.3360120838769825,-9.56744796817426,2.7586519256952684,1.1723171985259742,0.960290143379266,-3.1505490940007066,98.85875486234058,-37.508969738393525,133.05321250365117,416.7999290555381,4.516578464087502,False,0.9938339905602556,-0.1108783080998169,647.7581058795271,-71.42249929980902,49.8625848054966,1075.8399440219205,False,inf
62.15042,-458743.6096103921,-1071.9408967494535,646.824640257064,-70.98873199319769,166.35436855169098,240.0640331109956,1078.2802385842624,-26626662.036109924,83.73689146522575,240.2835374274932,24719367993.741665,165.69762605162668,166.35436855169098,-25611419038856.28,90.60512991554052,-7.327568778092061,396.8543219308477,384.172686649892,-482302.7477571868,-324.7441757896182,391.01513639553247,1078.2802385842624,-1715632260482.3342,3984.9962602214455,2197.829028310953,163.59639403237733,-13195755.344440192,9855824972012.57,3.0000000000028706,-0.8579830000002424,-131153127.20519756,-49.03939946460266,416.86356058720776,4.578824721614978,0.0,-4.447255789604591e-19,0.0,4.394308323449989e-18,-1451.2471885644068,4.413413767494255,-1451.2471885644068,0.0,-1791.0944202151354,0.0,0.0,2810.8199999980134,-14.61770000000024,0.0,0.0,0.0,0.0,0.0,0.0,0.0,0.0,0.0,0.0,0.0,3785.529999998165,-83.48819999992611,0.0,0.0,0.0,0.0,0.0,0.0,0.0,0.0,0.0,0.0,0.0,7388.629999998317,-42.010500000038746,0.0,0.0,0.0,0.0,0.0,0.0,0.0,0.0,0.0,999.0000000015352,999.0000000015352,1.0000000000001243,-257.81650979866185,gaze,0.368769279603459,0.3624507789839853,324.6939256963243,-413.1323132532127,732.9131830797438,-36.92036342160819,-17.552297488635272,-33.44578976708828,-0.02926363375157,-0.0574154166231434,0.9785479495701416,4.8610456785750085,18.61625503068775,-13.9158253224582,-27.005457482708984,0.3625734216288752,0.3495642006348078,0.8195524516602974,5.782022613330032,-32.47852152015708,-16.195634243196636,-31.307494232174086,0.1709154454629243,0.1366061663904798,0.910066884814336,5.275423274567449,60.71554908534307,False,-0.7222427267142887,imu,-0.4647647256,-9.5423316184,2.8029440208,0.28423005,0.92662683,-3.30945925,98.85714039896116,-37.50823097309863,133.04744216982655,416.86356058720776,4.578824721614978,False,0.988276854324637,-0.1526723917615769,648.3089615645371,-71.43347827612902,39.785876767155536,1078.2802385842624,False,inf
62.158884,-462443.1846645263,-1078.4126043032943,648.2801017589372,-71.19097373525915,167.30019529850463,241.62521599367284,1084.9751917755057,-26846964.438037872,84.2943667874781,241.84613550368303,24931537775.826584,166.64954186968257,167.30019529850463,-25832780581785.902,91.01108521574328,-7.374796622165428,398.4383737265773,386.3490226601991,-486189.6843129498,-326.7501749890265,392.5790662612074,1084.9751917755057,-1730453652604.0771,4007.5377946191297,2211.6705266439503,164.62157408962963,-13304981.52326972,9940968631333.758,3.000000000002842,-0.857983000000246,-132248410.27534392,-49.340406868655165,417.0380890685356,4.749574864008991,0.0,-4.475595208846933e-19,0.0,4.422310342572459e-18,-1460.0027630362408,4.440503584035258,-1460.0027630362408,0.0,-1801.880211850654,0.0,0.0,2810.8199999979697,-14.617700000000298,0.0,0.0,0.0,0.0,0.0,0.0,0.0,0.0,0.0,0.0,0.0,3785.529999998107,-83.48819999992475,0.0,0.0,0.0,0.0,0.0,0.0,0.0,0.0,0.0,0.0,0.0,7388.6299999982,-42.0105000000392,0.0,0.0,0.0,0.0,0.0,0.0,0.0,0.0,0.0,999.000000001528,999.000000001528,1.0000000000001208,-259.24169213897795,gaze,0.366962524646615,0.3604918872250516,379.3197446593229,-360.25881029943673,673.9053259496224,-36.93129050835121,-17.566478673513952,-33.46646735402497,-0.0291330072211741,-0.0567722174195098,0.97800331978543,4.860425195653752,19.00866664147765,-13.951615379135784,-26.955252121947662,0.3604409963371862,0.3463005906037463,0.8211282236462285,5.774819368915266,-30.63753539340847,-16.21587467296834,-31.07780957612008,0.1717254961435891,0.1369126856134943,0.9099589025159928,5.275396384434314,61.1326256243382,False,-0.8667906020853052,imu,-0.4767277816000001,-9.5154147424,2.8089255488,0.41133752,1.09859576,-3.52628964,98.85276991884996,-37.50625619877889,133.03182493642197,417.0380890685356,4.749574864008991,False,0.964052525097446,-0.2657117401494301,649.8061513335081,-71.45964024964498,11.620479390375817,1084.9751917755057,False,inf
62.167348,-466166.5672361442,-1084.914781122833,649.7421502596208,-71.39392773855502,168.2502611682893,243.1943169931432,1091.7015659828694,-27068721.115480423,84.8547610035635,243.4166587496676,25145161919.804768,167.6056344524477,168.2502611682893,-26055670078102.96,91.41841194931568,-7.422259785666514,400.0269359889936,388.5350516917066,-490101.6172358513,-328.76576097831213,394.1474830904283,1091.7015659828694,-1745377301857.9983,4030.179577153725,2225.5807437818107,165.65182043447905,-13414929.454120234,10026699714549.512,3.0000000000028564,-0.8579830000002424,-133350997.46326694,-49.64287276819364,417.2133708514084,4.921093113545339,0.0,-4.504077390282732e-19,0.0,4.450453424201929e-18,-1468.8000459380828,4.467724660851759,-1468.8000459380828,0.0,-1812.7172628560188,0.0,0.0,2810.8199999979697,-14.617700000000356,0.0,0.0,0.0,0.0,0.0,0.0,0.0,0.0,0.0,0.0,0.0,3785.529999998078,-83.48819999992338,0.0,0.0,0.0,0.0,0.0,0.0,0.0,0.0,0.0,0.0,0.0,7388.6299999982,-42.01050000003943,0.0,0.0,0.0,0.0,0.0,0.0,0.0,0.0,0.0,999.000000001557,999.000000001557,1.0000000000001172,-260.673267035927,gaze,0.3651701345004131,0.3585444496213668,435.0988728268796,-295.3823109995228,615.5106670503432,-36.94252421037096,-17.580625024998636,-33.48688867064972,-0.0290124555269753,-0.0561343353939584,0.9774589056627176,4.859807126346419,19.4356945469821,-13.988333713413764,-26.904849500133807,0.3582835212686582,0.3430206999206783,0.8227183417152464,5.767459321645665,-28.564340980385065,-16.236331798749323,-30.83513018785178,0.172515804218077,0.137214292613389,0.909855886077528,5.275299859356184,62.48110581899952,False,-0.994162139767005,imu,-0.4821111568000001,-9.485507102400002,2.7975606456,0.52349117,1.26308778,-3.73564312,98.84847253531602,-37.50434858599845,133.0164682815375,417.2133708514084,4.921093113545339,False,0.9267453278686858,-0.3756901612679815,651.2891641330486,-71.48200199938991,17.133761096290563,1091.7015659828694,False,inf
62.167416,-466196.5777041108,-1084.9671434465722,649.7539231301871,-71.3955611656545,168.2579112261716,243.2069553346953,1091.7557333725872,-27070508.6227293,84.85927507547319,243.4293085462144,25146884091.17181,167.6133326738701,168.2579112261716,-26057466986719.55,91.42168998504876,-7.422642061155053,400.0397168221224,388.5526536431719,-490133.147351604,-328.7819931593502,394.16010197989,1091.7557333725872,-1745497614349.8838,4030.361888661069,2225.692777779271,165.66011802547214,-13415815.710954152,10027390867205.516,3.000000000002842,-0.8579830000002318,-133359885.35313004,-49.64530870728954,417.21478212614784,4.9224742123803935,0.0,-4.504306796411236e-19,0.0,4.450680099093905e-18,-1468.8708928308974,4.467943888490661,-1468.8708928308974,0.0,-1812.804536064504,0.0,0.0,2810.819999997955,-14.617700000000184,0.0,0.0,0.0,0.0,0.0,0.0,0.0,0.0,0.0,0.0,0.0,3785.529999998078,-83.48819999992475,0.0,0.0,0.0,0.0,0.0,0.0,0.0,0.0,0.0,0.0,0.0,7388.629999998229,-42.0105000000392,0.0,0.0,0.0,0.0,0.0,0.0,0.0,0.0,0.0,999.0000000015388,999.0000000015388,1.0000000000001172,-260.68479429118565,gaze,0.3651557948269557,0.3585288525954738,435.549869050543,-294.8157910199528,615.0469451708411,-36.94261568935882,-17.58073851524672,-33.487051676237904,-0.0290115283552576,-0.0561292339444819,0.9774545333848528,4.859802175594875,19.439263384842302,-13.988632490151376,-26.904443853594124,0.3582660868950125,0.3429942858155061,0.8227311741717565,5.767399560963591,-28.546787757350007,-16.236497013045987,-30.83313183002406,0.1725220720712386,0.1372166951968351,0.9098550790048664,5.275298802606589,63.72309449574824,False,-1.0,imu,-0.3325731945662669,-9.568870889709649,2.753384481820903,1.24905732225122,0.9478569630576382,-3.163470619293128,98.84843833274267,-37.50433353370289,133.01634603586726,417.21478212614784,4.9224742123803935,False,0.9263933909589523,-0.3765571473064532,651.3010195776021,-71.48217284151816,17.36608572913763,1091.7557333725872,False,inf
62.175812,-469913.8719379637,-1091.4475321654008,651.2108084923166,-71.59759589152748,169.204580232773,244.77136559745648,1098.459467757721,-27291939.252152443,85.41808537746853,244.9951366789618,25360247889.76597,168.56591686496265,169.204580232773,-26280095424223.69,91.82711330854048,-7.469959118106556,401.6200152473928,390.7308056968196,-494038.66678119934,-330.7909670563747,395.72039357777567,1098.459467757721,-1760403736458.9824,4052.9219377922655,2239.559931772472,166.6871514311906,-13525602.706665283,10113021255994.45,3.000000000002913,-0.857983000000246,-134460925.2340448,-49.94680240124467,417.3894081220769,5.093381830078329,0.0,-4.532702867040611e-19,0.0,4.478738095119725e-18,-1477.6391848602211,4.495077469349948,-1477.6391848602211,0.0,-1823.605754140868,0.0,0.0,2810.8199999979843,-14.61770000000024,0.0,0.0,0.0,0.0,0.0,0.0,0.0,0.0,0.0,0.0,0.0,3785.529999998049,-83.48819999992384,0.0,0.0,0.0,0.0,0.0,0.0,0.0,0.0,0.0,0.0,0.0,7388.6299999982,-42.01050000003988,0.0,0.0,0.0,0.0,0.0,0.0,0.0,0.0,0.0,999.0000000015608,999.0000000015608,1.000000000000128,-262.1112564025996,gaze,0.3633929490762193,0.3566093391604616,491.3582697390269,-219.7824059011587,558.815568406333,-36.95405913140003,-17.59472881378069,-33.50704559658909,-0.0289021813248191,-0.055502430090156,0.9769149614460042,4.859193346419222,19.89650134700681,-14.025988197387958,-26.854282187854785,0.3561010978215919,0.3397254730296528,0.8243225515083356,5.759944357542632,-26.27554065942381,-16.256999571357795,-30.580948306108965,0.1732857931012558,0.1375107490976739,0.9097580041657248,5.275133965220014,64.0033599180372,False,-1.103513692063063,imu,-0.4821111568000001,-9.4783292688,2.790382812,0.57582954,1.41262598,-3.7206893,98.84425814269468,-37.50250871144728,133.0013998856031,417.3894081220769,5.093381830078329,False,0.8766838282803696,-0.4810670070080416,652.7574381626747,-71.50301437764716,46.07697189714046,1098.459467757721,False,inf
62.184276,-473685.21374959697,-1098.010962623967,652.6860992427755,-71.80198008597222,170.16316659447497,246.3563913664337,1105.2490038859446,-27516626.05535221,85.98435120164457,246.5815988769121,25576803175.29364,169.5304021979062,170.16316659447497,-26506064543722.426,92.23719248996424,-7.517895470978532,403.2176180257197,392.9363166974081,-498000.9535890037,-332.82582659709817,397.29780441341336,1105.2490038859446,-1775533486437.745,4075.765207218056,2253.608343270694,167.72758548736226,-13637004.86232514,10199936300434.104,3.000000000002913,-0.8579830000002495,-135578230.17389688,-50.2522010182404,417.5662030704461,5.266443377839551,0.0,-4.561472173561441e-19,0.0,4.5071648834037924e-18,-1486.5203277384871,4.522562482052476,-1486.5203277384871,0.0,-1834.545867037216,0.0,0.0,2810.8199999979406,-14.617700000000356,0.0,0.0,0.0,0.0,0.0,0.0,0.0,0.0,0.0,0.0,0.0,3785.52999999802,-83.48819999992384,0.0,0.0,0.0,0.0,0.0,0.0,0.0,0.0,0.0,0.0,0.0,7388.629999998171,-42.010500000038974,0.0,0.0,0.0,0.0,0.0,0.0,0.0,0.0,0.0,999.0000000015716,999.0000000015716,1.0000000000001208,-263.5556822024886,gaze,0.3616318191396063,0.3546874406254341,547.3995755690713,-134.9694052480207,504.90576395068746,-36.96588960428064,-17.608782183054576,-33.52693014554279,-0.0288023893297731,-0.0548771711629232,0.9763717455040944,4.858585767132951,20.389972824772386,-14.06458599469768,-26.80358282590971,0.3538938318115988,0.3364158713637156,0.8259405928916643,5.752276421887929,-23.79035151431368,-16.277871735239852,-30.31688422141809,0.1740348811553978,0.137801814265855,0.90966542724265,5.274898987918098,65.15833402554884,False,-1.1942529046291803,imu,-0.4719425592000001,-9.4938812416,2.808327396000001,0.7104139199999999,1.68927165,-3.496382,98.84013675769984,-37.50073715677568,132.98664752755963,417.5662030704461,5.266443377839551,False,0.8143812991146927,-0.5803301643480762,654.2107009033986,-71.52521524639607,74.79424960788828,1105.2490038859446,False,inf
62.187397,-475081.9402940449,-1100.4389131030784,653.2317735616452,-71.87752541566181,170.51771367036665,246.9428698555752,1107.760569457893,-27599848.72189331,86.19389957270874,247.16860883007607,25657027661.10776,169.88710800159313,170.51771367036665,-26589779145998.383,92.38875267835942,-7.535631417560705,403.80785799787486,393.75204142068907,-499468.3928378056,-333.5785997542592,397.88059303110816,1107.760569457893,-1781138580850.8557,4084.213923578236,2258.806048237373,168.1125247006094,-13678267.747518905,10232135576894.645,3.000000000002913,-0.8579830000002389,-135992092.1309332,-50.36518490082887,417.63158575809575,5.330453277005631,0.0,-4.572116918022918e-19,0.0,4.517682894913309e-18,-1489.8057736061517,4.532730712226994,-1489.8057736061517,0.0,-1838.5929674843856,0.0,0.0,2810.8199999979406,-14.617700000000298,0.0,0.0,0.0,0.0,0.0,0.0,0.0,0.0,0.0,0.0,0.0,3785.529999997991,-83.48819999992293,0.0,0.0,0.0,0.0,0.0,0.0,0.0,0.0,0.0,0.0,0.0,7388.629999998171,-42.010500000039656,0.0,0.0,0.0,0.0,0.0,0.0,0.0,0.0,0.0,999.0000000015716,999.0000000015716,1.0000000000001208,-264.0899257887723,gaze,0.3609866462799199,0.3539822756000168,567.8669814767611,-101.70484337995627,485.943244093313,-36.97032535977975,-17.613949886433023,-33.53419203467477,-0.0287682785642863,-0.0546484266889487,0.9761716770019446,4.858363681011048,20.579907355994507,-14.079057829752538,-26.784861223917137,0.3530736812823806,0.3351920617664369,0.8265406641721935,5.749410755983408,-22.82862794200053,-16.285618396430205,-30.21736190993221,0.1743057073949019,0.1379077321906078,0.9096326635932486,5.27479496981344,63.72309449574824,False,-1.0,imu,-0.3292531651032718,-9.570274594593153,2.7481444141951927,1.329160029107468,0.9408864912070524,-3.1742732940248666,98.83864253049292,-37.500101274383006,132.98129306717905,417.63158575809575,5.330453277005631,False,0.7884520236284142,-0.6150962578623436,654.7427825579935,-71.53421678927015,85.24210518959322,1107.760569457893,False,inf
62.19274,-477480.7080181625,-1104.6051779274403,654.1680453493736,-72.00708221704417,171.12603438674532,247.9494239317645,1112.0702813882422,-27742788.75605297,86.55356979704698,248.1760750007924,25794835291.509823,170.49910356762527,171.12603438674532,-26733585387379.68,92.64865269440172,-7.566069697759741,404.81975084255,395.1516167848966,-501988.5986846152,-334.87037304944863,398.8797222830706,1112.0702813882422,-1790767083644.0657,4098.709716831575,2267.726231538877,168.77314105398207,-13749139.514286555,10287447903083.48,3.00000000000297,-0.8579830000002566,-136702948.99039215,-50.55907388203509,417.74375789015176,5.440280125441973,0.0,-4.5903858456001255e-19,0.0,4.535734318430473e-18,-1495.4436228547163,4.550180172599945,-1495.4436228547163,0.0,-1845.53778330002,0.0,0.0,2810.8199999979697,-14.617700000000523,0.0,0.0,0.0,0.0,0.0,0.0,0.0,0.0,0.0,0.0,0.0,3785.529999998078,-83.48819999992429,0.0,0.0,0.0,0.0,0.0,0.0,0.0,0.0,0.0,0.0,0.0,7388.629999998346,-42.01050000004079,0.0,0.0,0.0,0.0,0.0,0.0,0.0,0.0,0.0,999.0000000015862,999.0000000015862,1.000000000000135,-265.0065664495562,gaze,0.359887606362276,0.352779650652446,602.5077819660188,-42.64704954493866,454.8457359922965,-36.97800968858496,-17.62277714780637,-33.54653446926715,-0.0287132863262618,-0.0542592384307447,0.9758295203528417,4.8579863354534165,20.914705579834497,-14.10413353913161,-26.75278410011193,0.3516618334994603,0.3330928734383807,0.8275721999230239,5.744457519626118,-21.13027831094552,-16.298941826223,-30.044670372783468,0.1747624816756539,0.1380872448009313,0.9095783275724856,5.274595233502713,65.68403335331182,False,-1.26602207793894,imu,-0.4593813504000001,-9.503451686400002,2.799355104,0.8674290299999999,2.01077878,-3.45899745,98.8361185035183,-37.49903450863836,132.9722390349083,417.74375789015176,5.440280125441973,False,0.7405343456184884,-0.6720185138516622,655.6489829595455,-71.55119539470958,102.8618838461619,1112.0702813882422,False,inf
62.201227,-481310.88341624336,-1111.2483289269303,655.6607239972127,-72.21346446450036,172.0958318003394,249.554854704132,1118.9420736335912,-27971055.23898888,87.12731140612767,249.7829604388584,26014950320.47711,171.4746837229159,172.0958318003394,-26963290566904.43,93.06262087558008,-7.614614536881182,406.430792346883,397.38279805533904,-506012.66353365465,-336.9302354580652,400.47047097890254,1118.9420736335912,-1806146883731.996,4121.818562657148,2281.9524989914235,169.826698796011,-13862317.987667054,10375799382020.86,3.000000000002956,-0.857983000000246,-137838205.24458683,-50.86826620249904,417.9225603754876,5.615370002838517,0.0,-4.619523581647912e-19,0.0,4.564525149825981e-18,-1504.4336396352523,4.578006607489954,-1504.4336396352523,0.0,-1856.6117667007884,0.0,0.0,2810.8199999979406,-14.617700000000298,0.0,0.0,0.0,0.0,0.0,0.0,0.0,0.0,0.0,0.0,0.0,3785.5299999980334,-83.48819999992247,0.0,0.0,0.0,0.0,0.0,0.0,0.0,0.0,0.0,0.0,0.0,7388.6299999982,-42.01050000004034,0.0,0.0,0.0,0.0,0.0,0.0,0.0,0.0,0.0,999.0000000015862,999.0000000015862,1.0000000000001243,-266.4679002876779,gaze,0.3581565170449422,0.3508817556773246,656.1022387364062,55.59692667669047,409.54282743965615,-36.99044725359427,-17.636743345048945,-33.5659029525708,-0.0286348837027041,-0.0536476761022878,0.9752870846151172,4.857395448529655,21.47053938522452,-14.144747881972185,-26.7017804338708,0.3493990520793871,0.3297483953852478,0.8292215885178412,5.736467863183828,-18.31096276113465,-16.320261199001447,-29.76537166441988,0.1754698894303917,0.1383675462709819,0.9094966657602036,5.274221923968031,65.54247363886205,False,-1.3188072503007406,imu,-0.424688488,-9.5022553808,2.8065329376,0.77770611,2.29490136,-3.18235178,98.8322031464992,-37.49739701605624,132.95816462194583,417.9225603754876,5.615370002838517,False,0.655775500439057,-0.7549559543601895,657.0764771160967,-71.58366123620588,129.9254401076891,1118.9420736335912,False,inf
62.20749,-484153.08507995954,-1116.1706357845885,656.766568785808,-72.36622992788455,172.8142738690029,250.74478493421933,1124.0337254811825,-28140465.543445587,87.55262310405702,250.9739687711541,26178346197.80598,172.19734975046575,172.8142738690029,-27133812345266.77,93.36900396811252,-7.650592733113834,407.6225927019212,399.03565438804384,-508998.7308428948,-338.4566024746639,401.6472815879053,1124.0337254811825,-1817564056212.248,4138.937470768296,2292.4959129599456,170.60749897770128,-13946315.023614392,10441386970659.688,3.0000000000030127,-0.8579830000002637,-138680795.71175855,-51.09739238913824,418.05500070043854,5.745080701140182,0.0,-4.641119580906524e-19,0.0,4.585864033957355e-18,-1511.095203438099,4.59862731651711,-1511.095203438099,0.0,-1864.817462237197,0.0,0.0,2810.8199999979697,-14.617700000000696,0.0,0.0,0.0,0.0,0.0,0.0,0.0,0.0,0.0,0.0,0.0,3785.529999998078,-83.48819999992338,0.0,0.0,0.0,0.0,0.0,0.0,0.0,0.0,0.0,0.0,0.0,7388.629999998317,-42.01050000004102,0.0,0.0,0.0,0.0,0.0,0.0,0.0,0.0,0.0,999.000000001608,999.000000001608,1.0000000000001386,-267.55048612680366,gaze,0.3568910469142229,0.3494914249791151,694.1581708346571,130.57469994405858,379.8223626515624,-36.99980448028285,-17.647001983477935,-33.580005855782574,-0.0285841771287254,-0.0532019536587919,0.974887763418164,4.856967123819677,21.898595636776385,-14.175338266593805,-26.6641184851675,0.3477134255780569,0.3272729323031402,0.8304471660452395,5.730477126053179,-16.14757217288721,-16.33611313036551,-29.55631085735793,0.1759773348243581,0.1385704574409272,0.9094401506683196,5.273902509459884,63.72309449574824,False,-1.0,imu,-0.3260211214366378,-9.57167160626131,2.7428845624913736,1.4120568600590964,0.9388490582389788,-3.183346820050412,98.8293929476731,-37.49623378597262,132.94803441892088,418.05500070043854,5.745080701140182,False,0.5869610832684273,-0.8096151472942896,658.1208408389911,-71.61326498449911,148.95460214060523,1124.0337254811827,False,inf
62.209713,-485165.12045458896,-1117.9218570588205,657.1599632978177,-72.42054793620741,173.06984746227084,251.1682051336018,1125.8451808371583,-28200793.1223774,87.70397660669468,251.3977725814245,26236539226.29007,172.45441364402208,173.06984746227084,-27194544663168.47,93.47793503024184,-7.66339450653185,408.0462110203193,399.6236218707197,-510061.9908419972,-338.99966063425234,402.0655764486463,1125.8451808371583,-1821630341830.8733,4145.027128147607,2296.2474444429417,170.88531814997407,-13976226.747570343,10464746332000.676,3.0000000000029416,-0.8579830000002531,-138980854.90950394,-51.17891473250082,418.1021100920716,5.791223312534044,0.0,-4.648804092573254e-19,0.0,4.593457056261348e-18,-1513.465270865459,4.605964096918485,-1513.465270865459,0.0,-1867.7368885614128,0.0,0.0,2810.8199999978824,-14.617700000000298,0.0,0.0,0.0,0.0,0.0,0.0,0.0,0.0,0.0,0.0,0.0,3785.529999997991,-83.48819999992202,0.0,0.0,0.0,0.0,0.0,0.0,0.0,0.0,0.0,0.0,0.0,7388.629999998258,-42.01050000004011,0.0,0.0,0.0,0.0,0.0,0.0,0.0,0.0,0.0,999.0000000015934,999.0000000015934,1.0000000000001208,-267.9355988600692,gaze,0.3564444058303939,0.3490001083524451,707.2975498127063,157.51390245462946,370.11089860399454,-37.00316169411097,-17.65063271866189,-33.58497208643251,-0.0285676581797899,-0.0530449501573734,0.9747462499263662,4.856816850184829,22.05398411009904,-14.186322846389308,-26.65074872849901,0.3471119103014525,0.3263928666042717,0.8308838667392271,5.7283316051539765,-15.365064886466946,-16.341763375338996,-29.481675846340547,0.1761544166358634,0.1386416529248512,0.9094208719388736,5.27378019694867,64.86261387456378,False,-1.3524734128819913,imu,-0.391790084,-9.486703408,2.817299688,0.80013684,2.43696265,-2.8234601,98.82841256247372,-37.49583018207747,132.94449351119752,418.1021100920716,5.791223312534044,False,0.5613585777941656,-0.8275726838996751,658.4897568987942,-71.62514993595721,155.47990485941128,1125.845180837158,False,inf
62.218199,-489043.9863576974,-1124.6266502047283,658.6659619099864,-72.62835882710192,174.0482097237964,252.78969398855577,1132.7805193647491,-28432036.57355976,88.28364432133714,253.0207303938128,26459635507.890488,173.43842132687263,174.0482097237964,-27427382744756.48,93.89464709184656,-7.712416178631538,409.66620297174217,401.8743830960234,-514137.1763845268,-341.07892464784044,403.6652325827911,1132.7805193647491,-1837219805441.3923,4168.338466299694,2310.6129970868647,171.9491416757964,-14090882.742855214,10554302238505.176,3.0000000000030127,-0.8579830000002531,-140131068.67040798,-51.49106115728547,418.2824302845038,5.9678630392076,0.0,-4.67823134693412e-19,0.0,4.622533959046115e-18,-1522.5397237970872,4.634056392438347,-1522.5397237970872,0.0,-1878.914635075722,0.0,0.0,2810.8199999979115,-14.617700000000184,0.0,0.0,0.0,0.0,0.0,0.0,0.0,0.0,0.0,0.0,0.0,3785.529999998064,-83.48819999992247,0.0,0.0,0.0,0.0,0.0,0.0,0.0,0.0,0.0,0.0,0.0,7388.629999998229,-42.01050000004102,0.0,0.0,0.0,0.0,0.0,0.0,0.0,0.0,0.0,999.0000000016262,999.0000000016262,1.0000000000001317,-269.4098563066385,gaze,0.3547519694195269,0.347135424026386,755.3817011648454,261.0385250923854,337.4277538666198,-37.01614763033852,-17.664438478439507,-33.60373670270279,-0.0285118145974377,-0.05245170427092,0.9742072295513337,4.856252541716581,22.66273869053971,-14.228867305943783,-26.59971590256855,0.3448002677535697,0.3230269321888539,0.832558942338461,5.720050016603257,-12.318877503590722,-16.363443696124193,-29.19553945815903,0.1768155412429175,0.1389093452533217,0.9093511152566336,5.27327038292295,63.88495686695381,False,-1.3673301013196408,imu,-0.3559009160000001,-9.459786532,2.8137107712,0.77770611,2.35471664,-2.65896808,98.82475671145411,-37.49433441629169,132.93125191103445,418.2824302845038,5.9678630392076,False,0.4584948214544945,-0.8886970792679649,659.8899818748916,-71.67820929912571,179.11560335405494,1132.7805193647491,False,inf
62.226686,-492948.0603333865,-1131.363611223423,660.1789217321166,-72.83692367841377,175.03104901635928,254.4195439466347,1139.7490210136564,-28664820.49362755,88.86639491691507,254.652056754079,26684273400.752186,174.4268368098749,175.03104901635928,-27661840654595.48,94.31280965711758,-7.761686241047882,411.2909664602287,404.1353813511116,-518238.8285170861,-343.168308282689,405.26963541231294,1139.7490210136564,-1852917673884.0715,4191.755679282885,2325.051120016351,173.0183144305914,-14206303.286581486,10644480884699.16,3.0000000000029843,-0.8579830000002602,-141289020.90157467,-51.80474788078645,418.46354456427616,6.145312542681836,0.0,-4.707809383794669e-19,0.0,4.651759849156577e-18,-1531.658226218426,4.662287310282169,-1531.658226218426,0.0,-1890.146517673095,0.0,0.0,2810.8199999978824,-14.61770000000007,0.0,0.0,0.0,0.0,0.0,0.0,0.0,0.0,0.0,0.0,0.0,3785.52999999802,-83.48819999991974,0.0,0.0,0.0,0.0,0.0,0.0,0.0,0.0,0.0,0.0,0.0,7388.629999998142,-42.01050000004034,0.0,0.0,0.0,0.0,0.0,0.0,0.0,0.0,0.0,999.000000001608,999.000000001608,1.0000000000001172,-270.8908699102468,gaze,0.3530799250207653,0.3452884382566101,799.6594869177021,364.0616531585872,312.26941058218154,-37.02939952462529,-17.67815366229915,-33.6221916453502,-0.0284675652933297,-0.0518685970717101,0.9736702418915368,4.855704568097995,23.294171645890017,-14.272389766914904,-26.5487088176158,0.3424639770801588,0.3196512499714039,0.834246723092702,5.711624362024248,-9.19963448304033,-16.38529736626994,-28.908966858924487,0.1774527249906714,0.139170398145695,0.9092875695564993,5.272692801276506,62.89999496983127,False,-1.363883615880617,imu,-0.3164228312,-9.455001309600002,2.8095237016,1.02444414,2.25751681,-2.57672207,98.82124566018858,-37.49291016702487,132.91846607915875,418.46354456427616,6.145312542681836,False,0.3485428167628485,-0.9372928597204928,661.2786242302278,-71.7452903078869,200.44063028646556,1139.7490210136564,False,inf
62.22747,-493309.9583586463,-1131.9875356537984,660.3190268930502,-72.85622706071138,175.122060936104,254.57051721143168,1140.394383278316,-28686400.889616966,88.92037993724949,254.80316677168528,26705101411.129,174.51836027522106,175.122060936104,-27683579709002.152,94.35150890905916,-7.766249913114441,411.4412879079234,404.3447489351527,-518619.04067536,-343.3618178403632,405.4180748855941,1140.394383278316,-1854373185591.438,4193.924096734999,2326.3884497955264,173.11734519646507,-14217003.46650087,10652842279108.242,3.000000000003041,-0.8579830000002637,-141396373.51505965,-51.83380123936567,418.48031435559824,6.161744614382997,0.0,-4.710549153997544e-19,0.0,4.654467000521856e-18,-1532.502736260312,4.664902030365768,-1532.502736260312,0.0,-1891.1867521827369,0.0,0.0,2810.8199999979115,-14.617700000000468,0.0,0.0,0.0,0.0,0.0,0.0,0.0,0.0,0.0,0.0,0.0,3785.529999998078,-83.48819999992111,0.0,0.0,0.0,0.0,0.0,0.0,0.0,0.0,0.0,0.0,0.0,7388.6299999982,-42.01050000004079,0.0,0.0,0.0,0.0,0.0,0.0,0.0,0.0,0.0,999.0000000016224,999.0000000016224,1.0000000000001243,-271.0280138014627,gaze,0.352926538731421,0.3451187580040376,803.5334160743375,373.4776198716128,310.3493323190816,-37.03063677347296,-17.67941566628284,-33.62388045962363,-0.0284640707418628,-0.051815272597349,0.9736207526092956,4.855654850980463,23.35353705993865,-14.27645941181983,-26.54399971492566,0.3422469332771931,0.3193389818235488,0.8344032551798068,5.710838890311514,-8.908812578661282,-16.387324485625946,-28.88254666948664,0.1775103522245634,0.1391941676508623,0.909282019650953,5.27263604422899,63.72309449574824,False,-1.0,imu,-0.3229193257468682,-9.57304315584843,2.737675122629655,1.4953125866071724,0.9412746050046792,-3.190887266268656,98.82092901875616,-37.4927822389096,132.91730901471115,418.48031435559824,6.161744614382997,False,0.3380808493206071,-0.9411170699347968,661.4063640649447,-71.75227648454569,202.2806136861853,1140.394383278316,False,inf
62.235172,-496876.5404935826,-1138.131259978153,661.698509514099,-73.04619526804527,176.01814813082098,256.0574011567219,1146.7491526821495,-28899097.43417549,89.4521026206327,256.2913974892742,26910407672.155136,175.41944051856004,176.01814813082098,-27897871293408.64,94.7323274318794,-7.81119395335356,412.92012514549833,406.4061165192612,-522366.1046050736,-345.2673532601495,406.8784135682382,1146.7491526821495,-1868720793176.7705,4215.273586381278,2339.5586691683484,174.09260327583067,-14322464.860708496,10735264152007.57,3.000000000003041,-0.8579830000002744,-142454476.34020752,-52.119906348759535,418.64541248067326,6.323532415718091,0.0,-4.73753177961113e-19,0.0,4.681128379525601e-18,-1540.818780521725,4.69065068076045,-1540.818780521725,0.0,-1901.43007484604,0.0,0.0,2810.819999997868,-14.617700000000298,0.0,0.0,0.0,0.0,0.0,0.0,0.0,0.0,0.0,0.0,0.0,3785.5299999980334,-83.48819999992065,0.0,0.0,0.0,0.0,0.0,0.0,0.0,0.0,0.0,0.0,0.0,7388.629999998287,-42.0105000000417,0.0,0.0,0.0,0.0,0.0,0.0,0.0,0.0,0.0,999.0000000016372,999.0000000016372,1.0000000000001492,-272.3783131072424,gaze,0.3514295910047575,0.3434605507463202,839.447290766464,464.43087689934725,295.2945320714569,-37.042906850818085,-17.691766331852186,-33.640325412473466,-0.0284351397183581,-0.051296503284571,0.973135699360412,4.855175204306165,23.94507197649225,-14.316882448224115,-26.49777228328941,0.3401037228386725,0.316267689375787,0.8359465133856447,5.703058955118295,-6.036335029267918,-16.40731163312501,-28.624096698454963,0.1780652005700708,0.1394244920056196,0.9092304326437796,5.272048000726977,62.18950110385341,False,-1.3428403760232666,imu,-0.2954874832,-9.485507102400002,2.822084910400001,1.2936129,2.13040934,-2.56924516,98.81789073568297,-37.491558387141936,132.90616656380348,418.64541248067326,6.323532415718091,False,0.2330361375088003,-0.9724680758847456,662.6569755565296,-71.82867654313488,219.0811663244555,1146.7491526821495,False,inf
62.243659,-500830.47122974566,-1144.9312991995073,663.2251067387424,-73.2562248484711,177.00975414399173,257.70368194109216,1153.7826734906223,-29134930.043608665,90.04091705929112,257.9391692974665,27138099349.449345,176.4164797703524,177.00975414399173,-28135538470294.32,95.15330254160942,-7.8609518560822,414.5540695294342,408.68715654621127,-526520.1017254019,-347.37658846378577,408.4919529233285,1153.7826734906223,-1884633435069.874,4238.898068788355,2354.139322720558,175.17228026637096,-14439398.5363852,10826676580033.852,3.000000000003041,-0.857983000000246,-143627747.40720186,-52.43661621941781,418.8280791304787,6.502567075957472,0.0,-4.767406087504463e-19,0.0,4.710647013349039e-18,-1550.0236972720666,4.719153672885566,-1550.0236972720666,0.0,-1912.7681517253684,0.0,0.0,2810.8199999978533,-14.61770000000007,0.0,0.0,0.0,0.0,0.0,0.0,0.0,0.0,0.0,0.0,0.0,3785.529999997976,-83.4881999999202,0.0,0.0,0.0,0.0,0.0,0.0,0.0,0.0,0.0,0.0,0.0,7388.629999998113,-42.01050000004102,0.0,0.0,0.0,0.0,0.0,0.0,0.0,0.0,0.0,999.0000000016372,999.0000000016372,1.0000000000001317,-273.8725589604625,gaze,0.3498015142469867,0.34165230762889,874.1170521662038,560.072417471627,287.0051814610076,-37.0566650972401,-17.70527085374173,-33.65813528758705,-0.0284147514413343,-0.0507360360979673,0.9726037662173248,4.854666509128682,24.61216298021191,-14.362357443908053,-26.44692698191905,0.3377190874423007,0.3128765448886375,0.8376584098230392,5.694354168443879,-2.856827726706756,-16.429483856621655,-28.342950019015824,0.1786524898700768,0.1396714260046698,0.909179875774547,5.271336263295384,61.966587291957,False,-1.3050911604114457,imu,-0.2787392048,-9.510031367200002,2.817299688,1.49548947,1.95844041,-2.60662971,98.8147016594911,-37.49027938070916,132.89437775133086,418.8280791304787,6.502567075957472,False,0.1135726968665975,-0.9935296887997096,664.0272748395087,-71.93050416216003,234.7048251826887,1153.7826734906223,False,inf
62.247562,-502657.2253435508,-1148.069135589534,663.9294574142114,-73.35305992772965,177.46725165227193,258.4635446434909,1157.0282098515922,-29243899.72955227,90.31272390531323,258.6997201575033,27243326172.75536,176.87645145112614,177.46725165227193,-28245379122138.062,95.34737403176536,-7.883916783387256,415.3070315016638,409.7395394094325,-528439.2825745399,-348.34993045309704,409.235523664483,1157.0282098515922,-1891987631026.1816,4249.797432185871,2360.8687099914714,175.67057345086985,-14493429.595887056,10868923799146.969,3.000000000003084,-0.8579830000002673,-144169899.14447817,-52.5827745258187,418.9123453952525,6.585168645558269,0.0,-4.7811946516531615e-19,0.0,4.724271415208205e-18,-1554.2714247840186,4.732307506789832,-1554.2714247840186,0.0,-1918.000211812312,0.0,0.0,2810.8199999978533,-14.617700000000582,0.0,0.0,0.0,0.0,0.0,0.0,0.0,0.0,0.0,0.0,0.0,3785.529999998064,-83.48819999992065,0.0,0.0,0.0,0.0,0.0,0.0,0.0,0.0,0.0,0.0,0.0,7388.6299999982,-42.01050000004148,0.0,0.0,0.0,0.0,0.0,0.0,0.0,0.0,0.0,999.0000000016588,999.0000000016588,1.0000000000001457,-274.5619635128216,gaze,0.3490605920626786,0.340827671997312,888.1761920956228,601.9030281527239,286.20943246778023,-37.063073749865,-17.71144200082627,-33.6662143560202,-0.0284094789467538,-0.0504824227189895,0.9723601189581303,4.8544401399605785,24.923319875737164,-14.383598715104494,-26.423585862905675,0.336614389554852,0.311314918725936,0.8384495881501886,5.690305234444587,-1.3971985773540123,-16.43973036173867,-28.215492952991923,0.1789139204077364,0.1397824999336864,0.909158888192777,5.270986628687262,63.72309449574824,False,-1.0,imu,-0.3199190892235412,-9.574401460766442,2.732469134720372,1.578309308628293,0.9476561575684742,-3.1973054832658754,98.81329376926244,-37.48971584798128,132.88913568543109,418.9123453952525,6.585168645558269,False,0.0577809785314025,-0.9983292836133544,664.6552832182924,-71.98405083275253,240.7925646860112,1157.0282098515922,False,inf
62.252145,-504809.0396553156,-1151.7622343663193,664.7583770493438,-73.46696485924826,178.00564784356337,259.3580287230073,1160.848035493178,-29372270.203392982,90.63271108919544,259.5950142767611,27367302532.465748,177.41773301073175,178.00564784356337,-28374794385298.465,95.57563903799308,-7.910949097884671,416.1924210969872,410.9779967338577,-530699.9656950387,-349.49555108966234,410.10987994621047,1160.848035493178,-1900652398686.4736,4262.623898403792,2368.789904259464,176.2571098766636,-14557080.46303033,10918699780811.984,3.000000000003056,-0.8579830000002602,-144808595.47771505,-52.75480825139564,419.01150370463984,6.682376751514539,0.0,-4.797425816790037e-19,0.0,4.740309337218262e-18,-1559.2709592023434,4.747790055129116,-1559.2709592023434,0.0,-1924.158262639649,0.0,0.0,2810.819999997868,-14.61770000000024,0.0,0.0,0.0,0.0,0.0,0.0,0.0,0.0,0.0,0.0,0.0,3785.5299999980334,-83.48819999991974,0.0,0.0,0.0,0.0,0.0,0.0,0.0,0.0,0.0,0.0,0.0,7388.629999998084,-42.0105000000417,0.0,0.0,0.0,0.0,0.0,0.0,0.0,0.0,0.0,999.0000000016408,999.0000000016408,1.0000000000001386,-275.37327789077733,gaze,0.3481970254839011,0.3398651241919026,903.0678936170852,648.9354435266838,287.7416489102032,-37.07066303475983,-17.718655070722047,-33.67561025226892,-0.0284066286061617,-0.0501880861354307,0.9720748623593796,4.854180823222936,25.29147798454098,-14.40880475600613,-26.396217444369125,0.3353107761925627,0.3094797253350799,0.8393816989238794,5.685514507368859,0.3095544112782228,-16.451800757811327,-28.06768154818579,0.179213826906587,0.1399108786753802,0.9091360974256326,5.270558212096498,62.317102546915365,False,-1.2517226441665523,imu,-0.2703650656,-9.5261814928,2.8095237016,1.6674584,1.85376367,-2.50195297,98.81168968860358,-37.48907407705877,132.88312939572816,419.01150370463984,6.682376751514539,False,-0.0080982436177114,-0.999967208687519,665.3913881804295,-72.05264314622767,247.0094207283861,1160.8480354931785,False,inf
62.255452,-506366.3134345147,-1154.4328603658482,665.3577541530885,-73.54928986557945,178.39494402742474,260.00497189414,1163.6102815266468,-29465179.15846634,90.8641616997298,260.2425432920375,27457041378.437965,177.80909779966836,178.39494402742474,-28468472115676.387,95.74060661268548,-7.93049963889491,416.8321346823631,411.87347215753385,-532336.0249501412,-350.32402083821705,410.7416281752651,1163.6102815266468,-1906924414673.5205,4271.898138959056,2374.518701419136,176.68130241175982,-14603148.32450141,10954730261175.59,3.000000000003112,-0.8579830000002744,-145270870.00651067,-52.87922049485968,419.0831959189636,6.752664788419793,0.0,-4.809164973059283e-19,0.0,4.751908730798865e-18,-1562.886415705976,4.75898680483935,-1562.886415705976,0.0,-1928.6114877509283,0.0,0.0,2810.8199999978387,-14.61770000000024,0.0,0.0,0.0,0.0,0.0,0.0,0.0,0.0,0.0,0.0,0.0,3785.5299999980334,-83.48819999991974,0.0,0.0,0.0,0.0,0.0,0.0,0.0,0.0,0.0,0.0,0.0,7388.629999998229,-42.01050000004193,0.0,0.0,0.0,0.0,0.0,0.0,0.0,0.0,0.0,999.0000000016516,999.0000000016516,1.000000000000142,-275.9599143283953,gaze,0.3475782964027334,0.3391745177998001,912.684391572093,681.3142381969188,290.511266160366,-37.07618160350374,-17.72383680491544,-33.68232870323822,-0.0284068321350906,-0.0499780866018582,0.9718696157541318,4.853998250926727,25.558645554451232,-14.427170016931791,-26.376498033176585,0.3343658006978964,0.3081545802545899,0.8400563372469112,5.682033428971433,1.533932373468703,-16.460535771939718,-27.962439880224256,0.179425435716191,0.140002118458445,0.9091209113465102,5.270237128850141,62.595382899176926,False,-1.2269589983337406,imu,-0.3187749223462658,-9.574928397456544,2.7304363506470493,1.610359179964814,0.9511203650605076,-3.199582009401591,99.0614172,-38.3123276,130.8917168,419.0831959189636,6.752664788419793,False,-0.0557299273857579,-0.9984458799522276,665.9218713469977,-72.1061056113915,250.8498520420975,1163.6102815266468,False,inf
62.260632,-508813.3027184602,-1158.6257836055147,666.2987052607314,-73.67846690576562,179.00607844189915,261.0208618576165,1167.9470136623236,-29611181.332268715,91.2276358297398,261.25935316167966,27598079024.127907,178.42344964789825,179.00607844189915,-28615703663364.28,95.99943971948558,-7.961198338713202,417.83557250533073,413.2792099080638,-534906.8067731995,-351.62477486859603,411.7325826564786,1167.9470136623236,-1916782010372.1104,4286.457006886073,2383.514126912144,177.34736673430288,-14675542.094191588,11011358607570.746,3.000000000003041,-0.8579830000002424,-145997336.84876633,-53.07456284319379,419.19573167432463,6.863006243629911,0.0,-4.827598593345473e-19,0.0,4.7701228862195495e-18,-1568.5628980185893,4.776567063127168,-1568.5628980185893,0.0,-1935.603278694875,0.0,0.0,2810.819999997766,-14.617700000000184,0.0,0.0,0.0,0.0,0.0,0.0,0.0,0.0,0.0,0.0,0.0,3785.529999997904,-83.48819999991792,0.0,0.0,0.0,0.0,0.0,0.0,0.0,0.0,0.0,0.0,0.0,7388.629999998084,-42.01050000004125,0.0,0.0,0.0,0.0,0.0,0.0,0.0,0.0,0.0,999.0000000016516,999.0000000016516,1.0000000000001208,-276.8808461927742,gaze,0.34661670523171,0.3380995809966699,925.7672625608692,729.1189003635972,297.6539229797986,-37.084895678759466,-17.731913025608876,-33.69274777435727,-0.0284109948465686,-0.0496532936194023,0.97154916209612,4.853720291045359,25.978974530252867,-14.456235138828635,-26.34566411469966,0.3328783695858395,0.3060775580294678,0.8411164705804777,5.676540406538244,3.4353067076052355,-16.474259312098408,-27.80029971614812,0.179748711052119,0.1401426405223053,0.9090992757483268,5.269714140849413,63.15031054691173,False,-1.1839745987674115,imu,-0.2978800944000001,-9.530966715200002,2.817897840800001,1.56278166,1.52477963,-2.59167589,98.80886459902467,-37.4879428255643,132.87244547047143,419.19573167432463,6.863006243629911,False,-0.1302110987755979,-0.9914862932767408,666.7520765961744,-72.19675727422556,255.74318148030207,1167.9470136623236,False,inf
62.267542,-512092.23357446666,-1164.2375609681874,667.5579152493119,-73.85121482830255,179.82388971091822,262.3808630523417,1173.7511948927563,-29806844.364002228,91.71428434398996,262.6205857841717,27787121591.499016,179.24550924083687,179.82388971091822,-28813054774634.49,96.3455394030562,-8.002292967461301,419.17681105988805,415.16031119838215,-538351.6076687917,-353.3657780757036,413.0571562200606,1173.7511948927563,-1929995232788.3853,4305.939005447077,2395.5556847075577,178.23896627586163,-14772560.164125532,11087263819746.188,3.000000000003098,-0.8579830000002566,-146970947.42278698,-53.33603282950811,419.3463065501073,7.010663857450936,0.0,-4.85227566607155e-19,0.0,4.794506161502702e-18,-1576.160566903254,4.8000986214896,-1576.160566903254,0.0,-1944.9613456011043,0.0,0.0,2810.819999997824,-14.617700000000298,0.0,0.0,0.0,0.0,0.0,0.0,0.0,0.0,0.0,0.0,0.0,3785.529999997947,-83.48819999991838,0.0,0.0,0.0,0.0,0.0,0.0,0.0,0.0,0.0,0.0,0.0,7388.629999998113,-42.01050000004193,0.0,0.0,0.0,0.0,0.0,0.0,0.0,0.0,0.0,999.0000000016588,999.0000000016588,1.000000000000128,-278.11323173563204,gaze,0.3453486919481424,0.3366789407962055,939.2961933954796,786.7476765270503,312.4673400753701,-37.09664990067583,-17.74260664907316,-33.7064456685582,-0.0284239324603024,-0.0492281785749366,0.971123766290733,4.853365542657519,26.541529542949604,-14.49557360268419,-26.30464639135465,0.3308804560455621,0.3033046989468648,0.8425370057528028,5.669137076469054,5.930827827531193,-16.49264154985235,-27.58986596233928,0.1801641778615257,0.1403254507093489,0.9090745697760904,5.268978560659019,63.72309449574824,False,-1.0,imu,-0.3170601906577903,-9.575728092656064,2.727336584053335,1.6585622828125417,0.9573604293319024,-3.20287549966055,98.80670998037836,-37.487077017283006,132.86418280275083,419.3463065501073,7.010663857450936,False,-0.2286744118537162,-0.9735029601204904,667.8591186356853,-72.33125248665152,260.07142424851173,1173.7511948927563,False,inf
62.269118,-512842.43642443774,-1165.5204379108009,667.8457518877876,-73.89068308742276,180.01082471002002,262.6918200142695,1175.078045105754,-29851614.634692192,91.82556275552508,262.9318242930662,27830382249.68153,179.43340613473927,180.01082471002002,-28858217796311.93,96.4246079805711,-8.01168861548169,419.4831430583714,415.590286758688,-539139.7591133231,-353.7637924394116,413.35968535392544,1175.078045105754,-1933019021850.1555,4310.392118433872,2398.3087816728107,178.44281290909916,-14794759.243331976,11104634400052.52,3.000000000003112,-0.8579830000002673,-147193729.49858683,-53.39581006130009,419.3807218700513,7.044415413505817,0.0,-4.85791785883386e-19,0.0,4.800081180097452e-18,-1577.8974766527544,4.805478403060179,-1577.8974766527544,0.0,-1947.100689882118,0.0,0.0,2810.819999997824,-14.61770000000024,0.0,0.0,0.0,0.0,0.0,0.0,0.0,0.0,0.0,0.0,0.0,3785.529999997947,-83.48819999991792,0.0,0.0,0.0,0.0,0.0,0.0,0.0,0.0,0.0,0.0,0.0,7388.629999998229,-42.01050000004216,0.0,0.0,0.0,0.0,0.0,0.0,0.0,0.0,0.0,999.0000000016626,999.0000000016626,1.000000000000128,-278.3949312508231,gaze,0.3450618959102998,0.3363571082156974,941.7327210672104,798.8265772770866,316.68001674083746,-37.09935109501384,-17.745032347876162,-33.70953734148402,-0.0284280768299939,-0.0491325645698385,0.9710270926207972,4.853287317692864,26.669883740900087,-14.504636290146722,-26.295311112183967,0.3304225936455375,0.3026719905309426,0.8428619936033774,5.667436562304163,6.492114677689175,-16.49684571272441,-27.542908904942543,0.1802563781802825,0.1403663884205974,0.909069609742805,5.268804747263494,64.21439301164527,False,-1.1032817072001333,imu,-0.2936930248,-9.5429297712,2.819692299200001,1.57025857,1.45748744,-2.54681443,98.8062375033633,-37.48688653161186,132.8623547074261,419.3807218700513,7.044415413505817,False,-0.2508957120028566,-0.9680141226751702,668.1116785145147,-72.36415368082832,260.69834826039704,1175.078045105754,False,inf
62.277604,-516897.0310897452,-1172.4471127699735,669.3997215692234,-74.10364022550687,181.0200188223746,264.371129225003,1182.2420745862985,-30093605.698349,92.42657348368024,264.61265390632985,28064247143.89489,180.4477341952621,181.0200188223746,-29102373364256.938,96.85119694218348,-8.062426714722056,421.1353326062472,417.9115308845357,-543399.4427311881,-355.91288856565035,414.9913856585548,1182.2420745862985,-1949365881765.5488,4334.432376353087,2413.175860634381,179.54359558673795,-14914749.564474888,11198541224768.39,3.000000000003112,-0.8579830000002566,-148397951.26721025,-53.71859292184888,419.5664982009839,7.22662792871381,0.0,-4.888387712916835e-19,0.0,4.830188269704279e-18,-1587.275940335991,4.834527946257029,-1587.275940335991,0.0,-1958.6520290521644,0.0,0.0,2810.8199999977805,-14.617700000000298,0.0,0.0,0.0,0.0,0.0,0.0,0.0,0.0,0.0,0.0,0.0,3785.529999997918,-83.48819999991838,0.0,0.0,0.0,0.0,0.0,0.0,0.0,0.0,0.0,0.0,0.0,7388.629999998142,-42.01050000004216,0.0,0.0,0.0,0.0,0.0,0.0,0.0,0.0,0.0,999.0000000016698,999.0000000016698,1.000000000000135,-279.9157330030808,gaze,0.3435333913225579,0.3346385230873492,950.5612616535972,856.4734776017867,344.5305941802019,-37.11402206731957,-17.758005225302128,-33.72597469968985,-0.0284581041983785,-0.0486266258987064,0.9705088994889524,4.852884181927966,27.35926236558323,-14.554011661881422,-26.24518446339217,0.3279433207424738,0.2992637861595789,0.8446181431774573,5.658204570757414,9.453774285649576,-16.519553850872885,-27.297470556725155,0.1807362496064038,0.1405818790262941,0.9090472868511756,5.26783045644725,65.17314191720631,False,-1.0112141270799353,imu,-0.2954874832,-9.555490980000002,2.8035421736,1.76465823,1.49487199,-2.61410662,98.80381844987636,-37.48590570176759,132.85288156871158,419.5664982009839,7.22662792871381,False,-0.3683051512142851,-0.9297049615813732,669.4731981327167,-72.55586433907588,261.7238017379002,1182.2420745862985,False,inf
62.286091,-520977.6894105869,-1179.4067390059645,670.9608222609895,-74.31736549400296,182.0337950815591,266.0590195319491,1189.4400626614793,-30337190.869564056,93.03075111417324,266.3020722505373,28299709403.969067,181.46656764033813,182.0337950815591,-29348207749068.44,97.27926039927848,-8.113419541814885,422.7923431706325,420.24325074817307,-547686.490639419,-358.07235283846484,416.6278833527893,1189.4400626614793,-1965825092416.6345,4358.580974246732,2428.117390651096,180.64986451282567,-15035531.088207774,11293093456445.012,3.000000000003098,-0.8579830000002495,-149610183.81003237,-54.04295517755961,419.75308495060926,7.409667839972144,0.0,-4.919012327586066e-19,0.0,4.860448277361242e-18,-1596.699555340082,4.863719630337064,-1596.699555340082,0.0,-1970.2588549091863,0.0,0.0,2810.819999997737,-14.617700000000012,0.0,0.0,0.0,0.0,0.0,0.0,0.0,0.0,0.0,0.0,0.0,3785.52999999786,-83.4881999999161,0.0,0.0,0.0,0.0,0.0,0.0,0.0,0.0,0.0,0.0,0.0,7388.6299999979965,-42.01050000004193,0.0,0.0,0.0,0.0,0.0,0.0,0.0,0.0,0.0,999.0000000016844,999.0000000016844,1.0000000000001208,-281.4434546054597,gaze,0.3420320092725246,0.3329446667309578,951.9262961745208,900.6888950853281,380.6692123907796,-37.12890117836782,-17.77082363912266,-33.74205561290921,-0.0285013149002989,-0.0481362223475372,0.9699948345227044,4.852513215010253,28.0417363555894,-14.60436418913348,-26.19531006634273,0.3254404169748673,0.2958537252996949,0.846384793252043,5.648846032369745,12.295368140255867,-16.542377439225465,-27.065887903472003,0.1811877282601785,0.1407888624648815,0.9090324998745244,5.266791685017148,65.68949415471711,False,-0.9094876205308218,imu,-0.2907022608000001,-9.564463272,2.7999532568,1.83942733,1.34533379,-2.70382954,98.8016175152851,-37.48500088371848,132.8440503001136,419.75308495060926,7.409667839972144,False,-0.4805995151180849,-0.8769401952632013,670.8397859277435,-72.7725809763325,258.7235704850748,1189.4400626614793,False,inf
62.287634,-521722.3418767882,-1180.6755120744783,671.2453903374153,-74.35630232632889,182.21858783616332,266.36679366679533,1190.7522770247474,-30381645.267604828,93.1409286727292,266.61012499704736,28342687473.201664,181.6522714320324,182.21858783616332,-29393080204517.21,97.3572388042199,-8.12271721263231,423.0940976159801,420.6682735249812,-548468.8038782434,-358.46604899438785,416.9259061401536,1190.7522770247474,-1968829407142.5696,4362.982731879778,2430.841703519965,180.85156945153807,-15057573.850909904,11310352160682.623,3.0000000000031832,-0.8579830000002744,-149831425.15531722,-54.10209268385072,419.7870927087442,7.443032639940384,0.0,-4.92459639599448e-19,0.0,4.8659658636101794e-18,-1598.417583136939,4.86904183834151,-1598.417583136939,0.0,-1972.374892348395,0.0,0.0,2810.819999997824,-14.617700000000468,0.0,0.0,0.0,0.0,0.0,0.0,0.0,0.0,0.0,0.0,0.0,3785.529999997991,-83.48819999991883,0.0,0.0,0.0,0.0,0.0,0.0,0.0,0.0,0.0,0.0,0.0,7388.6299999982,-42.01050000004261,0.0,0.0,0.0,0.0,0.0,0.0,0.0,0.0,0.0,999.0000000016988,999.0000000016988,1.000000000000142,-281.7219317806264,gaze,0.3417620584529223,0.3326394715410832,951.3524149585184,907.1919884884034,388.07057486373577,-37.13162775140048,-17.77313661057558,-33.74494027371812,-0.0285106052018897,-0.0480488020954918,0.9699018484218882,4.852449419541732,28.16461105984856,-14.613622711769612,-26.18627273028472,0.3249828759217487,0.2952336879939906,0.8467070627856206,5.647131317125018,12.797181169288493,-16.5465383373886,-27.02542217222575,0.1812667029237687,0.1408255553279804,0.9090306366981752,5.266595957142381,63.72309449574824,False,-1.0,imu,-0.3143170845504547,-9.577034534118162,2.7222322942464547,1.7354061230519426,0.9699028619142972,-3.2080265565745067,98.80124163521768,-37.48484461106933,132.84251572910296,419.7870927087442,7.443032639940384,False,-0.5003217072667695,-0.8658395863193511,671.089009471363,-72.81469471583497,257.74183082299834,1190.7522770247474,False,inf
62.294577,-525083.5705230506,-1186.3977856954048,672.5287097443434,-74.53181047867668,183.0519292082048,267.75512392035546,1196.67042382714,-30582320.324310303,93.63796502871052,267.9997119773609,28536721429.803905,182.48967991040365,183.0519292082048,-29595671365980.64,97.70870075479849,-8.164655964535205,424.4537907721887,422.5849300637682,-552000.0192790779,-360.2417110007308,418.2687994711903,1196.67042382714,-1982393333474.156,4382.832564166801,2443.1301133737857,181.7613781170631,-15157079.117617048,11388272020912.562,3.000000000003169,-0.8579830000002602,-150830179.94408408,-54.368825847246754,419.94044040485096,7.593494453858966,0.0,-4.94978504206386e-19,0.0,4.890854621591726e-18,-1606.166254629223,4.893047067193239,-1606.166254629223,0.0,-1981.9186206115533,0.0,0.0,2810.8199999977514,-14.61770000000007,0.0,0.0,0.0,0.0,0.0,0.0,0.0,0.0,0.0,0.0,0.0,3785.529999997889,-83.4881999999161,0.0,0.0,0.0,0.0,0.0,0.0,0.0,0.0,0.0,0.0,0.0,7388.6299999979965,-42.01050000004216,0.0,0.0,0.0,0.0,0.0,0.0,0.0,0.0,0.0,999.0000000016772,999.0000000016772,1.000000000000128,-282.9777588480441,gaze,0.3405591083781568,0.3312769902830258,945.5897319099032,930.3449311486612,424.2740080097438,-37.14397543357342,-17.783474909914116,-33.757770369445176,-0.0285579330617893,-0.047662282044442,0.9694853354896256,4.852176916211155,28.71124796643445,-14.655677953319492,-26.145731174662583,0.3229146393872121,0.2924438122846567,0.8481611863939175,5.639365928421505,14.992642657672642,-16.56530187743985,-26.850065384371,0.1816100538222748,0.1409870135370225,0.9090254483124428,5.26568924285281,65.50931468770938,False,-0.7999977143368313,imu,-0.3080486920000001,-9.561472508,2.779616061600001,1.93662716,1.49487199,-2.71878336,98.79964545633518,-37.48417294613438,132.83588767471394,419.94044040485096,7.593494453858966,False,-0.5859377162548844,-0.810356090043143,672.2142109325174,-73.01454336397339,251.66287589600893,1196.67042382714,False,inf
62.303064,-529215.763270494,-1193.4220099073798,674.1037772620111,-74.74702767524707,184.0746758140021,269.4598729548508,1203.9349731438415,-30829059.438786507,94.2483701268889,269.70600403986003,28775346996.211807,183.5173256964405,184.0746758140021,-29844830914432.85,98.13962250312404,-8.21614894504095,426.1200734826234,424.9371539947072,-556341.1723933149,-362.42150904459777,419.91452742750334,1203.9349731438415,-1999075070104.9487,4407.193205351158,2458.2178303904498,182.8784175380373,-15279426.07796055,11484102568867.422,3.000000000003169,-0.8579830000002779,-152058265.81732792,-54.69628720271311,420.1286109801331,7.778153540677408,0.0,-4.980713666422397e-19,0.0,4.921415019483615e-18,-1615.678423397801,4.922517661053232,-1615.678423397801,0.0,-1993.6342629826595,0.0,0.0,2810.8199999977514,-14.617700000000184,0.0,0.0,0.0,0.0,0.0,0.0,0.0,0.0,0.0,0.0,0.0,3785.529999997831,-83.48819999991565,0.0,0.0,0.0,0.0,0.0,0.0,0.0,0.0,0.0,0.0,0.0,7388.629999998084,-42.01050000004261,0.0,0.0,0.0,0.0,0.0,0.0,0.0,0.0,0.0,999.0000000016915,999.0000000016915,1.0000000000001208,-284.5190301991454,gaze,0.3391153581785248,0.3296361655764981,931.4096282856906,944.6264853105336,474.248705532372,-37.15923858837608,-17.79595222017396,-33.77311694189851,-0.0286282085974849,-0.0472055169446103,0.9689806034700116,4.8518776573616575,29.361601987639705,-14.707959975318031,-26.09646732260289,0.3203655648086352,0.2890344628814765,0.8499473937868129,5.629764866559692,17.52464026120705,-16.588323104641823,-26.651706209617178,0.1820026664852682,0.1411760998216496,0.9090263284602966,5.264523457718792,64.54555303532527,False,-0.6847258053739592,imu,-0.3008708584000001,-9.577024480800002,2.7760271448,1.94410407,1.71170238,-2.72626027,98.79791194609832,-37.483422355071546,132.8284158558278,420.1286109801331,7.778153540677408,False,-0.6825983289168385,-0.7307937611665413,673.5999432283955,-73.28170850640682,240.5665946171709,1203.9349731438415,False,inf
62.307615,-531442.2578730147,-1197.2019879528812,674.9512684014717,-74.86274235437998,184.6249607840612,270.37750300640334,1207.8442264002583,-30962022.61470032,94.57697793162008,270.62446461441186,28903961530.71463,184.07020461297995,184.6249607840612,-29979127697719.85,98.3712869877678,-8.243864624714412,427.0155006556363,426.2027328663955,-558680.2509842962,-363.59459338521,420.7989239602971,1207.8442264002583,-2008066490892.891,4420.300020141784,2466.338599581244,183.479638582207,-15345356.928258128,11535755028540.12,3.0000000000032543,-0.8579830000002815,-152720091.1510638,-54.87252373657615,420.2298414947163,7.87750846677261,0.0,-4.997361503002538e-19,0.0,4.937864652159209e-18,-1620.7974752687253,4.938378449503147,-1620.7974752687253,0.0,-1999.9390801842003,0.0,0.0,2810.8199999978387,-14.617700000000696,0.0,0.0,0.0,0.0,0.0,0.0,0.0,0.0,0.0,0.0,0.0,3785.529999997976,-83.48819999991883,0.0,0.0,0.0,0.0,0.0,0.0,0.0,0.0,0.0,0.0,0.0,7388.629999998317,-42.0105000000442,0.0,0.0,0.0,0.0,0.0,0.0,0.0,0.0,0.0,999.000000001739,999.000000001739,1.0000000000001563,-285.3483123798933,gaze,0.3383536099789146,0.3287678193328502,920.558780397303,945.7655998766992,503.187053426336,-37.16749674993825,-17.802567225766275,-33.78119190540974,-0.0286715985452128,-0.0469679728350387,0.9687120516174056,4.8517333243415095,29.700062848177847,-14.736389522767528,-26.070193425969403,0.3189892574627838,0.2872070890686374,0.8509090485715927,5.624568117123379,18.80735463384259,-16.600703206263642,-26.553120286931588,0.1822007070538433,0.1412736523791748,0.9090301374622334,5.263872499872547,63.72309449574824,False,-1.0,imu,-0.3117268138477166,-9.578302836289197,2.717225528449765,1.8064614824477407,0.9845339865189928,-3.2130803499546983,98.79708423404064,-37.48305199639607,132.82470236275094,420.2298414947163,7.87750846677261,False,-0.7302728553877446,-0.6831555874644005,674.3487064392765,-73.4351821694086,232.98317323713204,1207.8442264002583,False,inf
62.31155,-533373.4154034788,-1200.477865979644,675.6856774118933,-74.96296832476492,185.1018085689004,271.1728957954409,1211.2321099034507,-31077357.6945858,94.86183438145795,271.4205772610545,29015537810.45076,184.5492764147252,185.1018085689004,-30095636082331.902,98.57192738230545,-8.267887237315618,427.7908051259118,427.2994015658966,-560709.0544686657,-364.61126807519065,421.56468607140994,1211.2321099034507,-2015866933302.266,4431.657501353325,2473.377250150017,184.00073875639285,-15402546.927732036,11580565746508.0,3.000000000003197,-0.8579830000002708,-153294190.7616421,-55.02526755795953,420.31755459665146,7.963604034392006,0.0,-5.011791470942147e-19,0.0,4.9521228214392575e-18,-1625.2339744521923,4.952124960378856,-1625.2339744521923,0.0,-2005.403210405942,0.0,0.0,2810.819999997737,-14.617700000000356,0.0,0.0,0.0,0.0,0.0,0.0,0.0,0.0,0.0,0.0,0.0,3785.529999997831,-83.48819999991656,0.0,0.0,0.0,0.0,0.0,0.0,0.0,0.0,0.0,0.0,0.0,7388.629999998084,-42.01050000004284,0.0,0.0,0.0,0.0,0.0,0.0,0.0,0.0,0.0,999.0000000017026,999.0000000017026,1.000000000000128,-286.06692835937145,gaze,0.3377021271741024,0.3280236567808008,909.3550336754452,943.041533904536,529.1612210151308,-37.17467694027552,-17.808242692265335,-33.78808617959526,-0.0287123637152178,-0.046766869227997,0.9684810830224502,4.851617998756485,29.98582553660428,-14.761191821596617,-26.047561021810683,0.3177939709108007,0.2856277183396257,0.8517426407307634,5.620048016814022,19.871499818232635,-16.611425990815054,-26.472498743759942,0.1823648091628177,0.1413557950180202,0.9090353399550172,5.263295214402628,62.96237314801533,False,-0.5658334679745525,imu,-0.2883096496000001,-9.566257730400002,2.771241922400001,1.86185806,1.62197946,-2.8234601,98.7964274113995,-37.48274995417474,132.82166002829112,420.31755459665146,7.963604034392006,False,-0.7689116810276266,-0.639355008410249,674.9998064617241,-73.57351158210824,225.52721391796177,1211.2321099034507,False,inf
62.320037,-537557.6287269776,-1207.5671267402329,677.2748068473738,-75.17968528232814,186.1335842687056,272.89462714192416,1218.5636653864192,-31327281.263673782,95.47851422376388,273.1438667328408,29257358449.41946,185.58578889186848,186.1335842687056,-30348154413027.355,99.005720570523,-8.319883925875985,429.4663859501218,429.67226293108496,-565104.8228554017,-366.8115390469679,423.2196709851712,1218.5636653864192,-2032773444705.398,4456.231563014497,2488.612210063758,185.12862554705492,-15526474.487227485,11677687528940.229,3.000000000003226,-0.8579830000002886,-154538284.9303308,-55.35584994322333,420.5073180526561,8.149892096986264,0.0,-5.04302634030269e-19,0.0,4.9829858182656754e-18,-1634.8353146387722,4.981876437654639,-1634.8353146387722,0.0,-2017.228426306297,0.0,0.0,2810.819999997737,-14.61770000000024,0.0,0.0,0.0,0.0,0.0,0.0,0.0,0.0,0.0,0.0,0.0,3785.529999997889,-83.48819999991656,0.0,0.0,0.0,0.0,0.0,0.0,0.0,0.0,0.0,0.0,0.0,7388.629999998084,-42.01050000004375,0.0,0.0,0.0,0.0,0.0,0.0,0.0,0.0,0.0,999.0000000017172,999.0000000017172,1.000000000000135,-287.6218411045955,gaze,0.3363201225397758,0.3264401743815655,879.5013876181979,925.4721145284522,587.2690870583625,-37.19028370818852,-17.820339143569868,-33.802676275537465,-0.0288106593005886,-0.0463470812564219,0.9679869866158852,4.851400408649761,30.576764810298123,-14.815378861149402,-25.99903131578689,0.3151994335295773,0.2822240324519561,0.8535469901249964,5.610216063468816,22.01716417599768,-16.634606029413174,-26.31391431425784,0.182695897193285,0.1415258570183171,0.9090526867215744,5.262004856316858,61.2582624384312,False,-0.4455471606057656,imu,-0.2757484408,-9.5650614248,2.784999436800001,1.86933497,1.69674856,-2.78607555,98.79520138816866,-37.482156257567766,132.8156413176481,420.5073180526561,8.149892096986264,False,-0.8433800983410579,-0.537317419894635,676.4172335774011,-73.88911289511833,206.6949196332537,1218.5636653864192,False,inf
62.327707,-541361.5798563206,-1214.00205470409,678.7170377106158,-75.37618760131306,187.0699386273756,274.45796023467017,1225.21841282227,-31554525.427283287,96.0385434842552,274.7086144859236,29477284678.015343,186.52635278663504,187.0699386273756,-30577819528444.668,99.39899400257065,-8.3670929528572,430.9846749031148,431.82562040225184,-569101.0874069219,-368.808851595956,424.7193292190934,1225.21841282227,-2048149852165.3447,4478.532243421054,2502.444248675218,186.15262674360264,-15639156.87223249,11766019411995.398,3.0000000000031832,-0.857983000000246,-155669551.57675242,-55.65595829678722,420.67950198692415,8.318950958951405,0.0,-5.0713868266413625e-19,0.0,5.01100865356607e-18,-1643.550935243584,5.008885338308694,-1643.550935243584,0.0,-2027.962661501948,0.0,0.0,2810.819999997635,-14.6176999999999,0.0,0.0,0.0,0.0,0.0,0.0,0.0,0.0,0.0,0.0,0.0,3785.529999997758,-83.48819999991247,0.0,0.0,0.0,0.0,0.0,0.0,0.0,0.0,0.0,0.0,0.0,7388.629999997938,-42.010500000042384,0.0,0.0,0.0,0.0,0.0,0.0,0.0,0.0,0.0,999.00000000171,999.00000000171,1.0000000000001137,-289.03296716484755,gaze,0.3350990391505488,0.3250351787691191,845.9819670971946,896.0767699525153,640.7760597312555,-37.20452248151034,-17.831094464508727,-33.81552989298155,-0.0289118513525871,-0.045984686654438,0.967545449857306,4.851242120448191,31.07564049455089,-14.865159078795138,-25.955527413758965,0.3128353371862927,0.2791520403425735,0.8551849876185655,5.601235075852651,23.771545451716623,-16.655610188255725,-26.189499081688,0.1829677981991099,0.1416710034502651,0.9090757030209352,5.260785947976921,63.72309449574824,False,-1.0,imu,-0.309267366811224,-9.579543536188304,2.7122736960865703,1.8710296922947536,1.0007851244848378,-3.2184859288647503,98.7943240423325,-37.48168805426948,132.81085511361124,420.67950198692415,8.318950958951405,False,-0.8993451577754666,-0.4372393934514833,677.7156827077796,-74.19369144559211,186.5936891552575,1225.21841282227,False,inf
62.328523,-541767.5394938372,-1214.6882316857202,678.8708149608246,-75.39712944244116,187.1697745189758,274.6246923002883,1225.9280235768124,-31578778.92621231,96.09827620660144,274.8754974207855,29500759920.42442,186.626632507273,187.1697745189758,-30602334859365.246,99.44090313784407,-8.372127650085469,431.14642757630406,432.0552123947917,-569527.5699678187,-369.0218383948438,424.879098827186,1225.9280235768124,-2049791186112.8064,4480.9099450683,2503.9193851327823,186.2618314236984,-15651183.366852872,11775448279759.031,3.0000000000032543,-0.8579830000002602,-155790294.13441536,-55.6879619625827,420.697858900523,8.336976287518496,0.0,-5.074411475322366e-19,0.0,5.013997291730089e-18,-1644.480336462172,5.011765577451455,-1644.480336462172,0.0,-2029.1073141158224,0.0,0.0,2810.8199999977223,-14.61770000000024,0.0,0.0,0.0,0.0,0.0,0.0,0.0,0.0,0.0,0.0,0.0,3785.529999997845,-83.48819999991474,0.0,0.0,0.0,0.0,0.0,0.0,0.0,0.0,0.0,0.0,0.0,7388.629999998055,-42.010500000043294,0.0,0.0,0.0,0.0,0.0,0.0,0.0,0.0,0.0,999.000000001739,999.000000001739,1.000000000000128,-289.18342502458614,gaze,0.3349707218996225,0.3248871947984064,842.0600539019746,892.2136691796045,646.4477531684495,-37.20604448158168,-17.832228504721677,-33.816878661435204,-0.0289233154592059,-0.0459471086877596,0.9674987653831086,4.851227506865154,31.126488094730465,-14.870500064548944,-25.95091984294397,0.3125827509099249,0.2788254825960029,0.855359650200251,5.600274364193419,23.947508205035888,-16.65784756078967,-26.17735920899252,0.1829951772909414,0.1416859586515322,0.9090785683735406,5.260653343208578,60.35116191596288,False,-0.3262612612078264,imu,-0.275150288,-9.576426328,2.7861957424,1.85438115,1.8014253,-2.92065993,98.79424389940296,-37.48164208342017,132.8103830959616,420.697858900523,8.336976287518496,False,-0.9046264572219664,-0.4262053177683664,677.854891862982,-74.22712548549497,184.29136583077013,1225.9280235768124,False,inf
62.33701,-546004.2625879416,-1221.842969507727,680.4741018390014,-75.6153540214375,188.210638313642,276.3635301350425,1233.3270320810786,-31831917.657316208,96.72127830437807,276.6159085851886,29745807610.137573,187.6720662361056,188.210638313642,-30858245816743.383,99.87758094935926,-8.424631617668421,432.831332434882,434.4488451329274,-573978.4668863744,-371.2427220687862,426.5433673544055,1233.3270320810786,-2066924736180.582,4505.698810287628,2519.302648843966,187.4006428159472,-15776706.78560532,11873874301606.877,3.000000000003311,-0.8579830000002993,-157050552.56999245,-56.02168740994845,420.8892243224964,8.524903161979978,0.0,-5.105954835822676e-19,0.0,5.0451651068868224e-18,-1654.1714685682757,5.041799920982172,-1654.1714685682757,0.0,-2041.0428640417056,0.0,0.0,2810.8199999977223,-14.61770000000024,0.0,0.0,0.0,0.0,0.0,0.0,0.0,0.0,0.0,0.0,0.0,3785.52999999786,-83.4881999999152,0.0,0.0,0.0,0.0,0.0,0.0,0.0,0.0,0.0,0.0,0.0,7388.629999998229,-42.010500000043976,0.0,0.0,0.0,0.0,0.0,0.0,0.0,0.0,0.0,999.0000000017608,999.0000000017608,1.0000000000001563,-290.75207122465895,gaze,0.3336546712554291,0.3233654684307117,797.3590798421391,843.9964343237291,704.2232974573825,-37.22195192337961,-17.843903215600797,-33.83069176181122,-0.0290506043159401,-0.0455677253005544,0.9670166435831395,4.851101861317286,31.62682597623342,-14.926559055407356,-25.903245082698263,0.3099434981789222,0.2754325621540404,0.8571806750956152,5.590223684344862,25.65268527459721,-16.68114561423778,-26.064009827251063,0.1832620392494695,0.1418358478204872,0.9091131966834184,5.259241035361821,61.61348365669448,False,-0.2104170260884018,imu,-0.2769447464000001,-9.582407856,2.7772234504,1.77213514,1.86871749,-2.9729983,98.79356428872872,-37.48120799473577,132.8059052699183,420.8892243224964,8.524903161979978,False,-0.9514912332138628,-0.3076758572217883,679.3159666560613,-74.5859212173962,158.59089025866726,1233.3270320810786,False,inf
62.345496,-550266.922651516,-1229.0297647588882,682.0843136464864,-75.83430956543782,189.2559451801024,278.1107620692411,1240.759059471202,-32086645.52864265,97.34738563888064,278.3647213052228,29992451818.554344,188.72185740813177,189.2559451801024,-31115835495160.38,100.31565440405396,-8.477384352535783,434.5207099377556,436.85263069836446,-578456.5938346618,-373.4737018008947,428.2120910275522,1240.759059471202,-2084170626991.5269,4530.5926642634,2534.75864250351,188.54481075250885,-15903019.00228513,11972945672483.133,3.0000000000033253,-0.8579830000002886,-158318802.4912858,-56.356953174343005,421.08137150097537,8.713630902217005,0.0,-5.137649552636986e-19,0.0,5.076482476351349e-18,-1663.9065830153745,5.071972888464764,-1663.9065830153745,0.0,-2053.032454387476,0.0,0.0,2810.819999997693,-14.617700000000523,0.0,0.0,0.0,0.0,0.0,0.0,0.0,0.0,0.0,0.0,0.0,3785.529999997904,-83.48819999991429,0.0,0.0,0.0,0.0,0.0,0.0,0.0,0.0,0.0,0.0,0.0,7388.629999998055,-42.0105000000442,0.0,0.0,0.0,0.0,0.0,0.0,0.0,0.0,0.0,999.0000000017462,999.0000000017462,1.0000000000001563,-292.3274331622838,gaze,0.3323733565736452,0.3218764831412607,745.8870940017719,782.0541730676132,757.6971079264574,-37.23799091548901,-17.85535002186187,-33.844107611739815,-0.029192743685912,-0.0452098996357557,0.9665410786976024,4.851026149790146,32.068845133289,-14.98353212948044,-25.85604766963323,0.3072824940916557,0.2720473838083087,0.8590092561820502,5.580069567996784,27.12564448855179,-16.704484000988707,-25.97492463530877,0.1834957341614594,0.1419751967200952,0.9091567710770878,5.257768967491899,65.97290408854144,False,-0.1005822581939196,imu,-0.2745521352,-9.576426328,2.7610733248,1.84690424,1.97339423,-2.91318302,98.79317210167626,-37.48085478374803,132.8022291756667,421.08137150097537,8.713630902217005,False,-0.9830009561496044,-0.1836004362984021,680.8027509077951,-74.96332968805943,129.93949084304944,1240.759059471202,False,inf
62.347687,-551371.8074325415,-1230.8906802568958,682.5012125110516,-75.89096482688763,189.5265762790668,278.56328024871164,1242.6834524697333,-32152677.60125256,97.50955799250582,278.81764887213353,30056397853.6306,188.9936323521799,189.5265762790668,-31182621157231.69,100.4289960082865,-8.491046097539886,434.9576497127452,437.4749629082266,-579617.3248567213,-374.0514049337234,428.6436949769405,1242.6834524697333,-2088641986555.2964,4537.037576231776,2538.7613644541816,188.8411175861995,-15935762.53491292,11998632005815.133,3.000000000003311,-0.857983000000285,-158647578.76391837,-56.44377266567641,421.1311128845136,8.762492482184143,0.0,-5.145858065811842e-19,0.0,5.0845932615440084e-18,-1666.427439825013,5.079786396301125,-1666.427439825013,0.0,-2056.1370750935816,0.0,0.0,2810.8199999977223,-14.617700000000523,0.0,0.0,0.0,0.0,0.0,0.0,0.0,0.0,0.0,0.0,0.0,3785.529999997845,-83.48819999991429,0.0,0.0,0.0,0.0,0.0,0.0,0.0,0.0,0.0,0.0,0.0,7388.629999998142,-42.01050000004466,0.0,0.0,0.0,0.0,0.0,0.0,0.0,0.0,0.0,999.0000000017608,999.0000000017608,1.0000000000001563,-292.7352993946239,gaze,0.3320482832179906,0.3214974700195664,731.570229206554,764.0321040108157,770.4118723447605,-37.242152270551294,-17.8582673819332,-33.84750663949554,-0.0292318875718217,-0.0451211153135833,0.9664193908430968,4.851015037287446,32.172377327594816,-14.998390143072744,-25.843941939072483,0.3065918908285553,0.2711747196960032,0.8594825925136675,5.577431279983415,27.46784317408451,-16.710515401542903,-25.95596965022336,0.1835506056662731,0.1420094301347264,0.9091695007750796,5.257379249445157,63.72309449574824,False,-1.0,imu,-0.3069728783361648,-9.580739255660824,2.7074450287606977,1.926988118381575,1.017838487400096,-3.2245806509637687,98.79311864013133,-37.480776800714864,132.80141256315716,421.1311128845136,8.762492482184143,False,-0.9885487948230304,-0.1509015581560844,681.1911244649382,-75.0635119210187,122.10955658919166,1242.6834524697335,False,inf
62.349446,-552260.1244688606,-1232.386272329437,682.8362559321831,-75.93648597664071,189.74406811464272,278.926991990521,1244.2300540318,-32205768.6761055,97.63990883605352,279.1816896526001,30107814524.80677,189.21203832849096,189.74406811464272,-31236321620843.84,100.52006002603682,-8.502026505592731,435.3086636876836,437.9750951142778,-580550.5408744938,-374.51570395664766,428.9904242420829,1244.2300540318,-2092237277930.288,4542.21696966902,2541.9784806238736,189.07926756294304,-15962089.0124764,12019285645875.96,3.0000000000033253,-0.8579830000002815,-158911925.16398162,-56.51355046973136,421.1710856832178,8.80175986203642,0.0,-5.15245561894136e-19,0.0,5.091112266275885e-18,-1668.453444802239,5.086066200634567,-1668.453444802239,0.0,-2058.632243160471,0.0,0.0,2810.819999997708,-14.617700000000468,0.0,0.0,0.0,0.0,0.0,0.0,0.0,0.0,0.0,0.0,0.0,3785.529999997845,-83.48819999991383,0.0,0.0,0.0,0.0,0.0,0.0,0.0,0.0,0.0,0.0,0.0,7388.629999998171,-42.010500000044885,0.0,0.0,0.0,0.0,0.0,0.0,0.0,0.0,0.0,999.0000000017752,999.0000000017752,1.0000000000001563,-293.0630808093913,gaze,0.3317890379905029,0.3211948262082036,719.7874708658062,749.0073611509339,780.2132421824092,-37.24549886541764,-17.860597959858428,-33.850216127227405,-0.0292640455331063,-0.0450509277441318,0.9663220306546584,4.851008685009683,32.25212424518638,-15.010362310856197,-25.83424758675192,0.3060364018076429,0.2704745529965984,0.8598629527275696,5.575308331466672,27.73123228173998,-16.715359010810328,-25.94197143382735,0.1835930182863878,0.1420363884512883,0.9091801648582511,5.257063524893211,68.60353126609816,False,-0.0522147698596129,imu,-0.3067783310171245,-9.58084258425452,2.7070249368861576,1.931476040396226,1.0193611071224544,-3.225164904004955,98.377814,-36.88408520000002,133.3209496,421.1710856832178,8.80175986203642,False,-0.9922195348770269,-0.124500580755338,681.5043121833669,-75.14469380063144,115.70494909692772,1244.2300540318,False,inf
62.353982,-554556.140749119,-1236.249569359902,683.70166291436,-76.05402371773096,190.30583233408333,279.8666237392667,1248.225087972775,-32343000.02058983,97.97668339329957,280.1221714291418,30240729395.973427,189.77614265650024,190.30583233408333,-31375142491685.13,100.75517817746724,-8.530392924769698,436.2147647984372,439.2668842045251,-582962.6031056915,-375.71507383035777,429.8854723165356,1248.225087972775,-2101531442153.3115,4555.594769360486,2550.2894413416225,189.6944885313536,-16030138.610626169,12072677234199.637,3.0000000000032685,-0.8579830000002673,-159595231.27552703,-56.69380403009784,421.2743252188157,8.903184074666115,0.0,-5.16949989879127e-19,0.0,5.107953622276287e-18,-1673.6869751901404,5.102288509460606,-1673.6869751901404,0.0,-2065.0776796150767,0.0,0.0,2810.8199999976205,-14.61770000000024,0.0,0.0,0.0,0.0,0.0,0.0,0.0,0.0,0.0,0.0,0.0,3785.529999997816,-83.48819999991247,0.0,0.0,0.0,0.0,0.0,0.0,0.0,0.0,0.0,0.0,0.0,7388.629999997909,-42.010500000043976,0.0,0.0,0.0,0.0,0.0,0.0,0.0,0.0,0.0,999.0000000017462,999.0000000017462,1.000000000000135,-293.90971842699594,gaze,0.3311277085402202,0.3204211999896599,688.267343607805,708.1265212595799,803.5730394305142,-37.25415163367559,-17.866559666671286,-33.857123368727244,-0.02934999777426,-0.0448744760910301,0.9660723620023652,4.851003042687212,32.44326282756569,-15.04141419547363,-25.809350917210136,0.3045996307919593,0.2686708794567054,0.8608452215786891,5.569814080503249,28.363933669505112,-16.727854511755666,-25.910927807536204,0.1836956040429857,0.1421037284589186,0.9092095046339652,5.256237701926433,71.06348928695448,False,0.0007240780236942,imu,-0.2745521352,-9.562070660800002,2.7688493112,1.75718132,1.99582496,-3.05524431,98.79307642755523,-37.48058309034977,132.79937360588738,421.2743252188157,8.903184074666115,False,-0.9984339604141768,-0.0559430665200077,682.3177914962832,-75.35695205840872,98.73175342295735,1248.225087972775,False,inf
62.362469,-558872.5508474822,-1243.5033510350388,685.3263655925821,-76.27452448265115,191.3604391821902,281.6313549237373,1255.726116081191,-32601019.404993057,98.60925828424143,281.88849895111144,30490677989.31993,190.8350607591772,191.3604391821902,-31636206241334.12,101.19620763313723,-8.583664527099373,437.9137039292143,441.69192577099375,-587497.1605374818,-377.96713937261103,431.5637158817125,1255.726116081191,-2119009821348.044,4580.70843971132,2565.89715647868,190.84983209253275,-16158084.597232252,12173084150691.41,3.00000000000334,-0.8579830000002886,-160880030.28200036,-57.032285511570166,421.4681106428743,9.0935876393537,0.0,-5.201510222032096e-19,0.0,5.139582840645258e-18,-1683.5139621799858,5.1327508819311225,-1683.5139621799858,0.0,-2077.180160848864,0.0,0.0,2810.8199999976787,-14.617700000000582,0.0,0.0,0.0,0.0,0.0,0.0,0.0,0.0,0.0,0.0,0.0,3785.529999997831,-83.48819999991247,0.0,0.0,0.0,0.0,0.0,0.0,0.0,0.0,0.0,0.0,0.0,7388.629999998084,-42.01050000004466,0.0,0.0,0.0,0.0,0.0,0.0,0.0,0.0,0.0,999.000000001768,999.000000001768,1.0000000000001563,-295.4991379240114,gaze,0.3299186867289478,0.3190006090673395,625.2790444294545,624.5075412381307,838.1120006060632,-37.270423986665016,-17.87752263740066,-33.869736221931674,-0.0295226402077747,-0.0445623209605877,0.9656107926436404,4.851035275560122,32.74022158379949,-15.100199419396272,-25.76317790982881,0.3018947951772907,0.2653040042457769,0.8626883963345875,5.5594593078920544,29.3693041533012,-16.751248696017218,-25.872646453028743,0.1838609695498576,0.1422211583307282,0.909271616710836,5.254647796598156,69.43611874388532,False,0.0910808266604684,imu,-0.2757484408,-9.555490980000002,2.7742326864,1.65250458,1.96591732,-3.27955161,98.79328628077782,-37.480393598809805,132.79735677699225,421.4681106428743,9.0935876393537,False,-0.9973151462833074,0.0732290857098817,683.8633381172374,-75.7640740870333,65.414868715327,1255.726116081191,False,inf
62.367779,-561586.7957266528,-1248.05866942569,686.3465352597632,-76.41287138007328,192.0226115268702,282.73990121859134,1260.436633356606,-32763287.381789207,99.00667119749797,282.998047941276,30647900116.74713,191.49988556011567,192.0226115268702,-31800425863745.55,101.47288425488222,-8.617125584772475,438.9790523309968,443.2145410656996,-590348.5715361824,-379.3814929448138,432.61610597557615,1260.436633356606,-2130004399928.8013,4596.4765263488525,2575.700630255845,191.57550889491424,-16238550.03137973,12236243992445.977,3.0000000000033253,-0.857983000000285,-161688079.32874906,-57.24487238436649,421.5897674208136,9.213138306190672,0.0,-5.221617596333111e-19,0.0,5.159450822849589e-18,-1689.685523408581,5.151883096895303,-1689.685523408581,0.0,-2084.780716300611,0.0,0.0,2810.819999997635,-14.617700000000127,0.0,0.0,0.0,0.0,0.0,0.0,0.0,0.0,0.0,0.0,0.0,3785.529999997816,-83.48819999991156,0.0,0.0,0.0,0.0,0.0,0.0,0.0,0.0,0.0,0.0,0.0,7388.629999997967,-42.01050000004511,0.0,0.0,0.0,0.0,0.0,0.0,0.0,0.0,0.0,999.0000000017608,999.0000000017608,1.0000000000001492,-296.4971224577687,gaze,0.1950312557761164,-0.0218560179856097,583.8605259917788,568.5287039395013,852.0748530637812,-37.28065531869372,-17.884250770554743,-33.87742011036399,-0.0296385863553087,-0.0443792773109392,0.965325828111682,4.851084820261269,30.45994829401995,-17.15238430274211,-25.19009899065716,0.4645886120549442,0.491688615550925,0.736477920162224,5.610149383544922,30.45994829401995,-17.15238430274211,-25.19009899065716,0.4645886120549442,0.491688615550925,0.736477920162224,5.610149383544922,63.72309449574824,False,-1.0,imu,-0.3048246573918111,-9.581899679461644,2.7026991109052,1.9736398891154008,1.0352377472513428,-3.2318369274676,98.7935768732475,-37.48031717904574,132.7965294538242,421.5897674208136,9.213138306190672,False,-0.9669415253114,0.2549982090691291,684.8465304822499,-76.02429105705437,15.289606856116537,1260.436633356606,False,inf
62.370955,-563215.2599599861,-1250.7895117278238,686.9580629621614,-76.4957618802855,192.41953210870008,283.4045711669084,1263.2604890542812,-32860650.67741108,99.24497326618052,283.6633190662672,30742246823.735764,191.8983759474969,192.41953210870008,-31898973825141.31,101.63864215761954,-8.637187508691479,439.6171334166808,444.1272177644145,-592059.3278441811,-380.2294030442284,433.2464328753962,1263.2604890542812,-2136602221102.1484,4605.928106586014,2581.5783782137005,192.01058870345173,-16286830.68685957,12274146065918.312,3.000000000003368,-0.8579830000002744,-162172936.361933,-57.372323425544,421.66268439660416,9.2847992079827,0.0,-5.233673547231678e-19,0.0,5.171363239374118e-18,-1693.385385101751,5.16335332869604,-1693.385385101751,0.0,-2089.337238366204,0.0,0.0,2810.8199999976205,-14.61770000000024,0.0,0.0,0.0,0.0,0.0,0.0,0.0,0.0,0.0,0.0,0.0,3785.529999997787,-83.48819999991156,0.0,0.0,0.0,0.0,0.0,0.0,0.0,0.0,0.0,0.0,0.0,7388.629999998026,-42.010500000044885,0.0,0.0,0.0,0.0,0.0,0.0,0.0,0.0,0.0,999.0000000017752,999.0000000017752,1.000000000000142,-297.09534037199893,gaze,0.3287476881055119,0.3176162138346939,557.8916684035172,534.1193119125935,857.1030057806273,-37.286791797247744,-17.888225415482953,-33.88193914992172,-0.0297108850035524,-0.0442744209480531,0.9651568371846118,4.851125610026125,32.949207679487714,-15.15985994151294,-25.71756753318259,0.2991688366282785,0.2619489221918859,0.8645379469510701,5.549011071243044,30.14781057223701,-16.774649573325156,-25.86049475991442,0.1839910894473798,0.1423271580332938,0.9093433061359087,5.253000398593208,53.97139057501731,False,0.1682320725463509,imu,-0.2769447464000001,-9.551902063200002,2.7748308392,1.84690424,2.04816333,-3.4216129,98.79381035335469,-37.48028706156981,132.79619655644336,421.66268439660416,9.2847992079827,False,-0.9794410353706772,0.2017306576403704,685.4407359689599,-76.18155208460432,30.497131784578563,1263.2604890542812,False,inf
62.379442,-567585.4161852775,-1258.1098802491051,688.5971637931725,-76.71779003823463,193.483375664469,285.1867218750904,1270.830095780149,-33121962.85331726,99.88399022098136,285.4470815860552,30995503344.259987,192.9663526248285,193.483375664469,-32163515804552.27,102.08258934692054,-8.690975389023814,441.3254611732357,446.5733680559516,-596650.3109746338,-382.50243342999767,434.9340265181455,1270.830095780149,-2154313365016.8767,4631.260064030757,2597.337071333134,193.1770515112787,-16416411.111421471,12375890115168.992,3.000000000003368,-0.857983000000285,-163474293.98368508,-57.71400349816849,421.8580946316324,9.476866331796714,0.0,-5.2659980244192095e-19,0.0,5.203302871460329e-18,-1703.3037277492033,5.19410356486392,-1703.3037277492033,0.0,-2101.5519701255207,0.0,0.0,2810.819999997606,-14.617700000000356,0.0,0.0,0.0,0.0,0.0,0.0,0.0,0.0,0.0,0.0,0.0,3785.529999997773,-83.48819999991156,0.0,0.0,0.0,0.0,0.0,0.0,0.0,0.0,0.0,0.0,0.0,7388.6299999979965,-42.01050000004534,0.0,0.0,0.0,0.0,0.0,0.0,0.0,0.0,0.0,999.00000000179,999.00000000179,1.0000000000001492,-298.6987252961445,gaze,0.3276155610963062,0.3162688701520487,487.22055926379056,440.4629457820773,855.9080283506186,-37.303246249276505,-17.89865944111196,-33.89373120724919,-0.029915033586179,-0.0440116329303729,0.9647107511720292,4.851276877803316,33.059297580750346,-15.220394599236146,-25.672536530776767,0.2964213298061923,0.2586062327240633,0.8663939035063846,5.538470358830196,30.710906079144767,-16.79805092860654,-25.874633961493025,0.1840852865810613,0.1424214491391229,0.9094248052777244,5.251295916012168,26.970442024033964,False,0.2302526216838224,imu,-0.2853188856,-9.54053716,2.7509047272,1.71979677,1.95844041,-3.68330475,98.79465726472388,-37.48026416745909,132.79590900139036,421.8580946316324,9.476866331796714,False,-0.9448860292379664,0.3273994376154442,687.0516684231366,-76.60619675350138,5.485543255259612,1270.830095780149,False,inf
62.38776,-571894.8085103964,-1265.316949104069,690.2106465417673,-76.936140953826,194.5305383776474,286.9418824974274,1278.282408486472,-33379680.573099136,100.51342569687624,287.2038294716092,31245333642.873703,194.01747806759016,194.5305383776474,-32424490159531.35,102.5191167836546,-8.743944009689491,443.0043359567068,448.98109965275336,-601177.4419288546,-384.7404247836864,436.5925616347964,1278.282408486472,-2171785604706.9104,4656.194010694218,2612.855608524911,194.3257101647371,-16544209.89108213,12476261739328.27,3.000000000003425,-0.8579830000003064,-164757829.77735648,-58.05043980169371,422.0504053752793,9.66591961428253,0.0,-5.297832082722068e-19,0.0,5.234757923430124e-18,-1713.0691217374238,5.224381876498088,-1713.0691217374238,0.0,-2113.578215203105,0.0,0.0,2810.8199999976205,-14.617700000000523,0.0,0.0,0.0,0.0,0.0,0.0,0.0,0.0,0.0,0.0,0.0,3785.529999997773,-83.48819999991201,0.0,0.0,0.0,0.0,0.0,0.0,0.0,0.0,0.0,0.0,0.0,7388.629999997967,-42.0105000000458,0.0,0.0,0.0,0.0,0.0,0.0,0.0,0.0,0.0,999.0000000018116,999.0000000018116,1.0000000000001563,-300.27699210990374,gaze,0.3265449279021446,0.3149856207786213,416.046005030541,349.3760650508437,830.6504510970369,-37.31944271603194,-17.908612855548643,-33.90488489214008,-0.0301307783098939,-0.0437793814313418,0.9642815902797532,4.851487000346017,33.060512741652204,-15.280549408488458,-25.628995636780715,0.2937081493550779,0.2553438735331159,0.8682185099141013,5.528054392321668,30.45994829401995,-17.15238430274211,-25.19009899065716,0.4645886120549442,0.491688615550925,0.736477920162224,5.610149383544922,0.0,True,3.0,imu,-0.302853673744585,-9.58300814806819,2.6981025876687337,2.0092656008130185,1.0521469707757614,-3.24057544138753,98.79580846746543,-37.48032360158994,132.796488800163,422.0504053752793,9.66591961428253,False,-0.8951880834474065,0.4456885630726452,688.663731974678,-77.02594252467374,41.22098850944481,1278.282408486472,False,inf
62.387928,-571982.1146406976,-1265.4628433395724,690.2433060827352,-76.94055862357152,194.5517341209311,286.9774186367057,1278.4332658418562,-33384902.20187092,100.5261706442349,287.2393977462553,31250396050.10491,194.0387529407433,194.5517341209311,-32429778498053.234,102.52794790873084,-8.745016399712721,443.0382910608052,449.0298341818618,-601269.1591528219,-384.7857303615297,436.6261057486561,1278.4332658418562,-2172139658585.1936,4656.698693359852,2613.1697918181944,194.3489652530892,-16546799.235172704,12478295649237.598,3.000000000003382,-0.8579830000002922,-164783836.35079122,-58.05725080823367,422.0542975960925,9.669746239489996,0.0,-5.29847660716366e-19,0.0,5.2353947743654194e-18,-1713.2668104284153,5.224994847737184,-1713.2668104284153,0.0,-2113.821670828947,0.0,0.0,2810.819999997635,-14.61770000000024,0.0,0.0,0.0,0.0,0.0,0.0,0.0,0.0,0.0,0.0,0.0,3785.529999997773,-83.4881999999111,0.0,0.0,0.0,0.0,0.0,0.0,0.0,0.0,0.0,0.0,0.0,7388.629999997967,-42.01050000004602,0.0,0.0,0.0,0.0,0.0,0.0,0.0,0.0,0.0,999.000000001819,999.000000001819,1.0000000000001563,-300.3089382287393,gaze,0.3265237089573832,0.3149600907977282,414.5986244900872,347.5711960897691,829.8673459820474,-37.319770461810805,-17.908811028793547,-33.905106026530014,-0.0301352971927907,-0.0437749549143066,0.9642730069164702,4.851491894217576,33.059378926748224,-15.281772670103026,-25.62812246151329,0.2936531444024996,0.2552781329481459,0.86825541621947,5.52784317448976,31.075033593210936,-16.82143525564696,-25.914967587403847,0.1841428255832635,0.1425037033246599,0.909516312349886,5.249535570739056,0.6467659727639197,True,0.2755712039145571,imu,-0.290104108,-9.520798117600002,2.7688493112,1.68241222,1.86871749,-3.81788913,98.79583504690468,-37.48032564178236,132.79650939285133,422.0542975960925,9.669746239489996,False,-0.8940267365027311,0.4480136096351047,688.6966333210596,-77.03443283883254,41.94354104713688,1278.4332658418562,False,inf
62.396415,-576406.5169200134,-1272.8502460434734,691.8969021145749,-77.16412213169849,195.62487427657027,288.7771151272684,1286.0719048284454,-33649538.567845345,101.17167800089491,289.0407216312992,31506993223.38221,195.11584349280105,195.62487427657027,-32697833348041.605,102.97482613691798,-8.799324186444412,444.7560331950384,451.4972291478314,-605917.092494444,-387.0798675364685,438.323075983713,1286.0719048284454,-2190085884358.498,4682.250341711395,2629.080541423402,195.52662579567635,-16678029.701729149,12581390142055.426,3.000000000003425,-0.8579830000002957,-166101912.10735738,-58.40215186408855,422.2513418331637,9.863486884530973,0.0,-5.331117522527076e-19,0.0,5.267647077202564e-18,-1723.2771392542702,5.256034962820049,-1723.2771392542702,0.0,-2126.1494258564403,0.0,0.0,2810.819999997592,-14.617700000000468,0.0,0.0,0.0,0.0,0.0,0.0,0.0,0.0,0.0,0.0,0.0,3785.5299999977,-83.4881999999102,0.0,0.0,0.0,0.0,0.0,0.0,0.0,0.0,0.0,0.0,0.0,7388.6299999979965,-42.01050000004534,0.0,0.0,0.0,0.0,0.0,0.0,0.0,0.0,0.0,999.000000001819,999.000000001819,1.0000000000001492,-301.9263821017651,gaze,0.3254730232886424,0.3136907761530952,341.5192307895106,259.59976446101126,775.2197493184723,-37.336354989818645,-17.91867119575204,-33.91606293591451,-0.0303719894601199,-0.0435652788956828,0.9638438732280596,4.851773602571441,32.93914389877634,-15.343990902107643,-25.58434124193518,0.2908638554396293,0.2519652676369556,0.8701225046473996,5.517130604097414,31.261506354687093,-16.8447958067605,-25.98113862300322,0.1841630012582029,0.1425736310738342,0.9096180683601232,5.247719792372973,-13.4001113091666,True,0.3031229625247532,imu,-0.3146283728000001,-9.528574104,2.7628677832,1.88428879,1.92853277,-3.5711511,98.79735193121896,-37.48047222517987,132.79801192240149,422.2513418331637,9.863486884530973,False,-0.8275122244726834,0.5614476986757283,690.3764325475739,-77.46275450741099,78.27468286974211,1286.0719048284454,False,inf
62.404869,-580840.8696160135,-1280.242415383137,693.5513105661103,-77.3875825791489,196.69848562856103,290.578583382084,1293.7153291933118,-33914810.217536926,101.81792000019996,290.8438187399804,31764265622.422207,196.19329732089184,196.69848562856103,-32966605203138.773,103.42142880472868,-8.853680619225136,446.4717858565599,453.9656420513033,-610575.4605841152,-389.3756300301331,440.0181190163064,1293.7153291933118,-2208080060918.0723,4707.812374443091,2645.0054184400988,196.70530317411283,-16809576.012115404,12684760086708.93,3.0000000000033538,-0.8579830000002744,-167423233.39800555,-58.74732141987253,422.44843562640926,10.057309865774982,0.0,-5.363789681295227e-19,0.0,5.299930251464695e-18,-1733.2945085753804,5.287099241920622,-1733.2945085753804,0.0,-2138.4857216023406,0.0,0.0,2810.8199999975623,-14.617700000000127,0.0,0.0,0.0,0.0,0.0,0.0,0.0,0.0,0.0,0.0,0.0,3785.529999997685,-83.48819999990837,0.0,0.0,0.0,0.0,0.0,0.0,0.0,0.0,0.0,0.0,0.0,7388.629999997822,-42.01050000004557,0.0,0.0,0.0,0.0,0.0,0.0,0.0,0.0,0.0,999.0000000018044,999.0000000018044,1.000000000000142,-303.544560777566,gaze,0.3244686330799857,0.3124670011057117,269.97868722512635,180.8312124949352,690.5239053666546,-37.35291948469573,-17.92819065224426,-33.926557318238125,-0.0306243317259918,-0.0433842447857817,0.963425394414325,4.852123411047714,32.6912695367412,-15.40677647420331,-25.54139027097117,0.2880649855117221,0.2486822588245727,0.8719872358626819,5.506379673919577,31.27162255821728,-16.868026708374465,-26.072084969379365,0.1841452247324803,0.1426307124681006,0.9097298277025136,5.245857029717627,-8.84923094748827,True,0.3124015257488665,imu,-0.3164228312,-9.531564868,2.75150288,1.98896553,1.98087114,-3.46647436,98.79920753093172,-37.4807035768764,132.80041821991384,422.44843562640926,10.057309865774982,False,-0.7466413932728903,0.6652267507034854,692.08407071614,-77.88579560854434,113.70687460452176,1293.7153291933118,False,inf
62.407851,-582411.4986323195,-1282.857868727894,694.1366030370918,-77.46658714325667,197.07829172818012,291.21611367692446,1296.4196456958755,-34008777.88132286,102.04664533748928,291.481925443698,31855413821.16444,196.5744365312978,197.07829172818012,-33061830278865.83,103.57930879716494,-8.872915929217962,447.07810531268206,454.8388644962862,-612225.4305250053,-390.1879375704382,440.6171291460722,1296.4196456958755,-2214455332078.608,4716.855127496163,2650.6407842133794,197.1223970303406,-16856174.09728659,12721383679408.344,3.000000000003439,-0.8579830000002993,-167891306.8670715,-58.86945822069956,422.5181516607154,10.125876961358358,0.0,-5.375351977884299e-19,0.0,5.3113548909646816e-18,-1736.8389335108127,5.2980912068498665,-1736.8389335108127,0.0,-2142.850616537166,0.0,0.0,2810.819999997577,-14.617700000000184,0.0,0.0,0.0,0.0,0.0,0.0,0.0,0.0,0.0,0.0,0.0,3785.529999997714,-83.48819999990928,0.0,0.0,0.0,0.0,0.0,0.0,0.0,0.0,0.0,0.0,0.0,7388.629999997851,-42.01050000004602,0.0,0.0,0.0,0.0,0.0,0.0,0.0,0.0,0.0,999.000000001819,999.000000001819,1.0000000000001492,-304.1170217141366,gaze,0.3241246198314503,0.3120452327841369,245.39275684726573,155.81724506641257,653.5388449975326,-37.358770317996765,-17.931474317613535,-33.93015849988617,-0.0307173359001381,-0.0433271935570756,0.9632799936300214,4.852263826073606,32.57215617212502,-15.429111956427736,-25.526401910123816,0.2870729134141697,0.247528548542941,0.8726460744635,5.502569109200063,30.45994829401995,-17.15238430274211,-25.19009899065716,0.4645886120549442,0.491688615550925,0.736477920162224,5.610149383544922,0.0,True,3.0,imu,-0.3010454176568651,-9.584073035769569,2.693619023364514,2.033186547820528,1.0681109754942926,-3.251293104467331,98.7999454884569,-37.48080563877807,132.80148577018073,422.5181516607154,10.125876961358358,False,-0.7148557313636483,0.699271966645699,692.6945037577582,-78.03347220087012,125.90553305015187,1296.4196456958755,False,inf
62.413324,-585302.9774506291,-1287.6690023286685,695.2131681667342,-77.61183630318953,197.7768745566223,292.38905019263314,1301.3941963027737,-34181782.412480354,102.46748931652633,292.65592239756285,32023246622.84893,197.27543563069057,197.7768745566223,-33237173676469.79,103.8695470529916,-8.908303736739114,448.1924291439421,456.44497391469264,-615262.9675413414,-391.682226383004,441.71803195244087,1301.3941963027737,-2226194467745.5537,4733.48732300851,2661.0083065740696,197.8897255581385,-16941966.42578224,12788820702278.633,3.0000000000034817,-0.8579830000003028,-168753106.62868306,-59.094144113469774,422.646369298096,10.251992430901623,0.0,-5.396624155156382e-19,0.0,5.3323738083415444e-18,-1743.3591022041594,5.318312298513301,-1743.3591022041594,0.0,-2150.880043849764,0.0,0.0,2810.819999997577,-14.617700000000184,0.0,0.0,0.0,0.0,0.0,0.0,0.0,0.0,0.0,0.0,0.0,3785.529999997714,-83.48819999990883,0.0,0.0,0.0,0.0,0.0,0.0,0.0,0.0,0.0,0.0,0.0,7388.6299999979965,-42.010500000046704,0.0,0.0,0.0,0.0,0.0,0.0,0.0,0.0,0.0,999.0000000018408,999.0000000018408,1.0000000000001563,-305.16996563658864,gaze,0.3235074212603515,0.31128483686705,201.58714246381675,114.30151119702292,576.6982262462496,-37.36951643922595,-17.937397845147277,-33.93663092248963,-0.0308935085809948,-0.0432319278827832,0.96301621413558,4.852545279596871,32.30974399662078,-15.470357211619922,-25.4991179873862,0.2852456295914793,0.2454172604375125,0.8738566532667171,5.495551294588642,31.0045206884543,-16.891208942200088,-26.187079267199667,0.1840889169989319,0.1426749371572292,0.9098522020321352,5.243940982051974,29.93579276331845,True,0.303715104349847,imu,-0.2930948720000001,-9.532163020800002,2.7586807136,2.06373463,1.98087114,-3.36927453,98.80141462773376,-37.48102087420229,132.80374425632326,422.646369298096,10.251992430901623,False,-0.6523918187075638,0.7578818607694983,693.8256572700193,-78.3016351952569,147.75020119012694,1301.3941963027737,False,inf
62.421778,-589791.9100108247,-1295.128361674038,696.8821060113751,-77.83683223770458,198.85980090041645,294.2081187996596,1309.106802828411,-34450399.85978031,103.12024436059453,294.47663548472644,32283883158.06175,198.36201621837867,198.85980090041645,-33509483440784.543,104.31907818653896,-8.963181522984401,449.9175623852885,458.934672145797,-619978.6357860148,-393.9991463676535,443.4224192163474,1309.106802828411,-2244425400197.35,4759.269463981273,2677.085689448124,199.07963235335023,-17075173.531691074,12893550706871.28,3.000000000003439,-0.8579830000002744,-170091257.15241313,-59.44254349043776,422.84509831424657,10.44749100841409,0.0,-5.429613747183937e-19,0.0,5.364970636590818e-18,-1753.4686966510512,5.349667251914135,-1753.4686966510512,0.0,-2163.3296534861115,0.0,0.0,2810.819999997489,-14.61770000000024,0.0,0.0,0.0,0.0,0.0,0.0,0.0,0.0,0.0,0.0,0.0,3785.529999997612,-83.48819999990837,0.0,0.0,0.0,0.0,0.0,0.0,0.0,0.0,0.0,0.0,0.0,7388.629999997793,-42.01050000004648,0.0,0.0,0.0,0.0,0.0,0.0,0.0,0.0,0.0,999.0000000018264,999.0000000018264,1.000000000000128,-306.8022355162011,gaze,0.3225907876847999,0.3101457980483411,138.4802722763231,62.53013570545996,438.75358283205225,-37.386127737194016,-17.94627891208749,-33.94627877505123,-0.0311797220683058,-0.0431093356690088,0.9626168110531864,4.85304209124223,31.7926043765536,-15.534696707402803,-25.45755864325091,0.2824066948968399,0.2421725160183463,0.875729880279839,5.48465178690534,30.150949672006107,-16.914324106307042,-26.324827510482585,0.1839933645383522,0.1427059811148382,0.9099853852606496,5.241973009819802,140.98691905076416,True,0.2779650414396197,imu,-0.2889078024000001,-9.535153784800002,2.7586807136,2.20579592,2.03320951,-3.40665908,98.80397964080647,-37.48142477836433,132.80799938494837,422.84509831424657,10.44749100841409,False,-0.546268729633577,0.8376099778682904,695.5997208856836,-78.70660082152747,179.75990088995786,1309.1068028284112,False,inf
62.427833,-593023.8935196652,-1300.4917141278793,698.0819332985702,-77.99845439625562,199.63829942564564,295.51642406756423,1314.6521517586584,-34643826.38043785,103.58977825228904,295.786123402183,32471599444.422207,199.1430731763566,199.63829942564564,-33705614246034.305,104.64194815375978,-9.002647571946799,451.156040833638,460.7244361977336,-623373.8551948223,-395.66512364861535,444.6460277913002,1314.6521517586584,-2257556176502.8257,4777.803319698445,2688.6478728520806,199.93534567606355,-17171094.04171878,12968982184537.129,3.00000000000351,-0.8579830000002993,-171054885.29507327,-59.69307453574619,422.9879382560375,10.588029789911843,0.0,-5.453339885307329e-19,0.0,5.3884142987212144e-18,-1760.7379568254928,5.372214333581385,-1760.7379568254928,0.0,-2172.281411345364,0.0,0.0,2810.8199999975186,-14.617700000000184,0.0,0.0,0.0,0.0,0.0,0.0,0.0,0.0,0.0,0.0,0.0,3785.529999997671,-83.48819999990837,0.0,0.0,0.0,0.0,0.0,0.0,0.0,0.0,0.0,0.0,0.0,7388.629999997764,-42.010500000046704,0.0,0.0,0.0,0.0,0.0,0.0,0.0,0.0,0.0,999.0000000018408,999.0000000018408,1.000000000000135,-307.9756647327712,gaze,0.3219622534998054,0.3093570971947121,97.8198955847166,35.27471862205689,330.3965139061324,-37.398027181077936,-17.95243345385689,-33.95292661167856,-0.0313953553065536,-0.043040334946893,0.9623369409551952,4.853445691770012,31.34007249805521,-15.58123687869938,-25.4282408694702,0.2803612664735987,0.2398615748981251,0.8770737717756852,5.476802871302253,30.45994829401995,-17.15238430274211,-25.19009899065716,0.4645886120549442,0.491688615550925,0.736477920162224,5.610149383544922,282.36834267373405,False,-1.0,imu,-0.2994269986360325,-9.585078785129411,2.6893119594667025,2.0442320002928307,1.082328696762244,-3.264263345039754,98.80604059062304,-37.48176772817527,132.81162321308196,422.9879382560375,10.588029789911843,False,-0.4639092852208911,0.8858827095534949,696.8895985426287,-78.98807393414582,201.0895587143864,1314.6521517586582,False,inf
62.430233,-594308.8547477219,-1302.622369898992,698.5585431873333,-78.06262559501567,199.94753581528144,296.03625112733505,1316.8550867142983,-34720733.99174404,103.7763516528244,296.30642034187633,32546245110.35424,199.45330994161048,199.94753581528144,-33783607622113.805,104.77013186335466,-9.01832786772266,451.6476000379187,461.43535970504695,-624723.7125789099,-396.3269735803616,445.1316905508227,1316.8550867142983,-2262777753489.527,4785.165247437514,2693.2416402757185,200.2753246853925,-17209232.761543006,12998978221627.316,3.000000000003439,-0.8579830000002993,-171438041.60385728,-59.79260757202995,423.0446719797328,10.643854333091213,0.0,-5.462766833264352e-19,0.0,5.397729012378245e-18,-1763.6258412218815,5.381172023784237,-1763.6258412218815,0.0,-2175.837688955477,0.0,0.0,2810.819999997533,-14.61770000000024,0.0,0.0,0.0,0.0,0.0,0.0,0.0,0.0,0.0,0.0,0.0,3785.5299999976414,-83.48819999990837,0.0,0.0,0.0,0.0,0.0,0.0,0.0,0.0,0.0,0.0,0.0,7388.629999997967,-42.01050000004716,0.0,0.0,0.0,0.0,0.0,0.0,0.0,0.0,0.0,999.0000000018626,999.0000000018626,1.0000000000001634,-308.4417799462882,gaze,0.3217197004791356,0.3090508637589907,82.98864888801145,26.763101516087108,286.53693696585464,-37.40274277735164,-17.95482412028445,-33.95550081593927,-0.0314833080000219,-0.043017422333868,0.9622274773603527,4.853616988228845,31.142321042245392,-15.599787487752897,-25.416726004088023,0.2795477553601063,0.2389487490137309,0.8776069188947011,5.473682402949565,28.088467276346403,-16.937364478391327,-26.48376263316531,0.1838578123414408,0.1427235353274394,0.9101296337749768,5.239953579193717,352.1857876519096,False,0.2367301681475184,imu,-0.266177996,-9.5154147424,2.754493644000001,2.33290339,1.90610204,-3.63096638,98.8069097809686,-37.481916127507134,132.8131934069579,423.0446719797328,10.643854333091213,False,-0.4299761197509394,0.9028402607570876,697.4051296093246,-79.09734590411628,209.11709404794797,1316.8550867142983,False,inf
62.438688,-598853.408178153,-1310.1502586890251,700.2423070272798,-78.28919179415436,201.039966476924,297.87326418143294,1324.638251300399,-34992761.04342365,104.43574629973608,298.1450938079837,32810309999.51075,200.5492023704859,201.039966476924,-34059522848560.387,105.22265831148232,-9.0737372042893,453.382344647758,463.9467767604796,-629497.7738866529,-398.665470139546,446.8456511491541,1324.638251300399,-2281249962369.2803,4811.171981658991,2709.4745322002072,201.4766818073152,-17344132.33892005,13105094254667.695,3.0000000000035243,-0.8579830000002779,-172793342.38968933,-60.1443008550711,423.2450691305203,10.841061819158654,0.0,-5.496080093371116e-19,0.0,5.430645655204476e-18,-1773.8295008224063,5.412823418937312,-1773.8295008224063,0.0,-2188.402874628408,0.0,0.0,2810.819999997475,-14.617700000000127,0.0,0.0,0.0,0.0,0.0,0.0,0.0,0.0,0.0,0.0,0.0,3785.5299999976414,-83.48819999990701,0.0,0.0,0.0,0.0,0.0,0.0,0.0,0.0,0.0,0.0,0.0,7388.629999997909,-42.01050000004625,0.0,0.0,0.0,0.0,0.0,0.0,0.0,0.0,0.0,999.00000000187,999.00000000187,1.0000000000001492,-310.08842969893107,gaze,0.3208954681791607,0.3080014334656347,37.70014152154061,6.667975291865804,135.83835127971207,-37.41934472203441,-17.963020416536864,-33.9642937888454,-0.0318045040170171,-0.042957199082723,0.9618486523771196,4.854272982935635,30.367154602416505,-15.665597944149251,-25.376647943641963,0.2766693964262774,0.235747855370954,0.8794870997991162,5.462648329840039,23.82883595512363,-16.96031385537441,-26.66192134896443,0.1836815314328264,0.142727276196773,0.910285159359324,5.23788387627752,619.169419475632,False,0.1821489167821234,imu,-0.2733558296,-9.504647992000002,2.747913963200001,2.63197979,1.71917929,-3.83284295,98.81021101657696,-37.482495627914886,132.81933327259014,423.2450691305203,10.841061819158654,False,-0.3054771532067977,0.952199406043015,699.2396455000644,-79.47058032543524,235.21372834641187,1324.638251300399,False,inf
62.447142,-603425.1541412225,-1317.7112439440637,701.9332214520437,-78.51650589197095,202.1369778712786,299.7189708405461,1332.4554836666548,-35266456.47369385,105.09836188210186,299.99246859117164,33076054566.41524,201.64957692579773,202.1369778712786,-34337204929399.12,105.67660706653392,-9.129403843646385,455.1215965277465,466.46865847570666,-634300.3823658627,-401.0143931933842,448.5641039809941,1332.4554836666548,-2299840406786.6704,4837.2869231759205,2725.782702592104,202.6835803369624,-17479860.102143988,13211889499327.48,3.000000000003496,-0.8579830000002922,-174157038.01449358,-60.497587078445406,423.44626821680686,11.039092485955509,0.0,-5.529550133058583e-19,0.0,5.4637172110370345e-18,-1784.0786187095453,5.4446181739746615,-1784.0786187095453,0.0,-2201.02390827456,0.0,0.0,2810.819999997475,-14.61770000000024,0.0,0.0,0.0,0.0,0.0,0.0,0.0,0.0,0.0,0.0,0.0,3785.529999997583,-83.4881999999061,0.0,0.0,0.0,0.0,0.0,0.0,0.0,0.0,0.0,0.0,0.0,7388.62999999788,-42.010500000046704,0.0,0.0,0.0,0.0,0.0,0.0,0.0,0.0,0.0,999.00000000187,999.00000000187,1.0000000000001492,-311.7420122368024,gaze,0.3201193895655235,0.3069988986282611,5.440679349416307,-0.0443904813147068,9.339261821141733,-37.43591639652728,-17.97085476378283,-33.97265489706926,-0.0321435417924905,-0.0429296738181655,0.961480775246054,4.855013091216382,29.482005683371547,-15.732094760867968,-25.337351269510567,0.2737722179863758,0.2325717400192201,0.8813697454076417,5.451554856735838,16.58623085778696,-16.983155802322734,-26.856967039541697,0.1834638066259759,0.1427168838997402,0.910452170461472,5.235765135654264,823.6710539623805,False,0.1167741151812924,imu,-0.2775428992,-9.5184055064,2.760475172,2.88619473,1.46496435,-3.99733497,98.81388877048462,-37.483163950468885,132.82642403827924,423.44626821680686,11.039092485955509,False,-0.1749317827540551,0.9845805560656212,701.1005625231334,-79.82329130209226,257.47830070080425,1332.4554836666548,False,inf
62.447925,-603849.9916081787,-1318.4132574705052,702.0902047750624,-78.53759873531533,202.238820669594,299.8903700940227,1333.1812812396931,-35291892.15858173,105.15989993496623,300.16402274552746,33100754387.4198,201.7517262064408,202.238820669594,-34363014888409.57,105.71872607882436,-9.134573007527404,455.2829227382873,466.7027780316935,-634746.672191848,-401.2324906002132,448.7235029287797,1333.1812812396931,-2301568346368.805,4839.711302658954,2727.297062521947,202.79565018202052,-17492473.90463551,13221815874339.594,3.0000000000035385,-0.8579830000002922,-174283776.25214124,-60.53039095141574,423.4649449053395,11.057476781782384,0.0,-5.532658242601063e-19,0.0,5.466788316396279e-18,-1785.0302471605671,5.447570429207159,-1785.0302471605671,0.0,-2202.1957619694263,0.0,0.0,2810.819999997475,-14.617700000000127,0.0,0.0,0.0,0.0,0.0,0.0,0.0,0.0,0.0,0.0,0.0,3785.5299999976414,-83.4881999999061,0.0,0.0,0.0,0.0,0.0,0.0,0.0,0.0,0.0,0.0,0.0,7388.629999997735,-42.010500000046704,0.0,0.0,0.0,0.0,0.0,0.0,0.0,0.0,0.0,999.00000000187,999.00000000187,1.0000000000001492,-311.8955266491563,gaze,0.0,0.0,0.0,0.0,0.0,-36.97941145952479,-17.63866192085172,-33.62470795218903,-0.0514752419586189,-0.2106486230808059,0.976205642812754,5.103703022003174,34.88208903578391,-18.65351316060637,-24.24699885949699,0.4711903522942189,0.566272988508171,0.676250363690013,5.545035362243652,14.705643541074757,-17.649235921735578,-27.062976198250084,0.3372230836113721,0.3347503991323036,0.7813529617068038,5.467259287834168,835.563017839904,False,-1.0,imu,-0.2979882708934164,-9.58603235383594,2.685149323996831,2.041785824726494,1.094340326096242,-3.280010331099616,98.81424866687884,-37.48323037404991,132.82712909454784,423.4649449053395,11.057476781782384,False,-0.0447921699199706,0.9989963270772624,701.2741659888138,-79.85482677151028,273.4582321420109,1333.1812812396931,False,inf
62.450764,-605392.3719562509,-1320.9610711619896,702.6599253833265,-78.61413302422488,202.60842218102732,300.5124728794713,1335.8154032578695,-35384239.81856346,105.38326283004248,300.78668774150333,33190434727.563946,202.12243179777536,202.60842218102732,-34456726777875.94,105.87154756095066,-9.153334409986362,455.8681985417116,467.5524253149095,-636366.9343875757,-402.0240407160994,449.30178962446,1335.8154032578695,-2307842218554.53,4848.509648279475,2732.793402157025,203.2024033298963,-17538270.063401848,13257856953405.633,3.000000000003567,-0.857983000000317,-174743922.34605503,-60.64944922984797,423.532722394868,11.124195632033548,0.0,-5.543939230394839e-19,0.0,5.477934996265916e-18,-1788.4840300977771,5.458285335501431,-1788.4840300977771,0.0,-2206.4488076854723,0.0,0.0,2810.819999997577,-14.617700000000356,0.0,0.0,0.0,0.0,0.0,0.0,0.0,0.0,0.0,0.0,0.0,3785.529999997671,-83.48819999990883,0.0,0.0,0.0,0.0,0.0,0.0,0.0,0.0,0.0,0.0,0.0,7388.629999998055,-42.010500000047614,0.0,0.0,0.0,0.0,0.0,0.0,0.0,0.0,0.0,999.0000000018916,999.0000000018916,1.0000000000001703,-312.4526536293564,gaze,0.3198018957755483,0.3065840061777909,-3.6436699767000817,0.1268115448854633,-30.195066544400948,-37.44300379994038,-17.974097794020444,-33.9761048768957,-0.0322943367536807,-0.0429281354622674,0.9613265986032914,4.855356719796198,29.074336796437752,-15.760790214350466,-25.32075813082689,0.2725251637339597,0.2312188261513569,0.882177047155184,5.446784435510468,12.693230590062448,-16.992906618413627,-26.94505223284093,0.1833576528389069,0.1427080268514282,0.9105273011287048,5.234842559190865,864.2247220121801,False,0.0861504215583828,imu,-0.2978006711189664,-9.586162188302,2.68457562646746,2.040310906906737,1.0958183054906974,-3.282475494405496,98.499886,-36.92070680000001,132.9913552,423.532722394868,11.124195632033548,False,-0.1177124627989328,0.9930477209589728,701.9052858879721,-79.96747268301398,265.7146151365062,1335.8154032578695,False,inf
62.455597,-608025.3008298208,-1325.3072269138677,703.6317109105512,-78.74462365949796,203.23884458091624,301.5738395530671,1340.308747232932,-35541892.99028301,105.76436734139445,301.8490135618433,33343549981.970848,202.75470780723924,203.23884458091624,-34616728347057.67,106.13208884450675,-9.185341868306342,456.8657734566318,469.00163563939054,-639132.8070511721,-403.3743341408975,450.2874621009564,1340.308747232932,-2318554072721.9263,4863.516603007576,2742.170281142613,203.89632555386385,-17616452.116114706,13319392598147.008,3.0000000000035243,-0.8579830000002993,-175529491.53672305,-60.85255545791459,423.6483191390089,11.237995680693302,0.0,-5.563185445942791e-19,0.0,5.496952072369568e-18,-1794.3757782662542,5.476564318059583,-1794.3757782662542,0.0,-2213.7039701996946,0.0,0.0,2810.8199999974604,-14.61770000000024,0.0,0.0,0.0,0.0,0.0,0.0,0.0,0.0,0.0,0.0,0.0,3785.529999997583,-83.48819999990519,0.0,0.0,0.0,0.0,0.0,0.0,0.0,0.0,0.0,0.0,0.0,7388.629999997793,-42.01050000004716,0.0,0.0,0.0,0.0,0.0,0.0,0.0,0.0,0.0,999.00000000187,999.00000000187,1.0000000000001492,-313.40294228774474,gaze,0.3193925032536094,0.3060443112162131,-10.783450018776234,1.994968958074868,-62.550483696723006,-37.45244616032839,-17.978316734782787,-33.98058454619747,-0.0325007767262432,-0.0429358582922656,0.961124160002516,4.855840638412678,28.50900849854272,-15.799266873692703,-25.29884815469885,0.2708557959732554,0.2294212020577285,0.8832548395782011,5.440403404171039,7.23493677239942,-17.005881707473616,-27.06625376141833,0.1832038375693073,0.1426920313400344,0.910630937467527,5.23359786192832,865.901935070642,False,0.0433996233999459,imu,-0.2895059552,-9.5303685624,2.748512116,3.03573293,1.23318014,-4.04219643,98.81794940676468,-37.4839220147697,132.8344718363974,423.6483191390089,11.237995680693302,False,-0.0406122131475462,0.9991749837457192,702.9854159166966,-80.15292468588348,275.3950515947447,1340.308747232932,False,inf
62.464052,-612653.4361394753,-1332.937428011561,705.3376003030389,-78.97352025221915,204.3454522133066,303.43768440206907,1348.1972337082968,-35819046.30321503,106.43369670832855,303.7145426336619,33612773243.530296,203.8644790345337,204.3454522133066,-34898069181305.984,106.58905336440996,-9.24154562459052,458.614676292644,471.54544483340896,-643994.614856726,-405.7450515531695,452.0155290238937,1348.1972337082968,-2337389358223.0464,4889.858292345672,2758.6356156255747,205.11479483889755,-17753896.343888268,13427594348425.594,3.000000000003596,-0.8579830000003135,-176910582.72964478,-61.20916995170175,423.8512004526328,11.437750531942925,0.0,-5.5969826593413e-19,0.0,5.530346906673704e-18,-1804.719928993284,5.508658607533222,-1804.719928993284,0.0,-2226.441765840222,0.0,0.0,2810.819999997489,-14.617700000000356,0.0,0.0,0.0,0.0,0.0,0.0,0.0,0.0,0.0,0.0,0.0,3785.5299999976414,-83.4881999999061,0.0,0.0,0.0,0.0,0.0,0.0,0.0,0.0,0.0,0.0,0.0,7388.629999997851,-42.010500000047614,0.0,0.0,0.0,0.0,0.0,0.0,0.0,0.0,0.0,999.0000000019209,999.0000000019209,1.0000000000001634,-315.0710482631034,gaze,0.3187161387630435,0.3051390955163473,-9.92841104889382,4.059472269670348,-44.88544613850195,-37.468916140719394,-17.985392949014802,-33.98808041371391,-0.0328764473806076,-0.0429767878747831,0.960779256758876,4.856758734850118,27.47932446593657,-15.867078249547824,-25.26116400612851,0.2679207386304576,0.2262981892865177,0.8851416913395312,5.429199398467985,-1.0309746847351473,-17.028474566054285,-27.28668707831411,0.1829008931232244,0.1426523914577387,0.9108216742180262,5.231383333777039,744.1406085188511,False,-0.0350359031906084,imu,-0.3080486920000001,-9.556089132800002,2.7449231992,3.11797894,1.09111885,-3.99733497,98.82239760567838,-37.484770514992064,132.84347879388352,423.8512004526328,11.437750531942925,False,0.0950423012498308,0.9954732346844573,704.8907041388487,-80.45719569463641,288.5012109712354,1348.1972337082968,False,inf
62.467905,-614771.8263874003,-1336.4259420446715,706.1174466241737,-79.07808882906681,204.8513173164619,304.2900369010814,1351.8037838073124,-35945918.53362751,106.73982039586586,304.56766529351205,33736035456.056805,204.37175212613684,204.8513173164619,-35026883295379.707,106.7977878615132,-9.26724644080636,459.4132322387957,472.70827784873313,-646219.9554605811,-406.8289874742657,452.80458428581176,1351.8037838073124,-2346013224016.2666,4901.899624568566,2766.164843324953,205.67196342478184,-17816814.345944338,13477135265802.562,3.00000000000351,-0.857983000000285,-177542831.2700007,-61.37222909255567,423.9439308804722,11.52906331706231,0.0,-5.612438132679527e-19,0.0,5.54561837195911e-18,-1809.4494572684573,5.523333466052731,-1809.4494572684573,0.0,-2232.265667025189,0.0,0.0,2810.819999997432,-14.617699999999786,0.0,0.0,0.0,0.0,0.0,0.0,0.0,0.0,0.0,0.0,0.0,3785.529999997525,-83.48819999990383,0.0,0.0,0.0,0.0,0.0,0.0,0.0,0.0,0.0,0.0,0.0,7388.629999997676,-42.01050000004716,0.0,0.0,0.0,0.0,0.0,0.0,0.0,0.0,0.0,999.00000000187,999.00000000187,1.000000000000142,-315.8336018847666,gaze,0.0,0.0,0.0,0.0,0.0,-36.93908183748843,-17.91135668143387,-34.16721430354481,-0.0617154595543786,-0.2635342610287881,0.9626738260262416,5.191310405731201,25.84380025658031,-16.06562271024439,-25.15655853937622,0.1573852543967702,0.2159801521856164,0.9636298332660432,5.503380298614502,-3.2981510011622497,-17.56728861828409,-29.298869913651764,0.1288462262944979,0.0770175641460482,0.894689916448763,5.335857272148132,653.0145876822932,False,-1.0,imu,-0.296752762881168,-9.586919097486742,2.68119244906348,2.025346092011933,1.1034238910522915,-3.298723901842073,98.82455451461703,-37.48518738870497,132.8479018827505,423.9439308804722,11.52906331706231,False,0.0810172594854739,0.996712698657674,705.7647655498237,-80.58693774787722,288.35739062228987,1351.8037838073124,False,inf
62.472506,-617309.1351099854,-1340.60105170576,707.0507110833478,-79.20317046061177,205.4566841648713,305.3103152985593,1356.1201183806356,-36097891.33515072,107.10628247068226,305.58886554451817,33883700557.89096,204.97877245846428,205.4566841648713,-35181202680748.63,107.04744964810834,-9.298009335157325,460.3681036519688,474.0998175869237,-648885.3591999087,-408.1262989806072,453.74810603169175,1356.1201183806356,-2356344605715.6475,4916.309210131743,2775.177017658604,206.3388629098379,-17892180.35770365,13536485227935.96,3.0000000000035243,-0.8579830000002957,-178300187.40763065,-61.56739375213072,424.0548903240251,11.63833576985337,0.0,-5.630938325340445e-19,0.0,5.563898307085526e-18,-1815.109998518467,5.540897729808067,-1815.109998518467,0.0,-2239.2359737570387,0.0,0.0,2810.8199999974167,-14.617700000000127,0.0,0.0,0.0,0.0,0.0,0.0,0.0,0.0,0.0,0.0,0.0,3785.529999997583,-83.48819999990519,0.0,0.0,0.0,0.0,0.0,0.0,0.0,0.0,0.0,0.0,0.0,7388.629999997735,-42.010500000047614,0.0,0.0,0.0,0.0,0.0,0.0,0.0,0.0,0.0,999.000000001899,999.000000001899,1.0000000000001563,-316.746155231584,gaze,0.3180916142784904,0.3042846661506963,-1.4950814070582676,-12.554699714740243,85.78840243105574,-37.48530814291906,-17.99207005740395,-33.99514065082295,-0.0332707859898843,-0.0430534933440999,0.9604465149471468,4.8577704904856125,26.43458693234963,-15.935491122373964,-25.22432305894764,0.2649676683597773,0.2232046565657672,0.8870296020020305,5.417948363448843,-5.120686705247681,-17.050917154628422,-27.514833071995103,0.1825542569564749,0.1425976414034938,0.911024590909782,5.229122877390685,532.1669734089061,False,-0.1156126377061483,imu,-0.3206099008000001,-9.5746318696,2.7180063232,3.17779422,1.04625739,-3.91508896,98.8272374467452,-37.48571010895837,132.85344498856293,424.0548903240251,11.63833576985337,False,0.2295131934681361,0.9733055501866092,706.8125908286204,-80.7342836975373,296.41037414210325,1356.1201183806354,False,inf
62.480961,-621993.6269508612,-1348.3000242581115,708.7714731146079,-79.4336306186957,206.5728184777728,307.1922072836257,1364.0793903907183,-36378502.0865345,107.7822960172368,307.4724577633468,34156404402.630825,206.0978656505216,206.5728184777728,-35466204703341.43,107.50738947670612,-9.354747277234395,462.1264766479724,476.6653925902632,-653806.3311775683,-410.51867570172806,455.485609504404,1364.0793903907183,-2375424893223.773,4942.875969086437,2791.798673995341,207.56883924261413,-18031340.86425308,13646094407969.352,3.000000000003567,-0.8579830000002779,-179698675.14082724,-61.92731728160392,424.2594392541741,11.839801359420107,0.0,-5.66506105652534e-19,0.0,5.597614783651345e-18,-1825.548604643382,5.573289822641477,-1825.548604643382,0.0,-2252.089816536052,0.0,0.0,2810.819999997402,-14.617700000000012,0.0,0.0,0.0,0.0,0.0,0.0,0.0,0.0,0.0,0.0,0.0,3785.529999997525,-83.48819999990292,0.0,0.0,0.0,0.0,0.0,0.0,0.0,0.0,0.0,0.0,0.0,7388.629999997676,-42.01050000004784,0.0,0.0,0.0,0.0,0.0,0.0,0.0,0.0,0.0,999.000000001899,999.000000001899,1.000000000000135,-318.4286831696073,gaze,0.3175200419718944,0.3034821512078978,-12.509892369039164,-79.34564008877739,321.9091332970688,-37.5016094327393,-17.99833690573586,-34.00176616099246,-0.0336841682181847,-0.0431670466529084,0.9601262714978384,4.8588794223478695,25.428002250768618,-16.00449058896708,-25.188335713784383,0.2619961639004955,0.2201414827850828,0.8889185360057821,5.406651900316648,-5.305861773028017,-17.073199922023832,-27.74707245985656,0.1821630816508473,0.1425274352308929,0.911239972480804,5.226817039331234,313.4048417742557,False,-0.195603993533929,imu,-0.3277877344,-9.593772759200002,2.730567532,3.3123786,0.94905756,-3.81788913,98.832474316604,-37.4867417997406,132.86437244633427,424.2594392541741,11.839801359420107,False,0.3602963189966039,0.932837907954805,708.7476586748869,-80.98296656433847,298.82509704421165,1364.0793903907186,False,inf
62.487997,-625913.545605743,-1354.733220628635,710.2091366278655,-79.62601094860986,207.50528051736225,308.76517665816493,1370.7299696933053,-36613344.83197212,108.34741590898864,309.0468481555764,34384676464.71343,207.03271062618063,207.50528051736225,-35704780332835.93,107.89127558779757,-9.402167549175635,463.5933593326925,478.8087228083769,-657924.1187606817,-412.517836559053,456.9351125995887,1370.7299696933053,-2391396989799.1406,4965.070223405453,2805.690613112002,208.59679735866027,-18147804.74199482,13737848176906.031,3.0000000000035527,-0.8579830000002993,-180869131.57132,-62.22810259331861,424.4302970327608,12.008109930198884,0.0,-5.693581704173411e-19,0.0,5.625795873339325e-18,-1834.2714845636704,5.600359644096792,-1834.2714845636704,0.0,-2262.8308550157058,0.0,0.0,2810.8199999973585,-14.617700000000012,0.0,0.0,0.0,0.0,0.0,0.0,0.0,0.0,0.0,0.0,0.0,3785.529999997554,-83.48819999990201,0.0,0.0,0.0,0.0,0.0,0.0,0.0,0.0,0.0,0.0,0.0,7388.629999997735,-42.01050000004807,0.0,0.0,0.0,0.0,0.0,0.0,0.0,0.0,0.0,999.0000000019354,999.0000000019354,1.000000000000142,-319.83435662343345,gaze,0.2747004184253302,0.3989285171122572,-57.6737468166545,-184.78962976068243,568.1924223933486,-36.92705326548707,-17.971116298300387,-34.33816022492796,-0.0628289866334767,-0.2752552228129827,0.9592379753341916,5.200791558573932,24.11203032965096,-15.652978230666411,-25.51818723392644,0.113730903724123,0.1227601926292616,0.9803973857020212,5.504092771770426,-4.334604490080851,-17.315541500350523,-29.508637852243577,0.094381137044773,0.0259292044000786,0.9197325044718774,5.341385569822815,169.91278879824344,False,-1.0,imu,-0.2957144801204966,-9.587744722778762,2.6774128116808207,1.9944165218625616,1.1091141167278369,-3.320962211021568,98.83713727971724,-37.487671037036925,132.8741964986849,424.4302970327608,12.008109930198884,False,0.3783778607477557,0.925651227242719,710.3649172781527,-81.16767932702207,299.93138795395885,1370.7299696933055,False,inf
62.489416,-626706.490806965,-1356.0335546920371,710.499708839192,-79.66487561631175,207.69373917552767,309.0831714845932,1372.0742296976755,-36660853.7342453,108.46167029026296,309.36513024542626,34430861244.236,207.2216410654977,207.69373917552767,-35753050771596.82,107.96882205665872,-9.41175370917804,463.8895944441965,479.2419028034692,-658757.088515641,-412.92193670304994,457.227841271262,1372.0742296976755,-2394628581499.236,4969.555802943021,2808.4989067577408,208.80459932536897,-18171365.562035225,13756412471574.031,3.0000000000036096,-0.8579830000003099,-181105923.02790743,-62.28890395387836,424.4648255156462,12.042126140932735,0.0,-5.699347426960014e-19,0.0,5.631492951223275e-18,-1836.0346812986063,5.605831593374258,-1836.0346812986063,0.0,-2265.0019804770945,0.0,0.0,2810.8199999974167,-14.617700000000012,0.0,0.0,0.0,0.0,0.0,0.0,0.0,0.0,0.0,0.0,0.0,3785.529999997554,-83.48819999990383,0.0,0.0,0.0,0.0,0.0,0.0,0.0,0.0,0.0,0.0,0.0,7388.629999997793,-42.01050000004852,0.0,0.0,0.0,0.0,0.0,0.0,0.0,0.0,0.0,999.0000000019354,999.0000000019354,1.0000000000001563,-320.1184581032762,gaze,0.3170027715171926,0.3027329989447523,-65.15069247926078,-211.2034689867224,619.4902792979275,-37.51780109748652,-18.004179792790943,-34.00795559296535,-0.0341168333483471,-0.0433185067277587,0.9598189870904176,4.860088737261783,24.523408706768134,-16.074036027980338,-25.153224661952663,0.2590068562688221,0.2171106667942324,0.8908077809075969,5.395315673932658,-4.628894673960503,-17.095305056435333,-27.9795063948072,0.1817266345666507,0.1424414426863272,0.9114680346444516,5.224467191176402,147.1590155356033,False,-0.2725620831446841,imu,-0.3481249296000001,-9.6129136488,2.7287730736,3.0880713,0.76213481,-3.71321239,98.8381114589984,-37.48786626899103,132.87625801818956,424.4648255156462,12.042126140932735,False,0.4848538514424821,0.8745951879249003,710.6916135563656,-81.20246515176211,295.5425706900568,1372.0742296976753,False,inf
62.49787,-631447.2927878142,-1363.8008359265136,712.2352372183286,-79.89687997545559,208.8193280492006,310.9830148115283,1380.1037996773105,-36944920.65652084,109.14433667178382,311.26668972503103,34707046746.86923,208.34997896950568,208.8193280492006,-36041715564403.92,108.43169589254929,-9.469022764383627,465.6572539531186,481.829076085286,-663737.1752548555,-415.33583189966106,458.97460091923256,1380.1037996773105,-2413953974838.1616,4996.345892682934,2825.276001525567,210.04601595505977,-18312241.753123395,13867429677484.656,3.000000000003695,-0.8579830000003135,-182521804.1513074,-62.65211640880033,424.67102698856615,12.24528855270637,0.0,-5.733793934659572e-19,0.0,5.665529349509923e-18,-1846.567140316252,5.6385196796975645,-1846.567140316252,0.0,-2277.9711247280748,0.0,0.0,2810.8199999974167,-14.61770000000024,0.0,0.0,0.0,0.0,0.0,0.0,0.0,0.0,0.0,0.0,0.0,3785.529999997554,-83.48819999990474,0.0,0.0,0.0,0.0,0.0,0.0,0.0,0.0,0.0,0.0,0.0,7388.629999997793,-42.01050000004943,0.0,0.0,0.0,0.0,0.0,0.0,0.0,0.0,0.0,999.00000000195,999.00000000195,1.0000000000001634,-321.81530268260855,gaze,0.3165411396200378,0.3020386462367497,-130.32137339682134,-351.4567213951465,907.0419433245772,-37.53386391888408,-18.009585064747384,-34.01370808217428,-0.0345690139646307,-0.0435089265647693,0.959525121200404,4.861401637659137,23.790166553321267,-16.14408506539478,-25.11901132070572,0.2560003903286838,0.2141142124958162,0.8926966171302014,5.383945441808013,-4.866719765424722,-17.117214541785057,-28.20810570768286,0.1812441989155599,0.1423393381740015,0.911708989154463,5.222074750943332,65.92034914193265,False,-0.3444873723711715,imu,-0.3451341656,-9.6200914824,2.72159524,2.91610237,0.6798887999999996,-3.66835093,98.84415146347008,-37.48908416103273,132.88909635749226,424.67102698856615,12.24528855270637,False,0.6007147052825925,0.7994634718717598,712.6400374152807,-81.39258910511533,286.4703549477221,1380.1037996773107,False,inf
62.506325,-636217.2833968367,-1371.603819478476,713.9784935822136,-80.12970059742963,209.949866633102,312.8922189671573,1388.17011543793,-37230778.1639595,109.83046902433128,313.17761833862977,34985034713.019295,209.48316033575543,209.949866633102,-36332276334559.95,108.89612383770802,-9.52656891677132,467.4298796358654,484.4275591015906,-668747.9048451956,-417.7609685268157,460.7263081673904,1388.17011543793,-2433406244600.227,5023.252933491071,2842.134202703533,211.2934028468113,-18454006.794673845,13979175733164.32,3.0000000000036664,-0.8579830000003064,-183946694.6815784,-63.017046287626094,424.8780947793784,12.449339182898823,0.0,-5.768409312426263e-19,0.0,5.699732607343469e-18,-1857.1486342602584,5.671362329061954,-1857.1486342602584,0.0,-2291.0005145762666,0.0,0.0,2810.819999997402,-14.617700000000356,0.0,0.0,0.0,0.0,0.0,0.0,0.0,0.0,0.0,0.0,0.0,3785.529999997583,-83.48819999990474,0.0,0.0,0.0,0.0,0.0,0.0,0.0,0.0,0.0,0.0,0.0,7388.629999997851,-42.01050000004898,0.0,0.0,0.0,0.0,0.0,0.0,0.0,0.0,0.0,999.0000000019644,999.0000000019644,1.0000000000001634,-323.51964218355266,gaze,0.3161363351561828,0.3014003006386405,-129.24786757431673,-381.372704178258,1108.360464325651,-37.54978401238703,-18.0145408069355,-34.0190250639944,-0.0350411066873511,-0.0437394410308854,0.9592450347375084,4.862821841117628,23.29731755037444,-16.21461870130997,-25.085704133425605,0.2529763484657999,0.2111530828359965,0.8945849883687308,5.372542998493539,-4.693704343929363,-17.138917835741534,-28.42886047909576,0.1807148784531107,0.1422207561123374,0.9119631360663668,5.2196403108381535,73.07838076643333,False,-0.4099342466983485,imu,-0.34393786,-9.6296619272,2.712622948,2.75908726,0.7770886299999997,-3.51133582,98.85059860586864,-37.49039656446564,132.902884935799,424.8780947793784,12.449339182898823,False,0.7055624470813855,0.7086477497801902,714.5891654829832,-81.55381043505115,271.62819061831743,1388.17011543793,False,inf
62.507977,-637152.633652903,-1373.132495798427,714.3199844987921,-80.17528309822478,210.17132339116105,313.26632305223103,1389.750361911808,-37286836.99375534,109.96492701675233,313.5520603095999,35039557460.77716,209.7051209095881,210.17132339116105,-36389266440754.97,108.98704257524166,-9.537844356594398,467.7767843707924,484.9365578693893,-669730.4595257151,-418.2360921544904,461.06912384181805,1389.750361911808,-2437221574061.3613,5028.523547807265,2845.437345989084,211.53780828359865,-18481808.096475303,14001093381083.477,3.000000000003652,-0.8579830000003028,-184226136.4265098,-63.08854501498579,424.9186517316539,12.489309237098723,0.0,-5.775192015398287e-19,0.0,5.70643455756054e-18,-1859.2217192602773,5.6777970107902105,-1859.2217192602773,0.0,-2293.553166179841,0.0,0.0,2810.8199999974167,-14.617700000000356,0.0,0.0,0.0,0.0,0.0,0.0,0.0,0.0,0.0,0.0,0.0,3785.529999997525,-83.48819999990201,0.0,0.0,0.0,0.0,0.0,0.0,0.0,0.0,0.0,0.0,0.0,7388.629999997735,-42.01050000004875,0.0,0.0,0.0,0.0,0.0,0.0,0.0,0.0,0.0,999.00000000195,999.00000000195,1.0000000000001563,-323.85350247558534,gaze,0.547869558388385,0.7956332638722772,-115.0259995240342,-368.5491759789865,1133.217536837818,-36.91509174505171,-18.03054279367133,-34.50815323255463,-0.0639363065140452,-0.2869108477606331,0.9558212773037736,5.210219860076904,22.3899139081874,-15.24263397912513,-25.87780008068698,0.0703198980283523,0.0300598744958834,0.9970714697987172,5.504801273345947,-5.066600597168677,-17.14580322186245,-29.67972255333788,0.0715838017228681,-0.0126594683580347,0.9339109717417194,5.345416819044967,82.36362409463035,False,-1.0,imu,-0.2948929371116432,-9.588495734502873,2.673868631384652,1.94927511053554,1.1108166808404087,-3.346800946895901,98.85190597115133,-37.49066408138998,132.9056892482984,424.9186517316539,12.489309237098723,False,0.6419535961908607,0.7667434905740129,714.9696968376103,-81.58201081771685,282.7841729767918,1389.750361911808,False,inf
62.514779,-641015.4636285277,-1379.4407737837964,715.7290903691701,-80.36328442749482,211.08510278071645,314.8103646541934,1396.2713846640795,-37518366.76935768,110.51991743465396,315.0974964088234,35264767875.42928,210.620931175808,211.08510278071645,-36624673340485.08,109.36199938638772,-9.58437948144673,469.2070584548629,487.0367718640357,-673788.2276909341,-420.1968091687135,462.48255512962464,1396.2713846640795,-2452981390721.133,5050.270918625311,2859.0697985066554,212.5464850053696,-18596631.19393649,14091627659653.805,3.0000000000037232,-0.8579830000003099,-185380298.89718807,-63.3836129939998,425.0859822347848,12.65423229329076,0.0,-5.803185957033055e-19,0.0,5.734095212018497e-18,-1867.7768213040988,5.7043522880235695,-1867.7768213040988,0.0,-2304.0872654943023,0.0,0.0,2810.8199999973585,-14.61770000000024,0.0,0.0,0.0,0.0,0.0,0.0,0.0,0.0,0.0,0.0,0.0,3785.529999997554,-83.48819999990337,0.0,0.0,0.0,0.0,0.0,0.0,0.0,0.0,0.0,0.0,0.0,7388.629999997735,-42.01050000004989,0.0,0.0,0.0,0.0,0.0,0.0,0.0,0.0,0.0,999.0000000019644,999.0000000019644,1.0000000000001634,-325.231097345322,gaze,0.3157897645855722,0.3008194987305539,-29.06943487457588,-254.0817836313501,1186.8371998343296,-37.56553956818274,-18.019032501175595,-34.023905643485065,-0.0355332918887594,-0.0440110973517826,0.958979229288912,4.864352461647802,23.10742227747209,-16.285583148275204,-25.053326604003527,0.2499357450793758,0.2082296703720452,0.8964719378064105,5.361115599582171,-2.732946090538226,-17.16039378862961,-28.63766161341588,0.1801380108045263,0.1420853803518856,0.912230660328966,5.217165630658293,134.10549069897436,False,-0.4679279572562258,imu,-0.3343674152,-9.635045302400002,2.7144174064,2.54973378,0.7770886299999997,-3.4216129,98.8574537111823,-37.49180397584668,132.9176130830513,425.0859822347848,12.65423229329076,False,0.7971924892886655,0.603725214830175,716.5343581547071,-81.6871245966906,251.16295450615536,1396.2713846640793,False,inf
62.523234,-645843.098337261,-1387.313667331944,717.4874665836123,-80.59768874753081,212.2253203725972,316.7379380549084,1404.4096399132131,-37807762.66650391,111.21285742920304,317.02681055558924,35546320930.06095,211.7635747473504,212.2253203725972,-36918984775673.02,109.82943611069167,-9.642469064560885,470.9892171103195,489.657366396704,-678859.4723067603,-422.6439664081561,464.2437637585128,1404.4096399132131,-2472684647506.86,5077.406598671831,2876.0870721019805,213.80557899585372,-18740152.74655869,14204815526014.656,3.000000000003695,-0.8579830000003099,-186822997.41856083,-63.7519089885573,425.29474086763366,12.860018890474862,0.0,-5.838132682123118e-19,0.0,5.768625872245637e-18,-1878.454377378283,5.737497877774694,-1878.454377378283,0.0,-2317.2346714718933,0.0,0.0,2810.8199999973003,-14.617700000000356,0.0,0.0,0.0,0.0,0.0,0.0,0.0,0.0,0.0,0.0,0.0,3785.529999997554,-83.48819999990201,0.0,0.0,0.0,0.0,0.0,0.0,0.0,0.0,0.0,0.0,0.0,7388.629999997735,-42.01050000004966,0.0,0.0,0.0,0.0,0.0,0.0,0.0,0.0,0.0,999.0000000019644,999.0000000019644,1.0000000000001776,-326.95009700528624,gaze,0.3155026697073292,0.3002975029465811,79.56674838904341,-101.24567751616716,1177.8128891416784,-37.58111590222842,-18.023047706755413,-34.02835163040354,-0.0360459805517117,-0.0443250738817638,0.9587280823678996,4.865997355582941,23.269130264595404,-16.356956527448517,-25.021885765622795,0.246878165469786,0.2053449965208866,0.8983573945494114,5.349665175796874,-0.652397171002951,-17.18163116770133,-28.830575838750644,0.1795126661800618,0.1419328317762142,0.9125118723965868,5.214651335167433,178.50099363165845,False,-0.5179703260471351,imu,-0.3391526376000001,-9.6494009696,2.7198007816,2.22074974,0.6051196999999999,-3.48890509,98.8647202392115,-37.493307541956426,132.9332749803659,425.29474086763366,12.860018890474862,False,0.8736585759639777,0.486539507794171,718.4720305599188,-81.7942015040694,225.3378056221916,1404.4096399132131,False,inf
62.52807,-648617.3942128859,-1391.8325055418736,718.4966177280785,-80.73211804938649,212.8796748990144,317.84459983558804,1409.0807140092102,-37974088.61172104,111.61073569612752,318.13447166795095,35708167232.96964,212.41926737592647,212.8796748990144,-37088170502901.52,110.09747394531746,-9.675817247120207,472.0107038227179,491.1612576243715,-681773.7548185242,-424.04863736546935,465.2532607233192,1409.0807140092102,-2484011093406.1504,5092.978988885994,2885.856356666932,214.52838600374224,-18822639.99067708,14269881732376.242,3.0000000000036806,-0.8579830000003206,-187652205.06506348,-63.96332315796243,425.4145258995595,12.9781142767647,0.0,-5.858195977021531e-19,0.0,5.788450299779208e-18,-1884.5833039042304,5.756524550325899,-1884.5833039042304,0.0,-2324.7812335491208,0.0,0.0,2810.819999997402,-14.617700000000356,0.0,0.0,0.0,0.0,0.0,0.0,0.0,0.0,0.0,0.0,0.0,3785.529999997525,-83.48819999990155,0.0,0.0,0.0,0.0,0.0,0.0,0.0,0.0,0.0,0.0,0.0,7388.629999997735,-42.01050000005012,0.0,0.0,0.0,0.0,0.0,0.0,0.0,0.0,0.0,999.0000000019865,999.0000000019865,1.0000000000001703,-327.9366220817701,gaze,0.4622968740796469,0.573537725667402,93.1089367350384,-77.14193169285375,1161.135998435018,-37.58993645022441,-18.02512456118228,-34.03069930645384,-0.0363485289646526,-0.0445241045258911,0.9585912099219344,4.866990840536955,21.11952079474184,-14.95470156121848,-26.22182674871232,0.0604362629570921,-0.0522071716198622,0.9968058333252448,5.432158946990967,0.1706236812134264,-16.707582889733658,-28.98814339241277,0.0693542939697129,-0.0205690090104002,0.9464899440584246,5.362765244634167,171.89109786771215,False,-1.0,imu,-0.2942870396586241,-9.58917617318807,2.670536581897141,1.8896114723795392,1.10805320764835,-3.3768313928881226,98.86906160209917,-37.49421100646812,132.942647868155,425.4145258995595,12.9781142767647,False,0.8641560943195866,0.5032238514322604,719.5753500272438,-81.84447843466532,229.9702642287873,1409.0807140092104,False,inf
62.531689,-650699.7517927823,-1395.2216899008354,719.2534405144579,-80.83288799995546,213.3704007571669,318.67474529634086,1412.584041294792,-38098940.12548447,111.90922010785148,318.96536672946127,35829669439.65338,212.91097086440973,213.3704007571669,-37215185213801.26,110.2983823549707,-9.700831775732064,472.77615192584335,492.2890695434001,-683961.1807999534,-425.1021891740341,466.00973305802586,1412.584041294792,-2492514312206.228,5104.657144108662,2893.184302225798,215.0705571057933,-18884558.701048747,14318729550496.867,3.0000000000036664,-0.8579830000003028,-188274662.7941208,-64.12189676447746,425.5043484734488,13.066677328406628,0.0,-5.873245971665634e-19,0.0,5.803321113854797e-18,-1889.1802100932064,5.770795722806829,-1889.1802100932064,0.0,-2330.441386461233,0.0,0.0,2810.8199999973003,-14.617700000000127,0.0,0.0,0.0,0.0,0.0,0.0,0.0,0.0,0.0,0.0,0.0,3785.529999997525,-83.48819999990155,0.0,0.0,0.0,0.0,0.0,0.0,0.0,0.0,0.0,0.0,0.0,7388.629999997676,-42.010500000049205,0.0,0.0,0.0,0.0,0.0,0.0,0.0,0.0,0.0,999.0000000019792,999.0000000019792,1.0000000000001634,-328.67646315927044,gaze,0.3152764318333029,0.2998357994848629,71.64525052358128,-105.80416213004932,1151.3673677859765,-37.59649236065518,-18.026572203991115,-34.03236337317461,-0.0365794126925641,-0.0446824673554066,0.9584920717229396,4.867759886994042,23.810417768165586,-16.42869021902457,-24.991399237575152,0.243804278503537,0.2025011432558226,0.9002406108439143,5.338197787453355,-1.2714426956290756,-17.20261080668861,-29.003737836111515,0.1788381109636184,0.1417627754285652,0.9128069906786258,5.212098951284002,149.19208037497265,False,-0.5599332965752584,imu,-0.3236006648,-9.655382497600002,2.718604476,2.03382699,0.56025824,-3.36179762,98.87239871332127,-37.49490792260293,132.9498576935288,425.5043484734488,13.066677328406628,False,0.9332392269202964,0.3592555432240507,720.398129387729,-81.87725210476252,194.54762476073984,1412.584041294792,False,inf
62.540143,-655584.974926463,-1403.1640148950562,721.026826911142,-81.06885625458563,214.52022301441784,320.6205882122404,1420.7937320623917,-38391872.5986824,112.60893498109084,320.9129665838739,36114788144.75302,214.0629971191844,214.52022301441784,-37513248363888.19,110.76878575378112,-9.7594615974347,474.5676569590024,494.9316029649755,-689092.8812746578,-427.5712212384802,467.7802597744218,1420.7937320623917,-2512468624205.2925,5132.019671818866,2910.3597304229256,216.34128888430087,-19029835.90002488,14433359618954.057,3.000000000003737,-0.857983000000317,-189735163.4592718,-64.49353802755324,425.71478244991886,13.274185553098732,0.0,-5.908522232205036e-19,0.0,5.8381773861729385e-18,-1899.9532045814697,5.804242376749092,-1899.9532045814697,0.0,-2343.706036797724,0.0,0.0,2810.819999997286,-14.617700000000356,0.0,0.0,0.0,0.0,0.0,0.0,0.0,0.0,0.0,0.0,0.0,3785.529999997467,-83.48819999989973,0.0,0.0,0.0,0.0,0.0,0.0,0.0,0.0,0.0,0.0,0.0,7388.629999997735,-42.01050000004966,0.0,0.0,0.0,0.0,0.0,0.0,0.0,0.0,0.0,999.0000000020008,999.0000000020008,1.0000000000001703,-330.4100143707743,gaze,0.3151124164641712,0.2994358601698859,-45.92690780929268,-266.5405332689417,1142.1176792163485,-37.61164801487474,-18.029591848635093,-34.035941725849426,-0.0371338209885185,-0.0450843662312076,0.9582716729791582,4.86964340844256,24.73192700506343,-16.5007338319882,-24.961883202906453,0.2407147663257842,0.1997001940642378,0.9021208328420908,5.32671957873277,-4.307516391731423,-17.223313361777613,-29.153503182526634,0.1781136291815798,0.1415748817820641,0.9131162290790308,5.209510050333318,69.30434078440402,False,-0.5940274087506513,imu,-0.3247969704000001,-9.6523917336,2.7054451144,1.98896553,0.6724118899999998,-3.11505959,98.88048891807334,-37.49660573857472,132.9673458599948,425.71478244991886,13.274185553098732,False,0.9745218052368074,0.2242927799060727,722.3089164893784,-81.93906043371707,159.31130718907266,1420.7937320623917,False,inf
62.548049,-660180.0169980661,-1410.6234929782383,722.6921779894601,-81.29025149354584,215.59993889754844,322.4487106522129,1428.5041677801923,-38667443.19402695,113.26641207730574,322.7427395311803,36383064694.34944,215.14467218523023,215.59993889754844,-37793715815955.59,111.2100685759252,-9.814539712541563,476.2473661129631,497.4129556881736,-693919.7425239632,-429.8902830669372,469.44033681272487,1428.5041677801923,-2531244914042.582,5157.713081625379,2926.4946545700623,217.5350093732564,-19166503.420220785,14541222382657.508,3.000000000003709,-0.8579830000002993,-191109179.1461602,-64.8426297987832,425.9123480224225,13.469036077630108,0.0,-5.941663575595347e-19,0.0,5.87092415899844e-18,-1910.0718431222203,5.835659640525681,-1910.0718431222203,0.0,-2356.1648646408803,0.0,0.0,2810.819999997213,-14.617700000000012,0.0,0.0,0.0,0.0,0.0,0.0,0.0,0.0,0.0,0.0,0.0,3785.5299999974086,-83.48819999989746,0.0,0.0,0.0,0.0,0.0,0.0,0.0,0.0,0.0,0.0,0.0,7388.629999997618,-42.01050000004898,0.0,0.0,0.0,0.0,0.0,0.0,0.0,0.0,0.0,999.0000000020008,999.0000000020008,1.0000000000001563,-332.0379016258274,gaze,0.5487674784937265,0.798161191776625,-117.0659901727234,-371.5261102091467,1132.15126251169,-36.91547149485297,-18.04336686453009,-34.54225246459462,-0.0656057940582134,-0.2893370678760455,0.9549764085771354,5.215756416320801,25.91364040128076,-16.56835712331161,-24.93516569778073,0.2378113380577473,0.1971208934540925,0.903876191722711,5.315978687904585,-7.00273837538308,-16.687038754493866,-30.10942320416309,0.0142616241245102,-0.1139988591283458,0.9722396251235748,5.341042689473644,28.07313348026161,True,3.0,imu,-0.2939118389042964,-9.589773890548724,2.6674711002703626,1.81658414142206,1.100404473875694,-3.410982200575672,98.88842825706452,-37.49828257024791,132.98450796516966,425.9123480224225,13.469036077630108,False,0.9941452815804646,0.1080516502016453,724.0794283172855,-81.98057426439168,127.1082248118813,1428.5041677801926,False,inf
62.548598,-660500.0543542615,-1411.1426364685178,722.8080703340638,-81.30565136778853,215.67507457176868,322.5759597624876,1429.0407711555265,-38686637.61949539,113.31218009361584,322.8701035224082,36401753097.00966,215.21994022132907,215.67507457176868,-37813253846866.695,111.24076096338013,-9.81837333583723,476.3641622795831,497.5856267852278,-694255.925089339,-430.05168327087705,469.5557692218632,1429.0407711555265,-2532552913326.064,5159.50101613491,2927.617698501548,217.61809520766056,-19176022.80422788,14548736349144.771,3.000000000003752,-0.8579830000003135,-191204886.78451613,-64.86692647781368,425.9260949236268,13.482595203335904,0.0,-5.943970399701227e-19,0.0,5.873203518771154e-18,-1910.776072113966,5.837846272335444,-1910.776072113966,0.0,-2357.031959880746,0.0,0.0,2810.819999997315,-14.61770000000024,0.0,0.0,0.0,0.0,0.0,0.0,0.0,0.0,0.0,0.0,0.0,3785.5299999974377,-83.48819999989792,0.0,0.0,0.0,0.0,0.0,0.0,0.0,0.0,0.0,0.0,0.0,7388.62999999756,-42.01050000004966,0.0,0.0,0.0,0.0,0.0,0.0,0.0,0.0,0.0,999.0000000019865,999.0000000019865,1.0000000000001634,-332.1511848623563,gaze,0.3150119475292945,0.2990990326771708,-116.70157121255774,-371.08301440571023,1130.6498197257526,-37.626566930940825,-18.03209338153844,-34.03908909081979,-0.0377096385662837,-0.0455320164712702,0.9580672895059146,4.8716519921941295,26.00618296012089,-16.573060939876207,-24.933342417003285,0.237609219360614,0.1969432618196946,0.9039979665938448,5.315232695888958,-6.191082173938487,-17.24372651869867,-29.276559382295616,0.1773382392061251,0.1413687507366922,0.9134399141413418,5.206885309232535,28.340775555302727,True,-0.6207532917816562,imu,-0.3247969704000001,-9.6505972752,2.712622948,1.90671952,0.62007352,-3.04029049,98.88899297347449,-37.4984022257013,132.98572833486685,425.9260949236268,13.482595203335904,False,0.9964462888119824,0.0842305972484298,724.2017249431434,-81.98295176686659,120.25022444905984,1429.0407711555267,False,inf
62.552296,-662659.0212561052,-1414.6434248915575,723.5895508391313,-81.40947114467144,216.18171917091283,323.4341204509545,1432.659279582876,-38816127.55869675,113.62084838473967,323.7290389444708,36527836177.60556,215.72746385887217,216.18171917091283,-37945070374380.86,111.4476682819051,-9.84422649922017,477.1514144371356,498.7499514262448,-696523.8051905311,-431.140084303006,470.3338336376787,1432.659279582876,-2541377538752.974,5171.557076214814,2935.191270169359,218.178405012564,-19240242.819404703,14599430519521.664,3.0000000000038085,-0.8579830000003135,-191850561.6357044,-65.03077389768266,426.01878650978506,13.574024537758532,0.0,-5.959527397400909e-19,0.0,5.888575299675009e-18,-1915.5250354249883,5.852592072746881,-1915.5250354249883,0.0,-2362.8791957212457,0.0,0.0,2810.819999997286,-14.617700000000012,0.0,0.0,0.0,0.0,0.0,0.0,0.0,0.0,0.0,0.0,0.0,3785.52999999738,-83.48819999989928,0.0,0.0,0.0,0.0,0.0,0.0,0.0,0.0,0.0,0.0,0.0,7388.629999997618,-42.01050000004943,0.0,0.0,0.0,0.0,0.0,0.0,0.0,0.0,0.0,999.0000000020008,999.0000000020008,1.0000000000001634,-332.9150650066504,gaze,0.314988338072565,0.2989719387825998,-90.33492523108906,-340.4115182885459,1116.3162068251472,-37.63301203158444,-18.033020901605816,-34.04033051664507,-0.0379682735415893,-0.0457424710190044,0.9579830575293438,4.872570674981085,26.661894609373395,-16.604769937102574,-24.92116985188343,0.2362460904031212,0.1957518495324204,0.9048177968205736,5.3102075866869125,-5.9060284742845495,-17.252558503828133,-29.32119901937012,0.1769829191059665,0.1412727768353948,0.9135860807179343,5.205726479775355,39.57380751693726,True,-0.6303009462372597,imu,-0.2938620779379129,-9.589890384150728,2.666852911576564,1.7993685521356042,1.0981095596778676,-3.418816121129252,99.0003812,-37.25030120000001,134.077796,426.01878650978506,13.574024537758532,False,0.9997562839456524,0.0220765194534836,725.0231734489099,-81.99746367245697,102.14917206913934,1432.659279582876,False,inf
62.557053,-665444.5452443123,-1419.1567326928084,724.5969865456063,-81.54324751069976,216.83483515129475,324.5406630290964,1437.3243066125638,-38983208.90283203,114.01888542269651,324.8365804478605,36690539305.3845,216.381678380726,216.83483515129475,-38115175654912.22,111.7142558061176,-9.877561010025428,478.1654624979752,500.2508641298899,-699449.8447948544,-432.5433205150746,471.3360586996381,1437.3243066125638,-2552765437899.414,5187.098309082632,2944.9564587834066,218.9008464151407,-19323106.38666677,14664849735751.797,3.000000000003851,-0.8579830000003241,-192683702.53186947,-65.2420240481353,426.13826340065134,13.691884337720126,0.0,-5.979586903255265e-19,0.0,5.9083959832644735e-18,-1921.647704284968,5.87160398363184,-1921.647704284968,0.0,-2370.4177899793563,0.0,0.0,2810.819999997329,-14.617700000000356,0.0,0.0,0.0,0.0,0.0,0.0,0.0,0.0,0.0,0.0,0.0,3785.529999997496,-83.48819999989973,0.0,0.0,0.0,0.0,0.0,0.0,0.0,0.0,0.0,0.0,0.0,7388.629999997793,-42.01050000005125,0.0,0.0,0.0,0.0,0.0,0.0,0.0,0.0,0.0,999.0000000020518,999.0000000020518,1.0000000000001918,-333.8997941784458,gaze,0.3149764240856602,0.2988268246925738,9.48670172879723,-212.1544225832205,1086.1657943928324,-37.64122740739965,-18.034062282352075,-34.04180688341607,-0.0383071055892985,-0.0460265365607681,0.9578794089418488,4.873789094292439,27.58143090540982,-16.645617920762184,-24.90579113282924,0.2344883290942572,0.1942324770885671,0.9058712434806502,5.303743434862377,-4.6130937998535,-17.263830294354264,-29.36988735316401,0.1765112077785542,0.1411440449002088,0.913778265626776,5.204226348276292,77.2406502809459,True,-0.6408211941990222,imu,-0.3158246784000001,-9.6308582328,2.7078377256,1.5179202,0.47801223,-2.9729983,98.89790957738794,-37.50029803006575,133.00498572674618,426.13826340065134,13.691884337720126,False,0.9983082736264446,-0.0581428483047394,726.0736813950913,-82.01269540078418,78.1035742672213,1437.3243066125638,False,inf
62.565463,-670392.0275827807,-1427.1634820610084,726.3840181506694,-81.7803757626616,217.99330836838465,326.5041993736507,1445.6000762654928,-39280001.818079,114.72527454779286,326.8018892438762,36979603821.62243,217.542004357436,217.99330836838465,-38417400676242.24,112.18674143957776,-9.936708337700288,479.9619385243538,502.9130752319153,-704646.8875811953,-435.03281904799024,473.11162126905214,1445.6000762654928,-2572998206100.676,5214.664104775204,2962.283362542273,220.18268809899752,-19470300.756627776,14781079406160.234,3.0000000000037943,-0.8579830000003099,-194163709.25506303,-65.61682648761169,426.35015416434544,13.900934581042293,0.0,-6.015181427367959e-19,0.0,5.943566729991101e-18,-1932.5100122532144,5.905335133774481,-1932.5100122532144,0.0,-2383.7920046262834,0.0,0.0,2810.819999997242,-14.61770000000024,0.0,0.0,0.0,0.0,0.0,0.0,0.0,0.0,0.0,0.0,0.0,3785.5299999974086,-83.48819999989837,0.0,0.0,0.0,0.0,0.0,0.0,0.0,0.0,0.0,0.0,0.0,7388.629999997793,-42.01050000005012,0.0,0.0,0.0,0.0,0.0,0.0,0.0,0.0,0.0,999.00000000203,999.00000000203,1.0000000000001492,-335.6465004041646,gaze,0.3150068931868513,0.2986216267102267,355.98287588227925,244.5744276349865,1002.298857666499,-37.65553340230365,-18.03547816403082,-34.04408621688302,-0.03892317363907,-0.0465660853341786,0.9577093609309996,4.876045996418405,29.377404101763755,-16.717970447367435,-24.879377652336515,0.2313691574797957,0.1915836997969078,0.9077301762064618,5.29231793083569,-1.3268545140629855,-17.28350250595857,-29.430668621990726,0.1756365344855697,0.1409017503379077,0.914129620931547,5.201548921913037,164.53433270469947,True,-0.6550491591928158,imu,-0.3325729568,-9.6135118016,2.703650656000001,1.43567419,0.33595094,-3.04029049,98.9071870343382,-37.502283109929245,133.02498924396346,426.35015416434544,13.900934581042293,False,0.9799591561704296,-0.1991985246876582,727.91290706379,-82.03238308663562,33.93987755192919,1445.6000762654928,False,inf
62.568141,-671973.6133271167,-1429.720484897649,726.9546661794811,-81.85605172828696,218.36322672684503,327.1313992296775,1448.2429561071635,-39374887.89797592,114.95093360687528,327.429655230438,37072032194.53729,217.9124885620013,218.36322672684503,-38514039686842.98,112.33751209586904,-9.955600300788326,480.5349892961326,503.76314608193616,-706308.2474890697,-435.827885591412,473.6780095487955,1448.2429561071635,-2579467793516.302,5223.466107386435,2967.8176583926243,220.59210765759235,-19517359.66596041,14818244759437.031,3.0000000000038654,-0.8579830000003241,-194636892.30096912,-65.73653208746114,426.4178052772295,13.967686138108093,0.0,-6.026550986456709e-19,0.0,5.9548009266274944e-18,-1935.979089544564,5.916108296163278,-1935.979089544564,0.0,-2388.0632771185506,0.0,0.0,2810.8199999972567,-14.61770000000024,0.0,0.0,0.0,0.0,0.0,0.0,0.0,0.0,0.0,0.0,0.0,3785.5299999974086,-83.48819999989792,0.0,0.0,0.0,0.0,0.0,0.0,0.0,0.0,0.0,0.0,0.0,7388.629999997735,-42.01050000005057,0.0,0.0,0.0,0.0,0.0,0.0,0.0,0.0,0.0,999.0000000020518,999.0000000020518,1.0000000000001563,-336.204258676012,gaze,0.2652038900970226,0.1443076931530723,502.9586686943341,439.8465658620546,969.132797023508,-37.66002769585821,-18.03581313284792,-34.04472365110105,-0.0391239578412667,-0.0467480618369006,0.9576588116451228,4.876792725261149,31.7219326131477,-17.59285639051569,-24.62444001212371,0.3956107564543062,0.3840276914195889,0.8342750515271284,5.417997360229492,0.4511763053372718,-16.807912093429177,-29.10193392229573,0.0838167959311323,-0.0324379099601108,0.946464269499772,5.355173091084973,185.39517834480185,False,-1.0,imu,-0.2937714836578706,-9.590291093820856,2.6646546470839008,1.7301612047620083,1.0873782059803947,-3.449877820064451,98.91022650653883,-37.50293615898202,133.03153322231748,426.4178052772295,13.967686138108093,False,0.9426737456861382,-0.3337157610812922,728.493549084331,-82.03729301817661,10.306063443009808,1448.2429561071635,False,inf
62.573918,-675395.5785771287,-1435.2486846069714,728.188314228224,-82.01957579639964,219.16290711531727,328.4876143768988,1453.9567606039427,-39580200.780921936,115.43891946964484,328.78709448729234,37272048727.05144,218.71334962065689,219.16290711531727,-38723172340063.0,112.6632775595782,-9.996449224685628,481.7728216278591,505.6007848982662,-709902.8077994528,-437.5468569872074,474.90146460233655,1453.9567606039427,-2593468352141.159,5242.493761563355,2979.7841136661777,221.4773582480767,-19619185.233031943,14898672714957.86,3.0000000000037943,-0.8579830000003028,-195660787.37274963,-65.9953505546993,426.5640371178652,14.111985644142692,0.0,-6.051135480523222e-19,0.0,5.979092725312996e-18,-1943.4794025367853,5.9394012195621215,-1943.4794025367853,0.0,-2397.297928371665,0.0,0.0,2810.819999997155,-14.617700000000127,0.0,0.0,0.0,0.0,0.0,0.0,0.0,0.0,0.0,0.0,0.0,3785.529999997321,-83.48819999989564,0.0,0.0,0.0,0.0,0.0,0.0,0.0,0.0,0.0,0.0,0.0,7388.6299999974435,-42.01050000005012,0.0,0.0,0.0,0.0,0.0,0.0,0.0,0.0,0.0,999.0000000020082,999.0000000020082,1.000000000000128,-337.41002015794464,gaze,0.3151050769288811,0.2984827215820753,859.9497722567666,914.9106662978544,890.9623074426897,-37.66961745368712,-18.03634179163876,-34.045953964194965,-0.039564743730782,-0.0471576197663685,0.9575557944668722,4.878450595503628,31.33047194431712,-16.79084455338654,-24.85382783407564,0.2282186613464778,0.1889704147398642,0.9095941001446064,5.280838983846863,0.8852544167919989,-17.30293562530794,-29.457463463786773,0.1747040352893745,0.1406389114246364,0.9144979986376472,5.198825741480835,202.8053461469705,False,-0.6645748059899683,imu,-0.3236006648,-9.6308582328,2.713221100800001,1.36090509,0.4555814999999996,-2.92813684,98.91692306757426,-37.50437955990357,133.04593134668627,426.5640371178652,14.111985644142692,False,0.9413159652077432,-0.3375266710128471,729.7375956553728,-82.0467062127599,11.813450113889242,1453.956760603943,False,inf
62.582372,-680428.3395039603,-1443.3687464225434,730.0001437549527,-82.25955454354607,220.33732211044563,330.48022321931444,1462.3492982147636,-39882195.06004715,116.15597731792477,330.7815017117912,37566305973.90746,219.8893932200805,220.33732211044563,-39030851355381.59,113.1412868142551,-10.056461753697896,483.5883032417298,508.2994935750154,-715189.3917017216,-440.071880989895,476.6958946993688,1462.3492982147636,-2614066131316.831,5270.437142778102,2997.3644125690225,222.777880156908,-19768960.985025022,15016999219852.297,3.0000000000038227,-0.8579830000003241,-197166905.72489023,-66.37555609142893,426.7787576770006,14.323898742918004,0.0,-6.087255368036906e-19,0.0,6.014782580614902e-18,-1954.4967417310584,5.97361863259664,-1954.4967417310584,0.0,-2410.862751940587,0.0,0.0,2810.819999997271,-14.617700000000356,0.0,0.0,0.0,0.0,0.0,0.0,0.0,0.0,0.0,0.0,0.0,3785.5299999974086,-83.48819999989746,0.0,0.0,0.0,0.0,0.0,0.0,0.0,0.0,0.0,0.0,0.0,7388.629999997676,-42.01050000005148,0.0,0.0,0.0,0.0,0.0,0.0,0.0,0.0,0.0,999.0000000020518,999.0000000020518,1.0000000000001492,-339.1808415044123,gaze,0.315272381541877,0.2984128883353605,1435.165726858543,1682.6345111821015,769.3632435979503,-37.683379615760565,-18.036629510716374,-34.04739945854177,-0.0402288102505268,-0.0477995035197821,0.9574201559626436,4.880994667540257,33.340280341665576,-16.863794742382836,-24.82929597319197,0.2250542101444919,0.1864090842077412,0.9114522690286008,5.26937426660167,1.983306423506072,-17.32200282967732,-29.44831415462501,0.1737175369123423,0.1403564413022437,0.9148817741350824,5.196072771447188,158.36388136566765,False,-0.6703498005129278,imu,-0.3427415544,-9.6410268304,2.7120247952,1.28613599,0.5453044199999999,-2.93561375,98.9270657176784,-37.50657762147775,133.0676806992533,426.7787576770006,14.323898742918004,False,0.8829697270681394,-0.4694299320252337,731.5367942686519,-82.06027032754312,57.9582409435281,1462.3492982147638,False,inf
62.588122,-683868.4737791053,-1448.9121403299396,731.2369011889841,-82.42323854994652,221.1389408413565,331.8409026485639,1468.0786039607617,-40088647.18990326,116.64568986491372,332.14340910043603,37767505146.07699,220.6920517516545,221.1389408413565,-39241234809580.95,113.46728108265911,-10.097439080862562,484.8258584930436,510.1415079580681,-718803.0150086025,-441.79574519132586,477.919123707068,1468.0786039607617,-2628150361391.1973,5289.50991544175,3009.368453192468,223.6658732743554,-19871352.58000124,15097907826834.492,3.000000000003908,-0.8579830000003241,-198196582.1841541,-66.63514268226822,426.9252943876745,14.46853982828327,0.0,-6.111919843395408e-19,0.0,6.039153408353167e-18,-1962.0184210322973,5.99698068467255,-1962.0184210322973,0.0,-2420.123553393675,0.0,0.0,2810.8199999971985,-14.617700000000127,0.0,0.0,0.0,0.0,0.0,0.0,0.0,0.0,0.0,0.0,0.0,3785.5299999973504,-83.48819999989792,0.0,0.0,0.0,0.0,0.0,0.0,0.0,0.0,0.0,0.0,0.0,7388.629999997618,-42.01050000005125,0.0,0.0,0.0,0.0,0.0,0.0,0.0,0.0,0.0,999.0000000020592,999.0000000020592,1.0000000000001563,-340.38957146940726,gaze,0.3154264010446252,0.2984056177723355,1830.58506091798,2211.183909514388,688.0082691231925,-37.69254609998632,-18.03648868766944,-34.048143074076435,-0.0406935330182276,-0.0482655070959643,0.9573383792405108,4.882806835055153,34.69146961405062,-16.913433898480445,-24.813193743379305,0.2228938963748618,0.1846974582989801,0.9127126498081412,5.261586552836109,2.165848248651104,-16.806878300665623,-28.89537397051286,0.0984082552775846,-0.0214855086771734,0.9406259167451884,5.355855822563171,101.24187292678523,False,-1.0,imu,-0.2938760859596889,-9.590717358332608,2.6621362164029096,1.632424180375788,1.068769484473915,-3.4932833841843807,98.93419581565036,-37.5081312762523,133.08292289448258,426.9252943876745,14.46853982828327,False,0.8325017523484096,-0.5540224114030293,732.7459812973802,-82.0715480234276,89.06172211022731,1468.0786039607617,False,inf
62.590827,-685491.6338415972,-1451.5257049408824,731.8199606610942,-82.50037082661288,221.51684675997183,332.4825303009659,1470.7797925185982,-40186064.458898544,116.87663038987888,332.7856157712569,37862453912.51698,221.0704276800756,221.51684675997183,-39340519763730.09,113.62088568086654,-10.11676106838954,485.4088190747241,511.0098750381971,-720508.0293415879,-442.60852536349097,478.4953425009904,1470.7797925185982,-2634797035421.1104,5298.501223905626,3015.028700023568,224.08458197630856,-19919667.60042288,15136090469055.623,3.000000000003908,-0.8579830000003383,-198682463.1223903,-66.75753888894357,426.9943690012788,14.536726580814843,0.0,-6.123550232341356e-19,0.0,6.0506453294821464e-18,-1965.5648007231496,6.007995993806008,-1965.5648007231496,0.0,-2424.489885958528,0.0,0.0,2810.819999997242,-14.617700000000468,0.0,0.0,0.0,0.0,0.0,0.0,0.0,0.0,0.0,0.0,0.0,3785.5299999974377,-83.48819999989837,0.0,0.0,0.0,0.0,0.0,0.0,0.0,0.0,0.0,0.0,0.0,7388.629999997793,-42.010500000051934,0.0,0.0,0.0,0.0,0.0,0.0,0.0,0.0,0.0,999.0000000020736,999.0000000020736,1.0000000000001634,-340.95940774720964,gaze,0.3155102752041336,0.298413624564581,2011.4453015057109,2453.0832803336434,651.3550577281716,-37.69680173295868,-18.036326618856563,-34.04842617643523,-0.0409158448280548,-0.0484931016354957,0.9573028944451086,4.88368266575201,35.31248843578251,-16.93678638107102,-24.80578258444895,0.2218754049173357,0.1839009836505407,0.9133045472874988,5.257926315392156,3.769911202952612,-17.34068987728212,-29.40229239186593,0.1726759672873296,0.1400539030770783,0.9152813020936827,5.193290784805761,75.36637812180112,False,-0.6734152346581147,imu,-0.3295821928000001,-9.6523917336,2.703650656000001,1.09921324,0.5303505999999998,-2.88327538,98.937614557266,-37.50887868357674,133.09021621852287,426.9943690012788,14.536726580814843,False,0.8058735105202333,-0.592087734243664,733.3107898469932,-82.07795238658937,103.5069850729203,1470.7797925185985,False,inf
62.599282,-690585.0013070788,-1459.7187184764591,733.6475764445768,-82.7419983603279,222.70135804249185,334.4943335587752,1479.2473711856542,-40491781.749420166,117.60080676487944,334.7992344188111,38160466610.38878,222.25632850673804,222.70135804249185,-39652150568537.88,114.10202110474792,-10.177341034950697,487.2341608695288,513.731646142128,-725858.2370469489,-445.1565291318148,480.2996024525407,1479.2473711856542,-2655659256612.2065,5326.683072114256,3032.7751837296696,225.3973307549917,-20071291.584265366,15255936077116.352,3.0000000000038227,-0.8579830000003099,-200207324.5932164,-67.14125993389678,427.2108481093565,14.750446718757644,0.0,-6.1600164098232455e-19,0.0,6.086677351919218e-18,-1976.6824440654743,6.04252979209892,-1976.6824440654743,0.0,-2438.1779314625337,0.0,0.0,2810.8199999971694,-14.617699999999786,0.0,0.0,0.0,0.0,0.0,0.0,0.0,0.0,0.0,0.0,0.0,3785.529999997263,-83.48819999989337,0.0,0.0,0.0,0.0,0.0,0.0,0.0,0.0,0.0,0.0,0.0,7388.629999997385,-42.01050000005057,0.0,0.0,0.0,0.0,0.0,0.0,0.0,0.0,0.0,999.0000000020444,999.0000000020444,1.000000000000128,-342.745534293583,gaze,0.3158201843249139,0.2984864714612756,2534.382764978176,3152.919915618556,547.556692485442,-37.709860358671584,-18.035418114056668,-34.04903738481342,-0.0416260873588651,-0.0492395671317764,0.9572045133832938,4.886518194906278,37.15154438501052,-17.009757197893588,-24.783295788523347,0.218682974603698,0.1814483221935013,0.9151501321732192,5.246501814936235,5.72677127563184,-17.358975421225153,-29.319156470382826,0.1715785953776996,0.1397309559741154,0.915696804061884,5.190481557330452,43.59386228570406,False,-0.67475067713442,imu,-0.3265914288,-9.620689635200002,2.6928839056,0.80013684,0.5303505999999998,-2.92065993,98.948564928815,-37.51128336833441,133.11350680750712,427.2108481093565,14.750446718757644,False,0.7114202519589117,-0.7027668355171001,735.0599536076819,-82.10466034236627,147.4414570188959,1479.2473711856542,False,inf
62.607766,-695726.2011587564,-1467.976191824499,735.4893254282742,-82.98527215694492,223.8949601599841,336.52261559925046,1487.7813875839513,-40800413.50045395,118.33102126123636,336.8293465596092,38461384681.03576,223.451202762046,223.8949601599841,-39966832118195.27,114.5863546808176,-10.238411840057845,489.07062050398895,516.4742367212733,-731258.6693363095,-447.7247276078821,482.1148942673513,1487.7813875839513,-2676725653885.127,5355.08032421206,3050.665440950787,226.72068097035304,-20224361.927071422,15376954591413.93,3.0000000000039364,-0.8579830000003241,-201746811.254754,-67.52805022124126,427.4289443626585,14.965799392223404,0.0,-6.196780463066151e-19,0.0,6.123003703694585e-18,-1987.8882260692808,6.077339813217705,-1987.8882260692808,0.0,-2451.97435485787,0.0,0.0,2810.8199999971403,-14.617700000000127,0.0,0.0,0.0,0.0,0.0,0.0,0.0,0.0,0.0,0.0,0.0,3785.529999997292,-83.48819999989428,0.0,0.0,0.0,0.0,0.0,0.0,0.0,0.0,0.0,0.0,0.0,7388.629999997502,-42.01050000005125,0.0,0.0,0.0,0.0,0.0,0.0,0.0,0.0,0.0,999.0000000020808,999.0000000020808,1.000000000000142,-344.54541099704454,gaze,0.3162050074623759,0.2986336034737353,2965.5022200160624,3730.313353246188,465.3488892238326,-37.72257608293733,-18.03388256956685,-34.04923685885513,-0.0423624151352838,-0.0500429790732024,0.957125267259529,4.889515708613825,38.76989484862965,-17.082901601408363,-24.76176774244863,0.2154662627666729,0.179044909729791,0.9169947256656764,5.235067141782212,4.640934693443191,-17.376900602008618,-29.198896718342645,0.1704205142310005,0.1393860088788368,0.9161300573029822,5.187636802131769,145.26520829636326,False,-0.6752218175959602,imu,-0.3295821928000001,-9.5632669664,2.6863042248,0.5459219,0.58268897,-2.83841392,98.95995228031096,-37.51380134616932,133.13760508097783,427.4289443626585,14.965799392223404,False,0.6009984218178395,-0.7992502092414279,736.7914858888147,-82.1453988718566,188.8943991486889,1487.7813875839515,False,inf
62.608214,-695998.5316563819,-1468.4132446472402,735.586798974151,-82.99814110032594,223.9581289583245,336.6299869450862,1488.2330722211364,-40816763.002578735,118.36967965317348,336.93681478118367,38477327350.22504,223.5144353095504,223.9581289583245,-39983504328965.79,114.61197321673436,-10.241644600793633,489.1677306309904,516.6193804336037,-731544.7308818258,-447.86066172692193,482.21088624526783,1488.2330722211364,-2677841775616.868,5356.58316242634,3051.612454868108,226.7907310629459,-20232470.722154103,15383366289959.93,3.000000000003922,-0.8579830000003241,-201828366.7015099,-67.54852371800497,427.4404853958258,14.977196245949926,0.0,-6.198726622251875e-19,0.0,6.124926692509729e-18,-1988.481346094877,6.079182369444212,-1988.481346094877,0.0,-2452.704593209869,0.0,0.0,2810.819999997184,-14.617700000000356,0.0,0.0,0.0,0.0,0.0,0.0,0.0,0.0,0.0,0.0,0.0,3785.5299999973504,-83.48819999989655,0.0,0.0,0.0,0.0,0.0,0.0,0.0,0.0,0.0,0.0,0.0,7388.629999997676,-42.010500000051934,0.0,0.0,0.0,0.0,0.0,0.0,0.0,0.0,0.0,999.0000000020956,999.0000000020956,1.0000000000001563,-344.6406667443214,gaze,0.3162274126167941,0.2986434641158864,2985.0955989045456,3756.565775870419,461.7247727486729,-37.72323631388069,-18.033783819906265,-34.04923594697902,-0.0424019617979115,-0.0500869417663461,0.9571216343504994,4.8896783090528,38.84733293403957,-17.086760787120628,-24.76065984989357,0.2152960391971146,0.1789196396517093,0.9170919146474472,5.234464243387574,5.308660637678856,-16.86364160542142,-28.46283974181021,0.1301470751177283,0.0141611506412269,0.9286857644765028,5.35530424118042,154.5527087796004,False,-1.0,imu,-0.2942355302799944,-9.59105264850091,2.6599058903169115,1.52376860134801,1.0440788079750891,-3.5418397904834404,98.9605646245583,-37.51393725066842,133.13889723255102,427.4404853958258,14.977196245949926,False,0.5947719098153355,-0.80389450507801,736.8822979966119,-82.14802858847665,190.9912173251355,1488.2330722211364,False,inf
62.61625,-700897.9508026273,-1476.2702040892725,737.33897819499,-83.22936693144152,225.093614749976,338.5605260257896,1496.352982390948,-41110922.8335495,119.06480896296291,338.8690956137444,38764198089.018,224.65100581238707,225.093614749976,-40283508363358.266,115.0722422387201,-10.299767144997013,490.9119517608376,519.2283668500995,-736691.1719064314,-450.30443847910686,483.93504423122886,1496.352982390948,-2697925529048.929,5383.596892374212,3068.639030822875,228.0501612451727,-20378364.38767337,15498739877358.297,3.000000000003922,-0.8579830000003525,-203295752.3257609,-67.91660255673027,427.6479191474828,15.182055705334848,0.0,-6.233718218854296e-19,0.0,6.15950168996037e-18,-1999.1442667793656,6.112308413411097,-1999.1442667793656,0.0,-2465.83251712157,0.0,0.0,2810.8199999971694,-14.617700000000356,0.0,0.0,0.0,0.0,0.0,0.0,0.0,0.0,0.0,0.0,0.0,3785.5299999974086,-83.4881999998961,0.0,0.0,0.0,0.0,0.0,0.0,0.0,0.0,0.0,0.0,0.0,7388.629999997735,-42.01050000005284,0.0,0.0,0.0,0.0,0.0,0.0,0.0,0.0,0.0,999.0000000021172,999.0000000021172,1.0000000000001847,-346.3529493926222,gaze,0.3166652905228214,0.2988564699204171,3276.058963915332,4146.6174071948135,410.08747989311416,-37.734880665449,-18.0317066337546,-34.04902596314041,-0.04312275775651,-0.0509021331242883,0.9570660282311496,4.89266976783736,40.073401497566266,-17.155911436059462,-24.74128013260811,0.2122365668224249,0.1767012216325369,0.9188313820240726,5.223667067544037,-0.1125368423989755,-17.394382088971607,-29.04286819771119,0.1692045263538672,0.1390197513554369,0.916579937402,5.18476763150605,377.6435109799539,False,-0.6755209918277235,imu,-0.3134320672,-9.51062952,2.668957793600001,0.5982602699999999,0.7995193599999997,-2.64401426,98.97173485167215,-37.51642544763016,133.16239868481074,427.6479191474828,15.182055705334848,False,0.477092461384198,-0.8788531067763075,738.5014150087056,-82.2047940184096,226.73202874875744,1496.3529823909482,False,inf
62.624733,-706099.7710581701,-1484.599889829334,739.1963411106917,-83.47425585220515,226.29719549449976,340.6078565730331,1504.9612587995337,-41423281.3649807,119.80209565834596,340.9182731265397,39068879744.265884,225.8556099234173,226.29719549449976,-40602151090965.984,115.5596296773726,-10.361400631909076,492.7579429912458,521.9937458484154,-742155.2412446116,-452.8953932897842,485.7598434129443,1504.9612587995337,-2719256992850.636,5412.229765851898,3086.6941072757177,229.3856346656672,-20533284.89752993,15621281081825.523,3.0000000000039933,-0.8579830000003525,-204854007.02725497,-68.30687678742446,427.8677488998656,15.399192623253043,0.0,-6.270825901764476e-19,0.0,6.196167580242354e-18,-2010.4493981918963,6.147431979027815,-2010.4493981918963,0.0,-2479.7509792854403,0.0,0.0,2810.8199999971694,-14.617700000000468,0.0,0.0,0.0,0.0,0.0,0.0,0.0,0.0,0.0,0.0,0.0,3785.5299999973504,-83.48819999989519,0.0,0.0,0.0,0.0,0.0,0.0,0.0,0.0,0.0,0.0,0.0,7388.629999997676,-42.01050000005375,0.0,0.0,0.0,0.0,0.0,0.0,0.0,0.0,0.0,999.0000000021246,999.0000000021246,1.0000000000001776,-348.16795990937965,gaze,0.3172024633885371,0.2991566199355638,3451.1359478658646,4381.834651384172,384.3098210385371,-37.74674952298844,-18.02887509661312,-34.048409312601315,-0.0439073494534021,-0.0518181951545065,0.9570273069141468,4.895984049628181,40.98371019903606,-17.228718489752335,-24.721836726122014,0.2089946464564206,0.1744195116582499,0.9206592750330836,5.212308552599245,-3.006680539064715,-17.411397667339752,-28.85283580051237,0.1679299147524401,0.1386318446618043,0.9170466635876918,5.181875938839922,619.3161222605759,False,-0.6761156426849316,imu,-0.2936930248,-9.4843107968,2.6701540992,0.78518302,1.10607267,-2.55429134,98.98390558358476,-37.51915625139041,133.1878483056986,427.8677488998656,15.399192623253043,False,0.3422527444372474,-0.9396079283005078,740.1923266097189,-82.2872335753596,260.0292019585444,1504.9612587995337,False,inf
62.628195,-708231.5339717381,-1488.0098785168088,739.9566339580306,-83.57443447073285,226.7898488557888,341.4461766686918,1508.4852426235998,-41551301.90573883,120.10402312895476,341.757349452502,39193772575.21012,226.3486447270812,226.7898488557888,-40732770396076.48,115.75898571861744,-10.38663612167194,493.5127137756269,523.1256591627736,-744394.4709614932,-453.9561153508902,486.5059617461816,1508.4852426235998,-2728001255540.143,5423.94960539574,3094.086658019108,229.9324269441153,-20596779.526454084,15671513566551.133,3.0000000000039364,-0.8579830000003312,-205492685.33457524,-68.46666099744398,427.9577173100388,15.48806938306359,0.0,-6.286020145112561e-19,0.0,6.21118092561354e-18,-2015.07766362669,6.161812101306912,-2015.07766362669,0.0,-2485.449089440928,0.0,0.0,2810.8199999971257,-14.617700000000012,0.0,0.0,0.0,0.0,0.0,0.0,0.0,0.0,0.0,0.0,0.0,3785.529999997263,-83.48819999989473,0.0,0.0,0.0,0.0,0.0,0.0,0.0,0.0,0.0,0.0,0.0,7388.6299999974435,-42.01050000005307,0.0,0.0,0.0,0.0,0.0,0.0,0.0,0.0,0.0,999.0000000020956,999.0000000020956,1.0000000000001634,-348.91089827152115,gaze,0.3174441444391767,0.2993016959091547,3482.330409957877,4424.0359658851885,382.4170778198608,-37.75146312230983,-18.02752745330253,-34.048042174675665,-0.0442346184963548,-0.0522087262248583,0.9570175154059692,4.897383732870123,41.22662865883632,-17.258361894451784,-24.71420109644381,0.2076680516466639,0.1735065129613352,0.9214026589843018,5.207685892484747,-2.5967694408526363,-17.818111627522892,-29.58334623835916,0.1650024811980464,0.0473453117717715,0.894625730052132,5.3168768882751465,686.9039700846743,False,-1.0,imu,-0.2948546501715425,-9.591288432175627,2.658006620561624,1.4072376570461549,1.0133525094363094,-3.595123680730872,98.98898307430208,-37.52030167726146,133.19841501360204,427.9577173100388,15.48806938306359,False,0.2847217157705519,-0.9586102151389128,740.8777742772593,-82.32843707415003,272.11787958144896,1508.4852426235998,False,inf
62.633217,-711333.0245628047,-1492.9673317890506,741.0618779170163,-83.71999874414996,227.5060020507158,342.6651236554301,1513.6083667713654,-41737571.31267166,120.54306811719694,342.9773959768702,39375510446.67327,227.0653136848003,227.5060020507158,-40922844922937.664,116.04863535550822,-10.423327798411336,494.6090356585172,524.7710617623029,-747652.3085091593,-455.4982406300113,487.5897284991025,1513.6083667713654,-2740725709743.0586,5440.986067664486,3104.835214951577,230.7274370138823,-20689164.24332556,15744610744878.133,3.0000000000039364,-0.8579830000003312,-206421986.34487644,-68.69897089741801,428.0884878539091,15.617263959143202,0.0,-6.308112871096211e-19,0.0,6.233010622411081e-18,-2021.80645367783,6.182719328354863,-2021.80645367783,0.0,-2493.7332287153604,0.0,0.0,2810.819999997082,-14.617699999999786,0.0,0.0,0.0,0.0,0.0,0.0,0.0,0.0,0.0,0.0,0.0,3785.529999997234,-83.488199999892,0.0,0.0,0.0,0.0,0.0,0.0,0.0,0.0,0.0,0.0,0.0,7388.62999999756,-42.01050000005284,0.0,0.0,0.0,0.0,0.0,0.0,0.0,0.0,0.0,999.0000000021028,999.0000000021028,1.0000000000001563,-349.9908953575992,gaze,0.3178181640953846,0.2995357282489153,3486.366245657932,4430.209839403705,388.40941910001214,-37.75816184468844,-18.02537154223975,-34.047391628470976,-0.0447167059628409,-0.0527926712994388,0.9570096067641788,4.899463459446068,41.43530759224944,-17.30127843018168,-24.70343319729005,0.2057401200394499,0.1722012523128239,0.9224782168151444,5.200994623804834,2.675274427763956,-17.427930785150256,-28.63104156951701,0.1665955023779104,0.1382218086305112,0.9175306233037244,5.17896262190979,736.6357620738492,False,-0.6771843589757041,imu,-0.2524204816,-9.4735440464,2.6581910432,0.8973366700000001,1.16588795,-2.5991528,98.99646101625744,-37.52199531548691,133.21392109696876,428.0884878539091,15.617263959143202,False,0.1992794581075306,-0.9799427011700066,741.8680754416271,-82.39672456571547,287.9538421125275,1513.6083667713656,False,inf
62.641701,-716597.2365649602,-1501.371669358554,742.9353960287754,-83.96656887989809,228.71990876476545,344.73212030263466,1522.2934144507594,-42053764.56758118,121.28765261254462,345.04625700621034,39684063387.32086,228.279989999994,228.71990876476545,-41245561942869.13,116.53920536463826,-10.485542364593336,496.4650186751912,527.5600254264349,-753181.8748357,-458.112713568005,489.424491120358,1522.2934144507594,-2762329810320.946,5469.862802722016,3123.060518956291,232.07543219516444,-20845988.49293898,15868718127408.195,3.0000000000039933,-0.857983000000317,-207999550.8880005,-69.0928449691353,428.3101125573521,15.83624679435934,0.0,-6.345575374830327e-19,0.0,6.27002710911771e-18,-2033.2142719280373,6.218166868922989,-2033.2142719280373,0.0,-2507.777834662328,0.0,0.0,2810.819999997082,-14.617700000000012,0.0,0.0,0.0,0.0,0.0,0.0,0.0,0.0,0.0,0.0,0.0,3785.529999997263,-83.48819999989155,0.0,0.0,0.0,0.0,0.0,0.0,0.0,0.0,0.0,0.0,0.0,7388.629999997385,-42.01050000005307,0.0,0.0,0.0,0.0,0.0,0.0,0.0,0.0,0.0,999.000000002132,999.000000002132,1.0000000000001563,-351.8215671818364,gaze,0.3185138592118521,0.2999953832323062,3386.377289015208,4298.125365534432,420.9517171749538,-37.76909219064379,-18.02118034806904,-34.045978179329325,-0.0455510696571505,-0.0538267603141465,0.9570134515771824,4.903111787919983,41.37812987913298,-17.373519276104357,-24.68607085440523,0.2024737577238858,0.1700487491481132,0.9242873648239112,5.189732409756198,17.438848193781055,-17.443958512276094,-28.38027919148983,0.1652005534857335,0.1377892959567008,0.9180320421506336,5.176029628603008,722.8299720863489,False,-0.6785677706042156,imu,-0.2476352592,-9.493283088800002,2.6522095152,1.43567419,1.17336486,-2.71878336,99.00939266388818,-37.52494324603669,133.24057262073634,428.3101125573521,15.83624679435934,False,0.0512636549359626,-0.9986851544318692,743.5325309771523,-82.53673012905001,309.7649912759404,1522.2934144507597,False,inf
62.648286,-720704.5708140426,-1507.9203463537376,744.3950768535051,-84.15852001509177,229.66562870287189,346.3431828956872,1529.0606900175435,-42300500.76050186,121.86807252896396,346.6587726273109,39924882723.06481,229.2262184774061,229.66562870287189,-41497444893610.0,116.92105006996246,-10.534029975827536,497.90894616009126,529.7327786191979,-757496.2345343629,-460.1500186356595,490.85193934517537,1529.0606900175435,-2779191925971.295,5492.359221974803,3137.264617777442,233.1259835707264,-20968364.34284881,15965584595007.508,3.0000000000040075,-0.8579830000003383,-209230639.359136,-69.39978774220424,428.4827424043706,16.006843997572673,0.0,-6.374773917609057e-19,0.0,6.298878023037871e-18,-2042.1037413446209,6.2457908409485325,-2042.1037413446209,0.0,-2518.7219072581825,0.0,0.0,2810.819999997024,-14.61770000000024,0.0,0.0,0.0,0.0,0.0,0.0,0.0,0.0,0.0,0.0,0.0,3785.529999997263,-83.48819999989291,0.0,0.0,0.0,0.0,0.0,0.0,0.0,0.0,0.0,0.0,0.0,7388.629999997502,-42.01050000005284,0.0,0.0,0.0,0.0,0.0,0.0,0.0,0.0,0.0,999.000000002161,999.000000002161,1.0000000000001634,-353.2478226997965,gaze,0.3191099562575364,0.3004087150285308,3223.1682021552,4081.56266222517,463.9610927686112,-37.7772281745192,-18.01744303654124,-34.04461184985277,-0.0462161268887596,-0.054671316467857,0.9570316204343708,4.906062625196967,40.9625953780607,-17.429328699578356,-24.67331100261339,0.1999306084779971,0.1684246834169999,0.92568441047902,5.181030439920592,31.7219326131477,-17.59285639051569,-24.62444001212371,0.3956107564543062,0.3840276914195889,0.8342750515271284,5.417997360229492,686.9039700846743,False,-1.0,imu,-0.2957492925714413,-9.59142236950369,2.656436202677607,1.2837954225048387,0.9760930419762586,-3.653789636732152,99.0196841365086,-37.527306966331,133.26162950590694,428.4827424043706,16.006843997572673,False,-0.0650244170176035,-0.9978836731761478,744.8195638980832,-82.66827850815896,322.08364170808903,1529.0606900175435,False,inf
62.650185,-721892.5441101701,-1509.813021944456,744.8169214005266,-84.21396835527332,229.9389315982189,346.8088803965473,1531.016522776703,-42371869.75698662,122.0358621499572,347.1248901255656,39994547589.772285,229.49965351014868,229.9389315982189,-41570311708568.38,117.031343163442,-10.548045301357352,498.32589826985566,530.360673057562,-758744.0840010259,-460.7388499999066,491.26413772704734,1531.016522776703,-2784069933882.3345,5498.860344963514,3141.370308497996,233.4296412278546,-21003761.934378944,15993606901860.914,3.0000000000040217,-0.8579830000003525,-209586744.5303191,-69.48850500064925,428.5326254239426,16.056143758128087,0.0,-6.383214026434833e-19,0.0,6.307217646526443e-18,-2044.6730217102863,6.253775140540111,-2044.6730217102863,0.0,-2521.885003923963,0.0,0.0,2810.8199999970675,-14.617700000000127,0.0,0.0,0.0,0.0,0.0,0.0,0.0,0.0,0.0,0.0,0.0,3785.529999997292,-83.48819999989246,0.0,0.0,0.0,0.0,0.0,0.0,0.0,0.0,0.0,0.0,0.0,7388.629999997502,-42.010500000053526,0.0,0.0,0.0,0.0,0.0,0.0,0.0,0.0,0.0,999.0000000021392,999.0000000021392,1.0000000000001703,-353.6600003858314,gaze,0.3192910879077432,0.3005372191545483,3163.459497733648,4002.298060624362,478.9557608594267,-37.779516140452806,-18.01628542846575,-34.04417454155916,-0.0464107765993372,-0.0549217786810263,0.9570393647654936,4.906933254352744,40.78131307916362,-17.44537573769775,-24.669747323130068,0.1991959542388045,0.1679640574101026,0.9260860848111534,5.178527779779933,35.28924886171779,-17.45945961901552,-28.10374780275546,0.1637441796497684,0.1373339118898575,0.91855120193854,5.17307859603077,681.0127858407124,False,-0.6797695987462521,imu,-0.2278962168,-9.507638756,2.6665651824,1.68988913,1.00139593,-2.8982292,99.02269269234009,-37.52800097220047,133.26775872510996,428.5326254239426,16.056143758128087,False,-0.0985380075536215,-0.99513328809128,745.1903005630652,-82.71010765661072,324.84882308848387,1531.016522776703,False,inf
62.653859,-724195.3626741233,-1513.480069013608,745.6342079344649,-84.32136267417445,230.46842149484195,347.7112603437305,1534.805909130802,-42510220.7855854,122.36100272475844,348.02808387653903,40129604443.84914,230.02938051440344,230.46842149484195,-41711577895662.59,117.2449510008966,-10.575201949867266,499.1332739445952,531.5771293351531,-761162.9662420929,-461.87972819580034,492.0623145954973,1534.805909130802,-2793526872227.3506,5511.455323337861,3149.325659130645,234.0180154610754,-21072381.4019638,16047933427570.82,3.00000000000405,-0.8579830000003383,-210277078.34608063,-69.66040143508812,428.6292609182801,16.15165454581006,0.0,-6.399568273255519e-19,0.0,6.323377184718655e-18,-2049.6510846118085,6.269245328105262,-2049.6510846118085,0.0,-2528.0135848994514,0.0,0.0,2810.8199999970675,-14.617700000000127,0.0,0.0,0.0,0.0,0.0,0.0,0.0,0.0,0.0,0.0,0.0,3785.529999997263,-83.48819999989291,0.0,0.0,0.0,0.0,0.0,0.0,0.0,0.0,0.0,0.0,0.0,7388.629999997502,-42.01050000005421,0.0,0.0,0.0,0.0,0.0,0.0,0.0,0.0,0.0,999.000000002161,999.000000002161,1.0000000000001634,-354.45854930289045,gaze,0.319653356659479,0.3007977760354285,3033.248746282636,3829.441447194455,510.948853686413,-37.78386687261333,-18.013943236816736,-34.043273884285526,-0.046791022015258,-0.0554152168795139,0.9570575670023148,4.908642937451769,40.352392356809226,-17.47635709370558,-24.6629998556196,0.1977730505102575,0.1670828440835519,0.9268616243019938,5.173694972457189,42.1639857418754,-17.466003559483212,-27.976885354386305,0.1630942118128326,0.1371295108251367,0.918781600574422,5.171795470851077,675.5334464633162,False,-0.6800441090439968,imu,-0.2960470293968443,-9.591440520151352,2.656063446730484,1.2487886378230932,0.964614063683109,-3.670970029810994,98.8905164,-37.21367960000001,133.6627512,428.6292609182801,16.15165454581006,False,-0.1631183684624937,-0.9866065060955832,745.9073820434284,-82.79611354495259,329.1688570378241,1534.8059091308023,False,inf
62.658669,-727219.0846474831,-1518.291509205913,746.7064800432781,-84.46219926965409,231.16308654561703,348.8954378963722,1539.777812939239,-42691895.53422356,122.78770976573628,349.2133293233087,40306972105.78573,230.72431888361,231.16308654561703,-41897103807896.84,117.52505221501188,-10.610837581733524,500.1916806640442,533.1730409467945,-764339.0802050051,-463.3766879022186,493.10867476349,1539.777812939239,-2805946721734.607,5527.979069094665,3159.7648734381005,234.7900851768664,-21162488.86860372,16119280752223.938,3.000000000004036,-0.8579830000003383,-211183611.27917948,-69.885957003379,428.7560288713085,16.276957484294144,0.0,-6.421029440792826e-19,0.0,6.344582842199735e-18,-2056.182872163909,6.289544684215268,-2056.182872163909,0.0,-2536.0549437520003,0.0,0.0,2810.8199999970675,-14.617700000000012,0.0,0.0,0.0,0.0,0.0,0.0,0.0,0.0,0.0,0.0,0.0,3785.529999997205,-83.48819999989064,0.0,0.0,0.0,0.0,0.0,0.0,0.0,0.0,0.0,0.0,0.0,7388.6299999974435,-42.01050000005375,0.0,0.0,0.0,0.0,0.0,0.0,0.0,0.0,0.0,999.000000002161,999.000000002161,1.0000000000001634,-355.5062200274806,gaze,0.3201514032482871,0.3011628854454692,2836.106187400424,3567.8032250644787,558.1965133084713,-37.78940886561664,-18.010670528827216,-34.04198665224269,-0.0472961655045687,-0.056079056060584,0.9570878751639572,4.91093212578382,39.63632569681073,-17.516780599574528,-24.65445887446981,0.1959071103493887,0.1659492547842221,0.927873734799706,5.167386685796757,49.42865800971422,-17.474412540232034,-27.80501209910601,0.1622254865212182,0.1368552586664806,0.919088386676602,5.170111190248747,679.4497673267939,False,-0.6799993517727236,imu,-0.2129423968,-9.5249851872,2.6563965848,1.8917657,0.8144731799999998,-3.17487487,99.03635249117175,-37.53116943063793,133.29543253181512,428.7560288713085,16.276957484294144,False,-0.2467572399163773,-0.9690773264032398,746.8464371717648,-82.91901392686933,332.73152654656366,1539.777812939239,False,inf
62.667153,-732576.9960300709,-1526.8072510549082,748.6040980245853,-84.71126372597814,232.3923896345075,350.99182683870856,1548.577406379742,-43013850.57865524,123.54320852695412,351.3116086652712,40621346015.35871,231.95400081594465,232.3923896345075,-42225947858817.29,118.02033598685678,-10.673920180882266,502.0623720722123,535.9971654596826,-769967.0080712193,-466.0262653318933,494.95810866796506,1548.577406379742,-2827960817197.684,5557.219350588651,3178.244504292053,236.15678515373952,-21322173.6095408,16245743374046.062,3.000000000004121,-0.8579830000003525,-212790195.27578932,-70.28520700210548,428.980325320932,16.498690611325173,0.0,-6.459022234204209e-19,0.0,6.382123305099968e-18,-2067.743992800238,6.325476042160016,-2067.743992800238,0.0,-2550.287861852814,0.0,0.0,2810.8199999970675,-14.61770000000024,0.0,0.0,0.0,0.0,0.0,0.0,0.0,0.0,0.0,0.0,0.0,3785.529999997205,-83.48819999988973,0.0,0.0,0.0,0.0,0.0,0.0,0.0,0.0,0.0,0.0,0.0,7388.629999997502,-42.01050000005421,0.0,0.0,0.0,0.0,0.0,0.0,0.0,0.0,0.0,999.0000000021682,999.0000000021682,1.0000000000001703,-357.3602512189001,gaze,0.3210963722466905,0.3018740467541044,2427.5822834276883,3026.1373067942104,653.5023663560331,-37.7987451271313,-18.004319224863224,-34.039420813192166,-0.0482075777504314,-0.0572999353445747,0.9571595170524368,4.91511271720226,37.96023329385447,-17.587664699134585,-24.640200399276186,0.1926076328851237,0.164006441489944,0.9296496650495042,5.156315162728777,56.25929444276581,-17.488795373081068,-27.487942009796484,0.1606435738139225,0.136352935501477,0.9196438825799382,5.167129106413585,687.2340743962876,False,-0.6782198449032315,imu,-0.2171294664,-9.5369482432,2.6516113624,2.23570356,0.6724118899999998,-3.41413599,99.05036265754346,-37.53444956555224,133.32354440701317,428.980325320932,16.498690611325173,False,-0.3899887409227283,-0.920819625091421,748.5063331041048,-83.16483202030102,333.09347040089136,1548.577406379742,False,inf
62.668268,-733283.4930671062,-1527.9291988413142,748.8540908735213,-84.74405882083033,232.5543329896941,351.2680751082063,1549.736737085832,-43056307.0490551,123.64277123489109,351.5881060268801,40662807661.38509,232.11598410668947,232.5543329896941,-42269318880108.92,118.08554535101554,-10.682232375582432,502.3085908552689,536.3691988008486,-770709.1081180251,-466.3753578407295,495.2015328167415,1549.736737085832,-2830864237141.813,5561.0712785699925,3180.6795085057915,236.33686837613573,-21343231.433510333,16262422418831.805,3.000000000004121,-0.8579830000003454,-213002063.5362345,-70.33781197299496,429.0098697464218,16.527900129248337,0.0,-6.464028614038696e-19,0.0,6.387070080515738e-18,-2069.267220668869,6.33021033906158,-2069.267220668869,0.0,-2552.1631001430337,0.0,0.0,2810.8199999970675,-14.617700000000127,0.0,0.0,0.0,0.0,0.0,0.0,0.0,0.0,0.0,0.0,0.0,3785.529999997205,-83.4881999998911,0.0,0.0,0.0,0.0,0.0,0.0,0.0,0.0,0.0,0.0,0.0,7388.62999999756,-42.01050000005444,0.0,0.0,0.0,0.0,0.0,0.0,0.0,0.0,0.0,999.0000000021756,999.0000000021756,1.0000000000001703,-357.6044972506331,gaze,0.3212269409026951,0.3019739552653787,2369.234942608546,2948.844573822046,666.9200838485223,-37.79992941240057,-18.003428887168674,-34.03905584900231,-0.0483293119900888,-0.0574651881694784,0.9571706807346204,4.915675887093316,37.70253963535564,-17.59693810862027,-24.63840274416677,0.192173233987731,0.1637565736136629,0.929882158669464,5.154865595154653,56.56378071828757,-17.490642064485808,-27.445123289913763,0.1604309246917287,0.1362851371443162,0.9197182646032568,5.166736188921497,686.9039700846743,False,-1.0,imu,-0.2969188288070356,-9.591447981294362,2.655230854623085,1.1574179383870915,0.9326238702934878,-3.717211979631888,99.0522294467837,-37.534889006649166,133.32726881455247,429.0098697464218,16.527900129248337,False,-0.4082632094970883,-0.9128642570344928,748.7250573885148,-83.19992172855288,332.5717678573625,1549.7367370858317,False,inf
62.675637,-737966.4165158328,-1535.360367656534,750.5098014686264,-84.96116383074627,233.62685692548152,353.0980813376426,1557.415424791195,-43337743.59576988,124.3023715314914,353.419762294836,40937678426.77272,233.1887140299669,233.62685692548152,-42556853509441.91,118.51719795090511,-10.737294076096688,503.93797870171113,538.8330830363004,-775628.0126475957,-468.6876204264232,496.81244587268793,1557.415424791195,-2850112865607.2544,5586.58156568701,3196.809492230117,237.529762316694,-21482820.48410692,16372998474455.305,3.000000000004107,-0.8579830000003383,-214406540.79542565,-70.68626103498714,429.2055171981792,16.721345782317712,0.0,-6.497193024387399e-19,0.0,6.419839645591144e-18,-2079.356553503043,6.361569757789847,-2079.356553503043,0.0,-2564.583966387948,0.0,0.0,2810.81999999698,-14.617700000000012,0.0,0.0,0.0,0.0,0.0,0.0,0.0,0.0,0.0,0.0,0.0,3785.529999997146,-83.48819999989018,0.0,0.0,0.0,0.0,0.0,0.0,0.0,0.0,0.0,0.0,0.0,7388.6299999974435,-42.01050000005466,0.0,0.0,0.0,0.0,0.0,0.0,0.0,0.0,0.0,999.0000000021756,999.0000000021756,1.0000000000001634,-359.2221191264891,gaze,0.3221275759166938,0.3026723830068913,1964.4930350848904,2413.2805793049024,759.0526516352106,-37.8074992730796,-17.997214921875916,-34.03648369498036,-0.0491453573871887,-0.0585857727091451,0.9572548301783236,4.9194793917596416,35.79896306169629,-17.657956904916883,-24.626965382751013,0.1892979347679917,0.1621377403753791,0.9314132180236188,5.14531932890674,55.40408779688988,-17.50258587473671,-27.15665237154004,0.1589975352896488,0.1358265385795531,0.9202179780765424,5.164134068939376,667.8820754430355,False,-0.6731947297472864,imu,-0.2117460912,-9.5632669664,2.6569947376,2.51234923,0.5976427899999996,-3.54124346,99.06471298012283,-37.537842328734726,133.3520420619948,429.2055171981792,16.721345782317712,False,-0.5248686269675968,-0.851183249614999,750.1756011995296,-83.44811420164099,325.7801660553347,1557.415424791195,False,inf
62.684121,-743387.4847679578,-1543.9509794292069,752.4236165561724,-85.21190169402098,234.8665045122009,355.21423558482286,1566.2919901183957,-43663583.31719399,125.06521190806868,355.53782443301185,41255978476.63548,234.4284732757557,234.8665045122009,-42889830438077.5,119.01564158350396,-10.800960246804523,505.818506752748,541.6808301913054,-781322.2394069971,-471.3607914039089,498.6716928037721,1566.2919901183957,-2872403514317.7817,5616.066091400247,3215.4601290779883,238.9090378706728,-21644433.832226545,16501049772176.562,3.000000000004036,-0.8579830000003312,-216032692.24762768,-71.08912515357247,429.4316069322467,16.944925644997397,0.0,-6.535542430480719e-19,0.0,6.457732475440271e-18,-2091.0207245288666,6.397826375725312,-2091.0207245288666,0.0,-2578.943465974533,0.0,0.0,2810.8199999969656,-14.617699999999786,0.0,0.0,0.0,0.0,0.0,0.0,0.0,0.0,0.0,0.0,0.0,3785.5299999971176,-83.48819999988882,0.0,0.0,0.0,0.0,0.0,0.0,0.0,0.0,0.0,0.0,0.0,7388.6299999974435,-42.01050000005284,0.0,0.0,0.0,0.0,0.0,0.0,0.0,0.0,0.0,999.0000000021756,999.0000000021756,1.0000000000001492,-361.0918489709775,gaze,0.3232466093251162,0.3035595894658555,1475.352729534938,1767.7598196484191,868.6751516976052,-37.81564523622309,-17.989340854039742,-34.03318234097121,-0.0501098511480312,-0.0599379376679647,0.9573743597790478,4.924036560982975,33.230568393686475,-17.727584094950764,-24.614745878950075,0.1859784350406949,0.1603452970118891,0.9331637283542716,5.134405386477365,48.71740755827868,-17.515761460118274,-26.81544260250584,0.1572864587433977,0.1352756610466118,0.9208109638142,5.161127831654163,664.4413667544974,False,-0.6635360238455523,imu,-0.2296906752000001,-9.597959828800002,2.6605836544,2.57964142,0.3733354899999997,-3.71321239,99.07939242299088,-37.54134867960937,133.38087076875985,429.4316069322467,16.944925644997397,False,-0.6481549549666523,-0.7615084729352503,751.859945914728,-83.76854296938819,310.80984576389096,1566.291990118396,False,inf
62.688359,-746107.3593671394,-1548.256315711535,753.3826680105412,-85.33746683281106,235.48768904195967,356.2750334229168,1570.74056274223,-43827081.380722046,125.44765382199954,356.59957860726627,41415718226.57311,235.04966287584924,235.48768904195967,-43056940693140.63,119.26522186189334,-10.832873086858791,506.759729301055,543.1078030557455,-784179.156266656,-472.7005538918903,499.6022805162341,1570.74056274223,-2883590441512.8506,5630.840379702279,3224.8088233917,239.60039091026243,-21725527.6393606,16565314410244.922,3.00000000000405,-0.8579830000003241,-216848687.77997732,-71.29104709317934,429.5448822356593,17.056957314860256,0.0,-6.554766143075854e-19,0.0,6.476727316418411e-18,-2096.866693442376,6.415998772433592,-2096.866693442376,0.0,-2586.140254097704,0.0,0.0,2810.8199999969656,-14.6176999999999,0.0,0.0,0.0,0.0,0.0,0.0,0.0,0.0,0.0,0.0,0.0,3785.5299999971176,-83.48819999988837,0.0,0.0,0.0,0.0,0.0,0.0,0.0,0.0,0.0,0.0,0.0,7388.629999997327,-42.0105000000533,0.0,0.0,0.0,0.0,0.0,0.0,0.0,0.0,0.0,999.0000000021828,999.0000000021828,1.0000000000001492,-362.02878476643536,gaze,0.3238389947717539,0.3040365920407762,1230.3237041364894,1445.311638208069,923.0109657070512,-37.81947834708006,-17.985113954931318,-34.03139910437296,-0.050601757429994,-0.0606386552265298,0.9574433096321554,4.9263857325760485,31.829031335310965,-17.76209242866969,-24.60901935035044,0.1843167116963775,0.159479156883902,0.9340330635799096,5.128986189944907,44.13359929874085,-17.522105595454683,-26.642660414259964,0.1564070823150669,0.134991185525814,0.9211143433447294,5.159622491077244,686.9039700846743,False,-1.0,imu,-0.298385339221072,-9.59136040535644,2.6543970296240555,1.0296933318922925,0.8824687026410307,-3.786040344559419,99.08684481558583,-37.54314304521208,133.39537783113366,429.5448822356593,17.056957314860256,False,-0.7044393863170281,-0.7097641516766603,752.7087424655855,-83.94217712817759,300.51789139425296,1570.74056274223,False,inf
62.692604,-748839.695254768,-1552.5781878236762,754.3453425056614,-85.46344972666316,236.11120148616249,357.34007266307674,1575.206171445649,-43991339.74827004,125.83165224811768,357.6655779656146,41576217462.38817,235.67314630627607,236.11120148616249,-43224848737347.51,119.5156113340212,-10.864912118422009,507.70373989111295,544.5401057537881,-787049.1571703678,-474.0454993820752,500.5356358643589,1575.206171445649,-2894830760686.5,5645.669808493592,3234.1944937814096,240.29446937554167,-21806998.78585025,16629885762709.734,3.000000000004192,-0.8579830000003597,-217668500.7603981,-71.4937576163272,429.65857014805806,17.169406334550217,0.0,-6.574066521128029e-19,0.0,6.4957979100966896e-18,-2102.735292502758,6.434242139346304,-2102.735292502758,0.0,-2593.3648658938228,0.0,0.0,2810.819999997024,-14.61770000000024,0.0,0.0,0.0,0.0,0.0,0.0,0.0,0.0,0.0,0.0,0.0,3785.529999997176,-83.4881999998911,0.0,0.0,0.0,0.0,0.0,0.0,0.0,0.0,0.0,0.0,0.0,7388.629999997502,-42.01050000005466,0.0,0.0,0.0,0.0,0.0,0.0,0.0,0.0,0.0,999.000000002212,999.000000002212,1.0000000000001703,-362.9692442490161,gaze,0.3244549338690342,0.304537256130704,989.2094211259762,1128.7844194115733,976.1313100383074,-37.823155684697845,-17.980681151545916,-34.02952462325836,-0.0511012899769462,-0.0613576417214407,0.957518638115208,4.928788113195061,30.36884253700956,-17.796463062092908,-24.60353374812271,0.1826499518015492,0.1586314771107393,0.9349003189296988,5.123580892386327,39.27913858728792,-17.528297760304774,-26.468777390084423,0.155509639368517,0.1346999623492342,0.9214230593697346,5.158112533892234,725.2588122694726,False,-0.6477539222304566,imu,-0.2284943696,-9.6284656216,2.667761488,2.5646876,0.3284740299999998,-3.59358183,99.09438732370192,-37.54496915169642,133.40997014531268,429.65857014805806,17.169406334550217,False,-0.7567966407676638,-0.6536503993135624,753.5648246111564,-84.12486808314735,288.38061917827605,1575.206171445649,False,inf
62.701088,-754324.4728820627,-1561.2441477533364,756.2754586857536,-85.71586935204846,237.36125746247765,359.4761281154288,1584.1601928679063,-44321098.94585419,126.60188644115676,359.8035589169888,41898480077.87239,236.92304137590176,237.36125746247765,-43561997130939.984,120.01722856300005,-10.929165752211082,509.59412877525415,547.4116205031688,-792810.2624584241,-476.7424156986492,502.40472092139976,1584.1601928679063,-2917400543625.2266,5675.400075020337,3253.01729637006,241.6864047649123,-21970558.037779845,16759540562761.008,3.000000000004136,-0.8579830000003454,-219314396.6754799,-71.90025989946359,429.8864627924231,17.39484343255083,0.0,-6.612775000908596e-19,0.0,6.534045538599881e-18,-2114.5031903040035,6.470826181220002,-2114.5031903040035,0.0,-2607.851775725791,0.0,0.0,2810.819999996951,-14.617700000000012,0.0,0.0,0.0,0.0,0.0,0.0,0.0,0.0,0.0,0.0,0.0,3785.5299999970593,-83.488199999887,0.0,0.0,0.0,0.0,0.0,0.0,0.0,0.0,0.0,0.0,0.0,7388.629999997327,-42.01050000005512,0.0,0.0,0.0,0.0,0.0,0.0,0.0,0.0,0.0,999.000000002212,999.000000002212,1.0000000000001634,-364.85477291300833,gaze,0.3257544576002262,0.3056073394389803,533.9843602497244,534.0079929545104,1075.464239897516,-37.83000548677207,-17.9712166641836,-34.02551747972663,-0.0521202597162233,-0.0628466157972118,0.9576882554327506,4.93373967711964,27.36519295714737,-17.864532885403662,-24.59331546326584,0.1793121316345411,0.1569980676971374,0.936622718114302,5.112849664959441,30.382811772033783,-17.540174456821827,-26.121062163534983,0.1536657341605066,0.1340988938406586,0.9220547041332527,5.155089277695492,774.0747556590512,False,-0.6242961955369714,imu,-0.2165313136,-9.6458120528,2.6665651824,2.4899185,0.1265974599999997,-3.7954584,99.10968848546578,-37.54870557330564,133.43928814004587,429.8864627924231,17.39484343255083,False,-0.8480619942242702,-0.5298970220263122,755.2961132483013,-84.51508147979908,258.8595388676061,1584.1601928679063,False,inf
62.70834,-759038.1953314806,-1568.6816906140186,757.9317857625374,-85.93230304518534,238.4339314992131,361.3099254009321,1591.8448038146632,-44604536.06466293,127.26321743744172,361.6390091046183,42175526779.80083,237.9954682674993,238.4339314992131,-43851851413235.74,120.44726566335576,-10.984322819920957,511.2139215340776,549.8756129556824,-797761.4498775199,-479.0571571029539,504.0062947405303,1591.8448038146632,-2936804261775.366,5700.910919063043,3269.1753362648315,242.88125362416983,-22111142.470197983,16871007520416.549,3.000000000004178,-0.8579830000003454,-220729162.5058838,-72.24918126327198,430.0819795677489,17.588283029827153,0.0,-6.646005495217826e-19,0.0,6.566880400840259e-18,-2124.603531160556,6.50222810499603,-2124.603531160556,0.0,-2620.285720728942,0.0,0.0,2810.819999996951,-14.617700000000127,0.0,0.0,0.0,0.0,0.0,0.0,0.0,0.0,0.0,0.0,0.0,3785.5299999970593,-83.48819999988564,0.0,0.0,0.0,0.0,0.0,0.0,0.0,0.0,0.0,0.0,0.0,7388.629999997327,-42.01050000005466,0.0,0.0,0.0,0.0,0.0,0.0,0.0,0.0,0.0,999.000000002212,999.000000002212,1.0000000000001563,-366.47278702360353,gaze,0.4235346427503731,0.4532373377105203,188.8668227940843,86.88362508418695,1149.796696547669,-37.83531555441618,-17.96247632643437,-34.02182172379257,-0.053013260829634,-0.0641752147362301,0.957853739972906,4.938133757791242,24.63233385343251,-15.85156379220351,-25.50787939545347,0.137877473106222,0.0862478297508255,0.9866869383310576,5.259622097015381,24.63233385343251,-15.85156379220351,-25.50787939545347,0.137877473106222,0.0862478297508255,0.9866869383310576,5.259622097015381,686.9039700846743,False,-1.0,imu,-0.3001422208010555,-9.591155407315988,2.6539636381698646,0.905141581985052,0.8262582030326434,-3.859423018071788,99.12299885000444,-37.55199173600048,133.4644736098421,430.0819795677489,17.588283029827153,False,-0.9014077962071562,-0.4329711132823504,756.8006663087123,-84.87325735156381,233.81938483956264,1591.8448038146632,False,inf
62.709572,-759841.3166865852,-1569.947965617782,758.2137653892332,-85.96913308730132,238.61654221240545,361.62218635320335,1593.1531285395076,-44652831.1987896,127.37583757625308,361.9515515026129,42222737910.94527,238.1780268896328,238.61654221240545,-43901246017959.1,120.5204379157034,-10.993714612492589,511.48945763771655,550.2950748189044,-798605.0288867461,-479.4512630324966,504.2787349455444,1593.1531285395076,-2940110880995.9834,5705.253787771084,3271.926627251315,243.0847024384964,-22135096.86076572,16890002785620.766,3.000000000004192,-0.8579830000003454,-220970232.55410743,-72.30859050272761,430.1152606042597,17.621213192924074,0.0,-6.651663962477305e-19,0.0,6.572471500124338e-18,-2126.323211418706,6.507574766440798,-2126.323211418706,0.0,-2622.40270917467,0.0,0.0,2810.8199999969656,-14.617700000000012,0.0,0.0,0.0,0.0,0.0,0.0,0.0,0.0,0.0,0.0,0.0,3785.5299999971176,-83.48819999988791,0.0,0.0,0.0,0.0,0.0,0.0,0.0,0.0,0.0,0.0,0.0,7388.6299999974435,-42.01050000005512,0.0,0.0,0.0,0.0,0.0,0.0,0.0,0.0,0.0,999.0000000022192,999.0000000022192,1.0000000000001776,-366.7482394997143,gaze,0.3271466809204666,0.3067714711287802,135.3896452683456,18.04986522473121,1161.2191465627614,-37.83616639156425,-17.960931082575932,-34.02116950655379,-0.0531669999373168,-0.0644061063978205,0.957883758036204,4.9388952621331335,24.4139565889495,-17.93170617697519,-24.58408001301146,0.1759658039397977,0.1554474897718106,0.938330031309061,5.102219441567802,24.535890866270268,-17.55136640836664,-25.776828762186657,0.1517540184778274,0.1334721058890927,0.922706124433922,5.1520602610013615,654.6294007740482,False,-0.5916066039899931,imu,-0.2231109944,-9.6709344704,2.6761356272,2.17588828,-0.1126636599999999,-4.02724261,99.1252805529568,-37.55255850700425,133.4687606689086,430.1152606042597,17.621213192924074,False,-0.9195365956580716,-0.3930043883286347,757.0587600595948,-84.93618987080448,222.7955152942209,1593.153128539508,False,inf
62.718056,-765390.3669586352,-1578.6897628514282,760.1602890241011,-86.22324305677239,239.8770719622388,363.77828187918175,1602.1851014151534,-44986545.34362602,128.15351890584984,364.1095902548854,42549000211.95993,239.43811770685232,239.8770719622388,-44242605197962.81,121.02524288617838,-11.05855968725607,513.3897326498609,553.1905055147702,-804433.6036341757,-482.17207992501073,506.15768433824417,1602.1851014151534,-2962962428259.948,5735.231326840292,3290.922780880054,244.4893837886465,-22300619.64695957,17021276196582.336,3.000000000004136,-0.8579830000003383,-222636053.3449084,-72.7187555313784,430.3449660282658,17.848518281955535,0.0,-6.690734030668604e-19,0.0,6.611076412065376e-18,-2138.195527598685,6.544488444463024,-2138.195527598685,0.0,-2637.017876685022,0.0,0.0,2810.819999996893,-14.6176999999999,0.0,0.0,0.0,0.0,0.0,0.0,0.0,0.0,0.0,0.0,0.0,3785.5299999970302,-83.48819999988518,0.0,0.0,0.0,0.0,0.0,0.0,0.0,0.0,0.0,0.0,0.0,7388.629999997211,-42.01050000005512,0.0,0.0,0.0,0.0,0.0,0.0,0.0,0.0,0.0,999.0000000022336,999.0000000022336,1.0000000000001634,-368.6496694477913,gaze,0.3286332556327425,0.3080314083845696,-184.7078341498975,-389.7106349174929,1228.7865727521248,-37.84161064652076,-17.94980694920616,-34.01648927852775,-0.0542418682073734,-0.0660375369168277,0.9581057133475968,4.944259475387871,21.75433183848309,-17.997901636562453,-24.575813472050285,0.1726114125241549,0.1539819807423856,0.9400215614840712,5.0916967636846255,22.493458264659587,-17.561849638147915,-25.440511680229346,0.1497735561020586,0.1328191793995175,0.9233776198675976,5.1490273568549645,345.284743081712,False,-0.5481659169301892,imu,-0.2237091472,-9.673925234400002,2.6659670296,1.90671952,-0.2771556799999999,-4.146873169999999,99.14114903107446,-37.55652894319162,133.49832554182134,430.3449660282658,17.848518281955535,False,-0.9692460111492572,-0.2460938233098387,758.8574475180029,-85.38442662274888,180.90301264288783,1602.1851014151537,False,inf
62.72654,-770971.7643968003,-1587.4696611433826,762.1150560553997,-86.47820138839438,241.14286297151835,365.94444927415503,1611.2562347026992,-45322250.24326706,128.93494371341387,366.277709784279,42877276259.81776,240.70332871433348,241.14286297151835,-44586084500941.88,121.53164697290369,-11.123701966637512,515.294959975768,556.0979494795222,-810296.1343076306,-484.9049049986274,508.04157549472063,1611.2562347026992,-2985955842912.998,5765.33307309548,3310.0060523703537,245.90047025470056,-22467130.80161926,17153364572627.229,3.000000000004264,-0.8579830000003383,-224311904.1318006,-73.13076110414133,430.5755815130651,18.07676137057956,0.0,-6.72998583174519e-19,0.0,6.649860893229559e-18,-2150.120310970652,6.581567765952936,-2150.120310970652,0.0,-2651.69748915957,0.0,0.0,2810.819999996893,-14.617700000000012,0.0,0.0,0.0,0.0,0.0,0.0,0.0,0.0,0.0,0.0,0.0,3785.5299999970302,-83.48819999988473,0.0,0.0,0.0,0.0,0.0,0.0,0.0,0.0,0.0,0.0,0.0,7388.629999997327,-42.0105000000558,0.0,0.0,0.0,0.0,0.0,0.0,0.0,0.0,0.0,999.0000000022484,999.0000000022484,1.0000000000001776,-370.5590882505323,gaze,0.3302158478558837,0.3093889240173609,-409.1397808236051,-666.2899373032571,1274.5779100162874,-37.84631007172674,-17.93782663182938,-34.01148576337978,-0.0553452248277503,-0.0677423443510127,0.9583546943915436,4.94983697347628,19.673965790540272,-18.063035865172324,-24.568500356448485,0.1692494074561602,0.1526038012127256,0.9416966036087444,5.0812882586353965,23.071293459746126,-17.57159981575332,-25.116428370397475,0.1477234047744804,0.1321396921950759,0.924069492284513,5.145992468497764,43.17836136412549,False,-0.4925409117331198,imu,-0.2326814392,-9.645213900000002,2.670752252,1.70484295,-0.5164168,-4.32631901,99.15727851966317,-37.56061788012255,133.52791927688202,430.5755815130651,18.07676137057956,False,-0.9957035423459224,-0.0925983572196722,760.6962604367034,-85.85528245918441,134.05413675711944,1611.2562347026992,False,inf
62.728432,-772220.8862044602,-1589.432857004222,762.5521116043619,-86.53517504657725,241.42586363726247,366.4288989697709,1613.2845229195357,-45397387.50416184,129.10971955271523,366.7625960393255,42950760004.8693,240.9861806581848,241.42586363726247,-44662973256127.055,121.64479756895552,-11.138269847170884,515.7205169107859,556.7479747738444,-811608.1711668363,-485.5159883625023,508.462372877682,1613.2845229195357,-2991102971778.86,5772.062980499015,3314.2736850304577,246.21602948444573,-22504399.354031987,17182932858833.492,3.000000000004306,-0.8579830000003739,-224687004.64968508,-73.22289326407041,430.6271349675917,18.12778959428965,0.0,-6.738764144359733e-19,0.0,6.6585346939439455e-18,-2152.786805631301,6.589859396431699,-2152.786805631301,0.0,-2654.979970127748,0.0,0.0,2810.8199999968783,-14.617700000000356,0.0,0.0,0.0,0.0,0.0,0.0,0.0,0.0,0.0,0.0,0.0,3785.5299999971176,-83.48819999988837,0.0,0.0,0.0,0.0,0.0,0.0,0.0,0.0,0.0,0.0,0.0,7388.629999997502,-42.010500000056936,0.0,0.0,0.0,0.0,0.0,0.0,0.0,0.0,0.0,999.0000000022848,999.0000000022848,1.000000000000199,-370.9859959707359,gaze,0.3305820420743321,0.3097051480963614,-444.7927969215179,-708.2796293886029,1281.540664544486,-37.84725362599747,-17.935036370937695,-34.01032679110537,-0.0555952037943817,-0.0681326828254393,0.9584139630293576,4.951110360562117,19.32225740446489,-18.07740799992369,-24.566997798628883,0.1684986610947648,0.1523085956119318,0.9420678310502282,5.0789833250818806,24.63233385343251,-15.85156379220351,-25.50787939545347,0.137877473106222,0.0862478297508255,0.9866869383310576,5.259622097015381,0.0,True,3.0,imu,-0.3022185557654571,-9.590825380135357,2.6539463090680115,0.7855829694415079,0.7635458046877993,-3.9380069299456464,99.16090948797724,-37.56154600732976,133.53451634864285,430.6271349675917,18.12778959428965,False,-0.9983260497324428,-0.0578368258604871,761.1121579810267,-85.96286170351785,123.03061344974442,1613.2845229195354,False,inf
62.735024,-776585.6501085202,-1596.2877824376567,764.0780930051005,-86.73401021368204,242.4139315330584,368.1207231969984,1620.366651863358,-45659954.78697968,129.72012531346678,368.45594477941466,43207575362.01041,241.97367482625563,242.4139315330584,-44931693787364.98,122.0396536787888,-11.189142442921211,517.2051457721993,559.0174436769557,-816192.7689426981,-487.6497769568936,509.9304148039276,1620.366651863358,-3009091784488.717,5795.559408177831,3329.1767374961046,247.31798332302347,-22634634.74312783,17286271702442.443,3.000000000004235,-0.8579830000003454,-225997830.13418543,-73.5446133532203,430.80710951113,18.30594513438064,0.0,-6.769419993399398e-19,0.0,6.688825563836062e-18,-2162.09773403654,6.61881328278981,-2162.09773403654,0.0,-2666.4417579596065,0.0,0.0,2810.819999996893,-14.6176999999999,0.0,0.0,0.0,0.0,0.0,0.0,0.0,0.0,0.0,0.0,0.0,3785.529999997001,-83.48819999988336,0.0,0.0,0.0,0.0,0.0,0.0,0.0,0.0,0.0,0.0,0.0,7388.629999997269,-42.01050000005557,0.0,0.0,0.0,0.0,0.0,0.0,0.0,0.0,0.0,999.0000000022555,999.0000000022555,1.0000000000001634,-372.4765214559144,gaze,0.3318961380771059,0.3108458065228959,-525.401969991988,-795.0494490319329,1296.015330618265,-37.85023605749811,-17.92497232275258,-34.00616832581518,-0.0564774328442654,-0.0695219793535023,0.9586312798177576,4.955632462643805,18.51221878097124,-18.12702334341494,-24.562123598151462,0.1658802450942955,0.1513152350775397,0.9433544446178276,5.071000640005204,24.442718860550205,-17.580592254876063,-24.80871891796798,0.1456026161813816,0.1314332190084698,0.9247820457961912,5.142957529524072,-50.015303059822735,True,-0.4234319033506946,imu,-0.2643835376,-9.6027450512,2.67673378,1.54035093,-0.6136166300000001,-4.41604193,99.17365269741816,-37.56482632395189,133.5574773298718,430.80710951113,18.30594513438064,False,-0.9979618802677392,0.0638128947194741,762.5785639612601,-86.34359806392348,83.26495800558662,1620.366651863358,False,inf
62.743508,-782232.1656106899,-1605.1442489334495,766.0494264523313,-86.99067166773489,243.69029397298368,370.30713838476254,1629.516476611975,-45999667.89045906,130.5090770516226,370.6443300071535,43539906854.66468,243.2491709842305,243.69029397298368,-45279442948226.8,122.5492665111772,-11.254882110542235,519.1202961885715,561.9490251459893,-822123.6560042641,-490.4067345845567,511.8242086485283,1629.516476611975,-3032370914561.625,5825.910714503048,3348.435132691786,248.74194452706172,-22803135.903013192,17420001386439.0,3.000000000004306,-0.8579830000003668,-227693876.7071545,-73.96031842431348,431.03955247886006,18.53607225360065,0.0,-6.809037144754907e-19,0.0,6.7279710455183684e-18,-2174.1279696739434,6.65622554806737,-2174.1279696739434,0.0,-2681.2508949055286,0.0,0.0,2810.8199999969365,-14.61770000000024,0.0,0.0,0.0,0.0,0.0,0.0,0.0,0.0,0.0,0.0,0.0,3785.529999997089,-83.48819999988564,0.0,0.0,0.0,0.0,0.0,0.0,0.0,0.0,0.0,0.0,0.0,7388.629999997385,-42.01050000005648,0.0,0.0,0.0,0.0,0.0,0.0,0.0,0.0,0.0,999.0000000022848,999.0000000022848,1.0000000000001847,-374.4019946666618,gaze,0.3336758212045663,0.3124038601398407,-525.3390200545757,-765.2640412896397,1291.462816448717,-37.85335956197352,-17.911226038114478,-34.00054673154381,-0.0576388580574549,-0.0713779062869131,0.9589360539235584,4.961650699001841,18.66342896899052,-18.18977640985552,-24.556664519487544,0.1625043881151724,0.1501185896169805,0.9449943633774358,5.060840708045994,25.55333337046468,-17.588801911041585,-24.52128571475549,0.1434102359393498,0.1306993314733529,0.9255155867823656,5.139924504037531,44.224165589820615,True,-0.3397202738523434,imu,-0.2918985664000001,-9.609324732,2.697669128,1.18893616,-0.92016994,-4.49828794,99.19025430579148,-37.56915528877908,133.5869343237614,431.03955247886006,18.53607225360065,False,-0.9756531434462514,0.2193192733971373,764.5068955293614,-86.84367727436762,29.678268503030985,1629.516476611975,False,inf
62.748412,-785510.953817715,-1610.2810816688054,767.1927090596237,-87.13941919022477,244.430489581234,371.57558907949056,1634.8233641125507,-46196951.54903412,130.96683892001454,371.9139235442025,43732934760.5226,243.98879971338616,244.430489581234,-45481431955714.85,122.84457151296388,-11.293018403837303,520.2295757511152,563.6490921567984,-825567.562056596,-492.0058638661805,512.9211389807934,1634.8233641125507,-3045892496711.5425,5843.511802996267,3359.6071667177143,249.5679850074017,-22900991.04529032,17497677691668.78,3.000000000004292,-0.8579830000003668,-228678874.7518459,-74.20145554350934,431.17432956634,18.66952374697325,0.0,-6.832020720133462e-19,0.0,6.750680985483258e-18,-2181.105951835756,6.677927197757915,-2181.105951835756,0.0,-2689.840676775134,0.0,0.0,2810.819999996849,-14.61770000000024,0.0,0.0,0.0,0.0,0.0,0.0,0.0,0.0,0.0,0.0,0.0,3785.529999997001,-83.48819999988427,0.0,0.0,0.0,0.0,0.0,0.0,0.0,0.0,0.0,0.0,0.0,7388.629999997269,-42.010500000056936,0.0,0.0,0.0,0.0,0.0,0.0,0.0,0.0,0.0,999.0000000022774,999.0000000022774,1.0000000000001776,-375.51865135394377,gaze,0.3347505298939261,0.3133513148003155,-470.4748168114536,-673.4673542682722,1276.6444052534162,-37.85478751392573,-17.90286636705046,-33.99716253719954,-0.0583236653052784,-0.0724860597764168,0.9591253093628852,4.965232886214954,19.524510260661344,-18.22545141960809,-24.553919649114,0.1605501744202291,0.1494697286523206,0.945933825025516,5.055028900585633,24.63233385343251,-15.85156379220351,-25.50787939545347,0.137877473106222,0.0862478297508255,0.9866869383310576,5.259622097015381,114.74573597033614,False,-1.0,imu,-0.3046009858634964,-9.590368610146118,2.65436583998958,0.6754285414687436,0.6952985277456808,-4.020689179445745,99.19994714802591,-37.57171292367511,133.6038893958253,431.17432956634,18.66952374697325,False,-0.9516215391076024,0.3072725928332657,765.6431945080492,-87.1357239962024,2.0865626496163463,1634.8233641125507,False,inf
62.751992,-787911.4528302685,-1614.039183085432,768.0290830333179,-87.24818788924154,244.9719666507669,372.5037296527667,1638.7058329173117,-46341398.495830536,131.3018123046255,372.8429003126896,43874280102.58724,244.5298321573292,244.9719666507669,-45629341905096.01,123.06048898184932,-11.32092196608884,521.0404173669308,564.8927310007458,-828088.9443871538,-493.1758167476551,513.7229634048706,1638.7058329173117,-3055793896750.372,5856.387375262209,3367.781535053241,250.17237544739749,-22972638.725968294,17554557436770.258,3.000000000004377,-0.8579830000003525,-229400089.3416977,-74.37788247662917,431.2729128764822,18.76714541314243,0.0,-6.848837916368461e-19,0.0,6.767297961325962e-18,-2186.2111911365546,6.6938051160952,-2186.2111911365546,0.0,-2696.1251122773674,0.0,0.0,2810.8199999968056,-14.617700000000127,0.0,0.0,0.0,0.0,0.0,0.0,0.0,0.0,0.0,0.0,0.0,3785.5299999970302,-83.48819999988336,0.0,0.0,0.0,0.0,0.0,0.0,0.0,0.0,0.0,0.0,0.0,7388.629999997385,-42.01050000005717,0.0,0.0,0.0,0.0,0.0,0.0,0.0,0.0,0.0,999.0000000022992,999.0000000022992,1.0000000000001847,-376.3355335403093,gaze,0.3355566066199203,0.3140649049079816,-404.822496293351,-571.681493552128,1260.1557889592657,-37.85565110870628,-17.896569617165397,-33.994631151310564,-0.0588298690328326,-0.073311603276495,0.9592696066763846,4.967896488740688,20.58017690949771,-18.25120523936628,-24.552102807671663,0.159122305541727,0.1490161955912432,0.9466156306510892,5.0508153500838375,26.26874674041196,-17.596203379334284,-24.257733140768043,0.1411453035805621,0.1299375981157211,0.9262704238978956,5.136895386807584,148.82954923752646,False,-0.2405160019659814,imu,-0.3092449976000001,-9.6799067624,2.6934820584,0.96462886,-0.8977392100000001,-4.453426479999999,99.20706513289772,-37.57360579669275,133.61622427821726,431.2729128764822,18.76714541314243,False,-0.9290157114893488,0.3700402786264475,766.4828743489613,-87.3494188352033,25.4572321056548,1638.7058329173117,False,inf
62.755449,-790235.0385533277,-1617.6746865769687,768.8381322504665,-87.35336436871012,245.49574002155487,373.4017070990263,1642.4616108799337,-46481225.04196358,131.6259184498248,373.7416867500606,44011115777.45392,245.053151403138,245.49574002155487,-45772534995013.61,123.26926065792078,-11.347917726592929,521.8242414883575,566.095696598792,-830529.5367328024,-494.307628372644,514.4980785180976,1642.4616108799337,-3065379530210.9185,5868.841822460236,3375.6899743988256,250.75709745791107,-23041994.786923736,17609623222489.85,3.000000000004292,-0.8579830000003525,-230098250.3840003,-74.54856299725192,431.3682645553163,18.86157336044687,0.0,-6.865108450946842e-19,0.0,6.7833747838974125e-18,-2191.1500101226748,6.709165873737657,-2191.1500101226748,0.0,-2702.204663599387,0.0,0.0,2810.8199999968056,-14.617700000000012,0.0,0.0,0.0,0.0,0.0,0.0,0.0,0.0,0.0,0.0,0.0,3785.529999996972,-83.488199999882,0.0,0.0,0.0,0.0,0.0,0.0,0.0,0.0,0.0,0.0,0.0,7388.629999997269,-42.0105000000558,0.0,0.0,0.0,0.0,0.0,0.0,0.0,0.0,0.0,999.0000000022848,999.0000000022848,1.0000000000001634,-377.1257169856071,gaze,0.3363523633303923,0.314771690625615,-320.95854677970027,-445.6205442188425,1239.709798375712,-37.85633941642018,-17.890332324269345,-33.99213883178346,-0.0593237428957273,-0.0741221760640844,0.9594139096360236,4.970507846310831,21.983601772695792,-18.275834994272813,-24.55049635762379,0.1577425225488548,0.1485945678094272,0.947270735329462,5.046770480099093,26.492682982953955,-17.598981609135226,-24.157951261007906,0.1402013782559057,0.1296191276350248,0.9265841777730236,5.135662689430683,164.19526787182397,False,-0.1954985964045021,imu,-0.3055173492257162,-9.590176183602471,2.6546212191720664,0.6392489301695122,0.6699304871706592,-4.05083347999547,98.8172732,-37.60431000000002,133.955724,431.3682645553163,18.86157336044687,False,-0.9032119712993512,0.4291947517171428,767.3018753308561,-87.55566038189168,48.06362320160967,1642.4616108799337,False,inf
62.760476,-793623.6541048383,-1622.9727076039617,770.0170894415351,-87.50656102048492,246.25896595925468,374.7105318946725,1647.9348450022453,-46685155.57172775,132.09834448038097,375.0516906196239,44210704499.3068,245.8156733420982,246.25896595925468,-45981400610160.52,123.5733246070218,-11.387263008304409,522.965515441914,567.8485984306134,-834088.7834167168,-495.9570623935861,515.6266854429505,1647.9348450022453,-3079361396720.76,5886.989774422373,3387.216242338299,251.6092977117908,-23143147.66986957,17689943677349.42,3.000000000004391,-0.8579830000003739,-231116513.6648972,-74.79731168289796,431.5071931681741,18.99916730256814,0.0,-6.888822940231266e-19,0.0,6.806806935725712e-18,-2198.3475720545016,6.731552542399853,-2198.3475720545016,0.0,-2711.064622815201,0.0,0.0,2810.819999996893,-14.617700000000356,0.0,0.0,0.0,0.0,0.0,0.0,0.0,0.0,0.0,0.0,0.0,3785.529999997089,-83.48819999988473,0.0,0.0,0.0,0.0,0.0,0.0,0.0,0.0,0.0,0.0,0.0,7388.629999997385,-42.010500000057846,0.0,0.0,0.0,0.0,0.0,0.0,0.0,0.0,0.0,999.0000000023138,999.0000000023138,1.0000000000001918,-378.27716378924913,gaze,0.3375402182308637,0.315830776726407,-163.42901459557493,-214.08193778884063,1202.130739096015,-37.85708078425641,-17.880984721547286,-33.98843216492611,-0.060050837111138,-0.0753245622632583,0.9596325337363016,4.9743746883424445,24.77655012538922,-18.311217821477747,-24.54841648930919,0.1557344727714428,0.1480104073351737,0.9482175090657304,5.04093154092626,26.7879931967932,-17.60277089212411,-24.02131052875026,0.1388068525380929,0.129147584345312,0.9270468680796816,5.133872203425989,157.97149349056167,False,-0.1252051926197572,imu,-0.3487230824000001,-9.7546758624,2.6988654336,0.7104139199999999,-0.98746213,-4.70016451,99.22406599742014,-37.57817887781525,133.6452808391078,431.5071931681741,18.99916730256814,False,-0.8589065254047796,0.5121323858311332,768.5071316690584,-87.85446406062303,80.81130128836129,1647.9348450022453,False,inf
62.768504,-799059.2717353944,-1631.4617170346928,771.9059569161363,-87.75183805467145,247.48171106384507,376.80815653326806,1656.7044424873998,-47012310.46562004,132.85557290325957,377.1512048081193,44530943943.09557,247.03718629204704,247.48171106384507,-46316534553492.24,124.06008483611151,-11.45031658124486,524.7917312764243,570.6568255577007,-839798.0921282496,-498.6000567008117,517.4326655249325,1656.7044424873998,-3101795864208.647,5916.063479354766,3405.68795145324,252.97498491864988,-23305422.56103949,17818821072949.758,3.000000000004377,-0.8579830000003739,-232750127.7471919,-75.19592038008464,431.729730599045,19.21959447349718,0.0,-6.926829076103855e-19,0.0,6.844360582164609e-18,-2209.880751710583,6.76742618235181,-2209.880751710583,0.0,-2725.2614772616944,0.0,0.0,2810.81999999682,-14.617700000000012,0.0,0.0,0.0,0.0,0.0,0.0,0.0,0.0,0.0,0.0,0.0,3785.5299999970302,-83.48819999988336,0.0,0.0,0.0,0.0,0.0,0.0,0.0,0.0,0.0,0.0,0.0,7388.629999997269,-42.01050000005739,0.0,0.0,0.0,0.0,0.0,0.0,0.0,0.0,0.0,999.0000000023284,999.0000000023284,1.0000000000001918,-380.121908863625,gaze,0.4295207187866898,0.3158789740956395,173.6579923136255,271.4272039361045,1123.307477140307,-37.85761254379341,-17.86536578360957,-33.982315332553135,-0.0612341037736188,-0.0773036760330998,0.9600035463879212,4.98072314119762,31.43674553248746,-18.81232697378908,-23.16644942110074,0.1193970051886345,0.243660715696885,0.962483148308617,4.641892910003662,28.034539692959985,-17.331945382996295,-24.337164408277104,0.1286372391474282,0.1649542727238551,0.9745850433198372,4.9507575035095215,114.74287255268136,False,-1.0,imu,-0.3073261595108335,-9.589774454308811,2.655248126410497,0.576323696998771,0.6211260813144248,-4.1080939679541375,99.24030986094212,-37.58261997080264,133.67250061066753,431.729730599045,19.21959447349718,False,-0.783288484241033,0.6216583872637647,770.4666932228503,-88.32588423851766,126.33953888403052,1656.7044424874,False,inf
62.768959,-799368.2330422421,-1631.9438856212078,772.0132366214857,-87.76576260121169,247.55115568219907,376.9273181563437,1657.2025424924086,-47030907.23481751,132.89859245741474,377.27047376789136,44549149448.46404,247.10655708281269,247.55115568219907,-46335587165500.39,124.0877161740058,-11.453898365077409,524.8953687502594,570.8163141372323,-840122.6095140809,-498.7501805698637,517.5351558571426,1657.2025424924086,-3103071278618.4966,5917.714667342266,3406.737246542979,253.05256247441903,-23314646.929245487,17826147838433.273,3.000000000004377,-0.8579830000003668,-232842991.31176025,-75.21856246062904,431.74236804443353,19.2321130996246,0.0,-6.928988104066832e-19,0.0,6.846493905400593e-18,-2210.5358464965934,6.769463904680608,-2210.5358464965934,0.0,-2726.0678672259505,0.0,0.0,2810.8199999968347,-14.61770000000024,0.0,0.0,0.0,0.0,0.0,0.0,0.0,0.0,0.0,0.0,0.0,3785.5299999970302,-83.48819999988336,0.0,0.0,0.0,0.0,0.0,0.0,0.0,0.0,0.0,0.0,0.0,7388.629999997327,-42.01050000005717,0.0,0.0,0.0,0.0,0.0,0.0,0.0,0.0,0.0,999.0000000023284,999.0000000023284,1.0000000000001776,-380.2266808868288,gaze,0.3396281421621325,0.3177031003366296,195.83256304527487,303.0926194115963,1118.1662345923096,-37.857618226215486,-17.86445483970582,-33.98196154368274,-0.0613019871271676,-0.0774180374527815,0.9600253883773032,4.981089399064504,31.830382963625905,-18.36971313592353,-24.54558218979804,0.1523417718370721,0.1471037038099538,0.9497990678552892,5.031197481709435,27.27992824963141,-17.6084776957855,-23.81490545144336,0.1363941989701149,0.1283289506596197,0.9278451371471408,5.130857365308286,112.7774457853872,False,0.0064859023178112,imu,-0.3469286240000001,-9.767237071200002,2.6851079192,0.29170696,-0.7108164600000002,-4.453426479999999,99.241234699432,-37.58287500942796,133.67403413877483,431.74236804443353,19.2321130996246,False,-0.7668099168027661,0.6418742489716618,770.579017714326,-88.35229915279703,134.99372582238243,1657.2025424924088,False,inf
62.777443,-805146.6871634168,-1640.9549554432226,774.0180220015391,-88.02585589151363,248.84885693163343,379.1546461270043,1666.511235112181,-47378744.02230835,133.70275837572564,379.4998079475789,44889704193.92856,248.4028027756109,248.84885693163343,-46691995088723.21,124.6037884834142,-11.52084474969812,526.8304384042235,573.7966151425107,-846191.995421691,-501.55586890434216,519.4488309558062,1666.511235112181,-3126929802123.081,5948.569683379829,3426.349449104177,254.5025317276755,-23487181.421591863,17963205879393.375,3.000000000004391,-0.8579830000003668,-234579975.22177795,-75.64174032549765,431.9784954231345,19.46604042356364,0.0,-6.969343512243836e-19,0.0,6.886368854419706e-18,-2222.779062406403,6.807548699044211,-2222.779062406403,0.0,-2741.138596400004,0.0,0.0,2810.819999996791,-14.6176999999999,0.0,0.0,0.0,0.0,0.0,0.0,0.0,0.0,0.0,0.0,0.0,3785.529999996943,-83.488199999882,0.0,0.0,0.0,0.0,0.0,0.0,0.0,0.0,0.0,0.0,0.0,7388.629999997211,-42.01050000005717,0.0,0.0,0.0,0.0,0.0,0.0,0.0,0.0,0.0,999.0000000023138,999.0000000023138,1.0000000000001918,-382.1845702819679,gaze,0.3418226236188514,0.3196841847761148,667.026668417053,971.4420040929032,1009.669823014346,-37.85723276969381,-17.84695738057439,-33.97522917091839,-0.0625839909438954,-0.0795940419964662,0.9604488702738988,4.988047161219578,42.3899947321255,-18.4266085373974,-24.54357387239889,0.1489438910391113,0.1462982727766722,0.9513599262234056,5.021618027761189,27.84107736491549,-17.61329863853245,-23.640952877426912,0.1339057953430398,0.1274810632478237,0.9286657347953056,5.127852249158124,89.96865912018613,False,0.1545074169159744,imu,-0.3636769024000001,-9.7104125552,2.685706072000001,-0.30644584,-0.4416477000000003,-4.18425772,99.25855412040048,-37.58769634493759,133.70242454955803,431.9784954231345,19.46604042356364,False,-0.6547720514820873,0.7558264090371141,772.6975644179607,-88.83665843835864,186.61089009396065,1666.511235112181,False,inf
62.785927,-810958.4848052019,-1650.0049852852403,776.031237629837,-88.28681253972286,250.1519341889808,381.3922902193845,1675.8599576929405,-47728634.34447479,134.5107616262586,381.7394673666861,45232338440.4374,249.70427363306104,250.1519341889808,-47050592799715.375,125.12148452220625,-11.588095330054385,528.7705033132934,576.7891897390696,-852296.3825237582,-504.3738380482782,521.3674924070967,1675.8599576929405,-3150934852642.492,5979.55159433846,3446.050853806757,255.95905748931173,-23660735.487282783,18101105652628.35,3.000000000004377,-0.8579830000003668,-236327308.51489,-76.06680194307037,432.2155501114321,19.70092457377564,0.0,-7.009885077192529e-19,0.0,6.926427743878622e-18,-2235.0759609043043,6.845803025514359,-2235.0759609043043,0.0,-2756.2752597006424,0.0,0.0,2810.8199999967765,-14.617700000000012,0.0,0.0,0.0,0.0,0.0,0.0,0.0,0.0,0.0,0.0,0.0,3785.529999997001,-83.48819999988109,0.0,0.0,0.0,0.0,0.0,0.0,0.0,0.0,0.0,0.0,0.0,7388.629999997269,-42.010500000057846,0.0,0.0,0.0,0.0,0.0,0.0,0.0,0.0,0.0,999.00000000235,999.00000000235,1.0000000000001847,-384.1506285163081,gaze,0.3441251904668223,0.3217756994779286,1241.357724565542,1778.681087245032,878.6673084027304,-37.85589305933711,-17.828475361083566,-33.968247624714685,-0.0638970825947906,-0.0818538676047622,0.9609035477660742,4.995252205970783,57.1686184821635,-18.48179834329884,-24.542364812947064,0.1455417247073024,0.1455966526241685,0.9528991345445124,5.012201575142803,28.50669235496433,-17.61720612705561,-23.501589946506883,0.1313409367062482,0.1266035729213428,0.9295088860442596,5.124859329878613,106.30568007548726,False,0.3183451870138238,imu,-0.34393786,-9.672130776,2.7090340312,-0.66533752,-0.15004821,-3.89265823,99.2760000599814,-37.592643392546336,133.73038256441782,432.2155501114321,19.70092457377564,False,-0.5254305337031691,0.8508365026562994,774.8600276087726,-89.3013449869902,234.26130821816244,1675.8599576929407,False,inf
62.788485,-812717.3564184221,-1652.7413111103788,776.6398978358229,-88.36566296766682,250.54588065108408,382.0689888350468,1678.6865521419645,-47834533.613939285,134.75513660588447,382.4167754144456,45336055099.86023,250.0977059413234,250.54588065108408,-47159144307257.6,125.27789351412198,-11.60843180386366,529.3564308339127,577.6938909016653,-854143.7987237005,-505.2258958283552,521.9469648878076,1678.6865521419645,-3158201435925.3086,5988.917866783965,3452.0085465524403,256.39950243361136,-23713264.2790841,18142849374156.44,3.0000000000043485,-0.8579830000003597,-236856182.32314545,-76.1953322728098,432.2872064864423,19.77193233841149,0.0,-7.022145334068406e-19,0.0,6.938542033879525e-18,-2238.794142371132,6.857370386509279,-2238.794142371132,0.0,-2760.8520648113563,0.0,0.0,2810.819999996748,-14.6176999999999,0.0,0.0,0.0,0.0,0.0,0.0,0.0,0.0,0.0,0.0,0.0,3785.529999996914,-83.48819999987973,0.0,0.0,0.0,0.0,0.0,0.0,0.0,0.0,0.0,0.0,0.0,7388.629999997094,-42.01050000005762,0.0,0.0,0.0,0.0,0.0,0.0,0.0,0.0,0.0,999.0000000023284,999.0000000023284,1.0000000000001776,-384.7450189170893,gaze,0.3448409096138877,0.3224282622777811,1433.1353061827735,2047.0666270423324,835.1224745587227,-37.85529713496573,-17.82270682862671,-33.9660955714246,-0.0642991483742624,-0.0825519037125213,0.961046850795425,4.997473868933889,62.56715951918514,-18.49808876135481,-24.54215279290285,0.1445151762956124,0.1454058446567984,0.9533588556388444,5.009395515545897,28.034539692959985,-17.331945382996295,-24.337164408277104,0.1286372391474282,0.1649542727238551,0.9745850433198372,4.9507575035095215,114.74287255267936,False,-1.0,imu,-0.3103738763317577,-9.58904391952904,2.65660484821515,0.491867110617446,0.5423302851409757,-4.198877089275638,99.28128151919832,-37.59415979603059,133.7387174243189,432.2872064864423,19.77193233841149,False,-0.4834975921363039,0.8753456907978677,775.5201427759015,-89.43671740408931,247.64535252992104,1678.6865521419645,False,inf
62.794411,-816803.7699536285,-1659.0940988830605,778.0529104292782,-88.54863470251485,251.4604039809338,383.6402856414021,1685.2488354766824,-48080587.2763176,135.32261574192864,383.9894872633295,45577061696.847885,251.01098476185985,251.4604039809338,-47411390373614.26,125.64080782436886,-11.65565111353334,530.7155695821964,579.794075418141,-858435.9218739684,-507.20412727536393,523.2911465553443,1685.2488354766824,-3175087104062.744,6010.660787297233,3465.8417610639235,257.4221615763187,-23835313.63712433,18239851029271.8,3.000000000004434,-0.8579830000003739,-238085037.3645832,-76.49375354031837,432.4535345890781,19.936768258512306,0.0,-7.05061343665844e-19,0.0,6.96667120393002e-18,-2247.4267171303472,6.884227444499076,-2247.4267171303472,0.0,-2771.478071713228,0.0,0.0,2810.819999996762,-14.6176999999999,0.0,0.0,0.0,0.0,0.0,0.0,0.0,0.0,0.0,0.0,0.0,3785.529999996972,-83.48819999988064,0.0,0.0,0.0,0.0,0.0,0.0,0.0,0.0,0.0,0.0,0.0,7388.629999997211,-42.01050000005853,0.0,0.0,0.0,0.0,0.0,0.0,0.0,0.0,0.0,999.0000000023356,999.0000000023356,1.0000000000001918,-386.1248815222788,gaze,0.3465376252417065,0.3239795443584032,1907.648141932484,2709.306244374852,727.695701918957,-37.85356740970428,-17.808989725261952,-33.96102916140015,-0.0652416446237366,-0.0841990620114758,0.9613900395088256,5.00270959309079,76.93792966497888,-18.53518158557861,-24.54192614085577,0.1421357740185429,0.1450012929290606,0.9544159225605364,5.002955452649772,29.26272544165976,-17.620172920177968,-23.398563120781613,0.1286986319500595,0.1256960325391767,0.9303749110279692,5.121880757911856,131.25157509178547,False,0.4970335318677912,imu,-0.3331711096,-9.6404286776,2.697669128,-0.94198319,0.0667821799999996,-3.78050458,99.29354929831452,-37.59771721495606,133.75784262901445,432.4535345890781,19.936768258512306,False,-0.3819211614983925,0.9241949071487674,777.0628953052006,-89.74064101713638,276.5980925889427,1685.2488354766824,False,inf
62.802895,-822682.687008352,-1668.2224202295392,780.0830673802648,-88.81132454017711,252.7742828677363,385.8986676797652,1694.67799396086,-48434611.91949463,136.13833428699598,386.2499029544812,45923883500.96149,252.32295129630504,252.7742828677363,-47774397916414.65,126.16176192833802,-11.723513109689064,532.6656433081121,582.811309746619,-864610.7649596764,-510.0467759410855,525.2197997383985,1694.67799396086,-3199387232332.9365,6041.8976501153065,3485.7224719546257,258.89186585312746,-24010920.39520464,18379445892308.523,3.000000000004434,-0.8579830000003881,-239853208.08146405,-76.92260135781144,432.69245133971344,20.17357419070663,0.0,-7.09152922982991e-19,0.0,7.00709986615221e-18,-2259.8315066031287,6.922822517630227,-2259.8315066031287,0.0,-2786.7472474857414,0.0,0.0,2810.819999996762,-14.61770000000024,0.0,0.0,0.0,0.0,0.0,0.0,0.0,0.0,0.0,0.0,0.0,3785.529999996914,-83.488199999882,0.0,0.0,0.0,0.0,0.0,0.0,0.0,0.0,0.0,0.0,0.0,7388.629999997211,-42.01050000005944,0.0,0.0,0.0,0.0,0.0,0.0,0.0,0.0,0.0,999.0000000023792,999.0000000023792,1.0000000000002132,-388.1073552874725,gaze,0.3490617252679742,0.3262976354841354,2652.6247238022765,3744.984225553346,559.7412421800423,-37.850223686320845,-17.788481235929286,-33.95358646652124,-0.0666180624011282,-0.0866311870318744,0.961908969962326,5.0104244337087485,102.51493505175002,-18.58665500260726,-24.54222719745024,0.1387265466652685,0.1445146673156073,0.9559095117069896,4.993887078595341,30.057529794860788,-17.622171402641715,-23.333262720783605,0.1259778837921549,0.1247579918010299,0.9312641321970292,5.118918715304657,132.85987094771755,False,0.6891065033084182,imu,-0.3206099008000001,-9.646410205600002,2.6928839056,-1.18872122,0.0817359999999998,-3.96742733,99.31117756563954,-37.60291888312523,133.78473996271396,432.69245133971344,20.17357419070663,False,-0.2278197220005621,0.9737033296993426,779.3017124675087,-90.14941777321876,312.3608383052714,1694.6779939608602,False,inf
62.808577,-826638.8583639578,-1674.3579266383044,781.4474841931169,-88.9877423603184,253.6572613014835,387.4170018462953,1701.0155810780357,-48672876.19802666,136.68681399876223,387.7696042687791,46157339036.22722,253.2045623225508,253.6572613014835,-48018756129982.68,126.51157477823594,-11.769134127537818,533.9744715173027,584.8389691883735,-868766.0655436395,-511.9575168325597,526.5142773515372,1701.0155810780357,-3215744808324.0674,6062.889531684736,3499.087568010628,259.87987405069174,-24129107.119018167,18473413851264.805,3.000000000004462,-0.8579830000003668,-241043268.80722892,-77.21087750213266,432.85298386047725,20.332709904636204,0.0,-7.119036935063089e-19,0.0,7.034280073036514e-18,-2268.169681292295,6.948766543369722,-2268.169681292295,0.0,-2797.0107053536985,0.0,0.0,2810.819999996733,-14.617699999999786,0.0,0.0,0.0,0.0,0.0,0.0,0.0,0.0,0.0,0.0,0.0,3785.5299999968847,-83.4881999998779,0.0,0.0,0.0,0.0,0.0,0.0,0.0,0.0,0.0,0.0,0.0,7388.629999997211,-42.01050000005853,0.0,0.0,0.0,0.0,0.0,0.0,0.0,0.0,0.0,999.000000002372,999.000000002372,1.0000000000001776,-389.4396894131911,gaze,0.3508155310615738,0.3279149735107135,3188.1311795062443,4487.122761999583,439.4221359183968,-37.84739885346343,-17.774164490654847,-33.94848299499543,-0.0675578971426723,-0.0883094467648363,0.9622749649253992,5.015737821779483,123.31380908980924,-18.620008070460155,-24.54282635082286,0.1364417040427451,0.144250797873344,0.9568964525272416,4.987916822752715,31.43674553248746,-18.81232697378908,-23.16644942110074,0.1193970051886345,0.243660715696885,0.962483148308617,4.641892910003662,114.74573597033417,False,-1.0,imu,-0.3137882525328423,-9.588163172884974,2.658473083939433,0.4231356883231741,0.4586313193612554,-4.293591839087725,99.32301539293036,-37.60647462268903,133.80240752244467,432.85298386047725,20.332709904636204,False,-0.1206360833310592,0.9926967993292524,780.8186115534116,-90.4039090888607,332.0655328906709,1701.0155810780357,False,inf
62.811664,-828794.5918965628,-1677.6987235887382,782.1903678534891,-89.08375300962575,254.1380007619788,388.2438681763107,1704.4663695922764,-48802716.15966988,136.98553075864584,388.597215097642,46284571609.32408,253.68452955528588,254.1380007619788,-48151933189587.42,126.701933920088,-11.793977660180644,534.6864942428317,585.9429188136108,-871030.3013849794,-512.9979477974623,527.2185019631279,1704.4663695922764,-3224659798393.3794,6074.318429846302,3506.365728601395,260.4179011612071,-24193512.089984074,18524627025713.41,3.000000000004505,-0.857983000000381,-241691799.6056569,-77.36785479309533,432.9403763547998,20.419349225667474,0.0,-7.134017157594829e-19,0.0,7.049081945606452e-18,-2272.7099791116766,6.962894049043207,-2272.7099791116766,0.0,-2802.599329497267,0.0,0.0,2810.819999996704,-14.617700000000127,0.0,0.0,0.0,0.0,0.0,0.0,0.0,0.0,0.0,0.0,0.0,3785.529999996943,-83.48819999987745,0.0,0.0,0.0,0.0,0.0,0.0,0.0,0.0,0.0,0.0,0.0,7388.629999997152,-42.01050000005944,0.0,0.0,0.0,0.0,0.0,0.0,0.0,0.0,0.0,999.0000000023792,999.0000000023792,1.0000000000001918,-390.1650928999904,gaze,0.3517898974036742,0.3288157184940865,3489.318334129669,4903.818770451163,371.875597734079,-37.84566305676533,-17.766188202294728,-33.94567204047398,-0.0680746091744401,-0.0892380484932972,0.9624800941017037,5.018674494777745,135.9580336790652,-18.637738191305097,-24.54328126223063,0.1351998972751722,0.1441286237376019,0.9574280572019022,4.984708859131478,30.837286057837822,-17.623189619574255,-23.3065223263334,0.1230822316993313,0.1237559034080196,0.9322079479275378,5.115876894380596,98.46385627444666,False,0.8996334398848046,imu,-0.3074505392,-9.6236803992,2.667163335200001,-1.20367504,0.21632038,-4.079580979999999,99.32945413438703,-37.608430796023065,133.81188167813906,432.9403763547998,20.419349225667474,False,-0.0615925358090141,0.9981013773823856,781.6478762432151,-90.53520464601684,341.2114636096805,1704.4663695922764,False,inf
62.820432,-834942.0380956781,-1687.21609547551,784.3065489938926,-89.3570819065726,255.5073768438378,390.5999724045066,1714.2969274790526,-49173011.139102936,137.8367879010984,390.9554406010755,46647480922.19977,255.0515989686945,255.5073768438378,-48531807998995.8,127.24379392218148,-11.864763450303489,536.7124765623678,589.0874425825068,-877487.1452335878,-515.9620703620451,529.222329628733,1714.2969274790526,-3250088909322.392,6106.872725557757,3527.1032093516715,261.9508599591504,-24377191.52142541,18670707439139.11,3.0000000000045617,-0.8579830000003881,-243541435.78743047,-77.8150964642871,433.18927429433097,20.666129947502327,0.0,-7.176701837023391e-19,0.0,7.091258434252286e-18,-2285.64508006606,7.003144515728975,-2285.64508006606,0.0,-2818.520957593202,0.0,0.0,2810.819999996704,-14.617700000000127,0.0,0.0,0.0,0.0,0.0,0.0,0.0,0.0,0.0,0.0,0.0,3785.529999996943,-83.48819999987927,0.0,0.0,0.0,0.0,0.0,0.0,0.0,0.0,0.0,0.0,0.0,7388.629999997269,-42.01050000005944,0.0,0.0,0.0,0.0,0.0,0.0,0.0,0.0,0.0,999.0000000024012,999.0000000024012,1.0000000000001918,-392.231433329972,gaze,0.3546409845603157,0.331459759761499,4375.647852107827,6127.529641754267,173.5476165175399,-37.83994421898558,-17.74276278293247,-33.93754799720856,-0.0695658623975611,-0.091940905093923,0.9630871775562596,5.027209881441253,177.46907363704477,-18.68654364962027,-24.54505272492799,0.1316712745409826,0.143864219185531,0.9589199314037395,4.97573795556362,31.47438053281295,-17.623112209772763,-23.321963454707973,0.1201009353529493,0.1227203623509641,0.933177140664782,5.112857920501208,43.02802957877797,False,1.1197649121976887,imu,-0.3098431504,-9.577024480800002,2.6845097664,-1.49527453,0.0368745399999999,-4.33379592,99.34775677889428,-37.61408099005496,133.83828209253755,433.18927429433097,20.666129947502327,False,0.1070913224581143,0.9942491884101148,784.0198364350789,-90.8798441692448,360.7586075609441,1714.2969274790526,False,inf
62.828557,-840671.1498533563,-1696.073256105592,786.275708117173,-89.61119984156676,256.78153546815287,392.7932980148257,1723.4453340218024,-49518152.42118454,138.62934229652728,393.1507407623122,46985805029.82691,256.3234693779558,256.78153546815287,-48885961334835.445,127.74748187968142,-11.93065307457496,538.5946757727684,592.0132464005321,-883504.5796917941,-518.7207181820628,531.0839915675972,1723.4453340218024,-3273796146110.887,6137.162513282176,3546.406410534668,263.377756101654,-24548394.77601612,18806896342392.48,3.00000000000459,-0.8579830000003881,-245265520.10525435,-78.23136586662592,433.4208154433436,20.895738393451097,0.0,-7.216436813013232e-19,0.0,7.13052033772342e-18,-2297.683616651434,7.0406075668914845,-2297.683616651434,0.0,-2833.3388764779274,0.0,0.0,2810.8199999966746,-14.617700000000012,0.0,0.0,0.0,0.0,0.0,0.0,0.0,0.0,0.0,0.0,0.0,3785.529999996914,-83.48819999987836,0.0,0.0,0.0,0.0,0.0,0.0,0.0,0.0,0.0,0.0,0.0,7388.629999997211,-42.01050000006035,0.0,0.0,0.0,0.0,0.0,0.0,0.0,0.0,0.0,999.0000000024156,999.0000000024156,1.0000000000001918,-394.1541527789402,gaze,0.3573947549260414,0.3340244811836504,5224.395539237212,7296.247786511888,-15.8279030598725,-37.83357823479804,-17.720023160559016,-33.92984528131074,-0.0709792620326252,-0.0945330449131989,0.9636825146986592,5.035379922758901,223.98473908247223,-18.729635904767687,-24.5472999267899,0.1283998095757615,0.1437301933313103,0.9602779732028658,4.967616449821887,31.43674553248746,-18.81232697378908,-23.16644942110074,0.1193970051886345,0.243660715696885,0.962483148308617,4.641892910003662,0.0,True,3.0,imu,-0.3175417022890632,-9.587136229762194,2.660854308394713,0.3722580235130991,0.3716672860455452,-4.390653505149383,99.36471585318642,-37.61944187756239,133.8620288159419,433.4208154433436,20.895738393451097,False,0.2614281018694467,0.9652229522514156,786.2347499587876,-91.16017738474216,369.83867283357006,1723.4453340218026,False,inf
62.829201,-841126.5886797733,-1696.7768445906856,786.4321234900763,-89.63137597526884,256.88274186831154,392.9675570227332,1724.1720494162296,-49545591.46214867,138.69231497002284,393.3251566406629,47012704848.42477,256.42448817088257,256.88274186831154,-48914120257148.53,127.78746945583732,-11.935887748408904,538.7440591039617,592.2456400588368,-883982.9380470596,-518.9398634859356,531.2317467882511,1724.1720494162296,-3275681118838.1533,6139.568393821835,3547.939979137267,263.4911162187541,-24562005.627101943,18817724781072.18,3.000000000004462,-0.8579830000003597,-245402590.12738425,-78.26443532427555,433.4392046877729,20.91397565856505,0.0,-7.219593715179638e-19,0.0,7.133639654774146e-18,-2298.6399550580995,7.043583723133104,-2298.6399550580995,0.0,-2834.5160025267264,0.0,0.0,2810.819999996588,-14.617699999999672,0.0,0.0,0.0,0.0,0.0,0.0,0.0,0.0,0.0,0.0,0.0,3785.529999996797,-83.48819999987609,0.0,0.0,0.0,0.0,0.0,0.0,0.0,0.0,0.0,0.0,0.0,7388.629999996978,-42.0105000000583,0.0,0.0,0.0,0.0,0.0,0.0,0.0,0.0,0.0,999.0000000023864,999.0000000023864,1.0000000000001563,-394.30687679316026,gaze,0.3576176716619424,0.33423253270925,5292.3013702899525,7389.633464584645,-30.958530473480376,-37.83302886022045,-17.718177779549684,-33.929227962751455,-0.0710925973039662,-0.0947421455429977,0.9637310679719832,5.036038358234068,228.02646296029383,-18.732960627092066,-24.547501943323727,0.1281404562535487,0.1437242061027179,0.9603845867952354,4.966980816406158,31.86561003701333,-17.62190739029811,-23.37998250528718,0.1170321927280891,0.1216506245469587,0.9341722953495664,5.109863621730738,-1.120822530892082,True,1.3465810901219943,imu,-0.3128339144,-9.5237888816,2.6892949888,-1.45041307,-0.04537147,-4.67773378,99.3660592320473,-37.61987196459504,133.8638798770746,433.4392046877729,20.91397565856505,False,0.2734607710422747,0.9618831564701428,786.4108146743616,-91.18074840769845,370.1709560311795,1724.1720494162296,False,inf
62.83797,-847347.705913741,-1706.380025948996,788.5668805618698,-89.90660649711413,258.2639584259587,395.3463932724296,1734.090756419007,-49920425.19465637,139.55203023539892,395.7061342501835,47380212789.68625,257.8030584044378,258.2639584259587,-49298838073733.29,128.33290274840402,-12.00734362464684,540.7810178061359,595.4171951873113,-890517.1148229722,-521.931033692423,533.2465321770608,1734.090756419007,-3301434291551.77,6172.402161419414,3568.874013801777,265.03851986682804,-24747938.57710831,18965666784436.65,3.000000000004462,-0.8579830000003739,-247275104.07214287,-78.7158274334011,433.6901419653186,21.162861289024026,0.0,-7.262688647656034e-19,0.0,7.176221512106496e-18,-2311.69332766162,7.084207716810658,-2311.69332766162,0.0,-2850.5828920403187,0.0,0.0,2810.81999999666,-14.617700000000012,0.0,0.0,0.0,0.0,0.0,0.0,0.0,0.0,0.0,0.0,0.0,3785.5299999968265,-83.48819999987518,0.0,0.0,0.0,0.0,0.0,0.0,0.0,0.0,0.0,0.0,0.0,7388.629999997036,-42.01050000005898,0.0,0.0,0.0,0.0,0.0,0.0,0.0,0.0,0.0,999.0000000024085,999.0000000024085,1.0000000000001776,-396.391217070632,gaze,0.3607216925044001,0.3371359322410093,6218.766856516775,8662.044426771605,-237.10487144077052,-37.824880030504566,-17.692413731580668,-33.92072884109599,-0.0726550842015603,-0.0976432557687011,0.9644124141440288,5.045164845866534,288.58841280913657,-18.77685881289181,-24.55058654650056,0.1246084350311332,0.1437114625372699,0.9618209541599436,4.9584470763794055,31.919010400001948,-17.61954290113939,-23.48060552451482,0.1138752097166275,0.1205462946092834,0.9351936694809524,5.10689689744965,-13.99311719209276,True,1.5767969507590829,imu,-0.3367600264,-9.4962738528,2.6916876,-1.1737674,-0.00798692,-4.90204108,99.38432768969147,-37.62580430347424,133.88860656835917,433.6901419653186,21.162861289024026,False,0.4326481067369997,0.9015628739787866,788.8127707756679,-91.43649113418918,368.8812744908758,1734.090756419007,False,inf
62.846739,-853605.5515912636,-1716.025777920398,790.7108503270683,-90.18277587793044,259.65104499276606,397.73652056390017,1744.0531885095795,-50297522.53817558,140.41594885262413,398.09841287372734,47750015441.9444,259.18732653701704,259.65104499276606,-49685972782976.56,128.88009773219156,-12.07913220605078,542.8233593582165,598.6021498781367,-897089.8452950048,-524.9356249014618,535.2666927562855,1744.0531885095795,-3327349185558.921,6205.374461045903,3589.905649571079,266.59309531502026,-24934995.442336127,19114537804107.16,3.0000000000045475,-0.8579830000003739,-249159029.5362355,-79.16927975959688,433.942088891461,21.41278986101611,0.0,-7.30598734842509e-19,0.0,7.219004711721463e-18,-2324.805393830324,7.125017123853919,-2324.805393830324,0.0,-2866.7218662126425,0.0,0.0,2810.819999996558,-14.61769999999956,0.0,0.0,0.0,0.0,0.0,0.0,0.0,0.0,0.0,0.0,0.0,3785.529999996739,-83.48819999987381,0.0,0.0,0.0,0.0,0.0,0.0,0.0,0.0,0.0,0.0,0.0,7388.629999997036,-42.01050000005898,0.0,0.0,0.0,0.0,0.0,0.0,0.0,0.0,0.0,999.0000000024012,999.0000000024012,1.0000000000001634,-398.4844831706064,gaze,0.3639551161715015,0.3401721663465039,7134.11305732342,9916.148264773525,-440.2724846304497,-37.81545966791494,-17.665448360897482,-33.912067134723124,-0.0742537647659122,-0.1006460408184208,0.9651319387946908,5.05459528193616,360.0960093171555,-18.818110850689106,-24.554262136242546,0.1210758087735228,0.1438288573901994,0.9632281262814186,4.950145439675599,31.56395971498113,-17.61598609636216,-23.62350024910041,0.1106288499842192,0.1194068573147435,0.9362416323194638,5.103960338371732,-4.99015943002369,True,1.806947780509959,imu,-0.3475267768,-9.5058442976,2.7108284896,-0.92702937,0.05182836,-4.976810179999999,99.40252914213524,-37.631879236672056,133.91239897645525,433.942088891461,21.41278986101611,False,0.5799083989491628,0.8146816855853695,791.2177066020356,-91.64705239434603,356.630254562757,1744.0531885095795,False,inf
62.848649,-854973.477269302,-1718.1324053050569,791.1790590917481,-90.24305384488002,259.953950471246,398.2586221354917,1746.2289461387213,-50379960.36727142,140.60468031109153,398.6209843587864,47830868567.68037,259.48959513980503,259.953950471246,-49770617319109.83,128.9995178108843,-12.094812910923658,543.2689219564982,599.2976548837125,-898526.5997550314,-525.5918474823368,535.7074230667698,1746.2289461387213,-3333015303093.9404,6212.574663945533,3594.499585607611,266.93265524386925,-24975888.37299836,19147087451454.984,3.000000000004576,-0.857983000000381,-249570891.1059951,-79.26832138352282,433.99710032281655,21.46736610998937,0.0,-7.31544545291552e-19,0.0,7.228350210897349e-18,-2327.669172645736,7.13393058552606,-2327.669172645736,0.0,-2870.246724544867,0.0,0.0,2810.819999996631,-14.617699999999786,0.0,0.0,0.0,0.0,0.0,0.0,0.0,0.0,0.0,0.0,0.0,3785.529999996768,-83.48819999987518,0.0,0.0,0.0,0.0,0.0,0.0,0.0,0.0,0.0,0.0,0.0,7388.629999997094,-42.01050000006035,0.0,0.0,0.0,0.0,0.0,0.0,0.0,0.0,0.0,999.0000000024302,999.0000000024302,1.0000000000001847,-398.94160987454,gaze,0.3646767636814483,0.3408513323454168,7329.944565854263,10184.056619509613,-483.6744399641601,-37.81323537892048,-17.659413429835663,-33.91016060026213,-0.0746068216185013,-0.101313748848069,0.9652937953520068,5.056690249993577,377.2125691764616,-18.8267324131769,-24.5551365798494,0.1203063367155863,0.1438719709330746,0.9635306644994506,4.948368882363619,31.43674553248746,-18.81232697378908,-23.16644942110074,0.1193970051886345,0.243660715696885,0.962483148308617,4.641892910003662,0.0,True,3.0,imu,-0.3216868802691277,-9.585945664394648,2.663798045056176,0.3392657939307349,0.2813011628835216,-4.490527472499436,99.4064814241104,-37.63322146787674,133.91745135198173,433.99710032281655,21.46736610998937,False,0.6099542838814943,0.7924366041360111,791.7411412285747,-91.6870319165488,352.508482741572,1746.2289461387213,False,inf
62.855507,-859899.568033101,-1725.7131318761806,792.8638168932448,-90.45985487275652,261.0438608946024,400.13770389282337,1754.058342398194,-50676850.33220863,141.28398677132685,400.5017572937861,48122080968.15652,260.5771506304834,261.0438608946024,-50075491190760.01,129.42899564136792,-12.15124637836476,544.870856613843,601.8001806214604,-903700.5435242518,-527.9533361842177,537.2920041833179,1754.058342398194,-3353423578225.3,6238.481942407667,3611.032808263141,268.1546885168013,-25123159.78405401,19264325071821.32,3.0000000000046327,-0.8579830000003881,-251054201.7900028,-79.62474722171925,434.1950193304256,21.66373572163968,0.0,-7.349485560411734e-19,0.0,7.26198504722736e-18,-2337.974844597152,7.166007887087795,-2337.974844597152,0.0,-2882.9313128155613,0.0,0.0,2810.819999996602,-14.61770000000024,0.0,0.0,0.0,0.0,0.0,0.0,0.0,0.0,0.0,0.0,0.0,3785.5299999968265,-83.48819999987654,0.0,0.0,0.0,0.0,0.0,0.0,0.0,0.0,0.0,0.0,0.0,7388.629999997152,-42.0105000000608,0.0,0.0,0.0,0.0,0.0,0.0,0.0,0.0,0.0,999.0000000024592,999.0000000024592,1.000000000000199,-400.5864639197524,gaze,0.3673196376888061,0.3433430924212115,8017.172524208297,11123.051725828673,-635.8007166735259,-37.80473048105032,-17.637262462792336,-33.903260876197216,-0.0758888953757228,-0.1037519619779733,0.9658902826929026,5.064334535468968,443.4439269055842,-18.856582390548816,-24.55848158466372,0.1175435858447442,0.1440792514160737,0.9646050309399326,4.942085620661203,30.752393144378576,-17.611204503667842,-23.80796327754201,0.1072923557846463,0.1182319298271779,0.9373164316844688,5.10105690154597,4.642237561895434,True,2.0334248870507605,imu,-0.3648732080000001,-9.535153784800002,2.7102303368,-1.05413684,0.1490281899999997,-5.25345585,99.42062721178324,-37.6380972864791,133.9351938604045,434.1950193304256,21.66373572163968,False,0.7107311305272652,0.7034637589097503,793.6173636250292,-91.813803292386,333.49261294652666,1754.058342398194,False,inf
62.856981,-860961.2962830351,-1727.3458880428084,793.2266643937583,-90.5065275565023,261.2785883622039,400.5424850352399,1755.7446379358698,-50740843.563100815,141.43032895492158,400.9069027247184,48184856466.75034,260.81135797272043,261.2785883622039,-50141212818470.24,129.52144519076288,-12.163402437422713,545.2155935987214,602.3391282323261,-904815.6900874336,-528.461972499743,537.6330107737534,1755.7446379358698,-3357822982568.1987,6244.061356822667,3614.5941606091137,268.4179181543324,-25154903.527675807,19289597941610.29,3.0000000000046327,-0.857983000000381,-251373930.7019424,-79.7015198760828,434.2376393784398,21.70602545151189,0.0,-7.35681822579037e-19,0.0,7.269230412121759e-18,-2340.1945730955485,7.1729172054214665,-2340.1945730955485,0.0,-2885.663421014299,0.0,0.0,2810.819999996588,-14.617700000000356,0.0,0.0,0.0,0.0,0.0,0.0,0.0,0.0,0.0,0.0,0.0,3785.5299999968847,-83.488199999877,0.0,0.0,0.0,0.0,0.0,0.0,0.0,0.0,0.0,0.0,0.0,7388.629999997152,-42.01050000006103,0.0,0.0,0.0,0.0,0.0,0.0,0.0,0.0,0.0,999.0000000024592,999.0000000024592,1.000000000000206,-400.94071177894745,gaze,0.3678983082856099,0.3438895781560682,8160.980504970877,11319.301745716648,-667.5971368138829,-37.80279540900572,-17.63240235283824,-33.90176739203857,-0.0761674076754568,-0.1042843922089181,0.9660216403742464,5.066002668557748,458.6804118035808,-18.8627679743542,-24.559240926207323,0.1169498226403647,0.1441346118552819,0.9648334826693128,4.940754953634952,30.56889523614003,-17.610278001104913,-23.842989092174108,0.1067224860227443,0.1180308769957382,0.9374997907195748,5.100572208571906,5.398543757710031,True,2.0708833105477664,imu,-0.3235174273774016,-9.585404090387822,2.6651858136527284,0.3308903268982956,0.2431940022731289,-4.53244628272815,98.988174,-37.67755320000001,134.1144176,434.2376393784398,21.70602545151189,False,0.7308133878669196,0.6825773158510876,794.019727642539,-91.837714877443,328.5583776394932,1755.7446379358698,False,inf
62.864276,-866231.3536494579,-1735.4444364703802,795.0263016039244,-90.73790909779018,262.44274238713047,402.5505305620548,1764.108640878082,-51058505.36435509,142.15635721888916,402.9167553400965,48496504998.951485,261.9728646361492,262.44274238713047,-50467493551373.8,129.9797256228639,-12.22370372289532,546.9239832826265,605.0120589751283,-910350.8881421452,-530.9848999909431,539.3229353813621,1764.108640878082,-3379664179956.822,6271.73259183993,3632.260646753357,269.72368019335613,-25312479.62397889,19415067136165.445,3.000000000004661,-0.8579830000004023,-252961105.35199857,-80.08234071142067,434.4489937493963,21.915759144782896,0.0,-7.393193922875122e-19,0.0,7.30517303121552e-18,-2351.204880747773,7.207189986440776,-2351.204880747773,0.0,-2899.215170378428,0.0,0.0,2810.819999996588,-14.61770000000024,0.0,0.0,0.0,0.0,0.0,0.0,0.0,0.0,0.0,0.0,0.0,3785.529999996768,-83.48819999987472,0.0,0.0,0.0,0.0,0.0,0.0,0.0,0.0,0.0,0.0,0.0,7388.629999997152,-42.01050000006194,0.0,0.0,0.0,0.0,0.0,0.0,0.0,0.0,0.0,999.0000000024812,999.0000000024812,1.0000000000002132,-402.69766791671657,gaze,0.3708181279485245,0.3466516792833775,8847.320876140877,12254.647973955058,-819.1586035299163,-37.79265090286879,-17.607826907484572,-33.89432559849363,-0.0775612972480919,-0.1069635655354438,0.9666883550630706,5.07439088548669,539.5049754189728,-18.89214930041841,-24.563196992242915,0.1140115736785872,0.1444656266788108,0.9659510556067588,4.934274694728332,29.45661703899173,-17.605163501257174,-24.033018900918275,0.1038638155188804,0.1170207216277073,0.9384186873577338,5.098188589666719,5.431809075061137,True,2.252664376588512,imu,-0.3774344168000001,-9.5261814928,2.7048469616,-1.03918302,0.21632038,-5.10391765,99.43859037979423,-37.6444611206292,133.95693848549644,434.4489937493963,21.915759144782896,False,0.8210409385053913,0.5708693171805489,796.0045662338666,-91.93957765184491,299.8808753643827,1764.108640878082,False,inf
62.86863,-869389.0403166641,-1740.2922040694405,796.103477082368,-90.87632044471457,263.13951798690374,403.75278828078353,1769.1152265619337,-51248857.21269989,142.59108587816755,404.1200949356309,48683278577.170425,262.66800185978025,263.13951798690374,-50663041224123.27,130.25383375082924,-12.259805176887834,547.9454124100341,606.6118493023434,-913667.4328432668,-532.4951703022441,540.3333414155652,1769.1152265619337,-3392754098161.945,6288.294191005105,3642.837348982069,270.50540914350853,-25406903.99097297,19490263628050.64,3.0000000000047464,-0.8579830000004094,-253912219.2522145,-80.31031866310997,434.5754756251808,22.04128495061548,0.0,-7.414972539514732e-19,0.0,7.326692358264028e-18,-2357.795895966204,7.227707346990067,-2357.795895966204,0.0,-2907.3274964043453,0.0,0.0,2810.81999999666,-14.617700000000356,0.0,0.0,0.0,0.0,0.0,0.0,0.0,0.0,0.0,0.0,0.0,3785.5299999968265,-83.48819999987609,0.0,0.0,0.0,0.0,0.0,0.0,0.0,0.0,0.0,0.0,0.0,7388.629999997269,-42.010500000061256,0.0,0.0,0.0,0.0,0.0,0.0,0.0,0.0,0.0,999.0000000024884,999.0000000024884,1.0000000000002205,-403.7492736474141,gaze,0.3726054932085367,0.3483461777045507,9233.529578251371,12779.930769727744,-904.2920980585668,-37.786139606553135,-17.592741320386878,-33.889847040381184,-0.0784055996028108,-0.1085979041329023,0.967099573851944,5.07950337637143,592.1680043216885,-18.90868634978916,-24.56570666659552,0.1122582721514943,0.1447088955474596,0.966607565324998,4.930492001669187,28.62999431548097,-17.60168579317413,-24.159434663736008,0.102127054482398,0.1164057374763453,0.9389762537517372,5.096778417980547,0.0,True,3.0,imu,-0.3261884639257685,-9.584598711462691,2.667294735180134,0.32421889912412,0.1894958025164646,-4.59139853305793,99.4474472097468,-37.64767519475988,133.9673268771012,434.5754756251808,22.04128495061548,False,0.8670548710382823,0.4982126560102499,797.182879224611,-91.98803084554795,279.5252713384789,1769.1152265619337,False,inf
62.873045,-872600.3559317552,-1745.2187285439545,797.1980897547546,-91.01690942383334,263.8475495459556,404.9747670429873,1774.2030862573358,-51442454.79557991,143.03297669904802,405.3431732721572,48873256027.6407,263.3743273319502,263.8475495459556,-50861947019519.72,130.53222912260748,-12.296497168506304,548.9825128154471,608.2374631385427,-917040.2986361984,-534.030017118979,541.3592626066859,1774.2030862573358,-3406068791455.781,6305.123076715178,3653.587099579804,271.29991722936006,-25502938.68307665,19566751362934.914,3.000000000004661,-0.8579830000003952,-254879577.1193489,-80.54201541499013,434.7039861371304,22.16883460774511,0.0,-7.437108205421258e-19,0.0,7.348564483657673e-18,-2364.494200913125,7.248559388805889,-2364.494200913125,0.0,-2915.5718359992084,0.0,0.0,2810.819999996588,-14.617700000000127,0.0,0.0,0.0,0.0,0.0,0.0,0.0,0.0,0.0,0.0,0.0,3785.529999996768,-83.48819999987518,0.0,0.0,0.0,0.0,0.0,0.0,0.0,0.0,0.0,0.0,0.0,7388.629999997211,-42.010500000061256,0.0,0.0,0.0,0.0,0.0,0.0,0.0,0.0,0.0,999.0000000024738,999.0000000024738,1.000000000000206,-404.81788513795175,gaze,0.3744523317671727,0.3500998377412596,9604.248639237916,13283.305490643856,-985.8932899720618,-37.77918242320833,-17.577121923183086,-33.88528036893421,-0.0792712375966848,-0.1102823577560173,0.9675268147978676,5.084769357659043,649.0583956091069,-18.924671291529823,-24.568356761995293,0.1104807960400965,0.1449909158173511,0.9672651050206962,4.926722615687094,27.668007673380963,-17.597829581487947,-24.29730258902317,0.1003424467058012,0.1157728384257904,0.9395486556634018,5.095358438555039,1.0996682838457783,True,2.461077354555651,imu,-0.3636769024000001,-9.528574104,2.7198007816,-0.97936774,0.58268897,-4.68521069,99.45637957637214,-37.65097129751336,133.97757528537855,434.7039861371304,22.16883460774511,False,0.9072439917165342,0.4206047307083568,798.3718290079701,-92.02851466574408,256.56527411630606,1774.2030862573358,False,inf
62.881813,-879006.0058735784,-1755.035025625584,799.3789624640158,-91.29682629428136,265.2581397823824,407.41017469334855,1784.34066100102,-51828664.771175385,143.91375981352562,407.7807722312814,49252301519.586426,264.78139490535017,265.2581397823824,-51258817667555.87,131.0864467826488,-12.369619493248646,551.0462161897917,611.4760652285609,-923768.17717576,-537.0883822776508,543.4007596465169,1784.34066100102,-3432635141000.1733,6338.650001519535,3675.010057065831,272.8832432592473,-25694520.178029984,19719364701879.844,3.0000000000046896,-0.8579830000004023,-256809448.87104905,-81.0037255850614,434.9599700225445,22.42293611332616,0.0,-7.481224085390879e-19,0.0,7.392155133358777e-18,-2377.841477118502,7.290111977049992,-2377.841477118502,0.0,-2931.999674098224,0.0,0.0,2810.819999996529,-14.617700000000012,0.0,0.0,0.0,0.0,0.0,0.0,0.0,0.0,0.0,0.0,0.0,3785.529999996768,-83.48819999987472,0.0,0.0,0.0,0.0,0.0,0.0,0.0,0.0,0.0,0.0,0.0,7388.629999997094,-42.01050000006171,0.0,0.0,0.0,0.0,0.0,0.0,0.0,0.0,0.0,999.0000000024812,999.0000000024812,1.000000000000199,-406.9469015121709,gaze,0.3782239494845866,0.3536894339794645,10268.680474908895,14182.853249605168,-1131.7884247473414,-37.76428662772339,-17.545128102788247,-33.87614483719767,-0.0810189698454677,-0.1137098126386276,0.9684063092285384,5.095474891564027,772.796650805597,-18.95400661896149,-24.57390678540024,0.1069522838625684,0.1456580165414958,0.9685460886702184,4.919439325707801,25.39513227713744,-17.589169375691846,-24.59911390883809,0.0967275020091988,0.1144878989643927,0.9407065830009228,5.092569504334939,-2.5119877463289804,True,2.655218743528397,imu,-0.3541064576,-9.51062952,2.7048469616,-0.97189083,0.7920424499999998,-4.52819558,99.47395444356748,-37.65762831866013,133.9970505001068,434.9599700225445,22.42293611332616,False,0.9664107718179076,0.2570023737522985,800.7124322498224,-92.08604573799826,204.66196452917956,1784.34066100102,False,inf
62.888722,-884079.9574393611,-1762.8005269307378,801.1040379818405,-91.518064532057,266.37385397804417,409.3373146619194,1792.3601411565774,-52134620.0840683,144.61081176162145,409.7096460465241,49552635016.14898,265.8942064479912,266.37385397804417,-51573285302141.46,131.52441310310724,-12.427476607781903,552.6761853286323,614.0375991988805,-929097.3514124976,-539.5079154778554,545.0132262214995,1792.3601411565774,-3453685420909.6445,6365.167591942364,3691.960812001925,274.13600723620345,-25846291.69259678,19840290360467.8,3.0000000000046896,-0.8579830000003952,-258338366.11370012,-81.36901883841462,435.1624006751081,22.62390784122067,0.0,-7.516132479447356e-19,0.0,7.426647918672775e-18,-2388.400872355892,7.3229873197328414,-2388.400872355892,0.0,-2944.9960727716543,0.0,0.0,2810.819999996558,-14.6176999999999,0.0,0.0,0.0,0.0,0.0,0.0,0.0,0.0,0.0,0.0,0.0,3785.529999996739,-83.4881999998729,0.0,0.0,0.0,0.0,0.0,0.0,0.0,0.0,0.0,0.0,0.0,7388.629999997094,-42.01050000006194,0.0,0.0,0.0,0.0,0.0,0.0,0.0,0.0,0.0,999.0000000024884,999.0000000024884,1.0000000000001918,-408.6309094076385,gaze,0.3812944024061531,0.3566193734012676,10715.421428619826,14784.933494629762,-1229.5263784802055,-37.751515921511576,-17.518992043402623,-33.86889440188563,-0.0824232041476698,-0.1164886192251265,0.9691287998964774,5.104145927288028,880.7046691460238,-18.974787674533104,-24.5785189648378,0.1041736187204928,0.1462855821680266,0.9695316653210628,4.9138950153241705,23.27772888517675,-17.581387667526815,-24.86211052207141,0.0938120363405448,0.1134488416582246,0.9416390411244284,5.090402505755301,0.0,True,3.0,imu,-0.3311073672814555,-9.583074293865437,2.671406892072921,0.3255911526714025,0.0963330743998513,-4.693582247332705,99.48762755565276,-37.66297870921079,134.01154842447988,435.1624006751081,22.62390784122067,False,0.9925523883894116,0.1218185384187262,802.5345711866782,-92.1135338846326,158.63566269012114,1792.3601411565774,False,inf
62.890582,-885449.9287836736,-1764.8957066697249,801.5694476395147,-91.57772598510292,266.67485352235184,409.8573488950904,1794.5238189903905,-52217233.741168976,144.79892280534108,410.2301481334191,49633738798.03797,266.19440533615733,266.67485352235184,-51658207533960.37,131.64250897865347,-12.44308851588023,553.1155707851381,614.7286463188296,-930536.2306255568,-540.1607374730719,545.4478990929485,1794.5238189903905,-3459370058374.582,6372.321450959063,3696.5347458611263,274.4740441255014,-25887272.956101745,19872946387362.42,3.000000000004718,-0.8579830000003881,-258751213.51650965,-81.46758358427742,435.2170065827704,22.678124671361275,0.0,-7.525552347924582e-19,0.0,7.435955637054777e-18,-2391.249952020611,7.331857863486302,-2391.249952020611,0.0,-2948.5026746196845,0.0,0.0,2810.8199999965727,-14.6176999999999,0.0,0.0,0.0,0.0,0.0,0.0,0.0,0.0,0.0,0.0,0.0,3785.52999999671,-83.48819999987245,0.0,0.0,0.0,0.0,0.0,0.0,0.0,0.0,0.0,0.0,0.0,7388.629999997036,-42.01050000006194,0.0,0.0,0.0,0.0,0.0,0.0,0.0,0.0,0.0,999.0000000025028,999.0000000025028,1.000000000000206,-409.08523199558687,gaze,0.382135997142339,0.3574235894447816,10822.944741667903,14929.35548405572,-1252.988578217762,-37.74791938559618,-17.511814804803137,-33.866936057974314,-0.0828053508967969,-0.1172485997007168,0.969327795799453,5.106516169181045,911.3598627332944,-18.980020530353084,-24.57979253898792,0.1034258686233854,0.1464700912830609,0.9697933426364004,4.912432396644348,22.660869109056065,-17.579146024839623,-24.936549763855968,0.093016984718446,0.1131650765429639,0.9418931162632114,5.089823928962832,-3.108995048235629,True,2.831933965543044,imu,-0.3397507904000001,-9.474740352,2.706043267200001,-0.99432156,0.8817653699999997,-4.53567249,99.4912792401245,-37.66443498160815,134.01532054232268,435.2170065827704,22.678124671361275,False,0.9963944408186556,0.0848417250277191,803.021442492304,-92.11876197972197,145.58814249784064,1794.5238189903907,False,inf
62.899351,-891931.5608863991,-1774.7997947242636,803.7693275984311,-91.85957905630698,268.09754893350976,412.31605249585743,1804.7515483384136,-52608128.17614174,145.68838083580525,412.6910636111051,50017535662.72176,267.6132155338815,268.09754893350976,-52060083044165.08,132.20035656579637,-12.516897057976406,555.1903481782815,617.9948802504363,-937343.8666444116,-543.246779156469,547.5004553342577,1804.7515483384136,-3486271295478.104,6406.134047340593,3718.1590691302217,276.0721644025346,-26081180.395562664,20027483504824.73,3.000000000004775,-0.8579830000003881,-260704704.48089635,-81.93354393521079,435.47506947224247,22.934374415917432,0.0,-7.570088697301834e-19,0.0,7.479961750168627e-18,-2404.7183053131694,7.373792955275353,-2404.7183053131694,0.0,-2965.07921139628,0.0,0.0,2810.819999996529,-14.6176999999999,0.0,0.0,0.0,0.0,0.0,0.0,0.0,0.0,0.0,0.0,0.0,3785.529999996681,-83.488199999872,0.0,0.0,0.0,0.0,0.0,0.0,0.0,0.0,0.0,0.0,0.0,7388.62999999692,-42.01050000006239,0.0,0.0,0.0,0.0,0.0,0.0,0.0,0.0,0.0,999.0000000025102,999.0000000025102,1.000000000000199,-411.2326636771096,gaze,0.3861902259717221,0.3613042249244454,11250.895456777413,15501.011638458393,-1345.9817435955476,-37.730041033019006,-17.477162042072266,-33.85767475049851,-0.0846306452372476,-0.1209002389339491,0.9702919403803112,5.117898290342356,1065.236426241236,-19.0025651418172,-24.5859552468046,0.0999025970701989,0.1474301113210138,0.9710057528037676,4.905712016097294,19.50211488396091,-17.567725097127973,-25.307307414784347,0.0892101222610419,0.1118039782085181,0.9431085105330028,5.087124849373354,-1.281383126351633,True,2.988311341615634,imu,-0.3289840400000001,-9.4454308648,2.699463586400001,-0.61299915,0.8518577299999999,-4.49081103,99.5083107891007,-37.671391824734336,134.03233893272855,435.47506947224247,22.934374415917432,False,0.9958807945002144,-0.090672174042657,805.2943168604837,-92.1342001600558,81.06226830721634,1804.7515483384136,False,inf
62.90812,-898451.0673233778,-1784.747430231827,805.9786329225863,-92.14238794275592,269.52624476233075,414.786325541736,1815.0239911267136,-53001358.49373436,146.58214931334174,415.1635587447352,50403703044.06204,269.03784258837834,269.52624476233075,-52464455782381.0,132.75999351206133,-12.59104626404789,557.270554996037,621.274809543544,-944191.25847616,-546.3465519073084,549.5584352776928,1815.0239911267136,-3513339627119.863,6440.088229648105,3739.8833684706656,277.6776288846785,-26276247.67484848,20182980505150.8,3.000000000004804,-0.8579830000004165,-262669974.7891042,-82.40161371550631,435.7341614868783,23.19168840679072,0.0,-7.614833859139564e-19,0.0,7.52417418967823e-18,-2418.246736003706,7.41591788938313,-2418.246736003706,0.0,-2981.729528238649,0.0,0.0,2810.8199999965145,-14.61770000000024,0.0,0.0,0.0,0.0,0.0,0.0,0.0,0.0,0.0,0.0,0.0,3785.529999996652,-83.48819999987245,0.0,0.0,0.0,0.0,0.0,0.0,0.0,0.0,0.0,0.0,0.0,7388.629999997094,-42.01050000006285,0.0,0.0,0.0,0.0,0.0,0.0,0.0,0.0,0.0,999.0000000025392,999.0000000025392,1.0000000000002205,-413.3892260099198,gaze,0.3903888270783944,0.3653336817224799,11538.608158304289,15879.104524842627,-1407.7518237261454,-37.71060974317628,-17.441146035701653,-33.848381143545616,-0.0864953178794056,-0.1246666517999562,0.9712995137305072,5.129627618631227,1234.80293451762,-19.02149317694751,-24.59233434494696,0.0963831212349553,0.1485411446474721,0.9721823430913396,4.899287633445972,15.96694904057479,-17.55487079044914,-25.708828013011672,0.0853057279059165,0.1104040628639673,0.9443531540881752,5.084475120308937,1.0400389886025845,True,3.121858536411629,imu,-0.3146283728000001,-9.444832712,2.6958746696,-0.22419983,0.78456554,-4.61044159,99.52500650601031,-37.67850014726567,134.04806559438669,435.7341614868783,23.19168840679072,False,0.964486040603144,-0.264133824948018,807.5281509137761,-92.1406573420128,13.03306898472686,1815.0239911267136,False,inf
62.908702,-898885.1123739181,-1785.4092009359636,806.1255991748658,-92.16119189937648,269.62128034193427,414.95068837041447,1815.707360645908,-53027540.17158127,146.64162178958196,415.3280694159245,50429417191.8076,269.1326015864624,269.62128034193427,-52491382722700.38,132.79720012790898,-12.595979642503638,557.4088109668223,621.4929846843572,-944647.1321142224,-546.5527713420851,549.6952158514569,1815.707360645908,-3515142088831.021,6442.346795520489,3741.328760111943,277.7844443305413,-26289235.493314654,20193334943810.64,3.0000000000046896,-0.8579830000003881,-262800828.2468649,-82.43275440570646,435.7513939537894,23.20880411528833,0.0,-7.617811010117859e-19,0.0,7.527115895599535e-18,-2419.146751069342,7.418720461934685,-2419.146751069342,0.0,-2982.837229409699,0.0,0.0,2810.8199999964418,-14.617699999999672,0.0,0.0,0.0,0.0,0.0,0.0,0.0,0.0,0.0,0.0,0.0,3785.5299999965937,-83.48819999986927,0.0,0.0,0.0,0.0,0.0,0.0,0.0,0.0,0.0,0.0,0.0,7388.629999996803,-42.010500000061256,0.0,0.0,0.0,0.0,0.0,0.0,0.0,0.0,0.0,999.0000000025102,999.0000000025102,1.0000000000001847,-413.5326812442531,gaze,0.390672651661188,0.3656064413016127,11552.447370043736,15896.956100526324,-1410.6832817446875,-37.70926410074997,-17.438706821755147,-33.847763685648225,-0.0866204814158494,-0.1249207379648762,0.97136794229895,5.130418539202134,1246.6189380939202,-19.02261780711497,-24.592763862772763,0.0961496833949642,0.1486203034314783,0.9722591420286988,4.898871953091109,15.720356253161231,-17.55396604286341,-25.736498018818768,0.0850431121180046,0.1103097633488653,0.9444368058665756,5.084301074043768,0.0,True,3.0,imu,-0.3363999469136222,-9.58138317785773,2.6761127363266244,0.3408400510179934,0.0040797028796757,-4.79504921565188,99.52610165436278,-37.67897732017054,134.04906276852694,435.7513939537894,23.20880411528833,False,0.9613181169896324,-0.2754405161691123,807.6749863139577,-92.14098068425312,8.445011663499237,1815.707360645908,False,inf
62.916888,-905007.8637322214,-1794.7376120448205,808.1971406968078,-92.42612266848982,270.9607958380501,417.2679244774866,1825.3401106045883,-53396889.89767647,147.4801410185097,417.6473897582977,50792207460.62613,270.4681401610582,270.9607958380501,-52871290825279.15,133.32135966370973,-12.66552876676881,559.3559597032568,624.5681004174451,-951077.792168984,-549.4597445494687,551.6216102054102,1825.3401106045883,-3540572714946.684,6474.180541387351,3761.705491680773,279.2902780756501,-26472457.543273862,20339423955323.367,3.000000000004832,-0.8579830000004023,-264646851.48396343,-82.87174627846751,435.994255704074,23.450040182898874,0.0,-7.659783422203671e-19,0.0,7.568588596868258e-18,-2431.833890463623,7.458228467739447,-2431.833890463623,0.0,-2998.4519580514457,0.0,0.0,2810.8199999964563,-14.617700000000012,0.0,0.0,0.0,0.0,0.0,0.0,0.0,0.0,0.0,0.0,0.0,3785.529999996652,-83.48819999987109,0.0,0.0,0.0,0.0,0.0,0.0,0.0,0.0,0.0,0.0,0.0,7388.629999997094,-42.01050000006353,0.0,0.0,0.0,0.0,0.0,0.0,0.0,0.0,0.0,999.0000000025392,999.0000000025392,1.0000000000002132,-415.5547010128264,gaze,0.3947335052905673,0.3695138350014225,11674.671703541004,16048.402650787886,-1435.8425298627358,-37.68958563044371,-17.403747134400547,-33.83907707824378,-0.0883996177408152,-0.1285493270899242,0.9723511710852724,5.141709181167535,1420.2740065172395,-19.03665290296536,-24.598866088516264,0.0928685015829396,0.1498061349641516,0.9733219995770794,4.893169486442655,12.113468808384978,-17.540548559727597,-26.138223726597555,0.0813030698352256,0.1089649520725728,0.945627290934392,5.0818779280926325,2.1201582078588195,True,3.2305544272425486,imu,-0.3068523864000001,-9.477132963200004,2.7078377256,0.19450713,0.6275504299999999,-4.74502597,99.54132052529988,-37.68576042172816,134.0624632700688,435.994255704074,23.450040182898874,False,0.9027977472235488,-0.4300653759698463,809.7213003430209,-92.1469338921117,56.36637418196968,1825.3401106045883,False,inf
62.925657,-911603.611821236,-1804.772759969792,810.4253876796392,-92.71085039698028,272.4015482072358,419.7614555860972,1835.702402560672,-53794823.088357925,148.38257626480848,420.1431634783792,51183148527.95798,271.90445165788964,272.4015482072358,-53280692627852.09,133.88458704740893,-12.740362705180294,561.4470445933332,627.8755467701827,-958005.2127930736,-552.5871119735385,553.6904576230334,1835.702402560672,-3567977550429.3315,6508.419199836397,3783.630759542065,280.9105047261014,-26669859.96561426,20496854018517.938,3.000000000004775,-0.8579830000004094,-266635838.83460844,-83.34405597083313,436.255414256535,23.7094917451509,0.0,-7.704948368479716e-19,0.0,7.613215822976031e-18,-2445.483067817981,7.500734981220184,-2445.483067817981,0.0,-3015.2505601164435,0.0,0.0,2810.819999996398,-14.61769999999956,0.0,0.0,0.0,0.0,0.0,0.0,0.0,0.0,0.0,0.0,0.0,3785.5299999965937,-83.48819999986699,0.0,0.0,0.0,0.0,0.0,0.0,0.0,0.0,0.0,0.0,0.0,7388.629999996861,-42.01050000006285,0.0,0.0,0.0,0.0,0.0,0.0,0.0,0.0,0.0,999.0000000025684,999.0000000025684,1.0000000000001918,-417.729612213543,gaze,0.3992274779543499,0.3738480180489587,11650.612690101942,15997.733219964764,-1428.4493482608666,-37.666920975187146,-17.364932594368327,-33.829781766511616,-0.0903444509408168,-0.1325511055518783,0.973447936978685,5.154152220720123,1621.7739105137478,-19.047894594696665,-24.60548652027785,0.0893586041560029,0.1512284964008782,0.974423986196512,4.887365845220512,8.006141063270118,-17.52471841351242,-26.592486786398183,0.0772000338617631,0.1074857690411191,0.9469316054524954,5.07933561186136,1.5246648173599722,True,3.312981645325415,imu,-0.2966837888,-9.4920867832,2.701856197600001,0.6281679099999999,0.5153967799999997,-4.79736434,99.55721108154802,-37.69317562356608,134.0755042101174,436.255414256535,23.7094917451509,False,0.812354308808514,-0.5831641938255827,811.8744701930852,-92.16206185006544,124.9188281093541,1835.702402560672,False,inf
62.928795,-913973.2244457714,-1808.374528421308,811.2250799741705,-92.81297452110653,272.91859420269617,420.6566075600996,1839.4215243906349,-53937798.69042778,148.7065718096905,421.0391204783967,51323630752.97517,272.41986275336023,272.91859420269617,-53427812285532.5,134.08657624933744,-12.767225687684771,562.1966660821993,629.0624777243805,-960493.9775666336,-553.7096114867344,554.4321201996088,1839.4215243906349,-3577825536389.5933,6520.7062531076135,3791.501271858052,281.4921064595801,-26740786.036007777,20553426844335.77,3.000000000004832,-0.8579830000003952,-267350498.92400265,-83.51359001929512,436.3491221709082,23.802597523080976,0.0,-7.721161938461591e-19,0.0,7.629236359103684e-18,-2450.3821780470207,7.515992557770203,-2450.3821780470207,0.0,-3021.280056347224,0.0,0.0,2810.8199999964563,-14.6176999999999,0.0,0.0,0.0,0.0,0.0,0.0,0.0,0.0,0.0,0.0,0.0,3785.5299999965937,-83.48819999986836,0.0,0.0,0.0,0.0,0.0,0.0,0.0,0.0,0.0,0.0,0.0,7388.629999996803,-42.01050000006308,0.0,0.0,0.0,0.0,0.0,0.0,0.0,0.0,0.0,999.0000000025613,999.0000000025613,1.0000000000002205,-418.5101458477589,gaze,0.4008722343516869,0.3754367781520683,11601.988420866346,15924.725991869713,-1416.9504522973698,-37.65840409067154,-17.35069517403692,-33.82646197348314,-0.0910502986455603,-0.1340123548595948,0.9738514980946104,5.15869372282668,1697.759101258212,-19.05093534040879,-24.60786412309269,0.0881039555439331,0.1517762932956287,0.9748089578010256,4.885367451170648,6.488212952696409,-17.51868050486827,-26.760440853911565,0.0757072478983232,0.1069466393807642,0.9474057289367652,5.078439811260388,0.0,True,3.0,imu,-0.3421370626447026,-9.57949999267282,2.6814898192205963,0.3662700869609924,-0.086915776210374,-4.895939606900282,99.56278527783658,-37.69586685969115,134.07983574525247,436.3491221709082,23.802597523080976,False,0.7734543258507912,-0.6338520377995941,812.6355133971448,-92.17134646735796,148.80934720962307,1839.4215243906349,False,inf
62.934426,-918237.7325397102,-1814.851878444866,812.6631521693853,-92.99654127001897,273.8483574643302,422.2666768213241,1846.1098359593632,-54195123.599910736,149.28936839974938,422.6506376392849,51576493104.38896,273.34663147034234,273.8483574643302,-53692626625572.96,134.44961572437202,-12.81554075602423,563.5435787331651,631.1968165653806,-964972.9119709524,-555.7283447664114,555.7647494166508,1846.1098359593632,-3595551819218.831,6542.800766529214,3805.657032856664,282.5381502915105,-26868437.8553184,20655257399610.1,3.000000000004804,-0.8579830000003952,-268636765.55614096,-83.81849641921158,436.51761034851006,23.97001676515879,0.0,-7.750324314018455e-19,0.0,7.658051536246218e-18,-2459.1929222011845,7.543433256351767,-2459.1929222011845,0.0,-3032.123676866508,0.0,0.0,2810.819999996369,-14.617699999999786,0.0,0.0,0.0,0.0,0.0,0.0,0.0,0.0,0.0,0.0,0.0,3785.5299999965646,-83.48819999986608,0.0,0.0,0.0,0.0,0.0,0.0,0.0,0.0,0.0,0.0,0.0,7388.629999996803,-42.01050000006308,0.0,0.0,0.0,0.0,0.0,0.0,0.0,0.0,0.0,999.000000002554,999.000000002554,1.000000000000206,-419.9137428050575,gaze,0.4038725022847617,0.3783381622473337,11461.180577591556,15720.384010313112,-1384.4830111992596,-37.64257460051765,-17.324682166616785,-33.82051816629476,-0.0923300777684481,-0.1366735233476255,0.9745904857484212,5.166961929575132,1839.194844002932,-19.0550601089326,-24.61212695967672,0.0858545057973553,0.1528112485206779,0.9754871646578562,4.881887201115651,3.716598548695441,-17.507344705809924,-27.068205005980783,0.0729958622513291,0.1059661233088889,0.9482663505738128,5.076851441527664,-0.0201801259611542,True,3.3683377467317266,imu,-0.287113344,-9.5010590752,2.706043267200001,0.98705959,0.3882893099999998,-4.74502597,99.5726293189106,-37.70074626316686,134.08716058542188,436.51761034851006,23.97001676515879,False,0.6956673961514316,-0.7183640260563492,813.9892575716376,-92.19500932298422,190.34983099872636,1846.1098359593636,False,inf
62.943194,-924909.6298167208,-1824.9739521496608,814.9102081897581,-93.28316499424228,275.3010764799004,424.7833408961166,1856.5613594705123,-54597755.91784096,150.20042881992794,425.1695647298838,51972206985.7652,274.794531345045,275.3010764799004,-54107057134973.85,135.0163849392822,-12.891055441594215,565.6453286948597,634.5315715489855,-971980.2634589676,-558.883127285321,557.8442549810304,1856.5613594705123,-3623293132094.0806,6577.321738718279,3827.7821271273247,284.1730528983693,-27068173.60517912,20814620373368.75,3.00000000000486,-0.8579830000004023,-270649455.0779091,-84.29502029408029,436.7808167154908,24.23158843029546,0.0,-7.795906780301977e-19,0.0,7.703091311480747e-18,-2472.9620805099617,7.586319033611701,-2472.9620805099617,0.0,-3049.0696172825283,0.0,0.0,2810.8199999964127,-14.617699999999786,0.0,0.0,0.0,0.0,0.0,0.0,0.0,0.0,0.0,0.0,0.0,3785.529999996536,-83.48819999986745,0.0,0.0,0.0,0.0,0.0,0.0,0.0,0.0,0.0,0.0,0.0,7388.629999996861,-42.0105000000633,0.0,0.0,0.0,0.0,0.0,0.0,0.0,0.0,0.0,999.0000000025756,999.0000000025756,1.000000000000206,-422.10687183906447,gaze,0.4086702844576493,0.3829861473595927,11104.858238649374,15214.79650899949,-1303.6807575140183,-37.61650553905019,-17.28297603683322,-33.81130978654964,-0.0943567433229076,-0.1409180786760026,0.9757794778954456,5.180143395365047,2072.237435641628,-19.0579901380026,-24.618716197715926,0.0823572886692044,0.1545573669419507,0.9765104042553366,4.876744007012729,-0.6794374425019992,-17.48839202516271,-27.561707615066823,0.0686898360824357,0.1044056391053434,0.9496317681223032,5.074428699482813,-1.322635733769334,True,3.396571981526625,imu,-0.2883096496000001,-9.502853533600002,2.67673378,1.38333582,0.3658585799999998,-4.75250288,99.5875250966222,-37.708472790274726,134.097410394078,436.7808167154908,24.23158843029546,False,0.5561621180643516,-0.8310738224912239,816.0689110895206,-92.2543712393614,250.43132836220207,1856.5613594705123,False,inf
62.948775,-929176.5652779536,-1831.439880997587,816.3454885562242,-93.46611041443224,276.22893241344826,426.3913726455421,1863.2376007337928,-54855282.13843727,150.78262018055426,426.7790423369266,52225348845.98563,275.71921995906985,276.22893241344826,-54372180146128.16,135.37808627602135,-12.93930230233246,566.9859767882183,636.6614470993985,-976461.7224317504,-560.8984707909051,559.1707418311587,1863.2376007337928,-3641040004862.095,6599.369847381299,3841.918106557652,285.2175873985116,-27195926.458470464,20916569199078.008,3.00000000000486,-0.8579830000004023,-271936840.1481737,-84.5994533886118,436.948895632624,24.39864579377695,0.0,-7.825031481944687e-19,0.0,7.73186926323603e-18,-2481.758205876276,7.613717135798012,-2481.758205876276,0.0,-3059.895075113938,0.0,0.0,2810.8199999963254,-14.617699999999672,0.0,0.0,0.0,0.0,0.0,0.0,0.0,0.0,0.0,0.0,0.0,3785.5299999965937,-83.48819999986517,0.0,0.0,0.0,0.0,0.0,0.0,0.0,0.0,0.0,0.0,0.0,7388.629999996803,-42.01050000006353,0.0,0.0,0.0,0.0,0.0,0.0,0.0,0.0,0.0,999.0000000025684,999.0000000025684,1.000000000000206,-423.50767029470416,gaze,0.4118050407819204,0.3860282655342139,10792.074549227553,14775.651902931886,-1233.3050847341565,-37.598993060578806,-17.255657379903287,-33.80548720146064,-0.0956684664550631,-0.1436845919880495,0.9765609185960172,5.188731077772286,2228.515480169591,-19.05757558080223,-24.622850798760386,0.0801349348280447,0.1557554505700436,0.9771405092353922,4.873649214705313,-3.497944874852992,-17.475487475264295,-27.88336870834032,0.0658951120880509,0.1033907457015047,0.9505171201653466,5.072919816083408,0.0,True,3.0,imu,-0.3482654947539372,-9.577439552573772,2.687502413565982,0.3963067436405494,-0.1741031631183263,-4.994020234164148,99.59671254610862,-37.71347312739744,134.10319543079453,436.948895632624,24.39864579377695,False,0.4573763635860192,-0.8892732212502688,817.3767278056772,-92.30958345392176,284.92469827591174,1863.2376007337928,False,inf
62.951963,-931620.9930647212,-1835.141431870274,817.167099211616,-93.5707894046286,276.76005556141286,427.31206236650377,1867.0595006576032,-55002822.45584488,151.11598092916273,427.70055985708655,52370391533.69031,276.2484987988936,276.76005556141286,-54524090451884.97,135.58502796659428,-12.966925143920628,567.7527804726838,637.8806153403639,-979029.0414057166,-562.0522241922921,559.9294555230773,1867.0595006576032,-3651208603693.458,6611.990434174272,3850.011434563931,285.8156105386307,-27269118.030802697,20974983810510.688,3.000000000004917,-0.8579830000004165,-272674420.31889504,-84.77374344743065,437.0450962135728,24.49426949216104,0.0,-7.8417068987125935e-19,0.0,7.748346147535e-18,-2486.793884703616,7.629402739344078,-2486.793884703616,0.0,-3066.0924932411176,0.0,0.0,2810.819999996427,-14.617700000000127,0.0,0.0,0.0,0.0,0.0,0.0,0.0,0.0,0.0,0.0,0.0,3785.5299999965937,-83.48819999986745,0.0,0.0,0.0,0.0,0.0,0.0,0.0,0.0,0.0,0.0,0.0,7388.62999999692,-42.01050000006421,0.0,0.0,0.0,0.0,0.0,0.0,0.0,0.0,0.0,999.0000000026048,999.0000000026048,1.0000000000002274,-424.3095293433586,gaze,0.4136241987645853,0.3877954719571554,10584.035356362036,14484.796927777072,-1186.6430303113195,-37.58866324738049,-17.239779817772522,-33.80217755767346,-0.0964253918900118,-0.1452877460336266,0.9770159904230054,5.193706299570044,2320.483811407708,-19.05652309460501,-24.62518273132278,0.0788668466786594,0.1564704632001956,0.977492912017739,4.871945084855223,-5.105605891586384,-17.467817915087945,-28.069254976213,0.0642797500083117,0.1028034006508606,0.9510285716209332,5.072069881675842,-1.4482462133903888,True,3.398466941273331,imu,-0.2889078024000001,-9.5022553808,2.671350404800001,1.80204278,0.2836125699999998,-4.647826139999999,99.60185182406538,-37.71635831746551,134.106240529321,437.0450962135728,24.49426949216104,False,0.3980320257476809,-0.9173715204208148,818.1189564212577,-92.3480969443374,303.07930272548066,1867.0595006576036,False,inf
62.958544,-936683.294498338,-1842.801123663174,818.8671721615101,-93.78728446464902,277.8590117714344,429.21758536363257,1874.9681210387853,-55308393.92272186,151.80598045824007,429.6077960401773,52670822950.66008,277.3435667544028,277.8590117714344,-54838753382885.56,136.01297667745163,-13.024092440679183,569.3379826890276,640.4031836426319,-984345.8350576436,-564.4397766704459,561.4979558759928,1874.9681210387853,-3672271537524.1553,6638.103478098754,3866.761196654614,287.05324603685654,-27420705.921085343,21095982098679.4,3.00000000000486,-0.8579830000003952,-274202071.2267791,-85.13443114053142,437.24412083655625,24.69211862059433,0.0,-7.876219187284211e-19,0.0,7.78244754323341e-18,-2497.214683101298,7.661863593263152,-2497.214683101298,0.0,-3078.917318161745,0.0,0.0,2810.8199999963545,-14.61769999999956,0.0,0.0,0.0,0.0,0.0,0.0,0.0,0.0,0.0,0.0,0.0,3785.5299999965055,-83.48819999986563,0.0,0.0,0.0,0.0,0.0,0.0,0.0,0.0,0.0,0.0,0.0,7388.629999996745,-42.01050000006353,0.0,0.0,0.0,0.0,0.0,0.0,0.0,0.0,0.0,999.0000000025976,999.0000000025976,1.000000000000206,-425.9687028625764,gaze,0.4174456214338091,0.3915119105359431,10089.105285596646,13795.36476570927,-1075.9327015427466,-37.56657798753158,-17.20637090684033,-33.795388867934456,-0.098005599668252,-0.1486501996461687,0.9779755901569308,5.204138683522293,2516.354629537728,-19.052434018302908,-24.629909243892627,0.0762524571272973,0.1580177202380556,0.9782028119916962,4.868576184835303,-8.400026113646202,-17.451290440501264,-28.45690077904084,0.0609012735998773,0.1015732947854237,0.9520976098728904,5.07034365626957,-0.7161887594152269,True,3.383559351856533,imu,-0.3514191232852637,-9.576361995341372,2.6906914242969573,0.4107113369098621,-0.2150355083341075,-5.040802834013542,100.8558756,-37.82403960000001,133.4918504,437.24412083655625,24.69211862059433,False,0.2700794495926998,-0.9628380398113195,819.6417414197147,-92.44525187777026,336.55057887986646,1874.9681210387853,False,inf
62.960732,-938371.2315857436,-1845.353307922319,819.4336004831239,-93.8593843264266,278.2251483513429,429.8525954688582,1877.603213956377,-55410288.03371239,152.03593669657073,430.2433770345187,52771012887.866135,277.70838631462954,278.2251483513429,-54943691255981.21,136.15548426732138,-13.043142429775624,569.8657012428417,641.2436114449869,-986118.6252061672,-565.2353216235332,562.0201210436505,1877.603213956377,-3679295869090.375,6646.803368334733,3872.34278379602,287.46566229945654,-27471253.69104456,21136334125365.258,3.000000000004974,-0.8579830000004449,-274711486.4004911,-85.25461882559011,437.3104217060318,24.758033271905333,0.0,-7.887720218279007e-19,0.0,7.793811646429557e-18,-2500.686969513388,7.672680138852068,-2500.686969513388,0.0,-3083.190623338968,0.0,0.0,2810.819999996427,-14.617700000000582,0.0,0.0,0.0,0.0,0.0,0.0,0.0,0.0,0.0,0.0,0.0,3785.529999996681,-83.48819999986745,0.0,0.0,0.0,0.0,0.0,0.0,0.0,0.0,0.0,0.0,0.0,7388.629999997036,-42.01050000006535,0.0,0.0,0.0,0.0,0.0,0.0,0.0,0.0,0.0,999.0000000026412,999.0000000026412,1.0000000000002416,-426.52149555438456,gaze,0.4187360049109985,0.3927680732588156,9905.632366354062,13540.462502000251,-1034.971879813513,-37.55900543484566,-17.195073083931394,-33.793146141552896,-0.0985362801761867,-0.149784072043677,0.9783007033658832,5.207655898747304,2583.2232263994765,-19.05049305347755,-24.631450211727444,0.075384278797979,0.1585535905289625,0.978433532283178,4.867501147357166,-9.483736502361218,-17.445585834316475,-28.586710108252586,0.0597648586723293,0.1011590199004118,0.9524570120044136,5.069778356217931,-0.3784303415399987,True,3.3756913960891235,imu,-0.287113344,-9.532163020800002,2.6851079192,1.97401171,0.1714589200000001,-4.65530305,99.61555623995709,-37.724403333116925,134.11364003358085,437.3104217060318,24.758033271905333,False,0.2262207968071067,-0.9740760499529582,820.1456509822597,-92.48316011261532,346.3882317301608,1877.603213956377,False,inf
62.968867,-944668.3347571786,-1854.8666857674093,821.544853603511,-94.12798373853208,279.5897979654277,432.2200446831722,1887.42548992414,-55790448.20423698,152.89333078335142,432.6129545309711,53144857906.10673,279.068032356836,279.5897979654277,-55335260941384.7,136.68632134938457,-13.11416100508754,571.8307534278026,644.3759757193816,-992732.2724103855,-568.2008388743301,563.9645237001823,1887.42548992414,-3705506723581.5054,6679.228683745731,3893.151118004917,289.003138013427,-27659844.684879333,21286905186876.17,3.000000000004974,-0.8579830000004165,-276612139.67848027,-85.70265755562492,437.5575018831405,25.00369772098633,0.0,-7.93059804809644e-19,0.0,7.836178985761849e-18,-2513.6305534530297,7.713002334336952,-2513.6305534530297,0.0,-3099.120061621181,0.0,0.0,2810.819999996384,-14.617700000000356,0.0,0.0,0.0,0.0,0.0,0.0,0.0,0.0,0.0,0.0,0.0,3785.5299999965646,-83.48819999986517,0.0,0.0,0.0,0.0,0.0,0.0,0.0,0.0,0.0,0.0,0.0,7388.62999999692,-42.01050000006512,0.0,0.0,0.0,0.0,0.0,0.0,0.0,0.0,0.0,999.0000000026192,999.0000000026192,1.0000000000002345,-428.5818858770854,gaze,0.4236214286570584,0.3975293128170711,9145.493830068186,12487.16564230638,-865.5968164302691,-37.52982861773416,-17.152225914314013,-33.78487893884518,-0.1005327467418958,-0.1540703472383602,0.9795363459372668,5.22094864275024,2839.1320385232348,-19.040671978887104,-24.63701836657868,0.0721611593360072,0.1606409982152419,0.9792677779104092,4.863704836203397,-13.435899661142628,-17.423444536877945,-29.07186268833783,0.0554816014562789,0.0995953509010643,0.953810820198139,5.067715407497826,0.0,True,3.0,imu,-0.3548657865980534,-9.575172151505988,2.6942435466323245,0.4243692470459527,-0.2567702601250293,-5.089181260824715,99.62766707448458,-37.73201049792633,134.11922200884527,437.5575018831405,25.00369772098633,False,0.059381847518324,-0.998235341082107,822.0116929464916,-92.65046215566248,376.7892391648781,1887.42548992414,False,inf
62.969501,-945160.5139036226,-1855.60972283627,821.7097430535796,-94.1489522237116,279.6963738686059,432.40498089006655,1888.1926435226976,-55820163.28742981,152.96031178566886,432.7980569839041,53174082215.72358,279.1742112056666,279.6963738686059,-55365871384185.39,136.72775784523452,-13.119708461278863,571.9840975679315,644.6206029973578,-993249.1916502236,-568.4324648228487,564.116258394515,1888.1926435226976,-3707555719989.694,6681.760986517327,3894.776521834912,289.12323336078754,-27674585.87301287,21298675865872.727,3.0000000000048885,-0.8579830000003952,-276760707.46970814,-85.73765361676661,437.5767960202648,25.022882867192266,0.0,-7.933947476356081e-19,0.0,7.839488536740496e-18,-2514.6415370241675,7.716151879051981,-2514.6415370241675,0.0,-3100.3642551473813,0.0,0.0,2810.819999996267,-14.617700000000012,0.0,0.0,0.0,0.0,0.0,0.0,0.0,0.0,0.0,0.0,0.0,3785.529999996477,-83.4881999998629,0.0,0.0,0.0,0.0,0.0,0.0,0.0,0.0,0.0,0.0,0.0,7388.629999996803,-42.01050000006353,0.0,0.0,0.0,0.0,0.0,0.0,0.0,0.0,0.0,999.000000002612,999.000000002612,1.0000000000002132,-428.7428003736753,gaze,0.424008019061825,0.3979064292462665,9081.33664577971,12398.436481596424,-851.3213014856051,-37.52748637055674,-17.148830514029854,-33.78423972621697,-0.1006898971237974,-0.1544090976533489,0.9796344368216268,5.22199899477304,2859.541826084566,-19.03973156690413,-24.637440435698387,0.0719102928213718,0.1608100214792764,0.9793312181427029,4.863422412625107,-13.737705249703549,-17.42165669317272,-29.109772174719414,0.0551439240968032,0.099471929385581,0.9539174969677584,5.0675572509248,0.9364357411160336,True,3.330754187286174,imu,-0.2757484408,-9.5602762024,2.6659670296,2.18336519,0.0593052699999998,-4.931948719999999,99.62858525480782,-37.73260920827919,134.1196052079783,437.5767960202648,25.022882867192266,False,0.0462180187543865,-0.9989313763930028,822.1567580792903,-92.66531258862874,378.72967560804415,1888.1926435226972,False,inf
62.978269,-951988.2280775824,-1865.9096421718896,823.9952968168327,-94.43946237603882,281.17358234245904,434.9689663039397,1898.826718361649,-56232411.72859573,153.88901572340592,435.364347150508,53579564332.43409,280.64582263837895,281.17358234245904,-55790594121452.55,137.30178713655656,-13.196615611735794,574.1077334854034,648.01124571147,-1000420.0978339536,-571.6433321212256,566.2176344424902,1898.826718361649,-3735985698138.556,6716.859723606657,3917.310420581756,290.7881586401975,-27879096.48604466,21461994910244.523,3.000000000005002,-0.8579830000004094,-278821902.0550932,-86.22279956979263,437.8441914314244,25.288790991790165,0.0,-7.980384103566162e-19,0.0,7.885372303491753e-18,-2528.6561878511807,7.759813617476031,-2528.6561878511807,0.0,-3117.6116653626013,0.0,0.0,2810.819999996296,-14.6176999999999,0.0,0.0,0.0,0.0,0.0,0.0,0.0,0.0,0.0,0.0,0.0,3785.529999996448,-83.4881999998629,0.0,0.0,0.0,0.0,0.0,0.0,0.0,0.0,0.0,0.0,0.0,7388.629999996861,-42.01050000006444,0.0,0.0,0.0,0.0,0.0,0.0,0.0,0.0,0.0,999.000000002634,999.000000002634,1.0000000000002132,-430.97321885009336,gaze,0.4294419463935417,0.4032124228583028,8128.128634361801,11082.651354841724,-639.5129496890518,-37.49406367695752,-17.10103210450901,-33.775484073432025,-0.1028864821360833,-0.1591643312564672,0.9810178573879812,5.236740748739233,3148.2485521493027,-19.024069132946607,-24.64307194100432,0.0684459991913077,0.1632427706182142,0.9801848176033464,4.859719611009276,-17.794340922994976,-17.395993948989698,-29.633871376605384,0.0504162462753598,0.0977417576475373,0.9554102648945269,5.06540997394412,1.305031591889953,True,3.266773488531502,imu,-0.3062542336,-9.5865949256,2.6695559464,2.25813429,0.0817359999999998,-5.20111748,99.64088284362349,-37.74097636088703,134.1241381979319,437.8441914314244,25.288790991790165,False,-0.1360727493135641,-0.9906988477303524,824.1608499495939,-92.89881278569293,398.8055806337748,1898.826718361649,False,inf
62.987038,-958856.1010045531,-1876.2555584795343,826.2908142932938,-94.7309835216306,282.6571298226907,437.545177428178,1909.5080088664663,-56647138.08976555,154.82227608446942,437.9428738127348,53987562963.90332,282.123573666444,282.6571298226907,-56217968256465.06,137.87770709226163,-13.273882590900005,576.2370999445768,651.4163563070725,-1007633.1572495336,-574.8687013547129,568.3247353510227,1909.5080088664663,-3764593084967.2617,6752.108032794634,3939.949968600945,292.46084319903923,-28084837.497318164,21626333087340.72,3.000000000005002,-0.8579830000004023,-280895594.7842449,-86.71017456679049,438.1126717691332,25.55582140815181,0.0,-8.027041432860994e-19,0.0,7.931474144708315e-18,-2542.7343217161515,7.803675963173986,-2542.7343217161515,0.0,-3134.9370367841007,0.0,0.0,2810.819999996267,-14.617699999999786,0.0,0.0,0.0,0.0,0.0,0.0,0.0,0.0,0.0,0.0,0.0,3785.529999996477,-83.48819999986199,0.0,0.0,0.0,0.0,0.0,0.0,0.0,0.0,0.0,0.0,0.0,7388.629999996803,-42.01050000006512,0.0,0.0,0.0,0.0,0.0,0.0,0.0,0.0,0.0,999.000000002663,999.000000002663,1.000000000000199,-433.2132897743815,gaze,0.435041378627525,0.4086897818148184,7068.211114061875,9624.22723691835,-404.5191138500052,-37.45868286280562,-17.051641185287814,-33.7669025456419,-0.1051270321001207,-0.1640529329851729,0.982452114980102,5.25189145197754,3447.9934992724,-19.003327469067976,-24.648262506410337,0.064991331651774,0.1658557245455042,0.9809934579682306,4.856402338967702,-21.58710620141869,-17.3685516987272,-30.15441816835146,0.0455794941576445,0.0959675349904904,0.956936069565296,5.063339242670741,0.17091466138263,True,3.1871784526689733,imu,-0.3104413032000001,-9.604539509600002,2.6910894472,2.40019558,-0.0902329299999999,-5.42542478,99.65239555507064,-37.74950809141824,134.1272491679015,438.1126717691332,25.55582140815181,False,-0.3146048795515626,-0.9492227187348324,826.167946108811,-93.18634362533054,405.7077470561506,1909.508008866466,False,inf
62.988847,-960277.823915922,-1878.395458777053,826.7655780876667,-94.79124475289836,282.9639476753246,438.0781252959123,1911.7172422034005,-56732997.490608215,155.01535817333138,438.4763006766969,54072039416.22265,282.4291708487326,282.9639476753246,-56306458349120.87,137.99674392623606,-13.289866165057832,576.6770609210648,652.1205694025298,-1009126.3344454848,-575.535841706981,568.7601026936768,1911.7172422034005,-3770516388193.128,6759.397733925405,3944.633250399953,292.8068537000684,-28127431.50716667,21660360131593.35,3.000000000005002,-0.8579830000004236,-281324917.9533763,-86.81098868839545,438.16818936033087,25.611044583502235,0.0,-8.036693473640639e-19,0.0,7.941011271203189e-18,-2545.646288087583,7.812748943659929,-2545.646288087583,0.0,-3138.520651586204,0.0,0.0,2810.8199999962817,-14.6176999999999,0.0,0.0,0.0,0.0,0.0,0.0,0.0,0.0,0.0,0.0,0.0,3785.529999996477,-83.4881999998629,0.0,0.0,0.0,0.0,0.0,0.0,0.0,0.0,0.0,0.0,0.0,7388.629999996745,-42.01050000006535,0.0,0.0,0.0,0.0,0.0,0.0,0.0,0.0,0.0,999.000000002663,999.000000002663,1.000000000000206,-433.6765771726232,gaze,0.4362172467568327,0.4098412131396659,6838.77356724087,9309.09984354187,-353.71345540125776,-37.45113646903744,-17.04125223296328,-33.76515637562153,-0.1055947312996906,-0.1650781457638102,0.9827543780788176,5.255068281289651,3511.049353193673,-18.99840054563248,-24.649270506645145,0.0642799651680813,0.1664174596566283,0.981154571390408,4.855766991670426,-22.33096851707679,-17.362665736153044,-30.260909892778024,0.0445680762900065,0.0955960121485419,0.9572549630047876,5.062921913109925,0.0,True,3.0,imu,-0.3618759959096267,-9.57271649739626,2.701663672984019,0.4418405455180427,-0.3321533838095331,-5.17904547148428,99.6546674630343,-37.75128863232264,134.12771526681,438.16818936033087,25.611044583502235,False,-0.3504049924340311,-0.936598281696751,826.5832571497864,-93.2524893871529,405.4392607984007,1911.7172422034,False,inf
62.995807,-965763.5261991784,-1886.6464430224505,828.5960666159481,-95.02348505980537,284.1468673194599,440.1333634793931,1920.2354498762925,-57064306.22202301,155.7600029758116,440.5333859600005,54398043274.66736,283.6073142004676,284.1468673194599,-56647957443165.125,138.45545636674714,-13.351501817107035,578.3719615897126,654.8355922780731,-1014887.732718156,-578.1082526546962,570.4373285958852,1920.2354498762925,-3793375446908.342,6787.502367361401,3962.692951085563,294.1411229275189,-28291790.984828904,21791676417178.49,3.000000000005002,-0.8579830000004165,-282981605.90437114,-87.19973063586045,438.3822094376482,25.823946965267623,0.0,-8.0739149227611135e-19,0.0,7.977789572980156e-18,-2556.8745471648326,7.847734598811312,-2556.8745471648326,0.0,-3152.33865584153,0.0,0.0,2810.819999996238,-14.6176999999999,0.0,0.0,0.0,0.0,0.0,0.0,0.0,0.0,0.0,0.0,0.0,3785.529999996448,-83.48819999986426,0.0,0.0,0.0,0.0,0.0,0.0,0.0,0.0,0.0,0.0,0.0,7388.629999996861,-42.01050000006626,0.0,0.0,0.0,0.0,0.0,0.0,0.0,0.0,0.0,999.000000002663,999.000000002663,1.000000000000199,-435.4627893943453,gaze,0.4408080760222399,0.414340448189789,5930.04501661562,8062.897293186728,-152.69152262947864,-37.42130018368366,-17.000637123271563,-33.75852210661099,-0.1074117983461806,-0.1690764610900351,0.9839378963160496,5.2674564396165975,3757.055293979577,-18.97733017461701,-24.652925253643154,0.0615474180442881,0.1686519778288258,0.9817559614901764,4.853481595184211,-25.055162050018843,-17.33929223062373,-30.66645369725442,0.0406329405986958,0.0941488773410608,0.9584951587256124,5.061348553875663,-1.5261397900582403,True,3.095486384781099,imu,-0.3236006648,-9.648204664,2.6803226968,2.12354991,-0.25472495,-5.874039379999999,99.6630640675485,-37.758204857486966,134.1289534717047,438.3822094376482,25.823946965267623,False,-0.4832647139504096,-0.8754742807475434,828.1878307557125,-93.52870999899598,398.9437235818379,1920.2354498762925,False,inf
63.004576,-972710.6741333712,-1897.082439530982,830.9110851028709,-95.3169694714129,285.64281400823813,442.7335655128952,1931.0091867389149,-57483926.88716698,156.70221220764472,443.1359246827556,54811016568.73121,285.09706168222056,285.64281400823813,-57080573664107.09,139.03503898428443,-13.42947446259793,580.5123249459455,658.2689971119914,-1022184.0030721698,-581.3620316467667,572.5554209964137,1931.0091867389149,-3822333585403.2056,6823.043176264114,3985.5397181594,295.82902322723885,-28499962.2982904,21958029503629.195,3.0000000000051443,-0.857983000000452,-285079990.2089685,-87.69147502877134,438.6528072824367,26.093170782533434,0.0,-8.121005317370748e-19,0.0,8.02431932355237e-18,-2571.077068051162,7.891990177024593,-2571.077068051162,0.0,-3169.8167722680123,0.0,0.0,2810.819999996296,-14.617700000000356,0.0,0.0,0.0,0.0,0.0,0.0,0.0,0.0,0.0,0.0,0.0,3785.529999996477,-83.4881999998629,0.0,0.0,0.0,0.0,0.0,0.0,0.0,0.0,0.0,0.0,0.0,7388.629999996978,-42.01050000006626,0.0,0.0,0.0,0.0,0.0,0.0,0.0,0.0,0.0,999.0000000027068,999.0000000027068,1.0000000000002205,-437.72174786923887,gaze,0.446744427569106,0.4201669795768405,4748.306448458683,6446.943413904757,108.24963190776224,-37.38186761530482,-16.94799369712667,-33.75036931140272,-0.1097412837569806,-0.1742370261749548,0.9854760502708656,5.283442769512433,4073.456739348506,-18.94589614215544,-24.65697123817568,0.0581149987592296,0.1716349223654281,0.9824712399053924,4.850968047608919,-28.14710233235279,-17.30817451739209,-31.164899276743256,0.0355753179553463,0.0922852019381026,0.960087951345536,5.059441195477996,-1.3070760418769038,True,2.995008064831819,imu,-0.3397507904000001,-9.6709344704,2.6701540992,2.03382699,-0.2771556799999999,-6.053485220000001,99.6728288710362,-37.76706807234185,134.12927415378303,438.6528072824367,26.093170782533434,False,-0.6361651953818769,-0.7715528784112845,830.2306253497462,-93.92485470445668,378.4742832851212,1931.0091867389149,False,inf
63.00894,-976182.8634879476,-1902.292897037176,832.0668315827861,-95.46339262832636,286.38961006549124,444.0320785256965,1936.38816655378,-57693673.5592041,157.1727894714076,444.4356045361551,55017470338.73876,285.8406967191685,286.38961006549124,-57296853143929.97,139.32415982860434,-13.468410573760872,581.5795552405127,659.9829667362054,-1025830.6750149516,-582.9866308647975,573.6115670170448,1936.38816655378,-3836810711951.88,6840.785219488055,3996.9484766838,296.6718752522372,-28604016.80125004,22041194882921.17,3.000000000005116,-0.8579830000004449,-286128904.8953243,-87.93701540049928,438.787869580985,26.22756355726869,0.0,-8.144521491764995e-19,0.0,8.047555521463273e-18,-2578.168404808474,7.91408810276341,-2578.168404808474,0.0,-3178.543555994416,0.0,0.0,2810.819999996238,-14.6176999999999,0.0,0.0,0.0,0.0,0.0,0.0,0.0,0.0,0.0,0.0,0.0,3785.529999996448,-83.48819999986245,0.0,0.0,0.0,0.0,0.0,0.0,0.0,0.0,0.0,0.0,0.0,7388.62999999692,-42.01050000006671,0.0,0.0,0.0,0.0,0.0,0.0,0.0,0.0,0.0,999.0000000027212,999.0000000027212,1.0000000000002132,-438.8494805154576,gaze,0.4497626958075085,0.4231329618163292,4156.527055514482,5639.852169095333,238.713534079262,-37.3614645363393,-16.921175922162803,-33.74640521083739,-0.1109174028811113,-0.1768569729361344,0.9862613141652492,5.291557788739262,4232.9577946774525,-18.9281694637337,-24.65872658158825,0.056411328840607,0.1731900550002995,0.9828092673268896,4.849872238402006,-29.532611844387763,-17.291983041891697,-31.40627025925641,0.033016543364796,0.0913407627087755,0.960893314914886,5.05852406068507,0.0,True,3.0,imu,-0.3693870003770075,-9.570038197372206,2.7098726465567067,0.4401915623471489,-0.3990779475843051,-5.263182854063308,99.67733275249893,-37.77154143052066,134.12892725782325,438.787869580985,26.22756355726869,False,-0.7046659163554663,-0.7095392493209315,831.2588671830707,-94.14119652759376,363.2933396445919,1936.38816655378,False,inf
63.013344,-979696.9166979978,-1907.5624941885744,833.2356354621406,-95.6114056044628,287.14481744273075,445.3455260903409,1941.8281285351068,-57905962.60405159,157.64881140919968,445.750232309583,55226446660.89101,286.5926626665309,287.14481744273075,-57515779151796.64,139.61639256534446,-13.50779274960109,582.6579515035771,661.7162204131954,-1029521.30843421,-584.6297105542553,574.6787768784868,1941.8281285351068,-3851464971771.164,6858.726831217584,4008.487997499064,297.524375761615,-28709332.854234543,22125377820327.188,3.0000000000050875,-0.8579830000004165,-287190561.2300893,-88.1853585598011,438.9244371130844,26.363465094508,0.0,-8.168307955129993e-19,0.0,8.07105879036413e-18,-2585.340458345813,7.936438271238932,-2585.340458345813,0.0,-3187.369630030344,0.0,0.0,2810.8199999961944,-14.617700000000012,0.0,0.0,0.0,0.0,0.0,0.0,0.0,0.0,0.0,0.0,0.0,3785.529999996361,-83.48819999985972,0.0,0.0,0.0,0.0,0.0,0.0,0.0,0.0,0.0,0.0,0.0,7388.62999999657,-42.01050000006717,0.0,0.0,0.0,0.0,0.0,0.0,0.0,0.0,0.0,999.000000002714,999.000000002714,1.000000000000199,-439.98993619135047,gaze,0.4528521341282245,0.4261712585769768,3564.501507049019,4834.037911616517,369.0806999026208,-37.34034141054255,-16.89369074768188,-33.74247220383778,-0.1121157213253968,-0.1795361440285562,0.9870672484348548,5.299855667533562,4394.880903571722,-18.90884558864693,-24.66030841824369,0.054695211723111,0.1748076073497393,0.983138121249792,4.848872692588892,-30.82205053861783,-17.275160915776638,-31.644453062204985,0.0304059471513255,0.0903761425248404,0.961714681742079,5.057620698446133,1.7748471783372584,True,2.888599185630402,imu,-0.3445360128,-9.688280901600002,2.6755374744,1.80951969,-0.17247894,-6.16563887,99.68162785672702,-37.77609812039956,134.12824181494312,438.9244371130844,26.363465094508,False,-0.7678224599763244,-0.6406626803208578,832.3059623539464,-94.37176173951596,344.7280812230176,1941.8281285351068,False,inf
63.021823,-986490.9828962564,-1917.74028718508,835.4929127800824,-95.89707620034528,288.6032542970903,447.8828981697032,1952.3347674843883,-58316440.21936798,158.56850217098298,448.2898842173729,55630575874.74611,288.04471249048544,288.6032542970903,-57939160705745.56,140.18033521073966,-13.583867891114052,584.7381003744806,665.0633760478406,-1036656.7572934576,-587.8032997197289,576.7373872624123,1952.3347674843883,-3879804831233.177,6893.374457476689,4030.7792355515135,299.1711426619589,-28912970.57063687,22288179117379.53,3.0000000000051443,-0.8579830000004307,-289243435.77470285,-88.66505791542646,439.1881273164036,26.625900532885453,0.0,-8.21425912520261e-19,0.0,8.116462879649389e-18,-2599.193338955304,7.979609830299148,-2599.193338955304,0.0,-3204.417146189816,0.0,0.0,2810.81999999618,-14.61770000000024,0.0,0.0,0.0,0.0,0.0,0.0,0.0,0.0,0.0,0.0,0.0,3785.52999999639,-83.48819999986108,0.0,0.0,0.0,0.0,0.0,0.0,0.0,0.0,0.0,0.0,0.0,7388.629999996803,-42.0105000000674,0.0,0.0,0.0,0.0,0.0,0.0,0.0,0.0,0.0,999.0000000027068,999.0000000027068,1.000000000000206,-442.192414792764,gaze,0.4589244176163641,0.4321497530786624,2463.124442460243,3340.150753039401,611.1406074422252,-37.298142266073135,-16.839568585695865,-33.735103784454054,-0.1144553793987246,-0.1847949466071691,0.9886574257665292,5.316141762593321,4708.08155562838,-18.867494882048007,-24.662773095508417,0.0514004967840991,0.1780597400981165,0.9837360283653598,4.847254095701441,-32.986207004628454,-17.241389509357937,-32.08520286897238,0.0252989303608652,0.0884860874558353,0.963320642364636,5.055945776692512,3.444199826614073,True,2.7820367588826467,imu,-0.3852104032000001,-9.6799067624,2.67673378,1.4431511,-0.1201405700000002,-6.15068505,99.68916026717206,-37.7849915077985,134.12599246087785,439.1881273164036,26.625900532885453,False,-0.870387654072196,-0.4923670700185985,834.3527783872454,-94.84774185597736,300.2952200531193,1952.3347674843883,False,inf
63.02892,-992206.5893130894,-1926.29192058327,837.3893600714691,-96.13689677458046,289.82848260747176,450.0154249607248,1961.1625022747955,-58661799.23378372,159.34154681041463,450.42432693367743,55970651441.63563,289.264445767086,289.82848260747176,-58295448440985.445,140.65368656141032,-13.647799974763752,586.4831720615989,667.8752515714642,-1042659.5392616644,-590.4699453263714,578.4644298249679,1961.1625022747955,-3903653585796.536,6922.481063427153,4049.512539928167,300.5550325220305,-29084303.8173846,22425180783420.305,3.0000000000051443,-0.8579830000004307,-290970719.5457624,-89.06815882832457,439.4096064319019,26.846357350498693,0.0,-8.252878145907803e-19,0.0,8.154622113923514e-18,-2610.8335318551585,8.01588775015176,-2610.8335318551585,0.0,-3218.741582737338,0.0,0.0,2810.8199999961507,-14.617699999999672,0.0,0.0,0.0,0.0,0.0,0.0,0.0,0.0,0.0,0.0,0.0,3785.529999996332,-83.48819999985881,0.0,0.0,0.0,0.0,0.0,0.0,0.0,0.0,0.0,0.0,0.0,7388.629999996803,-42.01050000006717,0.0,0.0,0.0,0.0,0.0,0.0,0.0,0.0,0.0,999.0000000027068,999.0000000027068,1.000000000000206,-444.0427717318692,gaze,0.4641339988974897,0.4372856566138948,1610.9299149613453,2190.608696713145,797.8867519997407,-37.26124478518948,-16.793033632229424,-33.7291580838317,-0.1164469058493194,-0.1892996057768185,0.9900278713516648,5.330091276889624,4970.091110605352,-18.82858346741293,-24.664195054224653,0.0486526371027544,0.1809232246637847,0.984200214816964,4.846214815507376,-34.46855347239579,-17.211698895737186,-32.433039332597446,0.0209417899128934,0.0868704994985933,0.964689960883331,5.054610802162038,0.0,True,3.0,imu,-0.3773262993508651,-9.567160598974551,2.7188046155181627,0.412005285841603,-0.4546122643162862,-5.339097986883861,99.69468392605152,-37.79255799934074,134.12319426476637,439.4096064319019,26.846357350498693,False,-0.9347993892459564,-0.3551761561048075,836.1016962318607,-95.27496241735548,255.0545067452328,1961.1625022747955,False,inf
63.030301,-993321.85554082,-1927.9594501334589,837.7591403789193,-96.18363878446984,290.067376807908,450.4313177366322,1962.883848757985,-58729192.036842346,159.49231854472285,450.8405933441039,56037019370.60176,289.5022548219818,290.067376807908,-58364981474408.05,140.74593631814807,-13.660267696847276,586.8231648836368,668.4235028724306,-1043830.8391878386,-590.9899415072028,578.8009142588833,1962.883848757985,-3908307897915.543,6928.156169748246,4053.165836303088,300.8249097019836,-29117737.60001388,22451917965597.77,3.000000000005116,-0.8579830000004236,-291307787.3399971,-89.14676650998103,439.4527853749096,26.889340339436785,0.0,-8.2604097083290725e-19,0.0,8.162064007830048e-18,-2613.1033864811075,8.022962214821831,-2613.1033864811075,0.0,-3221.534856043192,0.0,0.0,2810.81999999618,-14.617699999999786,0.0,0.0,0.0,0.0,0.0,0.0,0.0,0.0,0.0,0.0,0.0,3785.529999996303,-83.48819999985881,0.0,0.0,0.0,0.0,0.0,0.0,0.0,0.0,0.0,0.0,0.0,7388.629999996629,-42.01050000006694,0.0,0.0,0.0,0.0,0.0,0.0,0.0,0.0,0.0,999.0000000027284,999.0000000027284,1.000000000000199,-444.4035596404459,gaze,0.4651613018365155,0.4382991422225902,1455.478263858951,1981.7527889421872,831.8817793112175,-37.25389550430582,-16.7838463808259,-33.72802601208255,-0.1168379784029872,-0.190187179380124,0.9902987669416616,5.332839731439135,5020.905220048174,-18.820546763141994,-24.664398992066698,0.0481190138394764,0.1814955783639727,0.98428664398989,4.846046542925079,-34.72201133628233,-17.20576853433956,-32.49821496771749,0.0200851334200137,0.0865525359624028,0.9649590966747356,5.054358290141584,-1.1919769763077306,True,2.6729268365017185,imu,-0.376836264,-9.6757196928,2.6934820584,1.15155161,-0.0528483799999999,-5.851608649999999,99.69567282509304,-37.794043418607984,134.1225553251873,439.4527853749096,26.889340339436785,False,-0.9448955678894458,-0.3273719074430201,836.446166273243,-95.3607730616308,245.4780706735918,1962.883848757985,False,inf
63.03878,-1000191.3019124982,-1938.2225247817823,840.0348814231038,-96.47116321586532,291.53754784241386,452.991423417273,1973.4779933881232,-59144325.2675457,160.42049288612344,453.4029988880762,56445883371.2202,290.96564938344244,291.53754784241386,-58793352873245.086,141.3133329715709,-13.73701125858616,588.9136427719616,671.7974331833027,-1051045.4100049098,-594.1904292455863,580.869850798479,1973.4779933881232,-3936981629027.5576,6963.080582295168,4075.653400140643,302.48609017342227,-29323687.13992017,22616637203615.33,3.0000000000051728,-0.8579830000004236,-293384153.02692246,-89.63060459295677,439.718476311009,27.153849500062734,0.0,-8.306771270328639e-19,0.0,8.207873603026164e-18,-2627.074068227122,8.066506246912967,-2627.074068227122,0.0,-3238.727025421258,0.0,0.0,2810.819999996078,-14.617699999999786,0.0,0.0,0.0,0.0,0.0,0.0,0.0,0.0,0.0,0.0,0.0,3785.529999996361,-83.4881999998579,0.0,0.0,0.0,0.0,0.0,0.0,0.0,0.0,0.0,0.0,0.0,7388.629999996745,-42.01050000006717,0.0,0.0,0.0,0.0,0.0,0.0,0.0,0.0,0.0,999.000000002743,999.000000002743,1.0000000000002205,-446.6239198471431,gaze,0.4715664835039135,0.4446232606421436,598.5799224613256,837.7847963126405,1018.6773370149944,-37.20754518834803,-16.726486469807224,-33.721263401854415,-0.119264547598201,-0.1957160853390763,0.9919924525618632,5.349960125180844,5330.478959020952,-18.767814781994844,-24.6650960750547,0.044850687613879,0.1851191068850557,0.9847890768010704,4.845259801010426,-36.03174584792246,-17.168250733452528,-32.87844185693486,0.0147621537634975,0.0845744913317101,0.966630820097667,5.052860981935254,-8.120144509341566,True,2.5611714176891542,imu,-0.3744436528,-9.697253193600002,2.70664142,0.7552753799999999,-0.0229407400000001,-5.829177919999999,99.70110727210266,-37.80325730412947,134.11797814297609,439.718476311009,27.153849500062734,False,-0.9885523468742632,-0.1508782870044145,838.5930034841001,-95.90371541296666,181.830349984979,1973.477993388123,False,inf
63.047259,-1007098.6748058208,-1948.528439545528,842.3198977625434,-96.75961800992307,293.0136125597573,455.5629528162908,1984.116092394443,-59561801.2333374,161.35293093567938,455.9768382165935,56857130447.13349,292.4347404997974,293.0136125597573,-59224235818279.26,141.88246221973708,-13.81409065553755,591.0092942623126,675.1848111428955,-1058299.7898307568,-597.4044295289563,582.9439599159712,1984.116092394443,-3965823407825.751,6998.144010624656,4098.239612296878,304.15451264672265,-29530800.01206559,22782321799189.383,3.000000000005116,-0.8579830000004023,-295472340.2908143,-90.1165220944757,439.9851715591794,27.419399846806986,0.0,-8.3533390599583845e-19,0.0,8.253886970561633e-18,-2641.1039332082287,8.11023742042634,-2641.1039332082287,0.0,-3255.991867693774,0.0,0.0,2810.819999996078,-14.617699999999331,0.0,0.0,0.0,0.0,0.0,0.0,0.0,0.0,0.0,0.0,0.0,3785.529999996245,-83.48819999985562,0.0,0.0,0.0,0.0,0.0,0.0,0.0,0.0,0.0,0.0,0.0,7388.629999996512,-42.01050000006671,0.0,0.0,0.0,0.0,0.0,0.0,0.0,0.0,0.0,999.000000002743,999.000000002743,1.000000000000206,-448.8532626828302,gaze,0.4781414786442075,0.4511237951513291,-43.02584811589986,-2.478131060652231,1157.2456419915684,-37.15905039476939,-16.667470607970564,-33.71484353759274,-0.121735278863311,-0.2013830231090733,0.9937390919887976,5.367507668770198,5633.503086292951,-18.70912584041921,-24.66477115978323,0.0415966121578788,0.1889331325431024,0.9852422284694408,4.844904190430407,-36.93287019664194,-17.128800901759597,-33.22057328682387,0.0093294207129335,0.0825516350104941,0.9683360127633936,5.051457198496319,-3.4078068950009643,True,2.4455624429774905,imu,-0.400762376,-9.724768222400002,2.701856197600001,0.34404533,0.0368745399999999,-5.75440882,99.70540146834088,-37.81263343166578,134.11231716779534,439.9851715591794,27.419399846806986,False,-0.9995081094817936,0.0313614266277988,840.7980479956772,-96.46810079415484,111.25649793823204,1984.116092394443,False,inf
63.049012,-1008531.4925818136,-1950.6645031647715,842.7934756067953,-96.8193711733179,293.31951996853047,456.0960349367017,1986.3209729348807,-59648405.90435219,161.54624205116525,456.5103991645256,56942452398.0988,292.7391814060114,293.31951996853047,-59313633491654.49,142.00034392878544,-13.830068510804123,591.4432079077646,675.8868194290177,-1059804.585464903,-598.0706009366759,583.3734196575608,1986.3209729348807,-3971807363241.6543,7005.410616131958,4102.921558388503,304.5003579875024,-29573765.35731402,22816697251699.54,3.0000000000051728,-0.8579830000004378,-295905544.1238442,-90.21724363860606,440.0404352770056,27.474431483767148,0.0,-8.362992556246342e-19,0.0,8.263425535226019e-18,-2644.0119527093225,8.119302068836808,-2644.0119527093225,0.0,-3259.57039268422,0.0,0.0,2810.819999996078,-14.617700000000012,0.0,0.0,0.0,0.0,0.0,0.0,0.0,0.0,0.0,0.0,0.0,3785.529999996303,-83.48819999985608,0.0,0.0,0.0,0.0,0.0,0.0,0.0,0.0,0.0,0.0,0.0,7388.629999996687,-42.01050000006694,0.0,0.0,0.0,0.0,0.0,0.0,0.0,0.0,0.0,999.000000002743,999.000000002743,1.0000000000002205,-449.3152936424044,gaze,0.5577145231030607,0.611797782327811,-142.3610306243072,-129.3864937133026,1178.449895458714,-37.20212928410517,-17.03581587615093,-33.51827410389485,-0.0860759648036826,-0.0919626666685558,0.9920351789237736,5.12632942199707,5695.011718361449,-18.696232454359908,-24.664567780596265,0.0409256878729322,0.1897457266744751,0.9853296729736802,4.844885389973037,-37.20212928410517,-17.03581587615093,-33.51827410389485,-0.0860759648036826,-0.0919626666685558,0.9920351789237736,5.12632942199707,0.0,True,3.0,imu,-0.3857955060755728,-9.56404438040765,2.7285872274104683,0.3523322485113645,-0.4970096167762552,-5.405962919649148,99.70614129805692,-37.8145922704841,134.11101727269832,440.0404352770056,27.474431483767148,False,-0.9961749986005906,0.0873806166327152,841.2615370315242,-96.58661980039686,88.52757031202266,1986.3209729348807,False,inf
63.055737,-1014043.3095540212,-1958.876102894956,844.6139469308473,-97.0489712468327,294.4954133732678,458.14563823048815,1994.797016323944,-59981580.1786747,162.28953645484907,458.5618433844155,57270722074.85727,293.9093698369109,294.4954133732678,-59657590072915.24,142.45326029853663,-13.891497810710325,593.109877128549,678.585274647569,-1065593.2804229597,-600.6316026610405,585.0230021987293,1994.797016323944,-3994830540443.244,7033.342705465821,4120.922112153766,305.8300023248102,-29739056.503197223,22948956277037.805,3.000000000005201,-0.8579830000004378,-297572151.1530982,-90.60446797771549,440.2528420840717,27.685962725316585,0.0,-8.400108230176639e-19,0.0,8.300099321102158e-18,-2655.191502909856,8.154151142193644,-2655.191502909856,0.0,-3273.3275624239363,0.0,0.0,2810.819999996136,-14.6176999999999,0.0,0.0,0.0,0.0,0.0,0.0,0.0,0.0,0.0,0.0,0.0,3785.529999996245,-83.48819999985699,0.0,0.0,0.0,0.0,0.0,0.0,0.0,0.0,0.0,0.0,0.0,7388.629999996629,-42.01050000006899,0.0,0.0,0.0,0.0,0.0,0.0,0.0,0.0,0.0,999.0000000027868,999.0000000027868,1.0000000000002274,-451.0913512367782,gaze,0.4848877394873133,0.4578023671792071,-397.4364232246704,-439.6569506629923,1231.6882686477145,-37.10837069234303,-16.60678112968743,-33.708794389331814,-0.1242503463681855,-0.2071893018240432,0.995539276062742,5.385486943206252,5926.352865354859,-18.644306719315964,-24.663329002414287,0.0383578821361501,0.1929403991512157,0.9856450146190672,4.844989929664968,-37.460415055814686,-17.087384305067268,-33.519210997910804,0.0037864087714878,0.0804836661781366,0.9700748615292444,5.050150278301393,19.4740861802759,True,2.3239854260392,imu,-0.391790084,-9.694860582400002,2.6833134608,-0.26906129,-0.0603252900000002,-5.68711663,99.70849228631198,-37.82217200154317,134.10563675823778,440.2528420840717,27.685962725316585,False,-0.9769913933146408,0.2132787316848927,843.0644342423644,-97.04456350018656,35.949505122429734,1994.797016323944,False,inf
63.060076,-1017612.3209838802,-1964.1886506549545,845.7916381924151,-97.19742230490988,295.2560839654201,459.4718894564755,2000.2805572581813,-60197334.19125176,162.7705460906243,459.88928576546186,57483325409.57645,294.66629271540575,295.2560839654201,-59880357960144.125,142.74606476286505,-13.93124507930686,594.1869505951996,680.3308451526581,-1069341.5681738865,-602.2885104819796,586.0890510953948,2000.2805572581813,-4009741773799.25,7051.411289465411,4132.569290115985,306.6903275145011,-29846094.629151583,23034615397696.17,3.0000000000052864,-0.8579830000004591,-298651432.47358185,-90.85500534238584,440.3902248706545,27.82279306534133,0.0,-8.424124716850337e-19,0.0,8.323829874704353e-18,-2662.4244772043303,8.176698782116633,-2662.4244772043303,0.0,-3282.22815894266,0.0,0.0,2810.819999996107,-14.617699999999786,0.0,0.0,0.0,0.0,0.0,0.0,0.0,0.0,0.0,0.0,0.0,3785.529999996303,-83.4881999998579,0.0,0.0,0.0,0.0,0.0,0.0,0.0,0.0,0.0,0.0,0.0,7388.629999996861,-42.01050000006831,0.0,0.0,0.0,0.0,0.0,0.0,0.0,0.0,0.0,999.000000002794,999.000000002794,1.0000000000002416,-452.2402881714438,gaze,0.488407732256062,0.4612903861297495,-442.453222695102,-472.5627939518019,1239.3964931841026,-37.08157041676248,-16.575062297944434,-33.70585056984078,-0.1255549639822357,-0.2102157419054506,0.9964816576536504,5.394858657244024,6071.050650923483,-18.608698989502635,-24.662127054590965,0.0367063364906478,0.1950672797364631,0.9858313564559256,4.845207876613803,-37.602634659501696,-17.065411867971484,-33.653477279543246,0.0009062274257222,0.0794075676444858,0.9709780217195746,5.04951985282289,33.77378223388914,True,2.258584537134866,imu,-0.3906715512465249,-9.562230567621109,2.7343269617669304,0.3057745195202584,-0.5136760822769189,-5.438072840522782,98.3900212,-38.19025560000002,134.7247776,440.3902248706545,27.82279306534133,False,-0.9525858957475823,0.3042698000505079,844.2487953502842,-97.34110586167844,3.652601713865903,2000.2805572581813,False,inf
63.064216,-1021027.0015655096,-1969.2680876845343,846.9175988332208,-97.3392934550152,295.9833174239689,460.74012661298127,2005.5234180983448,-60403771.05573654,163.23054491333676,461.1586619241364,57686766253.96639,295.3899012327888,295.9833174239689,-60093528926344.04,143.0258655314435,-13.969252060215249,595.2158927472035,681.9996657424168,-1072927.7671912436,-603.8727517844616,587.1074742155629,2005.5234180983448,-4024010609455.578,7068.685381853335,4143.7065719591055,307.51297777035245,-29948510.675536454,23116584195965.484,3.0000000000052296,-0.8579830000004236,-299684131.50818086,-91.09456400557632,440.52155363063866,27.95360387257097,0.0,-8.447090497191642e-19,0.0,8.34652223136628e-18,-2669.340287683182,8.198258370523055,-2669.340287683182,0.0,-3290.738428294663,0.0,0.0,2810.819999996078,-14.6176999999999,0.0,0.0,0.0,0.0,0.0,0.0,0.0,0.0,0.0,0.0,0.0,3785.529999996186,-83.48819999985517,0.0,0.0,0.0,0.0,0.0,0.0,0.0,0.0,0.0,0.0,0.0,7388.629999996512,-42.01050000006762,0.0,0.0,0.0,0.0,0.0,0.0,0.0,0.0,0.0,999.0000000027648,999.0000000027648,1.0000000000002274,-453.3387411481648,gaze,0.4918091318556199,0.4646629897158505,-386.1001547233931,-365.2367855634713,1224.6461260466197,-37.05544706810552,-16.544378593395514,-33.70314235878054,-0.1268108199958435,-0.2131383090293802,0.9973942422368444,5.403908974541175,6205.166091087603,-18.573157958546325,-24.66067122146832,0.0351344543722732,0.1971451066501599,0.9859964811670682,4.845527394766754,-37.6685196558497,-17.043950996694186,-33.76896252102375,-0.0018693820726509,0.0783695461902918,0.9718481730534814,5.048943139213772,44.72910050371161,True,2.193699346224689,imu,-0.4163143488000001,-9.618895176800002,2.699463586400001,-0.47093786,-0.0827560200000001,-5.39551714,99.71031608318206,-37.8318766085506,134.09800666875947,440.52155363063866,27.95360387257097,False,-0.921341712831903,0.3887537114883599,845.3943401998984,-97.62335706762453,41.69650617456961,2005.5234180983448,False,inf
63.068993,-1024978.4575312912,-1975.141880333868,848.2195786385164,-97.50327122274076,296.8242082071614,462.2069187647624,2011.5861111155448,-60642674.19717598,163.76259745859295,462.6267713413213,57922224798.55493,296.2265494815681,296.8242082071614,-60340253336917.2,143.34923433650854,-14.01320742927014,596.404690710071,683.9292785239921,-1077077.6968182907,-605.7047925068161,588.2841345805392,2011.5861111155448,-4040525362309.0137,7088.658899744134,4156.5870010197,308.46437120199505,-30067033.99541299,23211454894288.336,3.0000000000052864,-0.8579830000004378,-300879273.9113977,-91.37160428492037,440.6733891106815,28.104852856072057,0.0,-8.473651607881563e-19,0.0,8.372767113452103e-18,-2677.3378980053462,8.22319119615042,-2677.3378980053462,0.0,-3300.5798624747085,0.0,0.0,2810.819999996049,-14.617699999999672,0.0,0.0,0.0,0.0,0.0,0.0,0.0,0.0,0.0,0.0,0.0,3785.529999996245,-83.48819999985426,0.0,0.0,0.0,0.0,0.0,0.0,0.0,0.0,0.0,0.0,0.0,7388.629999996629,-42.01050000006808,0.0,0.0,0.0,0.0,0.0,0.0,0.0,0.0,0.0,999.0000000027794,999.0000000027794,1.0000000000002205,-454.6088931741059,gaze,0.5762419316387226,0.5591130749957811,-188.0684193297528,-55.81047603576636,1178.041827562771,-37.48491556070188,-16.51417886338978,-33.70415357174936,-0.1232574723133289,-0.0321652912803058,0.991853310503011,5.159318447113037,6354.452411727568,-18.53021864022224,-24.65860076656293,0.0333255827844365,0.1996019888306456,0.9861714731632494,4.846033077566893,-37.34352242240352,-16.774997369770354,-33.611213837822106,-0.1046667185585057,-0.0620639789744309,0.9919442447133924,5.142823934555054,50.34931899020919,False,-1.0,imu,-0.3947129813419417,-9.56071712558983,2.7391393281218472,0.261678279054152,-0.5232611614834268,-5.461238153056528,99.71076065784315,-37.8374172466001,134.0933195567139,440.6733891106815,28.104852856072057,False,-0.8747641703837061,0.4845489100316978,846.7348415395462,-97.946627453036,86.49131558205954,2011.5861111155448,False,inf
63.072694,-1028048.2610919268,-1979.702074721448,849.2303388745495,-97.63051842615003,297.4769913587276,463.34584374486894,2016.2929010910943,-60828284.23009682,164.17574889918615,463.7667190995248,58105175309.25014,296.876001456098,297.4769913587276,-60531960640092.04,143.6001465275748,-14.047336141086738,597.3268501876867,685.4272189829252,-1080301.685367143,-607.1271543020706,589.196890392396,2016.2929010910943,-4053357473657.351,7104.164115502501,4166.587939361868,309.2030653604029,-30159118.07031551,23285170277098.195,3.0000000000052864,-0.8579830000004449,-301807833.86315763,-91.58670124289792,440.7912454198304,28.222263016088164,0.0,-8.49427546349735e-19,0.0,8.393145427637488e-18,-2683.5471375454667,8.24254930156292,-2683.5471375454667,0.0,-3308.220588037576,0.0,0.0,2810.819999996049,-14.617699999999786,0.0,0.0,0.0,0.0,0.0,0.0,0.0,0.0,0.0,0.0,0.0,3785.5299999962153,-83.48819999985608,0.0,0.0,0.0,0.0,0.0,0.0,0.0,0.0,0.0,0.0,0.0,7388.629999996629,-42.01050000006831,0.0,0.0,0.0,0.0,0.0,0.0,0.0,0.0,0.0,999.000000002794,999.000000002794,1.0000000000002345,-455.5949300257884,gaze,0.4989063135590458,0.4717064995522024,71.85134111533097,332.36764460875014,1118.2630056831656,-37.00024443132016,-16.48025239416665,-33.697917159388616,-0.1294165754258704,-0.2192306747208493,0.9993043721245992,5.422776259006963,6465.59316196082,-18.49550922632833,-24.656697826013072,0.0319278173328449,0.2015495443266317,0.9862954869118524,4.84652691535483,-37.631645666365294,-16.998470606372752,-33.96421765192891,-0.0076378165735436,0.076209219580959,0.9736559279760908,5.047839328117941,48.33012611059669,False,2.05176676262602,imu,-0.439642308,-9.5800152448,2.72159524,-0.71019898,0.0219207199999997,-5.193640569999999,99.71080650935042,-37.841746317627766,134.0895080692721,440.7912454198304,28.222263016088164,False,-0.8340586327712228,0.5516758079704045,847.7869891121653,-98.19421201616628,119.09095341682496,2016.292901091094,False,inf
63.081173,-1035108.9024811756,-1990.1806577540176,851.5527414880089,-97.92271713760124,298.976805188596,465.96344217532527,2027.108139641504,-61255229.82653999,165.12538597535345,466.3866680441533,58526058437.31288,298.36803710745244,298.976805188596,-60972999765745.37,144.17624244104076,-14.125769553594928,599.4432532569779,688.8687829605971,-1087716.9402387913,-610.3956199485716,591.2917497305582,2027.108139641504,-4082878800087.259,7139.787689116827,4189.571934898609,310.9006871992416,-30370933.33209993,23454758564442.688,3.0000000000052296,-0.8579830000004236,-303943810.03519183,-92.0810024694166,441.061983681353,28.492006396936176,0.0,-8.541674946372625e-19,0.0,8.439980586501637e-18,-2697.8155917680024,8.287034985133605,-2697.8155917680024,0.0,-3325.7783958421974,0.0,0.0,2810.8199999959616,-14.617699999999218,0.0,0.0,0.0,0.0,0.0,0.0,0.0,0.0,0.0,0.0,0.0,3785.529999996099,-83.48819999985335,0.0,0.0,0.0,0.0,0.0,0.0,0.0,0.0,0.0,0.0,0.0,7388.62999999657,-42.0105000000674,0.0,0.0,0.0,0.0,0.0,0.0,0.0,0.0,0.0,999.0000000027794,999.0000000027794,1.0000000000002132,-457.8604778925976,gaze,0.5061832660937167,0.4789370317382138,1052.923200098796,1758.5894596761914,895.6611988463449,-36.94270165105333,-16.41436187178892,-33.6931465032532,-0.1320687102347016,-0.2254698854496033,1.0012709421476704,5.442100148318174,6703.045263739979,-18.411152065270983,-24.65130462722616,0.0287379502281586,0.2061580598866519,0.9865410345280348,4.847999287878748,-37.44530024241479,-16.950891335974596,-34.099400835889725,-0.0135214611830721,0.0740016190608358,0.9754989542779686,5.046841883926442,26.113180045380084,False,1.895253908576293,imu,-0.4372496968000001,-9.5925764536,2.7138192536,-0.82982954,0.05182836,-5.021671639999999,99.7098961768866,-37.85178482102424,134.0802266185698,441.061983681353,28.492006396936176,False,-0.7177319294607309,0.696319522512888,850.2408023079121,-98.7472318965516,193.5955356049345,2027.108139641504,False,inf
63.089085,-1041732.3055222852,-1999.997758126876,853.7283374062608,-98.1962255250926,300.381719583909,468.4164718828469,2037.24039449402,-61655782.76723099,166.0154306806293,468.8419003084031,58920992984.5897,299.76550840222444,300.381719583909,-61386861155026.75,144.71539336407577,-14.199265775865726,601.422822540952,692.092513926907,-1094672.9759258074,-613.4578952971495,593.2512162468313,2037.24039449402,-4110580900736.664,7173.156308906795,4211.109385119409,312.49142384221017,-30569655.73114322,23613896113661.73,3.0000000000054,-0.8579830000004591,-305947840.9164898,-92.544154658882,441.3155348897744,28.744663652173585,0.0,-8.586093850499565e-19,0.0,8.483870652486942e-18,-2711.18411939024,8.328717345054825,-2711.18411939024,0.0,-3342.228670425775,0.0,0.0,2810.819999996078,-14.617700000000127,0.0,0.0,0.0,0.0,0.0,0.0,0.0,0.0,0.0,0.0,0.0,3785.529999996245,-83.48819999985562,0.0,0.0,0.0,0.0,0.0,0.0,0.0,0.0,0.0,0.0,0.0,7388.629999996687,-42.01050000007013,0.0,0.0,0.0,0.0,0.0,0.0,0.0,0.0,0.0,999.0000000028448,999.0000000028448,1.0000000000002487,-459.9827522479551,gaze,0.5131370449359162,0.4858541887872754,2497.774667468177,3825.704352350583,570.4470386492031,-36.886859039786415,-16.351270260337483,-33.68913142679068,-0.1345854786179302,-0.231425497796758,1.003157444216671,5.46054780658583,6899.43914690785,-18.326223039801697,-24.644898515807945,0.0257775155984775,0.2106449464539246,0.9867209621030156,4.849809001562186,-37.34352242240352,-16.774997369770354,-33.611213837822106,-0.1046667185585057,-0.0620639789744309,0.9919442447133924,5.142823934555054,0.0,True,4.0,imu,-0.4041903928287726,-9.55713472266244,2.7506061718288155,0.1449833107385899,-0.5309139127198068,-5.503597552261121,99.70772229917614,-37.86130444945389,134.07094529993935,441.3155348897744,28.744663652173585,False,-0.5862233681929968,0.8101494692860436,852.5819082364012,-99.23867895738344,258.1604079247928,2037.24039449402,False,inf
63.089651,-1042207.4186986976,-2000.7014976930152,853.8842877743955,-98.21582294582072,300.4824228203559,468.592342397232,2037.9667166949712,-61684517.14495277,166.07924675948314,469.0179287289058,58949326882.20067,299.8656722985384,300.4824228203559,-61416553426475.766,144.75402106658845,-14.204534879048474,601.5646085573022,692.323585977396,-1095171.9488926374,-613.6774198521523,593.3915641910552,2037.9667166949712,-4112568371369.585,7175.548113762042,4212.6534605285815,312.605466307154,-30583911.472984537,23625313341560.453,3.0000000000052864,-0.8579830000004023,-306091607.1583173,-92.57735778616257,441.3337071660717,28.76277325634078,0.0,-8.58927845288489e-19,0.0,8.487017339951796e-18,-2712.142472922809,8.331705530643493,-2712.142472922809,0.0,-3343.4079407355607,0.0,0.0,2810.8199999959907,-14.617699999999672,0.0,0.0,0.0,0.0,0.0,0.0,0.0,0.0,0.0,0.0,0.0,3785.529999996157,-83.48819999985153,0.0,0.0,0.0,0.0,0.0,0.0,0.0,0.0,0.0,0.0,0.0,7388.629999996396,-42.010500000069214,0.0,0.0,0.0,0.0,0.0,0.0,0.0,0.0,0.0,999.0000000028084,999.0000000028084,1.0000000000002132,-460.13487818826127,gaze,0.5136405963905568,0.4863553718913569,2621.895536087042,4002.427676391763,542.5769903654842,-36.882783670497,-16.346696834787313,-33.688861019801905,-0.1347670848003257,-0.2318565343765603,1.0032943206693856,5.461883042562161,6912.438666628616,-18.319913246247715,-24.644387019181003,0.0255663484783536,0.2109729016187344,0.9867319889728648,4.849954827045775,-37.21767381056115,-16.901182895998556,-34.16890339163155,-0.0195201401989063,0.0717467043404214,0.9773772212353304,5.045954377496875,-1.7584496887258287,True,1.7216718211470523,imu,-0.4372496968000001,-9.594370912,2.7072395728,-0.69524516,0.13407437,-4.90204108,99.70751621786694,-37.86199112435036,134.070260664262,441.3337071660717,28.76277325634078,False,-0.5760640560710002,0.8174045530231816,852.7511652482708,-99.27272518386778,262.5378548770748,2037.9667166949716,False,inf
63.09813,-1049345.643183288,-2011.267209306455,856.2255567223146,-98.50990727927524,301.9942171518644,471.2332025918633,2048.871328135571,-62116257.4922657,167.03757092168183,471.6611599244063,59375091047.61972,301.3692764077811,301.9942171518644,-61862737446945.27,145.33362239243962,-14.283651782904409,603.6914223314487,695.792483209273,-1102668.6366540412,-616.9733703795465,595.4968352133676,2048.871328135571,-4142433939720.535,7211.45424020317,4235.838285384366,314.3178283523083,-30798107.724636525,23796879141763.83,3.000000000005372,-0.8579830000004591,-308251783.0212072,-93.07589099606903,441.6064825909307,29.034630342169976,0.0,-8.637097902037202e-19,0.0,8.534267465086909e-18,-2726.5313493800363,8.376572079997594,-2726.5313493800363,0.0,-3361.113612632744,0.0,0.0,2810.81999999602,-14.617699999999786,0.0,0.0,0.0,0.0,0.0,0.0,0.0,0.0,0.0,0.0,0.0,3785.529999996099,-83.4881999998538,0.0,0.0,0.0,0.0,0.0,0.0,0.0,0.0,0.0,0.0,0.0,7388.629999996512,-42.01050000007013,0.0,0.0,0.0,0.0,0.0,0.0,0.0,0.0,0.0,999.0000000028303,999.0000000028303,1.0000000000002345,-462.4186953459278,gaze,0.5212824040058035,0.4939657796871462,4825.896011347417,7128.274539608529,48.66886617607007,-36.82042718575564,-16.27721537733955,-33.6850897749014,-0.1375128248890566,-0.2383942092040196,1.0053758239488235,5.482136626475737,7088.403474973983,-18.221575048896256,-24.63583480662681,0.0224130144870139,0.2159985684930683,0.9868673085354742,4.852404761290298,-37.05125765103139,-16.849291589056094,-34.16742652048848,-0.0256364877091228,0.0694433789250045,0.9792915785581112,5.045179972527899,-13.739745518147098,True,1.5291116007083223,imu,-0.4360533912000001,-9.567454036,2.712622948,-0.93450628,0.1789358299999999,-5.02914855,99.70359537139896,-37.87236901878086,134.05971276736943,441.6064825909307,29.034630342169976,False,-0.4136638570515727,0.9104296861203592,855.3128333603509,-99.76208341086596,323.3719976903544,2048.871328135571,False,inf
63.106609,-1056522.9002492854,-2021.8766873357224,858.5763029047121,-98.80493790838524,303.51202869708186,473.8857514566046,2059.820830374576,-62550410.43935585,168.0002608916936,474.3160900827986,59803311736.05881,302.87868923575684,303.51202869708186,-62311510882391.47,145.91498206397762,-14.363112081447357,605.8234504646007,699.2751082135024,-1110206.2937117617,-620.2831275082194,597.6073215029251,2059.820830374576,-4172472763879.801,7247.502274301361,4259.124017678694,316.0375962406274,-31013502.03950399,23969440217515.47,3.000000000005344,-0.8579830000004307,-310424136.26152784,-93.57655040271638,441.8802805859159,29.307548656913923,0.0,-8.685128381937952e-19,0.0,8.581726108494828e-18,-2740.980723801717,8.421629980665799,-2740.980723801717,0.0,-3378.8935679698543,0.0,0.0,2810.819999995904,-14.61769999999956,0.0,0.0,0.0,0.0,0.0,0.0,0.0,0.0,0.0,0.0,0.0,3785.529999996012,-83.48819999984971,0.0,0.0,0.0,0.0,0.0,0.0,0.0,0.0,0.0,0.0,0.0,7388.629999996454,-42.01050000006899,0.0,0.0,0.0,0.0,0.0,0.0,0.0,0.0,0.0,999.0000000028084,999.0000000028084,1.0000000000002274,-464.7116895844714,gaze,0.5291101772618938,0.501769919381662,7686.381986854964,11164.726899150086,-590.7017916376641,-36.75558941510182,-16.205899222708396,-33.68186395511692,-0.1403061074176434,-0.2450842626033617,1.0075160623165127,5.502865671349854,7225.090067598592,-18.115948547603374,-24.625537445106065,0.0192790816019334,0.2212378956798205,0.9869458710885926,4.855359760688547,-37.02313739608324,-16.795180722219897,-34.09014043587016,-0.0318710287791981,0.0670913379058094,0.981242216015553,5.0445221907602535,-4.837664235082067,True,1.316663813211082,imu,-0.4432312248,-9.534555632000002,2.7449231992,-0.94198319,0.2237972899999998,-5.17868675,99.6980615016114,-37.88291870387593,134.04869795553384,441.8802805859159,29.307548656913923,False,-0.236019184355563,0.971748395736332,857.9180387422762,-100.207684247697,373.7159444224161,2059.820830374576,False,inf
63.109064,-1058608.3046614053,-2024.9567330847456,859.2587086841486,-98.8905377269084,303.9526199843351,474.6559549791099,2062.999536457204,-62676566.4244709,168.2798141790797,475.08698500852,59927758375.85429,303.3168096101388,303.9526199843351,-62441933241270.336,146.0836370657245,-14.386183187763406,606.4417297330306,700.2860320140961,-1112396.4105992778,-621.2440143443815,598.2193637800015,2062.999536457204,-4181202622393.634,7257.966132471818,4265.885026423398,316.53692180315016,-31076091.43994997,24019589774357.9,3.0000000000054285,-0.857983000000452,-311055397.6078102,-93.72190864749048,441.9597470185981,29.386767641781034,0.0,-8.699074567393052e-19,0.0,8.59550625484607e-18,-2745.175700295131,8.43471180284613,-2745.175700295131,0.0,-3384.0554566882024,0.0,0.0,2810.8199999959907,-14.617700000000127,0.0,0.0,0.0,0.0,0.0,0.0,0.0,0.0,0.0,0.0,0.0,3785.529999996157,-83.48819999985199,0.0,0.0,0.0,0.0,0.0,0.0,0.0,0.0,0.0,0.0,0.0,7388.629999996629,-42.01050000007035,0.0,0.0,0.0,0.0,0.0,0.0,0.0,0.0,0.0,999.000000002874,999.000000002874,1.0000000000002558,-465.3773177437212,gaze,0.5314116767530594,0.5040660504197685,8636.598559610276,12502.46901517429,-802.8378407215599,-36.736345995086005,-16.184904162302974,-33.68103621262809,-0.1411238172921367,-0.2470500406328076,1.0081468307559187,5.508957312463975,7256.455287240736,-18.08397619502093,-24.622213993039026,0.0183754170600384,0.2227952581755823,0.9869578649518248,4.856311197541106,-37.34352242240352,-16.774997369770354,-33.611213837822106,-0.1046667185585057,-0.0620639789744309,0.9919442447133924,5.142823934555054,0.0,True,4.0,imu,-0.4141346720383099,-9.553329949891571,2.76288804128712,0.0171203120106326,-0.516968944091894,-5.530512226903051,99.69614760601662,-37.886005518241866,134.04543887347586,441.9597470185981,29.386767641781034,False,-0.1825982395929506,0.9831876132750836,858.6792401898441,-100.32762689049866,386.0278238047802,2062.999536457204,False,inf
63.115087,-1063738.4962320598,-2032.5288061417905,860.9362764833895,-99.10088216087638,305.0356951661023,476.5497122565832,2070.814058910594,-62986934.44703484,168.9672170723066,476.9824422191795,60233948621.64698,304.39374787121915,305.0356951661023,-62762831599027.18,146.49803490160934,-14.442907431213325,607.9604463734985,702.7710881496444,-1117784.1913829937,-623.6063407871335,599.7227792974104,2070.814058910594,-4202682023028.6025,7283.688355780703,4282.508218712818,317.7645894335655,-31230073.81882289,24142980364250.883,3.000000000005344,-0.8579830000004307,-312608459.91659856,-94.07928332077353,442.15507130261904,29.58149870723492,0.0,-8.733364882641996e-19,0.0,8.629388319877265e-18,-2755.4890707029854,8.466874491118956,-2755.4890707029854,0.0,-3396.74592862005,0.0,0.0,2810.819999995816,-14.617699999999218,0.0,0.0,0.0,0.0,0.0,0.0,0.0,0.0,0.0,0.0,0.0,3785.529999996128,-83.48819999984926,0.0,0.0,0.0,0.0,0.0,0.0,0.0,0.0,0.0,0.0,0.0,7388.629999996454,-42.01050000007013,0.0,0.0,0.0,0.0,0.0,0.0,0.0,0.0,0.0,999.0000000028448,999.0000000028448,1.0000000000002132,-467.0136168507277,gaze,0.5371253334325375,0.5097693820834567,11192.462968127978,16095.335742861496,-1372.9933370388835,-36.68822821109658,-16.132730752495377,-33.67921506573475,-0.1431470900706457,-0.2519279913576331,1.009715625011383,5.524074783218065,7316.251578747398,-18.002845172849405,-24.61338249426072,0.016165681552184,0.2266936450135541,0.9869665717481186,4.858830361287881,-37.16495994503972,-16.738814193084238,-33.932984780859925,-0.0382242394140624,0.0646902958882999,0.9832293088265058,5.043984536183865,16.59982968583527,True,1.0846476361403667,imu,-0.4294737104000001,-9.5219944232,2.7377453656,-0.79244499,0.1415512799999998,-5.23102512,99.69084159573252,-37.89364030802569,134.0373406717258,442.15507130261904,29.58149870723492,False,-0.0492826941329653,0.9987848697587466,860.5575855290356,-100.6034140777056,411.4782374408566,2070.814058910594,False,inf
63.123566,-1070994.2934930727,-2043.226212260024,863.3060633319219,-99.39781214594495,306.5655938186943,479.2257516893426,2081.853742185178,-63425942.61358452,169.93868232062238,479.66088362792783,60667113937.79589,305.91482588803746,306.5655938186943,-63216817351332.805,147.082922151292,-14.52305774738156,610.1029199647702,706.2812881422104,-1125404.2853492957,-626.9438366065606,601.8437137041603,2081.853742185178,-4233069598500.74,7320.0214382406275,4305.996731094073,319.4992389872198,-31447879.18391212,24317544857003.28,3.0000000000054,-0.857983000000452,-314805320.8245716,-94.58421509999086,442.4309221935109,29.85654800633461,0.0,-8.781819476973959e-19,0.0,8.677266028323367e-18,-2770.0600024401024,8.512316892470952,-2770.0600024401024,0.0,-3414.67513850056,0.0,0.0,2810.8199999958742,-14.617699999999786,0.0,0.0,0.0,0.0,0.0,0.0,0.0,0.0,0.0,0.0,0.0,3785.5299999960407,-83.4881999998488,0.0,0.0,0.0,0.0,0.0,0.0,0.0,0.0,0.0,0.0,0.0,7388.629999996512,-42.010500000070806,0.0,0.0,0.0,0.0,0.0,0.0,0.0,0.0,0.0,999.0000000028596,999.0000000028596,1.0000000000002205,-469.3250482430991,gaze,0.5453321537106781,0.5179686192957438,15295.59586865214,21851.25983889677,-2287.310669729904,-36.618276905032445,-16.057666141023436,-33.677174286999026,-0.146036941844052,-0.2589291389871859,1.011975889706172,5.54577616040254,7355.242728634744,-17.88203279877842,-24.59925036473325,0.0130728530751478,0.2323705490383719,0.9869283000414693,4.862828461667282,-37.44316452128847,-16.680135363797596,-33.69280859228503,-0.0446988574284675,0.0622391115036485,0.9852537400676824,5.043570366839482,38.69217535702274,True,0.8347497159521247,imu,-0.4240903352000001,-9.5219944232,2.757484408000001,-0.7401066199999999,0.0667821799999996,-5.37308641,99.68185833694416,-37.90453777358195,134.02577073774034,442.4309221935109,29.85654800633461,False,0.1400047265760978,0.9901508352449904,863.2220982082722,-100.9450544857258,434.959576987354,2081.853742185178,False,inf
63.129157,-1075800.3287069702,-2050.3041710090674,864.8739170663539,-99.59412727491576,307.57771963736553,480.9967707356225,2089.158013783379,-63716757.78088951,170.581672286158,481.4334922050716,60954101223.25327,306.9210187537604,307.57771963736553,-63517607221157.4,147.469561005467,-14.576097961722006,611.5185156478747,708.6034664689441,-1130451.6075189523,-629.1521811929482,603.2451075241925,2089.158013783379,-4253202956837.299,7344.057543352969,4321.540631631147,320.64714520144025,-31592162.091142744,24433202959426.85,3.000000000005457,-0.8579830000004449,-316260660.8753896,-94.91833788151727,442.6133801547549,30.03849896202246,0.0,-8.813886685409338e-19,0.0,8.708951454176868e-18,-2779.701382345625,8.542386977368826,-2779.701382345625,0.0,-3426.538555586408,0.0,0.0,2810.819999995904,-14.617699999999331,0.0,0.0,0.0,0.0,0.0,0.0,0.0,0.0,0.0,0.0,0.0,3785.52999999607,-83.48819999985017,0.0,0.0,0.0,0.0,0.0,0.0,0.0,0.0,0.0,0.0,0.0,7388.629999996512,-42.010500000070806,0.0,0.0,0.0,0.0,0.0,0.0,0.0,0.0,0.0,999.0000000029248,999.0000000029248,1.0000000000002416,-470.8542568304252,gaze,0.550849194671218,0.5234851835779303,18283.546622832244,26035.96268823322,-2952.552632236808,-36.570713806610826,-16.007123312739502,-33.676177181047414,-0.1479692899044626,-0.2636323788637641,1.0134997835882122,5.56035739392428,7348.974748976243,-17.79805832050096,-24.58879289873582,0.0110452957741154,0.2362361958129304,0.9868702518573808,4.865758591259598,-37.34352242240352,-16.774997369770354,-33.611213837822106,-0.1046667185585057,-0.0620639789744309,0.9919442447133924,5.142823934555054,50.34806258158914,False,-1.0,imu,-0.4246717856681558,-9.549252201189772,2.7761534684549587,-0.1003451238494269,-0.4781282999937544,-5.540074861346734,99.67493310200555,-37.91181971153711,134.01809452159694,442.6133801547549,30.03849896202246,False,0.2629009441883614,0.9648228301324904,864.98734748151,-101.1394888963227,442.0028633951762,2089.158013783379,False,inf
63.132044,-1078288.7411363355,-2053.966516315776,865.6851336723084,-99.69566012258748,308.1013816388115,481.9132768716803,2092.937411523147,-63867341.53388405,170.91444226838246,482.3508208920409,61102716183.86974,307.4415806894074,308.1013816388115,-63673372371199.92,147.66950955663745,-14.60354521750557,612.2503716481315,709.8049206946793,-1133064.946656796,-630.294870235218,603.9696304962207,2092.937411523147,-4263629079458.5938,7356.4933694228275,4329.584341231018,321.24115943372834,-31666871.80375363,24493096867982.6,3.000000000005514,-0.8579830000004662,-317014252.4792294,-95.0912334044052,442.7077708233919,30.13263456789809,0.0,-8.830481430615835e-19,0.0,8.725348627314657e-18,-2784.6902721998363,8.557947074808078,-2784.6902721998363,0.0,-3432.677201431017,0.0,0.0,2810.8199999959324,-14.617699999999786,0.0,0.0,0.0,0.0,0.0,0.0,0.0,0.0,0.0,0.0,0.0,3785.529999996128,-83.48819999985153,0.0,0.0,0.0,0.0,0.0,0.0,0.0,0.0,0.0,0.0,0.0,7388.629999996512,-42.01050000007149,0.0,0.0,0.0,0.0,0.0,0.0,0.0,0.0,0.0,999.0000000029175,999.0000000029175,1.0000000000002416,-471.6454666642044,gaze,0.5537311090841324,0.5263682793561126,19899.6379633462,28297.40160122691,-3312.197106360952,-36.545700685893856,-15.98069632499548,-33.67577448444223,-0.1489754830208826,-0.2660881989010838,1.014297188567949,5.567971937370757,7334.94778864371,-17.753331385179393,-24.583024916498843,0.0100021063684752,0.2382707413133404,0.9868299402167612,4.8673643019113255,-37.73896341413723,-16.619114280383993,-33.367760071305085,-0.0512946012026164,0.0597377845843419,0.9873154490477054,5.043283302323548,52.48614083976153,False,0.57023141565506,imu,-0.4354552384000001,-9.5303685624,2.763465936,-0.5980453299999999,-0.1650020300000001,-5.6646859,99.67103657262588,-37.9156099528964,134.01413301505409,442.7077708233919,30.13263456789809,False,0.324986192897393,0.9457187607455286,865.9001800832203,-101.23018416643754,442.9121031908616,2092.937411523147,False,inf
63.140523,-1085623.7209963908,-2064.7523861810528,868.0740780026863,-99.99449865653172,309.6434388152769,484.61296022406,2104.067817231096,-64311245.512535095,171.89474191486798,485.0529270338463,61540868825.82056,308.9743886652748,309.6434388152769,-64132615713161.63,148.25793920644938,-14.68438992454002,614.4033137793938,713.3428576118058,-1140768.1514251984,-633.660274796025,606.1010372331299,2104.067817231096,-4294368434217.736,7393.113171977169,4353.276941101216,322.99078544919524,-31887108.398780525,24669682171892.023,3.0000000000055707,-0.857983000000452,-319235827.8133384,-95.60046462298968,442.9856851382101,30.40982641875985,0.0,-8.879362919763414e-19,0.0,8.773648148080742e-18,-2799.383521887626,8.603776412771145,-2799.383521887626,0.0,-3450.7565976058145,0.0,0.0,2810.819999995904,-14.617700000000012,0.0,0.0,0.0,0.0,0.0,0.0,0.0,0.0,0.0,0.0,0.0,3785.529999996099,-83.48819999984926,0.0,0.0,0.0,0.0,0.0,0.0,0.0,0.0,0.0,0.0,0.0,7388.629999996396,-42.01050000007126,0.0,0.0,0.0,0.0,0.0,0.0,0.0,0.0,0.0,999.0000000029322,999.0000000029322,1.0000000000002416,-473.9754476892272,gaze,0.5623266049091314,0.5349729449576459,24857.77697217519,35228.19673538146,-4414.959239238475,-36.47043057013179,-15.90177616401881,-33.6750483052388,-0.1519639120544699,-0.2734090212658586,1.0166809413335136,5.590674664352095,7247.800937354278,-17.616498853737944,-24.564580033915234,0.0069535054411118,0.2443991146197127,0.9866703344801744,4.872450242409585,-37.8312979903597,-16.555692282455432,-32.95729461709112,-0.0580142792329956,0.057185143126446,0.989415341609466,5.043126835110948,55.68978405870222,False,0.295555838577742,imu,-0.4557924336,-9.5399390072,2.7718400752,-0.5980453299999999,-0.2248173100000002,-5.761885729999999,99.65829478000512,-37.92686089098841,134.0025767955269,442.9856851382101,30.40982641875985,False,0.498907467494759,0.8666552595340123,868.581308119266,-101.45864571500452,434.6348505658462,2104.067817231096,False,inf
63.149002,-1092998.5365019068,-2075.582692083084,870.4726455977543,-100.29429497810315,311.1916024825134,487.3245239499341,2115.243790533492,-64757612.8354969,172.8794812743592,487.7669240058128,61981531367.34672,310.5130863284457,311.1916024825134,-64594505065275.766,148.8481457307453,-14.76558349320774,616.5614991239258,716.8947247361608,-1148513.1679187238,-637.0396985367366,608.2376895055241,2115.243790533492,-4325284830032.427,7429.876972005107,4377.072082780782,324.7479358119931,-32108568.2835252,24847284495651.03,3.0000000000055422,-0.8579830000004804,-321469838.9920262,-96.1118558742592,443.2646351841431,30.68809395882863,0.0,-8.92845891539179e-19,0.0,8.822159621470726e-18,-2814.138220402674,8.6498001471777,-2814.138220402674,0.0,-3468.9114419933726,0.0,0.0,2810.819999995845,-14.617699999999786,0.0,0.0,0.0,0.0,0.0,0.0,0.0,0.0,0.0,0.0,0.0,3785.529999996012,-83.48819999984607,0.0,0.0,0.0,0.0,0.0,0.0,0.0,0.0,0.0,0.0,0.0,7388.629999996454,-42.01050000007217,0.0,0.0,0.0,0.0,0.0,0.0,0.0,0.0,0.0,999.0000000029175,999.0000000029175,1.0000000000002416,-476.31474640381833,gaze,0.571120103079166,0.5437842571786426,29961.9808986993,42352.91739195891,-5549.32553139461,-36.392422548436926,-15.820887427863555,-33.67502952578473,-0.1550023937630761,-0.2808929487914484,1.019127756757297,5.6138891275149705,7085.773200251831,-17.47133500788223,-24.54379238345314,0.0039282099287632,0.2507585153754397,0.9864483464963372,4.878097177463936,-37.40656498994746,-16.489831692896413,-32.46265425808375,-0.0648583801585442,0.0545808936931982,0.991553598900312,5.043104605066717,52.53492519276468,False,0.0164502731603492,imu,-0.4522035168,-9.519601812,2.7861957424,-0.47093786,-0.2771556799999999,-5.73197809,99.64355344551068,-37.93829073550828,133.99126561514322,443.2646351841431,30.68809395882863,False,0.655215632841442,0.755441906754046,871.2540422058036,-101.63236386307474,410.0195662206243,2115.243790533492,False,inf
63.149138,-1093117.1512789489,-2075.75676897562,870.5111963035852,-100.29911141649676,311.2164843074864,487.3681134393435,2115.423421030574,-64764792.52944756,172.89531238489582,487.8105526089688,61988619940.99296,310.53781454643405,311.2164843074864,-64601935221698.75,148.85762692256492,-14.766888656492046,616.5961583680505,716.9518090935769,-1148637.7367270603,-637.0940177027421,608.2720033876851,2115.423421030574,-4325782164287.76,7430.467825313231,4377.454585342322,324.776181291237,-32112130.41329512,24850141481872.29,3.0000000000055422,-0.857983000000452,-321505773.3168526,-96.12007603752784,443.2691178929963,30.692566047573337,0.0,-8.929248148588692e-19,0.0,8.822939458293207e-18,-2814.375382027942,8.650539938108913,-2814.375382027942,0.0,-3469.203255000119,0.0,0.0,2810.819999995816,-14.617699999999786,0.0,0.0,0.0,0.0,0.0,0.0,0.0,0.0,0.0,0.0,0.0,3785.529999996012,-83.48819999984698,0.0,0.0,0.0,0.0,0.0,0.0,0.0,0.0,0.0,0.0,0.0,7388.629999996454,-42.01050000007172,0.0,0.0,0.0,0.0,0.0,0.0,0.0,0.0,0.0,999.0000000029248,999.0000000029248,1.0000000000002345,-476.352343962954,gaze,0.5712627743617481,0.5439272856149139,30043.635342569585,42466.81338552197,-5567.465479968145,-36.391148729884335,-15.819573812059142,-33.675035175078776,-0.1550515405269381,-0.2810143292458875,1.019167521468264,5.614265689339528,7082.518248453252,-17.46893755665048,-24.543439170481403,0.0038798796104165,0.2508624197488142,0.9864442712668248,4.878192386281788,-37.48491556070188,-16.51417886338978,-33.70415357174936,-0.1232574723133289,-0.0321652912803058,0.991853310503011,5.159318447113037,50.34806258158914,False,-1.0,imu,-0.4356963178287612,-9.544939893051303,2.790282545100792,-0.1723513045060614,-0.4115071605348593,-5.529839204089486,99.64330025796016,-37.93847553170904,133.99108711521848,443.2691178929963,30.692566047573337,False,0.6575454217915429,0.7534149044722848,871.2967841026585,-101.63472393888004,409.49362695752194,2115.4234210305744,False,inf
63.15748,-1100412.4727267146,-2086.4562835541296,872.8805812524733,-100.59501586952432,312.7457069291333,490.0476847305002,2126.46414142417,-65206400.65493965,173.86855829949616,490.492528233289,62424662158.8269,312.0575074418281,312.7457069291333,-65058996900113.086,149.44006292583668,-14.847117385915489,618.724677964896,720.4601414174892,-1156299.245135734,-640.4327831767459,610.379340421878,2126.46414142417,-4356375352828.56,7466.780828489142,4400.967270667021,326.5124258003777,-32331230.20950564,25025887098984.8,3.0000000000056275,-0.8579830000004733,-323716072.4591594,-96.62535327192975,443.54459052277525,30.967407085385275,0.0,-8.977764288791021e-19,0.0,8.870877979835511e-18,-2828.95280805078,8.696013428416427,-2828.95280805078,0.0,-3487.139814452194,0.0,0.0,2810.819999995816,-14.6176999999999,0.0,0.0,0.0,0.0,0.0,0.0,0.0,0.0,0.0,0.0,0.0,3785.5299999960407,-83.48819999984698,0.0,0.0,0.0,0.0,0.0,0.0,0.0,0.0,0.0,0.0,0.0,7388.629999996396,-42.01050000007263,0.0,0.0,0.0,0.0,0.0,0.0,0.0,0.0,0.0,999.000000002954,999.000000002954,1.0000000000002487,-478.66311355555655,gaze,0.5801129890227217,0.5528037781475038,34937.67041948659,49288.2961153592,-6654.268221337997,-36.31163335484527,-15.738012604205416,-33.6757521848742,-0.1580910725997108,-0.2885412635041339,1.0216382205728305,5.637619931719154,6840.392557726626,-17.31764039127537,-24.520536890538224,0.0009273761471462,0.2573517089415678,0.9861628596573992,4.884315842993006,-36.1054563762443,-16.421495517109413,-31.887032720929305,-0.0718273406923208,0.0519247636836282,0.9937303865682872,5.0432202267757615,48.84292690738293,False,-0.2603369924725575,imu,-0.4641665728000001,-9.5052461448,2.790382812,-0.35878421,-0.4640784300000003,-5.739455,99.62673228079952,-37.94989955980151,133.980373233144,443.54459052277525,30.967407085385275,False,0.7878855892438411,0.6158216448468545,873.9074074692121,-101.755462731995,369.5971743050807,2126.46414142417,False,inf
63.161669,-1104090.526485755,-2091.8454404819845,874.0739191719185,-100.74395779531665,313.5158592811177,491.3976153072133,2132.025051554844,-65429063.76416206,174.35891207813472,491.8436700041011,62644547658.83861,312.82279409060914,313.5158592811177,-65289487611525.945,149.73318886189537,-14.887532962041972,619.7954485815716,722.2269905395981,-1160161.9092530552,-642.1145168463103,611.4394750903994,2132.025051554844,-4371803104815.3,7485.06853601559,4412.812003720798,327.3870573691567,-32441702.873577014,25114513352347.07,3.0000000000055707,-0.8579830000004733,-324830566.26958585,-96.87987528829578,443.68330112935655,31.105815296818264,0.0,-9.002205824428011e-19,0.0,8.895028521854137e-18,-2836.2955371618973,8.718919673956462,-2836.2955371618973,0.0,-3496.1744981174725,0.0,0.0,2810.819999995787,-14.61769999999956,0.0,0.0,0.0,0.0,0.0,0.0,0.0,0.0,0.0,0.0,0.0,3785.5299999959534,-83.48819999984698,0.0,0.0,0.0,0.0,0.0,0.0,0.0,0.0,0.0,0.0,0.0,7388.629999996338,-42.01050000007126,0.0,0.0,0.0,0.0,0.0,0.0,0.0,0.0,0.0,999.0000000029612,999.0000000029612,1.0000000000002274,-479.826905030076,gaze,0.5846311304550167,0.5573383923507309,37245.418846929366,52501.08725221816,-7166.409947188963,-36.27066890586136,-15.69631890988844,-33.67639355827328,-0.1596360139736929,-0.292381992236958,1.0229025192420202,5.649539266642414,6685.636177365007,-17.238476737156613,-24.50809448828047,-0.0005461972341073,0.2606970896124486,0.985997996310765,4.887603328508394,-35.0294150042028,-16.386799855514806,-31.57423200448544,-0.07531749431522,0.0505929194989104,0.9948203880976648,5.043329361416994,47.89055582255241,False,-0.393957815296664,imu,-0.4428940666973291,-9.542101191023416,2.799633766761373,-0.1746788390500803,-0.3539182066044566,-5.512274412418611,101.0389836,-38.59309320000002,132.2100944,443.68330112935655,31.105815296818264,False,0.843073825634952,0.5377978472709298,875.2083646923859,-101.79943984684176,344.1221921286032,2132.025051554844,False,inf
63.165959,-1107867.4410051554,-2097.375860711324,875.2984824542145,-100.89673458543211,314.3061367695525,492.78312363944497,2137.731653249958,-65657725.10329628,174.86222122938747,493.23042139942817,62870376534.34682,313.60803264846,314.3061367695525,-65526212242778.51,150.03383415140422,-14.929011939242807,620.8933663419369,724.0399895534911,-1164128.3901575448,-643.8403720141865,612.5265012305932,2137.731653249958,-4387648102764.975,7503.833868404056,4424.968471379676,328.2846955629973,-32555151.80494909,25205536513974.875,3.000000000005599,-0.8579830000004591,-325975110.3829212,-97.14108477595556,443.825619844898,31.24783460088406,0.0,-9.027291372462197e-19,0.0,8.91981540884907e-18,-2843.8309714024463,8.742427772511686,-2843.8309714024463,0.0,-3505.446250010479,0.0,0.0,2810.8199999957287,-14.61769999999956,0.0,0.0,0.0,0.0,0.0,0.0,0.0,0.0,0.0,0.0,0.0,3785.529999995984,-83.48819999984516,0.0,0.0,0.0,0.0,0.0,0.0,0.0,0.0,0.0,0.0,0.0,7388.629999996396,-42.01050000007217,0.0,0.0,0.0,0.0,0.0,0.0,0.0,0.0,0.0,999.0000000029396,999.0000000029396,1.0000000000002205,-481.0211314852562,gaze,0.5893098590358414,0.5620362923937371,39438.658216109856,55551.50148704851,-7652.882754522446,-36.22799042340009,-15.653104527295843,-33.67725121894683,-0.1612311921770042,-0.2963579797733294,1.0242138173294029,5.661880169632142,6502.604783920094,-17.15515745833752,-24.49467724126651,-0.0020488923765413,0.2641838353770101,0.9858126429193848,4.891119315197362,-33.57593942014795,-16.350621965259847,-31.2355630514352,-0.0789240776852921,0.0492155340443267,0.9959466454015669,5.043477401858884,47.665308623300064,False,-0.5272885990096369,imu,-0.4683536424000001,-9.4705532824,2.79636434,-0.127,-0.4790322499999999,-5.64225517,99.6077431929968,-37.96169156576619,133.97008013803983,443.825619844898,31.24783460088406,False,0.8916992262554696,0.4526284236494617,876.5322570236056,-101.83418288369928,314.5244551083779,2137.731653249958,False,inf
63.16923,-1110754.162850361,-2101.6003569269096,876.2338465140128,-101.01338835808248,314.9097598342494,493.8415965393217,2142.0906780599053,-65832501.642715454,175.24675103527426,494.28984391411575,63043001683.45182,314.20777552535304,314.9097598342494,-65707168831680.24,150.263374951303,-14.96069901784961,621.7314014218305,725.4247653088495,-1167159.9947939976,-645.1587194756909,613.3562323131525,2142.0906780599053,-4399760293766.956,7518.16687025735,4434.255229260231,328.97042492081664,-32641866.318186432,25275116194241.312,3.0000000000055422,-0.8579830000004591,-326849957.5557893,-97.3406244091516,443.93431321755634,31.356306687959204,0.0,-9.04645562499884e-19,0.0,8.938751497520159e-18,-2849.587187555412,8.760385762450486,-2849.587187555412,0.0,-3512.528787700481,0.0,0.0,2810.819999995787,-14.617699999999786,0.0,0.0,0.0,0.0,0.0,0.0,0.0,0.0,0.0,0.0,0.0,3785.529999996012,-83.48819999984426,0.0,0.0,0.0,0.0,0.0,0.0,0.0,0.0,0.0,0.0,0.0,7388.629999996396,-42.01050000007217,0.0,0.0,0.0,0.0,0.0,0.0,0.0,0.0,0.0,999.0000000029612,999.0000000029612,1.000000000000263,-481.93331148092136,gaze,0.5929125703105562,0.5656552008129784,40959.8479989428,57664.93956169855,-7990.094401506571,-36.19495115927453,-15.619802159499695,-33.67804452511984,-0.1624563405109743,-0.2994187342188451,1.025224945175983,5.671381584201019,6345.597210700424,-17.090083306949474,-24.483977461372472,-0.0031902320115077,0.2668839398183432,0.9856599940206066,4.893902554950148,-32.20689671525349,-16.322594685993053,-30.96552779257868,-0.0816960416770791,0.0481561393723481,0.9968122001886754,5.043615237816601,50.34806258158914,False,-1.0,imu,-0.4473445656699912,-9.5403373419457,2.805462727284924,-0.1531225788139619,-0.3128114004745613,-5.497193929307039,99.5998204588181,-37.96628956027029,133.9663106978802,443.93431321755634,31.356306687959204,False,0.9230865724850912,0.3845922252174718,877.5353038833696,-101.85435073283352,289.7245390337106,2142.0906780599053,False,inf
63.174437,-1115361.8456474566,-2108.338983111368,877.7258083754932,-101.1993822738898,315.8725419604407,495.53023419354577,2149.0438049232416,-66111490.01155281,175.86025062359766,495.979996475213,63318580186.73334,315.1643125481341,315.8725419604407,-65996052368311.88,150.62932307811786,-15.011248940596971,623.0670584374766,727.6334656122881,-1171998.9270118868,-647.261704209664,614.678671480352,2149.0438049232416,-4419096471156.48,7541.027773722129,4449.070353867144,330.0643510053367,-32780285.366459712,25386194776286.37,3.000000000005656,-0.8579830000004591,-328246472.317075,-97.65893557383974,444.10765951385474,31.52931327450005,0.0,-9.077029186642846e-19,0.0,8.96896105947066e-18,-2858.769393147855,8.789032846669176,-2858.769393147855,0.0,-3523.8266659190567,0.0,0.0,2810.819999995787,-14.617699999999786,0.0,0.0,0.0,0.0,0.0,0.0,0.0,0.0,0.0,0.0,0.0,3785.5299999960407,-83.48819999984698,0.0,0.0,0.0,0.0,0.0,0.0,0.0,0.0,0.0,0.0,0.0,7388.629999996279,-42.010500000073534,0.0,0.0,0.0,0.0,0.0,0.0,0.0,0.0,0.0,999.0000000030196,999.0000000030196,1.00000000000027,-483.38827239410784,gaze,0.5987110352771274,0.5714822971939544,43036.3247544901,60545.0883670544,-8449.988014352299,-36.14145943152931,-15.566155401963544,-33.679561639027135,-0.1644225299780855,-0.3043434799298052,1.0268548384549554,5.686671672625549,6062.991242513946,-16.98370004852775,-24.466085831145392,-0.0049990745689856,0.2712568953864824,0.9853966056090174,4.898517703725825,-29.528493249703065,-16.277181620574922,-30.516050150037643,-0.0861481966200334,0.0464532479264395,0.9982022824550568,5.043879781777072,49.00197389924704,False,-0.7760447590011124,imu,-0.4773259344000001,-9.4711514352,2.804140326400001,0.0225382,-0.5463244400000002,-5.5151477,99.58650479968496,-37.97366544521355,133.96058258296358,444.10765951385474,31.52931327450005,False,0.9623658093448028,0.2717573347752047,879.1194988451574,-101.87660887907252,246.60295629704703,2149.0438049232416,False,inf
63.182916,-1122897.6178483504,-2119.348372528107,880.163161198052,-101.5030326515357,317.44531008792427,498.2897032811903,2160.403401979273,-66567812.74298668,176.86289689882753,498.7419409636052,63769389708.4109,316.7267306385626,317.44531008792427,-66468639629231.336,151.2266739172914,-15.093848896947854,625.2462727535947,731.2414582685362,-1179912.8836245066,-650.6976298955713,616.8363648857123,2160.403401979273,-4450728646973.601,7578.371741466954,4473.278934901719,331.851835952748,-33006689.133556426,25567908928182.914,3.0000000000056275,-0.8579830000004378,-330530746.6492264,-98.17903468095092,444.39077872011694,31.81191242920795,0.0,-9.126990168869831e-19,0.0,9.018327221159489e-18,-2873.771789861614,8.835840261897378,-2873.771789861614,0.0,-3542.2856340405297,0.0,0.0,2810.8199999957287,-14.617699999999218,0.0,0.0,0.0,0.0,0.0,0.0,0.0,0.0,0.0,0.0,0.0,3785.529999995808,-83.48819999984335,0.0,0.0,0.0,0.0,0.0,0.0,0.0,0.0,0.0,0.0,0.0,7388.629999996279,-42.01050000007217,0.0,0.0,0.0,0.0,0.0,0.0,0.0,0.0,0.0,999.0000000029976,999.0000000029976,1.0000000000002416,-485.76512316695903,gaze,0.6083212445073424,0.5811467150487175,45216.74078727347,63553.01172989428,-8931.490145237627,-36.05196535015939,-15.477116676174514,-33.68271996855867,-0.1676663603783805,-0.3125018906743964,1.0295628128681806,5.712007904861599,5511.43243246388,-16.80299993733041,-24.43461926730728,-0.0079230394634547,0.2785761985656564,0.9849134663119063,4.906524577656698,-23.78735919783061,-16.201110541955625,-29.738596009129573,-0.0935026881541856,0.0436366541706125,1.0004982623506982,5.044431212677448,51.17330143207624,False,-0.9978023408054152,imu,-0.4874945320000001,-9.4532068512,2.8011495624,0.17955331,-0.6435242699999999,-5.40299405,99.56292444925084,-37.98582550656936,133.95208320953293,444.39077872011694,31.81191242920795,False,0.9968094245103094,0.0798183638483394,881.6629403478777,-101.8924829073424,168.18014986748017,2160.403401979273,False,inf
63.18921,-1128517.732991516,-2127.5498568263583,881.9787359434413,-101.7290604240054,318.6167890870186,500.34587534597006,2168.865583254302,-66908168.81002617,177.6100842298934,500.7999573966741,64105685111.74101,317.8903811796008,318.6167890870186,-66821190841803.94,151.67125102467,-15.155392322639642,626.8673221620764,733.9288255211344,-1185815.029968533,-653.2573351421236,618.441441643099,2168.865583254302,-4474326279554.57,7606.186795792672,4491.316433321566,333.18363589304613,-33175556.979436576,25703467847805.547,3.0000000000055707,-0.8579830000004307,-332234582.1255685,-98.566525132347,444.6016175793193,32.022391929809146,0.0,-9.16421737718296e-19,0.0,9.055111213440386e-18,-2884.9484837539508,8.870713281521416,-2884.9484837539508,0.0,-3556.037346677417,0.0,0.0,2810.8199999956123,-14.617699999999331,0.0,0.0,0.0,0.0,0.0,0.0,0.0,0.0,0.0,0.0,0.0,3785.529999995837,-83.48819999984153,0.0,0.0,0.0,0.0,0.0,0.0,0.0,0.0,0.0,0.0,0.0,7388.629999996105,-42.01050000007217,0.0,0.0,0.0,0.0,0.0,0.0,0.0,0.0,0.0,999.0000000029612,999.0000000029612,1.0000000000002132,-487.5355858798556,gaze,0.6155909030659511,0.5884627859206772,45562.34064403711,64005.286657689336,-9005.706474350498,-35.9835912701292,-15.409661424955102,-33.68563418326541,-0.1701082838973658,-0.3186704626714217,1.0316165909180048,5.731170024647691,5023.433801241894,-16.662764806137986,-24.409321909719573,-0.0100758389475494,0.2841702239410739,0.9845107618931124,4.91286810775989,-18.419381135594023,-16.142919126574867,-29.13171706297377,-0.0990464853963919,0.0415106175812562,1.0022287533173722,5.04493914156779,50.34806258158914,False,-1.0,imu,-0.4595005809382111,-9.53548802445081,2.821555532679598,0.0174648879991734,-0.1793987704460372,-5.439875353125295,99.54385493457713,-37.99497234800055,133.9465476668645,444.6016175793193,32.022391929809146,False,0.9978491551953564,-0.0655519906327294,883.5194974773952,-101.89356846480536,104.85598719532472,2168.865583254302,False,inf
63.191394,-1130473.1437368514,-2130.4015678700034,882.6099956265207,-101.80761641827256,319.0240882683214,501.0609189159784,2171.8079021422845,-67026596.00638199,177.86993856142576,501.5156423275585,64222709652.084496,318.29493477145155,319.0240882683214,-66943874099275.95,151.8257495042946,-15.176793433842072,627.4305009721627,734.8631575094615,-1187868.564939148,-654.1473817191776,618.9990784955071,2171.8079021422845,-4482537941150.767,7615.857386613922,4497.588835909147,333.6467528209953,-33234314.84561273,25750640543580.52,3.0000000000057128,-0.8579830000004804,-332827447.27231383,-98.70126628302788,444.6749133421072,32.095568331602635,0.0,-9.177163240057778e-19,0.0,9.067902946734424e-18,-2888.834815721884,8.882839595246201,-2888.834815721884,0.0,-3560.819036614313,0.0,0.0,2810.8199999957287,-14.617700000000012,0.0,0.0,0.0,0.0,0.0,0.0,0.0,0.0,0.0,0.0,0.0,3785.529999995895,-83.48819999984244,0.0,0.0,0.0,0.0,0.0,0.0,0.0,0.0,0.0,0.0,0.0,7388.629999996338,-42.010500000073534,0.0,0.0,0.0,0.0,0.0,0.0,0.0,0.0,0.0,999.0000000030122,999.0000000030122,1.0000000000002487,-488.1511516780844,gaze,0.6181407456344435,0.5910299788302132,45370.66822991853,63726.74359813552,-8962.167448355498,-35.959474123643695,-15.385981102574789,-33.68676204746389,-0.1709624429625141,-0.3208335466286155,1.032338014385252,5.73789056558604,4837.515809662451,-16.612868730473224,-24.400145397697045,-0.0108192627794833,0.2861436872192562,0.9843621460705488,4.915149978137844,-16.348243188939918,-16.122379587055804,-28.916508655260067,-0.1009871106127748,0.040765814173436,1.0028344785848315,5.045135353791406,52.25969918713324,False,-1.1832367675565325,imu,-0.4862982264000001,-9.465169907200002,2.8137107712,0.57582954,-0.6435242699999999,-5.24597894,99.53691829402786,-37.99817037532418,133.9448001259027,444.6749133421072,32.095568331602635,False,0.993257356635008,-0.1159302526971988,884.1571702940075,-101.89281940112517,82.1356627148267,2171.807902142285,False,inf
63.199873,-1138090.3745244318,-2141.5013126964946,885.0669185651968,-102.11320775494164,320.609267076643,503.84457383797576,2183.260133266152,-67487958.40571785,178.8816282199558,504.3017939268513,64678657878.93685,319.8693113147164,320.609267076643,-67421879469428.266,152.42669490560252,-15.260103229693035,629.6202640629809,738.4994588256113,-1195868.019889997,-657.6118166880531,621.167328496003,2183.260133266152,-4514532632209.319,7653.49397663737,4522.0061241294325,335.4495491349726,-33463221.358356148,25934437179170.727,3.000000000005599,-0.857983000000452,-335137168.84376174,-99.22576045737576,444.96013307252,32.38035082794636,0.0,-9.227560943449993e-19,0.0,9.117700630102616e-18,-2903.962217490616,8.930042553295218,-2903.962217490616,0.0,-3579.431482561855,0.0,0.0,2810.8199999956123,-14.617699999999331,0.0,0.0,0.0,0.0,0.0,0.0,0.0,0.0,0.0,0.0,0.0,3785.529999995808,-83.48819999984062,0.0,0.0,0.0,0.0,0.0,0.0,0.0,0.0,0.0,0.0,0.0,7388.629999995988,-42.01050000007217,0.0,0.0,0.0,0.0,0.0,0.0,0.0,0.0,0.0,999.000000003005,999.000000003005,1.0000000000002205,-490.5469493834486,gaze,0.6281743984606404,0.601137151783972,42788.39346336342,60078.07686403424,-8384.524197781118,-35.863908198660155,-15.29269871351798,-33.691726036207655,-0.1743120834016469,-0.3293426891527282,1.0351820172387185,5.764333498490214,4029.99706324856,-16.41302722327544,-24.36251351988865,-0.0136875852181362,0.293964844292195,0.983741311848278,4.924407979904947,-7.42669248812993,-16.040922610465252,-28.0658115320137,-0.1086045297324874,0.0378394440696562,1.005211920048804,5.045996199955625,51.47495672408928,False,-1.3228579232722473,imu,-0.4988594352000001,-9.4831144912,2.8184959936,0.91229049,-0.5911859000000002,-5.02914855,99.50838897679934,-38.010704468009024,133.9389592352804,444.96013307252,32.38035082794636,False,0.9513787272445466,-0.3080235662194476,886.6002070124291,-101.88952150685274,8.29405031122237,2183.260133266152,False,inf
63.208352,-1145748.5836267062,-2152.646442261249,887.5336717288192,-102.41977312446056,322.2006788287528,506.6403809724207,2194.758890652714,-67951856.37928963,179.89786243515815,507.1001084275396,65137192023.15544,321.44969209891576,322.2006788287528,-67902611459424.21,153.02944331142805,-15.343769635704888,631.8153103939281,742.1499770612018,-1203910.485235884,-661.0905720208234,623.3408660860407,2194.758890652714,-4546709755694.049,7691.277523933429,4546.528271455188,337.26003777894687,-33693387.068987176,26119281805260.81,3.0000000000057128,-0.8579830000004591,-337459694.21880686,-99.75246263044085,445.24640712728433,32.666229460336126,0.0,-9.278178082651517e-19,0.0,9.167715136735772e-18,-2919.152415872068,8.97744422458087,-2919.152415872068,0.0,-3598.1210276611955,0.0,0.0,2810.8199999956414,-14.617699999999331,0.0,0.0,0.0,0.0,0.0,0.0,0.0,0.0,0.0,0.0,0.0,3785.5299999957206,-83.48819999984062,0.0,0.0,0.0,0.0,0.0,0.0,0.0,0.0,0.0,0.0,0.0,7388.629999996279,-42.010500000073534,0.0,0.0,0.0,0.0,0.0,0.0,0.0,0.0,0.0,999.0000000030268,999.0000000030268,1.0000000000002345,-492.9522640450541,gaze,0.6384236180577818,0.6114698320754082,36652.11635968063,51468.58221881893,-7017.106830328674,-35.76522200384043,-15.197251447572812,-33.69764934180957,-0.1777154275001921,-0.3380306385157829,1.0380954245931715,5.791341483204654,3077.3082263715587,-16.203259585053154,-24.321581936554583,-0.0165268130718633,0.3020425185447887,0.9830498116245688,4.934309752209636,2.482415317736243,-15.956700681699951,-27.206144916348137,-0.1163553775609415,0.0348572690084412,1.0076307540289104,5.047017545292479,49.678459815058,False,-1.406998446766479,imu,-0.5072335744,-9.516611048,2.817299688,1.08425942,-0.5313706200000001,-4.96185636,99.47724637415452,-38.02342785435918,133.9348008303729,445.24640712728433,32.666229460336126,False,0.872331050769668,-0.488915675616038,888.9915944755195,-101.89492051214548,99.572108725458,2194.758890652714,False,inf
63.209302,-1146609.1810470049,-2153.897992795489,887.8106641930281,-102.45418195483283,322.37937210575336,506.95438620584486,2196.0501333597663,-68003990.62773132,180.01200663202638,507.414395257435,65188728460.42787,321.6271351263508,322.37937210575336,-67956643771464.72,153.09708864255916,-15.353166011347811,632.0615760903586,742.5598741391957,-1204814.2622553653,-661.4812310591511,623.5847221944166,2196.0501333597663,-4550326328549.73,7695.520023526733,4549.282317061932,337.4633679412853,-33719253.85585584,26140057560328.83,3.000000000005798,-0.8579830000004804,-337720713.4524499,-99.81161299501362,445.2785475047458,32.698328150574525,0.0,-9.283863004997777e-19,0.0,9.17333237609104e-18,-2920.858269278505,8.982767586193544,-2920.858269278505,0.0,-3600.219846098253,0.0,0.0,2810.8199999957,-14.617700000000012,0.0,0.0,0.0,0.0,0.0,0.0,0.0,0.0,0.0,0.0,0.0,3785.529999995866,-83.48819999984244,0.0,0.0,0.0,0.0,0.0,0.0,0.0,0.0,0.0,0.0,0.0,7388.629999996105,-42.0105000000749,0.0,0.0,0.0,0.0,0.0,0.0,0.0,0.0,0.0,999.0000000030632,999.0000000030632,1.0000000000002558,-493.2223532820122,gaze,0.6395854982976727,0.6126416910402165,35703.45982923572,50139.61119291125,-6805.883184319756,-35.753968179810634,-15.186421259651524,-33.69837444137149,-0.1781001123480847,-0.3390152898419304,1.0384262117552276,5.794403044168701,2960.9940524952417,-16.179127990190196,-24.316783848785867,-0.016843074374803,0.3029636981729993,0.9829678790445424,4.935459803601868,3.6215441139125657,-15.947089955644543,-27.11024516458103,-0.1172321641137676,0.0345196382084654,1.007904361905109,5.047142148035601,50.34806258158914,False,-1.0,imu,-0.4723143050461497,-9.530329780336569,2.8387721456939485,0.4179560524145465,-0.0057847553371006,-5.35444098442732,99.47359016568409,-38.024865261130365,133.93445063484023,445.2785475047458,32.698328150574525,False,0.8612607357908844,-0.5081633054294104,889.2563894160519,-101.89660901833696,109.69191306324096,2196.0501333597663,False,inf
63.216827,-1153444.2941270173,-2163.831803189186,890.00911424468,-102.72716954812404,323.7975865503194,509.4470519217009,2206.2988547090804,-68418079.7113781,180.91817367647224,509.9092962750168,65598104914.392494,323.0353437912663,323.7975865503194,-68385852991125.33,153.63371284521068,-15.427754044722976,634.0146063835282,745.8130212531197,-1211992.3094268786,-664.5820398025735,625.5186681218217,2206.2988547090804,-4579054781233.737,7729.190525736316,4571.143968844224,339.0773833821872,-33924707.68721847,26305090950634.805,3.0000000000057696,-0.8579830000004662,-339793971.7858114,-100.28112966996598,445.53360237961897,32.95307152685041,0.0,-9.32899133325203e-19,0.0,9.217923419917028e-18,-2934.398394372404,9.025022727902256,-2934.398394372404,0.0,-3616.879038093423,0.0,0.0,2810.8199999956123,-14.6176999999999,0.0,0.0,0.0,0.0,0.0,0.0,0.0,0.0,0.0,0.0,0.0,3785.529999995808,-83.48819999984153,0.0,0.0,0.0,0.0,0.0,0.0,0.0,0.0,0.0,0.0,0.0,7388.629999996279,-42.01050000007399,0.0,0.0,0.0,0.0,0.0,0.0,0.0,0.0,0.0,999.0000000030705,999.0000000030705,1.0000000000002416,-495.365982887596,gaze,0.6488859927256334,0.6220257531120313,26035.690889662787,36609.29284130047,-4654.450899731824,-35.66340748402257,-15.099656986981458,-33.704566913190206,-0.1811713660480604,-0.3468954769601155,1.0410777455163382,5.818909233616931,1967.8058834918472,-15.983430969243102,-24.277223812597704,-0.0193347699204376,0.3103764697607549,0.9822867997311444,4.944862416758884,12.549768860452849,-15.86970698855326,-26.36100855793852,-0.124237216053013,0.0318201220432764,1.010090252860375,5.048202698278596,48.54728045476996,False,-1.426066450422842,imu,-0.4982612824000001,-9.5172092008,2.8095237016,1.28613599,-0.3818324200000003,-4.82727198,99.44341223222132,-38.036335922054406,133.93257676485644,445.53360237961897,32.95307152685041,False,0.7588215446748131,-0.6512985976780008,891.3325681819518,-101.92126714961688,188.00268726189165,2206.2988547090804,False,inf
63.225302,-1161181.2743557163,-2175.0627792120304,892.4944373191611,-103.03554375572617,325.4007577399794,512.2659419441878,2217.88557713538,-68886857.09562683,181.94305540533827,512.7307139414688,66061623256.724266,324.6270270109092,325.4007577399794,-68871841872674.79,154.23979118076787,-15.512096959275212,636.2191919727835,749.4903514896026,-1220117.4496836334,-668.087901164127,627.7017646913798,2217.88557713538,-4611583625599.074,7767.251198215516,4595.865094041037,340.9024624469943,-34157296.69080371,26491956050649.656,3.0000000000057128,-0.8579830000004449,-342141147.4067208,-100.81201644270207,445.8218563041301,33.2410145742972,0.0,-9.380025233081622e-19,0.0,9.268349725336316e-18,-2949.7074984634487,9.072801000527845,-2949.7074984634487,0.0,-3635.714550473112,0.0,0.0,2810.8199999956123,-14.617699999999331,0.0,0.0,0.0,0.0,0.0,0.0,0.0,0.0,0.0,0.0,0.0,3785.529999995779,-83.48819999983789,0.0,0.0,0.0,0.0,0.0,0.0,0.0,0.0,0.0,0.0,0.0,7388.629999996163,-42.01050000007308,0.0,0.0,0.0,0.0,0.0,0.0,0.0,0.0,0.0,999.000000003034,999.000000003034,1.0000000000002345,-497.7892670976371,gaze,0.6595688983917846,0.6328125208799078,9884.657900557604,14032.823439674656,-1062.6436628489332,-35.558361469883,-14.999841739425996,-33.71252034382282,-0.1846820292388706,-0.3559435834375253,1.0441312769520827,5.84705726919455,688.309123248101,-15.753200722264069,-24.229269184621245,-0.0221119371010447,0.3189742263698575,0.9814507355364376,4.956082843025967,21.57257514735288,-15.77985349553589,-25.55686496631661,-0.1322549891443373,0.0287259930087535,1.0125919929657423,5.049556043542508,49.42684184722866,False,-1.370724205206547,imu,-0.4916816016,-9.5010590752,2.7897846592,1.47305874,-0.2622018600000002,-4.85717962,99.4067758965429,-38.04943616216112,133.93254775870577,445.8218563041301,33.2410145742972,False,0.6148857370231833,-0.788616212365341,893.6290554432672,-101.98024725120732,270.00239201625817,2217.88557713538,False,inf
63.229282,-1164828.9764007097,-2180.3528107437114,893.6650041424618,-103.1806994541098,326.155799982385,513.5939669532819,2223.3430679746803,-69107887.02115822,182.4259382743432,514.0599296915791,66280201343.58234,325.3765937822033,326.155799982385,-69101021651618.54,154.52504082342074,-15.551829815427604,637.2563287156602,751.2222280671367,-1223948.1465411114,-669.7392908308015,628.7288116223403,2223.3430679746803,-4626923362280.174,7785.176197964647,4607.511018707335,341.7622252632859,-34266963.4998904,26580076651526.344,3.0000000000058265,-0.857983000000452,-343247885.8433424,-101.06209758992358,445.9575911935936,33.37661814705007,0.0,-9.40406793898573e-19,0.0,9.292106185942905e-18,-2956.918745178322,9.095307579701528,-2956.918745178322,0.0,-3644.586830171797,0.0,0.0,2810.8199999956123,-14.617699999999443,0.0,0.0,0.0,0.0,0.0,0.0,0.0,0.0,0.0,0.0,0.0,3785.5299999957497,-83.48819999983789,0.0,0.0,0.0,0.0,0.0,0.0,0.0,0.0,0.0,0.0,0.0,7388.6299999960465,-42.01050000007445,0.0,0.0,0.0,0.0,0.0,0.0,0.0,0.0,0.0,999.0000000030705,999.0000000030705,1.0000000000002345,-498.9305903638746,gaze,0.4770684872087509,0.28970205216051,59.59420654978528,307.7917155989612,1121.568174568931,-35.507898575820604,-14.952192191935618,-33.71662410078529,-0.1863497324102505,-0.3602566294210632,1.045590107381792,5.860478558249462,25.00317411864434,-15.79950560544302,-24.27671661778552,0.029039723474066,0.2716599916789849,0.9619550630780648,4.948131561279297,25.00317411864434,-15.79950560544302,-24.27671661778552,0.029039723474066,0.2716599916789849,0.9619550630780648,4.948131561279297,50.34806258158914,False,-1.0,imu,-0.4856566184915824,-9.524912272125018,2.8569516246291085,1.137279179257596,0.21027880106745,-5.238909072224668,99.38857599737932,-38.05565500401482,133.93336938597272,445.9575911935936,33.37661814705007,False,0.5170927288433814,-0.8559293836393895,894.6941127683073,-102.0222761997634,314.07299056775776,2223.3430679746803,False,inf
63.233777,-1168959.689970422,-2186.339507285031,894.9896708390334,-103.3448980872763,327.01021064797567,515.0970903167635,2229.5191962973463,-69358199.00724411,182.97252277655724,515.5644007373228,66527758080.6062,326.22475827199344,327.01021064797567,-69360589801969.92,154.8476820730094,-15.59679949838616,638.4290728184147,753.1820091475153,-1228286.07978087,-671.6081995857749,629.890161747491,2229.5191962973463,-4644297071168.517,7805.459968507744,4620.691981823416,342.7352992361565,-34391159.28745708,26679881599666.36,3.000000000005912,-0.8579830000004804,-344501274.45312536,-101.34512987707603,446.1111715774641,33.53006154866921,0.0,-9.43128049445508e-19,0.0,9.318994756827782e-18,-2965.0799228021133,9.120779665994414,-2965.0799228021133,0.0,-3654.627803233702,0.0,0.0,2810.8199999956123,-14.617699999999786,0.0,0.0,0.0,0.0,0.0,0.0,0.0,0.0,0.0,0.0,0.0,3785.529999995924,-83.48819999983789,0.0,0.0,0.0,0.0,0.0,0.0,0.0,0.0,0.0,0.0,0.0,7388.629999996279,-42.01050000007581,0.0,0.0,0.0,0.0,0.0,0.0,0.0,0.0,0.0,999.0000000030996,999.0000000030996,1.0000000000002558,-500.2221454494601,gaze,0.6704749442853388,0.6438329392932673,-12981.714717508195,-17903.668881808462,4020.212223802779,-35.45002603866182,-14.897776410666587,-33.72154929325522,-0.1882479577625301,-0.365177297373863,1.0472569647887875,5.87579356403052,-774.5387791047315,-15.512321411426544,-24.17756353935821,-0.0248574416935054,0.3278395956310547,0.9805403778810504,4.967983491761126,27.90618804137312,-15.68709075602174,-24.82460813845828,-0.1404100227301723,0.0255742618055267,1.0151364221238703,5.051081561420162,52.185939847408136,False,-1.2319267793459847,imu,-0.4833074624000001,-9.5184055064,2.8119163128,1.58521239,-0.1425713000000002,-5.10391765,99.36723892138892,-38.06273011866435,133.93498928719632,446.1111715774641,33.53006154866921,False,0.4458871714273815,-0.8950891745275936,895.8881772566941,-102.08248166730134,342.12263543027206,2229.5191962973463,False,inf
63.242252,-1176779.7070711465,-2197.662124632866,897.4948447513816,-103.6552348865257,328.6259635596916,517.9405363992234,2241.19985082822,-69832115.95004082,184.00659097797987,518.4103960559885,66996520447.58067,327.82855411735403,328.6259635596916,-69852108510064.88,155.45738928137263,-15.681862783355031,640.6442545680924,756.8880356829483,-1236498.3739571248,-675.1429786335362,632.0838652350288,2241.19985082822,-4677195902537.266,7843.817264566475,4645.624967669465,344.57591806229937,-34626300.69912389,26868872104779.77,3.000000000005997,-0.857983000000516,-346874406.443624,-101.8804769158117,446.4015508801895,33.820215400811776,0.0,-9.482757831206961e-19,0.0,9.369859219727229e-18,-2980.5158624431374,9.168959349125428,-2980.5158624431374,0.0,-3673.619035294756,0.0,0.0,2810.8199999957287,-14.617700000000127,0.0,0.0,0.0,0.0,0.0,0.0,0.0,0.0,0.0,0.0,0.0,3785.5299999959534,-83.48819999984062,0.0,0.0,0.0,0.0,0.0,0.0,0.0,0.0,0.0,0.0,0.0,7388.629999996338,-42.01050000007717,0.0,0.0,0.0,0.0,0.0,0.0,0.0,0.0,0.0,999.0000000031288,999.0000000031288,1.000000000000291,-502.6646467752854,gaze,0.6816067570715881,0.6550898313490302,-43879.29427565584,-61030.82787806168,10885.965175809266,-35.3383426962875,-14.79343148888814,-33.73169405628773,-0.1918696956523426,-0.3745989749570584,1.0504557618562411,5.905126154337428,-2434.6971264991766,-15.260542203791864,-24.121949268204784,-0.0275704028352551,0.3369764136275662,0.9795544755825224,4.98057693385626,29.414920230120387,-15.591368833655125,-24.19939363424212,-0.1487036496105198,0.0223643047445296,1.0177239907771145,5.052783271788207,54.06728097947936,False,-1.0011270246194943,imu,-0.4833074624000001,-9.553098368800002,2.8131126184,2.07121154,-0.0603252900000002,-5.08148692,99.32470098561777,-38.07621934606879,133.94018943149482,446.4015508801895,33.820215400811776,False,0.2583090916443242,-0.9660623236488856,898.119159593171,-102.23705295943688,401.2425333046372,2241.19985082822,False,inf
63.249376,-1183385.4395165767,-2207.2154034377963,899.6083805903327,-103.91686263476412,329.9890362950993,520.3402509410545,2251.0549797364256,-70232485.51327133,184.8793886446668,520.8122618496564,67392598159.1042,329.18139246347107,329.9890362950993,-70267426271380.84,155.97131088790573,-15.753646020147118,642.5104189904189,760.0144304712968,-1243435.452157166,-678.125512499019,633.9319797400519,2251.0549797364256,-4704994319228.981,7876.175235130268,4666.665708211,346.12916174249284,-34824951.32588391,27028562778413.902,3.0000000000058265,-0.8579830000004733,-348879337.2028563,-102.33221725845532,446.6464658992591,34.06497425407156,0.0,-9.52620148358685e-19,0.0,9.412785644904602e-18,-2993.5404364947944,9.209614671529607,-2993.5404364947944,0.0,-3689.643373904289,0.0,0.0,2810.819999995496,-14.617699999999331,0.0,0.0,0.0,0.0,0.0,0.0,0.0,0.0,0.0,0.0,0.0,3785.529999995837,-83.48819999983516,0.0,0.0,0.0,0.0,0.0,0.0,0.0,0.0,0.0,0.0,0.0,7388.629999995988,-42.01050000007535,0.0,0.0,0.0,0.0,0.0,0.0,0.0,0.0,0.0,999.0000000030996,999.0000000030996,1.0000000000002345,-504.7252542961946,gaze,0.69114063472007,0.6647372769910609,-77127.9297235291,-107419.57907019208,18272.35663475953,-35.24182963632444,-14.703934951670249,-33.74111479023147,-0.1949576666612769,-0.3826658872707039,1.0532018980426658,5.930250054444926,-3993.5043864130384,-15.04028093058044,-24.0720591527953,-0.029825064626169,0.3448695516325252,0.9786663718183444,4.991708079223414,25.00317411864434,-15.79950560544302,-24.27671661778552,0.029039723474066,0.2716599916789849,0.9619550630780648,4.948131561279297,50.34806258158914,False,-1.0,imu,-0.4996925561289852,-9.519166160883932,2.876331473241605,2.2968150521959285,0.4756898547662419,-5.0888514153741005,99.28654769454938,-38.08771046117415,133.94691469638786,446.6464658992591,34.06497425407156,False,0.0916389474766593,-0.9957922992800105,899.9807502766872,-102.41275166256683,438.92011422564855,2251.0549797364256,False,inf
63.250726,-1184640.5620862106,-2209.029424596501,900.0096917022965,-103.9665197086797,330.2478430274167,520.7959819394844,2252.926293026176,-70308562.07902527,185.0451523990333,521.2684013763484,67467865671.69577,329.4382408031757,330.2478430274167,-70346351271983.055,156.06884430570034,-15.767277836703265,642.8644805426452,760.6080327899966,-1244753.5301475,-678.6918623039016,634.28262130644,2252.926293026176,-4710276991671.982,7882.318962848813,4670.661426962809,346.4241247232153,-34862698.18923898,27058909596614.78,3.0000000000058265,-0.8579830000004876,-349260314.71518004,-102.4180009513375,446.6929624449258,34.11144465343659,0.0,-9.534451845212838e-19,0.0,9.420937780178652e-18,-2996.0136802062843,9.217334955401842,-2996.0136802062843,0.0,-3692.686231356322,0.0,0.0,2810.819999995496,-14.61769999999899,0.0,0.0,0.0,0.0,0.0,0.0,0.0,0.0,0.0,0.0,0.0,3785.529999995575,-83.48819999983425,0.0,0.0,0.0,0.0,0.0,0.0,0.0,0.0,0.0,0.0,0.0,7388.629999995872,-42.01050000007445,0.0,0.0,0.0,0.0,0.0,0.0,0.0,0.0,0.0,999.0000000030924,999.0000000030924,1.0000000000002205,-505.1165100552327,gaze,0.6929656268864773,0.6665846684704668,-84260.570491205,-117369.13102429868,19856.740945733447,-35.22326615827758,-14.686789965957818,-33.74299416360541,-0.19554735295565,-0.384209843707272,1.053728237361872,5.935059570298325,-4306.506313015579,-14.997640537306408,-24.06227293063931,-0.0302496175320719,0.3463874183913872,0.9784918973755108,4.993874239438414,23.41963539909588,-15.492649129362258,-23.72091987283921,-0.1571362060869412,0.0190958837352403,1.0203548389872896,5.054665001365295,48.540231809272925,False,-0.6704722313631343,imu,-0.4880926848000001,-9.610521037600002,2.805336632,2.08616536,0.13407437,-5.3656095,99.2790654491809,-38.08990378289516,133.94844793965834,446.6929624449258,34.11144465343659,False,0.0595459678152045,-0.9982255645478884,900.3327463996243,-102.45105124561805,444.703083453992,2252.926293026176,False,inf
63.259201,-1192544.2772737455,-2220.4442277920084,902.5348353012924,-104.27882837298353,331.87625019470374,523.6641403905338,2264.701429675176,-70787660.40319252,186.0884674094436,524.1391307892867,67941916120.74436,331.0542148400056,331.87625019470374,-70843446533298.78,156.68219522732252,-15.853065943499413,645.0902803799793,764.3429200583784,-1253053.6718521756,-682.2557319238186,636.4869548318632,2264.701429675176,-4743548935201.252,7920.974579920774,4695.807605557563,348.2803798353998,-35100412.8013546,27250043459241.17,3.00000000000594,-0.8579830000004733,-351659616.1883736,-102.95783581863208,446.98547773793325,34.40382100157058,0.0,-9.586375453898376e-19,0.0,9.472243201816637e-18,-3011.5772296577243,9.265918529582498,-3011.5772296577243,0.0,-3711.834131452495,0.0,0.0,2810.819999995467,-14.617699999999443,0.0,0.0,0.0,0.0,0.0,0.0,0.0,0.0,0.0,0.0,0.0,3785.529999995633,-83.48819999983425,0.0,0.0,0.0,0.0,0.0,0.0,0.0,0.0,0.0,0.0,0.0,7388.629999995988,-42.01050000007535,0.0,0.0,0.0,0.0,0.0,0.0,0.0,0.0,0.0,999.0000000030996,999.0000000030996,1.0000000000002345,-507.57834291382414,gaze,0.7045568960374048,0.6783230246771769,-135741.66675950604,-189166.5288902261,31290.93878359992,-35.10470962673929,-14.577796726607238,-33.75549385542158,-0.199282348354977,-0.3940145615785205,1.0570761303467464,5.965609036961026,-6405.608523701522,-14.723296690460028,-23.99835658302636,-0.0328948213788018,0.3560787247001942,0.9773511212701428,5.007891338011409,6.640466231757653,-15.39085742614542,-23.433453514076085,-0.165711028898711,0.015767596545877,1.023030043421835,5.056731293289404,24.14927388169341,False,-0.2327877830993079,imu,-0.4809148512,-9.621287788000002,2.7927754232,1.93662716,0.3509047599999997,-5.72450118,99.23021743171904,-38.10378823441152,133.96008070699847,446.98547773793325,34.40382100157058,False,-0.1424694639095219,-0.9897991977433268,902.5418280953228,-102.72932519427376,470.4465959333703,2264.701429675176,False,inf
63.263231,-1196317.3819938896,-2225.8883871050016,903.7390990930872,-104.42768320505706,332.65281255257906,525.0323496652154,2270.3173368518533,-71016393.25532532,186.586209783086,525.5085664248477,68168267605.854965,331.824780714559,332.65281255257906,-71080807117339.58,156.97449446875925,-15.893987251105694,646.1505495362745,766.1240016169309,-1257016.015509741,-683.955533122453,637.5370186443807,2270.3173368518533,-4759436102230.656,7939.40848387667,4707.802576153461,349.16581350979874,-35213903.7870376,27341308806394.453,3.00000000000594,-0.8579830000004804,-352805138.62574124,-103.2153265481736,447.1249494483018,34.543241942693385,0.0,-9.61114459016159e-19,0.0,9.49671744410513e-18,-3019.00042617317,9.289091949210986,-3019.00042617317,0.0,-3720.9668626937705,0.0,0.0,2810.819999995525,-14.617699999999672,0.0,0.0,0.0,0.0,0.0,0.0,0.0,0.0,0.0,0.0,0.0,3785.529999995633,-83.48819999983607,0.0,0.0,0.0,0.0,0.0,0.0,0.0,0.0,0.0,0.0,0.0,7388.6299999960465,-42.01050000007672,0.0,0.0,0.0,0.0,0.0,0.0,0.0,0.0,0.0,999.0000000031504,999.0000000031504,1.0000000000002487,-508.75238895625415,gaze,0.7101505714105426,0.6839905961263444,-164618.41318391505,-229429.75342666043,37703.757366472106,-35.04710051706253,-14.525139295179848,-33.76187025009976,-0.2010785235834077,-0.3987451715205842,1.0586947131236348,5.980353076038846,-7487.992047879067,-14.58876282199987,-23.96643000865283,-0.0341403539244755,0.3607861830253059,0.97678090247071,5.014812406035906,-6.2331261822962105,-15.341365271755082,-23.377881663033964,-0.1698384509514785,0.0141638905223755,1.0243177320137509,5.05777971866912,1.12019162091903,False,0.0146934841067392,imu,-0.509738592509928,-9.51502602349628,2.8903514661138288,3.42029909579954,0.6892411950669556,-4.963892077140925,98.6097508,-37.4944452,134.9323,447.1249494483018,34.543241942693385,False,-0.237270428390899,-0.9714436390296656,903.594425176588,-102.88493291486596,476.0420105288824,2270.3173368518533,False,inf
