version https://git-lfs.github.com/spec/v1
oid sha256:159b938a67a13698e6a97631e6a55cbabf8616796bb41e0fe990ab4021504c0f
size 21050922
